0 4 9 6 1358.000000 2
0 8 6 0 201.000000 14
0 11 4 8 303.000000 9
0 12 1 4 353.000000 3
0 13 4 8 349.000000 12
0 13 8 7 327.000000 13
0 15 1 4 29.000000 15
0 19 0 5 59.000000 15
0 24 5 3 484.000000 17
0 26 2 9 25.000000 20
0 27 0 5 16.000000 15
0 27 8 7 222.000000 14
0 28 8 7 175.000000 5
0 31 2 9 52.000000 18
0 32 0 5 38.000000 4
0 32 9 6 38.000000 19
0 35 2 9 167.000000 9
0 36 8 7 203.000000 6
0 37 9 6 340.000000 16
0 41 5 3 222.000000 20
0 41 6 0 263.000000 4
0 42 1 4 680.000000 14
0 46 2 9 133.000000 17
0 47 0 5 486.000000 19
0 47 6 0 143.000000 12
1 4 9 6 1399.000000 2
1 8 6 0 193.000000 14
1 11 4 8 310.000000 9
1 13 4 8 362.000000 12
1 13 8 7 335.000000 13
1 19 0 5 60.000000 15
1 24 5 3 489.000000 17
1 27 0 5 1.000000 15
1 27 8 7 239.000000 14
1 28 8 7 179.000000 5
1 32 0 5 39.000000 4
1 32 9 6 39.000000 19
1 35 2 9 12.000000 9
1 36 8 7 191.000000 6
1 37 9 6 349.000000 16
1 41 5 3 220.000000 20
1 41 6 0 283.000000 4
1 42 1 1 709.000000 8
1 46 2 9 130.000000 17
1 47 0 5 497.000000 19
1 47 6 0 139.000000 12
