50                       
15 30 15 20 15 30 15 20 15 30 15 20 15 30 15 20 15 30 15 20 15 30 15 20
2 4 2 2 1 4 2 3 4 2 1             
1 1 1 3 3 1 2 2 2 4              
3 3 3 4 2 3 4 4 1 4              
4 2 4 1 1 1 3 1 1 1              
4 4 4 1 4 2 4 3 3               
4 1 2 2 4 2 1 4 4 4              
2 1 3 1 2 4 3 2 3               
2 1 2 1 3 4 4 3 3 4 2 4 3 2 1         
2 3 2 4 4 1 2 3 3 4 3 4 4 1          
4 2 3 3 1 3 1                 
2 1 1 3 3 2 2 1 4 4 4 3 1 4          
3 4 4 4 1 3 2 1 2 3 1 3 4 3 3 2 2 1      
2 4 1 4 3 1 2 4 2 3 3 2 4 1 3 2 4 4 3     
4 3 3 3 3 3 2 4 4 2              
2 4 1 2 3 3 1 4 1 2 1 2            
3 1 3 4 3 3 4 2 2 1 4 1 2           
4 1 2 1 1 1 2 2 3               
4 2 1 4 2 2 2 1 2 3 4             
1 3 1 4 3 1 2 2 2 2              
1 3 2 2 1 2 1 4 3 2 2 4 2           
4 2 4 1 4 2 2 4 4               
3 4 1 4 4 4 4 4 2 1 2 2 4 3 2         
3 3 2 3 4 3 1 2 4 4              
3 4 2 4 4 1 1 3 3 4 1 1 3 2 4         
3 2 4 3 4 3 3 1 3 3 1 1 4 1 4 1 4 1      
4 3 2 2 1 1 1 4 3 2 1 3            
3 1 1 3 2 4 1 2 1 1 2 1 4 2 1         
2 2 2 1 1 4 1 3 4 4 4 1 4 1          
2 3 4 1 3 3 1 4 3 2 4 1 1           
4 4 3 1 3 2 4 1 3 4 1 4 2 1 3         
3 2 3 4 2 2 4 2 1 4 4 3 4 4          
2 2 2 4 1 3 1 2                
1 3 2 3 3 4 3                 
1 3 2 4 4 4 3 1 4 4 4 2 3 4          
1 1 2 1 2 1 1 2 3 3 1             
3 1 3 3 3 1 2 3                
4 4 4 3 1 1 2 3 1 3 4 1 1 1 4 4 1 3      
2 2 3 3 1 2 1 3 1 4 3 4 4 1 4         
3 4 1 4 2 2 3 3                
1 4 4 4 4 2 3 2 2 3 1 4 3 4 2 4        
2 2 2 4 2 2 1 2 3 3 1 3 4           
1 4 2 2 1 4 4 4 3 2 4 4 3 4 2 3 4 2 4 2    
3 1 2 4 1 4 2 1 4 2 1             
4 4 1 1 4 4 2 2 4 4 2 4 3 1 4 3        
4 2 3 1 4 1 1 2 3 2 1 4 3 4          
1 4 4 3 4 3 2 3 2 4 1 2 2           
2 1 3 2 1 4 1 3 1 2 1 1 1           
3 3 3 2 2 3 2 2 3 4              
4 4 4 1 1 1 4 1 4 3 2 1 2 3          
2 2 2 3 1 1 1 2 2 3              
0 2 4 12 17 18 26 29 30 32 34             
4 8 11 13 24 27 37 41 42 47              
12 16 18 30 34 38 39 40 41 49              
2 15 22 28 32 35 36 39 46 48              
12 16 19 20 24 29 32 40 46               
2 7 11 13 20 27 32 44 46 49              
4 10 17 22 25 27 30 42 48               
0 4 5 8 14 19 20 21 26 28 32 34 40 46 48         
7 14 18 20 24 27 29 31 36 42 43 44 46 49          
9 15 21 27 33 35 45                 
2 3 8 9 12 14 21 22 23 35 36 38 42 48          
0 1 4 5 8 10 14 16 25 26 27 31 35 38 42 43 45 49      
1 2 5 6 7 9 14 16 18 19 21 22 24 28 31 36 37 46 48     
2 12 27 31 32 33 36 37 43 45              
0 4 8 12 15 16 17 21 26 36 38 48            
6 15 17 22 25 26 31 34 39 41 44 46 48           
2 5 12 13 17 25 27 28 33               
1 3 12 13 20 23 30 32 33 37 43             
8 13 15 30 31 34 35 39 43 45              
1 3 14 16 17 20 21 28 31 36 38 43 48           
6 9 18 22 26 39 41 44 47               
1 4 8 14 21 22 28 29 32 33 35 40 43 45 49         
1 5 14 16 17 28 29 36 37 39              
1 2 3 10 11 15 18 20 32 37 38 41 42 44 46         
0 2 3 5 6 7 9 14 18 22 24 25 27 34 35 37 38 44      
8 14 17 23 24 33 34 35 38 39 43 44            
2 4 7 11 17 19 22 24 27 33 34 38 39 46 48         
3 4 6 9 11 19 20 22 24 25 32 42 43 44          
0 4 8 9 17 20 21 24 25 36 42 47 48           
5 6 9 12 17 19 20 21 23 26 29 32 35 36 45         
3 5 6 11 12 13 14 16 21 26 28 34 41 45          
0 1 8 14 16 17 19 24                
13 19 27 28 32 36 46                 
3 5 6 16 17 25 28 29 31 32 36 43 45 48          
4 7 12 15 21 24 27 31 34 35 45             
3 7 14 25 30 38 40 41                
0 2 3 4 5 7 11 16 19 31 32 33 40 41 43 45 46 47      
6 8 9 10 14 19 23 24 29 35 37 42 44 45 47         
2 8 11 20 26 37 44 47                
0 1 3 4 6 7 17 20 21 23 27 33 34 35 37 45        
2 4 5 13 14 15 20 25 27 28 30 33 42           
2 8 9 13 14 18 19 20 26 30 32 33 34 35 36 37 42 45 46 49    
0 1 3 6 15 25 40 41 45 46 49             
1 2 4 11 13 15 16 17 18 21 23 24 33 34 43 44        
4 6 10 11 14 15 17 19 20 21 22 43 45 46          
4 5 6 12 15 23 31 34 37 44 45 46 49           
2 4 13 19 20 23 24 25 27 37 42 43 47           
4 8 9 14 20 22 23 26 32 33              
4 5 11 12 13 15 18 21 24 25 27 31 38 47          
7 10 11 15 24 26 27 35 38 46              
3                       
1 47 468                     
1 24 595                     
1 12 828                     
1 6 513                     
1 4 276                     
1 13 650                     
1 31 3249                     
2 47 468                     
2 24 595                     
2 12 828                     
2 6 513                     
2 4 276                     
2 13 650                     
2 46 1744                     
3 47 468                     
3 24 595                     
3 12 828                     
3 6 513                     
3 4 276                     
3 13 650                     
4 47 468                     
4 24 595                     
4 12 828                     
4 6 513                     
4 4 276                     
4 13 650                     
4 11 315                     
4 22 320                     
5 47 468                     
5 24 595                     
5 12 828                     
5 6 513                     
5 4 276                     
5 13 650                     
5 11 315                     
5 22 320                     
6 47 468                     
6 24 595                     
6 12 828                     
6 6 513                     
6 4 276                     
6 21 95                     
6 11 315                     
6 22 320                     
7 47 468                     
7 24 595                     
7 12 828                     
7 27 2340                     
7 4 276                     
7 27 3598                     
7 11 315                     
7 22 320                     
8 47 468                     
8 24 595                     
8 15 570                     
8 27 2340                     
8 4 276                     
8 27 3598                     
8 11 315                     
8 22 320                     
9 47 468                     
9 24 595                     
9 15 570                     
9 44 552                     
9 34 494                     
9 28 90                     
9 11 315                     
9 22 320                     
10 47 468                     
10 24 595                     
10 15 570                     
10 44 552                     
10 34 494                     
10 28 90                     
10 11 315                     
10 22 320                     
11 8 490                     
11 24 595                     
11 15 570                     
11 44 552                     
11 35 600                     
11 28 90                     
11 13 276                     
11 22 320                     
12 8 490                     
12 25 704                     
12 15 570                     
12 44 552                     
12 35 600                     
12 28 90                     
12 13 276                     
12 22 320                     
13 8 490                     
13 25 704                     
13 7 18                     
13 15 570                     
13 44 552                     
13 37 416                     
13 28 90                     
13 13 276                     
13 22 320                     
14 8 490                     
14 25 704                     
14 7 18                     
14 15 570                     
14 44 552                     
14 37 416                     
14 28 90                     
14 13 276                     
14 22 320                     
15 39 3000                     
15 25 704                     
15 7 18                     
15 15 570                     
15 44 552                     
15 37 416                     
15 28 90                     
15 13 276                     
15 22 320                     
16 39 3000                     
16 36 1600                     
16 17 759                     
16 15 570                     
16 47 437                     
16 37 416                     
16 28 90                     
16 13 276                     
16 22 320                     
17 41 84                     
17 36 1600                     
17 17 759                     
17 42 784                     
17 47 437                     
17 37 416                     
17 28 90                     
17 13 276                     
17 26 440                     
18 41 84                     
18 41 798                     
18 17 759                     
18 42 784                     
18 47 437                     
18 37 416                     
18 28 90                     
18 13 276                     
18 26 440                     
19 41 84                     
19 41 798                     
19 17 759                     
19 42 784                     
19 47 437                     
19 37 416                     
19 28 90                     
19 13 276                     
19 26 440                     
20 41 84                     
20 41 798                     
20 42 784                     
20 47 437                     
20 37 416                     
20 48 560                     
20 13 276                     
20 26 440                     
21 41 84                     
21 41 798                     
21 19 1120                     
21 42 784                     
21 47 437                     
21 37 416                     
21 48 560                     
21 13 276                     
21 26 440                     
22 41 84                     
22 41 798                     
22 19 1120                     
22 47 437                     
22 37 416                     
22 48 560                     
22 13 276                     
22 26 440                     
23 41 84                     
23 32 1740                     
23 47 437                     
23 37 416                     
23 13 276                     
23 26 440                     
24 32 1740                     
-1                       
