50 NA NA
50 NA NA
10 NA NA
10 NA NA
2 NA NA
0 0 2
0 2 4
0 4 2
0 12 2
0 17 1
0 18 4
0 26 2
0 29 3
0 30 4
0 32 2
0 34 1
1 4 1
1 8 1
1 11 1
1 13 3
1 24 3
1 27 1
1 37 2
1 41 2
1 42 2
1 47 4
2 12 3
2 16 3
2 18 3
2 30 4
2 34 2
2 38 3
2 39 4
2 40 4
2 41 1
2 49 4
3 2 4
3 15 2
3 22 4
3 28 1
3 32 1
3 35 1
3 36 3
3 39 1
3 46 1
3 48 1
4 12 4
4 16 4
4 19 4
4 20 1
4 24 4
4 29 2
4 32 4
4 40 3
4 46 3
5 2 4
5 7 1
5 11 2
5 13 2
5 20 4
5 27 2
5 32 1
5 44 4
5 46 4
5 49 4
6 4 2
6 10 1
6 17 3
6 22 1
6 25 2
6 27 4
6 30 3
6 42 2
6 48 3
7 0 2
7 4 1
7 5 2
7 8 1
7 14 3
7 19 4
7 20 4
7 21 3
7 26 3
7 28 4
7 32 2
7 34 4
7 40 3
7 46 2
7 48 1
8 7 2
8 14 3
8 18 2
8 20 4
8 24 4
8 27 1
8 29 2
8 31 3
8 36 3
8 42 4
8 43 3
8 44 4
8 46 4
8 49 1
9 9 4
9 15 2
9 21 3
9 27 3
9 33 1
9 35 3
9 45 1
10 2 2
10 3 1
10 8 1
10 9 3
10 12 3
10 14 2
10 21 2
10 22 1
10 23 4
10 35 4
10 36 4
10 38 3
10 42 1
10 48 4
11 0 3
11 1 4
11 4 4
11 5 4
11 8 1
11 10 3
11 14 2
11 16 1
11 25 2
11 26 3
11 27 1
11 31 3
11 35 4
11 38 3
11 42 3
11 43 2
11 45 2
11 49 1
12 1 2
12 2 4
12 5 1
12 6 4
12 7 3
12 9 1
12 14 2
12 16 4
12 18 2
12 19 3
12 21 3
12 22 2
12 24 4
12 28 1
12 31 3
12 36 2
12 37 4
12 46 4
12 48 3
13 2 4
13 12 3
13 27 3
13 31 3
13 32 3
13 33 3
13 36 2
13 37 4
13 43 4
13 45 2
14 0 2
14 4 4
14 8 1
14 12 2
14 15 3
14 16 3
14 17 1
14 21 4
14 26 1
14 36 2
14 38 1
14 48 2
15 6 3
15 15 1
15 17 3
15 22 4
15 25 3
15 26 3
15 31 4
15 34 2
15 39 2
15 41 1
15 44 4
15 46 1
15 48 2
16 2 4
16 5 1
16 12 2
16 13 1
16 17 1
16 25 1
16 27 2
16 28 2
16 33 3
17 1 4
17 3 2
17 12 1
17 13 4
17 20 2
17 23 2
17 30 2
17 32 1
17 33 2
17 37 3
17 43 4
18 8 1
18 13 3
18 15 1
18 30 4
18 31 3
18 34 1
18 35 2
18 39 2
18 43 2
18 45 2
19 1 1
19 3 3
19 14 2
19 16 2
19 17 1
19 20 2
19 21 1
19 28 4
19 31 3
19 36 2
19 38 2
19 43 4
19 48 2
20 6 4
20 9 2
20 18 4
20 22 1
20 26 4
20 39 2
20 41 2
20 44 4
20 47 4
21 1 3
21 4 4
21 8 1
21 14 4
21 21 4
21 22 4
21 28 4
21 29 4
21 32 2
21 33 1
21 35 2
21 40 2
21 43 4
21 45 3
21 49 2
22 1 3
22 5 3
22 14 2
22 16 3
22 17 4
22 28 3
22 29 1
22 36 2
22 37 4
22 39 4
23 1 3
23 2 4
23 3 2
23 10 4
23 11 4
23 15 1
23 18 1
23 20 3
23 32 3
23 37 4
23 38 1
23 41 1
23 42 3
23 44 2
23 46 4
24 0 3
24 2 2
24 3 4
24 5 3
24 6 4
24 7 3
24 9 3
24 14 1
24 18 3
24 22 3
24 24 1
24 25 1
24 27 4
24 34 1
24 35 4
24 37 1
24 38 4
24 44 1
25 8 4
25 14 3
25 17 2
25 23 2
25 24 1
25 33 1
25 34 1
25 35 4
25 38 3
25 39 2
25 43 1
25 44 3
26 2 3
26 4 1
26 7 1
26 11 3
26 17 2
26 19 4
26 22 1
26 24 2
26 27 1
26 33 1
26 34 2
26 38 1
26 39 4
26 46 2
26 48 1
27 3 2
27 4 2
27 6 2
27 9 1
27 11 1
27 19 4
27 20 1
27 22 3
27 24 4
27 25 4
27 32 4
27 42 1
27 43 4
27 44 1
28 0 2
28 4 3
28 8 4
28 9 1
28 17 3
28 20 3
28 21 1
28 24 4
28 25 3
28 36 2
28 42 4
28 47 1
28 48 1
29 5 4
29 6 4
29 9 3
29 12 1
29 17 3
29 19 2
29 20 4
29 21 1
29 23 3
29 26 4
29 29 1
29 32 4
29 35 2
29 36 1
29 45 3
30 3 3
30 5 2
30 6 3
30 11 4
30 12 2
30 13 2
30 14 4
30 16 2
30 21 1
30 26 4
30 28 4
30 34 3
30 41 4
30 45 4
31 0 2
31 1 2
31 8 2
31 14 4
31 16 1
31 17 3
31 19 1
31 24 2
32 13 1
32 19 3
32 27 2
32 28 3
32 32 3
32 36 4
32 46 3
33 3 1
33 5 3
33 6 2
33 16 4
33 17 4
33 25 4
33 28 3
33 29 1
33 31 4
33 32 4
33 36 4
33 43 2
33 45 3
33 48 4
34 4 1
34 7 1
34 12 2
34 15 1
34 21 2
34 24 1
34 27 1
34 31 2
34 34 3
34 35 3
34 45 1
35 3 3
35 7 1
35 14 3
35 25 3
35 30 3
35 38 1
35 40 2
35 41 3
36 0 4
36 2 4
36 3 4
36 4 3
36 5 1
36 7 1
36 11 2
36 16 3
36 19 1
36 31 3
36 32 4
36 33 1
36 40 1
36 41 1
36 43 4
36 45 4
36 46 1
36 47 3
37 6 2
37 8 2
37 9 3
37 10 3
37 14 1
37 19 2
37 23 1
37 24 3
37 29 1
37 35 4
37 37 3
37 42 4
37 44 4
37 45 1
37 47 4
38 2 3
38 8 4
38 11 1
38 20 4
38 26 2
38 37 2
38 44 3
38 47 3
39 0 1
39 1 4
39 3 4
39 4 4
39 6 4
39 7 2
39 17 3
39 20 2
39 21 2
39 23 3
39 27 1
39 33 4
39 34 3
39 35 4
39 37 2
39 45 4
40 2 2
40 4 2
40 5 2
40 13 4
40 14 2
40 15 2
40 20 1
40 25 2
40 27 3
40 28 3
40 30 1
40 33 3
40 42 4
41 2 1
41 8 4
41 9 2
41 13 2
41 14 1
41 18 4
41 19 4
41 20 4
41 26 3
41 30 2
41 32 4
41 33 4
41 34 3
41 35 4
41 36 2
41 37 3
41 42 4
41 45 2
41 46 4
41 49 2
42 0 3
42 1 1
42 3 2
42 6 4
42 15 1
42 25 4
42 40 2
42 41 1
42 45 4
42 46 2
42 49 1
43 1 4
43 2 4
43 4 1
43 11 1
43 13 4
43 15 4
43 16 2
43 17 2
43 18 4
43 21 4
43 23 2
43 24 4
43 33 3
43 34 1
43 43 4
43 44 3
44 4 4
44 6 2
44 10 3
44 11 1
44 14 4
44 15 1
44 17 1
44 19 2
44 20 3
44 21 2
44 22 1
44 43 4
44 45 3
44 46 4
45 4 1
45 5 4
45 6 4
45 12 3
45 15 4
45 23 3
45 31 2
45 34 3
45 37 2
45 44 4
45 45 1
45 46 2
45 49 2
46 2 2
46 4 1
46 13 3
46 19 2
46 20 1
46 23 4
46 24 1
46 25 3
46 27 1
46 37 2
46 42 1
46 43 1
46 47 1
47 4 3
47 8 3
47 9 3
47 14 2
47 20 2
47 22 3
47 23 2
47 26 2
47 32 3
47 33 4
48 4 4
48 5 4
48 11 4
48 12 1
48 13 1
48 15 1
48 18 4
48 21 1
48 24 4
48 25 3
48 27 2
48 31 1
48 38 2
48 47 3
49 7 2
49 10 2
49 11 2
49 15 3
49 24 1
49 26 1
49 27 1
49 35 2
49 38 2
49 46 3