50
50
10
30
0 0 1 13
0 0 9 4
0 0 16 18
0 0 23 3
0 4 9 16
0 4 14 2
0 4 18 7
0 4 21 11
0 5 2 8
0 5 3 17
0 5 15 11
0 5 28 13
0 9 0 16
0 9 11 11
0 9 20 9
1 8 5 1
1 8 9 1
1 8 15 7
1 8 27 19
1 8 29 4
1 9 0 19
1 9 11 5
1 9 20 13
2 3 4 9
2 3 6 8
2 3 18 13
2 3 26 4
2 9 0 16
2 9 11 1
2 9 20 6
3 6 12 19
3 6 13 12
3 6 17 14
3 6 22 2
3 6 23 4
3 6 29 2
4 2 2 16
4 2 7 19
4 2 12 17
4 2 16 15
5 7 2 4
5 7 19 10
5 7 25 9
6 6 12 19
6 6 13 15
6 6 17 1
6 6 22 19
6 6 23 12
6 6 29 7
6 8 5 11
6 8 9 11
6 8 15 12
6 8 27 17
6 8 29 7
7 6 12 5
7 6 13 12
7 6 17 17
7 6 22 19
7 6 23 2
7 6 29 2
8 0 1 5
8 0 9 4
8 0 16 17
8 0 23 9
8 8 5 19
8 8 9 5
8 8 15 17
8 8 27 19
8 8 29 8
9 4 9 3
9 4 14 15
9 4 18 8
9 4 21 19
9 8 5 18
9 8 9 18
9 8 15 18
9 8 27 2
9 8 29 8
10 0 1 2
10 0 9 2
10 0 16 14
10 0 23 4
10 1 5 10
10 1 8 17
10 1 10 14
10 1 20 4
10 1 24 2
10 9 0 2
10 9 11 15
10 9 20 18
11 1 5 11
11 1 8 16
11 1 10 13
11 1 20 14
11 1 24 17
11 2 2 1
11 2 7 8
11 2 12 20
11 2 16 14
11 3 4 6
11 3 6 20
11 3 18 8
11 3 26 13
12 5 2 13
12 5 3 13
12 5 15 15
12 5 28 2
12 6 12 11
12 6 13 16
12 6 17 6
12 6 22 15
12 6 23 2
12 6 29 20
13 6 12 5
13 6 13 4
13 6 17 6
13 6 22 16
13 6 23 7
13 6 29 20
13 9 0 7
13 9 11 2
13 9 20 17
14 4 9 7
14 4 14 18
14 4 18 11
14 4 21 13
15 7 2 5
15 7 19 11
15 7 25 13
15 9 0 12
15 9 11 8
15 9 20 15
16 3 4 7
16 3 6 4
16 3 18 13
16 3 26 15
17 5 2 20
17 5 3 15
17 5 15 20
17 5 28 9
18 6 12 10
18 6 13 13
18 6 17 16
18 6 22 7
18 6 23 18
18 6 29 20
19 9 0 4
19 9 11 11
19 9 20 1
20 5 2 9
20 5 3 9
20 5 15 11
20 5 28 5
21 2 2 12
21 2 7 2
21 2 12 6
21 2 16 9
22 3 4 12
22 3 6 19
22 3 18 9
22 3 26 17
23 6 12 2
23 6 13 19
23 6 17 18
23 6 22 7
23 6 23 2
23 6 29 1
24 6 12 6
24 6 13 18
24 6 17 20
24 6 22 17
24 6 23 17
24 6 29 20
25 1 5 15
25 1 8 10
25 1 10 2
25 1 20 5
25 1 24 1
26 5 2 10
26 5 3 14
26 5 15 6
26 5 28 2
27 6 12 7
27 6 13 1
27 6 17 10
27 6 22 5
27 6 23 16
27 6 29 14
28 8 5 10
28 8 9 14
28 8 15 17
28 8 27 14
28 8 29 5
29 6 12 7
29 6 13 13
29 6 17 12
29 6 22 2
29 6 23 7
29 6 29 1
30 2 2 20
30 2 7 9
30 2 12 19
30 2 16 9
30 6 12 16
30 6 13 13
30 6 17 7
30 6 22 18
30 6 23 15
30 6 29 2
31 1 5 4
31 1 8 14
31 1 10 8
31 1 20 13
31 1 24 7
31 4 9 17
31 4 14 9
31 4 18 1
31 4 21 7
32 9 0 2
32 9 11 18
32 9 20 6
33 6 12 8
33 6 13 6
33 6 17 14
33 6 22 12
33 6 23 3
33 6 29 17
33 8 5 6
33 8 9 20
33 8 15 2
33 8 27 1
33 8 29 18
34 9 0 14
34 9 11 13
34 9 20 19
35 5 2 8
35 5 3 4
35 5 15 15
35 5 28 17
36 1 5 1
36 1 8 7
36 1 10 10
36 1 20 13
36 1 24 9
36 4 9 10
36 4 14 1
36 4 18 19
36 4 21 20
36 7 2 15
36 7 19 7
36 7 25 6
37 1 5 6
37 1 8 15
37 1 10 11
37 1 20 14
37 1 24 14
37 3 4 9
37 3 6 12
37 3 18 1
37 3 26 16
37 6 12 7
37 6 13 9
37 6 17 2
37 6 22 7
37 6 23 11
37 6 29 20
38 3 4 19
38 3 6 3
38 3 18 6
38 3 26 3
39 4 9 9
39 4 14 10
39 4 18 7
39 4 21 8
40 2 2 8
40 2 7 12
40 2 12 18
40 2 16 15
41 4 9 3
41 4 14 9
41 4 18 16
41 4 21 4
42 3 4 9
42 3 6 20
42 3 18 10
42 3 26 16
42 4 9 18
42 4 14 16
42 4 18 20
42 4 21 20
42 9 0 9
42 9 11 19
42 9 20 13
43 1 5 20
43 1 8 18
43 1 10 6
43 1 20 3
43 1 24 17
44 0 1 20
44 0 9 15
44 0 16 20
44 0 23 4
44 9 0 18
44 9 11 12
44 9 20 3
45 4 9 16
45 4 14 10
45 4 18 9
45 4 21 10
46 0 1 5
46 0 9 8
46 0 16 14
46 0 23 8
46 9 0 17
46 9 11 9
46 9 20 20
47 0 1 18
47 0 9 3
47 0 16 12
47 0 23 8
47 3 4 5
47 3 6 1
47 3 18 6
47 3 26 16
48 6 12 15
48 6 13 6
48 6 17 19
48 6 22 2
48 6 23 5
48 6 29 12
49 3 4 18
49 3 6 19
49 3 18 15
49 3 26 1
-1 
0 0 1 17
0 0 9 104
0 0 16 37
0 0 23 64
0 4 9 146
0 4 14 198
0 4 18 102
0 4 21 7
0 5 2 45
0 5 3 81
0 5 15 4
0 5 28 184
0 9 0 24
0 9 11 43
0 9 20 163
1 8 5 176
1 8 9 190
1 8 15 149
1 8 27 119
1 8 29 78
1 9 0 12
1 9 11 52
1 9 20 197
2 3 4 55
2 3 6 90
2 3 18 40
2 3 26 73
2 9 0 186
2 9 11 170
2 9 20 190
3 6 12 57
3 6 13 151
3 6 17 22
3 6 22 44
3 6 23 106
3 6 29 58
4 2 2 49
4 2 7 171
4 2 12 85
4 2 16 148
5 7 2 110
5 7 19 199
5 7 25 33
6 6 12 200
6 6 13 184
6 6 17 26
6 6 22 22
6 6 23 13
6 6 29 45
6 8 5 115
6 8 9 162
6 8 15 8
6 8 27 34
6 8 29 45
7 6 12 73
7 6 13 98
7 6 17 51
7 6 22 161
7 6 23 148
7 6 29 133
8 0 1 170
8 0 9 198
8 0 16 32
8 0 23 131
8 8 5 176
8 8 9 55
8 8 15 144
8 8 27 49
8 8 29 43
9 4 9 49
9 4 14 59
9 4 18 49
9 4 21 42
9 8 5 11
9 8 9 49
9 8 15 125
9 8 27 35
9 8 29 57
10 0 1 33
10 0 9 74
10 0 16 63
10 0 23 117
10 1 5 83
10 1 8 40
10 1 10 110
10 1 20 52
10 1 24 181
10 9 0 141
10 9 11 133
10 9 20 49
11 1 5 30
11 1 8 196
11 1 10 166
11 1 20 188
11 1 24 101
11 2 2 58
11 2 7 34
11 2 12 159
11 2 16 142
11 3 4 138
11 3 6 152
11 3 18 67
11 3 26 133
12 5 2 49
12 5 3 178
12 5 15 116
12 5 28 199
12 6 12 174
12 6 13 90
12 6 17 36
12 6 22 160
12 6 23 51
12 6 29 33
13 6 12 64
13 6 13 7
13 6 17 148
13 6 22 199
13 6 23 138
13 6 29 150
13 9 0 46
13 9 11 97
13 9 20 120
14 4 9 70
14 4 14 15
14 4 18 27
14 4 21 157
15 7 2 148
15 7 19 32
15 7 25 64
15 9 0 33
15 9 11 152
15 9 20 180
16 3 4 58
16 3 6 83
16 3 18 118
16 3 26 112
17 5 2 31
17 5 3 171
17 5 15 164
17 5 28 35
18 6 12 105
18 6 13 135
18 6 17 31
18 6 22 66
18 6 23 44
18 6 29 109
19 9 0 2
19 9 11 178
19 9 20 11
20 5 2 27
20 5 3 43
20 5 15 21
20 5 28 38
21 2 2 33
21 2 7 159
21 2 12 142
21 2 16 21
22 3 4 64
22 3 6 15
22 3 18 174
22 3 26 118
23 6 12 24
23 6 13 179
23 6 17 49
23 6 22 135
23 6 23 129
23 6 29 49
24 6 12 181
24 6 13 126
24 6 17 119
24 6 22 13
24 6 23 39
24 6 29 119
25 1 5 185
25 1 8 85
25 1 10 147
25 1 20 56
25 1 24 200
26 5 2 200
26 5 3 93
26 5 15 138
26 5 28 7
27 6 12 54
27 6 13 63
27 6 17 165
27 6 22 18
27 6 23 138
27 6 29 162
28 8 5 65
28 8 9 145
28 8 15 68
28 8 27 25
28 8 29 141
29 6 12 100
29 6 13 91
29 6 17 127
29 6 22 73
29 6 23 149
29 6 29 77
30 2 2 168
30 2 7 52
30 2 12 89
30 2 16 73
30 6 12 104
30 6 13 121
30 6 17 123
30 6 22 81
30 6 23 118
30 6 29 164
31 1 5 20
31 1 8 21
31 1 10 99
31 1 20 90
31 1 24 124
31 4 9 60
31 4 14 110
31 4 18 45
31 4 21 102
32 9 0 107
32 9 11 129
32 9 20 103
33 6 12 36
33 6 13 3
33 6 17 15
33 6 22 187
33 6 23 121
33 6 29 62
33 8 5 11
33 8 9 131
33 8 15 131
33 8 27 26
33 8 29 7
34 9 0 39
34 9 11 87
34 9 20 199
35 5 2 154
35 5 3 17
35 5 15 99
35 5 28 105
36 1 5 96
36 1 8 72
36 1 10 164
36 1 20 19
36 1 24 101
36 4 9 76
36 4 14 126
36 4 18 193
36 4 21 145
36 7 2 65
36 7 19 82
36 7 25 93
37 1 5 77
37 1 8 91
37 1 10 144
37 1 20 156
37 1 24 165
37 3 4 50
37 3 6 122
37 3 18 76
37 3 26 73
37 6 12 19
37 6 13 134
37 6 17 144
37 6 22 22
37 6 23 80
37 6 29 184
38 3 4 149
38 3 6 156
38 3 18 143
38 3 26 190
39 4 9 84
39 4 14 142
39 4 18 178
39 4 21 193
40 2 2 41
40 2 7 39
40 2 12 1
40 2 16 56
41 4 9 39
41 4 14 5
41 4 18 20
41 4 21 100
42 3 4 1
42 3 6 114
42 3 18 88
42 3 26 134
42 4 9 60
42 4 14 53
42 4 18 148
42 4 21 57
42 9 0 200
42 9 11 157
42 9 20 60
43 1 5 67
43 1 8 61
43 1 10 189
43 1 20 111
43 1 24 70
44 0 1 30
44 0 9 200
44 0 16 121
44 0 23 147
44 9 0 157
44 9 11 195
44 9 20 117
45 4 9 49
45 4 14 28
45 4 18 117
45 4 21 120
46 0 1 41
46 0 9 158
46 0 16 61
46 0 23 63
46 9 0 183
46 9 11 183
46 9 20 71
47 0 1 191
47 0 9 81
47 0 16 34
47 0 23 78
47 3 4 189
47 3 6 192
47 3 18 172
47 3 26 114
48 6 12 34
48 6 13 26
48 6 17 4
48 6 22 140
48 6 23 32
48 6 29 120
49 3 4 166
49 3 6 17
49 3 18 147
49 3 26 128
-1 
0 1 1
0 5 4
0 11 4
0 14 2
0 15 3
0 17 2
0 19 1
0 21 2
0 24 2
0 30 3
0 34 2
0 39 4
0 43 4
1 0 3
1 1 4
1 3 2
1 8 2
1 9 3
1 14 2
1 20 1
1 27 3
1 30 3
1 32 2
1 37 1
1 44 4
1 45 1
2 8 1
2 9 2
2 10 2
2 13 1
2 16 4
2 18 3
2 20 1
2 31 4
2 32 2
2 38 1
2 44 2
3 0 2
3 7 1
3 15 4
3 20 3
3 22 1
3 24 4
3 28 2
3 29 2
3 41 3
3 42 3
3 48 1
4 11 3
4 13 4
4 28 1
5 4 3
5 9 2
5 12 3
5 18 2
5 24 2
5 26 4
5 31 4
5 33 1
5 34 2
5 38 4
5 40 2
5 41 3
5 44 4
6 1 2
6 17 3
6 19 4
6 33 2
6 35 1
6 37 2
6 40 4
6 44 1
6 45 3
7 6 1
7 11 1
7 12 4
7 27 4
7 29 4
7 38 4
7 45 2
7 46 3
8 8 1
8 9 4
8 12 3
8 16 4
8 17 3
8 23 4
8 24 2
8 29 2
8 32 2
8 35 3
8 42 4
8 43 2
8 49 4
9 0 4
9 2 1
9 7 3
9 8 3
9 16 4
9 19 1
9 23 2
9 24 3
9 27 2
9 29 3
9 35 1
9 36 3
9 40 1
9 47 4
9 49 3
10 10 3
10 22 1
10 29 3
10 33 4
10 35 2
10 40 4
10 43 4
11 0 1
11 1 3
11 2 3
11 5 4
11 12 3
11 22 2
11 34 3
11 35 4
11 38 3
11 43 3
11 44 3
11 48 4
12 2 4
12 6 4
12 7 2
12 10 2
12 16 3
12 25 3
12 28 3
12 29 4
12 43 2
12 44 2
12 47 4
13 5 1
13 6 2
13 7 1
13 8 1
13 10 3
13 11 2
13 14 4
13 16 3
13 17 4
13 18 2
13 24 2
13 25 1
13 29 1
13 32 1
13 33 4
13 34 3
13 35 1
13 36 1
13 39 4
13 41 3
14 3 4
14 11 1
14 13 3
14 20 3
14 21 1
14 24 2
14 33 4
14 35 3
14 39 4
14 40 3
14 42 4
14 47 3
15 11 2
15 18 2
15 19 1
15 24 4
15 27 1
15 28 1
15 43 4
16 7 4
16 8 1
16 11 4
16 12 3
16 15 1
16 22 4
16 23 1
16 24 3
16 30 1
16 33 4
16 38 2
16 44 1
16 46 1
16 49 3
17 6 1
17 7 4
17 10 2
17 20 4
17 28 2
17 33 2
17 35 3
17 36 4
17 39 2
17 46 4
17 49 3
18 1 3
18 2 3
18 4 4
18 6 2
18 8 4
18 12 4
18 22 4
18 23 1
18 24 1
18 25 4
18 37 1
18 42 3
18 45 1
18 46 1
18 48 1
19 3 1
19 9 1
19 24 3
19 25 4
19 26 2
19 29 3
19 30 3
19 45 1
19 46 1
20 0 2
20 3 4
20 11 1
20 13 4
20 14 4
20 15 4
20 17 4
20 19 4
20 20 4
20 21 2
20 22 1
20 26 1
20 28 1
20 38 4
20 39 3
20 42 4
20 47 1
20 49 3
21 5 2
21 7 1
21 11 4
21 13 3
21 16 4
21 18 3
21 21 4
21 24 1
21 29 1
21 32 3
21 36 3
21 41 2
22 2 1
22 4 2
22 6 4
22 7 2
22 11 2
22 22 1
22 28 4
22 29 4
22 32 1
22 33 2
22 36 4
22 39 3
22 41 2
22 44 3
22 47 3
22 49 1
23 11 2
23 12 3
23 16 2
23 17 1
23 19 3
23 23 3
23 27 4
23 34 1
23 36 1
23 38 1
23 42 1
23 44 3
23 45 3
23 46 3
23 47 4
23 48 4
23 49 1
24 3 3
24 5 2
24 9 2
24 21 1
24 24 3
24 27 2
24 29 1
24 34 2
24 41 2
24 42 2
24 46 3
24 48 3
24 49 4
25 16 1
25 18 4
25 19 3
25 21 1
25 22 1
25 33 4
25 38 4
25 41 2
25 43 4
25 44 1
25 45 1
25 46 2
26 1 1
26 5 4
26 8 2
26 9 4
26 11 1
26 12 1
26 16 3
26 18 1
26 19 3
26 21 1
26 24 3
26 25 2
26 38 1
26 42 3
26 45 3
26 47 4
27 1 1
27 2 2
27 9 2
27 10 1
27 20 3
27 25 3
27 29 3
27 33 3
27 35 2
27 41 3
27 43 4
28 7 3
28 8 4
28 13 3
28 21 2
28 23 1
28 24 2
28 28 4
28 34 1
29 1 2
29 3 1
29 7 1
29 12 4
29 17 2
29 19 1
29 23 3
29 30 4
29 35 2
29 43 1
29 46 4
29 47 4
29 49 1
30 3 3
30 6 3
30 7 1
30 11 4
30 16 1
30 19 1
30 29 2
30 30 1
30 33 3
30 34 1
30 36 1
30 37 2
30 38 3
30 39 4
30 40 2
30 43 2
30 48 4
31 0 4
31 6 2
31 11 2
31 18 4
31 22 4
31 28 2
31 29 1
31 31 1
31 33 2
31 40 1
31 41 3
31 42 2
31 44 2
31 48 4
32 6 4
32 8 2
32 11 4
32 15 1
32 16 1
32 18 1
32 20 4
32 21 1
32 24 1
32 38 4
32 45 2
32 49 3
33 0 4
33 1 1
33 12 4
33 24 1
33 25 3
33 26 2
33 34 4
33 35 3
33 37 2
33 39 2
33 40 3
33 41 1
33 47 4
33 49 1
34 6 3
34 8 1
34 12 3
34 13 3
34 15 3
34 20 3
34 21 2
34 25 1
34 29 4
34 30 2
34 31 1
34 40 1
35 2 1
35 4 1
35 11 2
35 14 4
35 18 2
35 19 3
35 25 4
35 33 2
35 35 1
35 38 4
35 40 3
35 45 2
36 9 4
36 12 2
36 16 4
36 20 1
36 24 4
36 25 4
36 27 1
36 28 2
36 29 4
36 33 4
36 36 2
36 40 2
36 43 3
37 5 2
37 7 4
37 11 3
37 19 4
37 21 3
37 22 1
37 26 3
37 27 4
37 30 4
37 34 1
37 35 1
37 45 1
37 48 3
38 1 3
38 4 2
38 10 2
38 11 4
38 15 2
38 17 1
38 19 4
38 22 3
38 24 4
38 28 2
38 36 2
38 41 4
38 43 4
38 48 1
39 7 3
39 12 4
39 15 3
39 18 2
39 20 4
39 22 1
39 25 1
39 26 4
39 29 1
39 30 3
39 32 4
39 38 1
39 44 2
40 2 1
40 9 1
40 11 3
40 12 2
40 13 1
40 17 3
40 20 4
40 23 2
40 25 1
40 29 3
40 32 3
40 35 3
40 36 4
40 38 1
40 41 3
40 44 4
40 45 2
41 0 1
41 1 4
41 5 4
41 10 1
41 17 4
41 26 2
41 30 1
41 40 4
41 47 2
41 48 4
42 4 2
42 10 4
42 12 1
42 14 3
42 22 2
42 25 1
42 34 4
42 39 4
42 42 3
42 43 3
42 44 3
42 46 3
43 0 3
43 7 2
43 8 4
43 9 3
43 12 1
43 13 4
43 18 1
43 19 1
43 22 4
43 32 4
43 34 1
43 38 4
43 40 1
43 41 2
43 42 1
43 43 3
43 45 1
43 46 4
44 0 3
44 5 3
44 7 3
44 8 4
44 10 2
44 14 4
44 16 1
44 24 4
44 26 3
44 32 1
44 39 2
44 40 3
44 48 4
45 2 2
45 4 3
45 7 4
45 9 3
45 11 3
45 15 4
45 19 1
45 22 3
45 25 4
45 27 2
45 28 2
45 35 1
45 36 2
45 38 1
45 39 4
45 40 1
45 43 4
45 44 4
45 47 2
45 48 1
45 49 3
46 3 2
46 6 4
46 10 3
46 13 3
46 21 1
46 25 1
46 29 4
46 31 1
46 43 3
46 47 2
47 6 2
47 8 1
47 13 1
47 15 2
47 20 4
47 27 2
47 28 2
47 38 2
47 39 3
47 41 3
47 42 4
48 2 1
48 4 2
48 11 4
48 16 4
48 20 1
48 21 4
48 29 2
48 42 4
49 3 2
49 6 2
49 18 3
49 20 1
49 21 2
49 23 3
49 33 4
49 35 2
49 39 4
49 44 4
49 47 4
-1 
0 1 59
0 9 3034
0 16 3234
0 23 1300
1 5 312
1 8 764
1 10 3195
1 20 1270
1 24 1424
2 2 1521
2 7 644
2 12 616
2 16 3139
3 4 2591
3 6 2543
3 18 1319
3 26 277
4 9 391
4 14 1990
4 18 1756
4 21 1616
5 2 3525
5 3 801
5 15 1607
5 28 2830
6 12 1474
6 13 1648
6 17 190
6 22 2651
6 23 485
6 29 1271
7 2 687
7 19 308
7 25 984
8 5 1149
8 9 3221
8 15 1179
8 27 3448
8 29 664
9 0 260
9 11 3011
9 20 1022
-1 
0 480
1 108
2 272
3 333
4 488
5 500
6 208
7 207
8 247
9 179
10 96
11 165
12 198
13 247
14 184
15 12
16 365
17 435
18 186
19 464
20 212
21 179
22 72
23 439
24 248
25 413
26 451
27 440
28 474
29 292
30 361
31 202
32 485
33 301
34 80
35 367
36 130
37 21
38 188
39 372
40 8
41 228
42 371
43 78
44 328
45 186
46 46
47 219
48 149
49 486
-1 
0 111
1 334
2 740
3 630
4 446
5 898
6 955
7 21
8 708
9 459
10 278
11 855
12 533
13 158
14 217
15 565
16 983
17 461
18 264
19 878
20 634
21 967
22 554
23 182
24 755
25 756
26 514
27 128
28 380
29 976
30 631
31 747
32 684
33 708
34 681
35 405
36 777
37 96
38 691
39 612
40 511
41 838
42 581
43 419
44 433
45 730
46 979
47 8
48 337
49 882
-1 
0 86400
1 86400
2 86400
3 86400
4 86400
5 86400
6 86400
7 86400
8 86400
9 86400
10 86400
11 86400
12 86400
13 86400
14 86400
15 86400
16 86400
17 86400
18 86400
19 86400
20 86400
21 86400
22 86400
23 86400
24 86400
25 86400
26 86400
27 86400
28 86400
29 86400
-1 
