50
50
10
20
0 7 8 10
0 7 10 4
0 7 17 19
0 7 18 18
1 9 7 5
2 0 7 5
2 0 13 8
3 5 1 13
3 5 2 10
3 5 3 12
3 5 9 5
3 5 18 8
4 1 0 10
4 1 3 13
4 1 5 6
4 1 6 10
4 1 15 8
4 3 1 16
4 3 3 4
4 3 12 12
4 6 3 2
4 6 8 1
4 6 9 3
4 6 18 1
4 8 6 14
5 5 1 10
5 5 2 2
5 5 3 10
5 5 9 9
5 5 18 7
6 6 3 8
6 6 8 12
6 6 9 4
6 6 18 9
6 8 6 17
7 6 3 10
7 6 8 6
7 6 9 14
7 6 18 5
8 7 8 19
8 7 10 8
8 7 17 17
8 7 18 1
8 9 7 2
9 4 0 2
9 4 3 11
9 4 4 7
9 4 8 5
9 4 11 2
9 4 13 15
9 4 16 3
9 4 19 2
10 0 7 4
10 0 13 19
10 8 6 19
11 4 0 15
11 4 3 11
11 4 4 11
11 4 8 7
11 4 11 9
11 4 13 2
11 4 16 3
11 4 19 15
12 3 1 16
12 3 3 9
12 3 12 18
13 0 7 17
13 0 13 9
13 1 0 17
13 1 3 11
13 1 5 15
13 1 6 1
13 1 15 20
13 5 1 3
13 5 2 17
13 5 3 16
13 5 9 17
13 5 18 10
13 6 3 17
13 6 8 4
13 6 9 4
13 6 18 14
14 8 6 2
15 7 8 15
15 7 10 12
15 7 17 17
15 7 18 18
16 7 8 19
16 7 10 10
16 7 17 4
16 7 18 6
17 4 0 15
17 4 3 6
17 4 4 12
17 4 8 1
17 4 11 1
17 4 13 15
17 4 16 8
17 4 19 10
18 4 0 20
18 4 3 1
18 4 4 1
18 4 8 5
18 4 11 7
18 4 13 10
18 4 16 6
18 4 19 15
19 9 7 7
20 6 3 12
20 6 8 5
20 6 9 18
20 6 18 19
21 3 1 11
21 3 3 13
21 3 12 3
21 6 3 19
21 6 8 16
21 6 9 17
21 6 18 8
22 6 3 5
22 6 8 13
22 6 9 20
22 6 18 10
23 4 0 13
23 4 3 6
23 4 4 14
23 4 8 9
23 4 11 17
23 4 13 19
23 4 16 10
23 4 19 10
24 0 7 2
24 0 13 3
25 2 0 14
25 2 7 7
25 2 14 11
25 7 8 19
25 7 10 5
25 7 17 13
25 7 18 7
26 1 0 5
26 1 3 1
26 1 5 4
26 1 6 2
26 1 15 19
27 3 1 4
27 3 3 14
27 3 12 13
27 5 1 12
27 5 2 4
27 5 3 20
27 5 9 13
27 5 18 6
28 0 7 11
28 0 13 3
28 7 8 6
28 7 10 8
28 7 17 2
28 7 18 9
29 6 3 6
29 6 8 2
29 6 9 12
29 6 18 3
30 1 0 13
30 1 3 9
30 1 5 4
30 1 6 7
30 1 15 11
30 8 6 11
31 1 0 4
31 1 3 15
31 1 5 18
31 1 6 12
31 1 15 3
32 0 7 16
32 0 13 10
33 6 3 13
33 6 8 7
33 6 9 1
33 6 18 16
34 1 0 10
34 1 3 16
34 1 5 17
34 1 6 1
34 1 15 6
34 6 3 20
34 6 8 14
34 6 9 15
34 6 18 2
34 9 7 16
35 0 7 5
35 0 13 14
36 4 0 1
36 4 3 12
36 4 4 15
36 4 8 19
36 4 11 1
36 4 13 2
36 4 16 13
36 4 19 2
37 4 0 15
37 4 3 2
37 4 4 4
37 4 8 8
37 4 11 4
37 4 13 1
37 4 16 18
37 4 19 12
38 6 3 3
38 6 8 20
38 6 9 6
38 6 18 19
39 1 0 8
39 1 3 13
39 1 5 10
39 1 6 14
39 1 15 12
39 7 8 15
39 7 10 20
39 7 17 8
39 7 18 14
40 0 7 1
40 0 13 15
40 2 0 11
40 2 7 18
40 2 14 14
41 3 1 17
41 3 3 19
41 3 12 16
42 3 1 17
42 3 3 20
42 3 12 2
42 8 6 13
43 0 7 5
43 0 13 7
43 5 1 17
43 5 2 7
43 5 3 3
43 5 9 14
43 5 18 1
43 7 8 12
43 7 10 17
43 7 17 9
43 7 18 11
44 6 3 3
44 6 8 12
44 6 9 12
44 6 18 5
45 0 7 1
45 0 13 15
45 2 0 19
45 2 7 5
45 2 14 5
45 6 3 2
45 6 8 8
45 6 9 2
45 6 18 14
46 7 8 12
46 7 10 19
46 7 17 15
46 7 18 9
47 3 1 13
47 3 3 20
47 3 12 6
48 2 0 6
48 2 7 15
48 2 14 5
48 8 6 14
49 9 7 2
-1 
0 7 8 7
0 7 10 115
0 7 17 90
0 7 18 166
1 9 7 185
2 0 7 80
2 0 13 48
3 5 1 166
3 5 2 170
3 5 3 157
3 5 9 2
3 5 18 117
4 1 0 109
4 1 3 81
4 1 5 125
4 1 6 70
4 1 15 151
4 3 1 10
4 3 3 65
4 3 12 47
4 6 3 44
4 6 8 92
4 6 9 107
4 6 18 8
4 8 6 75
5 5 1 192
5 5 2 75
5 5 3 195
5 5 9 108
5 5 18 94
6 6 3 182
6 6 8 70
6 6 9 48
6 6 18 129
6 8 6 53
7 6 3 115
7 6 8 138
7 6 9 132
7 6 18 79
8 7 8 73
8 7 10 107
8 7 17 173
8 7 18 29
8 9 7 27
9 4 0 3
9 4 3 135
9 4 4 128
9 4 8 163
9 4 11 122
9 4 13 18
9 4 16 65
9 4 19 134
10 0 7 14
10 0 13 21
10 8 6 1
11 4 0 196
11 4 3 148
11 4 4 132
11 4 8 76
11 4 11 129
11 4 13 50
11 4 16 127
11 4 19 187
12 3 1 193
12 3 3 121
12 3 12 42
13 0 7 172
13 0 13 13
13 1 0 37
13 1 3 34
13 1 5 14
13 1 6 129
13 1 15 80
13 5 1 153
13 5 2 99
13 5 3 125
13 5 9 142
13 5 18 119
13 6 3 121
13 6 8 56
13 6 9 200
13 6 18 156
14 8 6 36
15 7 8 90
15 7 10 194
15 7 17 119
15 7 18 182
16 7 8 101
16 7 10 93
16 7 17 199
16 7 18 25
17 4 0 73
17 4 3 162
17 4 4 149
17 4 8 189
17 4 11 159
17 4 13 82
17 4 16 62
17 4 19 45
18 4 0 155
18 4 3 142
18 4 4 25
18 4 8 135
18 4 11 118
18 4 13 117
18 4 16 73
18 4 19 130
19 9 7 1
20 6 3 117
20 6 8 124
20 6 9 43
20 6 18 134
21 3 1 149
21 3 3 182
21 3 12 99
21 6 3 56
21 6 8 99
21 6 9 141
21 6 18 114
22 6 3 44
22 6 8 164
22 6 9 167
22 6 18 196
23 4 0 112
23 4 3 5
23 4 4 15
23 4 8 159
23 4 11 3
23 4 13 81
23 4 16 186
23 4 19 23
24 0 7 80
24 0 13 163
25 2 0 134
25 2 7 92
25 2 14 78
25 7 8 138
25 7 10 109
25 7 17 137
25 7 18 75
26 1 0 146
26 1 3 159
26 1 5 4
26 1 6 46
26 1 15 185
27 3 1 34
27 3 3 142
27 3 12 11
27 5 1 176
27 5 2 4
27 5 3 44
27 5 9 121
27 5 18 58
28 0 7 168
28 0 13 22
28 7 8 196
28 7 10 175
28 7 17 43
28 7 18 116
29 6 3 139
29 6 8 60
29 6 9 35
29 6 18 136
30 1 0 30
30 1 3 46
30 1 5 186
30 1 6 72
30 1 15 21
30 8 6 178
31 1 0 160
31 1 3 44
31 1 5 32
31 1 6 121
31 1 15 69
32 0 7 6
32 0 13 130
33 6 3 58
33 6 8 139
33 6 9 98
33 6 18 119
34 1 0 156
34 1 3 93
34 1 5 93
34 1 6 27
34 1 15 128
34 6 3 25
34 6 8 199
34 6 9 66
34 6 18 89
34 9 7 117
35 0 7 176
35 0 13 166
36 4 0 7
36 4 3 59
36 4 4 160
36 4 8 76
36 4 11 130
36 4 13 149
36 4 16 132
36 4 19 90
37 4 0 124
37 4 3 151
37 4 4 17
37 4 8 183
37 4 11 130
37 4 13 25
37 4 16 31
37 4 19 44
38 6 3 105
38 6 8 95
38 6 9 177
38 6 18 107
39 1 0 112
39 1 3 97
39 1 5 27
39 1 6 111
39 1 15 71
39 7 8 150
39 7 10 85
39 7 17 198
39 7 18 168
40 0 7 45
40 0 13 120
40 2 0 22
40 2 7 36
40 2 14 174
41 3 1 176
41 3 3 23
41 3 12 111
42 3 1 158
42 3 3 192
42 3 12 126
42 8 6 103
43 0 7 78
43 0 13 132
43 5 1 56
43 5 2 131
43 5 3 116
43 5 9 107
43 5 18 188
43 7 8 140
43 7 10 38
43 7 17 54
43 7 18 180
44 6 3 119
44 6 8 172
44 6 9 61
44 6 18 176
45 0 7 106
45 0 13 46
45 2 0 26
45 2 7 132
45 2 14 171
45 6 3 73
45 6 8 167
45 6 9 83
45 6 18 109
46 7 8 192
46 7 10 24
46 7 17 149
46 7 18 27
47 3 1 40
47 3 3 176
47 3 12 13
48 2 0 32
48 2 7 151
48 2 14 118
48 8 6 68
49 9 7 139
-1 
0 3 1
0 6 2
0 10 4
0 27 3
0 28 1
0 31 1
0 32 1
0 38 1
0 46 3
0 48 4
1 3 1
1 4 1
1 6 4
1 7 2
1 9 2
1 12 3
1 17 3
1 18 4
1 20 3
1 21 2
1 30 1
1 32 3
1 37 4
1 38 1
1 43 3
1 45 1
1 48 1
2 4 2
2 7 1
2 9 4
2 11 2
2 15 1
2 16 4
2 21 1
2 25 1
2 32 1
2 37 3
2 41 2
2 45 1
2 46 4
2 49 1
3 0 3
3 1 4
3 3 1
3 4 1
3 6 1
3 18 4
3 26 3
3 29 1
3 30 2
3 44 3
3 45 3
3 46 2
3 47 3
3 49 2
4 0 4
4 10 2
4 11 1
4 12 3
4 13 1
4 15 4
4 22 3
4 24 1
4 33 3
4 35 1
4 48 1
5 3 4
5 7 2
5 10 1
5 11 1
5 12 4
5 15 2
5 18 3
5 20 4
5 37 4
5 38 1
5 42 3
5 45 3
5 48 4
6 0 1
6 4 4
6 9 2
6 10 4
6 12 2
6 20 2
6 26 3
6 30 2
6 42 1
6 44 1
6 45 2
6 47 2
6 48 1
6 49 3
7 1 4
7 2 2
7 4 2
7 6 2
7 7 2
7 8 3
7 12 3
7 14 2
7 15 3
7 16 4
7 17 1
7 21 3
7 25 3
7 31 1
7 32 1
7 33 2
7 35 3
7 38 4
7 47 1
8 2 3
8 3 2
8 8 1
8 10 2
8 16 3
8 21 4
8 22 2
8 24 4
8 31 1
8 34 1
8 35 3
8 38 4
8 39 3
8 44 1
8 46 3
8 47 3
9 6 1
9 19 3
9 21 2
9 22 1
9 24 1
9 30 4
9 35 3
9 36 4
9 42 4
9 45 3
9 46 2
9 49 1
10 7 2
10 10 3
10 11 1
10 14 4
10 20 4
10 21 1
10 22 3
10 24 3
10 25 2
10 26 4
10 27 4
10 28 2
10 33 2
10 39 3
10 43 1
10 46 3
11 3 1
11 5 4
11 6 2
11 15 1
11 17 4
11 19 1
11 20 4
11 23 4
11 43 4
11 45 4
12 2 2
12 9 3
12 13 4
12 17 3
12 18 2
12 43 4
13 1 2
13 2 3
13 5 4
13 6 1
13 7 1
13 8 4
13 9 2
13 10 3
13 13 2
13 23 1
13 27 4
13 39 4
13 40 1
13 42 1
13 46 3
13 47 1
14 3 3
14 4 3
14 5 1
14 6 3
14 11 1
14 16 3
14 19 3
14 29 3
14 32 1
14 33 3
14 38 3
14 41 4
14 45 4
14 46 4
14 47 3
15 2 1
15 13 3
15 20 3
15 23 1
15 25 2
15 26 2
15 32 4
15 34 4
15 36 2
15 37 3
15 41 4
15 42 2
15 44 4
15 45 3
15 47 4
16 8 4
16 14 1
16 25 3
16 26 1
16 29 3
16 31 3
16 35 4
16 41 1
16 42 3
16 44 1
16 46 4
16 47 3
16 48 2
17 0 4
17 1 1
17 4 3
17 9 1
17 10 4
17 14 2
17 23 4
17 27 2
17 31 1
17 37 1
17 46 1
17 48 3
18 0 3
18 3 4
18 6 3
18 23 2
18 34 2
18 35 1
18 38 1
18 39 2
18 45 3
19 0 1
19 16 2
19 21 1
19 22 1
19 27 3
19 29 2
19 31 3
19 33 2
19 34 3
19 36 3
19 37 2
19 41 2
19 42 3
19 43 1
20 4 1
20 6 1
20 7 3
20 17 3
20 23 1
20 27 3
20 30 3
20 34 4
20 38 4
20 41 4
20 43 1
20 45 2
20 48 2
20 49 1
21 8 3
21 12 3
21 16 2
21 17 4
21 19 1
21 24 2
21 25 4
21 31 4
21 36 4
21 37 2
21 40 2
21 42 4
21 45 1
21 47 4
22 0 3
22 1 4
22 3 3
22 4 3
22 8 2
22 9 2
22 17 1
22 18 1
22 21 1
22 23 4
22 25 2
22 26 2
22 28 2
22 40 1
22 43 2
22 47 4
22 48 2
22 49 3
23 9 3
23 17 4
23 21 4
23 22 1
23 29 1
23 31 2
23 34 4
23 38 3
23 40 3
23 43 4
23 44 3
23 45 3
24 5 3
24 7 4
24 11 1
24 16 1
24 23 4
24 24 2
24 25 4
24 28 3
24 29 3
24 35 4
24 36 1
24 44 3
24 49 1
25 1 3
25 5 3
25 6 2
25 10 4
25 15 2
25 16 1
25 19 3
25 25 1
25 26 2
25 28 3
25 29 3
25 34 4
25 35 3
25 36 3
25 39 3
25 44 1
25 45 4
26 12 1
26 19 4
26 26 4
26 32 2
26 38 2
26 40 2
26 45 3
26 47 3
27 0 3
27 1 1
27 5 1
27 10 2
27 11 3
27 15 4
27 16 1
27 23 3
27 37 2
27 41 2
28 4 1
28 5 2
28 11 2
28 12 4
28 13 2
28 20 2
28 29 1
28 34 3
28 36 4
28 38 1
28 43 1
28 45 3
28 48 2
28 49 4
29 3 1
29 4 3
29 7 3
29 8 2
29 12 2
29 13 3
29 21 3
29 22 3
29 29 2
29 31 1
29 33 4
29 37 4
29 39 3
29 41 2
29 48 2
30 0 4
30 2 1
30 10 3
30 15 4
30 19 2
30 24 4
30 31 3
30 32 1
30 36 4
30 38 4
30 48 2
31 15 3
31 17 2
31 31 4
31 43 1
31 44 4
31 47 3
31 48 2
32 1 2
32 3 4
32 7 3
32 16 2
32 21 4
32 24 2
32 27 4
32 33 1
32 35 2
32 37 1
32 38 1
32 39 4
32 43 1
32 47 2
32 48 2
32 49 2
33 13 3
33 16 1
33 21 2
33 23 4
33 27 2
33 28 2
33 29 4
33 32 3
33 34 1
34 5 3
34 9 4
34 12 1
34 14 3
34 15 2
34 20 3
34 24 2
34 36 4
34 46 1
34 47 2
34 48 3
35 10 2
35 11 3
35 27 1
35 33 3
35 36 4
35 42 4
35 45 2
35 48 2
36 1 1
36 18 3
36 23 2
36 24 3
36 26 3
36 29 1
36 32 4
36 37 2
36 41 3
36 42 2
36 43 4
36 49 4
37 0 4
37 3 4
37 4 1
37 9 2
37 15 2
37 21 1
37 22 2
37 26 1
37 29 1
37 31 4
37 40 4
37 45 4
37 49 3
38 1 2
38 5 1
38 10 4
38 13 3
38 16 2
38 20 4
38 23 2
38 24 3
38 25 4
38 33 2
38 34 3
38 41 3
38 43 1
38 47 1
39 3 2
39 5 1
39 7 4
39 8 2
39 18 1
39 28 2
39 31 1
39 32 2
39 37 2
39 40 3
39 42 2
39 43 4
39 45 4
39 49 2
40 3 2
40 4 1
40 6 4
40 13 3
40 19 4
40 23 3
40 28 3
40 31 4
40 37 1
40 45 1
40 46 1
40 49 2
41 1 4
41 5 4
41 8 2
41 9 1
41 14 1
41 19 3
41 34 4
41 36 3
41 37 2
41 40 3
41 48 4
42 0 1
42 3 4
42 4 1
42 8 4
42 9 1
42 14 2
42 20 1
42 25 3
42 26 4
42 30 3
42 36 2
42 37 2
42 40 3
42 46 4
42 49 2
43 5 2
43 9 3
43 12 4
43 13 2
43 17 3
43 20 1
43 21 3
43 28 2
43 31 2
43 32 1
43 40 2
43 46 3
43 47 2
43 48 4
44 6 3
44 7 2
44 8 4
44 13 4
44 15 3
44 23 4
44 26 3
44 30 1
44 31 4
44 33 1
44 34 4
44 37 4
44 39 4
44 42 3
44 46 1
44 47 1
45 0 2
45 2 3
45 9 3
45 24 1
45 26 3
45 28 1
45 32 4
45 33 3
45 35 3
45 39 1
45 44 4
45 45 3
45 49 4
46 2 4
46 8 3
46 9 3
46 14 4
46 17 3
46 18 1
46 21 1
46 23 4
46 30 2
46 35 1
46 39 3
46 44 3
46 47 2
47 14 4
47 24 1
47 26 4
47 28 2
47 32 4
47 35 3
47 36 4
47 40 1
47 45 3
47 49 3
48 6 1
48 7 3
48 8 3
48 19 4
48 27 1
48 29 3
48 39 4
48 40 3
48 44 1
48 45 4
48 48 2
49 1 4
49 2 2
49 6 1
49 11 3
49 12 3
49 19 3
49 20 4
49 23 2
49 24 3
49 26 4
49 29 1
49 32 4
49 33 3
49 39 3
49 43 1
49 44 2
49 47 1
49 48 1
49 49 3
-1 
0 7 1465
0 13 160
1 0 951
1 3 2480
1 5 2554
1 6 1443
1 15 3284
2 0 437
2 7 2951
2 14 865
3 1 2481
3 3 645
3 12 2626
4 0 811
4 3 664
4 4 673
4 8 1592
4 11 1635
4 13 1121
4 16 3249
4 19 2333
5 1 2856
5 2 2271
5 3 3346
5 9 2460
5 18 3003
6 3 2190
6 8 2865
6 9 1943
6 18 2507
7 8 529
7 10 1798
7 17 3506
7 18 326
8 6 2379
9 7 2031
-1 
0 123
1 492
2 457
3 14
4 382
5 163
6 61
7 422
8 75
9 439
10 315
11 22
12 335
13 7
14 214
15 137
16 54
17 302
18 11
19 50
20 155
21 459
22 126
23 358
24 277
25 109
26 168
27 237
28 480
29 199
30 151
31 71
32 192
33 193
34 327
35 208
36 291
37 441
38 126
39 430
40 490
41 383
42 400
43 467
44 268
45 416
46 393
47 242
48 408
49 34
-1 
0 47
1 669
2 119
3 272
4 947
5 72
6 802
7 756
8 297
9 2
10 152
11 224
12 47
13 819
14 825
15 929
16 895
17 20
18 390
19 758
20 765
21 847
22 590
23 576
24 197
25 978
26 581
27 91
28 998
29 742
30 956
31 3
32 507
33 754
34 148
35 79
36 800
37 308
38 83
39 343
40 828
41 70
42 313
43 893
44 951
45 608
46 304
47 589
48 737
49 838
-1 
0 86400
1 86400
2 86400
3 86400
4 86400
5 86400
6 86400
7 86400
8 86400
9 86400
10 86400
11 86400
12 86400
13 86400
14 86400
15 86400
16 86400
17 86400
18 86400
19 86400
-1 
