50
50
10
10
0 3 3 18
0 3 4 12
1 9 2 18
1 9 6 10
2 0 4 14
2 0 7 1
2 4 2 5
2 4 5 7
2 5 1 5
2 5 5 3
2 5 8 16
3 1 0 17
3 1 4 20
3 1 6 20
3 3 3 3
3 3 4 19
3 6 6 12
4 0 4 10
4 0 7 10
4 9 2 7
4 9 6 20
5 2 7 8
5 3 3 4
5 3 4 16
5 6 6 12
5 7 1 5
5 7 7 3
5 7 9 8
6 1 0 3
6 1 4 20
6 1 6 7
7 6 6 10
7 7 1 4
7 7 7 17
7 7 9 2
8 9 2 1
8 9 6 8
9 1 0 13
9 1 4 5
9 1 6 6
9 7 1 5
9 7 7 8
9 7 9 3
10 3 3 4
10 3 4 20
11 0 4 17
11 0 7 3
12 6 6 18
13 4 2 6
13 4 5 10
14 3 3 8
14 3 4 11
15 4 2 7
15 4 5 9
16 1 0 16
16 1 4 20
16 1 6 6
16 5 1 8
16 5 5 9
16 5 8 4
17 7 1 14
17 7 7 4
17 7 9 5
18 3 3 6
18 3 4 3
19 2 7 9
20 2 7 13
20 7 1 8
20 7 7 14
20 7 9 18
21 7 1 12
21 7 7 15
21 7 9 15
22 8 3 18
23 0 4 7
23 0 7 12
24 6 6 16
24 9 2 18
24 9 6 10
25 1 0 9
25 1 4 20
25 1 6 7
25 2 7 1
25 4 2 15
25 4 5 11
26 2 7 10
26 4 2 10
26 4 5 5
27 3 3 8
27 3 4 19
27 5 1 20
27 5 5 16
27 5 8 10
28 3 3 20
28 3 4 12
28 9 2 11
28 9 6 6
29 4 2 20
29 4 5 18
30 1 0 14
30 1 4 15
30 1 6 10
30 4 2 3
30 4 5 8
31 2 7 13
31 8 3 15
31 9 2 6
31 9 6 14
32 3 3 9
32 3 4 8
33 1 0 8
33 1 4 6
33 1 6 13
33 2 7 18
33 7 1 13
33 7 7 20
33 7 9 14
34 2 7 11
34 6 6 8
35 5 1 18
35 5 5 16
35 5 8 20
36 3 3 16
36 3 4 6
36 4 2 20
36 4 5 14
37 5 1 2
37 5 5 2
37 5 8 14
38 1 0 7
38 1 4 10
38 1 6 17
38 4 2 3
38 4 5 9
38 6 6 17
38 7 1 9
38 7 7 19
38 7 9 2
39 5 1 18
39 5 5 16
39 5 8 6
40 2 7 12
40 8 3 12
41 7 1 5
41 7 7 12
41 7 9 6
41 8 3 7
42 6 6 10
42 8 3 15
43 9 2 16
43 9 6 13
44 3 3 2
44 3 4 8
45 7 1 16
45 7 7 5
45 7 9 19
46 5 1 16
46 5 5 3
46 5 8 4
47 0 4 4
47 0 7 6
47 2 7 8
47 3 3 11
47 3 4 19
47 7 1 10
47 7 7 2
47 7 9 14
48 3 3 19
48 3 4 1
49 8 3 15
-1 
0 3 3 71
0 3 4 182
1 9 2 110
1 9 6 126
2 0 4 156
2 0 7 129
2 4 2 93
2 4 5 100
2 5 1 63
2 5 5 153
2 5 8 106
3 1 0 66
3 1 4 26
3 1 6 162
3 3 3 120
3 3 4 89
3 6 6 163
4 0 4 197
4 0 7 88
4 9 2 37
4 9 6 114
5 2 7 130
5 3 3 43
5 3 4 153
5 6 6 76
5 7 1 22
5 7 7 98
5 7 9 172
6 1 0 61
6 1 4 189
6 1 6 116
7 6 6 80
7 7 1 29
7 7 7 93
7 7 9 72
8 9 2 114
8 9 6 62
9 1 0 87
9 1 4 182
9 1 6 15
9 7 1 63
9 7 7 27
9 7 9 78
10 3 3 60
10 3 4 9
11 0 4 2
11 0 7 118
12 6 6 69
13 4 2 86
13 4 5 102
14 3 3 19
14 3 4 65
15 4 2 133
15 4 5 11
16 1 0 169
16 1 4 153
16 1 6 163
16 5 1 34
16 5 5 82
16 5 8 54
17 7 1 102
17 7 7 139
17 7 9 137
18 3 3 9
18 3 4 151
19 2 7 125
20 2 7 41
20 7 1 69
20 7 7 70
20 7 9 32
21 7 1 190
21 7 7 39
21 7 9 15
22 8 3 4
23 0 4 168
23 0 7 54
24 6 6 190
24 9 2 137
24 9 6 17
25 1 0 196
25 1 4 196
25 1 6 101
25 2 7 112
25 4 2 176
25 4 5 164
26 2 7 6
26 4 2 129
26 4 5 196
27 3 3 185
27 3 4 48
27 5 1 38
27 5 5 117
27 5 8 182
28 3 3 140
28 3 4 26
28 9 2 91
28 9 6 126
29 4 2 75
29 4 5 85
30 1 0 28
30 1 4 69
30 1 6 13
30 4 2 121
30 4 5 128
31 2 7 119
31 8 3 142
31 9 2 148
31 9 6 146
32 3 3 69
32 3 4 127
33 1 0 45
33 1 4 148
33 1 6 132
33 2 7 13
33 7 1 184
33 7 7 176
33 7 9 28
34 2 7 119
34 6 6 150
35 5 1 35
35 5 5 112
35 5 8 88
36 3 3 14
36 3 4 11
36 4 2 166
36 4 5 26
37 5 1 149
37 5 5 31
37 5 8 189
38 1 0 21
38 1 4 61
38 1 6 91
38 4 2 153
38 4 5 188
38 6 6 129
38 7 1 73
38 7 7 112
38 7 9 185
39 5 1 13
39 5 5 58
39 5 8 179
40 2 7 113
40 8 3 152
41 7 1 158
41 7 7 140
41 7 9 57
41 8 3 88
42 6 6 154
42 8 3 35
43 9 2 5
43 9 6 192
44 3 3 155
44 3 4 139
45 7 1 48
45 7 7 133
45 7 9 13
46 5 1 122
46 5 5 190
46 5 8 175
47 0 4 197
47 0 7 151
47 2 7 180
47 3 3 157
47 3 4 171
47 7 1 53
47 7 7 180
47 7 9 87
48 3 3 122
48 3 4 188
49 8 3 103
-1 
0 1 2
0 2 2
0 6 3
0 8 2
0 9 4
0 11 4
0 14 1
0 15 4
0 18 1
0 19 1
0 23 4
0 34 2
0 36 2
0 37 2
0 38 3
0 41 2
0 44 3
0 46 3
0 49 4
1 1 3
1 14 3
1 15 1
1 19 2
1 25 1
1 26 4
1 28 2
1 29 4
1 38 2
1 39 2
1 42 2
1 43 4
1 45 2
2 3 1
2 4 1
2 5 1
2 7 4
2 8 4
2 10 1
2 16 1
2 23 1
2 26 4
2 28 1
2 29 4
2 30 1
2 32 4
2 36 1
2 39 3
2 40 3
2 45 3
2 48 2
2 49 3
3 3 4
3 4 4
3 6 4
3 11 2
3 15 2
3 16 1
3 21 3
3 24 1
3 25 1
3 28 4
3 31 2
3 32 1
3 38 2
3 41 1
3 47 2
3 48 4
4 7 1
4 12 3
4 14 1
4 20 1
4 26 4
4 29 1
4 31 2
4 32 4
4 39 1
5 7 1
5 9 4
5 13 4
5 15 2
5 18 4
5 21 1
5 28 2
5 29 4
5 35 4
5 41 4
5 46 3
5 49 4
6 1 1
6 4 3
6 5 4
6 8 3
6 17 2
6 18 1
6 25 2
6 35 1
6 42 4
7 1 1
7 3 3
7 6 2
7 7 2
7 8 3
7 10 2
7 12 4
7 13 1
7 19 3
7 21 1
7 26 1
7 29 2
7 33 1
7 34 1
7 35 2
7 37 1
7 38 1
7 47 3
8 0 2
8 1 2
8 10 4
8 13 2
8 14 2
8 19 4
8 21 1
8 23 4
8 25 1
8 33 3
8 41 2
8 45 4
8 49 1
9 1 1
9 4 3
9 5 3
9 6 2
9 10 1
9 12 4
9 16 1
9 18 3
9 19 2
9 21 3
9 22 1
9 26 2
9 28 3
9 33 1
9 34 4
9 35 1
9 36 4
9 39 3
9 41 3
9 44 4
9 48 2
10 0 1
10 3 4
10 14 1
10 16 1
10 18 2
10 24 3
10 30 4
10 33 3
10 37 1
10 43 2
10 47 3
10 49 1
11 0 4
11 2 3
11 4 2
11 10 4
11 11 4
11 22 3
11 27 1
11 37 4
11 38 3
11 39 4
11 41 4
11 42 1
12 1 3
12 13 2
12 16 4
12 19 4
12 20 2
12 24 4
12 25 2
12 28 1
12 31 3
12 32 1
12 37 1
12 40 1
12 47 3
13 0 1
13 6 3
13 9 2
13 16 3
13 17 4
13 18 3
13 19 4
13 22 3
13 23 2
13 28 2
13 29 3
13 30 4
13 32 1
13 33 2
13 37 1
13 40 2
14 2 3
14 6 1
14 7 4
14 8 3
14 9 1
14 29 3
14 32 3
14 39 2
14 43 3
14 45 3
15 6 2
15 9 2
15 12 3
15 18 4
15 28 2
15 31 2
15 34 2
15 36 2
15 38 1
15 45 4
15 49 3
16 1 1
16 5 2
16 8 4
16 9 4
16 13 2
16 17 4
16 22 4
16 23 3
16 28 3
16 32 2
16 36 1
16 39 3
16 41 3
16 44 4
16 47 3
16 49 2
17 0 3
17 4 2
17 5 3
17 7 1
17 8 1
17 9 1
17 11 4
17 16 4
17 19 1
17 22 1
17 23 1
17 26 1
17 27 1
17 29 2
17 32 3
17 34 2
17 40 3
17 42 3
17 46 1
18 0 1
18 5 4
18 12 4
18 14 4
18 20 4
18 21 2
18 22 2
18 23 3
18 33 2
19 5 3
19 8 4
19 14 4
19 17 3
19 20 1
19 24 4
19 25 4
19 39 4
19 40 2
19 47 3
20 16 1
20 18 3
20 19 3
20 26 4
20 27 3
20 28 1
20 31 1
20 39 3
20 41 3
20 43 3
20 46 1
20 48 1
21 0 3
21 1 3
21 8 1
21 22 4
21 24 1
21 30 2
21 37 1
21 48 2
22 5 1
22 10 4
22 11 2
22 13 2
22 14 3
22 18 3
22 19 2
22 21 4
22 26 1
22 30 2
22 32 4
22 33 3
22 38 2
22 40 1
22 45 1
23 0 2
23 1 1
23 2 1
23 3 1
23 11 2
23 12 3
23 14 3
23 15 2
23 18 2
23 22 2
23 31 3
23 34 3
23 36 2
24 6 3
24 9 2
24 13 3
24 14 1
24 15 1
24 17 4
24 18 3
24 19 1
24 21 2
24 24 4
24 26 4
24 31 3
24 33 2
24 35 1
24 37 2
24 41 4
24 44 3
24 47 4
25 1 2
25 18 1
25 25 1
25 30 1
25 33 2
25 36 4
25 37 3
25 45 3
25 46 4
25 47 3
25 48 2
26 6 2
26 10 4
26 14 1
26 15 4
26 18 1
26 19 4
26 22 2
26 25 1
26 33 1
26 38 1
26 42 1
26 43 3
27 0 1
27 3 2
27 4 3
27 6 1
27 12 1
27 21 1
27 35 1
27 37 3
27 44 4
27 45 2
28 6 1
28 9 4
28 12 1
28 17 3
28 24 2
28 26 3
28 27 2
28 38 4
28 39 1
28 43 3
28 45 2
28 49 4
29 0 1
29 7 4
29 8 3
29 11 4
29 12 2
29 14 3
29 19 1
29 21 3
29 22 1
29 25 4
29 26 4
29 30 3
29 40 3
29 45 3
29 46 1
30 0 3
30 1 3
30 9 2
30 14 4
30 18 3
30 19 2
30 26 2
30 29 1
30 34 1
30 35 1
30 38 1
30 40 1
30 41 3
30 42 3
30 43 2
30 45 3
31 2 3
31 7 3
31 12 2
31 15 2
31 24 4
31 28 1
31 29 1
31 31 3
31 38 4
31 46 3
32 6 4
32 7 3
32 9 1
32 11 3
32 16 3
32 22 2
32 31 3
32 35 4
32 41 1
32 49 3
33 2 2
33 5 4
33 7 3
33 8 3
33 12 3
33 14 2
33 15 2
33 18 1
33 20 4
33 23 4
33 29 4
33 32 4
33 34 3
33 37 3
33 38 1
33 39 2
33 40 1
33 41 4
33 42 3
33 45 3
33 49 4
34 12 1
34 13 2
34 16 1
34 20 4
34 25 4
34 35 3
34 38 3
34 46 4
35 2 4
35 3 1
35 5 3
35 7 3
35 10 3
35 12 1
35 15 4
35 17 1
35 22 1
35 24 2
35 28 3
35 30 4
35 31 3
35 35 4
35 38 2
35 49 3
36 5 4
36 11 3
36 13 4
36 17 3
36 25 2
36 29 1
36 31 4
36 33 4
36 34 1
36 35 1
36 36 4
36 43 4
36 44 4
36 46 4
37 3 1
37 5 4
37 7 3
37 10 1
37 12 1
37 13 2
37 18 2
37 25 2
37 30 1
37 32 4
37 38 1
37 40 4
37 41 2
37 45 2
37 46 2
38 1 4
38 6 3
38 10 1
38 12 2
38 14 3
38 17 4
38 19 4
38 31 4
38 34 3
38 35 3
38 37 4
38 39 2
38 45 1
38 46 1
38 47 3
38 49 2
39 5 4
39 10 1
39 17 2
39 19 3
39 20 4
39 24 2
39 28 1
39 29 3
39 32 2
39 40 2
40 3 1
40 5 1
40 7 2
40 9 1
40 11 2
40 29 2
40 33 2
40 36 2
40 39 1
40 45 3
41 7 1
41 9 2
41 10 3
41 11 3
41 13 4
41 16 1
41 23 2
41 32 1
41 36 1
41 38 3
41 39 2
41 40 2
41 41 1
41 44 2
41 45 3
41 46 2
42 7 4
42 10 4
42 17 1
42 23 4
42 30 1
42 34 3
42 36 4
42 44 4
43 3 2
43 4 1
43 5 2
43 6 3
43 10 2
43 13 3
43 19 3
43 22 4
43 26 4
43 29 2
43 33 3
43 43 2
44 16 4
44 17 2
44 18 1
44 19 1
44 26 1
44 28 2
44 33 3
44 35 2
44 36 1
44 40 2
44 44 2
45 12 2
45 17 2
45 18 4
45 22 3
45 24 1
45 25 3
45 26 1
45 27 4
45 36 1
45 41 3
45 43 4
45 47 4
46 2 1
46 4 2
46 6 1
46 16 3
46 19 3
46 24 3
46 32 3
46 36 2
46 38 3
46 39 4
46 43 3
46 44 2
46 45 3
46 47 2
46 48 4
46 49 4
47 2 1
47 4 3
47 7 1
47 12 4
47 15 1
47 16 3
47 17 1
47 20 4
47 21 3
47 23 4
47 26 1
47 28 2
47 36 1
47 37 2
47 44 2
47 45 1
47 49 3
48 9 3
48 11 1
48 25 4
48 27 2
48 32 2
48 41 4
48 43 2
48 45 1
49 1 4
49 2 1
49 3 1
49 8 3
49 10 2
49 12 3
49 23 1
49 24 2
49 27 4
49 28 2
49 29 3
49 33 2
49 34 2
49 37 4
49 43 4
49 44 2
49 45 2
-1 
0 4 3043
0 7 3041
1 0 2480
1 4 1478
1 6 3144
2 7 337
3 3 1832
3 4 3475
4 2 1259
4 5 2866
5 1 2640
5 5 2190
5 8 534
6 6 1172
7 1 1100
7 7 125
7 9 2534
8 3 2440
9 2 3101
9 6 1800
-1 
0 457
1 216
2 279
3 389
4 138
5 436
6 6
7 365
8 155
9 426
10 405
11 443
12 425
13 418
14 279
15 46
16 319
17 283
18 331
19 17
20 429
21 415
22 132
23 282
24 255
25 358
26 130
27 458
28 134
29 402
30 44
31 361
32 278
33 364
34 437
35 344
36 409
37 77
38 79
39 393
40 31
41 464
42 48
43 209
44 260
45 485
46 290
47 334
48 235
49 285
-1 
0 77
1 584
2 14
3 231
4 555
5 137
6 950
7 113
8 879
9 440
10 922
11 420
12 284
13 147
14 834
15 378
16 483
17 173
18 332
19 989
20 839
21 958
22 299
23 373
24 324
25 861
26 620
27 803
28 413
29 673
30 383
31 828
32 280
33 474
34 412
35 715
36 375
37 99
38 657
39 54
40 943
41 631
42 478
43 339
44 888
45 209
46 329
47 647
48 375
49 544
-1 
0 86400
1 86400
2 86400
3 86400
4 86400
5 86400
6 86400
7 86400
8 86400
9 86400
-1 
