50
50
10
30
0 3 4 2
0 3 5 3
0 3 10 15
0 3 12 16
0 3 13 6
0 3 24 5
0 3 25 14
0 3 27 19
0 3 28 11
0 3 29 4
1 4 9 18
1 4 10 12
1 4 13 18
1 4 14 15
1 4 15 10
1 4 18 4
1 4 20 9
1 4 21 14
2 6 1 15
2 6 11 11
3 3 4 10
3 3 5 18
3 3 10 2
3 3 12 20
3 3 13 6
3 3 24 10
3 3 25 12
3 3 27 2
3 3 28 11
3 3 29 2
3 5 0 1
3 5 1 2
3 5 4 19
3 5 8 8
3 5 10 8
3 5 13 11
3 5 23 12
3 5 24 15
3 6 1 3
3 6 11 19
4 6 1 17
4 6 11 3
4 7 2 1
4 7 9 17
4 7 16 5
4 7 22 3
4 8 1 9
4 8 3 16
4 8 13 11
4 8 20 20
4 9 4 7
4 9 12 18
4 9 15 6
4 9 17 17
4 9 22 9
4 9 24 12
4 9 26 8
5 9 4 19
5 9 12 7
5 9 15 16
5 9 17 18
5 9 22 9
5 9 24 15
5 9 26 7
6 5 0 19
6 5 1 7
6 5 4 3
6 5 8 10
6 5 10 16
6 5 13 4
6 5 23 5
6 5 24 7
7 1 13 14
8 0 0 8
8 0 6 17
8 0 9 11
8 0 12 9
8 0 22 6
8 0 27 3
8 1 13 8
8 5 0 7
8 5 1 2
8 5 4 10
8 5 8 3
8 5 10 13
8 5 13 7
8 5 23 19
8 5 24 14
8 6 1 11
8 6 11 5
9 4 9 12
9 4 10 15
9 4 13 17
9 4 14 11
9 4 15 17
9 4 18 20
9 4 20 15
9 4 21 3
9 6 1 4
9 6 11 12
10 0 0 12
10 0 6 19
10 0 9 1
10 0 12 19
10 0 22 19
10 0 27 9
11 5 0 18
11 5 1 17
11 5 4 11
11 5 8 7
11 5 10 5
11 5 13 20
11 5 23 12
11 5 24 20
12 1 13 1
12 3 4 2
12 3 5 16
12 3 10 18
12 3 12 10
12 3 13 2
12 3 24 12
12 3 25 2
12 3 27 16
12 3 28 7
12 3 29 19
13 1 13 14
13 4 9 6
13 4 10 8
13 4 13 12
13 4 14 2
13 4 15 7
13 4 18 14
13 4 20 11
13 4 21 20
13 8 1 20
13 8 3 18
13 8 13 11
13 8 20 9
14 4 9 8
14 4 10 20
14 4 13 19
14 4 14 8
14 4 15 20
14 4 18 15
14 4 20 4
14 4 21 17
14 7 2 4
14 7 9 16
14 7 16 5
14 7 22 2
15 7 2 8
15 7 9 8
15 7 16 15
15 7 22 3
15 9 4 16
15 9 12 3
15 9 15 4
15 9 17 8
15 9 22 8
15 9 24 18
15 9 26 14
16 9 4 16
16 9 12 20
16 9 15 1
16 9 17 7
16 9 22 11
16 9 24 15
16 9 26 19
17 0 0 13
17 0 6 17
17 0 9 19
17 0 12 13
17 0 22 17
17 0 27 16
17 1 13 4
17 5 0 10
17 5 1 10
17 5 4 15
17 5 8 15
17 5 10 6
17 5 13 8
17 5 23 1
17 5 24 18
17 6 1 6
17 6 11 13
18 0 0 11
18 0 6 12
18 0 9 11
18 0 12 3
18 0 22 2
18 0 27 8
19 2 7 14
19 2 8 16
19 2 9 16
19 2 10 12
19 2 19 14
20 8 1 3
20 8 3 7
20 8 13 2
20 8 20 14
21 2 7 18
21 2 8 1
21 2 9 5
21 2 10 5
21 2 19 18
21 5 0 8
21 5 1 9
21 5 4 19
21 5 8 8
21 5 10 20
21 5 13 1
21 5 23 14
21 5 24 9
22 9 4 12
22 9 12 7
22 9 15 14
22 9 17 20
22 9 22 8
22 9 24 7
22 9 26 15
23 9 4 5
23 9 12 17
23 9 15 19
23 9 17 11
23 9 22 15
23 9 24 11
23 9 26 5
24 6 1 14
24 6 11 4
25 0 0 9
25 0 6 10
25 0 9 5
25 0 12 14
25 0 22 14
25 0 27 5
25 7 2 12
25 7 9 13
25 7 16 2
25 7 22 5
26 3 4 12
26 3 5 18
26 3 10 12
26 3 12 13
26 3 13 1
26 3 24 4
26 3 25 4
26 3 27 14
26 3 28 6
26 3 29 17
26 5 0 6
26 5 1 7
26 5 4 1
26 5 8 20
26 5 10 5
26 5 13 16
26 5 23 12
26 5 24 13
27 1 13 9
28 0 0 8
28 0 6 6
28 0 9 16
28 0 12 9
28 0 22 1
28 0 27 10
28 2 7 15
28 2 8 8
28 2 9 10
28 2 10 13
28 2 19 18
29 0 0 5
29 0 6 12
29 0 9 11
29 0 12 10
29 0 22 14
29 0 27 8
30 0 0 1
30 0 6 15
30 0 9 2
30 0 12 17
30 0 22 4
30 0 27 10
30 9 4 19
30 9 12 2
30 9 15 20
30 9 17 19
30 9 22 15
30 9 24 12
30 9 26 11
31 7 2 5
31 7 9 3
31 7 16 12
31 7 22 16
32 2 7 7
32 2 8 8
32 2 9 5
32 2 10 6
32 2 19 5
32 3 4 17
32 3 5 7
32 3 10 7
32 3 12 11
32 3 13 13
32 3 24 2
32 3 25 8
32 3 27 7
32 3 28 6
32 3 29 20
33 8 1 13
33 8 3 14
33 8 13 9
33 8 20 3
34 2 7 15
34 2 8 9
34 2 9 4
34 2 10 19
34 2 19 15
35 3 4 7
35 3 5 16
35 3 10 11
35 3 12 10
35 3 13 17
35 3 24 17
35 3 25 17
35 3 27 6
35 3 28 4
35 3 29 14
36 6 1 6
36 6 11 8
37 8 1 19
37 8 3 16
37 8 13 14
37 8 20 4
38 0 0 15
38 0 6 16
38 0 9 19
38 0 12 15
38 0 22 12
38 0 27 17
38 2 7 8
38 2 8 18
38 2 9 10
38 2 10 19
38 2 19 7
39 1 13 18
39 3 4 11
39 3 5 2
39 3 10 2
39 3 12 14
39 3 13 8
39 3 24 17
39 3 25 8
39 3 27 19
39 3 28 19
39 3 29 3
39 4 9 6
39 4 10 16
39 4 13 2
39 4 14 5
39 4 15 11
39 4 18 12
39 4 20 6
39 4 21 13
40 0 0 4
40 0 6 1
40 0 9 20
40 0 12 18
40 0 22 2
40 0 27 3
40 6 1 18
40 6 11 20
40 9 4 13
40 9 12 13
40 9 15 1
40 9 17 10
40 9 22 6
40 9 24 13
40 9 26 20
41 4 9 17
41 4 10 4
41 4 13 16
41 4 14 15
41 4 15 7
41 4 18 15
41 4 20 9
41 4 21 12
41 7 2 12
41 7 9 17
41 7 16 3
41 7 22 5
42 4 9 17
42 4 10 4
42 4 13 15
42 4 14 6
42 4 15 4
42 4 18 11
42 4 20 9
42 4 21 8
43 4 9 12
43 4 10 6
43 4 13 15
43 4 14 7
43 4 15 17
43 4 18 6
43 4 20 9
43 4 21 3
44 2 7 7
44 2 8 18
44 2 9 1
44 2 10 5
44 2 19 14
44 7 2 9
44 7 9 20
44 7 16 16
44 7 22 15
45 0 0 8
45 0 6 4
45 0 9 3
45 0 12 17
45 0 22 13
45 0 27 18
45 2 7 11
45 2 8 9
45 2 9 16
45 2 10 18
45 2 19 7
45 7 2 7
45 7 9 10
45 7 16 11
45 7 22 1
46 3 4 5
46 3 5 3
46 3 10 3
46 3 12 2
46 3 13 13
46 3 24 9
46 3 25 15
46 3 27 11
46 3 28 19
46 3 29 1
47 0 0 1
47 0 6 10
47 0 9 12
47 0 12 9
47 0 22 9
47 0 27 5
48 1 13 16
48 5 0 18
48 5 1 6
48 5 4 5
48 5 8 17
48 5 10 3
48 5 13 1
48 5 23 9
48 5 24 18
48 6 1 16
48 6 11 2
48 8 1 12
48 8 3 16
48 8 13 10
48 8 20 1
49 3 4 1
49 3 5 19
49 3 10 7
49 3 12 1
49 3 13 20
49 3 24 19
49 3 25 19
49 3 27 6
49 3 28 7
49 3 29 16
49 5 0 9
49 5 1 12
49 5 4 20
49 5 8 6
49 5 10 1
49 5 13 16
49 5 23 20
49 5 24 19
-1 
0 3 4 18
0 3 5 71
0 3 10 95
0 3 12 82
0 3 13 184
0 3 24 142
0 3 25 52
0 3 27 15
0 3 28 29
0 3 29 178
1 4 9 78
1 4 10 57
1 4 13 102
1 4 14 61
1 4 15 100
1 4 18 58
1 4 20 1
1 4 21 15
2 6 1 21
2 6 11 164
3 3 4 26
3 3 5 73
3 3 10 69
3 3 12 61
3 3 13 130
3 3 24 103
3 3 25 150
3 3 27 167
3 3 28 167
3 3 29 58
3 5 0 107
3 5 1 118
3 5 4 37
3 5 8 4
3 5 10 68
3 5 13 84
3 5 23 150
3 5 24 161
3 6 1 50
3 6 11 125
4 6 1 35
4 6 11 98
4 7 2 84
4 7 9 161
4 7 16 148
4 7 22 147
4 8 1 124
4 8 3 11
4 8 13 192
4 8 20 53
4 9 4 33
4 9 12 7
4 9 15 160
4 9 17 165
4 9 22 73
4 9 24 61
4 9 26 154
5 9 4 67
5 9 12 36
5 9 15 139
5 9 17 173
5 9 22 200
5 9 24 56
5 9 26 194
6 5 0 171
6 5 1 5
6 5 4 23
6 5 8 106
6 5 10 111
6 5 13 187
6 5 23 10
6 5 24 185
7 1 13 164
8 0 0 180
8 0 6 176
8 0 9 67
8 0 12 49
8 0 22 102
8 0 27 102
8 1 13 140
8 5 0 77
8 5 1 65
8 5 4 113
8 5 8 64
8 5 10 9
8 5 13 115
8 5 23 23
8 5 24 189
8 6 1 96
8 6 11 44
9 4 9 170
9 4 10 67
9 4 13 145
9 4 14 96
9 4 15 158
9 4 18 188
9 4 20 16
9 4 21 84
9 6 1 75
9 6 11 95
10 0 0 71
10 0 6 64
10 0 9 55
10 0 12 61
10 0 22 134
10 0 27 126
11 5 0 185
11 5 1 131
11 5 4 8
11 5 8 191
11 5 10 18
11 5 13 82
11 5 23 155
11 5 24 75
12 1 13 20
12 3 4 176
12 3 5 171
12 3 10 185
12 3 12 1
12 3 13 115
12 3 24 2
12 3 25 195
12 3 27 118
12 3 28 34
12 3 29 184
13 1 13 95
13 4 9 92
13 4 10 16
13 4 13 145
13 4 14 71
13 4 15 137
13 4 18 157
13 4 20 143
13 4 21 129
13 8 1 163
13 8 3 89
13 8 13 109
13 8 20 86
14 4 9 172
14 4 10 20
14 4 13 141
14 4 14 189
14 4 15 71
14 4 18 176
14 4 20 176
14 4 21 115
14 7 2 2
14 7 9 16
14 7 16 162
14 7 22 12
15 7 2 35
15 7 9 59
15 7 16 160
15 7 22 185
15 9 4 1
15 9 12 100
15 9 15 28
15 9 17 70
15 9 22 46
15 9 24 108
15 9 26 151
16 9 4 42
16 9 12 22
16 9 15 25
16 9 17 83
16 9 22 66
16 9 24 183
16 9 26 15
17 0 0 17
17 0 6 115
17 0 9 55
17 0 12 118
17 0 22 153
17 0 27 119
17 1 13 162
17 5 0 146
17 5 1 93
17 5 4 138
17 5 8 83
17 5 10 153
17 5 13 119
17 5 23 72
17 5 24 148
17 6 1 53
17 6 11 109
18 0 0 195
18 0 6 105
18 0 9 142
18 0 12 183
18 0 22 106
18 0 27 88
19 2 7 47
19 2 8 96
19 2 9 144
19 2 10 14
19 2 19 114
20 8 1 195
20 8 3 190
20 8 13 42
20 8 20 121
21 2 7 165
21 2 8 166
21 2 9 30
21 2 10 185
21 2 19 47
21 5 0 180
21 5 1 152
21 5 4 199
21 5 8 84
21 5 10 170
21 5 13 187
21 5 23 111
21 5 24 129
22 9 4 56
22 9 12 132
22 9 15 149
22 9 17 80
22 9 22 48
22 9 24 30
22 9 26 144
23 9 4 114
23 9 12 4
23 9 15 70
23 9 17 104
23 9 22 74
23 9 24 64
23 9 26 189
24 6 1 54
24 6 11 65
25 0 0 151
25 0 6 70
25 0 9 184
25 0 12 4
25 0 22 22
25 0 27 65
25 7 2 25
25 7 9 53
25 7 16 90
25 7 22 83
26 3 4 3
26 3 5 101
26 3 10 27
26 3 12 88
26 3 13 90
26 3 24 162
26 3 25 43
26 3 27 112
26 3 28 133
26 3 29 189
26 5 0 37
26 5 1 128
26 5 4 81
26 5 8 128
26 5 10 178
26 5 13 185
26 5 23 168
26 5 24 133
27 1 13 122
28 0 0 199
28 0 6 54
28 0 9 190
28 0 12 14
28 0 22 114
28 0 27 122
28 2 7 196
28 2 8 77
28 2 9 58
28 2 10 24
28 2 19 20
29 0 0 139
29 0 6 51
29 0 9 21
29 0 12 135
29 0 22 94
29 0 27 54
30 0 0 40
30 0 6 1
30 0 9 24
30 0 12 24
30 0 22 47
30 0 27 179
30 9 4 52
30 9 12 115
30 9 15 52
30 9 17 95
30 9 22 107
30 9 24 179
30 9 26 62
31 7 2 119
31 7 9 56
31 7 16 152
31 7 22 23
32 2 7 22
32 2 8 66
32 2 9 167
32 2 10 61
32 2 19 142
32 3 4 59
32 3 5 76
32 3 10 200
32 3 12 99
32 3 13 182
32 3 24 165
32 3 25 105
32 3 27 28
32 3 28 183
32 3 29 186
33 8 1 63
33 8 3 147
33 8 13 66
33 8 20 166
34 2 7 162
34 2 8 113
34 2 9 138
34 2 10 142
34 2 19 78
35 3 4 162
35 3 5 112
35 3 10 11
35 3 12 88
35 3 13 76
35 3 24 10
35 3 25 14
35 3 27 101
35 3 28 197
35 3 29 114
36 6 1 119
36 6 11 133
37 8 1 58
37 8 3 80
37 8 13 2
37 8 20 157
38 0 0 29
38 0 6 135
38 0 9 79
38 0 12 25
38 0 22 120
38 0 27 127
38 2 7 87
38 2 8 119
38 2 9 21
38 2 10 188
38 2 19 195
39 1 13 200
39 3 4 71
39 3 5 121
39 3 10 11
39 3 12 34
39 3 13 78
39 3 24 115
39 3 25 102
39 3 27 123
39 3 28 94
39 3 29 49
39 4 9 70
39 4 10 39
39 4 13 77
39 4 14 161
39 4 15 157
39 4 18 94
39 4 20 61
39 4 21 182
40 0 0 69
40 0 6 146
40 0 9 6
40 0 12 1
40 0 22 186
40 0 27 158
40 6 1 52
40 6 11 24
40 9 4 62
40 9 12 110
40 9 15 32
40 9 17 31
40 9 22 89
40 9 24 17
40 9 26 57
41 4 9 21
41 4 10 62
41 4 13 171
41 4 14 26
41 4 15 165
41 4 18 6
41 4 20 159
41 4 21 145
41 7 2 156
41 7 9 33
41 7 16 194
41 7 22 108
42 4 9 104
42 4 10 2
42 4 13 33
42 4 14 104
42 4 15 143
42 4 18 35
42 4 20 47
42 4 21 161
43 4 9 73
43 4 10 115
43 4 13 35
43 4 14 162
43 4 15 164
43 4 18 77
43 4 20 118
43 4 21 174
44 2 7 145
44 2 8 51
44 2 9 60
44 2 10 123
44 2 19 63
44 7 2 23
44 7 9 147
44 7 16 61
44 7 22 85
45 0 0 21
45 0 6 121
45 0 9 156
45 0 12 113
45 0 22 126
45 0 27 200
45 2 7 157
45 2 8 15
45 2 9 43
45 2 10 79
45 2 19 96
45 7 2 144
45 7 9 189
45 7 16 30
45 7 22 195
46 3 4 35
46 3 5 142
46 3 10 107
46 3 12 57
46 3 13 148
46 3 24 36
46 3 25 21
46 3 27 38
46 3 28 130
46 3 29 75
47 0 0 55
47 0 6 56
47 0 9 99
47 0 12 2
47 0 22 194
47 0 27 100
48 1 13 161
48 5 0 184
48 5 1 53
48 5 4 15
48 5 8 200
48 5 10 52
48 5 13 61
48 5 23 159
48 5 24 35
48 6 1 149
48 6 11 193
48 8 1 198
48 8 3 132
48 8 13 75
48 8 20 111
49 3 4 195
49 3 5 111
49 3 10 19
49 3 12 63
49 3 13 65
49 3 24 79
49 3 25 141
49 3 27 104
49 3 28 176
49 3 29 75
49 5 0 123
49 5 1 151
49 5 4 1
49 5 8 84
49 5 10 33
49 5 13 93
49 5 23 72
49 5 24 79
-1 
0 4 1
0 13 3
0 14 1
0 19 1
0 22 3
0 24 2
0 25 2
0 26 1
0 28 4
0 32 2
0 43 3
0 46 4
0 49 2
1 0 3
1 4 3
1 6 3
1 9 1
1 10 3
1 15 1
1 16 4
1 25 2
1 28 1
1 30 1
2 2 1
2 6 3
2 7 3
2 10 2
2 13 3
2 15 3
2 20 2
2 29 4
2 32 4
2 35 2
2 45 2
2 47 3
2 49 4
3 0 1
3 2 2
3 3 3
3 4 2
3 5 3
3 6 1
3 12 2
3 14 3
3 20 1
3 31 4
3 32 4
3 43 1
3 44 2
3 48 3
4 1 3
4 3 1
4 13 3
4 17 3
4 18 1
4 19 1
4 20 1
4 35 1
4 38 3
4 46 4
4 48 3
5 0 3
5 11 4
5 17 1
5 20 2
5 21 1
5 25 3
5 26 4
5 29 4
5 30 1
5 39 4
5 40 3
5 42 3
5 44 3
6 11 2
6 12 4
6 24 1
6 28 1
6 30 1
6 32 1
6 33 3
6 42 1
6 43 3
6 44 2
6 46 4
7 0 1
7 8 1
7 9 1
7 10 4
7 11 1
7 13 1
7 14 1
7 16 1
7 23 4
7 27 4
7 29 1
7 32 3
8 7 4
8 8 2
8 10 4
8 12 3
8 13 2
8 16 3
8 19 1
8 26 4
8 28 1
8 34 2
9 0 1
9 1 4
9 2 1
9 6 4
9 8 3
9 9 2
9 14 4
9 15 4
9 18 3
9 19 2
9 24 2
9 26 3
9 28 1
9 36 4
9 41 3
9 43 3
9 44 4
9 45 2
10 1 3
10 4 3
10 5 3
10 12 4
10 21 3
10 25 4
10 35 2
10 41 1
10 45 2
10 47 2
11 1 3
11 7 2
11 10 3
11 11 2
11 20 1
11 27 3
11 37 3
11 42 1
11 47 1
12 1 3
12 2 1
12 5 2
12 9 1
12 12 2
12 18 4
12 21 2
12 35 2
12 44 4
12 47 2
12 49 2
13 7 3
13 14 1
13 18 1
13 27 2
13 31 1
13 35 3
13 36 2
13 38 1
13 41 3
13 42 2
13 45 4
14 0 1
14 1 3
14 4 2
14 9 4
14 11 4
14 17 4
14 37 4
14 43 2
14 44 1
14 47 3
14 49 4
15 6 2
15 14 1
15 22 2
15 26 4
15 35 3
15 37 2
15 47 4
16 0 4
16 3 1
16 18 1
16 20 2
16 21 3
16 25 2
16 28 2
16 29 4
16 33 2
16 35 2
16 38 2
16 42 1
17 6 3
17 10 3
17 16 1
17 30 2
17 32 4
17 33 3
17 39 1
17 49 2
18 0 4
18 4 2
18 13 1
18 23 2
18 27 4
18 28 3
18 31 2
18 32 3
18 42 1
19 0 4
19 6 2
19 7 1
19 8 1
19 13 1
19 16 2
19 20 1
19 21 1
19 27 4
19 31 4
19 35 3
19 36 2
19 40 4
19 43 1
20 0 2
20 1 1
20 9 1
20 15 1
20 16 4
20 19 2
20 25 4
20 27 1
20 28 3
20 29 4
20 38 2
20 46 4
20 49 4
21 0 4
21 4 2
21 8 1
21 9 2
21 18 3
21 22 4
21 24 1
21 25 3
21 27 1
21 28 2
21 29 4
21 42 3
21 47 3
21 48 3
21 49 1
22 9 4
22 11 3
22 13 3
22 16 4
22 22 1
22 23 1
22 30 3
22 33 3
22 34 3
22 37 1
22 38 3
22 42 1
22 49 4
23 0 4
23 3 4
23 6 1
23 7 2
23 11 1
23 20 3
23 23 2
23 24 1
23 28 1
23 30 1
23 40 4
23 41 2
23 42 3
23 44 4
23 45 4
23 49 4
24 5 4
24 9 1
24 16 2
24 18 4
24 22 1
24 26 2
24 29 2
24 31 4
24 35 1
24 37 4
24 41 1
24 49 2
25 0 3
25 1 4
25 11 3
25 12 4
25 18 3
25 26 4
25 27 4
25 30 4
25 32 1
25 35 3
25 36 3
25 37 1
25 41 3
25 44 2
26 0 1
26 1 2
26 6 1
26 7 3
26 10 2
26 12 1
26 15 2
26 18 2
26 20 4
26 24 2
26 29 1
26 32 2
26 37 3
26 42 2
26 43 3
26 47 4
26 49 4
27 0 4
27 1 3
27 2 4
27 3 4
27 5 3
27 8 2
27 10 2
27 17 1
27 18 3
27 23 2
27 28 4
27 36 4
27 39 2
27 41 3
27 47 4
28 8 4
28 12 3
28 22 1
28 23 4
28 28 3
28 43 1
28 47 3
29 0 3
29 1 2
29 2 3
29 4 4
29 5 2
29 8 3
29 12 2
29 14 4
29 15 2
29 18 4
29 19 2
29 21 2
29 24 4
29 28 2
29 33 2
29 36 4
29 37 2
29 39 1
29 42 1
29 44 4
29 45 4
30 4 1
30 11 2
30 13 2
30 14 3
30 15 1
30 16 4
30 19 1
30 20 1
30 24 4
30 29 2
30 36 4
30 42 1
30 44 4
30 45 2
31 6 3
31 11 2
31 12 2
31 19 4
31 20 4
31 28 1
31 29 2
31 38 4
31 41 1
31 42 3
31 44 4
31 47 2
32 2 1
32 7 4
32 11 1
32 14 4
32 16 1
32 17 1
32 20 4
32 21 4
32 27 1
32 35 4
32 38 4
32 39 3
32 40 2
32 42 4
32 45 4
33 0 3
33 1 3
33 8 1
33 16 3
33 18 4
33 28 2
33 31 4
33 34 4
33 38 3
33 42 3
33 43 3
33 45 4
34 0 1
34 2 3
34 4 4
34 8 3
34 11 2
34 17 4
34 18 3
34 20 1
34 27 2
34 32 3
34 33 3
34 34 2
34 36 3
34 40 4
34 44 1
34 45 1
34 49 2
35 0 4
35 7 2
35 10 3
35 23 1
35 25 3
35 29 3
35 30 1
35 31 3
35 32 1
35 33 3
35 37 4
35 38 4
35 39 3
35 42 4
35 45 2
36 8 4
36 9 4
36 14 4
36 16 3
36 25 4
36 26 3
36 29 4
36 30 1
36 31 2
36 34 1
36 46 2
36 47 2
36 48 1
36 49 4
37 0 1
37 5 4
37 10 1
37 11 2
37 13 3
37 19 2
37 24 1
37 26 3
37 30 3
37 32 4
37 45 2
38 2 3
38 9 3
38 18 3
38 24 1
38 29 3
38 30 4
38 42 4
38 45 4
38 46 2
38 47 4
38 49 2
39 0 3
39 1 3
39 2 2
39 7 3
39 24 3
39 25 3
39 27 1
39 29 4
39 31 2
39 32 4
39 47 3
39 48 1
39 49 3
40 5 2
40 9 3
40 11 4
40 18 4
40 19 1
40 20 4
40 24 4
40 28 1
40 29 4
40 34 2
40 39 4
40 42 3
40 47 3
40 49 2
41 0 1
41 6 4
41 10 3
41 11 1
41 18 2
41 22 1
41 24 4
41 25 3
41 27 2
41 30 3
41 38 3
42 3 4
42 7 3
42 9 4
42 11 2
42 12 1
42 17 2
42 24 4
42 25 4
42 28 3
42 32 1
42 36 1
42 37 4
42 47 3
42 49 2
43 6 2
43 7 4
43 10 2
43 15 2
43 17 4
43 21 3
43 27 3
43 32 1
43 39 2
43 40 4
43 42 2
43 45 2
44 1 3
44 6 3
44 7 2
44 10 1
44 12 4
44 15 3
44 22 1
44 24 2
44 29 4
44 30 2
44 36 2
44 37 3
44 39 2
44 44 1
44 47 4
45 6 3
45 13 2
45 17 2
45 21 2
45 26 3
45 32 3
45 36 1
45 37 2
45 41 2
45 43 1
46 5 2
46 12 2
46 16 4
46 18 1
46 21 4
46 24 1
46 29 3
46 31 4
46 39 3
46 41 3
46 42 4
46 48 3
46 49 4
47 2 3
47 9 3
47 12 2
47 14 3
47 29 4
47 37 4
47 38 2
47 40 4
47 46 1
47 47 3
47 48 4
47 49 2
48 1 3
48 5 3
48 8 3
48 13 2
48 14 3
48 15 2
48 16 3
48 17 2
48 18 4
48 19 3
48 22 1
48 26 2
48 28 2
48 29 1
48 30 3
48 31 4
48 32 2
48 39 1
48 43 4
48 44 4
48 45 4
48 47 2
48 48 1
49 0 3
49 6 3
49 8 3
49 11 4
49 15 3
49 18 3
49 19 4
49 21 3
49 25 1
49 30 1
49 34 2
49 35 4
49 37 2
49 38 2
49 47 1
-1 
0 0 312
0 6 2693
0 9 735
0 12 3193
0 22 1522
0 27 328
1 13 2147
2 7 1444
2 8 3021
2 9 3402
2 10 686
2 19 2821
3 4 2333
3 5 3159
3 10 842
3 12 1059
3 13 1857
3 24 2275
3 25 2044
3 27 349
3 28 2318
3 29 1707
4 9 167
4 10 2102
4 13 3559
4 14 2109
4 15 411
4 18 37
4 20 1822
4 21 596
5 0 1403
5 1 2105
5 4 1715
5 8 1390
5 10 1333
5 13 281
5 23 2024
5 24 1368
6 1 1278
6 11 1417
7 2 1014
7 9 962
7 16 1327
7 22 1287
8 1 1500
8 3 553
8 13 1803
8 20 2632
9 4 1350
9 12 95
9 15 3543
9 17 842
9 22 1167
9 24 3221
9 26 918
-1 
0 363
1 139
2 113
3 208
4 162
5 134
6 124
7 27
8 154
9 441
10 199
11 433
12 4
13 125
14 493
15 363
16 77
17 473
18 403
19 103
20 234
21 373
22 372
23 204
24 445
25 67
26 296
27 259
28 422
29 431
30 187
31 488
32 103
33 103
34 284
35 279
36 78
37 368
38 31
39 59
40 254
41 455
42 495
43 339
44 197
45 64
46 363
47 236
48 461
49 336
-1 
0 465
1 293
2 598
3 277
4 256
5 729
6 85
7 131
8 585
9 874
10 362
11 434
12 776
13 737
14 600
15 197
16 822
17 903
18 283
19 427
20 197
21 335
22 413
23 195
24 68
25 488
26 955
27 170
28 445
29 37
30 735
31 116
32 875
33 941
34 771
35 235
36 815
37 487
38 276
39 221
40 35
41 555
42 998
43 613
44 675
45 988
46 635
47 400
48 502
49 313
-1 
0 86400
1 86400
2 86400
3 86400
4 86400
5 86400
6 86400
7 86400
8 86400
9 86400
10 86400
11 86400
12 86400
13 86400
14 86400
15 86400
16 86400
17 86400
18 86400
19 86400
20 86400
21 86400
22 86400
23 86400
24 86400
25 86400
26 86400
27 86400
28 86400
29 86400
-1 
