50
50
10
30
0 8 1 16
0 8 2 9
0 8 3 3
0 8 11 20
0 8 13 4
0 8 14 16
0 8 20 13
1 6 5 4
1 6 16 12
1 6 17 2
1 6 21 14
1 6 23 4
1 6 24 12
1 6 26 6
1 6 27 5
1 6 28 12
1 6 29 6
2 9 2 17
2 9 5 2
2 9 8 17
2 9 9 20
2 9 11 15
2 9 14 19
2 9 17 7
2 9 21 13
2 9 22 5
2 9 25 3
3 2 4 10
3 2 15 1
3 2 23 9
3 2 26 11
3 3 10 6
3 3 12 8
3 3 19 16
4 4 2 10
4 4 7 14
4 4 8 18
4 4 13 7
4 4 23 13
4 4 26 5
4 4 27 9
5 9 2 18
5 9 5 20
5 9 8 8
5 9 9 6
5 9 11 1
5 9 14 19
5 9 17 4
5 9 21 13
5 9 22 3
5 9 25 14
6 1 6 6
6 1 7 1
6 1 13 17
6 1 19 5
6 1 23 7
6 5 9 5
6 5 10 1
6 5 23 19
6 5 27 2
6 6 5 20
6 6 16 5
6 6 17 13
6 6 21 8
6 6 23 9
6 6 24 4
6 6 26 6
6 6 27 7
6 6 28 8
6 6 29 6
6 8 1 2
6 8 2 17
6 8 3 3
6 8 11 15
6 8 13 6
6 8 14 1
6 8 20 18
7 4 2 20
7 4 7 7
7 4 8 19
7 4 13 3
7 4 23 13
7 4 26 18
7 4 27 9
8 1 6 18
8 1 7 20
8 1 13 18
8 1 19 15
8 1 23 16
8 5 9 8
8 5 10 11
8 5 23 2
8 5 27 18
8 8 1 9
8 8 2 3
8 8 3 12
8 8 11 6
8 8 13 2
8 8 14 17
8 8 20 1
9 1 6 20
9 1 7 19
9 1 13 2
9 1 19 11
9 1 23 18
9 5 9 14
9 5 10 7
9 5 23 20
9 5 27 16
9 8 1 13
9 8 2 14
9 8 3 13
9 8 11 9
9 8 13 1
9 8 14 20
9 8 20 4
10 0 0 1
10 0 5 14
10 0 7 20
10 0 11 16
10 0 12 5
10 0 18 4
10 0 26 10
11 2 4 5
11 2 15 18
11 2 23 8
11 2 26 1
12 2 4 20
12 2 15 4
12 2 23 14
12 2 26 15
12 4 2 12
12 4 7 6
12 4 8 17
12 4 13 19
12 4 23 14
12 4 26 16
12 4 27 17
12 8 1 12
12 8 2 1
12 8 3 13
12 8 11 16
12 8 13 11
12 8 14 3
12 8 20 10
13 4 2 7
13 4 7 12
13 4 8 14
13 4 13 20
13 4 23 6
13 4 26 16
13 4 27 12
14 7 0 3
14 7 9 5
14 7 16 1
14 7 18 20
14 7 21 7
14 8 1 10
14 8 2 15
14 8 3 8
14 8 11 19
14 8 13 7
14 8 14 5
14 8 20 5
15 8 1 2
15 8 2 16
15 8 3 9
15 8 11 5
15 8 13 18
15 8 14 5
15 8 20 13
16 3 10 3
16 3 12 5
16 3 19 4
16 6 5 14
16 6 16 18
16 6 17 9
16 6 21 14
16 6 23 1
16 6 24 10
16 6 26 18
16 6 27 14
16 6 28 9
16 6 29 12
17 1 6 2
17 1 7 20
17 1 13 17
17 1 19 4
17 1 23 4
17 2 4 7
17 2 15 3
17 2 23 16
17 2 26 15
17 3 10 12
17 3 12 20
17 3 19 7
17 4 2 9
17 4 7 20
17 4 8 3
17 4 13 9
17 4 23 17
17 4 26 6
17 4 27 7
17 6 5 17
17 6 16 1
17 6 17 19
17 6 21 16
17 6 23 3
17 6 24 19
17 6 26 13
17 6 27 8
17 6 28 17
17 6 29 3
18 0 0 9
18 0 5 19
18 0 7 10
18 0 11 20
18 0 12 19
18 0 18 3
18 0 26 10
19 8 1 7
19 8 2 12
19 8 3 14
19 8 11 20
19 8 13 5
19 8 14 7
19 8 20 2
20 5 9 11
20 5 10 8
20 5 23 13
20 5 27 16
20 9 2 8
20 9 5 18
20 9 8 16
20 9 9 15
20 9 11 6
20 9 14 9
20 9 17 17
20 9 21 3
20 9 22 14
20 9 25 18
21 1 6 7
21 1 7 20
21 1 13 17
21 1 19 12
21 1 23 6
21 2 4 10
21 2 15 3
21 2 23 5
21 2 26 1
22 5 9 1
22 5 10 20
22 5 23 18
22 5 27 17
22 6 5 14
22 6 16 11
22 6 17 15
22 6 21 10
22 6 23 17
22 6 24 20
22 6 26 1
22 6 27 11
22 6 28 13
22 6 29 11
22 9 2 11
22 9 5 14
22 9 8 13
22 9 9 7
22 9 11 2
22 9 14 11
22 9 17 18
22 9 21 6
22 9 22 5
22 9 25 15
23 0 0 19
23 0 5 12
23 0 7 12
23 0 11 8
23 0 12 16
23 0 18 15
23 0 26 16
23 2 4 16
23 2 15 13
23 2 23 17
23 2 26 15
24 0 0 5
24 0 5 6
24 0 7 7
24 0 11 10
24 0 12 2
24 0 18 10
24 0 26 5
25 3 10 12
25 3 12 20
25 3 19 2
26 7 0 6
26 7 9 9
26 7 16 13
26 7 18 15
26 7 21 1
27 2 4 2
27 2 15 13
27 2 23 7
27 2 26 17
28 2 4 12
28 2 15 13
28 2 23 18
28 2 26 10
28 4 2 13
28 4 7 18
28 4 8 4
28 4 13 1
28 4 23 9
28 4 26 4
28 4 27 17
29 0 0 2
29 0 5 17
29 0 7 5
29 0 11 11
29 0 12 13
29 0 18 8
29 0 26 16
30 7 0 3
30 7 9 10
30 7 16 12
30 7 18 11
30 7 21 6
30 9 2 7
30 9 5 19
30 9 8 4
30 9 9 13
30 9 11 4
30 9 14 5
30 9 17 4
30 9 21 6
30 9 22 15
30 9 25 14
31 7 0 4
31 7 9 18
31 7 16 8
31 7 18 18
31 7 21 19
31 9 2 8
31 9 5 3
31 9 8 11
31 9 9 14
31 9 11 6
31 9 14 7
31 9 17 15
31 9 21 5
31 9 22 19
31 9 25 19
32 1 6 13
32 1 7 10
32 1 13 2
32 1 19 12
32 1 23 18
32 2 4 2
32 2 15 5
32 2 23 2
32 2 26 13
32 5 9 8
32 5 10 14
32 5 23 13
32 5 27 14
33 9 2 15
33 9 5 11
33 9 8 11
33 9 9 5
33 9 11 12
33 9 14 15
33 9 17 9
33 9 21 8
33 9 22 4
33 9 25 9
34 7 0 19
34 7 9 6
34 7 16 16
34 7 18 4
34 7 21 16
35 0 0 10
35 0 5 12
35 0 7 12
35 0 11 5
35 0 12 8
35 0 18 11
35 0 26 15
35 1 6 15
35 1 7 14
35 1 13 11
35 1 19 20
35 1 23 20
35 2 4 11
35 2 15 10
35 2 23 5
35 2 26 4
36 3 10 15
36 3 12 3
36 3 19 8
37 1 6 3
37 1 7 6
37 1 13 5
37 1 19 13
37 1 23 7
37 9 2 16
37 9 5 19
37 9 8 14
37 9 9 19
37 9 11 8
37 9 14 8
37 9 17 6
37 9 21 14
37 9 22 14
37 9 25 10
38 2 4 1
38 2 15 4
38 2 23 3
38 2 26 15
38 4 2 4
38 4 7 8
38 4 8 14
38 4 13 9
38 4 23 17
38 4 26 5
38 4 27 11
38 7 0 19
38 7 9 11
38 7 16 3
38 7 18 2
38 7 21 13
39 3 10 8
39 3 12 18
39 3 19 3
40 1 6 18
40 1 7 9
40 1 13 19
40 1 19 17
40 1 23 16
41 5 9 13
41 5 10 10
41 5 23 1
41 5 27 19
42 0 0 3
42 0 5 3
42 0 7 13
42 0 11 7
42 0 12 11
42 0 18 9
42 0 26 18
42 7 0 5
42 7 9 7
42 7 16 1
42 7 18 18
42 7 21 20
42 9 2 5
42 9 5 8
42 9 8 4
42 9 9 13
42 9 11 18
42 9 14 9
42 9 17 7
42 9 21 6
42 9 22 8
42 9 25 12
43 5 9 17
43 5 10 12
43 5 23 7
43 5 27 9
44 6 5 2
44 6 16 13
44 6 17 5
44 6 21 14
44 6 23 11
44 6 24 8
44 6 26 3
44 6 27 11
44 6 28 11
44 6 29 6
45 8 1 6
45 8 2 16
45 8 3 1
45 8 11 14
45 8 13 14
45 8 14 1
45 8 20 10
46 0 0 4
46 0 5 5
46 0 7 4
46 0 11 7
46 0 12 8
46 0 18 12
46 0 26 5
46 1 6 11
46 1 7 3
46 1 13 11
46 1 19 4
46 1 23 8
46 3 10 16
46 3 12 5
46 3 19 20
46 8 1 1
46 8 2 3
46 8 3 11
46 8 11 10
46 8 13 19
46 8 14 15
46 8 20 4
46 9 2 17
46 9 5 6
46 9 8 19
46 9 9 18
46 9 11 20
46 9 14 20
46 9 17 9
46 9 21 19
46 9 22 11
46 9 25 6
47 7 0 14
47 7 9 7
47 7 16 3
47 7 18 9
47 7 21 4
48 2 4 7
48 2 15 3
48 2 23 5
48 2 26 3
48 9 2 13
48 9 5 19
48 9 8 20
48 9 9 16
48 9 11 9
48 9 14 12
48 9 17 20
48 9 21 6
48 9 22 4
48 9 25 13
49 0 0 2
49 0 5 8
49 0 7 17
49 0 11 3
49 0 12 8
49 0 18 1
49 0 26 3
-1 
0 8 1 20
0 8 2 80
0 8 3 192
0 8 11 111
0 8 13 104
0 8 14 30
0 8 20 39
1 6 5 41
1 6 16 108
1 6 17 166
1 6 21 8
1 6 23 53
1 6 24 53
1 6 26 131
1 6 27 91
1 6 28 158
1 6 29 55
2 9 2 107
2 9 5 70
2 9 8 154
2 9 9 53
2 9 11 31
2 9 14 45
2 9 17 3
2 9 21 8
2 9 22 199
2 9 25 108
3 2 4 131
3 2 15 91
3 2 23 147
3 2 26 188
3 3 10 167
3 3 12 122
3 3 19 67
4 4 2 92
4 4 7 166
4 4 8 111
4 4 13 25
4 4 23 109
4 4 26 22
4 4 27 30
5 9 2 114
5 9 5 146
5 9 8 198
5 9 9 197
5 9 11 116
5 9 14 108
5 9 17 151
5 9 21 57
5 9 22 155
5 9 25 184
6 1 6 117
6 1 7 182
6 1 13 26
6 1 19 161
6 1 23 25
6 5 9 5
6 5 10 6
6 5 23 188
6 5 27 3
6 6 5 143
6 6 16 45
6 6 17 72
6 6 21 180
6 6 23 115
6 6 24 91
6 6 26 33
6 6 27 149
6 6 28 196
6 6 29 58
6 8 1 16
6 8 2 27
6 8 3 192
6 8 11 96
6 8 13 68
6 8 14 10
6 8 20 31
7 4 2 100
7 4 7 170
7 4 8 167
7 4 13 47
7 4 23 192
7 4 26 63
7 4 27 149
8 1 6 54
8 1 7 194
8 1 13 19
8 1 19 24
8 1 23 104
8 5 9 166
8 5 10 96
8 5 23 135
8 5 27 135
8 8 1 197
8 8 2 153
8 8 3 138
8 8 11 133
8 8 13 49
8 8 14 144
8 8 20 130
9 1 6 99
9 1 7 10
9 1 13 106
9 1 19 19
9 1 23 17
9 5 9 136
9 5 10 45
9 5 23 21
9 5 27 130
9 8 1 25
9 8 2 170
9 8 3 59
9 8 11 19
9 8 13 142
9 8 14 77
9 8 20 170
10 0 0 64
10 0 5 103
10 0 7 154
10 0 11 50
10 0 12 133
10 0 18 83
10 0 26 67
11 2 4 103
11 2 15 171
11 2 23 8
11 2 26 37
12 2 4 65
12 2 15 175
12 2 23 30
12 2 26 183
12 4 2 187
12 4 7 108
12 4 8 171
12 4 13 141
12 4 23 128
12 4 26 81
12 4 27 100
12 8 1 25
12 8 2 129
12 8 3 120
12 8 11 153
12 8 13 183
12 8 14 14
12 8 20 119
13 4 2 16
13 4 7 137
13 4 8 3
13 4 13 81
13 4 23 14
13 4 26 189
13 4 27 197
14 7 0 53
14 7 9 100
14 7 16 28
14 7 18 153
14 7 21 77
14 8 1 41
14 8 2 93
14 8 3 136
14 8 11 21
14 8 13 94
14 8 14 137
14 8 20 153
15 8 1 130
15 8 2 182
15 8 3 42
15 8 11 159
15 8 13 85
15 8 14 128
15 8 20 156
16 3 10 11
16 3 12 169
16 3 19 52
16 6 5 193
16 6 16 66
16 6 17 42
16 6 21 47
16 6 23 117
16 6 24 137
16 6 26 91
16 6 27 102
16 6 28 20
16 6 29 143
17 1 6 165
17 1 7 6
17 1 13 8
17 1 19 20
17 1 23 145
17 2 4 115
17 2 15 48
17 2 23 70
17 2 26 147
17 3 10 44
17 3 12 85
17 3 19 8
17 4 2 129
17 4 7 22
17 4 8 62
17 4 13 36
17 4 23 158
17 4 26 162
17 4 27 58
17 6 5 153
17 6 16 60
17 6 17 161
17 6 21 24
17 6 23 200
17 6 24 136
17 6 26 89
17 6 27 190
17 6 28 31
17 6 29 190
18 0 0 129
18 0 5 199
18 0 7 129
18 0 11 52
18 0 12 177
18 0 18 114
18 0 26 191
19 8 1 158
19 8 2 115
19 8 3 137
19 8 11 182
19 8 13 89
19 8 14 21
19 8 20 107
20 5 9 79
20 5 10 81
20 5 23 16
20 5 27 162
20 9 2 189
20 9 5 154
20 9 8 117
20 9 9 117
20 9 11 96
20 9 14 68
20 9 17 199
20 9 21 26
20 9 22 28
20 9 25 134
21 1 6 173
21 1 7 125
21 1 13 59
21 1 19 76
21 1 23 38
21 2 4 154
21 2 15 5
21 2 23 46
21 2 26 1
22 5 9 82
22 5 10 40
22 5 23 159
22 5 27 135
22 6 5 115
22 6 16 109
22 6 17 143
22 6 21 24
22 6 23 174
22 6 24 177
22 6 26 112
22 6 27 4
22 6 28 184
22 6 29 79
22 9 2 137
22 9 5 168
22 9 8 66
22 9 9 179
22 9 11 113
22 9 14 31
22 9 17 196
22 9 21 148
22 9 22 196
22 9 25 37
23 0 0 200
23 0 5 191
23 0 7 175
23 0 11 52
23 0 12 40
23 0 18 148
23 0 26 51
23 2 4 35
23 2 15 37
23 2 23 44
23 2 26 68
24 0 0 123
24 0 5 61
24 0 7 58
24 0 11 106
24 0 12 131
24 0 18 45
24 0 26 177
25 3 10 167
25 3 12 111
25 3 19 170
26 7 0 38
26 7 9 62
26 7 16 82
26 7 18 70
26 7 21 135
27 2 4 200
27 2 15 188
27 2 23 185
27 2 26 90
28 2 4 37
28 2 15 101
28 2 23 186
28 2 26 162
28 4 2 181
28 4 7 128
28 4 8 177
28 4 13 79
28 4 23 61
28 4 26 153
28 4 27 128
29 0 0 26
29 0 5 144
29 0 7 102
29 0 11 162
29 0 12 52
29 0 18 122
29 0 26 42
30 7 0 196
30 7 9 83
30 7 16 143
30 7 18 40
30 7 21 119
30 9 2 85
30 9 5 192
30 9 8 76
30 9 9 139
30 9 11 25
30 9 14 115
30 9 17 118
30 9 21 56
30 9 22 171
30 9 25 23
31 7 0 199
31 7 9 40
31 7 16 135
31 7 18 152
31 7 21 66
31 9 2 3
31 9 5 90
31 9 8 39
31 9 9 31
31 9 11 163
31 9 14 133
31 9 17 184
31 9 21 30
31 9 22 90
31 9 25 145
32 1 6 138
32 1 7 152
32 1 13 59
32 1 19 174
32 1 23 34
32 2 4 84
32 2 15 145
32 2 23 174
32 2 26 68
32 5 9 127
32 5 10 83
32 5 23 173
32 5 27 146
33 9 2 108
33 9 5 157
33 9 8 191
33 9 9 190
33 9 11 194
33 9 14 20
33 9 17 108
33 9 21 149
33 9 22 119
33 9 25 149
34 7 0 36
34 7 9 72
34 7 16 56
34 7 18 172
34 7 21 41
35 0 0 142
35 0 5 192
35 0 7 168
35 0 11 71
35 0 12 142
35 0 18 49
35 0 26 145
35 1 6 152
35 1 7 40
35 1 13 62
35 1 19 97
35 1 23 155
35 2 4 8
35 2 15 57
35 2 23 147
35 2 26 161
36 3 10 78
36 3 12 55
36 3 19 7
37 1 6 100
37 1 7 190
37 1 13 128
37 1 19 198
37 1 23 148
37 9 2 124
37 9 5 74
37 9 8 165
37 9 9 180
37 9 11 60
37 9 14 39
37 9 17 184
37 9 21 171
37 9 22 188
37 9 25 84
38 2 4 96
38 2 15 47
38 2 23 23
38 2 26 124
38 4 2 95
38 4 7 90
38 4 8 166
38 4 13 33
38 4 23 123
38 4 26 184
38 4 27 129
38 7 0 52
38 7 9 69
38 7 16 47
38 7 18 57
38 7 21 93
39 3 10 40
39 3 12 5
39 3 19 177
40 1 6 12
40 1 7 83
40 1 13 179
40 1 19 16
40 1 23 11
41 5 9 149
41 5 10 16
41 5 23 16
41 5 27 142
42 0 0 112
42 0 5 28
42 0 7 23
42 0 11 181
42 0 12 105
42 0 18 29
42 0 26 91
42 7 0 39
42 7 9 88
42 7 16 74
42 7 18 149
42 7 21 18
42 9 2 165
42 9 5 157
42 9 8 198
42 9 9 142
42 9 11 198
42 9 14 86
42 9 17 174
42 9 21 89
42 9 22 70
42 9 25 108
43 5 9 94
43 5 10 193
43 5 23 159
43 5 27 163
44 6 5 60
44 6 16 97
44 6 17 42
44 6 21 120
44 6 23 40
44 6 24 4
44 6 26 120
44 6 27 125
44 6 28 194
44 6 29 172
45 8 1 95
45 8 2 61
45 8 3 21
45 8 11 127
45 8 13 119
45 8 14 157
45 8 20 82
46 0 0 43
46 0 5 35
46 0 7 166
46 0 11 167
46 0 12 35
46 0 18 68
46 0 26 143
46 1 6 170
46 1 7 23
46 1 13 116
46 1 19 170
46 1 23 133
46 3 10 174
46 3 12 28
46 3 19 36
46 8 1 13
46 8 2 96
46 8 3 19
46 8 11 21
46 8 13 24
46 8 14 166
46 8 20 11
46 9 2 36
46 9 5 41
46 9 8 34
46 9 9 66
46 9 11 49
46 9 14 173
46 9 17 4
46 9 21 121
46 9 22 161
46 9 25 62
47 7 0 55
47 7 9 1
47 7 16 160
47 7 18 92
47 7 21 101
48 2 4 5
48 2 15 95
48 2 23 146
48 2 26 73
48 9 2 58
48 9 5 19
48 9 8 33
48 9 9 21
48 9 11 161
48 9 14 129
48 9 17 110
48 9 21 103
48 9 22 19
48 9 25 52
49 0 0 49
49 0 5 102
49 0 7 194
49 0 11 36
49 0 12 6
49 0 18 58
49 0 26 94
-1 
0 4 2
0 5 2
0 6 1
0 11 3
0 17 3
0 18 4
0 19 4
0 34 3
0 35 4
0 37 3
0 39 3
0 47 2
0 49 2
1 1 3
1 10 2
1 11 4
1 14 1
1 19 2
1 22 2
1 35 2
1 46 4
1 48 3
2 5 4
2 17 3
2 22 3
2 23 3
2 31 2
2 33 1
2 34 2
2 43 2
2 46 3
2 47 2
3 2 3
3 4 2
3 10 4
3 15 1
3 19 2
3 25 1
3 33 2
3 34 1
3 35 4
3 39 2
3 43 3
3 45 1
3 48 4
4 1 4
4 4 4
4 19 3
4 27 1
4 28 4
4 30 2
4 32 3
4 33 1
4 34 4
4 46 2
5 0 1
5 3 1
5 8 1
5 9 2
5 14 2
5 15 3
5 25 3
5 34 4
5 39 1
5 41 3
6 9 4
6 11 1
6 23 3
6 24 2
6 29 4
6 30 4
6 31 1
6 34 3
6 36 3
6 42 3
6 43 1
6 44 4
6 45 4
7 0 2
7 3 4
7 6 2
7 9 1
7 11 1
7 12 1
7 16 3
7 21 2
7 22 4
7 26 2
7 27 3
7 31 2
7 36 4
7 46 3
7 47 2
7 49 4
8 0 3
8 3 2
8 13 2
8 18 1
8 19 4
8 27 4
8 31 4
8 33 4
8 35 3
8 38 2
8 44 1
8 46 3
9 3 2
9 4 4
9 8 4
9 10 3
9 15 2
9 25 3
9 26 2
9 27 3
9 32 1
9 42 3
9 44 4
10 7 4
10 15 4
10 16 1
10 17 2
10 23 2
10 24 4
10 26 2
10 31 2
10 35 3
10 43 2
11 4 1
11 6 3
11 10 4
11 12 2
11 13 1
11 23 3
11 27 1
11 34 3
11 35 2
11 38 1
11 42 1
11 45 2
11 46 2
11 48 4
12 1 3
12 3 3
12 6 1
12 14 2
12 21 4
12 24 1
12 25 4
12 26 4
12 32 1
12 33 1
12 35 3
12 36 1
12 37 1
12 40 1
12 43 2
12 46 3
13 1 4
13 4 2
13 6 3
13 7 2
13 9 3
13 15 4
13 19 2
13 24 3
13 25 1
13 26 4
13 28 2
13 35 1
13 37 4
13 38 1
13 39 2
13 46 4
13 47 1
14 10 3
14 14 3
14 17 3
14 18 4
14 19 3
14 21 3
14 22 2
14 34 4
14 35 3
14 36 2
14 41 4
14 45 2
14 46 1
15 5 3
15 7 4
15 11 3
15 18 4
15 23 2
15 37 1
15 42 2
15 44 1
15 48 2
16 3 2
16 8 1
16 9 4
16 12 3
16 14 3
16 17 3
16 19 4
16 24 2
16 34 2
16 39 3
16 44 1
16 45 3
16 46 4
16 48 1
17 2 4
17 3 4
17 11 2
17 15 3
17 16 4
17 27 1
17 28 3
17 30 4
17 32 1
17 44 1
18 17 1
18 21 4
18 23 4
18 24 4
18 27 2
18 28 3
18 29 4
18 33 3
18 40 3
18 43 3
18 46 1
18 49 3
19 0 1
19 1 2
19 5 2
19 9 1
19 13 3
19 15 3
19 19 3
19 26 1
19 33 4
19 34 3
19 38 2
20 11 1
20 13 3
20 14 4
20 16 2
20 20 3
20 26 2
20 35 3
20 40 1
21 6 4
21 9 1
21 10 2
21 18 1
21 25 2
21 28 4
21 35 3
21 37 2
21 41 4
21 45 1
21 46 3
22 2 4
22 4 3
22 5 3
22 12 1
22 18 1
22 20 3
22 21 3
22 23 4
22 24 4
22 27 2
22 29 4
22 30 2
22 38 2
22 40 4
22 41 4
22 46 2
23 2 3
23 8 4
23 12 1
23 18 4
23 19 1
23 23 4
23 25 4
23 28 2
23 29 1
23 32 3
23 33 4
23 36 2
23 42 2
23 45 1
23 47 2
23 49 2
24 1 2
24 3 2
24 5 2
24 8 1
24 10 3
24 11 3
24 14 4
24 15 3
24 18 3
24 26 4
24 28 1
24 29 2
24 31 2
24 35 3
24 38 3
24 41 1
24 42 3
24 48 2
25 3 4
25 7 4
25 8 1
25 9 2
25 10 4
25 12 3
25 14 2
25 20 2
25 23 2
25 35 4
25 37 3
25 38 3
25 40 1
25 46 1
26 8 3
26 9 1
26 20 1
26 21 4
26 29 3
26 33 3
26 34 4
26 36 4
26 37 2
26 44 2
26 47 1
27 0 3
27 3 1
27 6 1
27 12 3
27 15 2
27 18 1
27 23 4
27 24 2
27 26 3
27 29 4
27 30 4
27 33 1
27 41 4
27 42 3
27 45 1
27 49 2
28 3 3
28 11 2
28 14 1
28 16 3
28 17 3
28 20 1
28 22 3
28 26 1
28 35 2
28 38 4
28 39 1
28 40 1
28 43 2
29 1 4
29 5 1
29 13 1
29 15 4
29 19 4
29 20 1
29 22 2
29 23 4
29 28 1
29 33 1
29 35 4
29 39 1
29 46 4
30 4 4
30 9 1
30 12 4
30 18 3
30 24 3
30 25 3
30 29 2
30 31 4
30 32 3
30 36 2
30 48 1
31 3 2
31 10 2
31 13 1
31 16 2
31 18 1
31 24 1
31 26 4
31 27 1
31 31 2
31 32 3
31 37 3
31 42 2
31 46 4
32 1 3
32 3 3
32 22 4
32 24 1
32 27 2
32 34 1
32 47 1
32 48 4
33 0 4
33 1 3
33 7 4
33 8 4
33 10 4
33 15 2
33 18 1
33 24 4
33 25 3
33 28 1
33 31 1
33 33 1
33 34 2
33 46 3
34 4 1
34 8 3
34 9 1
34 11 4
34 15 1
34 16 4
34 18 2
34 19 2
34 26 2
34 27 4
34 30 4
34 33 2
34 34 2
34 35 3
34 36 2
34 37 2
34 39 4
34 40 1
34 44 1
35 4 1
35 7 4
35 12 1
35 13 4
35 14 2
35 18 3
35 20 3
35 21 1
35 22 2
35 33 1
35 34 1
35 35 2
35 41 2
35 42 1
35 45 4
36 0 3
36 5 3
36 9 2
36 10 2
36 11 1
36 14 2
36 21 4
36 33 2
36 34 1
36 39 1
36 43 4
36 44 3
36 47 4
36 49 2
37 0 4
37 5 4
37 10 4
37 11 3
37 12 1
37 13 2
37 18 2
37 19 3
37 22 2
37 23 1
37 30 4
37 32 4
37 37 2
37 39 3
37 41 2
37 42 4
37 46 2
38 1 3
38 2 3
38 3 4
38 8 1
38 19 4
38 21 4
38 28 1
38 29 4
38 30 2
38 35 4
38 36 2
38 39 1
38 41 4
38 42 3
38 46 2
38 47 4
38 49 4
39 1 4
39 2 3
39 5 3
39 7 2
39 9 1
39 24 3
39 28 3
39 29 3
39 33 4
39 38 3
39 42 1
39 43 1
39 45 1
39 47 1
39 48 4
40 4 3
40 5 2
40 9 3
40 38 2
41 1 4
41 4 2
41 7 3
41 8 2
41 19 4
41 23 1
41 32 4
41 36 3
41 37 2
41 41 4
41 42 2
41 47 2
42 0 4
42 3 4
42 5 4
42 8 3
42 10 1
42 12 1
42 14 4
42 19 1
42 39 3
42 40 1
43 0 4
43 5 1
43 23 1
43 24 3
43 32 4
43 41 1
43 47 3
44 5 2
44 12 4
44 15 4
44 21 4
44 24 3
44 27 1
44 28 3
44 30 3
44 31 3
44 32 2
44 33 1
44 39 4
44 44 4
45 1 4
45 12 4
45 13 4
45 14 4
45 16 2
45 20 2
45 30 1
45 31 2
45 32 1
45 35 4
45 37 2
46 2 2
46 6 1
46 12 4
46 16 4
46 19 1
46 26 2
46 29 3
46 38 4
46 39 2
46 40 3
46 42 4
46 49 3
47 8 4
47 9 1
47 11 3
47 13 2
47 14 2
47 28 3
47 32 2
47 33 3
47 36 3
47 40 1
47 41 1
47 42 3
47 48 2
47 49 4
48 1 4
48 4 3
48 6 3
48 7 4
48 8 4
48 9 4
48 18 2
48 30 4
48 31 1
48 33 3
48 39 2
48 42 3
48 46 2
49 16 3
49 23 2
49 35 1
49 41 4
49 48 1
49 49 1
-1 
0 0 739
0 5 3332
0 7 2552
0 11 1764
0 12 1631
0 18 2500
0 26 3089
1 6 3532
1 7 90
1 13 1347
1 19 999
1 23 2700
2 4 1649
2 15 2155
2 23 791
2 26 2731
3 10 823
3 12 571
3 19 2661
4 2 2939
4 7 103
4 8 2299
4 13 3551
4 23 3557
4 26 295
4 27 2379
5 9 1135
5 10 5
5 23 14
5 27 1531
6 5 1120
6 16 1123
6 17 3434
6 21 2550
6 23 617
6 24 173
6 26 2478
6 27 2101
6 28 1306
6 29 2047
7 0 2942
7 9 3579
7 16 3134
7 18 2851
7 21 2097
8 1 1672
8 2 1856
8 3 3104
8 11 2554
8 13 2141
8 14 3128
8 20 1914
9 2 428
9 5 1004
9 8 3113
9 9 528
9 11 500
9 14 2388
9 17 2430
9 21 3594
9 22 2607
9 25 1713
-1 
0 429
1 432
2 324
3 260
4 375
5 148
6 451
7 293
8 449
9 27
10 259
11 302
12 486
13 386
14 204
15 78
16 215
17 386
18 426
19 18
20 353
21 345
22 398
23 491
24 479
25 407
26 443
27 341
28 366
29 382
30 122
31 288
32 457
33 33
34 45
35 386
36 341
37 147
38 485
39 473
40 455
41 48
42 79
43 53
44 402
45 336
46 455
47 200
48 111
49 344
-1 
0 741
1 211
2 445
3 863
4 617
5 388
6 635
7 332
8 692
9 712
10 561
11 672
12 39
13 454
14 124
15 896
16 580
17 747
18 404
19 970
20 500
21 721
22 112
23 287
24 1
25 251
26 639
27 422
28 194
29 251
30 18
31 389
32 215
33 342
34 230
35 48
36 494
37 566
38 610
39 72
40 597
41 449
42 771
43 527
44 38
45 529
46 770
47 751
48 454
49 104
-1 
0 86400
1 86400
2 86400
3 86400
4 86400
5 86400
6 86400
7 86400
8 86400
9 86400
10 86400
11 86400
12 86400
13 86400
14 86400
15 86400
16 86400
17 86400
18 86400
19 86400
20 86400
21 86400
22 86400
23 86400
24 86400
25 86400
26 86400
27 86400
28 86400
29 86400
-1 
