50
50
10
30
0 2 10 8
0 2 11 11
0 2 12 10
0 2 14 13
0 2 24 9
0 2 25 20
0 2 29 7
0 7 10 3
0 7 18 8
0 9 2 4
0 9 13 9
0 9 15 8
0 9 21 5
0 9 24 4
0 9 26 8
1 7 10 4
1 7 18 4
2 2 10 12
2 2 11 13
2 2 12 20
2 2 14 7
2 2 24 15
2 2 25 8
2 2 29 3
2 3 0 4
2 3 6 15
2 3 16 5
2 3 23 2
2 3 25 13
2 4 2 18
2 4 3 6
2 4 9 3
2 4 11 5
2 4 17 10
2 4 22 19
2 4 29 13
3 1 6 7
3 1 20 10
4 9 2 11
4 9 13 10
4 9 15 2
4 9 21 5
4 9 24 11
4 9 26 5
5 8 0 13
5 8 5 13
5 8 6 3
5 8 7 13
5 8 13 1
6 2 10 7
6 2 11 9
6 2 12 9
6 2 14 2
6 2 24 10
6 2 25 8
6 2 29 2
7 6 7 2
7 6 8 17
7 6 9 18
7 6 10 1
7 6 11 6
7 6 27 11
8 7 10 7
8 7 18 4
9 7 10 18
9 7 18 14
9 8 0 4
9 8 5 17
9 8 6 11
9 8 7 5
9 8 13 10
10 9 2 19
10 9 13 7
10 9 15 17
10 9 21 3
10 9 24 20
10 9 26 3
11 5 0 1
11 5 1 10
11 5 4 14
11 5 12 14
11 5 16 5
11 5 19 7
11 5 21 6
11 5 24 2
11 9 2 15
11 9 13 4
11 9 15 7
11 9 21 15
11 9 24 17
11 9 26 6
12 0 2 14
12 0 12 5
12 0 22 8
12 0 23 17
12 0 28 17
13 0 2 20
13 0 12 1
13 0 22 5
13 0 23 19
13 0 28 14
14 1 6 17
14 1 20 13
15 1 6 9
15 1 20 11
15 7 10 18
15 7 18 1
16 2 10 8
16 2 11 16
16 2 12 9
16 2 14 2
16 2 24 15
16 2 25 7
16 2 29 3
17 4 2 5
17 4 3 13
17 4 9 5
17 4 11 11
17 4 17 16
17 4 22 3
17 4 29 1
18 6 7 10
18 6 8 8
18 6 9 11
18 6 10 5
18 6 11 5
18 6 27 15
18 9 2 16
18 9 13 9
18 9 15 20
18 9 21 18
18 9 24 12
18 9 26 16
19 3 0 15
19 3 6 2
19 3 16 18
19 3 23 16
19 3 25 8
19 6 7 1
19 6 8 4
19 6 9 17
19 6 10 11
19 6 11 8
19 6 27 15
20 3 0 14
20 3 6 8
20 3 16 19
20 3 23 18
20 3 25 13
21 5 0 17
21 5 1 20
21 5 4 5
21 5 12 9
21 5 16 4
21 5 19 7
21 5 21 15
21 5 24 6
21 8 0 7
21 8 5 6
21 8 6 16
21 8 7 3
21 8 13 8
21 9 2 1
21 9 13 14
21 9 15 4
21 9 21 15
21 9 24 2
21 9 26 6
22 0 2 6
22 0 12 10
22 0 22 3
22 0 23 9
22 0 28 6
22 3 0 13
22 3 6 13
22 3 16 15
22 3 23 10
22 3 25 8
23 0 2 10
23 0 12 6
23 0 22 6
23 0 23 4
23 0 28 3
23 9 2 7
23 9 13 6
23 9 15 9
23 9 21 9
23 9 24 13
23 9 26 14
24 1 6 15
24 1 20 2
25 0 2 7
25 0 12 6
25 0 22 10
25 0 23 6
25 0 28 13
25 5 0 5
25 5 1 15
25 5 4 16
25 5 12 19
25 5 16 5
25 5 19 17
25 5 21 3
25 5 24 14
25 6 7 17
25 6 8 15
25 6 9 9
25 6 10 1
25 6 11 15
25 6 27 10
26 4 2 10
26 4 3 3
26 4 9 18
26 4 11 4
26 4 17 17
26 4 22 12
26 4 29 17
27 6 7 9
27 6 8 9
27 6 9 5
27 6 10 2
27 6 11 11
27 6 27 9
27 9 2 6
27 9 13 1
27 9 15 6
27 9 21 5
27 9 24 7
27 9 26 15
28 4 2 10
28 4 3 9
28 4 9 1
28 4 11 2
28 4 17 5
28 4 22 1
28 4 29 2
28 9 2 7
28 9 13 3
28 9 15 15
28 9 21 19
28 9 24 11
28 9 26 2
29 1 6 12
29 1 20 7
29 7 10 6
29 7 18 10
30 0 2 4
30 0 12 6
30 0 22 7
30 0 23 5
30 0 28 4
30 6 7 1
30 6 8 3
30 6 9 4
30 6 10 1
30 6 11 7
30 6 27 3
31 0 2 2
31 0 12 1
31 0 22 17
31 0 23 20
31 0 28 8
31 8 0 13
31 8 5 16
31 8 6 15
31 8 7 14
31 8 13 11
32 1 6 18
32 1 20 12
33 1 6 11
33 1 20 18
33 2 10 15
33 2 11 4
33 2 12 10
33 2 14 1
33 2 24 18
33 2 25 5
33 2 29 13
33 3 0 8
33 3 6 5
33 3 16 17
33 3 23 3
33 3 25 11
34 2 10 15
34 2 11 16
34 2 12 15
34 2 14 15
34 2 24 13
34 2 25 13
34 2 29 18
35 4 2 11
35 4 3 1
35 4 9 1
35 4 11 11
35 4 17 6
35 4 22 17
35 4 29 13
36 7 10 14
36 7 18 11
37 3 0 10
37 3 6 9
37 3 16 2
37 3 23 3
37 3 25 3
37 6 7 5
37 6 8 12
37 6 9 7
37 6 10 19
37 6 11 16
37 6 27 20
38 3 0 4
38 3 6 17
38 3 16 8
38 3 23 2
38 3 25 4
39 3 0 7
39 3 6 2
39 3 16 13
39 3 23 19
39 3 25 19
39 6 7 3
39 6 8 2
39 6 9 13
39 6 10 5
39 6 11 8
39 6 27 5
39 9 2 20
39 9 13 11
39 9 15 4
39 9 21 18
39 9 24 2
39 9 26 13
40 4 2 9
40 4 3 13
40 4 9 10
40 4 11 16
40 4 17 11
40 4 22 14
40 4 29 2
41 9 2 4
41 9 13 2
41 9 15 5
41 9 21 19
41 9 24 14
41 9 26 5
42 9 2 12
42 9 13 12
42 9 15 9
42 9 21 15
42 9 24 5
42 9 26 10
43 9 2 7
43 9 13 19
43 9 15 11
43 9 21 18
43 9 24 15
43 9 26 15
44 9 2 12
44 9 13 10
44 9 15 2
44 9 21 9
44 9 24 12
44 9 26 18
45 1 6 2
45 1 20 17
46 5 0 3
46 5 1 3
46 5 4 8
46 5 12 9
46 5 16 4
46 5 19 18
46 5 21 8
46 5 24 2
47 7 10 19
47 7 18 9
48 5 0 10
48 5 1 1
48 5 4 20
48 5 12 16
48 5 16 13
48 5 19 14
48 5 21 15
48 5 24 9
48 8 0 1
48 8 5 7
48 8 6 8
48 8 7 20
48 8 13 19
49 6 7 8
49 6 8 7
49 6 9 2
49 6 10 14
49 6 11 11
49 6 27 15
49 7 10 14
49 7 18 17
-1 
0 2 10 78
0 2 11 148
0 2 12 24
0 2 14 40
0 2 24 74
0 2 25 122
0 2 29 104
0 7 10 100
0 7 18 147
0 9 2 42
0 9 13 147
0 9 15 135
0 9 21 156
0 9 24 138
0 9 26 19
1 7 10 146
1 7 18 167
2 2 10 180
2 2 11 90
2 2 12 114
2 2 14 113
2 2 24 62
2 2 25 135
2 2 29 132
2 3 0 174
2 3 6 35
2 3 16 182
2 3 23 62
2 3 25 15
2 4 2 102
2 4 3 1
2 4 9 159
2 4 11 109
2 4 17 13
2 4 22 59
2 4 29 60
3 1 6 26
3 1 20 169
4 9 2 85
4 9 13 62
4 9 15 62
4 9 21 52
4 9 24 49
4 9 26 16
5 8 0 3
5 8 5 68
5 8 6 83
5 8 7 24
5 8 13 9
6 2 10 7
6 2 11 25
6 2 12 164
6 2 14 57
6 2 24 139
6 2 25 46
6 2 29 65
7 6 7 132
7 6 8 161
7 6 9 85
7 6 10 159
7 6 11 194
7 6 27 63
8 7 10 25
8 7 18 13
9 7 10 174
9 7 18 198
9 8 0 133
9 8 5 178
9 8 6 22
9 8 7 93
9 8 13 73
10 9 2 116
10 9 13 115
10 9 15 63
10 9 21 11
10 9 24 68
10 9 26 51
11 5 0 117
11 5 1 82
11 5 4 70
11 5 12 61
11 5 16 137
11 5 19 152
11 5 21 80
11 5 24 46
11 9 2 63
11 9 13 125
11 9 15 137
11 9 21 53
11 9 24 158
11 9 26 169
12 0 2 196
12 0 12 44
12 0 22 30
12 0 23 115
12 0 28 130
13 0 2 12
13 0 12 126
13 0 22 73
13 0 23 107
13 0 28 131
14 1 6 162
14 1 20 122
15 1 6 69
15 1 20 1
15 7 10 163
15 7 18 136
16 2 10 65
16 2 11 33
16 2 12 156
16 2 14 22
16 2 24 153
16 2 25 28
16 2 29 74
17 4 2 46
17 4 3 163
17 4 9 136
17 4 11 172
17 4 17 86
17 4 22 72
17 4 29 115
18 6 7 200
18 6 8 199
18 6 9 67
18 6 10 197
18 6 11 56
18 6 27 153
18 9 2 193
18 9 13 79
18 9 15 55
18 9 21 59
18 9 24 166
18 9 26 147
19 3 0 71
19 3 6 81
19 3 16 95
19 3 23 67
19 3 25 76
19 6 7 143
19 6 8 180
19 6 9 36
19 6 10 115
19 6 11 118
19 6 27 109
20 3 0 109
20 3 6 36
20 3 16 55
20 3 23 74
20 3 25 112
21 5 0 193
21 5 1 64
21 5 4 34
21 5 12 14
21 5 16 42
21 5 19 105
21 5 21 2
21 5 24 44
21 8 0 200
21 8 5 183
21 8 6 200
21 8 7 193
21 8 13 81
21 9 2 40
21 9 13 21
21 9 15 23
21 9 21 116
21 9 24 27
21 9 26 135
22 0 2 27
22 0 12 38
22 0 22 98
22 0 23 98
22 0 28 88
22 3 0 16
22 3 6 46
22 3 16 82
22 3 23 8
22 3 25 75
23 0 2 167
23 0 12 34
23 0 22 22
23 0 23 131
23 0 28 32
23 9 2 127
23 9 13 198
23 9 15 93
23 9 21 16
23 9 24 18
23 9 26 31
24 1 6 14
24 1 20 90
25 0 2 79
25 0 12 166
25 0 22 184
25 0 23 198
25 0 28 66
25 5 0 68
25 5 1 91
25 5 4 74
25 5 12 19
25 5 16 26
25 5 19 148
25 5 21 91
25 5 24 116
25 6 7 193
25 6 8 122
25 6 9 135
25 6 10 115
25 6 11 38
25 6 27 6
26 4 2 20
26 4 3 98
26 4 9 78
26 4 11 152
26 4 17 98
26 4 22 180
26 4 29 183
27 6 7 65
27 6 8 72
27 6 9 181
27 6 10 161
27 6 11 154
27 6 27 19
27 9 2 190
27 9 13 126
27 9 15 156
27 9 21 110
27 9 24 196
27 9 26 24
28 4 2 50
28 4 3 52
28 4 9 14
28 4 11 189
28 4 17 147
28 4 22 187
28 4 29 80
28 9 2 80
28 9 13 182
28 9 15 199
28 9 21 107
28 9 24 109
28 9 26 38
29 1 6 82
29 1 20 74
29 7 10 62
29 7 18 29
30 0 2 96
30 0 12 44
30 0 22 17
30 0 23 79
30 0 28 74
30 6 7 95
30 6 8 38
30 6 9 189
30 6 10 158
30 6 11 47
30 6 27 186
31 0 2 74
31 0 12 146
31 0 22 24
31 0 23 188
31 0 28 180
31 8 0 138
31 8 5 179
31 8 6 129
31 8 7 70
31 8 13 190
32 1 6 129
32 1 20 65
33 1 6 173
33 1 20 7
33 2 10 176
33 2 11 184
33 2 12 85
33 2 14 122
33 2 24 9
33 2 25 199
33 2 29 197
33 3 0 105
33 3 6 156
33 3 16 94
33 3 23 36
33 3 25 103
34 2 10 176
34 2 11 124
34 2 12 35
34 2 14 92
34 2 24 82
34 2 25 3
34 2 29 27
35 4 2 178
35 4 3 114
35 4 9 165
35 4 11 2
35 4 17 104
35 4 22 47
35 4 29 11
36 7 10 39
36 7 18 72
37 3 0 30
37 3 6 81
37 3 16 62
37 3 23 183
37 3 25 199
37 6 7 128
37 6 8 186
37 6 9 16
37 6 10 172
37 6 11 15
37 6 27 5
38 3 0 109
38 3 6 44
38 3 16 68
38 3 23 161
38 3 25 182
39 3 0 58
39 3 6 73
39 3 16 133
39 3 23 189
39 3 25 68
39 6 7 94
39 6 8 71
39 6 9 100
39 6 10 183
39 6 11 32
39 6 27 167
39 9 2 93
39 9 13 67
39 9 15 48
39 9 21 75
39 9 24 131
39 9 26 116
40 4 2 16
40 4 3 64
40 4 9 126
40 4 11 147
40 4 17 137
40 4 22 77
40 4 29 92
41 9 2 186
41 9 13 96
41 9 15 19
41 9 21 28
41 9 24 86
41 9 26 9
42 9 2 79
42 9 13 75
42 9 15 29
42 9 21 199
42 9 24 39
42 9 26 163
43 9 2 165
43 9 13 162
43 9 15 90
43 9 21 176
43 9 24 2
43 9 26 28
44 9 2 181
44 9 13 61
44 9 15 115
44 9 21 104
44 9 24 192
44 9 26 54
45 1 6 177
45 1 20 120
46 5 0 163
46 5 1 8
46 5 4 165
46 5 12 198
46 5 16 43
46 5 19 152
46 5 21 7
46 5 24 132
47 7 10 129
47 7 18 55
48 5 0 114
48 5 1 102
48 5 4 176
48 5 12 97
48 5 16 155
48 5 19 24
48 5 21 190
48 5 24 80
48 8 0 114
48 8 5 86
48 8 6 122
48 8 7 138
48 8 13 102
49 6 7 142
49 6 8 78
49 6 9 1
49 6 10 50
49 6 11 148
49 6 27 28
49 7 10 149
49 7 18 69
-1 
0 1 4
0 3 3
0 4 4
0 10 3
0 17 2
0 20 4
0 24 1
0 25 2
0 28 1
0 29 2
0 35 2
0 37 3
0 39 1
0 41 4
0 44 3
0 48 4
1 4 3
1 8 4
1 9 4
1 11 3
1 18 2
1 22 1
1 24 1
1 25 2
1 26 2
1 29 2
1 40 2
1 43 3
1 47 2
1 48 2
2 1 4
2 3 4
2 4 4
2 7 4
2 8 3
2 12 2
2 13 3
2 17 1
2 18 2
2 21 2
2 23 3
2 27 4
2 29 3
2 32 2
2 42 2
2 47 1
2 49 1
3 3 3
3 9 4
3 11 3
3 14 3
3 16 3
3 18 3
3 21 4
3 23 2
3 32 2
3 34 2
3 35 1
3 39 3
3 40 2
3 47 4
3 48 4
4 5 2
4 8 3
4 19 4
4 21 2
4 27 2
4 28 2
4 31 1
4 42 4
4 43 2
4 44 3
5 0 4
5 3 4
5 9 4
5 10 2
5 12 4
5 13 2
5 16 4
5 19 1
5 22 2
5 26 3
5 30 1
5 33 3
5 45 1
5 46 4
5 49 2
6 4 1
6 5 4
6 7 4
6 11 4
6 14 4
6 25 2
6 26 3
6 31 1
6 33 2
6 34 3
6 35 1
6 40 2
6 47 4
6 48 4
7 1 1
7 3 4
7 8 1
7 9 2
7 12 4
7 14 1
7 18 4
7 20 4
7 25 2
7 31 4
7 38 4
7 43 1
7 44 2
7 49 4
8 2 3
8 8 1
8 19 3
8 24 3
8 37 3
8 38 3
9 6 1
9 12 4
9 13 1
9 14 4
9 19 2
9 23 1
9 28 4
9 31 3
9 32 1
9 44 4
9 46 4
9 49 4
10 2 2
10 10 4
10 17 2
10 20 3
10 23 1
10 25 2
10 27 2
10 29 2
10 35 2
10 39 1
10 42 1
10 48 2
11 1 1
11 4 2
11 6 3
11 12 4
11 14 2
11 17 1
11 18 4
11 20 1
11 21 3
11 25 3
11 26 2
11 40 3
12 0 4
12 4 3
12 9 1
12 11 2
12 14 1
12 15 3
12 17 4
12 20 1
12 30 1
12 38 3
12 40 2
12 42 1
12 47 3
12 48 1
13 0 1
13 1 2
13 6 2
13 13 2
13 14 1
13 27 2
13 31 4
13 32 3
13 36 1
13 38 2
13 40 2
14 0 4
14 5 2
14 10 3
14 16 4
14 29 1
14 38 3
14 41 3
14 46 3
15 1 2
15 2 2
15 11 1
15 14 2
15 36 2
15 41 4
15 43 3
15 44 4
15 45 3
16 1 2
16 5 2
16 6 1
16 10 1
16 20 3
16 24 2
16 25 1
16 26 4
16 27 4
16 33 1
16 34 4
16 48 2
16 49 1
17 3 1
17 4 4
17 5 1
17 6 1
17 9 3
17 19 1
17 22 1
17 24 3
17 29 1
17 30 2
17 31 3
17 34 1
17 43 1
17 45 3
18 3 2
18 7 3
18 10 3
18 17 2
18 18 2
18 19 3
18 28 1
18 30 1
18 31 4
18 34 3
18 38 2
18 40 1
18 42 4
18 45 1
19 1 1
19 6 3
19 7 3
19 8 2
19 9 3
19 19 2
19 20 3
19 22 4
19 27 1
19 30 2
19 33 3
19 37 2
19 38 2
19 43 2
19 49 3
20 7 1
20 12 2
20 15 1
20 21 3
20 24 4
20 29 1
20 30 4
20 32 4
20 34 4
20 38 3
20 42 4
20 43 4
20 44 4
20 45 4
20 48 2
20 49 1
21 2 4
21 16 4
21 20 4
21 21 2
21 22 4
21 25 1
21 27 4
21 29 3
21 30 2
21 35 1
22 0 2
22 7 3
22 11 3
22 19 3
22 25 3
22 35 4
22 38 2
22 44 2
23 1 2
23 3 4
23 6 3
23 9 3
23 11 3
23 14 2
23 17 1
23 18 3
23 19 1
23 25 1
23 31 2
23 32 3
23 37 3
23 38 2
23 41 2
23 42 2
23 43 1
24 0 4
24 15 1
24 20 1
24 28 2
24 31 2
24 36 3
24 39 3
24 41 3
24 42 3
24 46 4
24 47 1
25 7 2
25 11 2
25 12 1
25 13 3
25 20 2
25 22 1
25 25 3
25 26 3
25 27 2
25 30 2
25 31 1
25 32 1
25 41 4
25 43 3
25 47 3
25 49 2
26 2 4
26 3 4
26 4 4
26 6 2
26 8 1
26 13 3
26 15 2
26 18 4
26 20 3
26 26 2
26 28 2
26 32 3
26 37 3
26 39 2
27 6 4
27 10 2
27 13 3
27 16 2
27 20 2
27 21 3
27 23 2
27 30 2
27 33 2
27 37 1
27 42 3
27 43 3
27 45 2
27 47 1
27 49 3
28 1 4
28 4 3
28 6 4
28 14 2
28 18 1
28 19 2
28 22 4
28 29 4
28 33 3
28 38 3
28 41 3
28 42 2
28 43 1
28 45 2
29 6 1
29 7 4
29 9 4
29 11 2
29 14 4
29 16 2
29 18 4
29 20 1
29 22 1
29 25 3
29 41 3
29 42 3
29 45 4
30 4 2
30 7 1
30 8 3
30 9 3
30 14 3
30 17 4
30 31 1
30 32 4
30 39 3
30 41 3
30 47 3
30 49 1
31 1 3
31 4 2
31 9 2
31 10 1
31 13 3
31 14 1
31 18 1
31 20 3
31 25 3
31 41 4
31 46 4
32 2 4
32 3 1
32 8 4
32 10 2
32 12 2
32 15 1
32 19 4
32 22 4
32 28 1
32 32 2
32 42 4
32 45 4
32 49 1
33 2 4
33 5 2
33 6 1
33 12 2
33 16 3
33 17 1
33 18 3
33 24 4
33 27 1
33 33 2
33 34 4
33 36 2
33 37 2
33 40 3
33 44 2
33 46 1
34 12 3
34 22 2
34 26 3
34 28 3
34 30 4
34 34 2
34 42 4
34 43 1
34 45 3
35 1 2
35 2 2
35 3 3
35 7 1
35 8 1
35 9 4
35 11 3
35 15 2
35 17 1
35 18 2
35 19 1
35 32 2
35 34 1
35 35 2
35 40 4
35 43 4
36 2 2
36 4 3
36 7 2
36 8 4
36 14 3
36 17 3
36 28 1
36 34 1
36 40 3
36 47 1
37 4 3
37 8 1
37 13 3
37 17 1
37 18 2
37 19 2
37 24 2
37 28 1
37 31 2
37 33 2
37 41 4
37 43 2
37 44 3
38 5 4
38 13 2
38 18 2
38 20 3
38 22 1
38 24 1
38 30 3
38 34 3
38 35 2
38 40 1
38 46 1
38 47 2
39 0 4
39 6 3
39 17 4
39 18 1
39 19 4
39 20 2
39 22 2
39 23 2
39 24 3
39 26 1
39 28 2
39 35 4
39 37 2
39 38 3
39 39 2
39 40 4
39 49 4
40 2 1
40 7 4
40 8 3
40 9 4
40 11 2
40 13 1
40 17 2
40 23 4
40 28 2
40 31 4
40 32 1
40 48 3
41 1 4
41 3 1
41 9 3
41 24 3
41 27 4
41 28 4
41 36 4
41 41 3
41 42 2
41 46 4
42 0 1
42 1 3
42 3 1
42 5 3
42 7 3
42 14 1
42 24 1
42 25 1
42 31 4
42 32 1
42 35 4
42 36 1
42 37 2
42 44 4
42 47 2
42 48 3
43 9 1
43 10 4
43 16 3
43 17 2
43 20 4
43 23 1
43 25 1
43 33 3
43 34 1
43 36 2
43 42 4
43 46 1
44 5 4
44 11 1
44 15 2
44 22 4
44 25 4
44 36 2
44 41 2
44 45 1
44 48 2
45 0 1
45 2 2
45 18 1
45 41 1
45 43 1
45 49 4
46 5 2
46 7 2
46 10 1
46 12 3
46 14 4
46 16 4
46 31 2
46 35 2
46 36 4
46 40 4
47 0 3
47 3 1
47 6 4
47 9 1
47 11 4
47 14 4
47 16 4
47 20 4
47 21 1
47 23 2
47 26 3
47 31 2
47 43 4
48 2 4
48 20 3
48 21 2
48 22 3
48 23 4
48 35 1
48 37 4
48 39 3
48 43 2
48 44 3
48 48 3
49 1 4
49 4 4
49 18 3
49 21 3
49 23 4
49 24 3
49 27 2
49 30 1
49 37 2
49 38 1
49 39 4
49 43 4
49 49 4
-1 
0 2 625
0 12 1455
0 22 258
0 23 3435
0 28 3592
1 6 2138
1 20 2383
2 10 711
2 11 2115
2 12 1119
2 14 3517
2 24 2793
2 25 211
2 29 498
3 0 1728
3 6 3327
3 16 1187
3 23 62
3 25 517
4 2 2558
4 3 1536
4 9 932
4 11 3452
4 17 1764
4 22 3131
4 29 2268
5 0 1154
5 1 2419
5 4 1568
5 12 210
5 16 2549
5 19 2642
5 21 2775
5 24 3311
6 7 3024
6 8 2306
6 9 890
6 10 3255
6 11 2357
6 27 2592
7 10 1728
7 18 1848
8 0 507
8 5 1623
8 6 499
8 7 1919
8 13 3415
9 2 1528
9 13 2552
9 15 2566
9 21 2824
9 24 2696
9 26 290
-1 
0 349
1 396
2 115
3 306
4 32
5 249
6 375
7 242
8 375
9 255
10 319
11 40
12 85
13 184
14 50
15 74
16 497
17 26
18 55
19 50
20 95
21 220
22 242
23 396
24 387
25 137
26 129
27 19
28 170
29 102
30 330
31 268
32 152
33 37
34 383
35 191
36 316
37 73
38 427
39 265
40 423
41 402
42 284
43 166
44 73
45 92
46 255
47 153
48 166
49 108
-1 
0 348
1 387
2 358
3 362
4 154
5 573
6 88
7 989
8 654
9 754
10 16
11 904
12 994
13 455
14 427
15 716
16 397
17 657
18 654
19 48
20 742
21 239
22 858
23 238
24 98
25 974
26 928
27 929
28 432
29 32
30 788
31 971
32 459
33 311
34 316
35 575
36 469
37 919
38 677
39 819
40 586
41 607
42 800
43 703
44 992
45 638
46 756
47 12
48 395
49 193
-1 
0 86400
1 86400
2 86400
3 86400
4 86400
5 86400
6 86400
7 86400
8 86400
9 86400
10 86400
11 86400
12 86400
13 86400
14 86400
15 86400
16 86400
17 86400
18 86400
19 86400
20 86400
21 86400
22 86400
23 86400
24 86400
25 86400
26 86400
27 86400
28 86400
29 86400
-1 
