0 2 1 40
0 2 3 161
0 2 12 39
0 2 15 141
0 2 17 73
0 2 18 68
1 6 8 133
1 6 16 151
2 2 1 51
2 2 3 77
2 2 12 53
2 2 15 15
2 2 17 71
2 2 18 187
2 7 3 56
2 7 4 51
2 7 10 15
2 9 2 53
2 9 7 150
2 9 9 69
2 9 17 29
3 8 0 160
3 8 12 109
4 2 1 43
4 2 3 28
4 2 12 93
4 2 15 187
4 2 17 184
4 2 18 162
5 4 1 60
5 4 11 119
6 9 2 88
6 9 7 77
6 9 9 57
6 9 17 30
7 6 8 73
7 6 16 104
7 9 2 163
7 9 7 16
7 9 9 25
7 9 17 33
8 2 1 42
8 2 3 178
8 2 12 22
8 2 15 44
8 2 17 171
8 2 18 151
8 6 8 8
8 6 16 57
9 0 9 117
9 0 13 194
9 0 14 197
9 0 15 24
9 1 5 5
9 1 6 165
9 1 12 175
9 1 19 193
10 2 1 169
10 2 3 4
10 2 12 140
10 2 15 123
10 2 17 96
10 2 18 192
10 4 1 153
10 4 11 78
10 8 0 43
10 8 12 15
11 5 4 146
11 5 7 167
12 2 1 136
12 2 3 170
12 2 12 63
12 2 15 166
12 2 17 99
12 2 18 82
13 8 0 22
13 8 12 194
14 1 5 35
14 1 6 169
14 1 12 149
14 1 19 76
15 2 1 18
15 2 3 9
15 2 12 175
15 2 15 67
15 2 17 114
15 2 18 1
16 8 0 1
16 8 12 140
17 8 0 35
17 8 12 99
18 7 3 19
18 7 4 78
18 7 10 16
19 7 3 20
19 7 4 58
19 7 10 150
20 0 9 94
20 0 13 115
20 0 14 101
20 0 15 21
20 3 4 159
20 3 11 60
20 3 19 24
21 0 9 142
21 0 13 181
21 0 14 183
21 0 15 76
21 4 1 153
21 4 11 158
22 8 0 184
22 8 12 118
23 1 5 5
23 1 6 194
23 1 12 26
23 1 19 166
23 3 4 54
23 3 11 159
23 3 19 158
23 7 3 153
23 7 4 100
23 7 10 156
23 8 0 194
23 8 12 77
24 9 2 180
24 9 7 26
24 9 9 108
24 9 17 86
25 2 1 82
25 2 3 154
25 2 12 23
25 2 15 50
25 2 17 165
25 2 18 127
25 8 0 96
25 8 12 133
26 8 0 5
26 8 12 67
26 9 2 33
26 9 7 147
26 9 9 26
26 9 17 167
27 3 4 192
27 3 11 83
27 3 19 193
27 7 3 47
27 7 4 97
27 7 10 32
28 2 1 99
28 2 3 184
28 2 12 102
28 2 15 8
28 2 17 126
28 2 18 66
29 1 5 172
29 1 6 101
29 1 12 105
29 1 19 135
29 4 1 94
29 4 11 46
29 5 4 29
29 5 7 171
30 6 8 13
30 6 16 5
31 2 1 122
31 2 3 97
31 2 12 176
31 2 15 49
31 2 17 39
31 2 18 167
31 8 0 152
31 8 12 159
32 8 0 150
32 8 12 193
33 1 5 39
33 1 6 133
33 1 12 156
33 1 19 133
33 3 4 156
33 3 11 42
33 3 19 134
33 7 3 119
33 7 4 100
33 7 10 180
33 8 0 137
33 8 12 97
34 2 1 86
34 2 3 26
34 2 12 179
34 2 15 107
34 2 17 183
34 2 18 103
34 7 3 48
34 7 4 87
34 7 10 43
35 2 1 136
35 2 3 185
35 2 12 161
35 2 15 172
35 2 17 100
35 2 18 125
35 3 4 66
35 3 11 93
35 3 19 35
36 9 2 82
36 9 7 22
36 9 9 145
36 9 17 37
37 3 4 166
37 3 11 70
37 3 19 37
38 4 1 118
38 4 11 102
38 5 4 141
38 5 7 49
38 7 3 32
38 7 4 155
38 7 10 1
39 0 9 111
39 0 13 113
39 0 14 150
39 0 15 176
39 1 5 139
39 1 6 145
39 1 12 72
39 1 19 98
39 8 0 40
39 8 12 16
40 1 5 102
40 1 6 132
40 1 12 31
40 1 19 132
40 3 4 128
40 3 11 164
40 3 19 180
41 8 0 108
41 8 12 126
42 3 4 120
42 3 11 67
42 3 19 55
43 0 9 117
43 0 13 75
43 0 14 131
43 0 15 112
43 5 4 100
43 5 7 70
44 3 4 177
44 3 11 124
44 3 19 63
44 9 2 59
44 9 7 8
44 9 9 4
44 9 17 184
45 0 9 102
45 0 13 82
45 0 14 38
45 0 15 142
46 3 4 178
46 3 11 199
46 3 19 187
46 4 1 197
46 4 11 105
47 1 5 45
47 1 6 18
47 1 12 176
47 1 19 97
48 8 0 65
48 8 12 167
49 0 9 179
49 0 13 53
49 0 14 48
49 0 15 27
49 1 5 112
49 1 6 169
49 1 12 47
49 1 19 153
