0 1 3 147
0 1 18 130
0 1 19 32
1 1 3 67
1 1 18 57
1 1 19 26
1 2 0 93
1 2 4 75
1 2 13 127
1 2 16 189
2 5 0 18
2 5 3 22
2 5 5 143
2 5 6 77
2 5 8 1
2 5 13 66
2 6 4 197
2 6 10 149
2 6 15 21
3 6 4 116
3 6 10 132
3 6 15 44
3 8 0 121
3 8 12 52
4 1 3 45
4 1 18 35
4 1 19 192
4 8 0 75
4 8 12 56
4 9 6 80
4 9 7 98
4 9 9 86
4 9 10 154
4 9 13 39
5 6 4 98
5 6 10 12
5 6 15 171
5 7 1 174
5 7 2 178
6 0 1 17
6 0 4 13
6 0 14 2
6 0 15 75
6 1 3 62
6 1 18 87
6 1 19 170
6 9 6 6
6 9 7 137
6 9 9 70
6 9 10 84
6 9 13 98
7 9 6 119
7 9 7 156
7 9 9 165
7 9 10 85
7 9 13 166
8 0 1 24
8 0 4 40
8 0 14 191
8 0 15 167
9 0 1 8
9 0 4 170
9 0 14 33
9 0 15 144
9 3 8 191
9 3 16 47
9 3 18 137
9 7 1 29
9 7 2 114
9 8 0 136
9 8 12 122
10 1 3 159
10 1 18 151
10 1 19 97
10 5 0 154
10 5 3 158
10 5 5 155
10 5 6 110
10 5 8 157
10 5 13 25
11 3 8 71
11 3 16 81
11 3 18 108
12 2 0 98
12 2 4 35
12 2 13 141
12 2 16 113
13 9 6 102
13 9 7 30
13 9 9 119
13 9 10 75
13 9 13 83
14 0 1 161
14 0 4 3
14 0 14 166
14 0 15 99
14 2 0 108
14 2 4 14
14 2 13 191
14 2 16 16
15 3 8 175
15 3 16 120
15 3 18 90
16 1 3 51
16 1 18 97
16 1 19 15
16 2 0 66
16 2 4 154
16 2 13 103
16 2 16 83
16 8 0 193
16 8 12 159
17 2 0 119
17 2 4 55
17 2 13 27
17 2 16 56
18 4 3 138
18 4 11 162
18 4 12 111
18 4 17 12
19 2 0 25
19 2 4 69
19 2 13 162
19 2 16 160
19 4 3 7
19 4 11 161
19 4 12 67
19 4 17 28
19 6 4 33
19 6 10 179
19 6 15 181
20 6 4 119
20 6 10 61
20 6 15 116
20 8 0 39
20 8 12 51
21 4 3 187
21 4 11 91
21 4 12 105
21 4 17 23
21 5 0 65
21 5 3 54
21 5 5 144
21 5 6 185
21 5 8 174
21 5 13 112
22 5 0 55
22 5 3 10
22 5 5 108
22 5 6 47
22 5 8 103
22 5 13 5
23 3 8 62
23 3 16 157
23 3 18 93
23 4 3 170
23 4 11 44
23 4 12 7
23 4 17 88
24 0 1 148
24 0 4 25
24 0 14 11
24 0 15 32
24 3 8 135
24 3 16 132
24 3 18 191
25 2 0 41
25 2 4 39
25 2 13 32
25 2 16 44
25 8 0 113
25 8 12 26
26 0 1 43
26 0 4 129
26 0 14 92
26 0 15 20
27 9 6 193
27 9 7 195
27 9 9 173
27 9 10 187
27 9 13 97
28 6 4 25
28 6 10 103
28 6 15 137
28 9 6 6
28 9 7 127
28 9 9 15
28 9 10 113
28 9 13 90
29 3 8 177
29 3 16 49
29 3 18 35
30 7 1 123
30 7 2 44
31 0 1 164
31 0 4 42
31 0 14 148
31 0 15 76
31 2 0 172
31 2 4 112
31 2 13 134
31 2 16 160
31 3 8 125
31 3 16 26
31 3 18 8
31 4 3 119
31 4 11 109
31 4 12 34
31 4 17 10
32 1 3 181
32 1 18 6
32 1 19 129
33 8 0 79
33 8 12 121
34 3 8 191
34 3 16 114
34 3 18 189
35 8 0 27
35 8 12 166
36 0 1 45
36 0 4 26
36 0 14 107
36 0 15 76
36 7 1 194
36 7 2 112
37 2 0 166
37 2 4 146
37 2 13 70
37 2 16 109
38 3 8 135
38 3 16 83
38 3 18 174
38 5 0 20
38 5 3 32
38 5 5 14
38 5 6 130
38 5 8 185
38 5 13 47
38 8 0 28
38 8 12 152
38 9 6 15
38 9 7 49
38 9 9 7
38 9 10 115
38 9 13 34
39 1 3 87
39 1 18 20
39 1 19 176
39 3 8 27
39 3 16 146
39 3 18 65
39 9 6 37
39 9 7 193
39 9 9 194
39 9 10 94
39 9 13 67
40 4 3 198
40 4 11 53
40 4 12 171
40 4 17 136
41 0 1 32
41 0 4 170
41 0 14 72
41 0 15 139
41 8 0 26
41 8 12 172
42 7 1 192
42 7 2 136
42 8 0 45
42 8 12 114
43 7 1 159
43 7 2 11
44 3 8 41
44 3 16 119
44 3 18 156
44 8 0 128
44 8 12 26
45 1 3 43
45 1 18 64
45 1 19 200
46 3 8 193
46 3 16 197
46 3 18 22
47 6 4 123
47 6 10 95
47 6 15 113
47 7 1 147
47 7 2 38
48 9 6 68
48 9 7 113
48 9 9 47
48 9 10 150
48 9 13 107
49 2 0 156
49 2 4 127
49 2 13 115
49 2 16 137
