0 3 3 71
0 3 4 182
1 9 2 110
1 9 6 126
2 0 4 156
2 0 7 129
2 4 2 93
2 4 5 100
2 5 1 63
2 5 5 153
2 5 8 106
3 1 0 66
3 1 4 26
3 1 6 162
3 3 3 120
3 3 4 89
3 6 6 163
4 0 4 197
4 0 7 88
4 9 2 37
4 9 6 114
5 2 7 130
5 3 3 43
5 3 4 153
5 6 6 76
5 7 1 22
5 7 7 98
5 7 9 172
6 1 0 61
6 1 4 189
6 1 6 116
7 6 6 80
7 7 1 29
7 7 7 93
7 7 9 72
8 9 2 114
8 9 6 62
9 1 0 87
9 1 4 182
9 1 6 15
9 7 1 63
9 7 7 27
9 7 9 78
10 3 3 60
10 3 4 9
11 0 4 2
11 0 7 118
12 6 6 69
13 4 2 86
13 4 5 102
14 3 3 19
14 3 4 65
15 4 2 133
15 4 5 11
16 1 0 169
16 1 4 153
16 1 6 163
16 5 1 34
16 5 5 82
16 5 8 54
17 7 1 102
17 7 7 139
17 7 9 137
18 3 3 9
18 3 4 151
19 2 7 125
20 2 7 41
20 7 1 69
20 7 7 70
20 7 9 32
21 7 1 190
21 7 7 39
21 7 9 15
22 8 3 4
23 0 4 168
23 0 7 54
24 6 6 190
24 9 2 137
24 9 6 17
25 1 0 196
25 1 4 196
25 1 6 101
25 2 7 112
25 4 2 176
25 4 5 164
26 2 7 6
26 4 2 129
26 4 5 196
27 3 3 185
27 3 4 48
27 5 1 38
27 5 5 117
27 5 8 182
28 3 3 140
28 3 4 26
28 9 2 91
28 9 6 126
29 4 2 75
29 4 5 85
30 1 0 28
30 1 4 69
30 1 6 13
30 4 2 121
30 4 5 128
31 2 7 119
31 8 3 142
31 9 2 148
31 9 6 146
32 3 3 69
32 3 4 127
33 1 0 45
33 1 4 148
33 1 6 132
33 2 7 13
33 7 1 184
33 7 7 176
33 7 9 28
34 2 7 119
34 6 6 150
35 5 1 35
35 5 5 112
35 5 8 88
36 3 3 14
36 3 4 11
36 4 2 166
36 4 5 26
37 5 1 149
37 5 5 31
37 5 8 189
38 1 0 21
38 1 4 61
38 1 6 91
38 4 2 153
38 4 5 188
38 6 6 129
38 7 1 73
38 7 7 112
38 7 9 185
39 5 1 13
39 5 5 58
39 5 8 179
40 2 7 113
40 8 3 152
41 7 1 158
41 7 7 140
41 7 9 57
41 8 3 88
42 6 6 154
42 8 3 35
43 9 2 5
43 9 6 192
44 3 3 155
44 3 4 139
45 7 1 48
45 7 7 133
45 7 9 13
46 5 1 122
46 5 5 190
46 5 8 175
47 0 4 197
47 0 7 151
47 2 7 180
47 3 3 157
47 3 4 171
47 7 1 53
47 7 7 180
47 7 9 87
48 3 3 122
48 3 4 188
49 8 3 103
