0 3 4 18
0 3 5 71
0 3 10 95
0 3 12 82
0 3 13 184
0 3 24 142
0 3 25 52
0 3 27 15
0 3 28 29
0 3 29 178
1 4 9 78
1 4 10 57
1 4 13 102
1 4 14 61
1 4 15 100
1 4 18 58
1 4 20 1
1 4 21 15
2 6 1 21
2 6 11 164
3 3 4 26
3 3 5 73
3 3 10 69
3 3 12 61
3 3 13 130
3 3 24 103
3 3 25 150
3 3 27 167
3 3 28 167
3 3 29 58
3 5 0 107
3 5 1 118
3 5 4 37
3 5 8 4
3 5 10 68
3 5 13 84
3 5 23 150
3 5 24 161
3 6 1 50
3 6 11 125
4 6 1 35
4 6 11 98
4 7 2 84
4 7 9 161
4 7 16 148
4 7 22 147
4 8 1 124
4 8 3 11
4 8 13 192
4 8 20 53
4 9 4 33
4 9 12 7
4 9 15 160
4 9 17 165
4 9 22 73
4 9 24 61
4 9 26 154
5 9 4 67
5 9 12 36
5 9 15 139
5 9 17 173
5 9 22 200
5 9 24 56
5 9 26 194
6 5 0 171
6 5 1 5
6 5 4 23
6 5 8 106
6 5 10 111
6 5 13 187
6 5 23 10
6 5 24 185
7 1 13 164
8 0 0 180
8 0 6 176
8 0 9 67
8 0 12 49
8 0 22 102
8 0 27 102
8 1 13 140
8 5 0 77
8 5 1 65
8 5 4 113
8 5 8 64
8 5 10 9
8 5 13 115
8 5 23 23
8 5 24 189
8 6 1 96
8 6 11 44
9 4 9 170
9 4 10 67
9 4 13 145
9 4 14 96
9 4 15 158
9 4 18 188
9 4 20 16
9 4 21 84
9 6 1 75
9 6 11 95
10 0 0 71
10 0 6 64
10 0 9 55
10 0 12 61
10 0 22 134
10 0 27 126
11 5 0 185
11 5 1 131
11 5 4 8
11 5 8 191
11 5 10 18
11 5 13 82
11 5 23 155
11 5 24 75
12 1 13 20
12 3 4 176
12 3 5 171
12 3 10 185
12 3 12 1
12 3 13 115
12 3 24 2
12 3 25 195
12 3 27 118
12 3 28 34
12 3 29 184
13 1 13 95
13 4 9 92
13 4 10 16
13 4 13 145
13 4 14 71
13 4 15 137
13 4 18 157
13 4 20 143
13 4 21 129
13 8 1 163
13 8 3 89
13 8 13 109
13 8 20 86
14 4 9 172
14 4 10 20
14 4 13 141
14 4 14 189
14 4 15 71
14 4 18 176
14 4 20 176
14 4 21 115
14 7 2 2
14 7 9 16
14 7 16 162
14 7 22 12
15 7 2 35
15 7 9 59
15 7 16 160
15 7 22 185
15 9 4 1
15 9 12 100
15 9 15 28
15 9 17 70
15 9 22 46
15 9 24 108
15 9 26 151
16 9 4 42
16 9 12 22
16 9 15 25
16 9 17 83
16 9 22 66
16 9 24 183
16 9 26 15
17 0 0 17
17 0 6 115
17 0 9 55
17 0 12 118
17 0 22 153
17 0 27 119
17 1 13 162
17 5 0 146
17 5 1 93
17 5 4 138
17 5 8 83
17 5 10 153
17 5 13 119
17 5 23 72
17 5 24 148
17 6 1 53
17 6 11 109
18 0 0 195
18 0 6 105
18 0 9 142
18 0 12 183
18 0 22 106
18 0 27 88
19 2 7 47
19 2 8 96
19 2 9 144
19 2 10 14
19 2 19 114
20 8 1 195
20 8 3 190
20 8 13 42
20 8 20 121
21 2 7 165
21 2 8 166
21 2 9 30
21 2 10 185
21 2 19 47
21 5 0 180
21 5 1 152
21 5 4 199
21 5 8 84
21 5 10 170
21 5 13 187
21 5 23 111
21 5 24 129
22 9 4 56
22 9 12 132
22 9 15 149
22 9 17 80
22 9 22 48
22 9 24 30
22 9 26 144
23 9 4 114
23 9 12 4
23 9 15 70
23 9 17 104
23 9 22 74
23 9 24 64
23 9 26 189
24 6 1 54
24 6 11 65
25 0 0 151
25 0 6 70
25 0 9 184
25 0 12 4
25 0 22 22
25 0 27 65
25 7 2 25
25 7 9 53
25 7 16 90
25 7 22 83
26 3 4 3
26 3 5 101
26 3 10 27
26 3 12 88
26 3 13 90
26 3 24 162
26 3 25 43
26 3 27 112
26 3 28 133
26 3 29 189
26 5 0 37
26 5 1 128
26 5 4 81
26 5 8 128
26 5 10 178
26 5 13 185
26 5 23 168
26 5 24 133
27 1 13 122
28 0 0 199
28 0 6 54
28 0 9 190
28 0 12 14
28 0 22 114
28 0 27 122
28 2 7 196
28 2 8 77
28 2 9 58
28 2 10 24
28 2 19 20
29 0 0 139
29 0 6 51
29 0 9 21
29 0 12 135
29 0 22 94
29 0 27 54
30 0 0 40
30 0 6 1
30 0 9 24
30 0 12 24
30 0 22 47
30 0 27 179
30 9 4 52
30 9 12 115
30 9 15 52
30 9 17 95
30 9 22 107
30 9 24 179
30 9 26 62
31 7 2 119
31 7 9 56
31 7 16 152
31 7 22 23
32 2 7 22
32 2 8 66
32 2 9 167
32 2 10 61
32 2 19 142
32 3 4 59
32 3 5 76
32 3 10 200
32 3 12 99
32 3 13 182
32 3 24 165
32 3 25 105
32 3 27 28
32 3 28 183
32 3 29 186
33 8 1 63
33 8 3 147
33 8 13 66
33 8 20 166
34 2 7 162
34 2 8 113
34 2 9 138
34 2 10 142
34 2 19 78
35 3 4 162
35 3 5 112
35 3 10 11
35 3 12 88
35 3 13 76
35 3 24 10
35 3 25 14
35 3 27 101
35 3 28 197
35 3 29 114
36 6 1 119
36 6 11 133
37 8 1 58
37 8 3 80
37 8 13 2
37 8 20 157
38 0 0 29
38 0 6 135
38 0 9 79
38 0 12 25
38 0 22 120
38 0 27 127
38 2 7 87
38 2 8 119
38 2 9 21
38 2 10 188
38 2 19 195
39 1 13 200
39 3 4 71
39 3 5 121
39 3 10 11
39 3 12 34
39 3 13 78
39 3 24 115
39 3 25 102
39 3 27 123
39 3 28 94
39 3 29 49
39 4 9 70
39 4 10 39
39 4 13 77
39 4 14 161
39 4 15 157
39 4 18 94
39 4 20 61
39 4 21 182
40 0 0 69
40 0 6 146
40 0 9 6
40 0 12 1
40 0 22 186
40 0 27 158
40 6 1 52
40 6 11 24
40 9 4 62
40 9 12 110
40 9 15 32
40 9 17 31
40 9 22 89
40 9 24 17
40 9 26 57
41 4 9 21
41 4 10 62
41 4 13 171
41 4 14 26
41 4 15 165
41 4 18 6
41 4 20 159
41 4 21 145
41 7 2 156
41 7 9 33
41 7 16 194
41 7 22 108
42 4 9 104
42 4 10 2
42 4 13 33
42 4 14 104
42 4 15 143
42 4 18 35
42 4 20 47
42 4 21 161
43 4 9 73
43 4 10 115
43 4 13 35
43 4 14 162
43 4 15 164
43 4 18 77
43 4 20 118
43 4 21 174
44 2 7 145
44 2 8 51
44 2 9 60
44 2 10 123
44 2 19 63
44 7 2 23
44 7 9 147
44 7 16 61
44 7 22 85
45 0 0 21
45 0 6 121
45 0 9 156
45 0 12 113
45 0 22 126
45 0 27 200
45 2 7 157
45 2 8 15
45 2 9 43
45 2 10 79
45 2 19 96
45 7 2 144
45 7 9 189
45 7 16 30
45 7 22 195
46 3 4 35
46 3 5 142
46 3 10 107
46 3 12 57
46 3 13 148
46 3 24 36
46 3 25 21
46 3 27 38
46 3 28 130
46 3 29 75
47 0 0 55
47 0 6 56
47 0 9 99
47 0 12 2
47 0 22 194
47 0 27 100
48 1 13 161
48 5 0 184
48 5 1 53
48 5 4 15
48 5 8 200
48 5 10 52
48 5 13 61
48 5 23 159
48 5 24 35
48 6 1 149
48 6 11 193
48 8 1 198
48 8 3 132
48 8 13 75
48 8 20 111
49 3 4 195
49 3 5 111
49 3 10 19
49 3 12 63
49 3 13 65
49 3 24 79
49 3 25 141
49 3 27 104
49 3 28 176
49 3 29 75
49 5 0 123
49 5 1 151
49 5 4 1
49 5 8 84
49 5 10 33
49 5 13 93
49 5 23 72
49 5 24 79
