0 4 7 30
0 4 8 145
0 4 9 183
0 4 16 101
0 4 18 15
0 4 22 136
0 4 23 175
1 1 18 60
1 1 21 59
1 1 25 120
1 1 27 58
1 2 1 195
1 2 11 145
1 2 23 6
1 2 26 159
1 4 7 186
1 4 8 33
1 4 9 164
1 4 16 61
1 4 18 31
1 4 22 81
1 4 23 162
2 4 7 133
2 4 8 99
2 4 9 115
2 4 16 98
2 4 18 99
2 4 22 139
2 4 23 145
2 9 0 82
2 9 3 114
2 9 4 74
2 9 6 87
2 9 12 186
3 3 1 46
3 3 4 159
3 3 5 186
3 3 12 83
3 3 14 148
3 3 20 134
3 3 22 143
3 3 24 18
3 3 28 44
4 4 7 31
4 4 8 93
4 4 9 198
4 4 16 45
4 4 18 151
4 4 22 97
4 4 23 171
5 0 2 134
5 0 11 71
5 0 18 102
5 0 19 4
5 0 26 15
5 1 18 17
5 1 21 47
5 1 25 96
5 1 27 177
5 3 1 106
5 3 4 125
5 3 5 64
5 3 12 196
5 3 14 124
5 3 20 77
5 3 22 56
5 3 24 42
5 3 28 141
6 3 1 154
6 3 4 75
6 3 5 79
6 3 12 115
6 3 14 20
6 3 20 172
6 3 22 199
6 3 24 151
6 3 28 186
6 8 1 145
6 8 2 179
6 8 22 45
6 8 26 34
6 8 29 134
7 2 1 185
7 2 11 172
7 2 23 79
7 2 26 3
7 3 1 136
7 3 4 189
7 3 5 139
7 3 12 13
7 3 14 19
7 3 20 145
7 3 22 125
7 3 24 113
7 3 28 11
7 6 12 130
7 6 17 146
7 6 21 124
8 5 10 30
8 5 15 1
9 4 7 185
9 4 8 54
9 4 9 83
9 4 16 181
9 4 18 149
9 4 22 81
9 4 23 65
10 4 7 133
10 4 8 46
10 4 9 187
10 4 16 182
10 4 18 71
10 4 22 115
10 4 23 56
11 0 2 53
11 0 11 143
11 0 18 15
11 0 19 180
11 0 26 160
12 1 18 124
12 1 21 103
12 1 25 26
12 1 27 45
12 7 6 49
12 7 13 108
12 7 18 60
12 7 20 129
12 7 28 124
13 7 6 134
13 7 13 188
13 7 18 20
13 7 20 31
13 7 28 170
14 0 2 191
14 0 11 184
14 0 18 61
14 0 19 193
14 0 26 12
15 1 18 59
15 1 21 32
15 1 25 156
15 1 27 178
16 5 10 185
16 5 15 170
16 6 12 145
16 6 17 160
16 6 21 177
17 9 0 139
17 9 3 134
17 9 4 43
17 9 6 55
17 9 12 16
18 6 12 149
18 6 17 32
18 6 21 3
19 6 12 76
19 6 17 117
19 6 21 27
20 1 18 49
20 1 21 15
20 1 25 94
20 1 27 99
20 4 7 193
20 4 8 75
20 4 9 183
20 4 16 125
20 4 18 158
20 4 22 178
20 4 23 97
20 9 0 149
20 9 3 71
20 9 4 21
20 9 6 156
20 9 12 12
21 8 1 165
21 8 2 109
21 8 22 81
21 8 26 46
21 8 29 197
22 0 2 56
22 0 11 140
22 0 18 84
22 0 19 54
22 0 26 167
22 7 6 161
22 7 13 49
22 7 18 81
22 7 20 89
22 7 28 15
23 5 10 30
23 5 15 172
24 1 18 99
24 1 21 14
24 1 25 24
24 1 27 41
24 2 1 80
24 2 11 164
24 2 23 128
24 2 26 78
25 1 18 181
25 1 21 160
25 1 25 4
25 1 27 36
26 9 0 104
26 9 3 131
26 9 4 5
26 9 6 168
26 9 12 120
27 0 2 115
27 0 11 191
27 0 18 67
27 0 19 108
27 0 26 1
27 2 1 80
27 2 11 73
27 2 23 99
27 2 26 192
27 7 6 79
27 7 13 187
27 7 18 65
27 7 20 39
27 7 28 45
28 0 2 117
28 0 11 62
28 0 18 134
28 0 19 141
28 0 26 17
29 0 2 183
29 0 11 30
29 0 18 1
29 0 19 82
29 0 26 15
30 2 1 160
30 2 11 174
30 2 23 125
30 2 26 144
30 4 7 113
30 4 8 136
30 4 9 33
30 4 16 41
30 4 18 126
30 4 22 151
30 4 23 72
30 6 12 123
30 6 17 68
30 6 21 77
31 3 1 74
31 3 4 27
31 3 5 90
31 3 12 39
31 3 14 37
31 3 20 157
31 3 22 190
31 3 24 147
31 3 28 25
31 8 1 199
31 8 2 20
31 8 22 190
31 8 26 30
31 8 29 126
32 2 1 106
32 2 11 194
32 2 23 81
32 2 26 149
32 4 7 161
32 4 8 11
32 4 9 39
32 4 16 168
32 4 18 1
32 4 22 45
32 4 23 110
32 5 10 48
32 5 15 55
32 9 0 18
32 9 3 13
32 9 4 185
32 9 6 90
32 9 12 55
33 2 1 197
33 2 11 114
33 2 23 120
33 2 26 186
34 0 2 190
34 0 11 89
34 0 18 6
34 0 19 178
34 0 26 96
34 1 18 90
34 1 21 20
34 1 25 105
34 1 27 150
34 4 7 152
34 4 8 127
34 4 9 90
34 4 16 164
34 4 18 172
34 4 22 171
34 4 23 132
34 9 0 127
34 9 3 82
34 9 4 124
34 9 6 20
34 9 12 100
35 5 10 185
35 5 15 18
36 6 12 24
36 6 17 163
36 6 21 25
37 2 1 195
37 2 11 124
37 2 23 51
37 2 26 50
37 5 10 8
37 5 15 38
38 3 1 118
38 3 4 185
38 3 5 79
38 3 12 163
38 3 14 147
38 3 20 134
38 3 22 120
38 3 24 55
38 3 28 45
39 4 7 7
39 4 8 86
39 4 9 107
39 4 16 182
39 4 18 166
39 4 22 159
39 4 23 186
40 4 7 115
40 4 8 96
40 4 9 189
40 4 16 37
40 4 18 13
40 4 22 31
40 4 23 114
41 1 18 4
41 1 21 19
41 1 25 29
41 1 27 70
42 6 12 32
42 6 17 87
42 6 21 7
42 9 0 58
42 9 3 155
42 9 4 40
42 9 6 170
42 9 12 173
43 2 1 25
43 2 11 197
43 2 23 39
43 2 26 33
44 5 10 198
44 5 15 171
44 9 0 126
44 9 3 180
44 9 4 40
44 9 6 31
44 9 12 98
45 5 10 96
45 5 15 163
46 2 1 52
46 2 11 83
46 2 23 53
46 2 26 159
47 0 2 130
47 0 11 45
47 0 18 101
47 0 19 146
47 0 26 152
47 2 1 187
47 2 11 153
47 2 23 20
47 2 26 142
47 3 1 171
47 3 4 51
47 3 5 125
47 3 12 185
47 3 14 129
47 3 20 196
47 3 22 83
47 3 24 57
47 3 28 136
47 4 7 34
47 4 8 134
47 4 9 189
47 4 16 114
47 4 18 145
47 4 22 164
47 4 23 50
48 4 7 122
48 4 8 175
48 4 9 157
48 4 16 31
48 4 18 21
48 4 22 133
48 4 23 177
49 6 12 122
49 6 17 4
49 6 21 101
