0 9 8 105
1 3 6 61
2 1 2 131
2 3 6 144
2 8 5 87
3 4 7 33
3 4 9 36
4 0 1 72
4 0 4 8
4 9 8 73
5 6 2 85
6 2 0 151
6 2 3 60
6 5 2 55
7 7 2 143
7 7 4 127
8 2 0 116
8 2 3 77
8 4 7 141
8 4 9 92
9 3 6 58
9 5 2 63
10 1 2 63
10 8 5 12
11 3 6 177
12 3 6 183
12 6 2 93
12 7 2 10
12 7 4 41
13 5 2 101
13 8 5 4
14 7 2 38
14 7 4 128
14 8 5 55
15 3 6 11
15 6 2 29
15 9 8 178
16 1 2 71
16 2 0 200
16 2 3 13
17 9 8 127
18 7 2 148
18 7 4 138
19 0 1 114
19 0 4 160
19 6 2 187
19 9 8 86
20 2 0 103
20 2 3 158
21 5 2 85
22 2 0 15
22 2 3 172
22 4 7 68
22 4 9 189
22 6 2 184
23 4 7 68
23 4 9 22
23 7 2 187
23 7 4 34
24 4 7 101
24 4 9 147
25 6 2 126
26 1 2 52
26 7 2 180
26 7 4 19
27 8 5 167
28 1 2 1
28 7 2 107
28 7 4 112
28 9 8 84
29 6 2 91
29 8 5 129
30 4 7 34
30 4 9 55
30 8 5 113
31 4 7 72
31 4 9 85
32 0 1 161
32 0 4 38
32 2 0 161
32 2 3 20
32 4 7 9
32 4 9 134
33 2 0 132
33 2 3 140
33 8 5 146
34 7 2 65
34 7 4 101
35 4 7 119
35 4 9 177
36 0 1 7
36 0 4 16
36 3 6 140
36 7 2 66
36 7 4 46
37 5 2 12
38 0 1 37
38 0 4 111
39 6 2 23
40 3 6 172
41 7 2 104
41 7 4 51
42 4 7 61
42 4 9 36
43 0 1 155
43 0 4 100
43 2 0 30
43 2 3 43
43 9 8 41
44 5 2 157
45 7 2 127
45 7 4 133
45 9 8 185
46 8 5 146
47 6 2 65
48 1 2 85
48 3 6 107
48 4 7 51
48 4 9 28
49 0 1 39
49 0 4 16
49 6 2 4
