0 1 6 112
0 1 15 91
0 1 18 43
0 2 2 75
0 2 7 101
0 2 9 161
0 2 10 96
0 2 19 1
0 3 2 184
0 3 5 116
0 3 10 92
0 3 18 143
0 4 0 26
0 4 6 5
0 4 7 78
0 4 8 118
0 4 16 156
1 0 1 57
1 0 7 8
1 0 11 177
1 0 16 27
2 0 1 1
2 0 7 172
2 0 11 34
2 0 16 200
2 2 2 87
2 2 7 177
2 2 9 107
2 2 10 168
2 2 19 186
2 7 6 85
2 7 7 19
2 7 9 113
3 3 2 47
3 3 5 160
3 3 10 149
3 3 18 44
4 5 0 43
4 5 4 150
4 5 7 90
4 5 13 29
4 5 19 127
5 7 6 48
5 7 7 51
5 7 9 31
6 3 2 85
6 3 5 169
6 3 10 6
6 3 18 65
6 7 6 193
6 7 7 1
6 7 9 78
6 8 3 84
6 8 6 73
6 8 10 128
6 8 11 187
6 8 13 103
6 8 17 169
6 8 18 47
7 0 1 94
7 0 7 129
7 0 11 66
7 0 16 42
7 2 2 50
7 2 7 131
7 2 9 179
7 2 10 179
7 2 19 75
7 5 0 193
7 5 4 48
7 5 7 52
7 5 13 173
7 5 19 46
7 7 6 7
7 7 7 121
7 7 9 193
8 6 2 103
8 6 14 153
9 6 2 64
9 6 14 95
10 3 2 173
10 3 5 11
10 3 10 39
10 3 18 112
11 0 1 176
11 0 7 91
11 0 11 3
11 0 16 158
12 1 6 27
12 1 15 94
12 1 18 188
12 8 3 126
12 8 6 89
12 8 10 73
12 8 11 140
12 8 13 29
12 8 17 26
12 8 18 49
13 0 1 9
13 0 7 77
13 0 11 162
13 0 16 159
14 4 0 158
14 4 6 38
14 4 7 132
14 4 8 44
14 4 16 17
15 4 0 110
15 4 6 51
15 4 7 106
15 4 8 151
15 4 16 126
16 0 1 47
16 0 7 97
16 0 11 141
16 0 16 87
17 0 1 155
17 0 7 196
17 0 11 154
17 0 16 57
18 0 1 24
18 0 7 76
18 0 11 154
18 0 16 183
18 1 6 88
18 1 15 116
18 1 18 46
18 4 0 177
18 4 6 26
18 4 7 157
18 4 8 54
18 4 16 177
18 8 3 85
18 8 6 26
18 8 10 126
18 8 11 196
18 8 13 15
18 8 17 167
18 8 18 52
18 9 0 131
18 9 6 165
18 9 7 79
18 9 12 55
18 9 15 89
19 1 6 77
19 1 15 45
19 1 18 11
20 5 0 175
20 5 4 32
20 5 7 4
20 5 13 138
20 5 19 38
21 9 0 29
21 9 6 36
21 9 7 54
21 9 12 92
21 9 15 115
22 0 1 131
22 0 7 55
22 0 11 79
22 0 16 122
23 3 2 131
23 3 5 197
23 3 10 131
23 3 18 36
24 7 6 20
24 7 7 156
24 7 9 88
25 7 6 139
25 7 7 55
25 7 9 29
26 0 1 129
26 0 7 176
26 0 11 97
26 0 16 7
26 5 0 133
26 5 4 159
26 5 7 98
26 5 13 125
26 5 19 14
26 7 6 4
26 7 7 86
26 7 9 17
27 7 6 154
27 7 7 43
27 7 9 1
27 9 0 181
27 9 6 23
27 9 7 52
27 9 12 62
27 9 15 47
28 6 2 93
28 6 14 36
29 4 0 5
29 4 6 143
29 4 7 110
29 4 8 55
29 4 16 142
29 5 0 171
29 5 4 115
29 5 7 51
29 5 13 13
29 5 19 67
29 9 0 25
29 9 6 66
29 9 7 127
29 9 12 148
29 9 15 159
30 7 6 161
30 7 7 133
30 7 9 197
31 0 1 99
31 0 7 38
31 0 11 104
31 0 16 165
32 5 0 177
32 5 4 142
32 5 7 104
32 5 13 177
32 5 19 99
33 0 1 111
33 0 7 68
33 0 11 90
33 0 16 59
33 2 2 102
33 2 7 4
33 2 9 6
33 2 10 88
33 2 19 133
33 8 3 122
33 8 6 85
33 8 10 192
33 8 11 35
33 8 13 162
33 8 17 152
33 8 18 195
34 2 2 143
34 2 7 173
34 2 9 55
34 2 10 193
34 2 19 1
34 3 2 191
34 3 5 135
34 3 10 135
34 3 18 185
34 5 0 173
34 5 4 28
34 5 7 102
34 5 13 61
34 5 19 175
34 7 6 110
34 7 7 27
34 7 9 188
35 9 0 14
35 9 6 64
35 9 7 141
35 9 12 17
35 9 15 46
36 4 0 137
36 4 6 18
36 4 7 34
36 4 8 58
36 4 16 158
37 1 6 154
37 1 15 1
37 1 18 197
37 7 6 76
37 7 7 61
37 7 9 65
38 2 2 167
38 2 7 18
38 2 9 5
38 2 10 60
38 2 19 67
39 6 2 72
39 6 14 137
40 0 1 21
40 0 7 78
40 0 11 10
40 0 16 175
40 6 2 87
40 6 14 67
41 1 6 193
41 1 15 100
41 1 18 47
41 4 0 183
41 4 6 183
41 4 7 125
41 4 8 119
41 4 16 68
41 5 0 157
41 5 4 123
41 5 7 1
41 5 13 100
41 5 19 127
42 1 6 135
42 1 15 142
42 1 18 78
42 4 0 87
42 4 6 41
42 4 7 92
42 4 8 72
42 4 16 72
42 5 0 117
42 5 4 23
42 5 7 5
42 5 13 159
42 5 19 90
42 6 2 123
42 6 14 38
43 5 0 175
43 5 4 47
43 5 7 15
43 5 13 21
43 5 19 174
44 1 6 52
44 1 15 26
44 1 18 11
44 3 2 145
44 3 5 60
44 3 10 158
44 3 18 43
44 4 0 99
44 4 6 127
44 4 7 130
44 4 8 183
44 4 16 184
44 5 0 116
44 5 4 71
44 5 7 118
44 5 13 127
44 5 19 28
44 8 3 25
44 8 6 62
44 8 10 107
44 8 11 125
44 8 13 174
44 8 17 33
44 8 18 124
45 8 3 188
45 8 6 105
45 8 10 130
45 8 11 114
45 8 13 119
45 8 17 71
45 8 18 39
46 8 3 42
46 8 6 152
46 8 10 188
46 8 11 145
46 8 13 20
46 8 17 151
46 8 18 46
47 1 6 118
47 1 15 72
47 1 18 12
48 0 1 188
48 0 7 177
48 0 11 172
48 0 16 101
49 3 2 37
49 3 5 144
49 3 10 2
49 3 18 80
