288
2501
1187
1146
[1, 40, 49]
[]
0 0 [2900, 375, 0, 1350, 66, 0, 450, 0, 700, 0, 99, 0, 350]
396 1 [396, 450, 1000, 450, 1000, 1350, 1350, 518, 1353]
0 2 [1000, 100, 957, 150, 0, 0, 0, 0, 726, 0]
0 3 [0, 1050, 475, 0, 450, 0, 0, 0, 700, 75, 99, 0, 950]
0 4 [400, 962, 858, 0, 0, 0, 0, 0, 0, 1200]
0 5 [0, 150, 0, 1050, 1200, 0, 0, 0, 300, 950]
0 6 [450, 4200, 627, 0, 0, 0, 0, 0, 0, 0, 300, 0, 0]
0 7 [0, 37, 0, 2100, 3300, 0, 1287, 0, 525, 0, 0, 0, 0, 550, 0, 222]
0 8 [0, 0, 1200, 0, 250, 0, 0, 0, 594, 1050, 0, 500]
0 9 [300, 518, 0, 350, 0, 0, 1100, 0, 0, 0, 0]
0 10 [0, 0, 4500, 300, 1200, 0, 850, 0, 1089, 0]
0 11 [5100, 0, 725, 0, 2400, 450, 0, 0, 1350, 3150, 0, 0, 1350, 1443]
0 12 [792, 0, 0, 525, 0, 0, 0, 37, 0, 0, 858, 0, 0, 0, 250, 600]
0 13 [450, 1200, 0, 0, 990, 0, 750, 0, 0, 0, 0, 1500, 0, 1800, 250, 481, 100]
0 14 [726, 250, 33, 0, 693, 0, 1600, 0, 1287, 0, 700, 0, 2300]
0 15 [1155, 0, 1386, 0, 650, 0, 0, 0, 1700]
0 16 [150, 0, 375, 0, 495, 50, 350, 0, 0, 100, 0, 0, 450, 4950]
0 17 [0, 0, 2000, 0, 1050, 0, 0, 0, 0, 0]
0 18 [300, 0, 475, 0, 0, 0, 0, 0, 957, 0, 2000, 200]
0 19 [0, 1425, 1350, 2700, 462, 0, 528, 0, 0, 0, 3250]
0 20 [3600, 550, 475, 1875, 660, 0, 594, 0]
0 21 [0, 2550, 700, 0, 0, 0, 726, 0, 650, 0, 363]
0 22 [0, 600, 990, 0, 0, 300, 0, 148, 0, 0, 0, 0, 3400, 0, 400, 1200]
0 23 [0, 0, 0, 0, 1500, 111, 0, 0, 0, 0, 0, 0, 0, 0, 0, 75]
0 24 [200, 75, 200, 0, 200, 200, 200, 0, 0, 0, 0, 0, 0, 200, 200, 200, 0, 200]
0 25 [75, 0, 0, 1275, 325, 0, 950, 900, 950, 592, 0, 250, 2300, 1500]
0 26 [0, 2250, 2400, 0, 0, 0, 0, 0, 0, 0, 0]
0 27 [0, 0, 0, 0, 0, 0, 475, 0, 594, 0, 0, 0, 500, 0, 0, 375]
0 28 [198, 2250, 1400, 1350, 99, 1350, 825, 0, 1050, 555, 200, 0, 250]
0 29 [450, 300, 2000, 0, 325, 1650, 1050, 185, 0, 0, 600, 450, 475]
0 30 [1000, 2400, 0, 0, 0, 0, 0, 0, 0, 0, 3100]
0 31 [450, 150, 1700, 1650, 0, 0, 500, 0, 0, 0, 0, 0, 625]
0 32 [396, 50, 825, 0, 0, 0, 0, 1443]
0 33 [0, 850, 0, 0, 475, 0, 0, 0, 0, 0, 0, 0, 0, 900]
0 34 [4400, 0, 1600, 1036, 0, 1295, 0, 225, 850, 0, 0, 0, 0, 700, 0, 0, 50, 0, 0]
0 35 [5000, 0, 0, 481, 700, 0, 792, 0, 1750, 0, 100, 1650, 850, 0, 0]
0 36 [0, 150, 850, 150, 3500, 450, 0, 0, 0, 300, 100, 0, 0, 300]
0 37 [0, 74, 400, 1450, 0, 1800, 0, 150, 2050, 600, 0, 0, 0, 0, 1250, 0, 1050]
0 38 [297, 0, 200, 0, 250, 0, 0, 0, 0, 703, 0, 450, 500, 0, 700, 0, 275]
0 39 [400, 0, 1188, 0, 2500, 0, 0, 0, 0, 450, 0, 0, 0, 0, 775]
375 40 [1947, 375, 726, 1500]
0 41 [450, 1275, 0, 0, 350, 600, 0, 0, 0, 629, 0, 0]
0 42 [0, 0, 950, 0, 1500, 0, 600, 300, 99, 300]
0 43 [0, 150, 1500, 0, 0, 1500, 33]
0 44 [1350, 0, 0, 0, 33, 0, 0, 0, 0, 0, 0, 111, 0]
0 45 [425, 0, 625, 111, 2450, 450, 0, 0, 0, 703, 0]
0 46 [0, 0, 0, 777, 1000, 150, 0, 407, 150, 0, 0, 100]
0 47 [0, 2850, 1782, 1500, 900, 0, 0, 0, 0, 0, 3300, 0, 2000, 333]
0 48 [575, 400, 0, 0, 0, 703, 0, 0, 0, 0, 50, 0, 1300]
375 49 [1650, 375, 1700, 851, 3400, 750]
