288
1081
2
1549
[0, 15, 19, 28, 41]
[]
620 0 [766, 836, 1164, 1686, 1445, 1350, 620, 741, 780]
0 1 [0, 0, 8, 150, 55, 12, 262, 0, 205, 0, 0]
0 2 [0, 0, 0, 134, 38, 18, 123, 21, 0, 0, 250, 222, 50, 0, 1684, 520]
0 3 [193, 0, 33, 0, 40, 82, 39, 0, 725, 24, 0, 50, 1567, 15, 0]
0 4 [0, 375, 75, 243, 312, 0, 200, 150, 946, 819, 145]
0 5 [0, 996, 75, 0, 0, 76, 30, 63, 676, 60, 3, 37, 50]
0 6 [21, 293, 0, 0, 40, 62, 0, 33, 414, 0, 0, 0]
0 7 [25, 0, 229, 56, 58, 50, 178, 135, 51]
0 8 [50, 55, 173, 0, 0, 0, 2, 123, 25, 348]
0 9 [0, 195, 0, 4, 210, 0, 314, 1802]
0 10 [101, 0, 10, 625, 208, 236, 251, 174, 0, 1882, 0, 30, 33]
0 11 [0, 878, 23, 83, 107, 0, 560, 0]
0 12 [0, 0, 89, 18, 127, 0, 0, 241, 16, 75, 0, 575]
0 13 [0, 0, 66, 0, 40, 365, 64, 20, 49, 108, 96, 0]
0 14 [2, 151, 30, 182, 0, 21, 0, 0, 0, 2, 301, 235, 50]
296 15 [800, 1248, 400, 1500, 800, 296, 419, 600, 400]
0 16 [0, 0, 0, 0, 183, 750, 71, 0, 0, 272, 28, 0, 0]
0 17 [340, 55, 0, 172, 128, 59, 50, 40, 0, 238, 68, 37, 92, 50, 25, 0]
0 18 [4, 601, 180, 74, 166, 119, 0, 0, 200, 10, 1, 0, 100, 0]
33 19 [50, 307, 33, 354, 206, 33, 186, 545]
0 20 [0, 40, 0, 64, 0, 0, 1007]
0 21 [184, 257, 0, 28, 50, 63, 0, 0, 676, 0, 51]
0 22 [122, 41, 0, 13, 122, 450, 182, 0, 0, 0, 12, 0, 0, 160, 33, 420, 66]
0 23 [0, 3, 101, 0, 38, 0, 194, 2, 260, 0]
0 24 [0, 6, 0, 0, 601, 18, 0, 152, 0]
0 25 [0, 0, 25, 111, 0, 228, 0, 50, 48, 37, 0]
0 26 [0, 0, 0, 600, 0, 195, 244, 56, 12, 0, 381]
0 27 [25, 0, 151, 67, 50, 421, 0, 0, 551, 136, 190, 564, 0, 1756, 39, 50]
50 28 [100, 450, 58, 1020, 50, 220, 240, 76, 102, 259, 380, 896, 50, 87]
0 29 [0, 98, 21, 32, 1115, 0, 0]
0 30 [0, 168, 180, 185, 0, 0, 0, 268, 542, 7, 50, 0, 53, 74, 402, 389, 182, 647, 80]
0 31 [0, 0, 100, 0, 0, 25, 74, 0, 283, 115]
0 32 [0, 350, 0, 0, 99, 0, 133, 111, 0, 33, 362, 0, 25]
0 33 [0, 0, 0, 301, 0, 0, 18, 50, 0]
0 34 [0, 0, 95, 79, 0, 278, 0, 50, 0, 1405]
0 35 [0, 0, 0, 0, 172, 102, 28, 12, 3, 0, 69, 0, 0, 17]
0 36 [0, 50, 128, 562, 50, 2, 66, 5, 0, 0, 0]
0 37 [0, 50, 36, 260, 0, 134, 36, 0, 18, 75, 74, 0, 124, 150, 50, 128]
0 38 [0, 26, 0, 228, 0, 0, 45, 375, 0, 127]
0 39 [192, 45, 133, 141, 0, 20, 0, 1]
0 40 [0, 0, 0, 74, 0, 83, 0, 0, 1792, 500, 133, 151]
550 41 [550, 2046, 605, 852, 1743, 1650, 1330]
0 42 [16, 2, 148, 103, 100, 0, 36, 50, 0, 450, 10, 50, 0, 0]
0 43 [0, 0, 0, 44, 0, 178, 0, 163, 0, 75, 6, 4, 0, 98, 475, 514, 0, 87]
0 44 [0, 16, 0, 0, 0, 16, 122, 291, 0, 37]
0 45 [0, 0, 0, 0, 103, 0, 28, 1039, 119, 0, 0, 0, 207, 0, 1564, 2, 50]
0 46 [284, 0, 0, 223, 0, 79, 0, 312, 66, 42, 0]
0 47 [50, 304, 23, 8, 15, 0, 0, 0, 0, 0, 0]
0 48 [0, 0, 0, 252, 0, 151, 0, 0, 564, 571, 0]
0 49 [0, 0, 0, 153, 354, 0, 4, 150, 42, 74, 0]
