288
1081
0
3711
[2, 24, 25, 33, 44, 47]
[]
0 0 [0, 215, 0, 32, 396, 0, 170, 675, 0]
0 1 [127, 720, 650, 421, 0, 0, 528, 941, 0, 202, 0, 416, 90]
400 2 [934, 902, 953, 805, 1900, 2160, 550, 1830, 526, 920, 400, 1200]
0 3 [275, 286, 30, 0, 0, 150, 350, 119, 0, 0, 387, 375, 303, 240, 24, 0, 0, 0]
0 4 [193, 0, 16, 0, 0, 137, 474, 221, 225, 0, 0, 0, 198, 148, 617]
0 5 [338, 0, 0, 708, 261, 0, 550, 1200, 0, 2298, 0, 1334, 163, 718, 162, 1311, 0, 26]
0 6 [40, 470, 363, 0, 264, 39, 425, 101, 48, 0, 660]
0 7 [86, 269, 1290, 0, 64, 160]
0 8 [131, 178, 13, 0, 1003, 305, 231, 266, 947, 0, 48, 0, 125, 626, 237, 586, 118, 0]
0 9 [208, 0, 0, 906, 225, 0, 1103, 0, 225, 116, 271, 0, 0, 438, 500, 3228, 440, 0]
0 10 [855, 68, 33, 0, 348, 1258, 584, 755, 380, 2403, 1632, 4, 708]
0 11 [0, 0, 66, 450, 367, 340, 0, 37, 1031, 378, 0, 2, 132, 0, 32, 600]
0 12 [159, 0, 22, 0, 636, 273, 248, 126, 650, 0, 123]
0 13 [0, 844, 0, 0, 67, 0, 0, 307, 180, 96, 166]
0 14 [60, 0, 0, 0, 0, 0, 454, 0, 424, 111]
0 15 [0, 0, 100, 0, 0, 516, 100, 56, 24, 0]
0 16 [0, 1110, 580, 445, 200, 203, 390, 1433, 402, 0, 0, 0]
0 17 [0, 122, 73, 739, 0, 0, 99, 1490, 0, 945, 162, 696, 638, 0, 264, 0]
0 18 [0, 89, 0, 315, 350, 622, 0, 140, 0, 0, 600, 52, 0, 331, 93, 56, 45]
0 19 [0, 0, 200, 390, 287, 154, 0, 296, 200, 565, 0, 433, 100, 54, 144]
0 20 [264, 132, 0, 0, 33, 252, 152, 2046, 250, 407, 289, 0, 57, 222, 200, 444, 59]
0 21 [136, 0, 533, 511, 0, 0, 700, 314, 373, 311, 100, 0, 321, 2595]
0 22 [254, 0, 545, 14, 0, 502, 231, 0, 34, 0]
0 23 [342, 33, 266, 0, 0, 550, 375, 612, 264, 0, 0, 0]
566 24 [1200, 1425, 606, 669, 680, 775, 770, 566, 1202]
1433 25 [4160, 2992, 2409, 2197, 4702, 6750, 1433]
0 26 [0, 0, 0, 37, 294, 0, 838, 350, 794, 170]
0 27 [976, 0, 50, 0, 164, 1194, 156, 0, 297, 64, 944, 962, 525, 0, 180, 0, 51]
0 28 [0, 0, 118, 0, 597, 526, 410, 0, 1173, 0]
0 29 [0, 214, 308, 2855, 0, 562, 297, 956, 0, 0, 138, 0]
0 30 [706, 207, 0, 2, 401, 0, 0, 88, 9, 300, 200, 0]
0 31 [208, 0, 0, 106, 196, 452, 251, 0, 0, 0, 808, 1105, 0, 75, 961, 73]
0 32 [212, 8, 300, 221, 0, 415, 1488, 150, 0, 600, 231, 174, 0]
442 33 [2318, 442, 1344, 999, 1100, 1706, 1276, 537]
0 34 [2, 0, 274, 398, 0, 360, 391, 82, 50, 0]
0 35 [314, 0, 100, 354, 221, 284, 0, 826, 0, 0, 364, 750, 0, 328, 50, 181, 0]
0 36 [247, 31, 0, 270, 188, 1013, 450, 675, 132, 532, 0]
0 37 [320, 2776, 0, 0, 900, 500, 8, 0, 0, 360, 0, 275, 75, 0]
0 38 [173, 0, 0, 226, 0, 271, 0, 0, 0, 600, 331, 1702, 93, 0, 20]
0 39 [20, 0, 0, 0, 0, 173, 0, 518, 0, 84, 528, 2, 668, 0, 564, 250, 0, 1]
0 40 [0, 224, 200, 450, 109, 0, 160, 237, 271, 2, 1176, 0, 704, 0]
0 41 [0, 0, 0, 0, 541, 714, 914, 356, 0]
0 42 [0, 37, 222, 300, 40, 437, 300, 150, 299, 0, 0]
0 43 [338, 20, 0, 0, 82, 4, 199, 300, 25]
396 44 [471, 462, 1002, 900, 400, 1276, 511, 649, 583, 592, 396, 1269, 1196, 3486]
0 45 [0, 0, 217, 0, 831, 350, 0, 1727, 700, 119, 0, 2076, 534, 31, 169]
0 46 [98, 929, 347, 0, 0, 594, 250, 959, 0, 298]
474 47 [510, 558, 592, 816, 474, 784, 627, 1010, 707, 1952]
0 48 [158, 0, 0, 82, 0, 785, 252, 0, 462, 288, 25, 0, 0]
0 49 [32, 0, 0, 648, 698, 1350, 489, 168, 0, 24, 670, 243, 0, 0]
