288
1081
0
8954
[0, 5, 7, 8, 9, 10, 19, 26, 28, 34, 46]
[]
29 0 [50, 261, 33, 1092, 29, 987, 72, 89]
0 1 [300, 126, 0, 0, 1072, 0, 50, 0, 100]
0 2 [36, 0, 656, 0, 451, 55, 0, 7, 0, 115, 0, 70]
0 3 [0, 0, 168, 951, 0, 267, 1, 0, 0, 0, 0, 0, 12, 0, 0, 0]
0 4 [24, 261, 0, 287, 75, 81, 0, 0, 0, 0, 0, 88, 312, 172, 0]
7125 5 [11931, 12526, 7475, 9398, 7125, 12088]
0 6 [1017, 0, 17, 332, 352, 177, 0, 50, 0, 0]
22 7 [606, 22, 213, 6000, 109, 150, 51, 117, 27, 116]
27 8 [911, 50, 200, 150, 33, 457, 100, 109, 27, 75, 1569]
25 9 [1029, 26, 2001, 124, 115, 75, 25, 307, 206]
1301 10 [1399, 1442, 3684, 2120, 1301, 9000, 1432, 5670, 1387, 2013]
0 11 [241, 6334, 0, 0, 0, 0, 7200, 210, 33, 1, 262]
0 12 [923, 356, 0, 0, 1307, 0, 117, 383, 7, 0, 1682, 3]
0 13 [0, 1363, 206, 35, 0, 0, 0, 0, 0, 192, 0, 7, 122]
0 14 [0, 330, 700, 0, 57, 17, 0, 3400, 0, 0, 54, 574, 0, 80]
0 15 [999, 719, 158, 1167, 0, 768, 0, 453, 0, 66, 0, 12, 2105]
0 16 [0, 624, 0, 82, 1403, 182, 937, 0, 14, 0, 0, 0]
0 17 [461, 1277, 104, 0, 166, 4659, 0, 0, 0, 0, 0, 99]
0 18 [189, 320, 264, 300, 1602, 8, 204, 0, 696, 0, 25, 0, 0, 420, 57, 1105]
74 19 [108, 74, 1288, 88, 200, 100, 104]
0 20 [991, 260, 0, 148, 0, 5, 0, 11, 7, 4, 0]
0 21 [0, 537, 0, 90, 0, 0, 30, 0, 3]
0 22 [0, 1870, 142, 5, 348, 0, 0, 627, 0, 0, 0]
0 23 [25, 1629, 0, 45, 57, 1700, 0, 150, 220, 1157, 50]
0 24 [84, 0, 350, 59, 603, 4, 4, 0, 0, 2220, 0, 230, 1614]
0 25 [0, 697, 177, 320, 230, 164, 2, 0, 18, 0, 14, 24]
99 26 [1139, 1800, 178, 450, 431, 655, 99, 294, 156, 210]
0 27 [0, 331, 2130, 89, 1409, 2, 3, 0, 3250, 12, 0, 2234, 3]
101 28 [550, 286, 101, 111, 150, 388]
0 29 [799, 0, 252, 43, 257, 78, 0, 19, 28, 75, 18, 404, 168]
0 30 [270, 2180, 50, 548, 0, 0, 0, 178, 0, 0, 83, 1611, 133]
0 31 [5, 0, 408, 1308, 8, 46, 0, 56, 0, 667]
0 32 [0, 154, 0, 0, 12, 424, 2673, 30, 0, 17, 0, 0, 62, 49]
0 33 [0, 793, 168, 42, 18, 15, 0, 16, 5, 10, 12, 0, 0, 0, 12, 271, 18, 7, 85]
91 34 [200, 1136, 107, 512, 91, 176, 264, 92, 100, 135, 865, 256]
0 35 [0, 761, 0, 856, 62, 0, 0, 0, 0, 363, 9]
0 36 [251, 42, 1498, 92, 0, 37, 0, 1, 1042, 37, 0, 130, 382, 223, 21, 62]
0 37 [1372, 654, 0, 1, 746, 548, 8800, 0, 85, 0, 0, 0, 646, 0, 50, 89, 0, 5531, 0, 0, 447, 8, 337]
0 38 [680, 764, 2, 0, 200, 0, 144, 5, 21, 0, 21, 4, 50, 0, 234, 37, 49, 601, 161]
0 39 [152, 0, 100, 1367, 116, 2937, 0, 63, 498, 1, 50, 50, 52, 134, 0, 0, 662, 28]
0 40 [375, 199, 1875, 0, 0, 0, 333, 14, 0, 452, 0, 111, 309, 76, 1317]
0 41 [710, 102, 336, 2185, 0, 102, 0, 0, 0, 52, 0, 0, 102, 0]
0 42 [414, 0, 253, 0, 168, 1267, 1191, 0, 0, 0, 0, 20, 725, 0]
0 43 [200, 0, 21, 490, 0, 180, 15, 26, 0, 3900, 0, 15, 0]
0 44 [0, 3132, 0, 300, 23, 5700, 875, 0, 0, 0, 0, 0, 0, 348]
0 45 [787, 27, 240, 3950, 887, 2, 0, 9900, 0, 37, 499, 150, 2, 52]
60 46 [60, 2448, 183, 890, 91, 230, 2252, 300, 126]
0 47 [1245, 109, 0, 0, 0, 0, 16, 34, 0, 0, 50, 0, 25, 168]
0 48 [29, 0, 187, 1353, 0, 0, 263, 0, 0, 88, 75, 0]
0 49 [0, 65, 8991, 1356, 0, 24, 25, 2590, 0, 0, 229, 0, 0, 649]
