288
2501
1693
0
[]
[]
0 0 [125, 0, 0, 0, 1400, 0, 800, 0, 3100, 0, 25, 0, 0, 0, 0, 0, 0]
0 1 [200, 2250, 100, 0, 0, 0, 0, 250, 0]
0 2 [0, 50, 0, 0, 50, 0, 225, 111, 0]
0 3 [0, 0, 0, 0, 0, 0, 0, 0]
0 4 [400, 0, 3000, 0, 100, 0, 0, 37, 4400]
0 5 [400, 0, 0, 0, 50, 0]
0 6 [175, 0, 0, 0, 650, 50, 0, 50, 50, 0, 33, 0, 500, 0]
0 7 [0, 0, 550, 0, 0, 0, 0, 0, 891, 4800, 0]
0 8 [600, 0, 429, 0, 0, 0, 250, 0, 250, 0, 4000, 0, 0]
0 9 [1250, 0, 33, 0, 100, 0, 0, 0, 0, 0, 0, 0]
0 10 [0, 50, 50, 0, 0, 0, 0, 150, 1023, 0]
0 11 [0, 0, 175, 0, 300, 0, 0, 0, 264]
0 12 [200, 0, 0, 0, 650, 0, 0, 0, 50, 0, 0, 0, 297, 0, 264, 0, 660, 950, 0, 0]
0 13 [1800, 0, 25, 0, 1089, 300, 100, 0]
0 14 [99, 0, 0, 0, 275, 0, 0, 225, 0, 100, 275, 750, 0, 0, 0, 0]
0 15 [0, 0, 132, 50, 0, 0, 0, 0]
0 16 [0, 75, 0, 0, 330, 0, 725, 50, 100, 0, 0, 0, 0]
0 17 [100, 0, 0, 0, 0, 0, 0, 0, 0, 0, 1600, 0, 0]
0 18 [0, 0, 1000, 0, 1650, 0, 550, 150, 33, 0, 0, 0, 627, 0, 0, 0]
0 19 [1056, 150, 1650, 0, 1254]
0 20 [350, 225, 50, 0, 3500, 0, 850, 0, 350, 0, 300, 0, 0, 0, 0]
0 21 [165, 0, 0, 0, 0, 0, 0, 0, 0, 0]
0 22 [0, 0, 0, 0, 1250, 0, 0, 0, 0, 0, 0, 0, 165, 0, 0, 0]
0 23 [25, 0, 0, 0, 0, 0, 0, 0, 1075, 0, 0, 0, 0, 0, 0, 0]
0 24 [0, 0, 0, 0, 500, 0, 363, 0, 1150, 0, 0]
0 25 [50, 0, 0, 0, 0, 0, 0, 0, 1000, 0, 0, 0, 2450, 0]
0 26 [0, 0, 1023, 0, 6400, 0, 250, 0, 0, 0, 759, 900, 0, 0]
0 27 [99, 0, 0, 0, 1353, 0, 0, 0, 0, 75, 0]
0 28 [0, 185, 0, 3600, 100, 37, 100, 0, 0, 675, 0, 0, 0, 0, 1300]
0 29 [0, 225, 0, 0, 500, 0, 0, 0, 0, 0, 3000, 0]
0 30 [0, 0, 600, 0, 100, 0, 99, 0, 100, 0, 650, 450, 0, 0, 900]
0 31 [50, 0, 0, 0, 1200, 0, 450, 0, 0, 50, 175, 150, 0, 0]
0 32 [1400, 4350, 0, 0, 0, 0, 700, 0, 0]
0 33 [0, 0, 0, 0, 25, 0, 0, 0, 0, 148, 800]
0 34 [0, 0, 66, 0, 225, 0, 0, 0, 575, 0]
0 35 [0, 0, 0, 37, 600, 0, 0, 0, 50, 0, 650]
0 36 [0, 0, 50, 0, 0, 0, 33, 0, 0, 0, 924, 0, 0]
0 37 [0, 0, 1725, 0, 0, 37, 300, 200, 66, 0, 0]
0 38 [0, 0, 1450, 0, 0, 150, 33, 50]
0 39 [0, 0, 0, 0, 0, 4200, 66, 0, 0, 0, 600, 0, 0, 0]
0 40 [100, 0, 0, 0]
0 41 [325, 0, 0, 74, 66, 0, 0, 0, 50]
0 42 [0, 0, 0, 703, 0, 0, 525, 400, 1122, 0, 500, 0, 800, 3600, 0, 0]
0 43 [150, 0, 300, 0, 1400, 75, 0, 0, 264, 0, 0, 0, 0, 0, 0]
0 44 [0, 450, 1200, 0, 0, 150, 3100, 0, 0, 0, 0, 0, 400, 0, 50, 0, 0, 0, 0, 0]
0 45 [0, 0, 0, 0, 0, 0, 75, 0, 500, 0, 396, 0, 100, 0]
0 46 [726, 0, 0, 0, 330, 150, 2400, 0, 0, 0, 250, 740]
0 47 [1250, 0, 0, 0, 0, 0, 500, 450, 33, 0, 75, 0, 792, 0, 550, 0]
0 48 [0, 0, 0, 0, 759, 0, 0, 0, 0, 50, 0, 0, 0, 0, 800, 0, 0]
0 49 [400, 75, 363, 0, 1250, 0, 900, 0, 350, 148, 528, 222]
