288
721
0
2013
[8]
[]
0 0 [0, 0, 25, 0, 0, 37, 1, 75, 0, 75, 0, 800, 0, 111, 0, 0]
0 1 [66, 148, 0, 300, 400, 450, 181, 75, 100, 232, 150, 300, 723, 0]
0 2 [0, 0, 0, 0, 0, 0, 0, 0, 218, 0, 0, 0, 0, 0, 0, 1628, 1700]
0 3 [0, 0, 132, 5, 0, 250, 0, 0, 0, 0, 0, 0, 100, 399, 0]
0 4 [0, 200, 275, 0, 0, 0, 0, 0, 400, 0]
0 5 [0, 0, 0, 0, 0, 225, 0, 1951, 250, 200, 700, 0, 0, 0, 1100]
0 6 [200, 0, 0, 185, 0, 23, 66, 0, 0, 0, 0, 215, 338, 0]
0 7 [0, 0, 400, 0, 0, 2, 350, 37, 50, 0, 175, 1430, 0, 962]
2013 8 [3366, 8550, 2013, 2696, 2211, 2850]
0 9 [0, 0, 100, 4, 400, 0, 0, 0, 0, 0, 0, 555]
0 10 [3200, 0, 0, 0, 0, 0, 0, 225, 0, 0, 0, 0]
0 11 [0, 139, 0, 0, 0, 0, 200, 150, 0, 50, 100, 150]
0 12 [0, 50, 0, 300, 4, 0, 0, 150, 201, 150, 50, 0, 519, 0]
0 13 [0, 0, 0, 150, 0, 0, 0, 0, 0, 375, 200]
0 14 [0, 0, 0, 0, 400, 250, 165, 0]
0 15 [0, 3825, 700, 8, 0, 185, 198, 0, 0]
0 16 [0, 0, 0, 0, 33, 150, 100, 37, 0, 2, 0, 0, 1900]
0 17 [0, 74, 0, 0, 0, 1650, 200, 23, 200, 300, 0, 0, 700, 0]
0 18 [0, 0, 0, 0, 350, 400, 100, 300, 0, 0, 100, 300, 0, 0]
0 19 [0, 0, 0, 300, 0, 825, 52, 111, 0, 375, 0, 1195, 250, 525, 759]
0 20 [0, 0, 0, 0, 32, 300, 75, 0, 0, 150, 0, 111, 0, 0, 0, 2251]
0 21 [1300, 0, 50, 0, 50, 300, 0, 100, 150, 0]
0 22 [0, 0, 198, 450, 33, 0, 167, 0]
0 23 [0, 0, 0, 0, 198, 0, 48, 450, 1000, 150, 0, 12, 528, 225, 250, 0, 600]
0 24 [0, 0, 0, 0, 0, 0, 0, 151, 0, 0, 1335]
0 25 [0, 450, 0, 50, 51, 450, 33, 150, 0, 300, 0, 0, 139, 300, 504, 1575]
0 26 [1625, 0, 75, 0, 400, 150, 18, 370, 99, 225, 50, 0, 561, 0]
0 27 [0, 0, 0, 0, 0, 0, 0, 373, 5, 2550, 0, 350, 0, 2181, 734]
0 28 [0, 100, 0, 8, 801, 825, 75, 111, 3, 150, 99, 0, 400, 0]
0 29 [0, 0, 0, 450, 0, 0, 175, 300, 300, 50, 165, 0, 0]
0 30 [100, 0, 99, 0, 0, 0, 0, 0, 0, 200, 384, 2400]
0 31 [0, 300, 0, 0, 66, 0, 1200, 100, 66, 185, 0]
0 32 [1325, 0, 0, 0, 0, 0, 125, 0, 0, 0, 0, 0, 1700]
0 33 [1475, 0, 0, 0, 0, 0, 198, 77, 0, 5, 0, 0, 550, 50, 0, 0]
0 34 [0, 150, 36, 0, 75, 0, 0, 750, 0]
0 35 [0, 4050, 0, 0, 100, 0, 66, 0, 0, 375, 500, 18, 0, 0, 0, 74]
0 36 [2351, 100, 0, 74, 0, 0, 0, 0, 66, 2017]
0 37 [66, 578, 33, 0, 450, 675, 0, 12, 0, 1, 125, 375, 0]
0 38 [0, 0, 200, 0, 0, 269, 33, 0, 0, 0, 0, 710]
0 39 [0, 0, 0, 1050, 187, 0, 0, 0, 66, 1, 0, 0, 650, 0, 0, 0, 475]
0 40 [5300, 0, 33, 0, 300, 115, 0, 0, 0, 0, 0, 0]
0 41 [0, 0, 0, 101, 0, 37, 0, 200, 0, 0]
0 42 [0, 0, 0, 0, 0, 0, 100, 0, 0, 0, 0, 0, 650, 0, 582, 0]
0 43 [0, 0, 0, 0, 25, 0, 100, 0, 0, 0, 0, 0]
0 44 [0, 646, 0, 74, 0, 0, 100, 0, 0]
0 45 [0, 4125, 1000, 600, 500, 888]
0 46 [0, 0, 0, 0, 0, 0, 0, 0, 0, 148]
0 47 [0, 0, 0, 0, 200, 4, 0, 37, 0, 0, 99, 0, 175]
0 48 [1450, 50, 0, 100, 24, 0, 400, 0, 300, 0, 0]
0 49 [0, 111, 363, 0, 0, 150, 0, 900, 1050, 900, 0, 259, 725]
