288
1081
1
8643
[0, 5, 7, 8, 9, 10, 19, 26, 28, 34, 46]
[]
29 0 [50, 387, 33, 1897, 29, 1368, 37, 37]
0 1 [400, 42, 0, 0, 1387, 0, 75, 0, 50]
0 2 [0, 0, 613, 0, 330, 45, 0, 7, 0, 77, 33, 66]
0 3 [0, 0, 252, 1169, 0, 316, 11, 1, 0, 168, 0, 102, 87, 0, 106, 1]
0 4 [0, 278, 0, 223, 39, 38, 0, 0, 0, 0, 0, 108, 406, 190, 0]
6825 5 [11452, 11852, 7325, 9016, 6825, 11478]
0 6 [596, 0, 17, 182, 202, 181, 0, 74, 33, 0]
27 7 [567, 37, 265, 6896, 93, 75, 50, 86, 27, 141]
25 8 [1120, 30, 202, 218, 33, 150, 50, 50, 25, 75, 2458]
25 9 [1183, 26, 2353, 149, 201, 75, 25, 293, 290]
1302 10 [1497, 1489, 3768, 2253, 1302, 8100, 1500, 5400, 1368, 2064]
0 11 [241, 4663, 0, 0, 0, 0, 6900, 84, 24, 4, 164]
0 12 [876, 642, 0, 48, 1146, 1, 114, 345, 14, 74, 1109, 19]
0 13 [0, 2495, 514, 80, 16, 0, 0, 0, 0, 457, 0, 16, 160]
0 14 [0, 340, 502, 0, 63, 31, 0, 2850, 50, 50, 46, 463, 50, 106]
0 15 [973, 873, 56, 1162, 0, 597, 0, 150, 0, 8, 0, 0, 1607]
0 16 [12, 483, 1, 49, 1203, 150, 700, 0, 50, 0, 0, 0]
0 17 [1826, 2139, 222, 0, 627, 5618, 16, 0, 0, 0, 2, 192]
0 18 [219, 201, 84, 353, 1502, 2, 155, 0, 748, 0, 0, 0, 0, 460, 0, 722]
88 19 [170, 118, 1305, 88, 200, 100, 106]
0 20 [762, 200, 7, 136, 0, 0, 1, 11, 0, 3, 0]
0 21 [0, 425, 0, 115, 0, 0, 132, 0, 1]
0 22 [0, 1624, 41, 0, 279, 0, 0, 287, 0, 0, 11]
0 23 [0, 1790, 0, 85, 0, 2118, 0, 0, 215, 1897, 0]
0 24 [56, 0, 396, 369, 905, 12, 8, 0, 0, 2923, 50, 359, 2553]
0 25 [0, 568, 102, 578, 152, 191, 4, 9, 49, 0, 0, 15]
99 26 [813, 1800, 184, 450, 541, 505, 99, 222, 200, 247]
0 27 [0, 329, 2748, 159, 711, 0, 1, 0, 3300, 18, 100, 1900, 3]
82 28 [376, 204, 82, 111, 150, 276]
0 29 [692, 0, 195, 12, 62, 0, 0, 0, 4, 0, 5, 221, 1]
0 30 [256, 2504, 39, 562, 100, 0, 10, 258, 33, 19, 50, 1662, 141]
0 31 [0, 0, 291, 1319, 8, 205, 2, 0, 0, 380]
0 32 [0, 264, 1, 151, 93, 533, 2706, 300, 39, 86, 12, 50, 154, 29]
0 33 [0, 783, 84, 124, 45, 77, 0, 2, 5, 0, 12, 30, 9, 0, 0, 460, 60, 1, 233]
83 34 [336, 1051, 128, 570, 83, 251, 230, 123, 150, 129, 1015, 332]
0 35 [0, 882, 0, 847, 12, 0, 0, 0, 0, 422, 5]
0 36 [203, 5, 1062, 44, 0, 0, 0, 0, 788, 0, 0, 14, 337, 85, 27, 12]
0 37 [1016, 506, 0, 0, 416, 330, 7400, 4, 63, 0, 0, 0, 446, 0, 43, 28, 0, 4817, 0, 0, 282, 4, 165]
0 38 [820, 1008, 0, 0, 0, 0, 69, 5, 7, 0, 30, 0, 50, 0, 28, 0, 29, 1168, 234]
0 39 [176, 0, 1, 1218, 82, 2091, 0, 0, 592, 0, 28, 0, 106, 0, 0, 15, 675, 40]
0 40 [200, 186, 1600, 0, 2, 0, 212, 7, 12, 505, 0, 111, 254, 1, 751]
0 41 [710, 251, 474, 2536, 0, 252, 0, 75, 0, 98, 43, 2, 200, 50]
0 42 [738, 0, 518, 0, 168, 1264, 1485, 0, 0, 0, 0, 55, 644, 8]
0 43 [299, 0, 84, 522, 0, 302, 30, 148, 0, 4550, 83, 34, 27]
0 44 [25, 4223, 0, 607, 281, 6675, 1050, 0, 0, 7, 0, 0, 0, 648]
0 45 [515, 7, 64, 4500, 961, 0, 0, 10800, 0, 0, 381, 0, 5, 1]
58 46 [61, 1754, 114, 885, 58, 165, 1827, 300, 72]
0 47 [986, 11, 0, 0, 0, 0, 1, 34, 0, 0, 0, 0, 0, 42]
0 48 [27, 84, 96, 871, 0, 11, 262, 0, 0, 14, 26, 0]
0 49 [0, 6, 7300, 1334, 0, 48, 50, 2294, 8, 0, 272, 37, 1, 523]
