288
1081
262988
8225
[17]
[]
0 0 [0, 6450, 22, 0, 0, 265, 0, 0, 0, 3950, 4290, 0]
0 1 [5300, 0, 80, 0, 170, 0, 3900, 0, 0]
0 2 [17, 0, 16, 0, 0, 1850, 0, 0, 168, 0, 51]
0 3 [56, 0, 2125, 150, 0, 0, 150, 75, 0, 0, 0, 0, 6350, 2886, 0, 0, 0]
0 4 [81, 4551, 0, 6912, 33, 160, 0, 23, 0, 0, 25, 0, 13200, 3256, 474, 0, 0, 0, 0, 0, 25]
0 5 [9, 0, 100, 5250, 0, 0, 0, 0, 0, 0, 25, 0]
0 6 [27, 126, 3663, 4200, 146, 29, 112, 94, 50, 134, 0, 150]
0 7 [0, 157, 0, 22, 0, 0, 0, 150, 0, 0, 3927, 10500, 0, 0, 0]
0 8 [0, 6150, 0, 0, 0, 10, 13, 0, 80, 0, 0, 0, 0]
0 9 [2625, 0, 1825, 0, 0, 1, 0, 0, 100, 0, 0]
0 10 [0, 0, 40, 0, 1340, 150, 18, 0]
0 11 [5, 1, 0, 0, 0, 3375, 0, 241, 0, 0, 2825, 5100, 0, 0, 0]
0 12 [0, 0, 0, 0, 60, 150, 0, 0]
0 13 [0, 0, 2175, 0, 0, 0, 100, 0, 0, 19350, 0]
0 14 [37, 4033, 50, 140, 0, 0, 0, 0, 0, 8550, 8388, 0, 0]
0 15 [33, 0, 0, 75, 0, 52, 0, 37, 0, 50, 12300, 0, 0]
0 16 [5550, 0, 0, 0, 65, 0, 11500, 238, 0, 0, 0]
8225 17 [8225, 22650, 26900, 12395, 9801, 16750]
0 18 [50, 0, 0, 0, 33, 124, 150, 37, 0, 225, 100, 11850, 25, 0, 0]
0 19 [24, 0, 0, 0, 60, 0, 0, 12750, 0, 0]
0 20 [0, 0, 30, 0, 0, 2700, 86, 0]
0 21 [0, 2, 74, 48, 0, 9975, 0, 0, 0]
0 22 [10, 9150, 0, 80, 0, 100, 50, 0, 0, 19950, 0, 194]
0 23 [0, 0, 0, 15, 0, 0, 2800, 0, 0, 0, 0]
0 24 [0, 0, 300, 0, 0, 0, 0, 0, 0, 0, 0, 0, 0]
0 25 [0, 0, 0, 41, 0, 85, 4800, 0, 0, 0, 3850, 0, 0]
0 26 [26, 9225, 0, 0, 57, 0, 0, 0]
0 27 [0, 0, 0, 50, 0, 0, 0, 6950]
0 28 [0, 0, 5, 0, 12, 148, 0, 0, 0, 0, 0, 4366, 1750, 116, 0]
0 29 [0, 0, 0, 0, 0, 26, 0, 0, 0, 0, 0, 0, 0, 0]
0 30 [11900, 0, 0, 50, 0, 222, 0, 0, 0, 150, 0, 18750, 0]
0 31 [12, 9825, 0, 0, 18, 0, 0, 0, 0, 0, 0, 0, 0]
0 32 [1, 1, 0, 0, 0, 100, 0, 162, 0]
0 33 [4250, 0, 0, 0, 0, 0, 0, 4329, 2673, 0, 0, 0]
0 34 [0, 12, 3894, 0, 20, 0, 0, 0, 0, 0, 0, 0, 0, 0, 0]
0 35 [103, 0, 51, 7350, 241, 0, 0, 0, 0]
0 36 [0, 6000, 99, 150, 84, 0, 0, 0, 0, 22, 0, 0, 0]
0 37 [2925, 3256, 100, 50, 15, 50, 240, 0, 50, 18600, 286, 37]
0 38 [0, 12600, 25, 0, 0, 310, 0, 0, 7600, 0, 0]
0 39 [15, 106, 0, 4, 6, 0, 0, 0, 2750, 0, 80, 3478, 0, 0]
0 40 [12, 13896, 0, 0, 0, 0, 12, 150, 0, 0, 0]
0 41 [1, 0, 8800, 0, 0, 0, 55, 3675, 0, 0, 0, 0, 3225, 12300, 138, 0, 0, 0, 0]
0 42 [0, 45, 73, 100, 0, 0, 0, 0, 3927, 228, 0, 0]
0 43 [0, 5250, 0, 0, 0, 5700, 0, 0, 0, 0, 0, 4107, 96, 0, 0, 0]
0 44 [134, 75, 2950, 50, 0, 62, 40, 222, 1125, 0, 0, 158, 50, 0, 0, 6300, 50, 0]
0 45 [11000, 0, 8100, 20, 0, 0, 50, 0, 0, 4255, 0, 0]
0 46 [2, 12, 0, 101, 56, 15, 0, 0, 380, 4000, 0, 0]
0 47 [3200, 0, 0, 13350, 0, 0, 0, 0, 0, 0, 100, 0, 0, 0, 0]
0 48 [5, 0, 0, 0, 5, 0, 31, 0, 0, 0, 0, 63, 11700, 0, 0, 4329, 0, 0]
0 49 [55, 18901, 0, 75, 0, 0, 84, 2, 0, 0, 0, 0, 0]
