288
2501
1419
0
[]
[]
0 0 [0, 0, 0, 0, 0, 0, 0, 0, 0, 0, 50]
0 1 [0, 0, 495, 75, 99, 0, 264, 0, 66, 0, 0, 0, 0]
0 2 [750, 0, 100, 0, 100, 0, 325, 150, 0, 225, 1400, 0, 0, 0, 100, 0]
0 3 [0, 0, 0, 0, 350, 0, 0, 0, 25, 0, 0, 0, 0, 0, 0]
0 4 [0, 0, 50, 0, 50, 0, 231, 0, 100]
0 5 [0, 0, 0, 50, 297, 0, 0, 0, 200, 675, 0, 0, 0]
0 6 [0, 0, 0, 0, 200, 0, 0, 0, 0, 0]
0 7 [0, 0, 0, 150, 0, 0, 0, 0, 0, 0, 500, 75, 0, 0, 0, 0]
0 8 [500, 0, 0, 0, 0, 0, 0, 50, 0, 0, 0]
0 9 [0, 0, 300, 0, 0, 900, 125, 0, 0, 0, 0, 350, 0]
0 10 [0, 0, 150, 0, 250, 0, 700, 0, 0, 0, 0]
0 11 [0, 0, 759, 0, 0, 0, 396, 0, 99, 0, 0, 0, 0, 0, 2100]
0 12 [0, 0, 100, 0, 330, 50, 0, 0, 400, 0]
0 13 [1100, 0, 0, 0, 0, 0, 0, 0, 2400, 0, 0]
0 14 [0, 0, 0, 0, 25, 0, 0, 0, 561, 375, 100, 0]
0 15 [0, 0, 800, 0, 1650, 0, 0, 0, 0, 0, 0, 0, 0]
0 16 [0, 0, 0, 0, 25, 0, 0, 300, 525, 0, 600, 0, 0, 0]
0 17 [0, 148, 0, 0, 1200, 0, 1254, 0, 0, 0, 2650]
0 18 [0, 0, 300, 0, 0, 37, 300, 0, 0, 0, 150, 0, 0, 0, 297, 0, 0, 0, 0]
0 19 [0, 0, 396, 50, 1200, 0, 600, 0, 0, 37]
0 20 [1023, 0, 0, 150, 0, 0, 225, 0, 66, 0, 1150, 0, 0, 0, 1900, 0, 0]
0 21 [231, 0, 0, 0, 50, 0, 350, 75, 1500, 0, 0, 37, 0, 0]
0 22 [0, 0, 330, 0, 66, 0, 2200, 0, 0, 0, 0]
0 23 [462, 0, 550, 150, 325, 0, 297, 0, 925, 0, 200, 296]
0 24 [1600, 0, 0, 0, 0, 300, 0, 0, 450, 150, 0, 0, 1500]
0 25 [0, 0, 0, 0, 0, 0, 0, 0, 0]
0 26 [1200, 0, 200, 0, 363, 0]
0 27 [0, 0, 100, 37, 0, 0, 264, 0, 0, 0, 0, 0]
0 28 [0, 50, 0, 0, 100, 0, 0, 0, 75, 0, 50, 0, 1221, 0]
0 29 [0, 0, 297, 0, 0, 0, 0, 0, 0, 0]
0 30 [0, 50, 0, 0, 250, 0, 0, 0, 0]
0 31 [0, 74, 800, 0, 900, 0, 0, 0, 396, 0, 0, 0, 0, 0, 0, 0]
0 32 [2500, 0, 550, 0, 625, 0, 231, 0, 0, 0, 50, 0, 0]
0 33 [0, 0, 0, 0, 297, 0, 550, 0, 0, 74, 0, 0, 0, 0, 0, 0, 0]
0 34 [0, 0, 132, 0, 0, 0, 99, 0, 25, 74, 0, 0]
0 35 [627, 0, 250, 0, 0, 0, 0, 0, 1700, 0, 0, 0, 100, 0, 0]
0 36 [0, 0, 800, 0, 264, 0, 0, 0, 1100, 0]
0 37 [0, 0, 594, 0, 0, 0, 2400, 0, 66, 0, 0, 0, 0, 74, 0, 0]
0 38 [400, 0, 66, 0, 0, 0, 6200]
0 39 [0, 0, 264, 0, 50, 75]
0 40 [50, 0, 0, 0, 600, 75, 0, 0, 0, 0, 0, 0]
0 41 [0, 0, 264, 0, 0, 0, 0, 0, 150, 0]
0 42 [198, 0, 0, 0, 264, 150, 0, 0, 300, 0, 0, 0]
0 43 [0, 0, 0, 0, 0, 0, 363, 0, 0, 0]
0 44 [0, 0, 0, 0, 0, 0, 0, 300, 900, 0, 33, 0]
0 45 [0, 0, 150, 0, 0, 0, 0, 0, 0, 222, 231, 0, 0, 0, 1782]
0 46 [500, 0, 0, 0, 0, 0, 700, 0, 429, 0, 25, 0, 0, 0]
0 47 [0, 0, 957, 0, 425, 0, 330, 0, 0, 0, 0, 0, 0, 0]
0 48 [495, 0, 500, 0, 33, 0, 50, 0, 0, 0, 0]
0 49 [0, 0, 150, 0, 0, 0, 495, 0, 0, 150, 0, 0, 0, 75, 0]
