288
1081
0
2890
[1, 2, 14, 30, 33, 38, 44]
[]
0 0 [41, 0, 0, 0, 0, 0, 0, 0, 0, 0, 1460, 0, 6]
16 1 [209, 728, 75, 876, 100, 225, 175, 194, 18, 62, 16, 333, 289, 525, 150]
37 2 [66, 37, 350, 522, 50, 237, 850, 106, 1579, 59, 851, 181, 291, 825]
0 3 [0, 0, 666, 100, 0, 0, 0, 1222, 0, 0, 50, 466, 0]
0 4 [466, 0, 0, 0, 99, 300, 0, 0, 354, 0, 422, 1632]
0 5 [0, 0, 99, 1582, 100, 0, 0, 11, 0, 148, 0, 0]
0 6 [41, 0, 0, 0, 0, 50, 42, 526, 31, 389]
0 7 [0, 0, 25, 119, 0, 0]
0 8 [182, 0, 0, 601, 1364, 44, 0, 0, 0, 0, 100, 0, 132, 0]
0 9 [0, 0, 0, 0, 0, 0, 0, 1704, 49, 450, 0]
0 10 [0, 0, 0, 211, 917, 0, 1287, 0, 90, 0, 938, 0]
0 11 [0, 356, 0, 0, 208, 0, 0, 0]
0 12 [267, 0, 0, 0, 180, 468, 529, 300, 0, 604, 363]
0 13 [0, 150, 0, 293, 100, 151, 0]
546 14 [1200, 592, 651, 1206, 801, 1800, 546, 814, 900, 936]
0 15 [0, 0, 0, 0, 0, 0, 0, 402, 0, 0, 204, 0, 0]
0 16 [0, 0, 20, 2150, 0, 134, 0, 0, 0, 0]
0 17 [0, 0, 8, 720, 0, 200, 232, 0, 1532, 1655, 0, 116, 198]
0 18 [65, 0, 0, 207, 0, 0, 1137, 0, 0, 37, 0, 3120, 427, 1964, 0, 27, 400]
0 19 [0, 839, 34, 70, 2, 0, 632, 0, 0, 97, 75, 150]
0 20 [50, 2, 1284, 276, 0, 178, 0, 0, 0, 0, 0, 0, 0, 349, 125, 37]
0 21 [0, 0, 25, 402, 93, 174, 0, 0, 33, 0, 190]
0 22 [104, 0, 0, 225, 153, 270, 0, 99, 0, 578, 0, 400, 0]
0 23 [0, 0, 8, 0, 125, 2, 100, 140, 448, 0, 0, 210, 250, 0]
0 24 [0, 0, 0, 0, 0, 145, 947, 0, 0, 18, 0]
0 25 [0, 0, 0, 2188, 32, 0, 0, 1245, 424, 29, 250, 296, 50, 0, 1]
0 26 [0, 110, 0, 2, 100, 380, 0, 10, 29, 37, 50, 237, 25]
0 27 [0, 0, 50, 0, 931, 2195, 0, 0, 0, 0, 0, 300, 264, 150, 325, 26]
0 28 [66, 0, 0, 0, 181, 0, 0, 0, 0, 608, 0, 0, 554, 14, 270, 0, 0, 0]
0 29 [66, 0, 0, 174, 190, 75, 3601, 0, 0, 0, 36, 878, 0, 300, 0]
51 30 [1202, 150, 600, 120, 66, 51, 248, 879, 264, 601]
0 31 [107, 18, 0, 2652, 42, 1866, 550, 0, 198, 56, 0]
0 32 [0, 221, 2, 0, 66, 0, 0, 0, 33, 972, 851, 0]
450 33 [554, 651, 450, 1334, 466, 1350, 801, 1279, 1301, 1200]
0 34 [0, 0, 25, 0, 2, 0, 99, 0, 350, 0, 0, 0, 25, 3270, 527, 449]
0 35 [0, 50, 0, 0, 99, 0, 50, 183, 0, 0, 0, 0, 66, 894, 376, 559, 0, 47]
0 36 [5, 0, 100, 36, 0, 0, 477, 1344, 425, 500, 66]
0 37 [169, 0, 0, 0, 0, 0, 328, 283, 12, 150]
100 38 [216, 222, 600, 165, 100, 111, 296, 170, 100]
0 39 [0, 374, 200, 0, 0, 46, 397, 426, 187, 0, 0, 100, 132, 74]
0 40 [0, 0, 0, 50, 0, 315, 0, 775, 0, 0]
0 41 [311, 0, 0, 0, 0, 10, 0, 183, 0, 0, 629, 1524, 341, 198, 1068, 0, 0]
0 42 [49, 0, 114, 266, 0, 0, 0, 424, 0, 0]
0 43 [198, 0, 0, 0, 0, 0, 0, 656, 0, 100, 250, 1408, 0]
1690 44 [4936, 6300, 2087, 2216, 2002, 1690, 2200, 3675]
0 45 [8, 0, 0, 242, 0, 93, 0, 0, 0, 0, 363, 111, 0, 365]
0 46 [89, 0, 0, 0, 66, 75, 100, 30, 50, 150, 800, 141, 0, 50, 330]
0 47 [0, 185, 235, 1301, 504, 0, 0, 0, 0, 436]
0 48 [0, 1, 0, 0, 0, 0, 0, 244, 0, 839, 0, 150, 25, 1004, 0]
0 49 [223, 75, 165, 0, 102, 0, 100, 868, 334, 0, 0]
