288
2501
1510
650
[14]
[]
0 0 [100, 0, 0, 0, 0, 0, 0, 1295, 0, 0, 0, 0, 33]
0 1 [0, 0, 0, 0, 0, 0, 0, 0]
0 2 [33, 0, 0, 0, 33, 0, 0, 0, 200, 0, 0, 0, 66]
0 3 [200, 0, 99, 0, 0, 0, 100, 0, 200, 0, 0, 0, 0, 1147, 0, 0]
0 4 [0, 0, 300, 4575, 0, 0, 0, 15900, 0, 37, 33, 0, 0, 0, 198, 0, 0, 0]
0 5 [100, 0, 0, 0, 100, 0, 462, 0, 0, 0, 300, 0, 0]
0 6 [4350, 0, 100, 0, 0, 0, 0, 3000, 0]
0 7 [0, 0, 0, 2025, 1500, 4218, 0, 0, 0, 0]
0 8 [0, 5250, 66, 0, 66, 6750, 0, 0, 99, 0, 1386, 0, 0, 0, 0]
0 9 [0, 0, 600, 925, 0, 0, 0, 0, 0, 150, 300, 0, 50]
0 10 [25, 0, 0, 0, 0, 0, 100]
0 11 [0, 0, 100, 0, 125, 0, 0, 0]
0 12 [0, 0, 0, 0, 0, 1295, 0, 0, 0, 1184, 0, 0]
0 13 [0, 0, 0, 9300, 4500, 0, 0, 0, 0, 37, 0]
650 14 [4000, 1200, 650, 4514, 2500, 814]
0 15 [50, 0, 0, 2050, 1150, 0, 0, 0, 0, 0, 550, 1369, 0, 0]
0 16 [0, 0, 700, 0, 0, 0, 0, 0, 0, 0, 33]
0 17 [0, 0, 0, 0, 1950, 0, 0, 0, 50, 1406, 0, 0, 0]
0 18 [0, 0, 33, 0, 0, 0, 6500, 0, 500, 0, 50]
0 19 [25, 0, 100, 0, 0, 0, 100, 0, 50, 0, 50, 0, 100]
0 20 [50, 0, 0, 0, 0, 0, 0, 0, 0, 0, 1914, 0, 0]
0 21 [0, 0, 0, 0, 0, 2850, 0, 0, 100, 150, 0, 0, 1400, 0]
0 22 [0, 0, 33, 0, 0, 0, 0, 0, 0, 0, 600, 6900, 0, 0, 0]
0 23 [100, 0, 0, 0, 0, 0, 693, 0, 0, 0, 0, 0, 0, 0, 75, 1295, 0, 0]
0 24 [100, 0, 0, 0, 0, 4921, 0, 0, 400, 300, 0, 5100, 0, 0, 33, 0]
0 25 [0, 0, 0, 0, 50, 0, 100, 0, 99, 0]
0 26 [100, 0, 0, 0, 0, 0, 1287]
0 27 [66, 0, 1700, 0, 500, 2100, 0, 0]
0 28 [0, 0, 25, 0, 25]
0 29 [0, 0, 2772, 0, 0, 444, 50, 0, 50, 0]
0 30 [100, 0, 0, 0, 0, 0, 0, 3600, 0, 0, 0, 0, 99]
0 31 [0, 0, 25, 0, 14600, 0, 1650]
0 32 [100, 0, 200, 0, 400, 0, 0, 0, 1325, 5250, 0, 0, 0]
0 33 [100, 0, 0, 1184, 3275, 0, 800, 0, 100, 111, 2277, 0, 0, 0]
0 34 [100, 0, 0, 0, 0, 0, 0, 0, 100, 0, 0, 0]
0 35 [4000, 0, 0, 0, 0, 2850, 0, 0]
0 36 [50, 2250, 0, 0, 50, 0, 0, 0, 175, 2550, 3700, 0, 0, 0]
0 37 [0, 0, 0, 0, 0, 925, 0, 0, 66, 0, 0, 0, 2850, 0]
0 38 [0, 0, 25, 0, 4600, 0, 495, 0, 0, 0, 66, 0, 100, 0, 0, 0]
0 39 [50, 0, 9300, 0, 0, 0, 0, 37, 0, 0, 50, 0]
0 40 [50, 0, 4300, 0, 66, 0, 100, 0, 0, 0, 1320, 0, 0]
0 41 [0, 0, 0, 0, 2970, 0, 900, 0, 0, 0, 0, 0, 0, 0]
0 42 [0, 0, 0, 0, 0, 0, 0, 0, 0, 0, 100, 0]
0 43 [100, 50, 0, 0, 0, 0, 75, 150, 33, 0, 1782, 0]
0 44 [0, 0, 0, 0, 0, 0, 0, 1950, 2100, 0]
0 45 [0, 0, 0, 0, 0, 0, 0, 4292, 0, 0, 0, 0]
0 46 [0, 0, 0, 0, 0, 200, 66, 0, 200, 0, 0, 0, 0, 150, 0]
0 47 [100, 0, 50, 0, 50, 2250, 100, 0]
0 48 [0, 3000, 4600, 0, 25, 0, 1100, 0]
0 49 [0, 0, 2673, 0, 0, 0, 12800, 0, 0, 0, 0, 0]
