288
1081
0
7914
[4, 5, 22, 34, 43, 46, 49]
[]
0 0 [0, 652, 49, 111, 0, 310, 408, 50, 91, 220, 310, 0, 0, 1361]
0 1 [375, 0, 50, 76, 336, 193, 0, 864, 1012, 0, 137, 1923, 0]
0 2 [0, 0, 66, 0, 0, 96, 814, 78, 146, 11, 315, 837, 1008, 0, 0]
0 3 [0, 1460, 32, 0, 198, 0, 24, 33, 0, 0, 141]
720 4 [720, 3152, 2696, 1564, 1901, 1573, 1065]
210 5 [563, 416, 275, 278, 264, 935, 1361, 359, 506, 902, 592, 928, 210]
0 6 [220, 0, 0, 453, 0, 75, 0, 161, 0, 1, 98, 4295, 1265, 204]
0 7 [0, 0, 200, 325, 0, 0, 0, 564, 115, 436, 2013, 0, 0, 159]
0 8 [0, 268, 230, 0, 0, 2968, 0, 0, 962]
0 9 [1301, 0, 100, 40, 0, 0, 175, 150, 142, 258, 0, 0, 94]
0 10 [728, 0, 182, 255, 0, 915, 300, 0, 303, 0, 45, 1210, 716, 0, 1434]
0 11 [100, 276, 0, 89, 0, 622, 99, 0, 0, 100, 522, 3333, 0, 14, 216]
0 12 [0, 750, 0, 225, 0, 0, 300, 425]
0 13 [66, 379, 0, 0, 0, 52, 50, 0, 764, 605, 0, 300]
0 14 [0, 650, 656, 0, 0, 270, 0, 0, 159, 0, 50, 358, 0, 1474, 1008, 1884, 992]
0 15 [0, 1350, 95, 211, 0, 417, 150, 75, 229, 0, 0]
0 16 [0, 564, 119, 452, 241, 0, 70, 866, 483, 22, 1053, 5803, 6091, 1032]
0 17 [400, 546, 130, 185, 0, 490, 1875, 0, 1952, 0]
0 18 [304, 0, 174, 192, 1278, 58, 326, 0, 36]
0 19 [650, 0, 0, 100, 505, 242, 614, 629, 0, 1793, 96, 0, 800]
0 20 [0, 1871, 211, 13, 0, 1256, 49, 548, 450]
0 21 [66, 650, 430, 430, 0, 205, 53, 0, 38, 1218, 1191, 1435, 396, 95, 169]
192 22 [250, 729, 538, 650, 1511, 407, 711, 1800, 872, 369, 462, 796, 192, 650]
0 23 [0, 6310, 151, 439, 0, 0, 1011, 616, 53, 100, 100, 291, 264, 2078, 0]
0 24 [119, 825, 180, 110, 0, 421, 494, 3272, 0, 1998, 0, 1842, 81]
0 25 [0, 0, 103, 513, 0, 235, 0, 150, 0, 376, 0, 176, 242, 45, 300, 389]
0 26 [552, 1937, 165, 0, 0, 17, 200, 84, 0, 2619, 83]
0 27 [0, 0, 128, 2525, 429]
0 28 [0, 525, 18, 0, 0, 1058, 85, 144, 0, 0, 0, 425, 140]
0 29 [99, 200, 203, 113, 0, 164, 0, 533, 133, 74, 1, 6900, 2216]
0 30 [75, 225, 0, 210, 0, 1317, 0]
0 31 [0, 0, 0, 0, 66, 176, 0, 1165, 434, 1408, 0, 0, 526]
0 32 [0, 1607, 0, 0, 0, 0, 203, 0, 227, 0]
0 33 [238, 1333, 150, 0, 135, 0, 0, 0, 1608, 300, 0, 32, 2202, 2479, 0, 0, 66, 0]
63 34 [162, 163, 450, 105, 532, 797, 63]
0 35 [0, 151, 0, 0, 560, 0, 300, 0, 122, 0, 300, 0, 0, 308, 955, 70]
0 36 [3404, 602, 99, 37, 0, 0, 250, 532, 462, 103, 482]
0 37 [264, 200, 100, 0, 62, 249, 0, 37, 136, 115, 5002, 59]
0 38 [0, 0, 3, 0, 132, 0, 0, 184, 0, 1048, 132, 2706, 0, 200, 1063]
0 39 [0, 0, 702, 399, 0, 710, 0, 0, 0, 0, 350, 450, 51, 120, 359, 1538, 0]
0 40 [453, 135, 0, 317, 175, 58, 37, 2515, 888, 2520, 639, 0, 370, 0]
0 41 [33, 0, 140, 0, 260, 0, 0, 0, 700, 0, 35, 122, 1483, 1, 272, 191]
0 42 [0, 152, 0, 0, 349, 931, 0, 384, 194, 239, 0]
5175 43 [17506, 9900, 17256, 13511, 17200, 13646, 5175, 8288, 6607]
0 44 [550, 166, 66, 0, 0, 474, 173, 6128, 0, 2991, 164]
0 45 [0, 1501, 141, 0, 47, 675, 0, 440, 171, 2124, 37, 262, 0, 1170, 0, 3900, 0]
441 46 [446, 2250, 690, 976, 751, 650, 914, 779, 690, 8023, 441, 526]
0 47 [0, 350, 0, 0, 0, 11, 520, 136, 507, 6331]
0 48 [248, 0, 15, 0, 200, 222, 707, 494, 674, 981, 0]
1113 49 [3090, 1113, 1500, 2141, 2853, 1586, 1122, 1680, 3154]
