288
2501
1652
0
[]
[]
0 0 [0, 0, 0, 0, 0, 0, 0, 0, 0, 0, 0, 0, 400, 0]
0 1 [0, 0, 0, 0, 0, 150, 800, 600, 0, 0, 50, 300]
0 2 [0, 0, 1725, 0, 1782, 0, 0, 0, 50, 75, 264]
0 3 [0, 0, 0, 450, 400, 0, 1023, 0, 400, 74, 50, 0]
0 4 [0, 74, 0, 0, 0, 0, 150, 0, 33, 0, 0, 0, 25, 0, 275]
0 5 [462, 0, 198, 74, 0, 75, 725, 0, 0, 0, 693, 525, 0, 0, 300]
0 6 [500, 0, 0, 0, 165, 0, 300, 0, 0, 0, 2150, 150, 0, 0, 100, 0, 1400, 450, 100]
0 7 [0, 0, 300, 0, 363, 74, 0, 592, 100, 0, 300]
0 8 [297, 37, 100, 0, 200, 0, 0, 0, 1848, 0, 0, 0, 900, 0, 0, 300, 350, 0, 800, 111]
0 9 [0, 0, 0, 0, 0, 0, 0, 0, 650, 0, 50, 0, 25, 0, 429]
0 10 [100, 0, 0, 0, 0, 0, 0, 0, 450, 450, 900]
0 11 [0, 0, 300, 111, 0, 0, 25, 0, 1500, 50, 0, 0, 165, 0, 225, 225]
0 12 [100, 0, 693, 0, 0, 74, 0, 0, 3000, 0, 825, 0, 1100, 500]
0 13 [0, 0, 0, 0, 0, 0, 700, 0, 693, 0, 330, 0, 0, 0, 0, 0, 2500, 0, 1100]
0 14 [100, 0, 900, 0, 0, 0, 0, 0, 325, 0, 350, 0, 561, 100]
0 15 [0, 0, 0, 0, 0, 0, 100, 0]
0 16 [325, 100, 1400, 0, 1400, 629, 429, 150, 198]
0 17 [200, 0, 0, 0, 0, 0, 500, 0, 425, 0, 231, 148]
0 18 [200, 0, 1425, 0, 1000, 1200, 500, 555]
0 19 [0, 0, 500, 0, 0, 0, 0, 0, 0, 0, 0, 850, 225]
0 20 [75, 150, 0, 0, 0, 0, 500, 200, 396, 150, 400, 2550, 800]
0 21 [400, 150, 0, 0, 950, 0, 0, 111, 0, 0, 400, 0, 231, 75, 125]
0 22 [0, 0, 0, 0, 0, 0, 0, 0, 0, 111, 25, 75, 0, 0]
0 23 [561, 0, 50, 0, 0, 75, 0, 0, 0, 0, 0, 0, 1800, 375]
0 24 [100, 0, 100, 0, 0, 0, 0, 0, 0, 250]
0 25 [100, 0, 0, 0, 0, 0, 300, 0, 0, 0, 0]
0 26 [0, 37, 0, 0, 200, 0, 200, 0, 950, 37, 891, 0, 0, 0]
0 27 [0, 0, 33, 0, 0, 0, 0, 0, 150, 0, 2100, 0, 33, 0, 250]
0 28 [0, 150, 495, 0, 50, 0, 0, 75, 0, 0, 0, 0, 600, 0]
0 29 [528, 0, 0, 0, 0, 0, 0, 0, 100, 950, 0, 148, 25, 0]
0 30 [350, 0, 1800, 0, 0, 0, 0, 0, 250, 185]
0 31 [50, 0, 231, 0, 5900, 0, 75, 0, 675, 0, 1500, 0]
0 32 [0, 0, 125, 0, 330, 0, 33, 0, 132, 0, 231]
0 33 [0, 0, 0, 0, 0, 0, 0, 0, 0, 0, 200, 75, 200]
0 34 [0, 300, 1300, 0, 0, 3300, 0, 0]
0 35 [150, 0, 0, 0, 0, 0, 1000, 0, 425, 0]
0 36 [0, 525, 231, 150, 0, 0, 0, 0, 0, 0, 125, 0, 4400, 0, 0]
0 37 [2300, 0, 1700, 0, 900, 825, 0, 0, 231, 0, 165, 259]
0 38 [400, 0, 525, 0, 200, 0, 950, 0, 50, 2100, 125]
0 39 [0, 0, 50, 0, 330, 0, 0, 0, 150, 0, 0, 0, 450]
0 40 [0, 0, 0, 0, 0, 350, 0, 0, 100, 0]
0 41 [0, 500, 0, 0, 0, 0, 850, 825, 924, 0, 33, 250, 0, 50]
0 42 [600, 100, 125, 0, 100, 200, 2700, 74, 100, 74, 462, 0]
0 43 [50, 300, 0, 0, 300, 0, 0, 50, 0, 0, 0, 0, 125]
0 44 [0, 0, 0, 0, 375, 592, 0, 50, 0, 0, 2900, 0, 200, 0]
0 45 [0, 111, 300, 0, 0, 0, 0, 50, 700, 150]
0 46 [200, 0, 100, 0, 300, 0, 0, 0, 250, 2550]
0 47 [150, 0, 100, 0, 0, 0, 0, 0, 0, 600, 1100, 0]
0 48 [25, 150, 0, 0, 25, 0, 0, 74, 792, 0, 500, 0]
0 49 [0, 0, 0, 0, 0, 0, 0, 300, 0, 0, 0, 0, 825, 0]
