288
2501
1515
1200
[43, 46]
[]
0 0 [0, 0, 225, 111, 100, 600, 330, 0, 100, 851, 350, 0, 25, 1350]
0 1 [500, 0, 150, 150, 700, 300, 0, 1600, 1700, 0, 275, 2550, 0]
0 2 [0, 0, 165, 0, 125, 0, 2000, 0, 1000, 0, 800, 2700, 2200, 0, 50]
0 3 [0, 2750, 264, 0, 165, 0, 429, 0, 0, 0, 300]
0 4 [675, 600, 2200, 300, 1100, 0, 693]
0 5 [675, 0, 150, 0, 165, 0, 1300, 37, 350, 0, 650, 1110, 66]
0 6 [450, 0, 0, 150, 0, 225, 0, 200, 33, 150, 275, 4200, 1749, 0]
0 7 [0, 0, 900, 0, 0, 0, 50, 1500, 150, 400, 2574, 0, 200, 0]
0 8 [0, 75, 800, 50, 0, 2700, 0, 0, 1500]
0 9 [1800, 0, 550, 37, 0, 0, 600, 350, 575, 0, 0, 75, 100]
0 10 [1800, 0, 650, 0, 0, 900, 900, 0, 1350, 225, 300, 1998, 2100, 0, 3000]
0 11 [50, 200, 0, 0, 0, 850, 528, 0, 132, 0, 1287, 3000, 0, 0, 363]
0 12 [0, 1050, 0, 200, 0, 0, 900, 200]
0 13 [198, 600, 0, 0, 33, 50, 400, 0, 1500, 600, 0, 400]
0 14 [0, 1150, 900, 0, 0, 75, 0, 0, 363, 0, 100, 0, 99, 2250, 2000, 1258, 3600]
0 15 [0, 2600, 275, 0, 0, 300, 200, 0, 650, 0, 0]
0 16 [0, 150, 132, 600, 450, 0, 0, 0, 1200, 0, 1250, 4950, 9100, 0]
0 17 [425, 0, 150, 148, 0, 407, 3366, 0, 3100, 0]
0 18 [1000, 0, 400, 450, 1600, 75, 800, 0, 100]
0 19 [950, 0, 0, 0, 800, 74, 750, 1036, 0, 2000, 264, 0, 800]
0 20 [0, 2350, 500, 111, 0, 2400, 330, 0, 350]
0 21 [99, 850, 1200, 0, 0, 222, 125, 75, 175, 900, 2050, 1591, 363, 0, 250]
0 22 [100, 629, 50, 150, 2500, 259, 0, 0, 850, 0, 858, 0, 33, 300]
0 23 [0, 7200, 300, 0, 0, 0, 2100, 375, 297, 111, 1200, 0, 561, 1900, 0]
0 24 [66, 1500, 363, 50, 0, 629, 1200, 3300, 0, 2590, 0, 1800, 165]
0 25 [0, 0, 198, 450, 0, 0, 0, 300, 0, 975, 0, 0, 700, 0, 625, 600]
0 26 [800, 2800, 132, 0, 0, 0, 500, 0, 0, 3150, 50]
0 27 [0, 225, 693, 2100, 800]
0 28 [0, 1575, 150, 200, 0, 3900, 800, 600, 0, 150, 0, 975, 200]
0 29 [33, 200, 700, 300, 0, 0, 100, 407, 75, 0, 150, 6900, 2650]
0 30 [75, 250, 0, 200, 0, 1554, 0]
0 31 [0, 0, 0, 0, 825, 0, 100, 1500, 1175, 1443, 0, 0, 1100]
0 32 [0, 2050, 0, 0, 0, 0, 450, 0, 800, 0]
0 33 [600, 1924, 250, 0, 700, 0, 0, 0, 9300, 1050, 33, 0, 7700, 2997, 0, 0, 300, 0]
0 34 [198, 74, 1300, 0, 1400, 675, 33]
0 35 [0, 450, 0, 0, 2900, 0, 350, 0, 297, 0, 1400, 0, 0, 481, 1617, 0]
0 36 [5200, 150, 225, 111, 0, 0, 500, 0, 900, 0, 1300]
0 37 [759, 200, 175, 0, 150, 592, 700, 37, 275, 0, 10000, 0]
0 38 [0, 0, 300, 0, 450, 0, 200, 300, 33, 1350, 858, 3300, 0, 500, 2145]
0 39 [0, 0, 600, 0, 0, 0, 0, 0, 0, 0, 2275, 600, 650, 0, 1200, 3450, 0]
0 40 [500, 0, 0, 1050, 75, 150, 250, 1350, 1221, 1950, 1400, 0, 1100, 0]
0 41 [99, 0, 150, 0, 1450, 0, 0, 0, 4250, 0, 330, 0, 4200, 0, 3000, 296]
0 42 [0, 300, 0, 37, 850, 1950, 0, 500, 200, 0, 0]
1125 43 [1900, 2450, 2100, 1125, 2200, 2100, 3625, 3219, 1485]
0 44 [850, 0, 66, 0, 0, 0, 500, 5850, 0, 2700, 175]
0 45 [0, 3600, 165, 0, 231, 300, 0, 0, 700, 3150, 175, 0, 100, 1258, 0, 5250, 0]
75 46 [396, 900, 250, 150, 1200, 150, 900, 75, 660, 5550, 500, 407]
0 47 [0, 800, 0, 0, 0, 0, 2400, 0, 462, 4500]
0 48 [350, 0, 175, 0, 700, 148, 850, 0, 1452, 0, 0]
0 49 [400, 74, 450, 0, 1400, 0, 231, 0, 1300]
