288
2501
1885
0
[]
[]
0 0 [500, 75, 350, 0, 1056, 1050, 550, 250, 400, 350]
0 1 [297, 0, 231, 0, 0, 750, 75, 0, 0, 50, 1000, 450]
0 2 [450, 150, 0, 0, 363, 0, 0, 450, 875, 75, 50, 0]
0 3 [200, 0, 297, 150, 100, 0, 231]
0 4 [600, 0, 150, 0, 0, 555, 50, 0, 200, 0, 1500]
0 5 [0, 0, 0, 0, 900, 150, 0, 50, 0, 250, 100]
0 6 [300, 0, 99, 0, 0, 0, 0, 0, 150, 333, 600, 900, 231, 0, 600, 0, 175, 296, 25]
0 7 [50, 0, 0, 0, 0, 0, 300, 0, 1200, 900, 132, 111, 700, 0, 33, 0]
0 8 [0, 0, 0, 0, 363, 200, 925, 100, 125, 0, 650]
0 9 [500, 0, 250, 0, 66, 0, 500, 300, 462, 0]
0 10 [200, 0, 429, 0, 0, 0, 25, 0, 0, 37, 99, 0]
0 11 [50, 0, 800, 0, 198, 37, 99, 0, 300, 350, 100, 0]
0 12 [300, 50, 0, 0, 175, 0, 100, 350, 231, 0, 66, 0]
0 13 [450, 0, 0, 0, 100, 150, 1250]
0 14 [250, 0, 600, 0, 50, 0, 150, 0, 132, 400, 800, 0, 0, 75, 627, 0, 400]
0 15 [297, 0, 650, 0, 50, 0, 0, 250, 450, 0, 400, 0, 99, 37, 400, 350, 100, 0]
0 16 [150, 0, 0, 0, 25, 525, 100, 0, 200, 0]
0 17 [0, 0, 50, 0, 150, 0, 165, 0]
0 18 [0, 0, 300, 0, 675, 0, 165, 0, 350, 185, 550, 0, 0, 0]
0 19 [0, 150, 0, 0, 175, 0, 0, 0, 0]
0 20 [300, 0, 0, 150, 0, 0, 200, 75, 0, 0]
0 21 [200, 0, 0, 0, 0, 0, 100, 0, 300, 0]
0 22 [850, 0, 363, 0, 50, 0, 363, 0, 0, 0, 500, 250, 0, 150, 99, 0]
0 23 [400, 0, 150, 0, 700, 0, 0, 0, 198]
0 24 [900, 0, 0, 0, 500, 37, 650, 2100, 297, 0, 0, 0, 1500, 0, 66]
0 25 [99, 0, 0, 0, 264, 75, 175, 0, 0, 0, 25, 450, 165, 300, 250, 0, 150, 75, 0, 0]
0 26 [0, 75, 350, 0, 450, 300, 300, 37, 25, 74, 300, 37]
0 27 [0, 0, 330, 0, 125, 100, 200, 0, 250, 0, 200, 0]
0 28 [125, 0, 25, 0, 0, 0, 200, 1500, 264, 0, 200, 0, 1350]
0 29 [100, 0, 462, 75, 375, 0, 1000, 0, 0, 75]
0 30 [75, 0, 50, 0, 50, 0, 0, 111, 600, 0, 0, 0, 792, 0]
0 31 [297, 0, 0, 50, 350, 0, 150, 0, 50, 0, 0, 0, 550]
0 32 [250, 0, 100, 225, 363, 0, 800, 75, 350, 150, 462, 0, 100]
0 33 [250, 150, 400, 0, 0, 0, 425, 0, 1023, 0, 500, 0, 0, 50, 100, 450, 66]
0 34 [350, 0, 100, 0, 0, 0, 25, 37, 132, 0, 150, 0, 800, 296, 2000, 0, 675]
0 35 [50, 0, 0, 0, 462, 0, 150, 750, 150, 75, 125, 0, 300, 0, 200]
0 36 [429, 0, 400, 0, 550, 150, 231, 0, 600, 675, 400, 0, 900, 0, 1300, 0, 600]
0 37 [165, 0, 0, 0, 500, 111, 66, 185, 600, 0]
0 38 [125, 0, 0, 0, 0, 37, 100]
0 39 [200, 150, 0, 0, 150, 0, 200, 0, 0, 0, 300, 350, 200, 37, 33, 0]
0 40 [750, 0, 350, 37, 0, 0, 400, 0, 0, 0]
0 41 [330, 0, 850, 0, 600, 37, 300, 0, 100, 200, 0]
0 42 [0, 0, 700, 0, 675, 0, 75, 0, 275, 1500, 700, 0, 200, 0, 0, 0]
0 43 [0, 0, 0, 0, 225, 0, 75, 0, 225, 0, 100, 0, 100, 0]
0 44 [0, 0, 100, 0, 0, 37, 0, 0, 25, 0, 33]
0 45 [0, 0, 550, 0, 0, 0, 1900, 0, 0, 825, 363, 0, 1150, 0, 400]
0 46 [400, 0, 0, 0, 100, 0, 50, 0, 50, 600, 0, 600, 525]
0 47 [0, 0, 660, 0, 250, 0, 0, 0, 75, 0]
0 48 [165, 37, 500, 0, 150, 0, 132]
0 49 [200, 0, 66, 0, 99, 0, 0, 0, 400, 0]
