288
721
0
9559
[1, 20, 28, 40, 49]
[]
0 0 [1226, 637, 0, 1600, 88, 0, 300, 0, 552, 0, 66, 0, 200]
2429 1 [2706, 5710, 2429, 10853, 3900, 6450, 4449, 3034, 3097]
0 2 [121, 0, 429, 409, 0, 0, 0, 0, 264, 0]
0 3 [0, 1711, 250, 0, 550, 0, 0, 1, 472, 225, 66, 0, 850]
0 4 [275, 690, 264, 0, 0, 0, 0, 0, 0, 825]
0 5 [0, 154, 0, 746, 308, 0, 0, 37, 100, 860]
0 6 [265, 3470, 202, 42, 0, 0, 0, 1, 0, 0, 100, 0, 0]
0 7 [0, 40, 0, 1965, 3537, 0, 1132, 0, 525, 438, 0, 0, 0, 721, 0, 74]
0 8 [0, 77, 1100, 0, 200, 0, 0, 0, 400, 465, 0, 550]
0 9 [2, 518, 0, 106, 0, 0, 65, 0, 0, 0, 0]
0 10 [0, 0, 2776, 0, 262, 3, 86, 0, 558, 0]
0 11 [2172, 0, 183, 0, 1900, 522, 0, 0, 827, 989, 0, 0, 600, 1073]
0 12 [305, 102, 0, 284, 0, 2, 0, 137, 0, 0, 494, 0, 0, 85, 96, 600]
0 13 [278, 1140, 0, 0, 396, 0, 350, 2, 0, 188, 0, 2202, 0, 1395, 200, 333, 0]
0 14 [135, 116, 33, 0, 231, 0, 700, 0, 427, 0, 275, 0, 1000]
0 15 [216, 0, 765, 0, 312, 0, 0, 0, 1100]
0 16 [50, 0, 389, 0, 139, 50, 275, 0, 0, 50, 0, 0, 350, 3760]
0 17 [0, 39, 1469, 0, 755, 1, 0, 0, 0, 0]
0 18 [2, 0, 125, 0, 25, 0, 0, 0, 29, 0, 1101, 133]
0 19 [0, 874, 276, 1171, 528, 0, 198, 360, 0, 0, 359]
413 20 [3547, 1090, 413, 3231, 905, 1159, 959, 2196]
0 21 [0, 2198, 261, 0, 0, 0, 692, 0, 590, 0, 561]
0 22 [0, 890, 195, 0, 0, 414, 0, 284, 1, 0, 0, 0, 408, 61, 345, 975]
0 23 [0, 0, 0, 0, 1000, 328, 0, 0, 0, 0, 0, 0, 0, 0, 0, 176]
0 24 [200, 78, 200, 0, 200, 200, 102, 0, 0, 144, 0, 0, 0, 200, 147, 200, 0, 200]
0 25 [50, 0, 0, 1051, 152, 0, 179, 385, 437, 595, 0, 212, 262, 1950]
0 26 [0, 2596, 1069, 0, 0, 0, 0, 0, 0, 0, 0]
0 27 [0, 159, 0, 0, 0, 0, 234, 0, 122, 0, 0, 0, 502, 0, 0, 150]
495 28 [495, 2943, 1727, 2157, 495, 3240, 1023, 2382, 1501, 684, 1500, 2085, 700]
0 29 [228, 915, 2700, 0, 150, 1794, 700, 235, 0, 0, 323, 274, 300]
0 30 [541, 1669, 0, 0, 3, 0, 0, 0, 0, 0, 3237]
0 31 [159, 301, 1500, 1709, 0, 7, 115, 0, 0, 0, 0, 0, 316]
0 32 [429, 150, 303, 13, 0, 0, 0, 832]
0 33 [0, 804, 0, 0, 102, 0, 0, 3, 0, 0, 0, 0, 0, 714]
0 34 [2320, 0, 805, 1188, 0, 944, 0, 375, 207, 0, 0, 0, 0, 790, 0, 0, 25, 108, 0]
0 35 [2556, 0, 0, 629, 250, 0, 587, 0, 900, 0, 0, 1107, 716, 0, 0]
0 36 [0, 106, 352, 156, 2624, 144, 0, 0, 0, 0, 0, 0, 0, 176]
0 37 [0, 90, 102, 1042, 0, 1125, 0, 439, 600, 818, 0, 0, 0, 50, 690, 0, 550]
0 38 [396, 0, 76, 0, 225, 0, 0, 0, 0, 518, 0, 450, 473, 0, 650, 37, 50]
0 39 [150, 0, 171, 0, 1081, 1, 0, 0, 0, 213, 0, 150, 0, 0, 771]
4493 40 [4872, 9398, 4493, 9854]
0 41 [350, 1351, 0, 0, 225, 1000, 0, 0, 0, 649, 0, 31]
0 42 [0, 1, 57, 0, 517, 0, 136, 1200, 0, 81]
0 43 [0, 667, 1019, 4, 0, 3462, 0]
0 44 [309, 0, 0, 0, 0, 0, 0, 0, 0, 0, 0, 37, 0]
0 45 [328, 0, 350, 119, 1218, 420, 0, 0, 0, 591, 0]
0 46 [0, 0, 0, 1152, 800, 258, 0, 242, 50, 57, 0, 100]
0 47 [0, 998, 837, 1650, 211, 0, 0, 0, 0, 162, 1674, 0, 1453, 62]
0 48 [400, 1320, 0, 0, 0, 627, 0, 0, 0, 0, 150, 0, 882]
1729 49 [1816, 2643, 4406, 1729, 5892, 4353]
