288
2501
1575
150
[19]
[]
0 0 [100, 0, 0, 0, 1300, 0, 700, 0, 3400, 0, 125, 0, 100, 0, 0, 0, 0]
0 1 [100, 2175, 100, 0, 0, 0, 0, 0, 0]
0 2 [0, 150, 0, 0, 50, 0, 150, 259, 0]
0 3 [0, 0, 0, 0, 0, 0, 200, 0]
0 4 [400, 0, 3000, 0, 50, 0, 0, 259, 3400]
0 5 [500, 0, 0, 0, 25, 0]
0 6 [150, 0, 0, 0, 850, 0, 0, 0, 25, 0, 0, 0, 700, 0]
0 7 [0, 0, 500, 0, 0, 0, 0, 0, 693, 2400, 0]
0 8 [600, 0, 330, 0, 200, 0, 250, 0, 375, 0, 4700, 0, 0]
0 9 [1250, 0, 0, 0, 100, 0, 0, 0, 0, 0, 0, 0]
0 10 [0, 250, 150, 0, 0, 0, 0, 150, 990, 0]
0 11 [0, 0, 375, 0, 200, 0, 100, 0, 297]
0 12 [50, 0, 0, 0, 1000, 37, 0, 0, 0, 0, 0, 0, 231, 0, 396, 75, 792, 1450, 0, 0]
0 13 [2400, 0, 25, 0, 891, 0, 0, 0]
0 14 [99, 0, 0, 0, 350, 0, 0, 75, 0, 0, 200, 750, 50, 0, 0, 0]
0 15 [0, 0, 66, 0, 150, 50, 0, 150]
0 16 [0, 225, 0, 0, 297, 0, 750, 50, 200, 0, 0, 0, 0]
0 17 [50, 0, 0, 0, 25, 0, 0, 0, 0, 0, 1350, 0, 0]
0 18 [0, 0, 1400, 0, 1500, 0, 650, 300, 33, 0, 0, 0, 429, 0, 0, 0]
150 19 [1320, 225, 1600, 150, 1386]
0 20 [100, 75, 0, 0, 2300, 0, 950, 0, 200, 0, 350, 0, 0, 0, 0]
0 21 [264, 0, 0, 0, 0, 0, 0, 0, 0, 0]
0 22 [0, 0, 0, 0, 1500, 0, 0, 0, 33, 0, 0, 75, 165, 0, 0, 0]
0 23 [25, 0, 0, 0, 100, 0, 0, 0, 1850, 300, 0, 0, 0, 0, 0, 0]
0 24 [0, 0, 33, 0, 475, 0, 231, 0, 1350, 0, 0]
0 25 [0, 0, 0, 0, 0, 0, 0, 0, 1000, 0, 0, 0, 2150, 0]
0 26 [0, 0, 759, 0, 6500, 0, 150, 0, 0, 0, 924, 600, 0, 0]
0 27 [264, 0, 0, 0, 1056, 0, 0, 0, 25, 0, 0]
0 28 [0, 37, 0, 3000, 100, 185, 0, 0, 0, 300, 0, 0, 0, 450, 1650]
0 29 [0, 0, 33, 0, 450, 0, 0, 0, 0, 0, 1700, 0]
0 30 [0, 0, 825, 0, 0, 0, 0, 0, 50, 0, 500, 900, 0, 0, 1175]
0 31 [100, 0, 0, 0, 1300, 0, 675, 0, 0, 0, 275, 400, 0, 0]
0 32 [1500, 3300, 0, 450, 0, 0, 600, 0, 0]
0 33 [0, 0, 0, 0, 0, 0, 0, 0, 0, 111, 650]
0 34 [0, 0, 0, 0, 275, 0, 0, 0, 675, 0]
0 35 [0, 0, 0, 0, 550, 0, 0, 0, 0, 0, 575]
0 36 [0, 0, 0, 150, 0, 0, 0, 0, 0, 0, 858, 0, 0]
0 37 [0, 0, 1250, 0, 0, 74, 100, 50, 66, 0, 0]
0 38 [0, 0, 1250, 0, 0, 75, 33, 50]
0 39 [33, 0, 0, 0, 0, 4050, 0, 0, 0, 0, 700, 0, 0, 0]
0 40 [150, 0, 0, 0]
0 41 [300, 0, 0, 37, 0, 50, 0, 0, 0]
0 42 [0, 0, 0, 481, 0, 0, 425, 50, 1056, 0, 500, 0, 650, 3750, 0, 0]
0 43 [300, 0, 225, 0, 1500, 0, 25, 0, 528, 0, 0, 0, 0, 0, 0]
0 44 [0, 650, 1000, 0, 300, 0, 3400, 0, 0, 75, 0, 0, 700, 0, 0, 0, 0, 0, 0, 0]
0 45 [0, 0, 100, 0, 100, 0, 100, 0, 500, 0, 363, 0, 0, 0]
0 46 [759, 0, 0, 0, 429, 0, 2000, 0, 0, 0, 400, 777]
0 47 [900, 0, 0, 0, 0, 0, 350, 300, 33, 0, 75, 0, 495, 0, 500, 0]
0 48 [0, 0, 0, 0, 990, 0, 100, 0, 0, 0, 0, 0, 0, 0, 1100, 0, 0]
0 49 [100, 150, 363, 0, 1650, 0, 1200, 0, 500, 185, 429, 74]
