288
2501
2229
0
[]
[]
0 0 [0, 0, 66, 0, 0, 0, 100, 37, 1100, 0, 75, 0, 100, 0, 231, 0, 0, 0, 0]
0 1 [0, 150, 100, 0, 500, 148, 300, 0, 200, 75, 0, 370, 0]
0 2 [900, 0, 700, 0, 0, 0, 900, 0, 100, 0, 75, 450, 175, 0, 264, 0, 0, 150, 33]
0 3 [225, 37, 75, 0, 50, 0, 66, 150, 900, 0, 400, 0, 400, 0, 1100, 74]
0 4 [100, 0, 500, 2250, 100, 0, 450, 0, 400]
0 5 [0, 0, 125, 0, 200, 0, 350, 37, 125, 0, 1089, 0]
0 6 [0, 0, 275, 0, 200, 750, 550, 750, 0]
0 7 [0, 300, 0, 0, 0, 0, 200, 0, 198, 300, 700, 0, 600, 0, 550, 0, 700, 50]
0 8 [200, 0, 25, 0, 150, 0, 700, 0, 300, 150, 350, 0, 200]
0 9 [0, 100, 231, 0, 100, 37, 1400, 100, 600, 100, 100, 525, 297, 600, 0, 300, 0, 250, 429, 0, 550]
0 10 [100, 222, 800, 0, 600, 0, 450, 100, 500, 525, 660, 0]
0 11 [50, 0, 350, 0, 0, 100, 1800, 0, 297, 148, 175, 0]
0 12 [0, 0, 300, 0, 1750, 0, 600, 0, 363, 0, 400, 0, 627]
0 13 [200, 0, 0, 0, 100, 150, 125, 100, 250, 0, 33, 222, 300, 0, 300, 0]
0 14 [0, 0, 25, 0, 0, 0, 363, 225, 264, 0]
0 15 [50, 0, 330, 185, 400, 0, 0, 0, 700, 0, 33]
0 16 [0, 0, 0, 0, 550, 0, 0, 0, 297, 0, 0, 200, 429, 0, 792, 0]
0 17 [66, 0, 198, 0, 0, 0, 0, 0, 700, 150, 600, 750, 900, 0, 198, 0, 33, 0, 2100]
0 18 [600, 0, 150, 74, 550, 0, 150, 0, 150]
0 19 [297, 0, 150, 0, 2600, 0, 200, 74, 100, 50]
0 20 [900, 250, 462, 407, 594, 0, 900, 150, 627, 500, 2400, 0]
0 21 [66, 0, 0, 0, 2800, 375, 600, 0]
0 22 [1200, 0, 0, 0, 132, 300, 550, 0, 1000, 0, 150, 100, 250, 0, 0]
0 23 [50, 0, 0, 1050, 0, 100, 165, 0, 200, 0, 165, 0, 50]
0 24 [0, 0, 363, 150, 100, 0, 165, 0, 100, 0, 175, 0, 200, 1200, 0, 0, 0, 37]
0 25 [0, 300, 1000, 450, 200, 0, 66, 0, 325, 0, 650]
0 26 [0, 0, 900, 0, 600, 0, 100, 0, 400, 0, 0, 600]
0 27 [200, 225, 495, 0, 900, 150, 1000, 0, 0, 0]
0 28 [400, 0, 1100, 0, 1500, 150, 500, 0, 300, 400, 0, 0]
0 29 [200, 0, 0, 0, 450, 100, 1300, 50, 200, 0, 75, 100, 99, 0, 3100]
0 30 [66, 0, 0, 74, 231, 0, 400, 150, 0, 1350, 900, 0, 264, 0, 650, 0]
0 31 [0, 0, 250, 75, 550, 0, 300, 0, 150, 0]
0 32 [25, 0, 0, 0, 198, 150, 132, 74, 1100, 0]
0 33 [0, 0, 66, 0, 462, 150, 0, 450, 750, 0, 100, 0, 0, 0, 900, 0, 300, 0, 0, 0, 25]
0 34 [600, 0, 1000, 518, 400, 250, 396, 0]
0 35 [0, 1650, 330, 0, 0, 300, 50, 0, 400, 75, 297, 259, 264, 148, 200, 0]
0 36 [150, 0, 300, 0, 550, 0, 225, 37, 0, 450, 25, 370, 0, 37]
0 37 [900, 0, 0, 0, 500, 0, 350, 0, 2800, 0, 300, 0, 550, 0, 900]
0 38 [0, 0, 200, 150, 231, 0, 175, 0, 0, 50, 75, 300, 0, 0, 693, 0]
0 39 [225, 0, 50, 0, 625, 0, 500, 0, 350, 0]
0 40 [700, 0, 50, 0, 0, 0, 50, 0, 600, 0]
0 41 [200, 0, 33, 0, 125, 0, 100, 0, 100, 0, 100, 0, 1200, 0, 0, 0]
0 42 [0, 0, 500, 0, 2900, 0, 50, 0]
0 43 [550, 0, 450, 0, 0, 0, 297, 74, 150, 0, 99, 750]
0 44 [125, 0, 1200, 0, 600, 0, 132, 150, 0, 0, 0]
0 45 [300, 0, 150, 50, 2300, 0, 1000, 333, 0, 0, 325, 0]
0 46 [0, 75, 200, 0, 231, 0, 165, 0, 132, 111, 396, 0, 0, 75, 375, 0]
0 47 [0, 0, 200, 111, 100, 0, 300, 296, 99, 0, 1000, 0, 0, 0, 0, 0, 66]
0 48 [0, 0, 300, 675, 450, 0, 350, 0]
0 49 [0, 0, 1100, 0, 100, 100, 200, 150, 350, 0, 66, 450, 0, 0, 250, 0, 0]
