288
2501
496
0
[]
[]
0 0 [1000, 0, 0, 0, 0, 0, 0, 0, 0, 0, 0, 0, 0]
0 1 [0, 0, 0, 0, 429, 0, 0, 0, 0, 300]
0 2 [0, 0, 0, 225, 0, 0, 0, 0, 0, 0, 0, 400, 0]
0 3 [0, 0, 0, 0, 0, 0, 0, 50, 0, 0, 0, 0, 50, 0]
0 4 [0, 0, 0, 0, 0, 0, 0, 0, 0, 0, 0]
0 5 [0, 0, 1600, 0, 0, 0, 0, 0, 500, 0, 0, 0, 0]
0 6 [0, 0, 0, 0, 500, 0, 0, 0, 0, 0, 0]
0 7 [0, 0, 900, 74, 0, 0, 200, 0, 0, 0, 0, 0]
0 8 [0, 0, 425, 0, 0, 0, 0, 0, 0, 0]
0 9 [0, 0, 0, 0, 231, 0, 25, 0, 0, 0, 0, 0, 0, 0, 0, 0, 0, 0]
0 10 [0, 0, 0, 0, 0, 0, 0, 0, 0, 1275]
0 11 [0, 0, 462, 0, 0, 0, 0, 0, 1300]
0 12 [0, 0, 0, 0, 0, 0, 0, 0, 25, 825, 0]
0 13 [0, 0, 0, 0, 0, 0, 0, 0, 0, 0, 0]
0 14 [0, 0, 850, 37, 0, 0, 0, 0, 0, 600, 0]
0 15 [0, 0, 0, 0, 0, 0, 250]
0 16 [0, 0, 0, 0, 0, 0, 0, 0, 0, 0, 0, 0]
0 17 [0, 200, 0, 225, 0, 0, 0, 0]
0 18 [0, 0, 0, 0, 0, 0, 0, 0, 0]
0 19 [0, 0, 0, 0, 0, 0, 0, 0, 0, 0, 0, 0, 0, 0]
0 20 [0, 0, 1300, 0, 0, 0, 0, 0, 0, 0, 0, 0, 0]
0 21 [0, 0, 0, 0, 33, 0, 0, 0, 0, 0, 0, 0, 297, 0, 0]
0 22 [250, 0, 0, 0, 0, 0, 99, 0, 0, 0, 0, 0, 0]
0 23 [0, 0, 0, 0, 0, 0, 0, 0, 0, 750, 0, 0, 0, 0, 0, 0]
0 24 [0, 0, 0, 0, 0, 0, 50, 0, 0, 0, 0, 0]
0 25 [0, 0, 0, 0, 0, 0, 0, 74, 0, 0, 0, 0, 0, 0]
0 26 [0, 0, 0, 0, 550, 0, 0, 0, 0, 0, 0, 0, 0, 0, 0, 518, 0]
0 27 [0, 0, 0, 0, 0, 0, 1050, 0, 33, 0, 0, 0, 0, 0, 375]
0 28 [0, 0, 0, 0, 0, 0, 165]
0 29 [0, 0, 0, 0, 0, 0, 0, 0, 0, 0, 0, 0, 0, 0, 0, 0, 0, 0, 0, 0, 0]
0 30 [900, 0, 0, 0, 0, 0, 0, 0, 0, 0, 0, 0, 0, 0]
0 31 [0, 0, 0, 0, 0, 0, 0, 0, 0, 0, 0, 825]
0 32 [0, 0, 0, 0, 0, 0, 0, 0, 0, 0, 0, 0, 0, 0, 0]
0 33 [0, 0, 0, 0, 0, 0, 0, 0, 0, 0, 0, 0]
0 34 [0, 0, 300, 0, 0, 0, 66, 0, 0, 0, 0, 0, 0, 0, 100, 0, 0]
0 35 [0, 0, 462, 0, 0, 0, 300, 0, 0, 0, 0, 0, 0, 0, 0]
0 36 [25, 0, 25, 0, 0, 0, 0, 300, 0, 0, 0, 750, 0, 0]
0 37 [0, 0, 2100, 0, 0, 0, 0, 0, 264, 0, 0]
0 38 [0, 50, 33, 0, 0, 111, 0, 0, 0, 444, 0]
0 39 [0, 0, 0, 0, 0, 0, 0, 0, 0, 0, 396, 0, 0]
0 40 [0, 0, 0, 0, 0, 0, 0, 0, 0, 0, 0, 0, 462, 0]
0 41 [0, 0, 363, 0, 0, 0, 0, 0, 0, 50, 0]
0 42 [0, 0, 300, 0, 0, 0, 0, 0, 0, 0, 0, 0, 429, 0]
0 43 [0, 0, 850, 0, 350, 0, 0, 0, 0, 0, 0, 0]
0 44 [0, 0, 0, 450, 0, 0, 0, 0, 0, 225, 0, 0, 0, 0, 350]
0 45 [0, 0, 600, 0, 0, 0, 0, 0, 0, 0]
0 46 [0, 0, 0, 0, 0, 0, 0, 0, 0, 0, 0, 0, 0]
0 47 [0, 0, 0, 0, 0, 0, 0, 0, 0, 600, 50, 0]
0 48 [0, 0, 132, 0, 99, 0, 0, 0, 0, 0, 0, 0, 0, 0, 132, 0, 0, 0, 0, 0, 0, 825, 200]
0 49 [0, 0, 66, 0, 0, 0, 0, 0, 0, 600, 0, 0, 0, 0, 1600]
