288
2501
1771
0
[]
[]
0 0 [0, 0, 0, 0, 0, 0, 0, 0, 0, 150, 0, 0, 550, 0]
0 1 [0, 0, 50, 0, 0, 0, 600, 900, 100, 0, 25, 400]
0 2 [25, 0, 1500, 0, 2013, 0, 0, 0, 25, 0, 330]
0 3 [0, 0, 0, 450, 525, 0, 1254, 0, 600, 148, 0, 0]
0 4 [0, 37, 0, 0, 0, 0, 150, 0, 0, 0, 0, 0, 0, 0, 300]
0 5 [462, 0, 99, 37, 0, 525, 525, 0, 0, 0, 726, 600, 0, 0, 300]
0 6 [1200, 0, 0, 0, 66, 0, 200, 0, 0, 0, 1850, 150, 0, 0, 100, 0, 2100, 450, 350]
0 7 [0, 0, 250, 0, 297, 74, 0, 592, 0, 0, 800]
0 8 [330, 37, 0, 0, 475, 0, 0, 0, 1551, 0, 0, 0, 700, 0, 0, 0, 250, 37, 500, 148]
0 9 [0, 37, 0, 0, 0, 0, 0, 0, 700, 0, 50, 0, 25, 37, 396]
0 10 [100, 0, 0, 0, 0, 0, 0, 0, 250, 300, 500]
0 11 [0, 0, 300, 148, 0, 0, 0, 0, 2000, 0, 0, 0, 330, 0, 250, 375]
0 12 [50, 0, 693, 0, 0, 111, 100, 0, 3000, 0, 528, 0, 800, 150]
0 13 [25, 0, 0, 0, 33, 0, 800, 0, 429, 0, 330, 0, 0, 0, 0, 0, 2900, 0, 1500]
0 14 [175, 0, 750, 0, 0, 75, 0, 0, 125, 150, 600, 0, 495, 100]
0 15 [0, 0, 0, 0, 0, 37, 200, 300]
0 16 [275, 100, 1300, 0, 1550, 555, 462, 300, 330]
0 17 [525, 0, 33, 0, 0, 0, 800, 0, 600, 0, 363, 148]
0 18 [300, 0, 1400, 0, 675, 1500, 500, 370]
0 19 [0, 37, 425, 0, 100, 0, 0, 37, 0, 74, 0, 750, 250]
0 20 [0, 225, 0, 0, 100, 0, 450, 600, 429, 150, 350, 1350, 650]
0 21 [250, 150, 0, 0, 300, 0, 0, 74, 0, 0, 350, 0, 264, 0, 125]
0 22 [0, 0, 0, 0, 0, 0, 0, 0, 0, 111, 0, 150, 33, 0]
0 23 [231, 0, 25, 0, 0, 0, 0, 0, 0, 0, 0, 0, 2200, 675]
0 24 [200, 0, 500, 0, 0, 0, 0, 50, 0, 50]
0 25 [0, 0, 0, 0, 0, 0, 1200, 0, 0, 0, 50]
0 26 [0, 37, 0, 0, 200, 0, 150, 0, 1300, 0, 1122, 0, 0, 0]
0 27 [25, 0, 0, 0, 0, 0, 0, 0, 125, 0, 2900, 0, 99, 0, 300]
0 28 [0, 150, 594, 0, 50, 0, 0, 75, 0, 0, 0, 0, 600, 0]
0 29 [297, 0, 0, 0, 33, 0, 0, 0, 250, 750, 0, 111, 0, 0]
0 30 [100, 0, 1400, 0, 0, 0, 0, 0, 175, 37]
0 31 [100, 0, 165, 0, 5600, 0, 100, 0, 650, 0, 2000, 0]
0 32 [0, 0, 50, 0, 363, 100, 66, 0, 132, 0, 264]
0 33 [0, 0, 0, 0, 0, 0, 0, 0, 0, 0, 150, 75, 0]
0 34 [0, 150, 1500, 75, 0, 2850, 0, 0]
0 35 [150, 0, 0, 0, 33, 0, 1400, 0, 300, 0]
0 36 [0, 975, 132, 0, 0, 0, 0, 0, 0, 75, 75, 0, 5600, 0, 0]
0 37 [2200, 0, 1700, 0, 900, 825, 0, 0, 198, 0, 198, 148]
0 38 [400, 0, 500, 0, 100, 0, 1250, 0, 50, 2250, 175]
0 39 [50, 0, 0, 0, 198, 0, 0, 0, 125, 0, 0, 0, 325]
0 40 [0, 0, 0, 0, 0, 650, 0, 150, 275, 0]
0 41 [0, 350, 0, 0, 0, 0, 1050, 675, 858, 0, 33, 150, 0, 100]
0 42 [400, 150, 50, 0, 0, 250, 1800, 37, 75, 259, 330, 0]
0 43 [200, 450, 0, 0, 350, 0, 0, 50, 0, 150, 0, 0, 100]
0 44 [0, 0, 0, 0, 400, 185, 0, 0, 0, 0, 2800, 0, 0, 0]
0 45 [0, 185, 300, 0, 100, 0, 0, 0, 900, 150]
0 46 [500, 0, 400, 0, 375, 0, 0, 37, 200, 2400]
0 47 [250, 0, 0, 0, 0, 0, 0, 0, 0, 0, 1100, 0]
0 48 [25, 75, 0, 0, 25, 0, 0, 0, 990, 0, 300, 0]
0 49 [0, 0, 50, 0, 0, 0, 0, 150, 0, 0, 0, 37, 891, 0]
