288
2501
1755
150
[25]
[]
0 0 [50, 150, 0, 0, 759, 0, 250, 525, 500]
0 1 [325, 550, 550, 300, 0, 0, 495, 50, 0, 150, 0, 300, 50]
0 2 [1500, 999, 700, 370, 1100, 0, 450, 0, 1125, 0, 100, 150]
0 3 [125, 0, 400, 0, 33, 300, 350, 0, 0, 0, 1050, 450, 858, 0, 198, 0, 0, 0]
0 4 [350, 0, 50, 0, 0, 0, 700, 0, 627, 0, 0, 0, 350, 111, 1600]
0 5 [231, 0, 66, 0, 957, 0, 850, 1500, 0, 2100, 0, 150, 250, 0, 375, 225, 0, 0]
0 6 [132, 0, 528, 0, 297, 0, 800, 37, 0, 0, 1300]
0 7 [175, 0, 1400, 0, 297, 0]
0 8 [250, 0, 125, 0, 1100, 0, 462, 150, 1600, 0, 800, 0, 250, 1200, 528, 111, 400, 0]
0 9 [264, 0, 0, 0, 225, 0, 1300, 0, 200, 0, 400, 0, 0, 50, 1700, 1950, 1100, 0]
0 10 [700, 0, 0, 100, 950, 0, 750, 600, 1600, 1050, 1700, 0, 1550]
0 11 [300, 0, 33, 975, 1300, 481, 0, 37, 2300, 370, 0, 0, 429, 0, 363, 900]
0 12 [330, 0, 33, 0, 2300, 0, 500, 0, 700, 0, 396]
0 13 [0, 1650, 0, 0, 400, 0, 0, 0, 425, 0, 297]
0 14 [800, 0, 165, 0, 0, 0, 650, 0, 825, 74]
0 15 [200, 0, 1150, 0, 0, 0, 175, 0, 25, 0]
0 16 [0, 0, 792, 592, 325, 0, 825, 2100, 500, 0, 0, 0]
0 17 [75, 150, 792, 0, 0, 0, 1050, 1200, 0, 675, 700, 675, 650, 0, 594, 0]
0 18 [0, 74, 33, 0, 400, 450, 0, 0, 0, 0, 850, 0, 0, 0, 175, 0, 25]
0 19 [0, 0, 100, 0, 561, 148, 0, 555, 600, 900, 0, 100, 375, 0, 250]
0 20 [297, 0, 75, 0, 33, 0, 363, 2400, 275, 296, 675, 0, 264, 100, 400, 150, 132]
0 21 [700, 0, 600, 600, 0, 0, 1000, 259, 528, 222, 375, 0, 660, 450]
0 22 [1000, 0, 1155, 0, 0, 111, 375, 0, 175, 0]
0 23 [700, 150, 1100, 0, 0, 0, 575, 200, 550, 0, 0, 0]
0 24 [400, 600, 525, 50, 462, 0, 1400, 0, 400]
150 25 [500, 150, 1050, 629, 800, 750, 1000]
0 26 [0, 0, 0, 0, 561, 0, 1700, 300, 2950, 100]
0 27 [700, 0, 0, 75, 165, 0, 350, 0, 396, 0, 1200, 250, 1000, 0, 231, 0, 50]
0 28 [0, 0, 396, 0, 693, 650, 561, 0, 2000, 0]
0 29 [300, 600, 800, 3000, 0, 370, 429, 900, 0, 0, 297, 0]
0 30 [1200, 0, 0, 0, 2900, 0, 0, 37, 100, 200, 450, 0]
0 31 [1000, 0, 0, 0, 650, 975, 475, 0, 0, 0, 2600, 1200, 0, 0, 2500, 150]
0 32 [350, 0, 2800, 0, 0, 0, 2300, 300, 0, 900, 225, 200, 0]
0 33 [800, 0, 700, 407, 1050, 75, 400, 0]
0 34 [400, 0, 1500, 400, 0, 50, 1450, 37, 350, 0]
0 35 [250, 0, 100, 0, 825, 0, 0, 0, 0, 0, 1700, 825, 0, 111, 100, 37, 0]
0 36 [300, 0, 0, 0, 575, 999, 450, 150, 594, 0, 0]
0 37 [1400, 2400, 0, 0, 800, 200, 25, 0, 0, 74, 100, 0, 150, 0]
0 38 [300, 0, 0, 37, 0, 450, 0, 0, 0, 900, 627, 300, 363, 0, 25]
0 39 [231, 0, 0, 0, 0, 150, 0, 185, 0, 0, 396, 0, 1155, 0, 1325, 150, 0, 75]
0 40 [0, 0, 250, 600, 275, 0, 1300, 222, 363, 0, 5900, 0, 2300, 0]
0 41 [200, 0, 0, 0, 800, 525, 1400, 300, 0]
0 42 [0, 50, 900, 400, 300, 0, 750, 600, 600, 0, 100]
0 43 [200, 0, 0, 0, 550, 0, 462, 1050, 100]
0 44 [198, 0, 100, 0, 325, 600, 150, 518, 627, 259, 462, 0, 600, 600]
0 45 [0, 0, 462, 0, 1800, 650, 0, 2100, 1100, 0, 0, 450, 950, 0, 300]
0 46 [528, 1200, 250, 300, 0, 100, 275, 0, 0, 200]
0 47 [50, 0, 792, 296, 660, 259, 759, 50, 858, 600]
0 48 [297, 0, 0, 0, 900, 600, 450, 0, 1700, 0, 225, 0, 33]
0 49 [75, 0, 200, 0, 900, 0, 660, 450, 0, 0, 1650, 111, 0, 0]
