288
721
0
2013
[8]
[]
0 0 [0, 0, 8, 0, 0, 0, 201, 0, 0, 0, 0, 700, 0, 74, 0, 0]
0 1 [66, 111, 0, 300, 400, 300, 304, 150, 100, 150, 100, 300, 585, 0]
0 2 [0, 0, 100, 0, 165, 0, 66, 0, 301, 0, 0, 0, 132, 0, 0, 1667, 1565]
0 3 [0, 0, 198, 0, 0, 400, 0, 0, 18, 0, 0, 0, 50, 504, 0]
0 4 [0, 200, 250, 0, 0, 0, 0, 0, 300, 0]
0 5 [0, 0, 0, 0, 0, 225, 0, 1650, 250, 250, 500, 3, 0, 0, 850]
0 6 [200, 0, 0, 185, 4, 0, 66, 0, 1, 0, 0, 114, 263, 0]
0 7 [0, 0, 500, 0, 0, 2, 325, 111, 100, 0, 125, 1201, 0, 814]
2013 8 [3696, 8250, 2013, 2663, 2178, 2800]
0 9 [0, 0, 300, 0, 601, 0, 0, 0, 0, 0, 0, 777]
0 10 [2631, 0, 0, 50, 0, 75, 0, 75, 0, 0, 0, 0]
0 11 [0, 300, 0, 0, 0, 0, 308, 450, 0, 50, 205, 200]
0 12 [0, 50, 0, 375, 0, 0, 0, 2, 200, 150, 50, 0, 336, 0]
0 13 [0, 0, 0, 0, 0, 0, 0, 12, 0, 225, 100]
0 14 [0, 0, 0, 0, 100, 200, 165, 0]
0 15 [0, 4425, 500, 0, 0, 74, 165, 0, 0]
0 16 [0, 0, 0, 0, 0, 151, 0, 37, 0, 1, 0, 0, 2300]
0 17 [0, 111, 0, 0, 0, 1650, 301, 0, 300, 375, 0, 0, 600, 0]
0 18 [0, 0, 0, 0, 300, 449, 0, 151, 0, 0, 100, 150, 0, 0]
0 19 [0, 0, 0, 75, 0, 525, 0, 0, 0, 75, 0, 825, 50, 172, 462]
0 20 [0, 0, 0, 0, 50, 712, 125, 0, 0, 300, 0, 296, 0, 0, 0, 3300]
0 21 [1500, 0, 76, 0, 125, 302, 0, 250, 275, 0]
0 22 [0, 0, 132, 350, 33, 0, 150, 0]
0 23 [0, 0, 0, 0, 231, 8, 48, 350, 1100, 300, 0, 0, 561, 450, 300, 0, 700]
0 24 [0, 0, 300, 76, 0, 0, 0, 350, 0, 0, 1611]
0 25 [0, 375, 0, 50, 50, 300, 0, 100, 0, 150, 0, 0, 99, 250, 372, 1350]
0 26 [1350, 0, 0, 0, 85, 0, 18, 222, 0, 0, 0, 0, 594, 0]
0 27 [0, 0, 66, 0, 100, 0, 0, 450, 1, 2101, 0, 350, 0, 1717, 561]
0 28 [0, 0, 0, 1, 500, 600, 0, 0, 3, 50, 66, 0, 300, 0]
0 29 [0, 0, 0, 225, 0, 0, 175, 0, 200, 0, 99, 0, 0]
0 30 [150, 0, 132, 0, 5, 0, 0, 0, 0, 250, 547, 3150]
0 31 [0, 150, 0, 0, 33, 0, 800, 50, 33, 148, 0]
0 32 [1400, 0, 100, 0, 0, 0, 300, 37, 100, 0, 0, 0, 2400]
0 33 [1350, 0, 0, 0, 0, 0, 396, 48, 0, 0, 0, 0, 1050, 100, 0, 0]
0 34 [0, 225, 99, 0, 100, 0, 0, 1200, 0]
0 35 [0, 3300, 0, 0, 200, 0, 165, 0, 0, 450, 800, 0, 0, 0, 25, 148]
0 36 [2400, 50, 0, 74, 5, 0, 0, 0, 33, 1968]
0 37 [66, 300, 33, 0, 400, 750, 100, 0, 0, 5, 75, 300, 0]
0 38 [0, 75, 550, 0, 300, 481, 165, 0, 0, 451, 0, 1086]
0 39 [0, 0, 0, 1050, 175, 0, 50, 0, 33, 151, 0, 0, 750, 161, 0, 37, 450]
0 40 [5300, 0, 132, 0, 350, 218, 0, 0, 0, 0, 0, 0]
0 41 [0, 0, 0, 50, 0, 27, 0, 300, 0, 0]
0 42 [0, 0, 0, 0, 0, 3, 1, 0, 0, 0, 0, 0, 900, 0, 611, 0]
0 43 [0, 0, 0, 0, 50, 0, 100, 0, 0, 0, 0, 0]
0 44 [0, 900, 0, 74, 23, 0, 300, 0, 0]
0 45 [0, 4650, 500, 450, 400, 888]
0 46 [0, 0, 0, 0, 0, 0, 0, 0, 0, 111]
0 47 [0, 0, 0, 0, 175, 4, 0, 37, 0, 48, 66, 0, 175]
0 48 [1400, 0, 0, 115, 0, 0, 375, 0, 350, 0, 0]
0 49 [0, 148, 330, 0, 0, 92, 0, 900, 945, 1051, 0, 296, 575]
