288
721
0
5280
[4]
[]
0 0 [1800, 0, 739, 0, 0, 1275, 2900, 0, 0, 0, 0, 0, 0]
0 1 [0, 459, 0, 0, 0, 0, 0, 0, 0, 0, 2800, 0, 1100]
0 2 [0, 0, 0, 8465, 0, 0, 0, 0, 0, 0, 0]
0 3 [0, 0, 0, 0, 34, 0, 0, 0, 0, 0, 0]
5280 4 [5280, 6502, 13300]
0 5 [50, 0, 0, 0, 36, 0, 0, 1351, 50, 0, 650, 0, 0]
0 6 [600, 550, 625, 525, 300, 2969, 250, 0, 561]
0 7 [0, 4200, 0, 0, 0, 0, 850, 0]
0 8 [0, 0, 0, 0, 396, 0, 0, 0, 0, 200, 0, 0, 0]
0 9 [0, 0, 0, 0, 0, 4681, 0, 0, 0, 0, 400, 0, 1700, 0, 0]
0 10 [0, 0, 0, 407, 150, 481, 0]
0 11 [0, 800, 0, 0, 0, 34, 0, 111, 0, 0, 0, 0]
0 12 [0, 0, 0, 0, 0, 0, 0, 0, 1, 0, 0]
0 13 [0, 0, 0, 0, 0, 1899, 0, 0, 275, 0, 0, 0, 0, 0, 225, 0, 500, 0, 0, 0]
0 14 [0, 4292, 1485, 0, 0, 0, 200, 150, 0, 550, 0, 0]
0 15 [1065, 0, 2000, 0, 0, 0, 0]
0 16 [0, 0, 750, 0, 0, 0, 0, 0, 0, 333, 0, 0, 0, 0]
0 17 [0, 0, 0, 0, 48, 825, 165, 0, 0, 0, 0]
0 18 [587, 0, 0, 0, 0, 0, 0, 0, 0, 0, 5300, 0, 2000, 0, 0]
0 19 [0, 0, 0, 0, 0, 0, 0, 4404, 0]
0 20 [0, 0, 2445, 1349, 0, 0, 150, 888, 0, 0, 0, 0, 0, 0, 0, 0, 0, 0]
0 21 [0, 0, 727, 2307, 0, 0, 0, 0, 0, 0, 0, 0]
0 22 [0, 0, 0, 0, 1401, 0, 0, 0, 0, 450, 0, 0, 0, 0, 0, 0]
0 23 [1227, 0, 0, 1950, 957, 0, 0, 150, 0, 0, 0, 0, 528, 0, 0, 16, 0]
0 24 [0, 0, 0, 0, 0, 0, 0, 0, 0, 0, 0, 0, 0]
0 25 [0, 0, 693, 0, 34, 296, 0, 0, 0, 0, 1200, 0]
0 26 [1700, 0, 0, 0, 2904, 0, 0, 0, 924, 0, 0, 0, 0, 0, 627, 0]
0 27 [1926, 0, 0, 0, 0, 0, 0, 450, 300, 0, 20]
0 28 [0, 0, 1406, 0, 0, 0, 0, 0]
0 29 [1050, 0, 0, 0, 996, 6001, 0, 0, 300, 0, 0, 0, 0]
0 30 [0, 0, 0, 1029, 0, 4650, 0, 0, 231, 0, 0, 3525, 0, 0, 600, 1, 0]
0 31 [0, 0, 1610, 0, 0, 0, 0, 0, 688, 2850, 0, 0, 0, 0]
0 32 [0, 0, 857, 0, 0, 0, 0, 0, 0, 0, 1150, 0]
0 33 [0, 3427, 0, 0, 25, 0, 0, 229, 2800, 0, 660, 0, 0, 0]
0 34 [0, 0, 0, 2770, 0, 0, 0, 0, 0, 0, 0, 1650]
0 35 [0, 51, 1430, 0, 0, 1550, 3, 675, 500, 0, 426, 1575]
0 36 [0, 0, 0, 0, 0, 0, 0, 0, 0, 370, 0, 900, 0]
0 37 [0, 0, 853, 1036, 0, 1, 0, 0, 0, 0, 400, 2850, 0]
0 38 [463, 0, 0, 814, 0, 1950, 650, 0, 0, 0, 0, 0, 20, 0]
0 39 [0, 0, 0, 0, 0, 0, 0, 0, 0, 0, 0, 0, 0]
0 40 [0, 0, 660, 0, 4102, 600, 0, 0, 0, 0, 0, 250, 0, 0, 0, 0, 850]
0 41 [0, 666, 0, 0, 400, 0, 0, 592, 0, 0]
0 42 [0, 0, 0, 0, 0, 3, 0, 0, 0, 0, 0, 0]
0 43 [0, 0, 0, 0, 0, 1708, 0, 4800, 25, 0, 44, 0, 1500, 0, 0, 52, 2000, 0]
0 44 [0, 0, 0, 0, 0, 0, 0, 0, 0, 0, 0, 600, 0]
0 45 [0, 1, 0, 0, 1118, 0, 3800, 23, 0, 0, 0, 1200, 0, 0, 0, 3000, 0, 0, 0, 2, 0]
0 46 [0, 0, 0, 2290, 12, 0, 0, 0, 0, 0]
0 47 [0, 0, 32579, 0, 0, 0, 0, 0, 0, 0, 0]
0 48 [0, 0, 725, 0, 0, 0, 0, 0]
0 49 [0, 0, 0, 0, 0, 0, 275, 375, 0, 0, 0]
