288
1081
1
2200
[0, 3, 9, 13, 32, 34, 48]
[]
952 0 [3200, 2433, 1785, 2580, 1465, 2618, 1926, 2006, 952, 1792]
0 1 [114, 216, 66, 0, 0, 348, 50, 50, 0, 100, 380, 146]
0 2 [321, 150, 0, 1, 78, 1, 0, 731, 255, 171, 56, 17]
282 3 [451, 675, 321, 1406, 900, 333, 282]
0 4 [184, 62, 41, 180, 0, 402, 64, 50, 54, 22, 630]
0 5 [0, 0, 0, 0, 684, 28, 0, 100, 0, 200, 0]
0 6 [83, 0, 33, 254, 0, 0, 3, 61, 133, 109, 250, 646, 57, 150, 296, 284, 50, 111, 0]
0 7 [57, 0, 0, 0, 0, 144, 0, 75, 204, 886, 0, 37, 176, 167, 0, 0]
0 8 [108, 0, 0, 0, 21, 47, 290, 0, 32, 47, 110]
82 9 [414, 114, 169, 148, 82, 200, 752, 444, 192, 764]
0 10 [78, 0, 237, 83, 48, 0, 50, 234, 0, 122, 35, 0]
0 11 [57, 0, 244, 150, 87, 62, 0, 0, 100, 259, 29, 336]
0 12 [0, 0, 0, 0, 74, 0, 75, 115, 70, 600, 0, 0]
175 13 [392, 900, 300, 289, 175, 1583, 453]
0 14 [145, 0, 316, 0, 50, 0, 102, 0, 99, 414, 300, 201, 0, 225, 390, 450, 30]
0 15 [24, 0, 80, 0, 0, 0, 0, 178, 40, 12, 32, 0, 0, 219, 103, 100, 0, 30]
0 16 [238, 110, 0, 364, 0, 657, 54, 0, 200, 111]
0 17 [0, 0, 100, 62, 38, 0, 66, 740]
0 18 [0, 0, 100, 120, 347, 127, 70, 151, 50, 209, 322, 100, 1, 1132]
0 19 [0, 0, 0, 0, 43, 0, 220, 0, 60]
0 20 [0, 0, 0, 894, 0, 256, 75, 192, 0, 0]
0 21 [178, 46, 0, 124, 0, 0, 59, 0, 210, 98]
0 22 [241, 30, 166, 0, 25, 116, 47, 70, 0, 0, 101, 116, 0, 1247, 33, 7]
0 23 [38, 1101, 50, 4, 450, 47, 0, 149, 5]
0 24 [524, 0, 0, 0, 230, 6, 250, 2394, 99, 0, 0, 93, 420, 150, 20]
0 25 [33, 0, 0, 0, 77, 0, 51, 0, 0, 0, 25, 1055, 33, 222, 80, 0, 0, 75, 0, 364]
0 26 [0, 0, 0, 0, 54, 143, 2, 14, 0, 347, 4, 208]
0 27 [0, 5, 139, 12, 64, 147, 430, 0, 196, 0, 62, 0]
0 28 [25, 0, 0, 0, 0, 0, 100, 1472, 18, 75, 51, 150, 232]
0 29 [114, 194, 198, 183, 200, 101, 101, 0, 0, 390]
0 30 [0, 0, 0, 0, 4, 180, 0, 255, 84, 198, 0, 100, 274, 173]
0 31 [51, 0, 0, 150, 0, 0, 17, 0, 24, 201, 0, 0, 146]
634 32 [1093, 1479, 959, 1496, 787, 1351, 1700, 1374, 974, 1384, 634, 1122, 1700]
0 33 [337, 48, 41, 0, 0, 24, 140, 0, 412, 0, 263, 86, 0, 50, 41, 450, 37]
54 34 [186, 302, 100, 225, 102, 1135, 54, 185, 153, 331, 274, 100, 400, 197, 1197, 94, 225]
0 35 [0, 0, 0, 0, 232, 0, 200, 609, 127, 156, 100, 16, 50, 193, 30]
0 36 [147, 0, 0, 128, 149, 116, 27, 0, 151, 450, 142, 62, 276, 74, 360, 0, 90]
0 37 [12, 0, 0, 0, 541, 206, 102, 74, 606, 1170]
0 38 [61, 113, 9, 406, 0, 37, 30]
0 39 [0, 72, 0, 0, 50, 4, 72, 50, 0, 0, 20, 113, 100, 89, 0, 0]
0 40 [241, 62, 50, 48, 0, 25, 50, 50, 0, 30]
0 41 [65, 22, 200, 0, 72, 13, 50, 0, 0, 50, 0]
0 42 [0, 0, 0, 0, 183, 0, 25, 272, 75, 450, 54, 241, 100, 33, 16, 0]
0 43 [0, 0, 0, 0, 70, 16, 9, 37, 22, 0, 50, 33, 8, 20]
0 44 [0, 0, 95, 0, 0, 39, 0, 150, 35, 140, 10]
0 45 [0, 0, 302, 94, 0, 149, 600, 123, 0, 675, 147, 175, 430, 91, 2]
0 46 [49, 382, 0, 0, 77, 57, 18, 0, 51, 781, 26, 354, 90]
0 47 [0, 0, 234, 50, 50, 0, 0, 37, 49, 20]
21 48 [33, 141, 375, 21, 301, 111, 76]
0 49 [0, 94, 0, 0, 61, 49, 0, 107, 100, 126]
