288
721
0
2211
[8]
[]
0 0 [0, 0, 0, 0, 0, 0, 120, 0, 0, 0, 0, 700, 0, 148, 0, 0]
0 1 [132, 148, 0, 200, 400, 450, 103, 0, 100, 150, 150, 250, 618, 0]
0 2 [0, 0, 44, 0, 66, 0, 33, 0, 250, 0, 0, 0, 33, 0, 0, 1777, 2000]
0 3 [0, 0, 66, 0, 0, 250, 0, 0, 0, 0, 0, 0, 90, 347, 0]
0 4 [0, 200, 176, 0, 0, 5, 0, 0, 250, 0]
0 5 [0, 0, 0, 0, 0, 0, 0, 1050, 0, 0, 100, 0, 0, 0, 950]
0 6 [401, 0, 0, 185, 4, 75, 72, 0, 0, 0, 0, 300, 460, 0]
0 7 [0, 0, 400, 0, 0, 0, 200, 74, 51, 0, 100, 750, 0, 666]
2211 8 [3927, 8731, 2211, 2725, 2508, 2900]
0 9 [0, 0, 200, 0, 400, 0, 25, 0, 0, 0, 0, 666]
0 10 [2300, 0, 0, 50, 0, 75, 0, 150, 0, 0, 0, 0]
0 11 [0, 1, 0, 0, 8, 0, 225, 0, 0, 0, 0, 0]
0 12 [0, 50, 0, 300, 3, 0, 0, 0, 299, 50, 50, 0, 435, 0]
0 13 [0, 0, 0, 108, 1, 0, 0, 0, 0, 267, 100]
0 14 [0, 0, 0, 0, 200, 150, 132, 0]
0 15 [0, 4050, 300, 0, 0, 111, 198, 0, 0]
0 16 [0, 0, 0, 0, 66, 72, 100, 148, 0, 14, 0, 0, 2502]
0 17 [0, 74, 0, 0, 0, 1200, 100, 22, 100, 225, 0, 0, 402, 0]
0 18 [0, 0, 0, 0, 350, 450, 0, 450, 0, 0, 150, 450, 0, 0]
0 19 [0, 0, 0, 225, 0, 675, 0, 37, 0, 225, 0, 1050, 150, 450, 627]
0 20 [0, 0, 36, 0, 25, 813, 175, 0, 0, 350, 0, 296, 0, 0, 0, 3150]
0 21 [1450, 0, 50, 0, 125, 150, 0, 200, 300, 0]
0 22 [0, 0, 231, 550, 31, 0, 250, 0]
0 23 [0, 0, 0, 0, 231, 8, 48, 600, 1400, 300, 0, 12, 777, 300, 300, 0, 900]
0 24 [0, 0, 200, 75, 0, 0, 0, 300, 0, 0, 1483]
0 25 [0, 675, 0, 200, 150, 600, 66, 200, 0, 600, 0, 0, 225, 632, 765, 2250]
0 26 [1300, 0, 25, 0, 100, 50, 0, 333, 0, 75, 0, 0, 528, 0]
0 27 [0, 0, 33, 0, 0, 0, 0, 75, 5, 1801, 0, 50, 0, 1684, 495]
0 28 [0, 150, 0, 0, 900, 825, 50, 74, 0, 150, 165, 0, 700, 0]
0 29 [0, 0, 0, 375, 0, 0, 200, 151, 350, 50, 165, 0, 0]
0 30 [150, 0, 99, 0, 5, 0, 0, 0, 0, 150, 354, 2550]
0 31 [0, 225, 0, 0, 66, 17, 900, 69, 33, 148, 0]
0 32 [1300, 0, 50, 0, 0, 0, 175, 37, 0, 0, 0, 0, 1800]
0 33 [1604, 0, 0, 0, 0, 0, 209, 90, 0, 0, 0, 0, 750, 100, 0, 0]
0 34 [0, 150, 66, 0, 125, 0, 0, 900, 0]
0 35 [0, 4200, 0, 0, 300, 0, 181, 0, 0, 600, 1101, 0, 0, 0, 50, 259]
0 36 [2400, 100, 0, 74, 0, 0, 100, 0, 66, 1132]
0 37 [33, 150, 0, 0, 300, 450, 107, 0, 0, 0, 50, 225, 0]
0 38 [0, 0, 350, 0, 0, 300, 99, 0, 0, 0, 0, 895]
0 39 [0, 0, 0, 1500, 250, 75, 100, 0, 33, 300, 0, 0, 700, 150, 0, 74, 500]
0 40 [5303, 0, 66, 0, 250, 300, 0, 0, 0, 0, 36, 0]
0 41 [0, 0, 0, 71, 0, 0, 0, 150, 0, 0]
0 42 [0, 0, 0, 0, 0, 1, 201, 300, 0, 0, 0, 0, 750, 0, 684, 0]
0 43 [0, 0, 0, 0, 0, 0, 0, 3, 0, 0, 0, 0]
0 44 [0, 901, 0, 111, 0, 0, 278, 0, 0]
0 45 [0, 4350, 302, 150, 200, 666]
0 46 [0, 0, 0, 0, 0, 0, 0, 0, 0, 74]
0 47 [0, 0, 0, 0, 175, 0, 0, 74, 0, 0, 132, 0, 225]
0 48 [1225, 100, 0, 100, 0, 0, 275, 0, 200, 0, 0]
0 49 [0, 111, 363, 0, 24, 100, 0, 600, 850, 600, 0, 222, 610]
