288
2501
1016
0
[]
[]
0 0 [0, 0, 1584, 0, 150, 0, 0, 0, 33, 225, 66, 0]
0 1 [50, 0, 0, 0, 0, 900, 0, 100, 0]
0 2 [660, 300, 2400, 0, 0, 0, 594, 0, 0]
0 3 [660, 0, 0, 0, 0, 0, 0, 0, 0, 0, 0, 0, 0]
0 4 [0, 0, 0, 0, 0, 0, 0, 0, 0, 0, 0]
0 5 [200, 37, 0, 74, 0, 0, 0, 0, 0, 0]
0 6 [0, 0, 0, 750, 0, 0, 400, 0, 330, 0, 0]
0 7 [50, 0, 275, 0, 0, 0, 0, 0, 0, 0, 700]
0 8 [0, 0, 100, 0, 0, 0, 0, 0, 0, 0, 0, 0, 0]
0 9 [0, 0, 330, 0, 0, 0, 0, 0, 3100, 0, 0, 0, 0, 0]
0 10 [0, 900, 0, 0, 0, 0, 0, 0, 0, 0]
0 11 [0, 150, 0, 0, 0, 0, 0, 37, 150, 0]
0 12 [1386, 0, 0, 0, 1400, 0, 132, 0, 0, 0]
0 13 [700, 150, 0, 0, 0, 0, 0, 0, 200, 0, 330]
0 14 [250, 225, 0, 100, 0, 100, 0, 0, 0, 0, 0, 0, 0, 74, 0]
0 15 [0, 0, 0, 0, 0, 750, 250, 0]
0 16 [0, 0, 99, 0, 300, 75, 0, 222, 0, 0, 0, 0]
0 17 [0, 100, 0, 225, 0, 0, 0, 0, 125, 0, 0, 300, 0, 666]
0 18 [275, 0, 2178, 0, 0, 0, 0, 0, 99, 50, 0, 0]
0 19 [0, 74, 800, 50, 1353, 0, 850, 0, 1500, 400, 264]
0 20 [50, 0, 0, 0, 0, 0, 0, 370, 0, 225, 0]
0 21 [100, 100, 0, 37, 0, 0, 0, 0, 0, 0, 0, 0]
0 22 [0, 0, 600, 0, 0, 0, 1200]
0 23 [0, 150, 0, 37, 1900, 0, 0, 0, 0, 0, 0, 0, 0, 3000, 50, 0]
0 24 [0, 37, 300, 111, 600, 37, 0, 0, 0, 0, 575, 200, 500]
0 25 [0, 0, 0, 0, 0, 0, 0, 0, 0, 0, 0, 150, 0, 900, 0]
0 26 [200, 0, 0, 0, 0, 0, 0, 0, 429, 0, 0]
0 27 [198, 0, 1950, 0, 0, 0, 2000, 75, 25, 0, 250, 0, 0]
0 28 [99, 0, 0, 0, 0, 300, 0]
0 29 [99, 0, 0, 0, 0, 0, 0, 0, 0, 0]
0 30 [50, 0, 0, 0, 0, 0, 0, 0, 700, 0]
0 31 [50, 0, 0, 50, 0, 0, 0, 0, 0, 0, 100, 0, 0]
0 32 [0, 0, 0, 0, 0, 0, 0, 0, 0]
0 33 [66, 0, 0, 0, 0, 0, 0, 0]
0 34 [0, 0, 0, 0, 0, 0, 0, 0, 2000, 0, 132, 0, 0]
0 35 [0, 200, 0, 0, 0, 0, 0, 0, 0, 0, 0, 75, 275, 0]
0 36 [150, 300, 275, 0, 50, 0, 0, 481, 250]
0 37 [0, 0, 0, 0, 0, 650, 400, 0, 0, 50, 225, 0, 600, 0, 0]
0 38 [50, 148, 0, 0, 0]
0 39 [150, 0, 0, 0, 0, 0, 125, 150, 0]
0 40 [1400, 0, 700, 0, 0, 0, 0, 0, 200, 0]
0 41 [0, 0, 1700, 0, 0, 0, 429, 0, 0, 0, 759, 0, 50, 370, 0, 0]
0 42 [25, 0, 99, 600, 100]
0 43 [0, 74, 0, 0, 0, 0, 0, 0, 0, 0, 200]
0 44 [75, 37, 1175, 0, 363, 0, 0, 0, 0, 0, 350, 0, 0, 0, 0, 0, 0]
0 45 [100, 500, 0, 0, 0, 0, 0, 111, 400, 0, 250]
0 46 [25, 75, 165, 0, 0, 0, 0, 0, 0, 0, 0, 0, 200, 0, 0]
0 47 [0, 296, 550, 600, 0, 0, 0, 0, 0, 0, 0, 0, 198, 0]
0 48 [0, 0, 297, 300, 0, 0, 198, 750, 0, 750]
0 49 [0, 0, 0, 0, 0, 0, 100, 0, 0, 0, 275, 0]
