288
1081
243547
9075
[17]
[]
0 0 [0, 5846, 104, 0, 0, 523, 0, 0, 0, 3650, 3531, 0]
0 1 [6650, 1, 28, 0, 170, 0, 3800, 0, 0]
0 2 [6, 0, 0, 0, 0, 1776, 0, 0, 93, 0, 1]
0 3 [10, 0, 2200, 0, 0, 0, 100, 0, 0, 0, 0, 0, 6950, 2775, 0, 0, 0]
0 4 [0, 4773, 0, 7275, 0, 164, 0, 3, 0, 0, 0, 0, 13300, 3108, 464, 0, 0, 0, 0, 0, 0]
0 5 [19, 0, 0, 8206, 0, 0, 0, 0, 0, 0, 0, 0]
0 6 [27, 26, 3762, 4000, 111, 41, 3, 22, 50, 67, 0, 106]
0 7 [200, 191, 0, 95, 0, 2, 0, 150, 0, 0, 4092, 12150, 0, 0, 0]
0 8 [37, 5900, 0, 50, 50, 77, 35, 0, 210, 0, 0, 0, 0]
0 9 [2825, 0, 1875, 12, 0, 0, 0, 0, 200, 0, 0]
0 10 [0, 0, 43, 0, 1100, 150, 0, 0]
0 11 [55, 151, 0, 148, 0, 3675, 0, 461, 0, 0, 3350, 6150, 0, 0, 0]
0 12 [0, 0, 0, 0, 50, 0, 0, 0]
0 13 [0, 0, 2050, 0, 103, 0, 300, 54, 0, 18750, 0]
0 14 [24, 4181, 0, 57, 0, 0, 0, 0, 0, 8700, 7300, 0, 0]
0 15 [17, 0, 0, 75, 0, 7, 0, 4, 0, 150, 12900, 0, 0]
0 16 [6500, 0, 0, 0, 80, 0, 13400, 528, 0, 0, 0]
9075 17 [9075, 24000, 27700, 13505, 10263, 18250]
0 18 [27, 0, 0, 0, 9, 57, 100, 0, 0, 75, 0, 13500, 0, 0, 0]
0 19 [17, 0, 0, 0, 30, 0, 0, 9900, 0, 0]
0 20 [0, 150, 60, 37, 0, 2300, 123, 37]
0 21 [0, 0, 22, 11, 0, 9450, 0, 0, 0]
0 22 [6, 8700, 0, 30, 0, 100, 44, 0, 0, 17850, 0, 75]
0 23 [0, 0, 0, 26, 0, 0, 1600, 0, 0, 0, 0]
0 24 [0, 95, 700, 0, 25, 0, 0, 0, 0, 0, 0, 50, 0]
0 25 [0, 0, 33, 178, 0, 196, 4200, 0, 0, 0, 3950, 0, 13]
0 26 [114, 9150, 0, 0, 150, 0, 0, 0]
0 27 [0, 0, 0, 100, 0, 0, 0, 5700]
0 28 [0, 50, 16, 0, 60, 148, 100, 0, 0, 0, 0, 5439, 2375, 154, 0]
0 29 [124, 0, 0, 0, 0, 76, 50, 0, 0, 125, 0, 0, 0, 0]
0 30 [13629, 0, 0, 50, 0, 111, 25, 0, 0, 150, 0, 21000, 0]
0 31 [24, 8175, 0, 0, 19, 0, 0, 0, 0, 0, 0, 0, 0]
0 32 [1, 28, 0, 0, 0, 24, 0, 94, 0]
0 33 [4100, 0, 0, 0, 0, 0, 0, 4847, 2376, 0, 0, 0]
0 34 [12, 12, 4323, 0, 40, 0, 0, 0, 0, 0, 0, 0, 0, 0, 0]
0 35 [0, 0, 24, 7350, 242, 0, 0, 0, 0]
0 36 [0, 6525, 151, 75, 50, 0, 0, 0, 0, 0, 0, 0, 0]
0 37 [2600, 2664, 100, 0, 2, 50, 90, 0, 50, 15900, 236, 37]
0 38 [0, 12150, 0, 0, 0, 390, 0, 0, 7600, 0, 0]
0 39 [1, 0, 0, 5, 12, 0, 0, 0, 2150, 0, 60, 2738, 0, 0]
0 40 [0, 7800, 0, 0, 0, 0, 6, 150, 0, 0, 0]
0 41 [25, 0, 9200, 0, 0, 0, 50, 3975, 66, 0, 0, 0, 3225, 12589, 139, 0, 0, 0, 0]
0 42 [0, 0, 62, 138, 0, 0, 0, 0, 3465, 350, 0, 0]
0 43 [75, 6600, 0, 0, 25, 7500, 0, 0, 0, 75, 0, 4958, 58, 0, 0, 0]
0 44 [1, 100, 3200, 50, 0, 74, 10, 74, 1100, 0, 0, 100, 0, 0, 0, 6650, 0, 0]
0 45 [13000, 0, 9200, 15, 0, 0, 50, 0, 0, 4847, 0, 0]
0 46 [6, 12, 0, 138, 26, 14, 0, 0, 41, 4050, 0, 0]
0 47 [2875, 0, 0, 12300, 0, 0, 0, 0, 0, 0, 0, 0, 0, 0, 0]
0 48 [56, 0, 0, 0, 29, 0, 51, 0, 0, 0, 0, 89, 12600, 72, 0, 4662, 0, 0]
0 49 [5, 18150, 0, 1, 0, 0, 50, 0, 0, 0, 0, 0, 0]
