288
2501
1783
75
[25]
[]
0 0 [0, 150, 0, 0, 594, 0, 100, 375, 200]
0 1 [50, 450, 400, 525, 0, 0, 429, 50, 0, 50, 0, 300, 50]
0 2 [1200, 925, 850, 259, 1000, 0, 375, 300, 1000, 0, 175, 75]
0 3 [275, 0, 250, 0, 33, 300, 600, 0, 0, 0, 950, 300, 891, 0, 363, 0, 0, 0]
0 4 [300, 75, 25, 0, 0, 37, 1400, 0, 825, 0, 0, 0, 375, 185, 1000]
0 5 [330, 0, 33, 0, 957, 0, 700, 1200, 0, 1350, 0, 150, 375, 0, 250, 225, 0, 50]
0 6 [198, 450, 594, 0, 429, 0, 1050, 37, 0, 0, 1900]
0 7 [200, 0, 2300, 0, 132, 0]
0 8 [75, 0, 75, 0, 1600, 0, 693, 150, 1200, 0, 600, 0, 275, 300, 330, 185, 125, 0]
0 9 [198, 0, 0, 0, 375, 0, 2200, 0, 225, 111, 400, 0, 0, 100, 1800, 1200, 800, 0]
0 10 [700, 0, 0, 50, 550, 0, 825, 600, 1700, 2100, 2000, 0, 1150]
0 11 [350, 0, 66, 450, 2200, 407, 0, 74, 2200, 222, 0, 0, 594, 0, 330, 0]
0 12 [462, 0, 132, 0, 2700, 0, 400, 50, 550, 0, 363]
0 13 [0, 450, 0, 0, 325, 0, 150, 0, 250, 0, 495]
0 14 [600, 0, 66, 0, 0, 0, 450, 0, 627, 259]
0 15 [400, 0, 1350, 0, 0, 0, 400, 0, 100, 0]
0 16 [0, 0, 924, 259, 150, 0, 726, 2400, 550, 0, 0, 0]
0 17 [100, 50, 561, 0, 0, 0, 700, 2100, 0, 675, 1050, 450, 500, 0, 429, 0]
0 18 [0, 74, 33, 0, 750, 300, 0, 0, 0, 0, 1150, 0, 0, 0, 200, 0, 150]
0 19 [0, 0, 100, 0, 561, 259, 0, 629, 400, 525, 0, 150, 275, 0, 700]
0 20 [429, 0, 125, 0, 33, 0, 462, 1350, 150, 333, 350, 0, 132, 50, 400, 375, 132]
0 21 [500, 0, 900, 500, 0, 0, 700, 629, 891, 185, 425, 0, 1056, 600]
0 22 [700, 50, 924, 37, 0, 148, 400, 0, 325, 0]
0 23 [600, 0, 600, 0, 0, 0, 575, 300, 500, 0, 0, 0]
0 24 [200, 750, 375, 0, 330, 0, 1075, 0, 200]
75 25 [700, 75, 850, 888, 2200, 900, 1425]
0 26 [0, 0, 0, 74, 561, 0, 2200, 500, 2250, 0]
0 27 [1000, 0, 50, 75, 759, 0, 450, 0, 594, 0, 1400, 200, 900, 0, 363, 0, 150]
0 28 [0, 0, 330, 0, 660, 550, 660, 0, 900, 0]
0 29 [100, 300, 1300, 3300, 0, 444, 627, 375, 0, 0, 297, 0]
0 30 [1400, 0, 0, 0, 2100, 0, 0, 0, 150, 400, 250, 0]
0 31 [900, 0, 0, 0, 475, 675, 475, 0, 0, 0, 2300, 750, 0, 0, 2900, 50]
0 32 [200, 0, 2900, 37, 0, 0, 1800, 450, 0, 600, 500, 50, 33]
0 33 [1100, 37, 1150, 518, 850, 0, 550, 0]
0 34 [200, 0, 1100, 400, 0, 200, 1600, 0, 300, 0]
0 35 [250, 0, 50, 0, 957, 50, 0, 0, 0, 0, 1500, 375, 0, 0, 0, 74, 0]
0 36 [450, 150, 0, 0, 625, 814, 650, 75, 627, 0, 0]
0 37 [1050, 2700, 0, 0, 600, 350, 75, 0, 0, 37, 0, 0, 225, 0]
0 38 [500, 0, 0, 0, 0, 300, 0, 0, 0, 1350, 1089, 375, 297, 0, 25]
0 39 [165, 75, 0, 0, 0, 150, 0, 444, 0, 0, 363, 0, 1452, 0, 1100, 150, 0, 0]
0 40 [0, 0, 425, 825, 400, 0, 1300, 296, 627, 0, 5000, 0, 2200, 0]
0 41 [50, 0, 0, 0, 725, 450, 1500, 225, 0]
0 42 [0, 200, 900, 300, 200, 111, 800, 750, 900, 0, 300]
0 43 [800, 0, 0, 0, 400, 0, 495, 1050, 0]
0 44 [165, 0, 500, 0, 325, 825, 300, 444, 726, 259, 363, 0, 500, 1050]
0 45 [0, 0, 297, 0, 1650, 500, 0, 1500, 400, 0, 0, 150, 1000, 0, 600]
0 46 [396, 1050, 225, 0, 0, 50, 350, 0, 0, 150]
0 47 [100, 0, 726, 296, 429, 370, 660, 50, 660, 600]
0 48 [231, 0, 0, 0, 750, 1500, 350, 0, 1100, 300, 125, 0, 0]
0 49 [150, 0, 300, 0, 600, 150, 660, 300, 0, 0, 2013, 148, 0, 0]
