288
721
0
2869
[14]
[]
0 0 [150, 0, 0, 0, 0, 0, 0, 2072, 0, 0, 0, 66, 66]
0 1 [0, 39, 0, 50, 0, 87, 472, 0]
0 2 [33, 0, 0, 0, 0, 0, 0, 0, 0, 205, 0, 1, 0]
0 3 [200, 114, 66, 0, 0, 88, 78, 18, 2, 0, 0, 0, 0, 888, 0, 0]
0 4 [0, 0, 102, 5100, 0, 0, 0, 8196, 0, 110, 0, 17, 0, 148, 104, 0, 0, 0]
0 5 [148, 75, 0, 0, 34, 0, 462, 0, 0, 0, 133, 142, 25]
0 6 [3300, 3, 130, 0, 0, 0, 0, 2100, 0]
0 7 [0, 100, 0, 1986, 1302, 2033, 0, 74, 0, 0]
0 8 [0, 5400, 20, 20, 33, 2661, 0, 0, 50, 207, 1261, 0, 0, 0, 0]
0 9 [0, 24, 188, 1221, 0, 0, 0, 0, 0, 300, 300, 0, 0]
0 10 [0, 0, 0, 0, 0, 2, 0]
0 11 [0, 0, 0, 0, 0, 30, 0, 0]
0 12 [0, 75, 0, 10, 0, 1221, 0, 0, 0, 1517, 0, 2]
0 13 [0, 96, 0, 11792, 3600, 0, 69, 0, 0, 37, 0]
2869 14 [5800, 4000, 2902, 3902, 4550, 2869]
0 15 [122, 78, 0, 1982, 885, 41, 0, 37, 0, 150, 184, 1550, 0, 150]
0 16 [45, 37, 200, 100, 0, 83, 0, 0, 0, 43, 41]
0 17 [0, 0, 0, 2, 1300, 0, 25, 0, 50, 1369, 0, 0, 0]
0 18 [0, 0, 6, 0, 0, 10, 3304, 50, 256, 0, 0]
0 19 [0, 0, 0, 0, 0, 0, 0, 0, 0, 0, 99, 0, 2]
0 20 [100, 0, 0, 0, 0, 0, 0, 2, 0, 175, 1485, 0, 0]
0 21 [0, 0, 0, 0, 0, 1352, 0, 0, 50, 0, 0, 128, 900, 0]
0 22 [0, 0, 0, 0, 0, 0, 0, 37, 0, 0, 253, 6450, 0, 0, 0]
0 23 [48, 0, 0, 0, 0, 0, 429, 8, 0, 10, 6, 0, 33, 0, 50, 1144, 0, 0]
0 24 [48, 0, 0, 23, 0, 1947, 0, 0, 200, 410, 0, 3463, 0, 0, 0, 2]
0 25 [0, 0, 0, 0, 4, 0, 25, 52, 33, 0]
0 26 [0, 8, 57, 19, 0, 100, 1221]
0 27 [66, 0, 1401, 0, 315, 2181, 0, 0]
0 28 [0, 0, 6, 0, 6]
0 29 [0, 0, 2310, 0, 0, 407, 44, 450, 51, 150]
0 30 [74, 0, 0, 0, 0, 0, 0, 3150, 0, 0, 0, 0, 0]
0 31 [0, 0, 0, 151, 5810, 0, 924]
0 32 [25, 0, 104, 46, 168, 0, 120, 150, 1175, 5551, 0, 4, 0]
0 33 [0, 0, 0, 1152, 1309, 23, 100, 75, 26, 74, 1584, 0, 0, 6]
0 34 [200, 0, 0, 0, 0, 0, 9, 0, 150, 0, 0, 0]
0 35 [3670, 0, 0, 0, 0, 2855, 0, 14]
0 36 [25, 1875, 0, 39, 52, 0, 0, 0, 45, 2850, 2638, 0, 0, 120]
0 37 [0, 0, 6, 0, 0, 666, 0, 7, 0, 0, 4, 66, 2450, 8]
0 38 [0, 0, 6, 0, 2422, 0, 396, 0, 0, 0, 0, 0, 0, 18, 0, 0]
0 39 [24, 0, 6500, 0, 7, 0, 0, 0, 0, 0, 1, 0]
0 40 [37, 0, 3000, 0, 33, 0, 113, 0, 0, 69, 1023, 0, 33]
0 41 [0, 0, 0, 37, 2145, 9, 850, 1, 0, 4, 0, 0, 0, 0]
0 42 [25, 0, 0, 0, 0, 0, 0, 0, 0, 0, 51, 0]
0 43 [100, 50, 0, 0, 0, 0, 32, 300, 0, 102, 1419, 0]
0 44 [148, 50, 0, 0, 0, 0, 0, 2046, 1501, 0]
0 45 [203, 0, 0, 0, 0, 151, 0, 2095, 0, 150, 0, 0]
0 46 [0, 150, 0, 0, 0, 200, 0, 0, 20759, 0, 0, 29, 0, 86, 0]
0 47 [25, 4, 0, 0, 75, 3062, 0, 1]
0 48 [0, 3700, 3202, 0, 57, 75, 202, 69]
0 49 [0, 0, 2541, 11, 0, 0, 5511, 4, 0, 0, 0, 0]
