288
2501
844
0
[]
[]
0 0 [0, 0, 0, 0, 350, 2925, 25, 1221, 0, 5400, 0, 0, 0, 0, 0, 0, 0, 650, 0]
0 1 [0, 0, 0, 0, 1584, 0, 3450, 0, 0, 9300, 6450, 0, 200, 0, 0, 0, 0, 0]
0 2 [66, 0, 66, 0, 0, 0, 0, 0, 0]
0 3 [0, 0, 25, 0, 0, 0, 0, 3000, 2400, 0, 50, 0, 0, 0, 924, 0]
0 4 [0, 0, 0, 0, 0, 1036, 0, 0, 0]
0 5 [0, 0, 0, 0, 0, 0, 0, 0, 0, 450, 66, 0]
0 6 [300, 0, 0, 3525, 0, 4900, 0, 0, 0, 0, 0, 0, 0, 0]
0 7 [0, 0, 0, 1875, 99, 0, 0, 148, 0]
0 8 [0, 0, 0, 0, 0, 0, 0, 0, 2145, 0, 0, 0]
0 9 [0, 0, 950, 0, 0, 0, 0, 0, 0, 0, 0]
0 10 [33, 150, 0, 0, 0, 1350]
0 11 [150, 74, 0, 2109, 5600, 0, 0, 0, 0, 0, 33, 0, 100]
0 12 [0, 300, 0, 0, 0, 0, 0, 7650, 0, 555, 0, 0, 100, 0, 0, 0, 0]
0 13 [0, 1332, 0, 0, 0, 0, 0, 0, 0]
0 14 [0, 0, 0, 0, 0, 0, 100, 111, 0, 0, 0, 0, 1200, 0]
0 15 [200, 0, 1400, 0, 0, 0, 0, 0, 0, 37, 0, 0]
0 16 [100, 37, 0, 0, 0, 0, 0, 7800, 0, 75, 0, 2950, 33]
0 17 [0, 0, 350, 1295, 0, 0, 0, 2400, 0, 0, 0, 300, 0, 0, 0, 0]
0 18 [1900, 2475, 2607, 3774, 2150, 150, 3350, 750, 0]
0 19 [100, 0, 0, 0, 0, 0]
0 20 [0, 0, 0, 0, 0, 2109, 0, 1400, 300, 0, 0, 0, 0, 814, 0]
0 21 [0, 0, 0, 2650, 3150, 0, 0, 0, 0, 0, 2300, 0, 0]
0 22 [0, 0, 0, 0, 0, 0, 0, 1950, 0, 0, 100]
0 23 [0, 0, 25, 0, 0, 0, 0, 0, 4700, 0, 0, 0, 33, 1050, 0]
0 24 [200, 0, 0, 0, 0, 7650, 0]
0 25 [25, 0, 0, 75, 0, 0, 0, 0, 50, 0]
0 26 [0, 0, 0, 0, 2300, 0, 0, 0, 3150, 0, 0, 0, 0]
0 27 [0, 0, 33, 1554, 0, 0, 2673, 0, 175, 0, 0, 0, 0, 0, 0, 0, 0, 0]
0 28 [0, 0, 0, 0, 99, 0, 0, 0, 250, 0]
0 29 [0, 0, 5100, 0, 0, 600, 50, 0, 0, 0, 0, 2183, 0]
0 30 [100, 0, 200, 0, 0, 0, 0, 1221, 0, 3600, 0]
0 31 [100, 1332, 50, 0, 2079, 0, 0, 0, 0, 37, 0, 975, 0]
0 32 [0, 0, 2975, 0, 0, 0, 33, 0, 0]
0 33 [0, 37, 0, 0, 0, 225, 0, 0, 0, 0, 0]
0 34 [0, 150, 1125, 0, 0, 3600, 2550, 4050, 0, 0, 0, 0]
0 35 [0, 3000, 0, 0, 200, 0, 0, 0, 0, 0]
0 36 [0, 0, 33, 0, 1287, 0, 0, 5250, 0, 0, 5850, 0, 0]
0 37 [132, 0, 0, 0, 0, 0]
0 38 [0, 0, 0, 5325, 75, 0, 0, 0]
0 39 [0, 0, 0, 1875, 0, 75, 0, 0]
0 40 [0, 0, 225, 0, 33, 0, 0, 0, 0, 0, 1500, 0, 0]
0 41 [1650, 0, 0, 0, 0, 0, 0, 0, 0, 675, 25, 0, 0, 0, 2950, 0]
0 42 [0, 0, 0, 15750, 0, 0, 0, 0, 0]
0 43 [0, 0, 0, 0, 0, 0, 0, 0, 0, 0, 1100, 0]
0 44 [0, 150, 0, 0, 0, 1875, 0, 0, 0]
0 45 [0, 0, 10800, 0, 1782, 0, 0, 0, 0, 0]
0 46 [0, 0, 4500, 0, 1100, 0, 3300, 0, 858, 0, 0]
0 47 [0, 0, 0, 0, 0, 0, 2112, 0, 0, 0, 0, 0, 0, 0]
0 48 [0, 0, 0, 0, 0, 3075, 550, 150, 0, 0, 2950, 0, 0]
0 49 [0, 5550, 25, 0, 3000, 0, 3250, 0, 1200, 9600, 0, 555, 0]
