288
2501
1983
0
[]
[]
0 0 [500, 0, 1000, 0, 1300, 300, 700, 333, 1150]
0 1 [0, 0, 0, 75, 125, 0, 600, 0, 1200, 0, 0]
0 2 [50, 0, 0, 75, 100, 0, 264, 0, 33, 0, 275, 50, 66, 0, 1400, 185]
0 3 [165, 0, 132, 0, 100, 0, 300, 0, 1300, 0, 350, 50, 1600, 0, 0]
0 4 [0, 225, 100, 37, 300, 0, 200, 0, 950, 0, 250]
0 5 [0, 0, 600, 0, 0, 37, 0, 0, 1100, 0, 0, 0, 50]
0 6 [250, 0, 0, 0, 33, 0, 25, 0, 1350, 0, 300, 0]
0 7 [50, 0, 600, 0, 150, 0, 200, 0, 125]
0 8 [250, 0, 600, 0, 0, 0, 0, 0, 25, 0]
0 9 [0, 0, 50, 0, 850, 0, 1600, 1050]
0 10 [100, 0, 0, 0, 500, 100, 231, 0, 0, 1200, 250, 0, 99]
0 11 [0, 0, 50, 0, 700, 0, 1600, 0]
0 12 [0, 0, 100, 0, 350, 0, 0, 225, 50, 75, 0, 250]
0 13 [0, 0, 0, 0, 198, 0, 100, 0, 264, 0, 100, 0]
0 14 [0, 300, 425, 150, 0, 0, 50, 0, 0, 0, 500, 0, 300]
0 15 [100, 0, 200, 600, 500, 0, 600, 0, 50]
0 16 [0, 0, 300, 0, 1300, 600, 100, 0, 0, 0, 150, 0, 0]
0 17 [600, 0, 0, 74, 500, 0, 100, 0, 0, 0, 200, 0, 100, 0, 150, 0]
0 18 [75, 450, 150, 0, 375, 0, 33, 0, 400, 0, 50, 74, 0, 0]
0 19 [0, 0, 99, 0, 150, 0, 100, 0]
0 20 [0, 0, 100, 0, 300, 0, 2600]
0 21 [561, 50, 0, 0, 150, 0, 200, 0, 2400, 0, 200]
0 22 [325, 0, 0, 0, 400, 450, 650, 0, 0, 0, 25, 100, 0, 0, 66, 0, 165]
0 23 [0, 0, 650, 0, 200, 0, 200, 0, 600, 0]
0 24 [50, 0, 0, 0, 700, 0, 25, 150, 0]
0 25 [200, 0, 75, 0, 0, 150, 0, 200, 165, 0, 0]
0 26 [0, 0, 0, 300, 0, 75, 1100, 0, 0, 0, 1150]
0 27 [0, 75, 375, 0, 125, 0, 0, 0, 800, 50, 100, 0, 200, 0, 75, 0]
0 28 [0, 150, 100, 0, 0, 0, 363, 0, 200, 0, 675, 0, 100, 0]
0 29 [0, 0, 100, 0, 2900, 0, 300]
0 30 [50, 0, 225, 37, 0, 0, 0, 450, 1600, 0, 150, 37, 200, 0, 792, 148, 400, 0, 99]
0 31 [0, 0, 500, 0, 0, 0, 300, 0, 825, 0]
0 32 [0, 0, 25, 0, 330, 0, 700, 0, 0, 0, 726, 0, 25]
0 33 [0, 0, 25, 75, 33, 0, 0, 50, 0]
0 34 [0, 0, 0, 37, 100, 450, 132, 50, 0, 0]
0 35 [0, 0, 0, 0, 700, 0, 25, 50, 200, 0, 100, 0, 0, 0]
0 36 [0, 0, 200, 0, 0, 0, 66, 37, 75, 0, 0]
0 37 [0, 0, 66, 100, 0, 0, 75, 0, 0, 0, 0, 0, 250, 0, 50, 0]
0 38 [50, 0, 0, 225, 0, 0, 132, 150, 250, 75]
0 39 [528, 50, 750, 150, 0, 0, 0, 0]
0 40 [0, 0, 0, 0, 0, 0, 100, 0, 2700, 400, 500, 0]
0 41 [400, 150, 350, 0, 900, 0, 1350]
0 42 [0, 0, 100, 37, 300, 0, 25, 0, 0, 150, 99, 0, 50, 0]
0 43 [0, 0, 0, 150, 0, 0, 0, 0, 0, 75, 66, 0, 100, 0, 675, 0, 0, 0]
0 44 [0, 0, 0, 0, 0, 0, 200, 0, 0, 0]
0 45 [0, 0, 0, 0, 400, 0, 50, 450, 198, 0, 0, 0, 429, 0, 2600, 0, 165]
0 46 [330, 0, 0, 50, 0, 0, 0, 0, 50, 75, 300]
0 47 [0, 0, 0, 300, 125, 0, 0, 50, 66, 0, 0]
0 48 [0, 0, 0, 0, 0, 0, 0, 0, 1250, 0, 400]
0 49 [0, 0, 0, 300, 700, 0, 25, 150, 50, 0, 0]
