288
721
53628
0
[]
[]
0 0 [0, 0, 10, 0, 61, 2250, 18, 1258, 0, 4200, 0, 0, 0, 0, 0, 0, 0, 636, 0]
0 1 [0, 0, 0, 0, 1024, 0, 1900, 0, 0, 8700, 2950, 0, 238, 0, 0, 0, 0, 75]
0 2 [44, 184, 99, 10, 0, 0, 0, 0, 123]
0 3 [0, 0, 0, 0, 0, 0, 0, 3781, 2200, 0, 151, 0, 0, 0, 512, 12]
0 4 [0, 18, 0, 0, 0, 1554, 0, 2, 0]
0 5 [0, 0, 0, 37, 0, 0, 0, 0, 1, 1018, 24, 2]
0 6 [240, 0, 0, 4575, 0, 2950, 0, 0, 60, 0, 0, 0, 0, 0]
0 7 [0, 75, 0, 2626, 66, 0, 0, 85, 0]
0 8 [0, 27, 0, 0, 0, 0, 0, 0, 1815, 0, 0, 0]
0 9 [0, 0, 950, 0, 0, 0, 19, 0, 0, 79, 0]
0 10 [10, 0, 0, 0, 0, 2702]
0 11 [24, 0, 0, 2553, 3801, 0, 0, 0, 0, 0, 0, 0, 24]
0 12 [68, 150, 0, 0, 0, 0, 0, 5175, 0, 437, 0, 0, 20, 0, 0, 0, 0]
0 13 [0, 2072, 0, 0, 0, 0, 0, 0, 0]
0 14 [0, 48, 0, 0, 0, 0, 0, 37, 2, 0, 0, 0, 703, 0]
0 15 [165, 0, 1025, 0, 0, 0, 0, 0, 0, 37, 0, 0]
0 16 [2, 37, 0, 15, 0, 0, 0, 5400, 0, 195, 0, 3550, 0]
0 17 [51, 0, 216, 1443, 0, 32, 0, 2400, 0, 75, 0, 826, 50, 0, 72, 0]
0 18 [1900, 3300, 2112, 2146, 1800, 150, 2700, 1390, 0]
0 19 [100, 0, 0, 30, 0, 0]
0 20 [0, 528, 0, 0, 0, 2590, 0, 1950, 150, 0, 0, 0, 0, 649, 0]
0 21 [0, 0, 0, 3300, 1600, 0, 0, 0, 0, 0, 1356, 0, 13]
0 22 [0, 0, 0, 0, 0, 0, 25, 2932, 0, 0, 0]
0 23 [0, 50, 50, 0, 0, 0, 0, 0, 3200, 0, 0, 0, 33, 915, 0]
0 24 [500, 0, 0, 0, 0, 10050, 24]
0 25 [33, 0, 0, 75, 0, 20, 9, 0, 33, 0]
0 26 [0, 86, 0, 0, 1650, 0, 0, 0, 2850, 0, 8, 0, 0]
0 27 [0, 0, 9, 1518, 0, 0, 1815, 0, 150, 0, 0, 0, 0, 0, 0, 0, 0, 0]
0 28 [0, 0, 0, 0, 10, 0, 0, 0, 150, 34]
0 29 [0, 61, 4400, 0, 0, 825, 59, 0, 16, 0, 0, 2035, 0]
0 30 [69, 0, 200, 0, 0, 0, 0, 1406, 0, 4125, 0]
0 31 [50, 1554, 100, 78, 1552, 0, 0, 0, 0, 37, 0, 1481, 0]
0 32 [0, 0, 1947, 0, 0, 0, 4, 0, 0]
0 33 [20, 182, 0, 0, 0, 339, 0, 0, 0, 0, 0]
0 34 [8, 143, 1350, 0, 0, 5400, 1648, 6150, 0, 0, 0, 0]
0 35 [0, 3300, 0, 0, 113, 0, 0, 0, 0, 0]
0 36 [0, 0, 20, 0, 1584, 0, 0, 8250, 0, 0, 3850, 0, 0]
0 37 [43, 0, 0, 0, 0, 2]
0 38 [0, 0, 0, 5025, 72, 0, 0, 0]
0 39 [0, 0, 0, 3225, 0, 0, 0, 4]
0 40 [0, 0, 250, 0, 0, 0, 19, 0, 0, 0, 966, 0, 8]
0 41 [2300, 0, 0, 0, 0, 0, 0, 0, 0, 750, 25, 0, 0, 0, 3167, 0]
0 42 [0, 0, 0, 9900, 0, 0, 0, 0, 0]
0 43 [0, 0, 0, 0, 0, 0, 0, 0, 0, 0, 944, 4]
0 44 [0, 1, 0, 0, 0, 2550, 0, 0, 0]
0 45 [0, 0, 5400, 0, 993, 0, 0, 0, 0, 0]
0 46 [0, 0, 3300, 0, 800, 9, 2350, 0, 512, 0, 4]
0 47 [0, 0, 0, 0, 0, 10, 1518, 0, 0, 0, 9, 0, 0, 0]
0 48 [0, 10, 0, 0, 0, 3225, 401, 96, 0, 0, 3350, 9, 0]
0 49 [0, 6150, 25, 0, 2050, 0, 1525, 0, 1100, 8551, 0, 617, 0]
