288
2501
655
0
[]
[]
0 0 [0, 225, 75, 0, 3700, 0, 0, 0, 1188, 111]
0 1 [0, 0, 175, 0, 400, 0, 231, 0, 0, 0, 0, 0, 0, 0, 0, 0, 1400]
0 2 [0, 0, 150, 0, 0, 0, 0, 0, 0, 0, 0, 0, 600, 0]
0 3 [0, 0, 0, 0, 500, 0, 0, 0, 0, 0, 0, 75, 0, 0]
0 4 [0, 300, 0, 0, 0, 0, 0, 0, 0, 0, 1500]
0 5 [0, 0, 500, 0, 0, 0, 0, 0, 25, 0, 0, 0, 400]
0 6 [0, 0, 200, 74, 0, 0, 0, 0, 0, 0, 0, 0, 1600, 0]
0 7 [0, 0, 0, 150, 0, 0, 0, 0, 0, 0, 1100, 0, 0, 0, 0, 0, 0, 0, 0]
0 8 [0, 0, 0, 375, 0, 0, 0, 0, 0, 0, 0, 0, 0, 0, 1221, 0]
0 9 [600, 0, 0, 0, 0, 0, 0, 0, 0, 0, 600, 0]
0 10 [0, 100, 0, 0, 0, 0, 0, 0, 0, 0, 0, 0, 0, 0, 0, 50]
0 11 [0, 0, 400, 0, 350, 0, 0, 0, 0, 0]
0 12 [0, 150, 0, 50, 0, 0]
0 13 [0, 0, 0, 450, 0, 0, 550, 200, 0, 0, 0, 0, 0, 0, 1122, 0]
0 14 [0, 0, 0, 100, 0, 0, 0, 0, 0, 0, 0, 0, 0, 0, 0]
0 15 [0, 0, 0, 0, 0, 0, 0, 0, 0, 0, 0, 0, 0, 0, 0]
0 16 [0, 0, 0, 0, 0, 0, 0, 0, 0, 0, 800, 0, 650]
0 17 [0, 0, 0, 450, 125, 0, 75, 0, 0, 0, 3000, 150]
0 18 [0, 0, 132, 0, 0, 0, 0, 0, 0]
0 19 [0, 0, 0, 0, 0, 0, 0, 0, 0, 0, 0, 0, 0, 0]
0 20 [0, 450, 0, 0, 200, 0, 0, 0, 0, 0, 0, 0, 900, 0]
0 21 [0, 0, 0, 111, 0, 0, 0, 0, 0, 0, 0, 0, 0, 0]
0 22 [0, 0, 0, 0, 0, 225, 2000, 0, 0, 0, 0, 0, 1050, 0, 0, 0, 350, 0]
0 23 [165, 37, 0, 0, 0, 0, 0, 0, 0, 0, 0, 0]
0 24 [0, 0, 0, 0, 75, 0, 0, 0, 0, 0, 0, 0, 0]
0 25 [0, 0, 400, 148, 0, 0, 0, 0, 0, 0, 0, 0, 0, 0, 0, 0, 0]
0 26 [0, 0, 0, 0, 0, 0, 0, 0]
0 27 [0, 0, 0, 75, 0, 0, 0, 0, 0, 0]
0 28 [100, 0, 0, 0, 0, 0, 0, 0, 0, 0, 0, 0, 800, 0]
0 29 [0, 0, 0, 0, 0, 0, 0, 0, 0, 0, 0, 0, 0, 0, 950]
0 30 [0, 0, 231, 0, 0, 0, 0, 0, 0, 0, 700]
0 31 [0, 150, 0, 0, 0, 0, 850]
0 32 [0, 0, 0, 0, 0, 0, 0, 0, 0, 0, 0, 0, 0, 0, 450, 0]
0 33 [0, 0, 0, 0, 0, 0, 0, 0, 0]
0 34 [0, 111, 0, 0, 0, 0, 0, 0, 2300, 0, 429]
0 35 [50, 0, 0, 0, 0, 0, 0, 0]
0 36 [0, 0, 100, 0, 0, 0, 0, 0, 0, 0, 0, 0]
0 37 [0, 0, 0, 225, 0, 0, 0, 0, 0, 0, 0, 0, 0]
0 38 [0, 0, 75, 0, 50, 0, 200, 0, 0, 0, 0, 0, 0, 0]
0 39 [0, 0, 0, 0, 0, 75, 0, 0, 50, 0, 0, 0, 0, 0]
0 40 [0, 0, 125, 0, 0, 0, 1155, 0, 300, 0, 2100, 0]
0 41 [0, 0, 0, 600, 0, 0, 0, 0, 0, 0, 375]
0 42 [0, 0, 0, 0, 800, 0, 0, 0, 0, 0, 0, 0, 0, 0, 0]
0 43 [0, 200, 0, 0, 627, 0, 0, 75, 0, 0, 0, 100, 0, 0]
0 44 [33, 0, 0, 0, 0, 0, 0, 0, 0, 0, 0, 0, 0, 0, 2500, 0]
0 45 [0, 0, 264, 0, 0, 0, 0, 0, 0, 0, 0, 0, 0]
0 46 [0, 0, 231, 0, 594, 0, 0, 0, 0, 0, 0, 0, 0]
0 47 [0, 0, 0, 0, 0, 0, 0, 0, 0, 0]
0 48 [800, 0, 0, 0, 0, 0, 0, 0, 0, 0, 900]
0 49 [0, 0, 700, 0, 0, 0, 0, 0, 0, 0, 0, 0, 0, 0, 0, 0, 0, 150, 0]
