288
2501
1342
650
[14]
[]
0 0 [0, 0, 0, 0, 0, 0, 0, 1036, 0, 0, 0, 0, 33]
0 1 [0, 0, 0, 0, 0, 37, 500, 0]
0 2 [66, 0, 0, 0, 33, 0, 0, 0, 200, 150, 0, 0, 33]
0 3 [200, 0, 66, 0, 0, 0, 25, 0, 0, 0, 0, 0, 0, 1332, 0, 0]
0 4 [0, 0, 500, 3900, 0, 0, 0, 18150, 0, 0, 33, 0, 0, 37, 330, 0, 0, 0]
0 5 [200, 0, 0, 0, 200, 0, 660, 0, 50, 0, 500, 0, 25]
0 6 [4700, 0, 100, 0, 0, 0, 0, 2400, 0]
0 7 [100, 0, 0, 2325, 1900, 4625, 0, 0, 0, 0]
0 8 [0, 5250, 0, 0, 33, 6500, 0, 0, 99, 0, 1485, 0, 0, 0, 0]
0 9 [0, 0, 400, 1073, 50, 0, 0, 0, 0, 150, 100, 0, 50]
0 10 [0, 0, 0, 0, 0, 0, 25]
0 11 [50, 0, 200, 37, 75, 0, 0, 0]
0 12 [0, 0, 0, 0, 0, 1369, 100, 0, 0, 1443, 0, 0]
0 13 [0, 0, 0, 7950, 3900, 0, 150, 0, 0, 37, 0]
650 14 [4250, 1700, 650, 4255, 2150, 1147]
0 15 [0, 0, 0, 1550, 750, 0, 0, 0, 0, 0, 250, 1036, 0, 0]
0 16 [25, 0, 400, 0, 0, 0, 0, 0, 0, 0, 0]
0 17 [0, 50, 0, 0, 2000, 0, 25, 0, 100, 1406, 0, 0, 0]
0 18 [0, 0, 0, 0, 0, 0, 6300, 0, 700, 0, 100]
0 19 [0, 0, 0, 0, 0, 0, 200, 0, 0, 0, 150, 0, 100]
0 20 [0, 0, 0, 0, 0, 0, 0, 0, 0, 0, 1914, 0, 0]
0 21 [0, 0, 0, 0, 0, 2550, 0, 0, 400, 0, 0, 0, 1425, 0]
0 22 [0, 0, 0, 0, 0, 0, 0, 37, 0, 0, 400, 6600, 0, 0, 0]
0 23 [500, 0, 0, 0, 0, 0, 594, 0, 0, 0, 0, 0, 0, 0, 125, 1480, 0, 0]
0 24 [100, 0, 0, 0, 0, 4588, 0, 0, 300, 150, 0, 6000, 0, 0, 0, 0]
0 25 [0, 0, 0, 0, 50, 0, 100, 0, 99, 0]
0 26 [0, 0, 100, 0, 0, 0, 1386]
0 27 [0, 0, 2050, 0, 600, 3075, 0, 0]
0 28 [0, 0, 25, 0, 50]
0 29 [0, 0, 2739, 0, 0, 518, 75, 0, 150, 0]
0 30 [0, 0, 0, 0, 0, 0, 0, 2475, 0, 0, 0, 0, 66]
0 31 [0, 0, 25, 0, 13100, 0, 1122]
0 32 [50, 0, 200, 0, 100, 0, 0, 0, 1450, 5700, 0, 0, 0]
0 33 [300, 0, 0, 1332, 3650, 0, 500, 75, 50, 0, 1980, 0, 0, 0]
0 34 [100, 0, 0, 0, 0, 0, 50, 0, 100, 0, 0, 0]
0 35 [3600, 0, 0, 0, 0, 2400, 0, 0]
0 36 [0, 2325, 0, 0, 100, 0, 0, 0, 150, 3900, 3600, 0, 0, 0]
0 37 [0, 0, 33, 0, 0, 703, 0, 0, 33, 0, 25, 0, 2900, 0]
0 38 [0, 0, 0, 0, 3900, 0, 825, 0, 0, 0, 33, 0, 100, 0, 0, 0]
0 39 [50, 0, 9100, 0, 0, 0, 0, 0, 0, 0, 0, 0]
0 40 [0, 0, 4200, 0, 66, 0, 0, 0, 0, 0, 1188, 0, 66]
0 41 [0, 0, 0, 37, 2475, 0, 850, 0, 0, 0, 0, 0, 0, 0]
0 42 [50, 0, 0, 0, 0, 0, 0, 0, 0, 0, 150, 0]
0 43 [100, 0, 0, 0, 0, 0, 0, 450, 0, 0, 1947, 0]
0 44 [300, 0, 0, 0, 0, 0, 0, 2050, 1350, 0]
0 45 [400, 0, 0, 0, 0, 0, 0, 3811, 0, 0, 0, 0]
0 46 [0, 0, 0, 0, 0, 200, 33, 0, 200, 0, 0, 0, 0, 50, 0]
0 47 [150, 0, 25, 0, 75, 2400, 100, 0]
0 48 [0, 3600, 3600, 0, 50, 0, 600, 0]
0 49 [0, 0, 3168, 0, 0, 0, 14400, 0, 0, 0, 0, 0]
