288
2501
2075
0
[]
[]
0 0 [400, 0, 33, 0, 700, 150, 1100, 0, 550, 0, 0, 0, 100, 0, 500, 0]
0 1 [75, 0, 0, 37, 75, 74, 575, 0, 0, 0, 550, 0, 0, 0, 100]
0 2 [200, 0, 200, 1200, 600, 0, 99, 0, 0, 0, 0]
0 3 [0, 0, 0, 150, 650, 0, 2300, 0, 400, 0, 0, 0]
0 4 [100, 0, 450, 0, 0, 0, 1452, 0, 200, 0, 225, 200, 0, 0, 132]
0 5 [450, 0, 0, 0, 650, 222, 0, 0, 150, 148, 300]
0 6 [264, 0, 429, 0, 0, 350, 330, 150]
0 7 [700, 0, 0, 0, 0, 550, 0, 0, 25, 600, 350, 0, 165, 0]
0 8 [150, 0, 1200, 0, 627, 0, 594, 0, 300, 0, 1700, 0]
0 9 [300, 825, 950, 0, 0, 0, 0, 0, 0, 111, 165, 150, 132]
0 10 [325, 375, 325, 100, 495, 0, 297, 0, 627, 0, 300, 150]
0 11 [125, 333, 33, 300, 200, 450, 0, 0, 0, 37, 0, 200]
0 12 [450, 0, 25, 0, 0, 500, 550, 0, 500, 975, 0, 0, 700, 0, 300, 0, 0, 150]
0 13 [700, 0, 264, 1500, 0, 75, 700, 0, 1400, 74, 2700, 0, 1200, 0, 1000, 450, 0, 0, 125]
0 14 [0, 100, 1200, 0, 50, 0, 0, 900, 700, 0]
0 15 [300, 0, 75, 75, 125, 0, 675, 0, 0, 37, 0, 0, 0, 0, 0, 0]
0 16 [300, 0, 50, 300, 300, 0, 500, 0, 0, 0, 0]
0 17 [0, 0, 100, 600, 250, 148, 100, 0, 50, 750, 200, 0]
0 18 [1000, 0, 495, 300, 165, 75, 1150, 0, 0, 0, 0, 600]
0 19 [264, 0, 1000, 50, 600, 629, 429, 600, 250, 150]
0 20 [450, 0, 200, 150, 600, 0, 0, 0, 1150, 0, 0, 1800, 0, 259, 50, 0]
0 21 [99, 0, 1150, 0, 231, 0, 0]
0 22 [0, 0, 363, 0, 25, 0, 1300, 0, 1500, 0, 264, 0, 0, 0, 0]
0 23 [200, 225, 600, 0, 396, 75, 950, 525, 165, 111, 0]
0 24 [1000, 600, 0, 1800, 132, 0, 858, 0, 0, 0, 594, 148, 0, 250, 165]
0 25 [500, 0, 250, 0, 0, 0, 198, 444, 0]
0 26 [297, 0, 200, 37, 1550, 0, 0, 300, 33, 0, 50]
0 27 [198, 0, 275, 0, 300, 0, 792, 0, 0, 0, 0, 225, 1150, 375, 0]
0 28 [700, 225, 1000, 0, 1122, 0, 200, 100, 175, 75, 132]
0 29 [600, 0, 2700, 150, 675, 0, 200, 1050, 100]
0 30 [0, 0, 396, 375, 200, 0, 825, 800, 0, 518, 462, 0, 264]
0 31 [297, 0, 50, 0, 1100, 0, 0, 0, 264, 0, 175, 300, 125, 0, 0, 222, 150, 0]
0 32 [1200, 600, 200, 0, 1000, 0, 0, 900, 425, 300, 0, 300, 0, 150, 400, 0, 1850, 350]
0 33 [198, 0, 0, 0, 0, 0, 0, 50, 0, 0, 100, 0]
0 34 [297, 0, 1023, 0, 0, 0, 0]
0 35 [561, 350, 1550, 333, 528, 0, 990, 1350, 1000, 0, 350]
0 36 [450, 1200, 66, 0, 25, 0, 0, 37, 25]
0 37 [900, 0, 325, 0, 200, 0, 200, 100, 0, 74]
0 38 [99, 0, 429, 0, 0, 450, 33, 0, 0, 0, 750, 0, 0, 333]
0 39 [0, 0, 0, 0, 700, 0, 175, 0, 1000, 0, 400, 0]
0 40 [165, 0, 550, 0, 400, 675, 100, 0, 50, 0, 231, 259, 1200, 0, 500, 0]
0 41 [150, 0, 900, 0, 50, 2700, 0, 0, 900, 300, 25, 0, 50, 0]
0 42 [231, 0, 100, 0, 264, 50, 0, 150, 0, 0, 0, 300, 0]
0 43 [25, 0, 825, 0, 0, 0, 125, 0, 400]
0 44 [500, 1650, 66, 0, 125, 600, 50, 0, 0, 0, 100, 0, 550]
0 45 [0, 0, 0, 0, 350, 0, 660, 0, 325, 450, 0, 450, 0]
0 46 [0, 0, 200, 0, 297, 975, 1056, 0, 0, 250, 350, 150]
0 47 [150, 0, 700, 1050, 100, 0, 198, 0]
0 48 [165, 0, 800, 0, 0, 37, 100, 0]
0 49 [0, 0, 50, 0, 100, 100, 0, 150, 25, 0, 0, 0]
