288
2501
1640
0
[]
[]
0 0 [0, 0, 250, 0, 200, 0, 50, 0, 0, 0, 100]
0 1 [400, 0, 400, 100, 759, 150, 1250, 0, 900, 185]
0 2 [132, 0, 0, 0, 300, 0, 50, 0, 3900, 0]
0 3 [0, 0, 225, 0, 100, 0, 66, 150, 1200, 0]
0 4 [25, 0, 125, 0, 125, 0, 0, 0, 330]
0 5 [0, 0, 300, 0, 0, 0, 300, 0, 200, 0]
0 6 [250, 0, 66, 0, 300, 74, 0, 75, 66]
0 7 [0, 0, 0, 0, 33, 0, 0, 0, 132, 0, 50, 0, 0, 0, 200]
0 8 [0, 0, 0, 0, 325, 300, 0, 0, 198, 0, 0, 37, 225, 0]
0 9 [0, 0, 0, 0, 0, 0, 0]
0 10 [0, 0, 700, 0, 66, 0, 0, 150, 0, 0, 175, 0, 1100, 0]
0 11 [0, 0, 150, 0, 400, 0, 50, 0, 550, 0, 500, 0, 25, 0, 627, 0, 0, 0]
0 12 [0, 0, 0, 0, 0, 0, 50, 0, 0, 0, 0, 75, 325, 0, 132, 0, 450, 0, 66]
0 13 [0, 0, 66, 0, 0, 0, 250, 0, 0, 0]
0 14 [0, 0, 700, 0, 99, 0, 100, 0, 200, 0, 0, 0]
0 15 [33, 0, 99, 0, 132, 0, 200, 0, 150, 0, 275, 0, 0]
0 16 [0, 0, 100, 150, 100, 0, 50, 0, 33]
0 17 [0, 0, 400, 74, 0, 0, 0, 0, 0, 0, 0]
0 18 [400, 150, 200, 0, 99, 0, 150, 225, 0, 0]
0 19 [0, 0, 0, 0, 300, 0, 0, 0, 132, 0, 0, 0, 250]
0 20 [75, 0, 0, 0, 150, 225, 1450, 37, 1100]
0 21 [0, 0, 500, 0, 0, 0, 250, 0, 50, 0, 100, 0, 0, 0, 0]
0 22 [0, 0, 0, 0, 25, 0, 0, 0, 325, 0]
0 23 [0, 0, 0, 0, 75, 0, 0, 0, 33, 0, 0, 0, 264, 0, 225]
0 24 [0, 0, 0, 0, 125, 0, 0, 0, 0, 0, 900, 150, 125, 0, 125, 0, 25, 150]
0 25 [225, 0, 200, 0, 1500, 0, 300, 0, 33, 225, 0, 0]
0 26 [0, 0, 0, 0, 50, 0, 1400, 0, 200, 0, 150, 0, 100, 0, 300]
0 27 [0, 0, 200, 0, 400, 0, 0, 50, 275, 37, 25, 0, 0, 150]
0 28 [0, 0, 25, 0, 99, 0, 0, 0, 132, 225, 225, 150, 100]
0 29 [0, 0, 0, 0, 33, 0, 0, 0, 66, 0, 0, 37, 50, 450, 0]
0 30 [0, 0, 231, 0, 0, 0, 0, 0, 0, 0, 200, 0, 775, 0]
0 31 [0, 0, 500, 0, 0, 0, 0, 0]
0 32 [3100, 0, 150, 0, 33, 74, 330]
0 33 [0, 0, 100, 0, 25, 0, 264, 0, 100, 0, 100, 0, 0, 0]
0 34 [600, 0, 100, 0, 0, 0, 600, 0, 66, 0, 0]
0 35 [0, 0, 0, 0, 0, 300, 0, 0]
0 36 [0, 0, 0, 0, 0, 0, 300, 0, 200, 0, 25, 0, 0, 0, 25, 0, 1100, 0]
0 37 [200, 0, 0, 0, 200, 0, 0, 0, 0, 37, 726, 37, 250, 0, 1500]
0 38 [0, 0, 600, 0, 100, 0, 396, 50]
0 39 [0, 0, 0, 0, 50, 0, 132, 0, 0, 0, 600, 0, 33, 0, 1500, 0]
0 40 [0, 0, 0, 74, 0, 0, 0, 75, 198, 0, 0, 0, 400]
0 41 [0, 0, 0, 225, 0, 0, 125, 0, 132, 0, 50, 0, 99, 0, 350, 0, 400, 0, 100, 0]
0 42 [0, 0, 0, 0, 200, 74, 0, 0, 0, 0, 0]
0 43 [0, 0, 300, 0, 775, 0, 0, 0, 0, 0, 50, 0, 0, 0, 0, 0]
0 44 [175, 0, 0, 0, 0, 0, 200, 0, 0, 0, 1500, 0, 0, 0]
0 45 [500, 0, 75, 0, 125, 0, 150, 0, 650, 37, 0, 0, 0]
0 46 [0, 0, 1188, 0, 0, 0, 1400, 50, 100, 75, 800, 0, 4100]
0 47 [330, 0, 0, 0, 0, 50, 0, 0, 66, 0]
0 48 [75, 0, 175, 0, 2100, 0, 0, 0, 325, 50, 200, 0, 0, 100]
0 49 [0, 0, 250, 50, 1500, 0, 500, 0, 0, 0]
