288
2501
1773
0
[]
[]
0 0 [0, 0, 500, 0, 300, 0, 150, 0, 0, 0, 200]
0 1 [300, 0, 500, 150, 759, 600, 1150, 0, 800, 148]
0 2 [66, 0, 0, 0, 100, 0, 25, 0, 2900, 0]
0 3 [0, 0, 325, 0, 100, 0, 363, 600, 300, 0]
0 4 [50, 0, 175, 0, 325, 0, 50, 0, 330]
0 5 [0, 0, 100, 75, 0, 225, 200, 37, 100, 0]
0 6 [350, 0, 66, 150, 350, 148, 0, 0, 0]
0 7 [0, 0, 0, 0, 0, 0, 0, 0, 33, 0, 50, 0, 0, 0, 100]
0 8 [0, 0, 0, 0, 225, 150, 0, 0, 66, 0, 0, 0, 300, 0]
0 9 [0, 0, 0, 150, 0, 0, 0]
0 10 [0, 0, 800, 0, 198, 0, 0, 150, 25, 0, 100, 0, 1100, 0]
0 11 [0, 0, 75, 0, 600, 0, 0, 0, 400, 0, 300, 0, 50, 50, 462, 0, 0, 0]
0 12 [0, 0, 0, 0, 0, 0, 0, 0, 0, 0, 0, 75, 300, 0, 132, 300, 525, 0, 165]
0 13 [0, 0, 66, 0, 66, 0, 250, 0, 0, 0]
0 14 [0, 0, 600, 0, 66, 0, 100, 0, 200, 75, 0, 0]
0 15 [198, 0, 33, 0, 264, 0, 100, 0, 200, 0, 150, 0, 100]
0 16 [0, 0, 50, 450, 300, 0, 100, 0, 0]
0 17 [0, 0, 200, 74, 0, 0, 0, 0, 0, 0, 0]
0 18 [400, 250, 400, 0, 198, 0, 150, 150, 0, 0]
0 19 [0, 0, 50, 0, 300, 0, 0, 0, 132, 75, 50, 0, 100]
0 20 [125, 0, 0, 0, 125, 75, 1500, 0, 1325]
0 21 [0, 0, 700, 0, 0, 0, 175, 0, 150, 0, 0, 0, 0, 0, 0]
0 22 [0, 0, 0, 0, 25, 0, 0, 0, 450, 74]
0 23 [0, 0, 0, 0, 125, 0, 0, 0, 0, 0, 0, 0, 429, 75, 400]
0 24 [0, 0, 0, 0, 50, 0, 0, 0, 0, 0, 1400, 0, 125, 0, 125, 0, 0, 150]
0 25 [150, 0, 100, 0, 1500, 0, 400, 0, 0, 150, 0, 0]
0 26 [0, 0, 0, 0, 150, 0, 1100, 0, 100, 0, 150, 0, 50, 0, 300]
0 27 [0, 0, 50, 0, 200, 0, 0, 0, 300, 37, 0, 0, 0, 150]
0 28 [0, 0, 150, 0, 33, 0, 0, 0, 264, 0, 400, 300, 200]
0 29 [0, 0, 0, 0, 33, 0, 0, 0, 33, 0, 0, 0, 150, 0, 0]
0 30 [0, 0, 66, 0, 100, 75, 0, 0, 0, 0, 100, 0, 925, 0]
0 31 [0, 0, 200, 0, 0, 0, 300, 0]
0 32 [3400, 0, 100, 0, 66, 37, 297]
0 33 [0, 0, 100, 0, 25, 0, 495, 0, 100, 0, 150, 0, 0, 0]
0 34 [600, 0, 0, 0, 0, 0, 300, 0, 99, 0, 0]
0 35 [0, 0, 33, 0, 0, 0, 0, 50]
0 36 [0, 0, 0, 0, 0, 0, 300, 0, 100, 0, 25, 0, 0, 0, 25, 0, 1100, 150]
0 37 [200, 0, 0, 0, 100, 0, 0, 0, 0, 0, 693, 0, 325, 0, 1025]
0 38 [0, 0, 500, 0, 150, 0, 462, 50]
0 39 [0, 0, 0, 0, 100, 0, 33, 0, 0, 0, 300, 0, 99, 0, 750, 0]
0 40 [0, 0, 0, 37, 50, 0, 0, 0, 66, 0, 0, 0, 200]
0 41 [0, 0, 0, 75, 100, 0, 25, 0, 165, 0, 25, 0, 66, 0, 250, 0, 350, 0, 200, 0]
0 42 [0, 0, 0, 0, 500, 0, 0, 150, 0, 0, 0]
0 43 [0, 0, 400, 0, 725, 0, 0, 75, 0, 0, 50, 0, 33, 0, 0, 0]
0 44 [175, 0, 0, 0, 0, 0, 400, 0, 0, 0, 1600, 0, 0, 0]
0 45 [200, 0, 125, 0, 50, 0, 200, 0, 1250, 37, 0, 0, 0]
0 46 [0, 0, 726, 0, 0, 0, 1000, 100, 300, 0, 1600, 0, 4200]
0 47 [165, 0, 0, 0, 0, 0, 0, 0, 0, 0]
0 48 [150, 0, 175, 0, 2800, 0, 0, 0, 275, 0, 150, 0, 50, 250]
0 49 [0, 0, 450, 0, 1200, 0, 200, 0, 100, 0]
