288
1081
0
840
[26, 39]
[]
0 0 [0, 357, 0, 0, 0, 0, 0, 0, 0, 0, 0]
0 1 [0, 0, 249, 420, 24, 0, 312, 0, 0, 0, 0, 0, 0]
0 2 [175, 0, 0, 0, 11, 0, 95, 480, 0, 300, 561, 0, 0, 0, 0, 0]
0 3 [0, 0, 0, 548, 140, 0, 0, 97, 0, 478, 0, 0, 0, 0, 0]
0 4 [0, 0, 0, 291, 0, 0, 67, 352, 72]
0 5 [0, 106, 0, 0, 181, 75, 0, 0, 80, 2025, 0, 15, 0]
0 6 [0, 0, 4, 37, 138, 541, 0, 0, 0, 50]
0 7 [0, 360, 0, 0, 0, 0, 0, 0, 0, 33, 172, 656, 16, 0, 0, 375]
0 8 [193, 0, 18, 110, 0, 109, 0, 556, 0, 87, 0]
0 9 [0, 0, 136, 465, 0, 900, 95, 0, 0, 0, 0, 1548, 0]
0 10 [0, 0, 182, 0, 49, 298, 35, 0, 0, 0, 0]
0 11 [0, 0, 171, 0, 0, 131, 439, 0, 43, 0, 0, 0, 0, 0, 2100]
0 12 [0, 505, 0, 1459, 230, 634, 0, 50, 174, 0]
0 13 [408, 333, 0, 0, 0, 552, 0, 327, 448, 0, 10]
0 14 [0, 0, 0, 0, 18, 0, 0, 0, 184, 300, 100, 80]
0 15 [0, 0, 720, 0, 671, 0, 0, 0, 0, 0, 0, 0, 7]
0 16 [0, 0, 0, 0, 0, 0, 0, 150, 124, 100, 270, 0, 0, 0]
0 17 [0, 57, 0, 65, 401, 66, 353, 229, 0, 0, 1547]
0 18 [0, 203, 393, 0, 0, 0, 408, 262, 0, 115, 100, 167, 2, 0, 129, 0, 0, 10, 0]
0 19 [0, 0, 130, 250, 865, 137, 530, 75, 100, 144]
0 20 [286, 124, 0, 150, 0, 0, 264, 0, 231, 565, 419, 225, 0, 0, 598, 14, 0]
0 21 [164, 153, 0, 218, 0, 0, 155, 268, 449, 0, 0, 0, 0, 0]
0 22 [0, 0, 165, 0, 165, 492, 572, 17, 0, 0, 0]
0 23 [225, 0, 86, 955, 42, 0, 99, 399, 260, 240, 0, 940]
0 24 [280, 0, 0, 62, 0, 660, 0, 310, 106, 678, 0, 0, 144]
0 25 [0, 0, 0, 0, 0, 0, 0, 115, 0]
635 26 [2172, 635, 1802, 1580, 845, 2700]
0 27 [0, 0, 30, 37, 0, 15, 229, 162, 0, 0, 0, 0]
0 28 [0, 50, 0, 0, 11, 0, 0, 0, 63, 258, 0, 0, 957, 2]
0 29 [0, 258, 300, 341, 48, 0, 0, 132, 0, 0]
0 30 [0, 0, 0, 166, 146, 691, 0, 130, 0]
0 31 [0, 77, 320, 607, 700, 0, 0, 44, 105, 340, 0, 0, 0, 0, 9, 32]
0 32 [472, 318, 336, 187, 123, 0, 58, 160, 0, 0, 20, 85, 0]
0 33 [0, 0, 0, 0, 0, 45, 260, 0, 0, 74, 0, 0, 0, 0, 0, 232, 0]
0 34 [0, 0, 87, 278, 0, 404, 66, 0, 0, 134, 0, 0]
0 35 [270, 0, 52, 621, 0, 2, 0, 0, 744, 290, 0, 0, 50, 0, 0]
0 36 [0, 0, 175, 0, 192, 0, 0, 0, 179, 0]
0 37 [0, 354, 246, 0, 0, 248, 504, 46, 14, 263, 0, 131, 0, 100, 2, 0]
0 38 [118, 20, 0, 63, 0, 0, 2906]
205 39 [800, 400, 464, 1270, 205, 786]
0 40 [0, 804, 0, 0, 448, 395, 0, 0, 0, 0, 80, 0]
0 41 [0, 393, 119, 0, 0, 451, 0, 0, 101, 0]
0 42 [303, 0, 0, 92, 207, 45, 0, 109, 129, 280, 0, 622]
0 43 [0, 0, 0, 0, 0, 0, 56, 0, 0, 0]
0 44 [0, 0, 0, 186, 0, 50, 0, 200, 155, 34, 66, 0]
0 45 [0, 258, 130, 30, 0, 0, 0, 0, 0, 111, 33, 0, 0, 0, 925]
0 46 [102, 239, 0, 76, 0, 109, 0, 164, 206, 0, 12, 0, 0, 0]
0 47 [0, 195, 369, 0, 65, 0, 96, 0, 0, 0, 0, 0, 0, 0]
0 48 [336, 1536, 46, 856, 264, 272, 50, 0, 0, 964, 0]
0 49 [0, 579, 50, 0, 0, 747, 319, 0, 0, 450, 0, 0, 0, 0, 0]
