288
2501
1267
1149
[1, 28, 40, 49]
[]
0 0 [2100, 225, 0, 1350, 33, 0, 400, 0, 625, 0, 99, 0, 350]
300 1 [462, 300, 775, 900, 500, 825, 1100, 444, 1122]
0 2 [725, 0, 924, 150, 0, 0, 0, 75, 759, 0]
0 3 [0, 1125, 475, 0, 750, 0, 0, 0, 675, 300, 33, 0, 1000]
0 4 [350, 555, 330, 0, 0, 0, 0, 0, 0, 1350]
0 5 [0, 0, 0, 1050, 1200, 0, 0, 0, 200, 1000]
0 6 [475, 4200, 858, 0, 0, 0, 0, 0, 0, 0, 500, 0, 0]
0 7 [0, 37, 0, 1800, 4000, 0, 1386, 0, 600, 0, 0, 0, 0, 400, 50, 185]
0 8 [0, 0, 1150, 0, 375, 0, 0, 0, 726, 975, 0, 300]
0 9 [300, 518, 0, 100, 0, 0, 950, 0, 0, 0, 0]
0 10 [0, 0, 4300, 300, 900, 0, 900, 0, 528, 0]
0 11 [5700, 0, 525, 0, 2000, 200, 0, 50, 1650, 2400, 0, 0, 1050, 1036]
0 12 [528, 50, 0, 300, 0, 0, 0, 0, 0, 0, 858, 0, 0, 0, 300, 950]
0 13 [525, 1350, 0, 0, 594, 0, 600, 0, 0, 37, 0, 2400, 0, 1800, 100, 481, 100]
0 14 [660, 300, 99, 0, 594, 0, 1400, 0, 924, 0, 600, 0, 2400]
0 15 [1320, 0, 1650, 0, 1000, 0, 0, 0, 2050]
0 16 [300, 0, 450, 0, 429, 100, 225, 0, 0, 150, 0, 0, 350, 6150]
0 17 [0, 111, 1850, 0, 1025, 0, 0, 0, 0, 0]
0 18 [400, 0, 400, 0, 0, 0, 0, 0, 759, 0, 2100, 300]
0 19 [0, 975, 1850, 2100, 726, 0, 495, 150, 0, 0, 3650]
0 20 [4500, 700, 400, 2175, 924, 0, 1023, 0]
0 21 [0, 2850, 900, 0, 0, 0, 924, 0, 800, 0, 561]
0 22 [0, 500, 1155, 0, 0, 550, 0, 185, 25, 0, 0, 0, 3250, 37, 475, 675]
0 23 [0, 0, 0, 0, 900, 222, 0, 0, 0, 0, 0, 0, 0, 0, 0, 600]
0 24 [200, 75, 200, 0, 200, 200, 200, 0, 0, 74, 0, 0, 0, 200, 200, 200, 0, 200]
0 25 [75, 0, 0, 1050, 475, 0, 1000, 750, 900, 814, 0, 500, 2300, 1800]
0 26 [0, 2550, 2400, 0, 0, 0, 0, 0, 0, 0, 0]
0 27 [0, 0, 0, 0, 0, 0, 200, 0, 528, 0, 0, 0, 400, 0, 0, 300]
99 28 [99, 1725, 1400, 1500, 99, 900, 1221, 150, 1400, 370, 200, 300, 100]
0 29 [550, 450, 2100, 0, 625, 1050, 1600, 370, 0, 0, 750, 0, 750]
0 30 [1300, 2100, 0, 0, 0, 0, 0, 0, 0, 0, 3500]
0 31 [400, 375, 2200, 1875, 0, 0, 600, 0, 0, 0, 0, 0, 500]
0 32 [627, 0, 900, 0, 0, 0, 0, 1184]
0 33 [0, 950, 0, 0, 450, 0, 0, 0, 0, 0, 0, 0, 0, 750]
0 34 [4300, 0, 1200, 1221, 0, 1036, 0, 225, 600, 0, 0, 0, 0, 700, 0, 0, 75, 150, 0]
0 35 [5000, 0, 0, 666, 1200, 0, 693, 0, 1700, 0, 0, 600, 850, 0, 0]
0 36 [0, 150, 1300, 225, 4300, 225, 0, 0, 0, 300, 100, 0, 0, 75]
0 37 [0, 37, 475, 1150, 0, 1275, 0, 200, 1400, 600, 0, 0, 0, 100, 1150, 0, 1000]
0 38 [297, 0, 100, 0, 375, 0, 0, 0, 0, 333, 0, 300, 450, 0, 1000, 0, 275]
0 39 [400, 0, 1122, 0, 1700, 0, 0, 0, 0, 950, 0, 0, 0, 0, 900]
300 40 [1914, 300, 891, 825]
0 41 [400, 1275, 0, 0, 550, 300, 0, 0, 0, 703, 0, 0]
0 42 [0, 37, 700, 0, 1700, 0, 450, 300, 132, 300]
0 43 [0, 450, 1800, 0, 0, 2250, 0]
0 44 [1600, 0, 0, 0, 0, 0, 0, 0, 0, 0, 0, 37, 0]
0 45 [350, 0, 625, 148, 2350, 525, 0, 0, 0, 666, 0]
0 46 [0, 0, 0, 925, 1800, 75, 0, 481, 200, 0, 0, 150]
0 47 [0, 4200, 1518, 975, 1000, 0, 0, 0, 0, 0, 3300, 0, 1950, 111]
0 48 [700, 900, 0, 0, 0, 777, 0, 0, 0, 0, 100, 0, 1400]
450 49 [1353, 450, 3100, 629, 3800, 900]
