288
2501
1009
750
[1, 40, 49]
[]
0 0 [2450, 300, 0, 1600, 99, 0, 300, 0, 725, 0, 132, 0, 650]
225 1 [495, 225, 950, 1200, 1000, 1275, 2000, 592, 1320]
0 2 [925, 100, 1254, 250, 0, 0, 0, 0, 990, 0]
0 3 [0, 750, 375, 0, 550, 0, 0, 0, 650, 75, 99, 0, 825]
0 4 [550, 555, 495, 0, 0, 0, 0, 0, 0, 1125]
0 5 [0, 0, 0, 1725, 550, 0, 0, 37, 200, 900]
0 6 [625, 5100, 594, 0, 0, 0, 0, 0, 0, 0, 500, 0, 0]
0 7 [0, 74, 0, 2100, 4000, 0, 1650, 0, 500, 75, 0, 0, 0, 750, 0, 148]
0 8 [0, 0, 1750, 0, 425, 0, 0, 0, 957, 1125, 0, 900]
0 9 [300, 740, 0, 50, 0, 0, 1000, 0, 0, 0, 0]
0 10 [0, 0, 4200, 150, 1200, 0, 1000, 0, 858, 0]
0 11 [4500, 0, 525, 0, 1600, 200, 0, 0, 900, 1500, 0, 0, 1000, 1406]
0 12 [330, 50, 0, 450, 0, 0, 0, 0, 0, 0, 792, 0, 0, 0, 200, 250]
0 13 [425, 1575, 0, 0, 693, 0, 850, 0, 0, 37, 0, 2100, 0, 2100, 150, 333, 100]
0 14 [726, 200, 33, 0, 462, 0, 1300, 0, 891, 0, 575, 0, 2200]
0 15 [1320, 0, 1089, 0, 750, 0, 0, 0, 2150]
0 16 [200, 0, 525, 0, 594, 150, 400, 0, 0, 50, 0, 0, 525, 5700]
0 17 [0, 0, 1950, 0, 1300, 0, 0, 0, 0, 0]
0 18 [200, 0, 500, 0, 0, 0, 0, 0, 561, 0, 1500, 200]
0 19 [0, 1650, 1350, 2250, 693, 0, 858, 300, 0, 0, 3350]
0 20 [3500, 800, 450, 1500, 660, 0, 990, 0]
0 21 [0, 2250, 750, 0, 0, 0, 1089, 0, 600, 0, 693]
0 22 [0, 650, 924, 0, 0, 250, 0, 222, 25, 0, 0, 0, 2800, 37, 550, 1050]
0 23 [0, 0, 0, 0, 800, 222, 0, 0, 0, 0, 0, 0, 0, 0, 0, 150]
0 24 [200, 0, 200, 0, 200, 200, 200, 0, 0, 37, 0, 0, 0, 200, 200, 200, 0, 200]
0 25 [125, 0, 0, 1425, 350, 0, 1050, 1125, 850, 629, 0, 850, 3200, 2550]
0 26 [0, 2700, 2200, 0, 0, 0, 0, 0, 0, 0, 0]
0 27 [0, 300, 0, 0, 0, 0, 350, 0, 594, 0, 0, 0, 575, 0, 0, 375]
0 28 [231, 2250, 1900, 1000, 99, 1800, 924, 0, 1100, 555, 100, 150, 350]
0 29 [500, 750, 2200, 0, 325, 1350, 1800, 148, 0, 0, 550, 150, 500]
0 30 [1225, 3150, 0, 0, 0, 0, 0, 0, 0, 0, 3400]
0 31 [200, 225, 2200, 1875, 0, 0, 350, 0, 0, 0, 0, 0, 450]
0 32 [462, 50, 700, 0, 0, 0, 0, 1110]
0 33 [0, 750, 0, 0, 550, 0, 0, 0, 0, 0, 0, 0, 0, 500]
0 34 [4800, 0, 1300, 1221, 0, 777, 0, 75, 950, 0, 0, 0, 0, 950, 0, 0, 0, 0, 0]
0 35 [5300, 0, 0, 370, 800, 0, 660, 0, 1600, 0, 0, 1275, 1150, 0, 0]
0 36 [0, 150, 800, 600, 4100, 225, 0, 0, 0, 450, 25, 0, 0, 300]
0 37 [0, 37, 500, 1250, 0, 1425, 0, 200, 1500, 900, 0, 0, 0, 150, 1050, 0, 1250]
0 38 [528, 0, 100, 0, 225, 0, 0, 0, 0, 296, 0, 0, 550, 0, 750, 0, 125]
0 39 [400, 0, 1221, 0, 1900, 0, 0, 0, 0, 950, 0, 0, 0, 0, 925]
75 40 [1617, 75, 726, 900]
0 41 [350, 1425, 0, 0, 450, 450, 0, 0, 0, 481, 0, 0]
0 42 [0, 37, 875, 0, 2100, 0, 525, 450, 165, 150]
0 43 [0, 450, 1600, 0, 0, 3300, 33]
0 44 [1550, 0, 0, 0, 0, 0, 0, 0, 0, 0, 0, 111, 0]
0 45 [425, 0, 475, 222, 2500, 525, 0, 0, 0, 444, 0]
0 46 [0, 0, 0, 1295, 1500, 0, 0, 444, 200, 50, 0, 300]
0 47 [0, 1050, 1188, 1200, 950, 0, 0, 0, 0, 0, 2800, 0, 1650, 222]
0 48 [525, 750, 0, 0, 0, 777, 0, 0, 0, 0, 300, 0, 1050]
450 49 [1452, 450, 2100, 555, 3600, 750]
