288
1081
0
2305
[4, 10, 12, 18, 20, 31, 34, 39, 44]
[]
0 0 [0, 0, 66, 7, 0, 0, 241, 37, 306, 450, 30, 0, 100, 165, 143, 312, 0, 301, 0]
0 1 [0, 136, 0, 150, 536, 222, 0, 0, 267, 75, 0, 407, 0]
0 2 [872, 150, 208, 0, 0, 0, 160, 120, 100, 0, 0, 907, 25, 48, 33, 0, 0, 0, 10]
0 3 [372, 222, 45, 0, 50, 104, 101, 1188, 814, 0, 210, 701, 398, 1050, 659, 0]
333 4 [700, 474, 1000, 3450, 350, 1050, 450, 333, 900]
0 5 [2, 0, 25, 75, 125, 255, 0, 0, 150, 228, 199, 21]
0 6 [0, 50, 88, 0, 14, 301, 136, 300, 0]
0 7 [0, 273, 0, 0, 0, 0, 79, 1, 66, 0, 200, 0, 200, 0, 100, 107, 200, 264]
0 8 [72, 0, 0, 0, 300, 13, 0, 45, 358, 50, 51, 0, 38]
0 9 [0, 50, 129, 0, 0, 91, 70, 150, 100, 0, 102, 236, 0, 300, 0, 450, 0, 0, 115, 0, 0]
60 10 [201, 366, 402, 142, 274, 244, 189, 150, 148, 525, 298, 60]
0 11 [43, 0, 50, 0, 0, 150, 564, 21, 66, 0, 56, 0]
12 12 [12, 75, 55, 74, 850, 213, 178, 150, 66, 300, 204, 150, 266]
0 13 [300, 50, 36, 55, 39, 200, 100, 0, 120, 36, 2, 386, 200, 300, 288, 60]
0 14 [0, 1, 0, 0, 0, 0, 33, 6, 231, 0]
0 15 [1, 0, 81, 98, 0, 75, 0, 0, 300, 0, 20]
0 16 [0, 537, 0, 0, 150, 74, 50, 0, 0, 375, 200, 150, 206, 0, 345, 20]
0 17 [123, 225, 195, 0, 0, 0, 0, 20, 300, 150, 180, 450, 600, 0, 33, 0, 0, 0, 324]
40 18 [372, 165, 68, 99, 250, 151, 100, 40, 150]
0 19 [171, 0, 100, 9, 1500, 237, 106, 0, 0, 351]
990 20 [3023, 1580, 990, 1110, 1122, 4350, 2901, 1438, 1006, 1737, 3013, 4350]
0 21 [66, 0, 2, 0, 668, 625, 192, 36]
0 22 [760, 0, 0, 105, 171, 299, 250, 90, 600, 784, 75, 300, 301, 0, 0]
0 23 [132, 0, 0, 1390, 0, 170, 78, 0, 124, 225, 33, 0, 0]
0 24 [33, 0, 33, 615, 74, 7, 132, 450, 51, 210, 75, 150, 150, 450, 104, 111, 0, 308]
0 25 [0, 750, 631, 1453, 200, 0, 20, 0, 177, 431, 0]
0 26 [50, 0, 362, 0, 300, 111, 0, 781, 373, 750, 1, 300]
0 27 [344, 422, 66, 150, 172, 367, 302, 66, 0, 0]
0 28 [100, 0, 344, 68, 460, 150, 366, 127, 101, 438, 0, 29]
0 29 [300, 0, 0, 0, 172, 140, 300, 85, 0, 119, 100, 305, 0, 0, 506]
0 30 [0, 0, 0, 30, 66, 75, 150, 0, 0, 150, 202, 0, 33, 0, 259, 0]
14 31 [14, 50, 322, 150, 256, 184, 100, 250, 225, 502]
0 32 [0, 0, 0, 0, 0, 76, 33, 48, 100, 10]
0 33 [0, 229, 26, 0, 147, 296, 50, 848, 375, 30, 0, 74, 0, 79, 400, 150, 0, 160, 3, 0, 28]
656 34 [2760, 1725, 2266, 1517, 656, 1300, 858, 1000]
0 35 [0, 512, 81, 0, 0, 366, 25, 182, 100, 255, 0, 199, 33, 74, 101, 0]
0 36 [122, 0, 0, 0, 269, 0, 25, 111, 0, 750, 0, 259, 0, 265]
0 37 [671, 146, 0, 0, 416, 0, 100, 305, 1037, 74, 400, 0, 212, 0, 200]
0 38 [9, 50, 100, 228, 99, 51, 75, 37, 0, 190, 40, 75, 0, 905, 282, 2]
172 39 [205, 600, 200, 350, 425, 623, 401, 172, 300, 273]
0 40 [1100, 588, 0, 0, 0, 0, 150, 0, 0, 0]
0 41 [0, 0, 0, 0, 0, 24, 90, 0, 0, 61, 0, 0, 100, 0, 0, 109]
0 42 [0, 0, 84, 75, 1170, 0, 0, 0]
0 43 [310, 152, 213, 50, 0, 50, 66, 74, 50, 1, 66, 376]
28 44 [51, 64, 400, 451, 400, 75, 99, 300, 200, 60, 28]
0 45 [352, 0, 100, 200, 741, 210, 400, 299, 0, 160, 203, 269]
0 46 [0, 75, 100, 18, 33, 199, 33, 75, 66, 37, 202, 0, 0, 434, 25, 14]
0 47 [0, 156, 0, 165, 0, 24, 1, 604, 132, 60, 700, 16, 0, 52, 0, 0, 30]
0 48 [0, 0, 183, 1161, 150, 222, 500, 0]
0 49 [0, 0, 820, 0, 0, 98, 0, 357, 208, 0, 0, 225, 0, 15, 200, 0, 0]
