288
721
0
528
[15]
[]
0 0 [0, 351, 0, 245, 0, 0, 10, 693, 0, 1663, 100, 92]
0 1 [0, 406, 0, 271, 0, 0, 40, 239, 1328, 148, 400, 0, 0, 0, 640, 692]
0 2 [300, 240, 132, 600, 320, 450, 1180, 0, 33, 0, 17]
0 3 [0, 0, 0, 10, 0, 0, 201, 0, 0]
0 4 [151, 0, 0, 172, 136, 505, 6, 75, 50, 0, 0, 0]
0 5 [0, 367, 0, 0, 48, 50, 0, 355, 0]
0 6 [0, 0, 0, 194, 919, 0, 1546, 0, 6]
0 7 [0, 0, 0, 0, 0, 0, 0, 1009, 1, 335, 0, 525, 900, 123, 18]
0 8 [780, 0, 0, 16, 500, 678, 200, 676, 0, 0]
0 9 [645, 465, 0, 0, 0, 238, 0, 681, 4, 1170, 200, 0, 0, 12]
0 10 [400, 0, 144, 0, 0, 376, 140, 0, 341, 98, 689, 639, 0, 0, 468, 3, 0]
0 11 [0, 450, 354, 0, 0, 0, 938, 1021, 1027, 0, 0, 150, 0, 0, 0, 69]
0 12 [300, 0, 100, 20, 0, 1, 0, 220, 0]
0 13 [0, 0, 125, 0, 157, 0, 0, 0, 0, 189, 0, 0, 0]
0 14 [0, 425, 159, 166, 165, 550, 297, 1224, 0, 233, 93, 0]
528 15 [768, 1542, 1546, 1160, 528, 1014, 638, 652, 554, 2100]
0 16 [0, 984, 0, 840, 0, 265, 0, 402, 6, 0, 571, 50, 0, 36]
0 17 [0, 0, 265, 32, 386, 823, 0, 49, 75, 960, 54, 872, 167, 0, 0]
0 18 [0, 0, 0, 522, 325, 0, 0, 528, 0, 4, 0, 0, 18, 0]
0 19 [0, 380, 308, 0, 0, 0, 188, 916, 0, 382, 0, 0, 0]
0 20 [276, 0, 0, 0, 10, 0, 257, 37, 0, 155, 1573, 0, 0]
0 21 [0, 132, 0, 135, 0, 750, 1, 1373, 0, 444, 0, 79, 350, 0, 0, 12]
0 22 [0, 642, 213, 1000, 0, 0, 100, 375, 0, 1427, 23, 301, 163]
0 23 [153, 0, 0, 0, 0, 37, 0, 0]
0 24 [0, 0, 0, 658, 828, 910, 0, 0]
0 25 [0, 0, 0, 340, 0, 279, 556, 6, 0, 50, 0, 55, 0, 0]
0 26 [0, 160, 0, 50, 98, 565, 1996, 0, 0, 526, 0, 0, 0, 0, 8]
0 27 [0, 630, 0, 0, 412, 630, 0, 0, 0, 0, 785, 0]
0 28 [0, 278, 0, 0, 450, 20, 158, 0]
0 29 [82, 232, 325, 0, 0, 0, 0, 0, 0, 0, 0, 0]
0 30 [0, 0, 0, 0, 138, 257, 0, 503, 0, 0, 0, 465, 0]
0 31 [0, 328, 0, 138, 0, 216, 16, 669, 561, 350, 0, 0, 17, 0, 12]
0 32 [0, 298, 70, 0, 0, 246, 385, 0, 0, 0, 0, 0, 0]
0 33 [0, 0, 150, 0, 0, 557, 0, 352, 0, 0, 677, 0]
0 34 [568, 24, 0, 0, 0, 0, 0, 96, 0, 529, 0, 0, 602, 0, 0]
0 35 [0, 1518, 0, 527, 240, 0, 0, 863, 0, 0, 0]
0 36 [140, 248, 0, 0, 0, 708, 99, 417, 426, 0, 50, 150, 100, 0, 0, 229, 0, 0, 12]
0 37 [0, 0, 0, 481, 100, 0, 790, 516, 260, 50, 70, 300, 200, 0, 50, 0, 0]
0 38 [301, 148, 0, 0, 200, 0, 0]
0 39 [0, 400, 0, 150, 462, 46, 1246, 0, 0, 37, 100, 0, 33, 0]
0 40 [0, 0, 920, 0, 0, 671, 408, 1180, 50, 259, 200, 1]
0 41 [23, 0, 0, 0, 639, 24, 463, 0, 50, 0, 200, 0, 0]
0 42 [25, 0, 472, 0, 0, 0, 96, 100, 0, 0]
0 43 [0, 150, 0, 0, 0, 0, 508, 739, 0, 0, 717, 0, 109]
0 44 [326, 0, 0, 0, 121, 0, 8, 0, 1462, 1682, 0, 0, 50, 0, 0, 229, 167, 0]
0 45 [326, 300, 340, 0, 0, 500, 0, 0]
0 46 [0, 843, 290, 0, 0, 0, 120, 951, 0, 2161, 50, 2157, 122, 74, 80, 0]
0 47 [868, 245, 118, 813, 99, 50, 100, 760, 0]
0 48 [576, 0, 336, 450, 50, 447, 4, 0, 0, 0, 0]
0 49 [1084, 780, 429, 492, 0, 0, 33, 0, 260, 0, 0]
