288
1081
1
2475
[0, 3, 9, 13, 32, 34, 43, 48]
[]
1068 0 [3146, 2430, 1975, 2715, 1489, 2492, 1992, 2084, 1068, 1800]
0 1 [114, 228, 87, 0, 0, 450, 77, 50, 0, 100, 520, 300]
0 2 [181, 150, 0, 20, 74, 18, 0, 630, 207, 278, 100, 30]
310 3 [500, 750, 351, 1408, 946, 407, 310]
0 4 [185, 4, 57, 225, 0, 362, 0, 25, 1, 23, 480]
0 5 [0, 150, 0, 182, 500, 0, 0, 100, 0, 150, 2]
0 6 [79, 0, 57, 280, 0, 0, 0, 51, 129, 74, 292, 920, 66, 364, 200, 300, 50, 108, 0]
0 7 [0, 0, 0, 0, 0, 178, 51, 51, 404, 1434, 33, 111, 236, 300, 0, 2]
0 8 [124, 0, 0, 300, 87, 162, 345, 54, 98, 74, 169]
106 9 [340, 106, 220, 154, 115, 200, 554, 513, 238, 1164]
0 10 [38, 0, 141, 37, 0, 0, 29, 0, 0, 101, 33, 0]
0 11 [19, 0, 245, 0, 90, 26, 5, 0, 200, 150, 52, 305]
0 12 [76, 96, 0, 9, 98, 0, 25, 97, 20, 151, 0, 0]
175 13 [380, 1312, 300, 309, 175, 1360, 450]
0 14 [70, 0, 72, 0, 0, 0, 33, 0, 0, 100, 96, 102, 0, 0, 241, 210, 90]
0 15 [33, 47, 290, 0, 0, 0, 0, 463, 69, 62, 226, 0, 66, 400, 241, 226, 0, 0]
0 16 [316, 37, 0, 529, 0, 885, 43, 0, 100, 83]
0 17 [0, 0, 150, 116, 91, 0, 113, 800]
0 18 [0, 0, 0, 50, 232, 24, 4, 202, 50, 61, 150, 0, 0, 444]
0 19 [0, 3, 0, 0, 39, 0, 118, 20, 1]
0 20 [0, 0, 0, 905, 0, 147, 36, 96, 0, 0]
0 21 [77, 0, 0, 55, 12, 0, 37, 0, 146, 8]
0 22 [251, 92, 139, 100, 75, 263, 113, 124, 0, 0, 200, 150, 0, 847, 77, 7]
0 23 [38, 543, 0, 0, 259, 6, 0, 66, 0]
0 24 [316, 0, 0, 0, 400, 0, 234, 1328, 98, 0, 15, 170, 380, 150, 0]
0 25 [81, 0, 0, 0, 106, 0, 105, 0, 0, 0, 50, 900, 57, 54, 94, 0, 200, 150, 0, 894]
0 26 [0, 0, 0, 0, 37, 2, 42, 13, 0, 286, 1, 141]
0 27 [0, 0, 106, 0, 22, 47, 119, 0, 192, 0, 33, 0]
0 28 [25, 0, 0, 12, 0, 0, 278, 1592, 18, 249, 63, 170, 281]
0 29 [154, 131, 199, 0, 171, 46, 0, 0, 0, 255]
0 30 [0, 0, 0, 0, 54, 140, 0, 185, 104, 174, 0, 100, 293, 203]
0 31 [90, 4, 0, 60, 0, 2, 6, 0, 0, 100, 0, 0, 306]
740 32 [1185, 1568, 1038, 1663, 815, 1483, 1758, 1455, 1048, 1430, 740, 1142, 1760]
0 33 [307, 48, 40, 0, 0, 24, 100, 16, 474, 0, 73, 12, 0, 0, 32, 138, 2]
50 34 [136, 300, 100, 150, 96, 1125, 50, 111, 70, 192, 174, 105, 300, 197, 862, 74, 120]
0 35 [0, 0, 0, 0, 114, 0, 50, 342, 39, 31, 25, 8, 0, 141, 30]
0 36 [213, 0, 86, 189, 122, 0, 59, 10, 250, 793, 370, 30, 292, 61, 460, 0, 0]
0 37 [33, 5, 0, 75, 348, 109, 78, 148, 307, 662]
0 38 [0, 64, 1, 256, 0, 22, 30]
0 39 [0, 222, 0, 0, 51, 0, 90, 132, 33, 0, 118, 231, 110, 317, 0, 0]
0 40 [237, 54, 0, 45, 0, 25, 50, 52, 0, 30]
0 41 [119, 16, 180, 0, 32, 0, 174, 0, 100, 66, 0]
0 42 [0, 0, 132, 0, 426, 4, 75, 406, 110, 1368, 56, 291, 174, 83, 8, 0]
6 43 [13, 16, 100, 6, 120, 91, 68, 182, 62, 450, 75, 122, 208, 17]
0 44 [0, 0, 199, 0, 0, 52, 0, 150, 27, 220, 20]
0 45 [0, 0, 210, 0, 0, 130, 60, 0, 4, 334, 0, 0, 332, 16, 30]
0 46 [76, 287, 0, 0, 55, 36, 0, 0, 49, 701, 0, 416, 40]
0 47 [0, 0, 171, 13, 1, 12, 0, 75, 24, 20]
20 48 [71, 238, 408, 20, 301, 88, 100]
0 49 [38, 233, 0, 0, 66, 16, 0, 46, 300, 163]
