288
2501
886
851
[22]
[]
0 0 [25, 3300, 0, 300, 700, 0, 0, 0, 0]
0 1 [33, 0, 99, 1650, 0, 0, 0, 0, 0, 370, 125]
0 2 [1200, 0, 300, 0, 0, 0, 600, 0, 550, 0, 0]
0 3 [0, 0, 0, 0, 0, 150, 0, 0, 0, 0, 0, 0, 0, 0, 800, 0]
0 4 [0, 0, 0, 0, 660, 0, 2600, 0, 0, 0, 0, 0, 0, 0, 0, 0, 0, 0]
0 5 [325, 0, 33, 0, 100, 0, 600, 0, 165, 0]
0 6 [0, 0, 0, 0, 0, 0, 900, 0, 250, 0]
0 7 [0, 0, 4900, 0, 0, 999, 0, 300, 0, 0, 0, 0, 0, 0, 0]
0 8 [99, 0, 0, 0, 300, 0, 4650, 0, 132, 0, 0]
0 9 [0, 0, 0, 450, 0, 0, 0, 0, 0, 2775, 300, 0]
0 10 [400, 0, 25, 0, 0, 600, 0, 1200, 900, 0, 0, 375, 0, 0, 0, 0]
0 11 [400, 0, 25, 0, 0, 0, 0, 0, 0, 150, 0, 0, 0, 0, 0]
0 12 [330, 703, 0, 0, 0, 0, 0, 0, 0, 0, 250, 0, 250, 0, 0, 0, 0, 0]
0 13 [50, 1575, 0, 185, 0, 300, 0, 0, 0, 0, 75, 0, 0]
0 14 [0, 0, 0, 150, 0, 0, 0, 0, 0, 0, 0, 0]
0 15 [800, 0, 0, 0, 0, 300, 0, 0, 0, 0, 0]
0 16 [50, 0, 0, 0, 0, 250, 0, 0, 0, 0, 600, 0, 0, 0]
0 17 [0, 0, 450, 0, 650, 0, 0, 148, 231, 0, 0]
0 18 [0, 0, 0, 225, 0, 450, 0, 0, 375, 0, 0, 0]
0 19 [75, 0, 50, 0, 0, 0, 0, 0]
0 20 [0, 777, 0, 300, 0, 0, 1000, 37, 0, 0, 300, 0, 50, 0]
0 21 [0, 0, 0, 740, 0, 100, 1150, 0, 0, 0, 600, 0, 363, 0, 0, 0, 0, 0]
851 22 [900, 851, 1815, 1050, 4000, 1450]
0 23 [0, 0, 0, 0, 700, 0, 0, 350, 0, 37, 125, 0, 0]
0 24 [50, 0, 0, 150, 0, 0, 0, 0, 0, 3900, 1400, 0, 200]
0 25 [0, 0, 200, 0, 0, 0, 525, 1150, 125]
0 26 [150, 0, 1100, 0, 1350, 0, 0, 0, 100, 0, 0, 0, 0, 259, 0, 0]
0 27 [200, 0, 0, 0, 0, 0, 0, 0, 0, 0]
0 28 [100, 0, 50, 0, 1225, 0, 1700, 0, 0, 0, 0, 0, 300, 0, 0]
0 29 [200, 0, 66, 0, 0, 3150, 0, 0, 0, 0, 0, 296, 0, 0]
0 30 [33, 0, 0, 1000, 0, 0, 300, 0, 0, 0, 0, 0, 300]
0 31 [0, 0, 0, 1350, 500, 450, 0, 0, 0, 2700, 550, 0, 0, 0]
0 32 [1300, 0, 475, 0, 0, 0, 1000, 0, 0, 0]
0 33 [50, 0, 100, 200, 33, 0, 0, 0, 0, 0, 0, 0]
0 34 [0, 0, 0, 0, 200, 0, 250, 0, 0, 2550, 363, 0, 0, 0, 0]
0 35 [0, 0, 0, 2400, 0, 0, 0, 1050, 0, 0, 700, 0, 200, 0]
0 36 [0, 0, 250, 0, 0, 703, 0, 74, 0, 0, 0, 0, 0]
0 37 [0, 0, 0, 0, 0, 0, 200, 0, 0, 0]
0 38 [0, 0, 50, 0, 0, 225, 0, 0, 0, 0, 0]
0 39 [0, 592, 800, 0, 375, 350, 1000, 525, 0]
0 40 [66, 2400, 0, 0, 1584, 555, 0, 600, 0]
0 41 [50, 0, 0, 0, 0, 0, 0, 100, 200, 0]
0 42 [330, 0, 0, 0, 0, 0, 600, 0, 0, 0, 100, 0, 0, 0]
0 43 [0, 1150, 5400, 0, 0, 0, 0, 600, 0, 0]
0 44 [0, 0, 0, 0, 0, 900, 297, 0, 0, 0, 0, 0, 0, 0, 0, 0, 0]
0 45 [150, 0, 100, 0, 1375, 0, 0, 0, 0, 0, 66, 0, 0, 0, 0]
0 46 [0, 2850, 0, 0, 125, 0, 275, 0]
0 47 [50, 0, 33, 0, 0, 0, 0, 2625, 25, 0, 0]
0 48 [100, 0, 100, 0, 50, 0, 0, 1200, 0, 150, 150, 0, 200, 0, 0, 0, 75]
0 49 [0, 1650, 0, 0, 0, 0, 0, 0, 0, 0, 800, 0, 0, 0, 0, 0, 0, 0]
