288
2501
1465
0
[]
[]
0 0 [0, 0, 0, 0, 0, 0, 0, 0, 0, 0, 50]
0 1 [0, 0, 495, 0, 0, 37, 462, 0, 0, 0, 0, 0, 0]
0 2 [550, 75, 0, 0, 100, 0, 250, 150, 0, 75, 1950, 0, 0, 0, 100, 0]
0 3 [0, 0, 0, 0, 500, 0, 0, 0, 25, 100, 0, 0, 0, 0, 0]
0 4 [0, 0, 75, 50, 50, 0, 132, 0, 100]
0 5 [0, 0, 0, 0, 264, 0, 0, 0, 100, 600, 0, 0, 0]
0 6 [0, 0, 0, 0, 250, 0, 0, 0, 0, 0]
0 7 [0, 300, 0, 150, 0, 150, 0, 0, 0, 0, 700, 150, 0, 0, 0, 150]
0 8 [800, 0, 0, 0, 0, 0, 0, 0, 0, 0, 0]
0 9 [0, 0, 500, 0, 0, 1050, 200, 0, 0, 0, 0, 100, 0]
0 10 [0, 0, 400, 0, 325, 0, 650, 0, 0, 0, 0]
0 11 [0, 0, 825, 0, 0, 0, 396, 0, 33, 0, 0, 0, 0, 0, 2100]
0 12 [0, 0, 0, 0, 264, 50, 0, 0, 300, 0]
0 13 [2200, 0, 0, 150, 0, 150, 0, 0, 1800, 0, 0]
0 14 [0, 0, 0, 0, 50, 0, 0, 50, 363, 300, 100, 37]
0 15 [0, 0, 1200, 0, 1700, 0, 0, 0, 0, 150, 0, 0, 0]
0 16 [0, 0, 0, 0, 0, 0, 0, 250, 525, 0, 500, 0, 0, 0]
0 17 [0, 0, 0, 0, 1700, 0, 1089, 0, 0, 0, 2650]
0 18 [0, 0, 500, 0, 0, 37, 650, 0, 0, 0, 75, 0, 100, 0, 462, 0, 25, 0, 0]
0 19 [0, 0, 165, 0, 1000, 0, 900, 0, 0, 37]
0 20 [891, 0, 0, 150, 0, 0, 325, 0, 198, 0, 1250, 0, 0, 0, 2200, 0, 0]
0 21 [297, 0, 0, 0, 0, 0, 325, 0, 700, 0, 0, 0, 0, 0]
0 22 [0, 0, 693, 0, 165, 0, 2600, 0, 0, 0, 33]
0 23 [363, 0, 650, 150, 350, 0, 99, 0, 925, 50, 100, 148]
0 24 [1500, 0, 0, 0, 0, 300, 0, 0, 400, 0, 0, 0, 1000]
0 25 [0, 0, 0, 0, 0, 0, 0, 0, 0]
0 26 [1300, 0, 200, 0, 759, 0]
0 27 [0, 0, 100, 0, 0, 0, 429, 0, 0, 0, 0, 0]
0 28 [0, 50, 0, 0, 100, 0, 0, 0, 50, 0, 50, 0, 1749, 0]
0 29 [0, 0, 264, 0, 0, 0, 0, 0, 0, 0]
0 30 [0, 0, 0, 0, 275, 0, 0, 0, 0]
0 31 [0, 74, 1100, 0, 1000, 0, 0, 0, 132, 0, 0, 0, 0, 0, 0, 0]
0 32 [1600, 0, 350, 0, 250, 0, 165, 0, 0, 0, 50, 74, 0]
0 33 [0, 0, 0, 0, 165, 0, 500, 0, 0, 185, 0, 0, 0, 50, 0, 300, 0]
0 34 [0, 0, 132, 0, 25, 74, 66, 0, 25, 74, 0, 0]
0 35 [132, 0, 225, 150, 0, 0, 0, 0, 1400, 0, 0, 0, 350, 0, 0]
0 36 [0, 0, 800, 100, 396, 0, 0, 0, 500, 0]
0 37 [0, 0, 528, 0, 0, 0, 1200, 0, 231, 0, 0, 0, 0, 37, 0, 0]
0 38 [500, 74, 33, 0, 0, 0, 5500]
0 39 [100, 37, 297, 0, 0, 0]
0 40 [50, 150, 0, 0, 1000, 0, 0, 0, 0, 0, 100, 0]
0 41 [0, 0, 297, 0, 0, 300, 0, 0, 250, 0]
0 42 [528, 0, 0, 0, 462, 0, 0, 0, 500, 0, 0, 150]
0 43 [0, 0, 0, 0, 0, 0, 363, 0, 0, 0]
0 44 [0, 0, 0, 0, 0, 0, 0, 100, 650, 0, 165, 0]
0 45 [0, 0, 250, 0, 0, 0, 0, 0, 0, 148, 33, 0, 0, 0, 1980]
0 46 [400, 0, 0, 0, 0, 0, 900, 50, 198, 0, 0, 0, 0, 0]
0 47 [0, 0, 297, 0, 250, 0, 297, 0, 0, 0, 0, 0, 0, 0]
0 48 [528, 0, 600, 0, 198, 0, 50, 0, 0, 0, 0]
0 49 [0, 0, 200, 0, 0, 150, 495, 0, 0, 375, 0, 0, 0, 0, 0]
