288
2501
1137
900
[1, 40, 49]
[]
0 0 [2450, 150, 0, 1400, 66, 0, 475, 0, 650, 0, 99, 0, 300]
450 1 [495, 450, 950, 600, 800, 1575, 1250, 592, 1320]
0 2 [600, 200, 891, 300, 0, 0, 0, 0, 957, 0]
0 3 [0, 1125, 475, 0, 750, 0, 0, 0, 650, 75, 165, 0, 800]
0 4 [425, 592, 561, 0, 0, 0, 0, 0, 0, 750]
0 5 [0, 150, 0, 1050, 900, 0, 0, 0, 400, 650]
0 6 [450, 4350, 627, 0, 0, 0, 0, 0, 0, 0, 500, 0, 0]
0 7 [0, 37, 0, 2700, 4200, 0, 1287, 0, 725, 0, 0, 0, 0, 350, 0, 185]
0 8 [0, 150, 1050, 0, 425, 0, 0, 0, 759, 1425, 0, 500]
0 9 [50, 481, 0, 100, 0, 0, 900, 0, 0, 0, 0]
0 10 [0, 0, 4100, 0, 800, 0, 750, 0, 825, 0]
0 11 [6500, 0, 375, 0, 1900, 150, 0, 50, 1350, 2400, 0, 0, 1100, 1628]
0 12 [363, 100, 0, 375, 0, 0, 0, 37, 0, 0, 924, 0, 0, 0, 100, 450]
0 13 [300, 750, 0, 0, 660, 0, 450, 0, 0, 0, 0, 2400, 0, 1650, 100, 296, 0]
0 14 [660, 200, 66, 0, 693, 0, 1800, 0, 924, 0, 550, 0, 2900]
0 15 [957, 0, 1419, 0, 800, 0, 0, 0, 1650]
0 16 [150, 0, 325, 0, 594, 150, 425, 0, 0, 50, 0, 0, 600, 6000]
0 17 [0, 0, 1650, 0, 950, 0, 0, 0, 0, 0]
0 18 [100, 0, 550, 0, 0, 0, 0, 0, 924, 0, 2800, 350]
0 19 [0, 1200, 1250, 2550, 825, 0, 561, 0, 0, 0, 3000]
0 20 [4100, 650, 650, 2175, 561, 0, 957, 0]
0 21 [0, 2250, 850, 0, 0, 0, 891, 0, 775, 0, 627]
0 22 [0, 1050, 1155, 0, 0, 450, 0, 222, 0, 0, 0, 0, 3150, 0, 650, 750]
0 23 [0, 0, 0, 0, 1100, 296, 0, 0, 0, 0, 0, 0, 0, 0, 50, 525]
0 24 [200, 0, 200, 0, 200, 200, 200, 0, 0, 0, 0, 0, 0, 200, 200, 200, 0, 200]
0 25 [100, 0, 0, 1425, 525, 0, 600, 750, 850, 740, 0, 750, 2400, 1800]
0 26 [0, 1950, 1600, 0, 0, 0, 0, 0, 0, 0, 0]
0 27 [0, 0, 0, 0, 0, 0, 425, 0, 594, 0, 0, 0, 525, 0, 0, 225]
0 28 [231, 2250, 1700, 1650, 132, 1650, 924, 0, 1150, 481, 0, 150, 200]
0 29 [575, 600, 2200, 0, 350, 1500, 1500, 148, 0, 0, 725, 300, 575]
0 30 [1275, 2550, 0, 0, 0, 0, 0, 0, 0, 0, 3600]
0 31 [400, 150, 2500, 1800, 0, 0, 525, 0, 0, 0, 0, 0, 450]
0 32 [462, 100, 625, 0, 0, 0, 100, 1073]
0 33 [0, 900, 0, 0, 675, 0, 0, 0, 0, 0, 0, 0, 0, 800]
0 34 [4300, 0, 1900, 999, 0, 999, 0, 75, 1250, 0, 0, 0, 0, 550, 0, 0, 75, 0, 0]
0 35 [4000, 0, 0, 592, 750, 0, 825, 0, 1400, 0, 0, 1050, 750, 0, 0]
0 36 [0, 400, 1550, 300, 4600, 450, 0, 0, 0, 600, 100, 0, 0, 225]
0 37 [0, 111, 425, 1250, 0, 1425, 0, 150, 1450, 900, 0, 0, 0, 150, 1750, 0, 1100]
0 38 [594, 0, 150, 0, 300, 0, 0, 0, 0, 444, 0, 450, 575, 0, 850, 0, 325]
0 39 [300, 0, 1386, 0, 1800, 0, 0, 0, 0, 450, 0, 0, 0, 0, 825]
225 40 [1683, 225, 990, 1575]
0 41 [450, 1275, 0, 0, 350, 600, 0, 0, 0, 666, 0, 0]
0 42 [0, 0, 925, 0, 1500, 0, 550, 600, 165, 0]
0 43 [0, 0, 1700, 0, 0, 1950, 0]
0 44 [1900, 0, 0, 0, 33, 0, 0, 0, 0, 0, 0, 0, 0]
0 45 [600, 0, 500, 333, 2400, 825, 0, 0, 0, 629, 0]
0 46 [0, 0, 0, 1147, 1200, 0, 0, 370, 150, 50, 0, 200]
0 47 [0, 2100, 1353, 1125, 700, 0, 0, 0, 0, 0, 2200, 0, 1600, 148]
0 48 [550, 850, 0, 0, 0, 666, 0, 0, 0, 0, 100, 0, 1400]
225 49 [1254, 225, 2600, 666, 4000, 300]
