288
2501
1073
0
[]
[]
0 0 [0, 0, 1221, 0, 125, 0, 0, 0, 66, 225, 0, 0]
0 1 [25, 0, 0, 0, 0, 1350, 0, 0, 33]
0 2 [495, 150, 2100, 0, 0, 0, 495, 0, 0]
0 3 [495, 0, 0, 0, 0, 0, 0, 0, 0, 0, 0, 0, 0]
0 4 [0, 0, 0, 0, 0, 0, 0, 0, 0, 0, 0]
0 5 [300, 37, 0, 111, 0, 0, 0, 0, 0, 0]
0 6 [0, 0, 0, 750, 0, 0, 300, 0, 165, 0, 0]
0 7 [25, 0, 425, 0, 0, 0, 0, 0, 0, 0, 400]
0 8 [0, 0, 0, 0, 0, 0, 0, 0, 0, 0, 0, 150, 0]
0 9 [125, 0, 462, 0, 0, 0, 0, 0, 2100, 0, 0, 0, 0, 0]
0 10 [0, 1200, 0, 0, 0, 0, 0, 0, 0, 0]
0 11 [0, 75, 0, 0, 0, 0, 0, 111, 200, 0]
0 12 [1815, 0, 0, 0, 700, 0, 198, 0, 0, 0]
0 13 [700, 0, 0, 0, 0, 0, 0, 0, 250, 0, 330]
0 14 [325, 225, 0, 0, 0, 150, 0, 0, 0, 0, 0, 0, 0, 0, 0]
0 15 [0, 0, 0, 0, 0, 525, 150, 0]
0 16 [0, 0, 165, 0, 500, 225, 100, 407, 0, 0, 0, 0]
0 17 [0, 100, 0, 0, 0, 0, 0, 0, 75, 0, 0, 300, 0, 333]
0 18 [225, 0, 1254, 0, 0, 0, 0, 0, 198, 0, 0, 0]
0 19 [0, 148, 300, 0, 1452, 0, 1000, 0, 1550, 350, 495]
0 20 [50, 0, 0, 0, 0, 0, 0, 259, 0, 150, 0]
0 21 [200, 50, 0, 37, 0, 0, 0, 0, 0, 0, 0, 0]
0 22 [0, 0, 1400, 0, 0, 0, 900]
0 23 [0, 450, 0, 74, 2150, 0, 0, 0, 0, 0, 0, 0, 0, 2100, 100, 0]
0 24 [0, 37, 300, 74, 900, 37, 0, 0, 0, 0, 700, 50, 700]
0 25 [0, 0, 0, 0, 0, 0, 0, 0, 0, 0, 0, 225, 0, 900, 0]
0 26 [300, 0, 0, 0, 0, 0, 0, 0, 330, 0, 0]
0 27 [99, 0, 2200, 0, 0, 0, 2500, 150, 100, 0, 500, 0, 33]
0 28 [66, 0, 0, 0, 0, 675, 0]
0 29 [0, 0, 0, 0, 0, 0, 0, 0, 0, 0]
0 30 [50, 0, 0, 0, 0, 0, 50, 0, 700, 0]
0 31 [75, 0, 0, 200, 0, 0, 0, 0, 0, 0, 250, 0, 0]
0 32 [0, 0, 0, 0, 0, 0, 0, 0, 0]
0 33 [0, 0, 0, 0, 0, 0, 0, 0]
0 34 [0, 0, 0, 0, 0, 0, 0, 0, 2100, 0, 165, 0, 0]
0 35 [0, 50, 0, 0, 0, 0, 0, 0, 0, 0, 0, 0, 200, 0]
0 36 [200, 300, 175, 0, 100, 0, 100, 370, 275]
0 37 [0, 0, 0, 0, 0, 500, 300, 37, 0, 0, 225, 0, 1100, 0, 0]
0 38 [25, 111, 0, 0, 150]
0 39 [200, 0, 0, 0, 0, 0, 100, 150, 0]
0 40 [1300, 0, 950, 0, 0, 0, 0, 0, 275, 0]
0 41 [0, 0, 2000, 0, 0, 0, 165, 0, 0, 0, 957, 0, 0, 518, 0, 0]
0 42 [25, 0, 99, 600, 0]
0 43 [0, 74, 0, 0, 0, 0, 0, 0, 0, 0, 200]
0 44 [200, 74, 1225, 0, 363, 0, 0, 0, 0, 0, 250, 0, 0, 0, 0, 0, 0]
0 45 [100, 700, 0, 0, 0, 0, 0, 74, 300, 0, 300]
0 46 [0, 75, 264, 0, 0, 0, 0, 0, 0, 150, 0, 0, 100, 0, 0]
0 47 [0, 74, 300, 550, 0, 0, 0, 0, 0, 0, 0, 0, 132, 0]
0 48 [0, 75, 660, 75, 0, 0, 132, 750, 0, 1350]
0 49 [0, 0, 0, 0, 0, 0, 200, 0, 0, 0, 400, 0]
