288
721
0
600
[15]
[]
0 0 [0, 201, 0, 115, 0, 0, 0, 552, 0, 901, 50, 43]
0 1 [0, 428, 0, 259, 0, 0, 24, 147, 1525, 37, 516, 0, 0, 0, 618, 456]
0 2 [321, 211, 79, 600, 260, 300, 680, 0, 33, 0, 0]
0 3 [0, 0, 0, 0, 0, 0, 208, 0, 0]
0 4 [243, 0, 0, 190, 200, 529, 41, 150, 150, 0, 0, 0]
0 5 [0, 417, 0, 0, 16, 100, 0, 354, 6]
0 6 [0, 0, 0, 130, 1049, 0, 1572, 9, 24]
0 7 [0, 0, 0, 0, 0, 0, 0, 555, 0, 224, 0, 300, 521, 80, 6]
0 8 [383, 0, 0, 24, 344, 686, 100, 601, 100, 12]
0 9 [644, 375, 0, 0, 0, 233, 0, 682, 0, 873, 200, 0, 0, 0]
0 10 [350, 0, 201, 0, 0, 413, 342, 0, 303, 224, 362, 389, 0, 0, 297, 110, 0]
0 11 [0, 456, 304, 0, 0, 0, 1010, 1155, 1109, 0, 0, 75, 0, 0, 0, 77]
0 12 [136, 0, 70, 0, 0, 0, 0, 150, 0]
0 13 [0, 0, 150, 0, 472, 0, 0, 9, 0, 216, 0, 0, 0]
0 14 [0, 421, 204, 308, 220, 450, 341, 851, 0, 75, 86, 0]
600 15 [684, 1510, 1509, 1300, 681, 1132, 626, 600, 670, 2770]
0 16 [0, 1284, 0, 1140, 0, 191, 0, 556, 33, 0, 610, 50, 0, 12]
0 17 [0, 0, 297, 49, 318, 701, 0, 24, 25, 683, 33, 621, 51, 0, 0]
0 18 [0, 75, 0, 1008, 350, 0, 0, 446, 0, 23, 75, 0, 118, 0]
0 19 [0, 760, 572, 0, 0, 0, 238, 1604, 0, 571, 25, 0, 0]
0 20 [304, 0, 0, 0, 10, 0, 208, 74, 0, 181, 1300, 0, 8]
0 21 [0, 395, 0, 270, 33, 900, 50, 1495, 0, 566, 0, 750, 500, 0, 0, 12]
0 22 [0, 567, 258, 1000, 0, 0, 0, 447, 0, 1412, 4, 150, 118]
0 23 [102, 0, 0, 0, 0, 0, 0, 0]
0 24 [0, 0, 0, 414, 507, 578, 0, 0]
0 25 [0, 0, 0, 340, 0, 259, 585, 3, 0, 23, 0, 52, 0, 0]
0 26 [0, 283, 0, 76, 96, 787, 2302, 0, 50, 828, 0, 0, 0, 0, 0]
0 27 [0, 372, 0, 0, 246, 430, 0, 0, 0, 0, 380, 0]
0 28 [25, 500, 0, 85, 751, 60, 323, 50]
0 29 [99, 218, 250, 0, 0, 116, 33, 0, 89, 0, 0, 0]
0 30 [0, 0, 0, 0, 108, 180, 0, 481, 0, 0, 33, 376, 0]
0 31 [0, 334, 24, 188, 0, 234, 0, 537, 450, 362, 0, 0, 81, 0, 0]
0 32 [0, 324, 120, 0, 0, 225, 363, 0, 0, 0, 0, 0, 0]
0 33 [0, 0, 252, 0, 0, 814, 0, 615, 0, 0, 813, 0]
0 34 [1068, 0, 0, 0, 0, 0, 0, 96, 0, 601, 0, 0, 1372, 0, 0]
0 35 [0, 1170, 0, 301, 301, 0, 0, 699, 0, 0, 0]
0 36 [85, 172, 0, 0, 0, 393, 33, 380, 328, 0, 0, 0, 0, 0, 0, 40, 0, 0, 12]
0 37 [0, 0, 0, 562, 61, 64, 1050, 853, 395, 50, 1, 752, 302, 0, 100, 0, 0]
0 38 [90, 148, 0, 10, 250, 75, 16]
0 39 [0, 216, 0, 0, 332, 24, 713, 0, 0, 0, 50, 0, 0, 0]
0 40 [0, 0, 1056, 0, 0, 946, 485, 1353, 0, 501, 119, 0]
0 41 [23, 0, 0, 0, 700, 24, 541, 0, 51, 75, 300, 0, 0]
0 42 [0, 0, 473, 0, 0, 0, 59, 50, 0, 0]
0 43 [0, 0, 0, 0, 0, 0, 383, 504, 0, 0, 498, 0, 315]
0 44 [636, 0, 0, 0, 187, 27, 16, 0, 1861, 2305, 0, 0, 150, 0, 0, 595, 317, 0]
0 45 [192, 376, 340, 0, 0, 462, 0, 0]
0 46 [0, 680, 254, 0, 0, 0, 0, 900, 0, 2310, 50, 2458, 107, 74, 69, 0]
0 47 [384, 75, 68, 612, 33, 0, 0, 525, 0]
0 48 [442, 0, 404, 333, 50, 425, 0, 0, 33, 0, 0]
0 49 [600, 708, 353, 299, 0, 0, 33, 0, 313, 0, 0]
