288
2501
1367
150
[8]
[]
0 0 [0, 0, 75, 0, 0, 37, 500, 0, 0, 0, 0, 600, 0, 185, 0, 0]
0 1 [99, 148, 0, 50, 350, 0, 800, 0, 200, 0, 150, 200, 1250, 0]
0 2 [0, 0, 125, 0, 330, 0, 132, 0, 600, 0, 0, 0, 297, 0, 0, 0, 2300]
0 3 [0, 0, 495, 0, 0, 200, 0, 0, 0, 0, 0, 0, 150, 0, 0]
0 4 [0, 250, 425, 0, 0, 0, 0, 0, 300, 0]
0 5 [0, 0, 0, 0, 0, 0, 0, 1650, 250, 50, 800, 0, 0, 0, 1150]
0 6 [600, 0, 0, 37, 0, 0, 66, 0, 0, 0, 0, 0, 725, 0]
0 7 [0, 0, 1400, 0, 0, 0, 250, 0, 50, 0, 625, 900, 0, 481]
150 8 [2013, 300, 495, 150, 660, 250]
0 9 [0, 0, 200, 0, 500, 0, 25, 0, 0, 0, 0, 703]
0 10 [3050, 0, 0, 0, 0, 0, 0, 0, 0, 0, 0, 0]
0 11 [0, 0, 0, 0, 0, 0, 175, 0, 0, 0, 200, 50]
0 12 [0, 50, 0, 0, 0, 0, 0, 0, 1300, 50, 200, 0, 924, 0]
0 13 [0, 0, 0, 0, 0, 0, 0, 0, 0, 375, 250]
0 14 [0, 0, 0, 0, 900, 100, 165, 0]
0 15 [0, 5025, 1500, 0, 0, 148, 264, 0, 0]
0 16 [0, 0, 0, 0, 0, 375, 200, 37, 0, 0, 0, 0, 1800]
0 17 [0, 0, 0, 0, 0, 1050, 100, 300, 900, 0, 0, 0, 400, 0]
0 18 [0, 0, 0, 0, 950, 600, 100, 150, 0, 0, 1750, 0, 0, 0]
0 19 [0, 0, 0, 150, 0, 675, 99, 0, 0, 0, 0, 1275, 1000, 450, 792]
0 20 [0, 0, 0, 0, 225, 0, 125, 0, 0, 100, 0, 111, 0, 0, 0, 3300]
0 21 [1300, 0, 50, 0, 50, 150, 0, 0, 400, 0]
0 22 [0, 0, 297, 400, 99, 0, 1350, 0]
0 23 [0, 0, 0, 0, 363, 0, 0, 200, 2500, 150, 0, 0, 726, 75, 450, 0, 900]
0 24 [0, 0, 500, 0, 0, 0, 0, 0, 0, 0, 2400]
0 25 [0, 0, 0, 0, 100, 150, 99, 50, 0, 0, 0, 0, 100, 300, 1023, 1050]
0 26 [1725, 0, 150, 0, 2300, 0, 0, 259, 66, 75, 0, 0, 627, 0]
0 27 [0, 0, 132, 0, 100, 0, 0, 75, 0, 2850, 0, 250, 0, 0, 726]
0 28 [0, 0, 0, 0, 1000, 750, 175, 0, 0, 200, 231, 0, 700, 0]
0 29 [0, 0, 0, 0, 0, 0, 125, 0, 200, 0, 165, 0, 0]
0 30 [250, 0, 462, 0, 0, 0, 0, 0, 0, 100, 858, 1950]
0 31 [0, 75, 0, 0, 132, 0, 1300, 50, 66, 148, 0]
0 32 [1700, 0, 350, 0, 0, 0, 525, 37, 0, 0, 0, 0, 3500]
0 33 [1500, 0, 0, 0, 0, 0, 330, 296, 0, 0, 0, 0, 1250, 100, 0, 0]
0 34 [0, 150, 132, 0, 250, 0, 0, 1350, 0]
0 35 [0, 3900, 0, 0, 600, 0, 264, 0, 0, 300, 1200, 0, 0, 0, 50, 185]
0 36 [3100, 0, 0, 148, 0, 0, 100, 0, 264, 150]
0 37 [132, 600, 132, 0, 650, 825, 150, 0, 0, 0, 125, 300, 0]
0 38 [0, 0, 350, 0, 0, 750, 297, 0, 0, 0, 0, 0]
0 39 [0, 0, 0, 0, 325, 150, 300, 0, 165, 0, 0, 0, 950, 100, 0, 37, 525]
0 40 [5300, 0, 429, 0, 550, 0, 0, 0, 0, 0, 0, 0]
0 41 [0, 0, 0, 450, 0, 0, 0, 200, 0, 0]
0 42 [0, 0, 0, 0, 0, 0, 900, 0, 0, 0, 0, 0, 1100, 0, 950, 0]
0 43 [0, 0, 0, 0, 25, 0, 0, 0, 0, 0, 0, 0]
0 44 [0, 0, 0, 111, 100, 0, 200, 0, 0]
0 45 [0, 3525, 1000, 450, 400, 740]
0 46 [0, 0, 0, 0, 0, 0, 0, 0, 0, 0]
0 47 [0, 0, 0, 0, 350, 0, 0, 37, 0, 0, 198, 0, 225]
0 48 [1425, 0, 0, 100, 0, 0, 600, 0, 550, 0, 0]
0 49 [0, 0, 330, 0, 0, 350, 0, 150, 1200, 450, 0, 111, 650]
