288
1081
2
2350
[10, 19, 28, 35]
[]
0 0 [695, 54, 33, 31, 698, 301, 120, 492, 265, 0, 0, 4, 25, 0, 300, 0]
0 1 [5, 10, 20, 172, 119, 48, 172, 0, 0, 160, 500, 186, 0, 0, 14]
0 2 [132, 0, 201, 1125, 143, 302, 66, 12, 0, 0, 1]
0 3 [0, 29, 20, 150, 335, 0, 1053, 0, 200, 2, 32, 56]
0 4 [689, 701, 275, 124, 42, 818, 546, 174, 64, 0, 124, 100, 0, 0, 74]
0 5 [190, 6, 0, 62, 157, 287, 3, 0, 54, 199, 171]
0 6 [79, 0, 64, 178, 0, 122, 79, 182]
0 7 [261, 470, 0, 178, 0, 872, 0, 1260, 19, 336, 100, 38, 46, 0]
0 8 [201, 12, 403, 47, 230, 39, 37, 0, 467, 4, 200, 28]
0 9 [15, 487, 435, 148, 50, 216, 0, 247, 0, 119, 60, 0, 48]
295 10 [295, 750, 311, 551, 354, 520, 467, 1352, 363, 1464, 918, 585]
0 11 [67, 405, 0, 302, 50, 1216, 20, 89, 0, 91, 0, 250]
0 12 [370, 0, 60, 38, 33, 591, 314, 268, 202, 1362, 0, 0, 585, 136, 271, 50, 10, 504]
0 13 [401, 0, 151, 1928, 11, 396, 250, 258, 811, 0, 877, 43, 715, 554, 901, 301, 0, 16, 6]
0 14 [0, 606, 450, 50, 25, 0, 0, 1350, 72, 0]
0 15 [82, 0, 50, 498, 147, 592, 452, 544, 0, 19, 0, 3, 0, 0, 0, 180]
0 16 [193, 42, 1, 1121, 149, 0, 456, 0, 0, 76, 9]
0 17 [11, 5, 0, 105, 72, 142, 100, 19, 3, 225, 68, 120]
0 18 [384, 6, 176, 729, 57, 0, 330, 462, 0, 510, 0, 602]
328 19 [328, 379, 935, 450, 340, 748, 462, 1500, 520, 1350]
0 20 [175, 106, 100, 532, 202, 210, 0, 89, 601, 0, 10, 843, 0, 166, 59, 40]
0 21 [128, 324, 376, 54, 72, 0, 6]
0 22 [0, 176, 193, 162, 57, 628, 512, 156, 1003, 0, 155, 0, 0, 75, 1]
0 23 [82, 90, 514, 150, 198, 0, 594, 149, 33, 269, 0]
0 24 [201, 291, 25, 2251, 15, 0, 240, 66, 0, 10, 126, 0, 12, 305, 49]
0 25 [473, 1220, 130, 0, 36, 0, 191, 191, 0]
0 26 [92, 0, 201, 60, 772, 1, 0, 540, 0, 0, 1]
0 27 [84, 0, 130, 50, 243, 191, 248, 92, 0, 0, 1, 300, 190, 150, 0]
401 28 [1584, 1240, 2100, 650, 957, 490, 1000, 649, 401, 1125, 476]
0 29 [198, 171, 1020, 0, 377, 125, 116, 686, 234]
0 30 [0, 1, 256, 525, 50, 0, 393, 1088, 0, 537, 318, 30, 231]
0 31 [171, 0, 40, 0, 123, 348, 0, 49, 114, 1, 250, 813, 45, 132, 0, 185, 46, 0]
0 32 [599, 1440, 142, 0, 901, 145, 50, 1772, 59, 100, 4, 523, 0, 990, 63, 0, 233, 268]
0 33 [39, 226, 21, 18, 100, 0, 0, 0, 0, 0, 0, 4]
0 34 [123, 0, 366, 120, 0, 111, 0]
1326 35 [1367, 1887, 2029, 1692, 1326, 2715, 1604, 5018, 3102, 2938, 1701]
0 36 [239, 2452, 66, 0, 0, 0, 7, 74, 50]
0 37 [622, 168, 181, 156, 58, 0, 0, 196, 0, 53]
0 38 [130, 226, 132, 13, 6, 816, 0, 0, 0, 0, 240, 0, 0, 111]
0 39 [0, 0, 0, 101, 107, 32, 8, 0, 50, 0, 150, 0]
0 40 [190, 260, 125, 8, 75, 992, 52, 60, 0, 0, 101, 238, 440, 3, 88, 10]
0 41 [2, 6, 500, 174, 0, 3054, 0, 0, 1103, 641, 8, 42, 6, 0]
0 42 [33, 56, 0, 357, 43, 358, 0, 181, 0, 0, 0, 50, 27]
0 43 [6, 544, 528, 0, 0, 86, 75, 0, 128]
0 44 [230, 1197, 7, 0, 94, 1322, 25, 0, 0, 14, 0, 21, 100]
0 45 [0, 534, 0, 0, 222, 74, 433, 0, 91, 214, 0, 450, 0]
0 46 [0, 0, 13, 0, 99, 387, 498, 0, 0, 146, 0, 690]
0 47 [109, 0, 384, 2444, 145, 0, 33, 12]
0 48 [39, 294, 112, 0, 0, 219, 36, 0]
0 49 [0, 2, 2, 136, 0, 452, 0, 128, 0, 35, 0, 28]
