288
2501
1708
0
[]
[]
0 0 [0, 0, 450, 0, 200, 0, 100, 0, 0, 0, 300]
0 1 [200, 0, 100, 50, 396, 300, 1200, 0, 600, 37]
0 2 [0, 0, 0, 0, 150, 0, 50, 0, 2700, 0]
0 3 [0, 0, 225, 0, 100, 0, 198, 150, 1600, 0]
0 4 [125, 0, 175, 0, 325, 0, 25, 0, 264]
0 5 [0, 0, 300, 75, 0, 225, 200, 37, 150, 0]
0 6 [250, 0, 132, 0, 350, 0, 0, 0, 33]
0 7 [0, 0, 0, 0, 0, 0, 0, 0, 99, 0, 50, 0, 0, 0, 100]
0 8 [0, 0, 0, 0, 325, 300, 0, 0, 165, 37, 0, 0, 225, 0]
0 9 [0, 0, 0, 200, 0, 0, 0]
0 10 [0, 0, 600, 0, 33, 0, 0, 0, 0, 0, 100, 50, 1200, 0]
0 11 [0, 0, 225, 0, 500, 0, 50, 0, 300, 0, 500, 50, 75, 0, 528, 0, 0, 0]
0 12 [0, 0, 0, 0, 0, 0, 0, 0, 0, 0, 0, 0, 350, 0, 132, 150, 375, 0, 66]
0 13 [0, 0, 33, 0, 33, 0, 150, 0, 0, 0]
0 14 [0, 0, 900, 0, 99, 0, 100, 0, 300, 0, 0, 0]
0 15 [132, 0, 33, 0, 264, 0, 175, 0, 150, 300, 200, 0, 250]
0 16 [0, 0, 50, 450, 400, 0, 150, 0, 0]
0 17 [0, 0, 400, 111, 0, 0, 0, 150, 0, 0, 0]
0 18 [500, 0, 400, 0, 198, 0, 150, 225, 0, 0]
0 19 [0, 0, 50, 0, 300, 0, 0, 0, 33, 150, 0, 0, 50]
0 20 [0, 0, 0, 0, 50, 75, 1850, 37, 1075]
0 21 [0, 0, 100, 0, 0, 0, 300, 0, 50, 0, 150, 0, 0, 0, 0]
0 22 [0, 0, 0, 0, 75, 0, 0, 225, 475, 111]
0 23 [0, 0, 0, 0, 50, 0, 0, 0, 0, 0, 0, 0, 330, 0, 275]
0 24 [0, 0, 0, 0, 125, 0, 0, 0, 0, 0, 1600, 150, 50, 0, 75, 150, 50, 0]
0 25 [150, 0, 150, 0, 1500, 0, 100, 0, 0, 150, 0, 50]
0 26 [0, 0, 0, 0, 100, 0, 1600, 0, 400, 0, 150, 0, 100, 0, 300]
0 27 [0, 0, 150, 0, 600, 0, 0, 0, 425, 37, 50, 0, 25, 0]
0 28 [0, 0, 275, 0, 0, 0, 0, 0, 231, 75, 450, 150, 200]
0 29 [0, 0, 0, 0, 33, 0, 0, 0, 0, 0, 0, 0, 50, 0, 0]
0 30 [0, 0, 99, 0, 150, 225, 25, 0, 0, 0, 150, 0, 725, 0]
0 31 [0, 0, 200, 0, 0, 50, 400, 0]
0 32 [2800, 0, 200, 0, 99, 0, 363]
0 33 [0, 0, 50, 0, 0, 0, 264, 0, 100, 0, 75, 0, 0, 0]
0 34 [500, 0, 50, 0, 0, 0, 200, 0, 66, 0, 0]
0 35 [0, 0, 33, 0, 0, 0, 0, 50]
0 36 [0, 0, 0, 0, 0, 0, 300, 0, 0, 0, 25, 0, 0, 150, 0, 0, 600, 100]
0 37 [350, 0, 0, 0, 0, 0, 0, 0, 0, 0, 825, 0, 325, 0, 1175]
0 38 [0, 0, 700, 0, 250, 0, 462, 150]
0 39 [0, 0, 0, 0, 75, 0, 99, 0, 0, 0, 400, 0, 99, 0, 900, 0]
0 40 [0, 0, 0, 111, 0, 0, 0, 75, 132, 0, 0, 0, 400]
0 41 [0, 0, 0, 150, 0, 0, 25, 0, 132, 0, 25, 0, 132, 0, 500, 0, 300, 0, 150, 0]
0 42 [0, 0, 0, 0, 100, 0, 0, 0, 0, 0, 0]
0 43 [0, 0, 200, 0, 625, 0, 0, 0, 0, 0, 100, 0, 33, 0, 0, 0]
0 44 [225, 0, 0, 0, 25, 150, 0, 0, 0, 0, 1900, 0, 0, 0]
0 45 [200, 0, 125, 0, 100, 0, 100, 0, 950, 37, 0, 0, 0]
0 46 [0, 0, 1122, 0, 0, 0, 1500, 50, 100, 75, 1000, 0, 5200]
0 47 [231, 0, 0, 0, 0, 0, 50, 0, 0, 0]
0 48 [75, 0, 150, 0, 2800, 0, 0, 0, 150, 50, 50, 0, 100, 200]
0 49 [0, 0, 350, 0, 1000, 0, 600, 0, 0, 0]
