288
1081
1
2372
[0, 3, 9, 13, 32, 34, 48]
[]
1002 0 [3278, 2397, 1814, 2460, 1410, 2471, 1892, 1992, 1002, 1663]
0 1 [66, 240, 85, 0, 0, 598, 68, 85, 0, 100, 471, 250]
0 2 [129, 366, 0, 0, 110, 18, 0, 301, 405, 107, 62, 30]
275 3 [469, 675, 306, 1352, 900, 333, 275]
0 4 [144, 0, 58, 30, 0, 268, 0, 25, 100, 44, 261]
0 5 [0, 75, 0, 182, 786, 1, 0, 50, 0, 50, 0]
0 6 [149, 0, 39, 434, 0, 0, 0, 61, 149, 144, 700, 1146, 90, 556, 244, 300, 137, 171, 0]
0 7 [43, 0, 0, 0, 24, 102, 100, 91, 208, 750, 66, 74, 175, 150, 33, 36]
0 8 [136, 0, 0, 430, 99, 225, 275, 54, 130, 123, 125]
114 9 [301, 114, 300, 225, 115, 300, 606, 525, 337, 1475]
0 10 [0, 0, 213, 46, 0, 0, 25, 0, 0, 85, 66, 0]
0 11 [0, 0, 100, 150, 60, 37, 0, 6, 100, 342, 27, 341]
0 12 [76, 24, 0, 0, 12, 0, 0, 62, 8, 48, 0, 0]
223 13 [342, 900, 300, 274, 223, 1784, 435]
0 14 [115, 0, 216, 0, 34, 0, 96, 0, 99, 200, 348, 101, 0, 75, 252, 225, 32]
0 15 [0, 0, 200, 0, 0, 0, 0, 200, 20, 16, 192, 0, 0, 221, 139, 147, 0, 15]
0 16 [177, 18, 0, 295, 0, 616, 6, 0, 0, 38]
0 17 [0, 0, 100, 89, 43, 0, 115, 720]
0 18 [0, 0, 200, 66, 267, 54, 16, 4, 0, 0, 150, 0, 0, 480]
0 19 [2, 27, 0, 0, 63, 2, 216, 33, 0]
0 20 [0, 0, 0, 970, 0, 81, 27, 64, 0, 0]
0 21 [0, 0, 0, 34, 0, 0, 0, 0, 128, 8]
0 22 [282, 57, 99, 50, 50, 166, 160, 124, 0, 0, 100, 150, 0, 1266, 110, 28]
0 23 [40, 431, 16, 0, 192, 11, 0, 33, 5]
0 24 [268, 0, 0, 0, 8, 0, 267, 1016, 65, 0, 0, 19, 320, 0, 10]
0 25 [57, 0, 0, 0, 90, 0, 125, 3, 0, 0, 50, 601, 78, 108, 126, 0, 0, 144, 0, 402]
0 26 [0, 0, 1, 0, 40, 94, 116, 16, 0, 191, 5, 52]
0 27 [0, 0, 192, 6, 58, 199, 280, 0, 132, 0, 79, 0]
0 28 [86, 0, 0, 12, 0, 0, 200, 1852, 69, 249, 109, 367, 281]
0 29 [40, 139, 204, 112, 150, 46, 200, 0, 0, 225]
0 30 [43, 0, 0, 0, 0, 90, 0, 251, 140, 75, 0, 100, 290, 191]
0 31 [156, 40, 0, 230, 0, 0, 60, 0, 75, 1, 0, 74, 423]
687 32 [1057, 1392, 924, 1464, 831, 1373, 1702, 1333, 950, 1651, 687, 1103, 1732]
0 33 [356, 122, 219, 20, 0, 69, 130, 75, 563, 0, 335, 112, 0, 50, 58, 450, 66]
50 34 [136, 300, 100, 150, 96, 1083, 50, 74, 74, 256, 174, 105, 200, 111, 1165, 74, 155]
0 35 [0, 0, 0, 0, 212, 0, 100, 693, 158, 180, 100, 24, 100, 225, 90]
0 36 [105, 0, 0, 40, 160, 116, 25, 0, 200, 560, 157, 0, 384, 55, 580, 0, 60]
0 37 [0, 0, 0, 75, 376, 37, 69, 37, 422, 870]
0 38 [43, 215, 9, 410, 0, 37, 152]
0 39 [38, 72, 0, 0, 51, 0, 3, 0, 0, 0, 18, 100, 0, 52, 0, 0]
0 40 [240, 149, 50, 47, 0, 87, 50, 53, 1, 0]
0 41 [94, 53, 210, 0, 136, 13, 174, 101, 50, 134, 0]
0 42 [0, 0, 100, 0, 344, 0, 50, 241, 125, 842, 11, 255, 100, 83, 8, 0]
0 43 [0, 0, 0, 0, 125, 0, 61, 226, 43, 300, 100, 61, 108, 0]
0 44 [0, 0, 161, 35, 0, 26, 0, 150, 25, 280, 0]
0 45 [0, 0, 199, 19, 0, 95, 180, 0, 0, 684, 0, 0, 359, 16, 0]
0 46 [76, 717, 0, 0, 80, 26, 6, 0, 68, 840, 0, 550, 140]
0 47 [0, 0, 276, 50, 16, 0, 0, 25, 66, 0]
21 48 [69, 245, 497, 21, 202, 152, 66]
0 49 [76, 181, 0, 17, 99, 17, 0, 625, 250, 185]
