288
2501
1262
100
[8]
[]
0 0 [0, 0, 50, 0, 0, 37, 700, 0, 200, 0, 0, 650, 0, 111, 0, 0]
0 1 [132, 111, 0, 100, 400, 300, 1400, 0, 400, 75, 300, 450, 900, 0]
0 2 [0, 0, 125, 0, 429, 0, 132, 0, 750, 0, 0, 0, 297, 0, 0, 0, 2200]
0 3 [0, 0, 462, 0, 0, 150, 0, 0, 0, 0, 0, 0, 350, 37, 0]
0 4 [0, 200, 700, 0, 0, 0, 0, 0, 300, 0]
0 5 [0, 0, 0, 0, 0, 0, 0, 1050, 150, 0, 1300, 0, 0, 0, 1050]
0 6 [300, 0, 0, 37, 0, 0, 99, 0, 0, 0, 0, 0, 850, 0]
0 7 [0, 0, 1000, 0, 0, 0, 350, 37, 200, 0, 525, 600, 0, 740]
100 8 [1848, 300, 528, 100, 660, 200]
0 9 [0, 0, 400, 0, 750, 0, 0, 0, 0, 0, 0, 740]
0 10 [2850, 0, 0, 0, 0, 0, 0, 75, 0, 0, 0, 0]
0 11 [0, 0, 0, 0, 0, 0, 225, 0, 0, 50, 350, 0]
0 12 [0, 0, 0, 75, 0, 0, 0, 150, 1000, 100, 250, 0, 792, 0]
0 13 [0, 0, 0, 0, 0, 0, 0, 0, 0, 375, 350]
0 14 [0, 0, 0, 0, 700, 100, 165, 0]
0 15 [0, 4275, 1400, 0, 0, 148, 198, 0, 0]
0 16 [0, 0, 0, 0, 0, 150, 0, 0, 0, 0, 0, 0, 2400]
0 17 [0, 0, 0, 0, 0, 1050, 300, 350, 800, 75, 0, 0, 600, 0]
0 18 [0, 0, 0, 0, 450, 400, 0, 0, 0, 0, 1300, 0, 0, 0]
0 19 [0, 0, 0, 75, 0, 450, 99, 111, 0, 0, 0, 1650, 950, 225, 660]
0 20 [0, 0, 0, 0, 200, 0, 300, 0, 0, 350, 0, 222, 0, 0, 0, 2550]
0 21 [1450, 0, 75, 0, 75, 0, 0, 0, 400, 0]
0 22 [0, 0, 297, 650, 66, 0, 1600, 0]
0 23 [0, 0, 0, 0, 297, 0, 0, 300, 900, 0, 0, 0, 858, 75, 300, 0, 700]
0 24 [0, 0, 200, 0, 0, 0, 0, 250, 0, 0, 2100]
0 25 [0, 225, 0, 0, 100, 150, 66, 0, 0, 0, 0, 0, 150, 200, 957, 1725]
0 26 [1450, 0, 125, 0, 1500, 0, 0, 185, 66, 0, 0, 0, 759, 0]
0 27 [0, 0, 231, 0, 100, 0, 0, 75, 0, 2700, 0, 350, 0, 0, 660]
0 28 [0, 0, 0, 0, 1100, 1050, 175, 0, 0, 150, 165, 0, 300, 0]
0 29 [0, 0, 0, 0, 0, 0, 100, 0, 300, 0, 132, 0, 0]
0 30 [200, 0, 561, 0, 0, 0, 0, 0, 0, 150, 1023, 2400]
0 31 [0, 0, 0, 0, 99, 0, 1300, 0, 33, 111, 0]
0 32 [1550, 0, 450, 0, 0, 0, 400, 37, 0, 0, 0, 0, 2500]
0 33 [1300, 0, 0, 0, 0, 0, 264, 111, 0, 0, 0, 0, 850, 0, 0, 0]
0 34 [0, 0, 165, 0, 150, 0, 0, 1050, 0]
0 35 [0, 4425, 0, 0, 1400, 0, 132, 0, 0, 75, 1000, 0, 0, 0, 50, 185]
0 36 [2550, 0, 0, 222, 0, 0, 0, 0, 66, 150]
0 37 [363, 450, 0, 0, 400, 1275, 600, 0, 0, 0, 225, 975, 0]
0 38 [0, 0, 250, 50, 400, 1200, 198, 0, 0, 150, 0, 150]
0 39 [0, 0, 0, 1050, 325, 75, 100, 0, 231, 150, 50, 0, 900, 150, 0, 0, 325]
0 40 [7000, 0, 330, 0, 950, 0, 0, 0, 0, 0, 0, 0]
0 41 [0, 0, 0, 350, 0, 0, 0, 50, 0, 0]
0 42 [0, 0, 0, 0, 0, 0, 600, 150, 0, 0, 0, 0, 1050, 0, 1050, 0]
0 43 [0, 0, 0, 0, 0, 0, 500, 0, 0, 0, 0, 0]
0 44 [0, 0, 0, 37, 0, 0, 150, 0, 0]
0 45 [0, 4950, 1200, 600, 600, 703]
0 46 [0, 0, 0, 0, 0, 0, 0, 0, 0, 0]
0 47 [0, 0, 0, 0, 150, 0, 0, 74, 0, 0, 66, 0, 75]
0 48 [1375, 0, 0, 0, 0, 0, 600, 0, 150, 0, 0]
0 49 [0, 37, 429, 0, 0, 200, 0, 0, 900, 600, 0, 185, 650]
