288
2501
1884
0
[]
[]
0 0 [300, 0, 132, 0, 1000, 50, 1100, 50, 500, 0, 0, 0, 50, 0, 350, 0]
0 1 [25, 0, 0, 0, 275, 74, 675, 150, 0, 0, 750, 0, 0, 0, 300]
0 2 [250, 0, 500, 1650, 500, 0, 165, 0, 0, 0, 0]
0 3 [0, 0, 0, 150, 350, 0, 2500, 75, 300, 0, 50, 0]
0 4 [300, 0, 425, 0, 0, 0, 1089, 0, 0, 0, 150, 300, 0, 0, 33]
0 5 [500, 0, 0, 0, 450, 148, 100, 0, 150, 37, 500]
0 6 [330, 0, 627, 0, 0, 450, 660, 0]
0 7 [200, 0, 33, 0, 33, 400, 0, 0, 0, 1350, 350, 0, 66, 0]
0 8 [400, 0, 1100, 0, 858, 0, 693, 0, 300, 0, 700, 0]
0 9 [350, 300, 900, 0, 0, 0, 0, 0, 0, 74, 429, 150, 264]
0 10 [225, 0, 225, 50, 528, 0, 462, 0, 693, 0, 200, 300]
0 11 [150, 407, 0, 150, 150, 300, 0, 0, 0, 222, 0, 150]
0 12 [500, 0, 100, 0, 33, 650, 650, 0, 400, 1200, 0, 0, 1000, 0, 350, 0, 0, 300]
0 13 [1000, 0, 396, 1050, 0, 75, 600, 0, 1200, 0, 2300, 0, 950, 0, 1100, 300, 0, 0, 25]
0 14 [0, 500, 400, 0, 75, 75, 0, 1650, 1100, 0]
0 15 [175, 0, 200, 0, 225, 0, 975, 0, 0, 74, 0, 0, 0, 0, 0, 0]
0 16 [275, 0, 0, 825, 300, 0, 400, 0, 0, 0, 0]
0 17 [0, 0, 0, 375, 125, 259, 0, 37, 0, 300, 300, 50]
0 18 [900, 0, 363, 300, 297, 150, 750, 0, 0, 0, 0, 600]
0 19 [165, 0, 1300, 0, 625, 888, 396, 750, 350, 0]
0 20 [425, 0, 200, 75, 650, 150, 0, 0, 1150, 0, 0, 1650, 0, 111, 100, 0]
0 21 [264, 74, 1350, 0, 165, 0, 25]
0 22 [0, 0, 363, 0, 0, 0, 1500, 0, 900, 0, 132, 0, 0, 75, 0]
0 23 [400, 225, 1200, 300, 396, 150, 1500, 450, 132, 111, 0]
0 24 [200, 650, 0, 1200, 33, 0, 660, 0, 0, 0, 660, 37, 75, 250, 99]
0 25 [800, 0, 250, 37, 0, 0, 198, 259, 0]
0 26 [363, 0, 300, 185, 1600, 0, 0, 0, 99, 0, 0]
0 27 [231, 0, 100, 0, 700, 0, 594, 0, 0, 0, 0, 225, 1150, 525, 0]
0 28 [600, 450, 1300, 0, 1089, 0, 0, 150, 200, 0, 132]
0 29 [350, 0, 3000, 150, 975, 0, 375, 600, 500]
0 30 [0, 0, 330, 675, 125, 0, 627, 550, 0, 259, 330, 0, 165]
0 31 [264, 0, 100, 0, 1200, 0, 0, 0, 198, 0, 225, 150, 200, 0, 0, 185, 75, 0]
0 32 [500, 1200, 100, 0, 1700, 0, 0, 600, 350, 200, 0, 450, 0, 300, 400, 0, 2075, 450]
0 33 [264, 0, 100, 0, 100, 0, 0, 50, 0, 0, 200, 0]
0 34 [330, 0, 957, 0, 0, 74, 0]
0 35 [396, 250, 1200, 481, 957, 0, 660, 1200, 500, 75, 350]
0 36 [450, 900, 66, 0, 0, 0, 50, 37, 75]
0 37 [700, 37, 250, 0, 350, 0, 0, 50, 0, 148]
0 38 [99, 0, 330, 0, 0, 150, 0, 0, 0, 0, 900, 0, 0, 296]
0 39 [0, 0, 25, 0, 750, 0, 75, 0, 600, 0, 500, 0]
0 40 [231, 0, 350, 0, 275, 600, 0, 0, 0, 0, 363, 296, 1500, 0, 200, 0]
0 41 [50, 0, 900, 0, 50, 2850, 0, 0, 1200, 150, 100, 0, 125, 0]
0 42 [198, 0, 0, 0, 198, 0, 0, 150, 0, 0, 0, 200, 0]
0 43 [25, 150, 660, 0, 0, 0, 75, 0, 100]
0 44 [600, 1800, 66, 0, 225, 300, 25, 0, 0, 0, 150, 0, 500]
0 45 [0, 0, 0, 0, 850, 0, 825, 0, 150, 525, 0, 600, 0]
0 46 [0, 0, 100, 0, 264, 450, 1056, 0, 0, 0, 200, 150]
0 47 [250, 0, 500, 900, 200, 0, 132, 0]
0 48 [0, 0, 800, 75, 0, 37, 300, 0]
0 49 [0, 0, 0, 0, 100, 50, 0, 250, 0, 0, 0, 0]
