288
2501
773
0
[]
[]
0 0 [0, 225, 75, 0, 2300, 0, 0, 0, 1188, 74]
0 1 [0, 0, 100, 0, 400, 0, 462, 0, 0, 0, 0, 0, 25, 0, 0, 0, 1800]
0 2 [0, 0, 100, 0, 0, 0, 0, 0, 0, 0, 0, 0, 600, 0]
0 3 [0, 0, 0, 0, 300, 0, 0, 0, 0, 0, 0, 150, 0, 0]
0 4 [0, 150, 0, 0, 0, 0, 0, 0, 0, 0, 1900]
0 5 [0, 0, 100, 0, 0, 0, 0, 0, 25, 0, 0, 0, 450]
0 6 [0, 0, 350, 74, 0, 0, 0, 0, 0, 0, 0, 0, 2000, 0]
0 7 [0, 0, 0, 450, 0, 0, 0, 0, 0, 0, 1600, 0, 0, 0, 0, 0, 0, 0, 0]
0 8 [0, 0, 0, 300, 0, 0, 0, 0, 0, 0, 0, 0, 0, 0, 1221, 0]
0 9 [500, 0, 0, 0, 0, 0, 0, 0, 0, 0, 600, 0]
0 10 [0, 250, 0, 0, 0, 0, 0, 0, 0, 0, 0, 0, 0, 0, 0, 100]
0 11 [0, 0, 100, 0, 150, 0, 0, 0, 0, 0]
0 12 [0, 200, 0, 100, 0, 0]
0 13 [0, 0, 0, 300, 0, 0, 350, 200, 0, 0, 0, 0, 0, 0, 1188, 0]
0 14 [0, 0, 0, 50, 0, 0, 0, 0, 0, 0, 0, 0, 0, 0, 0]
0 15 [0, 0, 0, 0, 0, 0, 0, 0, 0, 0, 0, 0, 0, 0, 0]
0 16 [0, 0, 0, 0, 0, 0, 0, 0, 0, 0, 700, 0, 700]
0 17 [0, 0, 0, 150, 100, 0, 100, 0, 0, 0, 2600, 0]
0 18 [0, 0, 264, 0, 0, 0, 0, 0, 0]
0 19 [0, 0, 0, 0, 0, 0, 0, 0, 0, 0, 100, 0, 0, 0]
0 20 [0, 300, 0, 0, 600, 0, 0, 0, 0, 0, 0, 0, 500, 0]
0 21 [0, 0, 0, 74, 0, 0, 0, 0, 0, 0, 0, 0, 0, 0]
0 22 [0, 0, 0, 0, 0, 600, 2100, 0, 0, 0, 0, 0, 1550, 0, 0, 0, 550, 0]
0 23 [330, 148, 0, 0, 0, 0, 0, 0, 0, 0, 0, 0]
0 24 [0, 0, 0, 0, 0, 0, 0, 0, 0, 0, 0, 0, 0]
0 25 [0, 0, 450, 148, 0, 0, 0, 0, 0, 0, 0, 0, 0, 0, 0, 0, 0]
0 26 [0, 0, 0, 0, 0, 0, 0, 0]
0 27 [0, 0, 0, 300, 0, 0, 100, 0, 0, 0]
0 28 [100, 0, 0, 0, 0, 0, 0, 0, 0, 0, 0, 0, 300, 0]
0 29 [0, 0, 0, 0, 0, 0, 0, 0, 0, 0, 0, 0, 0, 0, 750]
0 30 [0, 0, 33, 0, 0, 0, 0, 0, 0, 0, 700]
0 31 [0, 75, 0, 0, 0, 0, 700]
0 32 [0, 0, 0, 0, 0, 0, 0, 0, 0, 0, 0, 0, 0, 0, 750, 0]
0 33 [0, 0, 0, 0, 0, 0, 0, 0, 0]
0 34 [0, 74, 0, 0, 0, 0, 0, 0, 2300, 0, 429]
0 35 [200, 0, 0, 0, 0, 0, 0, 75]
0 36 [0, 0, 150, 0, 0, 0, 0, 0, 0, 0, 0, 0]
0 37 [0, 0, 0, 75, 0, 0, 0, 0, 0, 0, 0, 0, 0]
0 38 [0, 0, 150, 0, 0, 0, 50, 0, 0, 0, 0, 0, 0, 0]
0 39 [0, 0, 0, 0, 0, 75, 0, 0, 50, 0, 0, 0, 0, 0]
0 40 [0, 0, 250, 0, 0, 0, 1320, 0, 0, 0, 2600, 0]
0 41 [0, 0, 0, 450, 0, 0, 0, 0, 0, 0, 425]
0 42 [0, 0, 0, 0, 1100, 0, 0, 0, 0, 0, 0, 0, 0, 0, 0]
0 43 [0, 100, 0, 0, 627, 0, 0, 0, 0, 0, 0, 0, 0, 111]
0 44 [198, 0, 0, 0, 0, 0, 0, 0, 0, 0, 0, 0, 0, 0, 2600, 0]
0 45 [0, 0, 165, 0, 0, 0, 0, 0, 0, 0, 0, 0, 0]
0 46 [0, 0, 264, 0, 330, 0, 0, 0, 0, 0, 0, 0, 0]
0 47 [0, 0, 0, 0, 0, 0, 0, 0, 0, 0]
0 48 [400, 0, 0, 0, 0, 0, 0, 0, 0, 0, 700]
0 49 [0, 0, 700, 0, 0, 0, 0, 0, 0, 0, 0, 0, 0, 0, 0, 0, 0, 300, 0]
