288
1081
0
1259
[1, 15, 32]
[]
0 0 [0, 0, 112, 150, 162, 0, 77, 0, 0, 0, 81]
882 1 [2326, 3472, 2394, 1308, 882, 3441, 1316, 2017, 1356, 1121]
0 2 [0, 0, 0, 0, 39, 0, 0, 0, 298, 0]
0 3 [0, 88, 85, 252, 200, 198, 33, 242, 341, 285]
0 4 [25, 0, 0, 0, 100, 0, 0, 0, 96]
0 5 [0, 0, 146, 516, 0, 75, 95, 164, 132, 0]
0 6 [0, 0, 36, 484, 56, 0, 0, 357, 60]
0 7 [0, 174, 0, 110, 6, 20, 0, 0, 31, 12, 0, 18, 0, 168, 46]
0 8 [0, 6, 0, 0, 315, 150, 0, 184, 132, 480, 6, 104, 137, 76]
0 9 [0, 50, 10, 42, 72, 50, 0]
0 10 [0, 0, 70, 0, 33, 0, 0, 366, 1, 24, 25, 0, 320, 22]
0 11 [0, 0, 10, 0, 48, 0, 0, 0, 82, 43, 0, 36, 12, 0, 207, 1, 0, 0]
0 12 [0, 0, 0, 40, 0, 0, 18, 0, 0, 0, 0, 124, 45, 117, 60, 120, 83, 16, 60]
0 13 [0, 43, 0, 36, 0, 4, 0, 238, 0, 0]
0 14 [0, 79, 160, 150, 15, 0, 204, 0, 249, 220, 200, 121]
27 15 [29, 138, 36, 54, 90, 30, 27, 42, 100, 882, 61, 381, 66]
0 16 [0, 0, 50, 606, 158, 385, 0, 122, 0]
0 17 [0, 0, 0, 172, 0, 13, 0, 0, 0, 350, 4]
0 18 [199, 552, 136, 0, 114, 264, 1, 432, 1, 0]
0 19 [0, 0, 0, 0, 166, 0, 0, 11, 0, 176, 0, 0, 0]
0 20 [40, 0, 0, 445, 40, 150, 382, 64, 435]
0 21 [0, 10, 80, 0, 0, 70, 13, 0, 0, 12, 48, 0, 0, 0, 0]
0 22 [0, 0, 59, 0, 38, 71, 0, 210, 250, 111]
0 23 [0, 0, 0, 0, 12, 135, 0, 0, 0, 284, 0, 978, 219, 75, 91]
0 24 [0, 0, 0, 0, 65, 0, 0, 186, 0, 106, 620, 446, 0, 228, 37, 750, 25, 328]
0 25 [14, 0, 158, 17, 446, 12, 3, 36, 3, 75, 20, 134]
0 26 [0, 303, 1, 68, 131, 0, 384, 492, 0, 12, 89, 151, 50, 271, 137]
0 27 [0, 131, 182, 0, 136, 0, 0, 143, 155, 76, 25, 864, 4, 381]
0 28 [0, 57, 19, 0, 33, 0, 0, 94, 69, 85, 131, 1068, 5]
0 29 [0, 40, 0, 0, 0, 0, 0, 0, 0, 15, 0, 0, 0, 23, 0]
0 30 [0, 0, 75, 8, 50, 204, 4, 0, 0, 62, 11, 36, 66, 0]
0 31 [0, 0, 24, 0, 0, 68, 0, 428]
350 32 [1520, 350, 589, 479, 356, 435, 368]
0 33 [0, 0, 183, 0, 25, 76, 38, 0, 52, 0, 50, 1, 0, 70]
0 34 [147, 2, 50, 94, 0, 852, 145, 147, 45, 19, 0]
0 35 [0, 0, 12, 81, 0, 0, 0, 294]
0 36 [0, 3, 0, 107, 0, 1, 51, 0, 0, 108, 25, 0, 0, 864, 18, 0, 349, 536]
0 37 [160, 35, 0, 0, 20, 0, 28, 204, 0, 48, 142, 153, 45, 0, 308]
0 38 [1, 45, 136, 0, 94, 408, 89, 604]
0 39 [0, 0, 0, 5, 40, 0, 36, 0, 0, 2, 2, 0, 36, 12, 217, 0]
0 40 [0, 98, 0, 215, 9, 44, 0, 183, 64, 25, 0, 4, 213]
0 41 [0, 12, 0, 516, 2, 0, 20, 0, 69, 0, 0, 3, 48, 12, 100, 360, 164, 0, 83, 0]
0 42 [0, 0, 0, 102, 47, 91, 0, 966, 0, 317, 0]
0 43 [0, 0, 345, 356, 245, 44, 0, 150, 0, 0, 94, 341, 4, 420, 8, 220]
0 44 [55, 177, 0, 186, 18, 48, 468, 0, 0, 0, 493, 0, 0, 201]
0 45 [2, 0, 21, 0, 11, 0, 54, 12, 432, 40, 0, 175, 0]
0 46 [0, 22, 147, 40, 0, 3, 340, 0, 0, 408, 364, 0, 1128]
0 47 [7, 37, 0, 18, 0, 151, 21, 43, 0, 6]
0 48 [60, 0, 20, 300, 745, 91, 0, 0, 210, 155, 0, 260, 0, 934]
0 49 [0, 0, 69, 15, 704, 296, 1, 75, 50, 115]
