288
2501
1000
0
[]
[]
0 0 [0, 0, 1848, 0, 300, 0, 0, 0, 33, 675, 33, 0]
0 1 [25, 0, 0, 0, 0, 1800, 0, 0, 33]
0 2 [462, 0, 1900, 0, 0, 0, 396, 0, 0]
0 3 [264, 0, 0, 0, 0, 0, 0, 0, 0, 0, 0, 0, 0]
0 4 [0, 0, 0, 0, 0, 0, 0, 0, 0, 0, 0]
0 5 [200, 37, 0, 0, 0, 0, 0, 0, 0, 0]
0 6 [0, 0, 0, 300, 0, 0, 300, 0, 231, 0, 0]
0 7 [75, 0, 375, 0, 0, 0, 0, 0, 0, 0, 700]
0 8 [0, 0, 0, 0, 0, 0, 0, 0, 0, 0, 0, 0, 0]
0 9 [50, 0, 495, 0, 0, 0, 0, 0, 2100, 0, 0, 0, 0, 0]
0 10 [0, 450, 0, 0, 0, 0, 0, 0, 0, 0]
0 11 [0, 0, 0, 0, 0, 0, 0, 37, 250, 0]
0 12 [1683, 0, 0, 0, 1250, 0, 132, 0, 0, 0]
0 13 [950, 450, 0, 0, 0, 0, 0, 0, 350, 0, 396]
0 14 [425, 75, 0, 50, 0, 100, 0, 0, 0, 0, 0, 0, 0, 0, 0]
0 15 [0, 0, 0, 0, 0, 750, 350, 0]
0 16 [0, 0, 231, 0, 1000, 0, 0, 333, 0, 0, 0, 0]
0 17 [0, 50, 0, 150, 0, 0, 0, 0, 50, 0, 0, 250, 0, 444]
0 18 [275, 0, 1386, 0, 0, 0, 0, 0, 132, 0, 0, 0]
0 19 [0, 148, 400, 100, 1749, 0, 1550, 0, 1450, 450, 462]
0 20 [0, 0, 0, 0, 0, 0, 0, 259, 0, 375, 0]
0 21 [100, 100, 0, 37, 100, 0, 0, 0, 0, 0, 0, 0]
0 22 [0, 0, 1100, 0, 0, 0, 700]
0 23 [0, 75, 0, 37, 2300, 0, 100, 0, 0, 0, 0, 0, 0, 750, 50, 0]
0 24 [0, 259, 500, 74, 400, 111, 0, 0, 0, 0, 750, 100, 850]
0 25 [0, 0, 0, 0, 0, 0, 0, 0, 0, 0, 0, 300, 0, 825, 0]
0 26 [200, 0, 99, 0, 0, 0, 0, 0, 396, 0, 0]
0 27 [231, 0, 1950, 0, 0, 0, 2500, 375, 50, 0, 350, 0, 33]
0 28 [33, 0, 0, 0, 0, 450, 0]
0 29 [0, 0, 0, 0, 0, 0, 0, 0, 0, 0]
0 30 [0, 0, 0, 0, 0, 0, 100, 50, 400, 0]
0 31 [0, 0, 0, 50, 0, 0, 0, 0, 0, 0, 300, 0, 0]
0 32 [0, 0, 0, 0, 0, 0, 0, 0, 0]
0 33 [33, 0, 0, 0, 0, 0, 0, 0]
0 34 [0, 0, 0, 0, 0, 0, 0, 0, 2000, 0, 165, 0, 0]
0 35 [0, 50, 0, 0, 0, 0, 0, 0, 0, 0, 0, 0, 200, 0]
0 36 [200, 150, 150, 0, 50, 37, 0, 444, 200]
0 37 [0, 0, 0, 0, 0, 400, 0, 37, 0, 0, 175, 0, 1200, 0, 0]
0 38 [50, 148, 0, 0, 100]
0 39 [200, 0, 0, 0, 0, 0, 100, 0, 0]
0 40 [1500, 0, 850, 0, 0, 0, 0, 0, 175, 0]
0 41 [0, 0, 1500, 0, 0, 0, 264, 0, 0, 0, 693, 0, 150, 555, 0, 0]
0 42 [75, 75, 99, 900, 0]
0 43 [0, 74, 0, 0, 0, 0, 0, 0, 0, 0, 500]
0 44 [100, 74, 1175, 0, 165, 0, 0, 0, 0, 0, 250, 0, 0, 0, 0, 0, 0]
0 45 [150, 550, 0, 0, 0, 0, 0, 111, 200, 0, 425]
0 46 [25, 0, 198, 0, 0, 0, 0, 0, 0, 75, 0, 0, 200, 0, 0]
0 47 [0, 222, 375, 400, 0, 0, 0, 0, 0, 0, 0, 0, 66, 0]
0 48 [0, 75, 330, 0, 0, 0, 66, 300, 0, 1125]
0 49 [0, 0, 0, 0, 0, 0, 200, 0, 0, 0, 425, 0]
