288
1081
0
8443
[8, 32, 36, 42, 43]
[]
0 0 [69, 60, 0, 0, 235, 0, 49, 0, 219, 1831, 46, 97, 0, 38, 100]
0 1 [0, 0, 0, 0, 42, 0, 16, 0, 373, 16, 0]
0 2 [118, 144, 200, 122, 9, 374, 141, 0, 42]
0 3 [0, 0, 0, 0, 0, 6, 0, 261, 303, 0, 22]
0 4 [241, 0, 103, 188, 0, 0, 290, 90, 15, 194, 0, 205, 292, 1224]
0 5 [50, 0, 100, 0, 1, 0, 0, 0, 0, 110, 0, 430, 290, 657, 8, 0]
0 6 [1188, 42, 0, 244, 2550, 0, 49]
0 7 [50, 0, 200, 0, 42, 135, 2400, 2, 173, 0, 58]
15 8 [4001, 74, 35, 22, 39, 112, 15, 68, 16, 136, 250]
0 9 [46, 0, 0, 165, 80, 0, 0, 0, 9400, 222, 60, 4750, 0, 0, 93, 438, 0, 0, 182]
0 10 [33, 0, 36, 0, 4800, 220, 16, 12, 24, 0, 600, 8]
0 11 [0, 114, 0, 0, 0, 0, 311, 164, 0, 0]
0 12 [0, 0, 0, 0, 4850, 57, 0, 0, 394, 2, 12, 1]
0 13 [0, 230, 30, 288, 0, 0, 248, 946, 37, 151, 300, 506]
0 14 [100, 0, 301, 285, 0, 0, 121, 0, 50, 0, 130]
0 15 [2824, 168, 0, 0, 286, 174, 0, 56, 400, 0, 32, 0, 378, 6, 105]
0 16 [168, 0, 0, 168, 0, 0, 0, 66, 4750, 0, 0, 938]
0 17 [1800, 12, 0, 0, 0, 0, 0, 32, 16, 0, 0, 338, 250, 290]
0 18 [400, 0, 0, 0, 22, 0, 184, 17]
0 19 [980, 75, 206, 0, 0, 0, 152, 0, 19, 0, 0, 0, 0]
0 20 [9, 105, 40, 0, 12, 8, 0, 240, 108, 2, 0, 600, 7]
0 21 [0, 0, 0, 0, 21, 36]
0 22 [1221, 294, 65, 601, 0, 0, 0, 0, 0, 178, 0, 7]
0 23 [850, 59, 0, 302, 0, 71, 0, 0, 548, 450, 231, 0, 1449, 0, 150]
0 24 [372, 0, 300, 98, 0, 0, 164, 0, 0, 285, 0, 1680, 40, 350]
0 25 [1800, 114, 0, 422, 0, 49, 0, 0, 0, 637, 358, 216, 39]
0 26 [0, 200, 120, 0, 9400, 0, 348, 41, 743, 29, 78, 48]
0 27 [25, 154, 33, 0, 126, 504, 340, 339, 5]
0 28 [0, 21, 0, 167, 2600, 0, 144, 0, 256, 8, 244, 19, 0]
0 29 [1094, 0, 208, 0, 302, 595, 24, 326, 292, 0, 0, 0]
0 30 [70, 129, 0, 44, 0, 249, 0, 260, 274, 50, 422, 807, 149, 0, 150, 0, 98]
0 31 [0, 40, 0, 0, 0, 24, 0, 159, 0, 319, 36, 332]
8 32 [33, 25, 8, 1595, 839, 150, 26]
0 33 [117, 0, 57, 10650, 0, 4, 0, 0]
0 34 [150, 198, 0, 91, 0, 477, 0, 516, 88, 36, 521, 989, 50, 62]
0 35 [20, 74, 0, 0, 74, 2, 0, 0, 4, 0, 200, 72]
451 36 [1622, 639, 622, 1717, 451, 2806, 746, 843, 750, 954]
0 37 [2060, 86, 0, 259, 143, 0, 0, 0, 0, 845, 687, 436, 29]
0 38 [0, 605, 85, 150, 190, 75, 78, 13200, 33, 74, 4500, 0, 214, 425, 269, 0]
0 39 [1320, 723, 0, 0, 0, 300, 2250, 213, 0, 863, 36]
0 40 [100, 136, 0, 0, 100, 0, 9800, 112, 345, 10, 0, 0, 0, 538, 2, 137, 0, 26]
0 41 [59, 0, 200, 84, 0, 80, 0, 344, 57, 196, 411, 48, 329, 197]
7557 42 [8500, 21000, 7557, 8584, 14800, 22700]
412 43 [822, 814, 1556, 931, 1584, 816, 412, 908, 570, 632, 1502, 1142]
0 44 [0, 61, 0, 14, 0, 12, 8000, 295, 0, 0]
0 45 [0, 450, 93, 914, 132]
0 46 [4500, 300, 362, 0, 0, 124, 0, 0, 0, 0, 530, 0, 0, 0, 168, 109]
0 47 [0, 0, 42, 11529, 12, 3950, 0, 0, 1154, 0, 73]
0 48 [83, 0, 0, 30, 44, 7788, 0, 657, 15, 367, 0, 1852, 150, 504]
0 49 [0, 0, 0, 36, 22, 6975, 1082, 4, 44]
