288
2501
2122
75
[0]
[]
75 0 [100, 150, 650, 75, 858, 450, 450, 700, 575, 150]
0 1 [198, 0, 264, 0, 0, 1500, 200, 0, 33, 0, 1000, 350]
0 2 [500, 0, 0, 0, 297, 0, 0, 1350, 875, 75, 50, 0]
0 3 [250, 0, 231, 150, 200, 37, 66]
0 4 [1400, 0, 250, 0, 0, 407, 225, 0, 400, 0, 1500]
0 5 [0, 0, 100, 0, 1100, 150, 0, 50, 0, 300, 100]
0 6 [200, 0, 264, 0, 0, 0, 100, 0, 200, 259, 550, 600, 132, 150, 300, 0, 225, 370, 25]
0 7 [200, 0, 0, 0, 0, 0, 200, 0, 800, 600, 132, 222, 400, 0, 0, 0]
0 8 [300, 0, 0, 0, 99, 100, 700, 0, 25, 0, 850]
0 9 [300, 0, 300, 0, 99, 100, 600, 225, 660, 0]
0 10 [300, 0, 495, 0, 0, 0, 25, 0, 33, 0, 165, 0]
0 11 [150, 0, 900, 0, 396, 0, 33, 0, 200, 250, 125, 75]
0 12 [400, 0, 0, 0, 200, 0, 100, 250, 264, 0, 66, 0]
0 13 [200, 0, 50, 37, 225, 0, 850]
0 14 [175, 0, 300, 0, 75, 0, 200, 0, 66, 500, 800, 0, 0, 75, 825, 0, 200]
0 15 [231, 0, 600, 0, 50, 0, 0, 400, 150, 0, 450, 0, 132, 37, 500, 350, 100, 0]
0 16 [300, 74, 0, 0, 0, 900, 150, 0, 600, 0]
0 17 [0, 0, 100, 0, 150, 0, 297, 0]
0 18 [0, 0, 400, 0, 600, 0, 198, 0, 250, 185, 700, 0, 50, 150]
0 19 [0, 0, 0, 0, 150, 0, 0, 0, 300]
0 20 [300, 0, 66, 0, 0, 0, 550, 150, 0, 0]
0 21 [300, 0, 0, 0, 0, 0, 150, 0, 250, 37]
0 22 [800, 0, 528, 0, 25, 0, 297, 0, 0, 0, 400, 100, 0, 0, 66, 0]
0 23 [500, 0, 350, 0, 650, 0, 0, 0, 33]
0 24 [900, 0, 0, 0, 400, 0, 850, 2100, 198, 0, 0, 0, 1800, 0, 132]
0 25 [132, 0, 0, 0, 165, 75, 400, 0, 0, 0, 100, 900, 99, 300, 200, 0, 100, 75, 0, 0]
0 26 [0, 0, 100, 0, 150, 225, 300, 0, 0, 37, 250, 37]
0 27 [0, 0, 396, 0, 50, 200, 400, 0, 300, 0, 400, 0]
0 28 [125, 0, 0, 0, 0, 0, 300, 1200, 132, 0, 400, 0, 1250]
0 29 [500, 0, 429, 0, 350, 0, 800, 0, 0, 0]
0 30 [100, 0, 0, 0, 50, 0, 0, 481, 400, 0, 0, 0, 594, 0]
0 31 [330, 0, 0, 0, 150, 0, 150, 0, 100, 0, 0, 37, 700]
0 32 [400, 0, 450, 225, 264, 0, 1200, 0, 250, 225, 330, 0, 500]
0 33 [350, 0, 500, 0, 0, 0, 300, 0, 1221, 0, 700, 0, 0, 50, 100, 675, 99]
0 34 [250, 0, 0, 0, 0, 75, 50, 74, 198, 0, 200, 0, 300, 111, 2100, 0, 650]
0 35 [100, 0, 0, 0, 363, 0, 100, 525, 300, 150, 100, 0, 150, 0, 0]
0 36 [330, 0, 300, 0, 250, 300, 132, 0, 350, 375, 400, 0, 300, 0, 1600, 0, 200]
0 37 [66, 0, 0, 0, 725, 481, 99, 74, 900, 0]
0 38 [225, 0, 0, 0, 0, 37, 400]
0 39 [200, 0, 33, 0, 200, 0, 250, 0, 200, 0, 150, 300, 100, 0, 0, 0]
0 40 [650, 75, 350, 37, 0, 0, 150, 0, 100, 0]
0 41 [231, 0, 700, 0, 400, 74, 450, 75, 350, 250, 0]
0 42 [0, 0, 300, 0, 550, 0, 50, 0, 250, 1350, 700, 0, 100, 0, 50, 0]
0 43 [0, 0, 100, 0, 250, 0, 50, 0, 75, 0, 125, 0, 200, 0]
0 44 [0, 0, 300, 0, 0, 74, 0, 150, 25, 50, 66]
0 45 [0, 0, 450, 0, 0, 0, 1400, 0, 0, 300, 231, 0, 800, 0, 0]
0 46 [200, 0, 0, 0, 300, 0, 0, 0, 75, 750, 0, 750, 325]
0 47 [0, 0, 330, 0, 450, 0, 0, 0, 175, 0]
0 48 [132, 0, 500, 0, 200, 0, 99]
0 49 [200, 0, 33, 0, 66, 0, 0, 0, 400, 37]
