288
1081
0
8247
[2, 8, 36, 42, 43]
[]
0 0 [135, 315, 0, 0, 287, 0, 131, 0, 213, 1351, 103, 175, 0, 6, 100]
0 1 [33, 0, 0, 0, 120, 0, 45, 0, 446, 0, 1]
33 2 [104, 124, 250, 84, 68, 433, 148, 144, 33]
0 3 [0, 0, 0, 0, 0, 12, 0, 372, 546, 112, 68]
0 4 [300, 0, 227, 141, 0, 0, 231, 135, 34, 319, 0, 188, 228, 750]
0 5 [0, 0, 0, 0, 0, 0, 0, 0, 0, 86, 0, 432, 242, 508, 0, 0]
0 6 [1386, 270, 0, 336, 2550, 0, 14]
0 7 [31, 0, 175, 0, 42, 135, 2075, 0, 153, 0, 29]
3 8 [4101, 39, 35, 92, 46, 97, 30, 56, 3, 210, 225]
0 9 [0, 0, 0, 165, 107, 0, 0, 0, 8900, 96, 136, 4250, 0, 0, 84, 524, 0, 0, 50]
0 10 [33, 50, 250, 0, 4650, 370, 91, 61, 36, 75, 786, 45]
0 11 [0, 94, 0, 0, 0, 4, 196, 118, 0, 6]
0 12 [0, 0, 0, 0, 4685, 48, 0, 0, 318, 17, 16, 206]
0 13 [0, 420, 25, 222, 0, 0, 496, 762, 42, 301, 700, 511]
0 14 [50, 0, 208, 230, 0, 0, 153, 0, 32, 0, 97]
0 15 [4001, 93, 0, 0, 185, 84, 0, 18, 300, 0, 2, 0, 437, 6, 129]
0 16 [68, 0, 0, 106, 0, 0, 0, 20, 4550, 0, 0, 513]
0 17 [1968, 158, 0, 340, 0, 0, 0, 70, 33, 0, 0, 374, 614, 766]
0 18 [160, 0, 0, 0, 0, 0, 115, 1]
0 19 [900, 0, 180, 0, 0, 0, 129, 0, 21, 0, 5, 0, 0]
0 20 [52, 300, 160, 0, 9, 12, 0, 508, 240, 18, 0, 902, 34]
0 21 [0, 0, 0, 0, 18, 36]
0 22 [1452, 408, 165, 881, 0, 0, 0, 0, 0, 295, 6, 81]
0 23 [775, 100, 0, 270, 0, 37, 0, 0, 348, 348, 117, 0, 1177, 0, 125]
0 24 [136, 0, 200, 33, 0, 0, 70, 0, 0, 185, 0, 1054, 0, 150]
0 25 [1650, 0, 0, 534, 0, 35, 0, 0, 1, 574, 414, 192, 4]
0 26 [0, 50, 14, 0, 8000, 0, 148, 0, 392, 8, 0, 4]
0 27 [35, 144, 33, 0, 231, 630, 365, 375, 15]
0 28 [0, 58, 100, 525, 2075, 0, 396, 0, 390, 0, 509, 1, 0]
0 29 [1006, 225, 273, 0, 450, 1219, 9, 530, 455, 0, 4, 0]
0 30 [5, 37, 0, 14, 0, 187, 0, 213, 98, 0, 590, 479, 100, 0, 75, 0, 65]
0 31 [0, 40, 0, 0, 0, 64, 0, 10, 0, 225, 10, 216]
0 32 [33, 0, 4, 1460, 662, 89, 2]
0 33 [150, 0, 220, 14100, 0, 0, 0, 4]
0 34 [18, 30, 0, 62, 0, 200, 0, 202, 11, 18, 319, 300, 0, 6]
0 35 [70, 74, 0, 0, 66, 4, 2, 0, 12, 0, 600, 133]
389 36 [1782, 563, 606, 1695, 389, 2499, 674, 878, 600, 902]
0 37 [1800, 48, 0, 205, 141, 0, 33, 0, 0, 555, 604, 182, 1]
0 38 [0, 484, 171, 150, 190, 63, 60, 13800, 63, 16, 4500, 0, 207, 303, 269, 0]
0 39 [1353, 544, 0, 0, 0, 174, 2400, 193, 0, 510, 38]
0 40 [150, 186, 0, 0, 75, 0, 12000, 76, 648, 85, 0, 0, 0, 986, 16, 225, 0, 0]
0 41 [26, 0, 0, 20, 0, 20, 0, 3, 24, 40, 341, 0, 296, 56]
7260 42 [8600, 21900, 7260, 8040, 14990, 22756]
562 43 [904, 847, 1786, 1091, 1648, 933, 562, 946, 696, 768, 1638, 1307]
0 44 [0, 115, 0, 14, 0, 12, 9300, 192, 4, 0]
0 45 [0, 556, 60, 522, 96]
0 46 [2525, 305, 283, 0, 0, 46, 0, 0, 0, 0, 238, 0, 0, 0, 93, 59]
0 47 [0, 0, 51, 14250, 46, 4600, 2, 0, 1200, 0, 89]
0 48 [182, 0, 0, 24, 108, 6976, 24, 780, 5, 434, 0, 2156, 162, 509]
0 49 [0, 0, 0, 189, 70, 6825, 1091, 12, 132]
