288
1081
2
1532
[0, 15, 19, 28, 41]
[]
405 0 [717, 845, 1032, 1540, 986, 1350, 405, 575, 705]
0 1 [0, 50, 36, 376, 100, 50, 562, 0, 572, 13, 0]
0 2 [0, 0, 0, 276, 27, 55, 102, 10, 0, 0, 225, 148, 20, 0, 1163, 519]
0 3 [150, 0, 12, 0, 50, 177, 18, 0, 577, 8, 24, 0, 1205, 15, 0]
0 4 [0, 386, 65, 95, 214, 0, 200, 75, 1112, 441, 103]
0 5 [0, 868, 49, 0, 0, 39, 10, 0, 638, 0, 0, 0, 0]
0 6 [16, 186, 0, 0, 40, 3, 4, 17, 626, 0, 0, 0]
0 7 [4, 0, 198, 0, 9, 52, 2, 0, 50]
0 8 [100, 5, 60, 0, 0, 0, 38, 55, 0, 474]
0 9 [0, 219, 58, 128, 250, 1, 480, 1381]
0 10 [237, 0, 68, 689, 209, 295, 264, 236, 0, 2108, 0, 30, 70]
0 11 [0, 1376, 0, 6, 177, 0, 620, 0]
0 12 [0, 0, 0, 31, 80, 0, 0, 120, 0, 0, 0, 450]
0 13 [0, 3, 33, 0, 40, 367, 100, 10, 66, 0, 132, 50]
0 14 [0, 2, 100, 462, 0, 0, 0, 0, 0, 64, 438, 413, 152]
333 15 [846, 1336, 500, 1500, 900, 333, 475, 675, 450]
0 16 [167, 0, 200, 0, 516, 1054, 153, 174, 0, 521, 146, 65, 27]
0 17 [538, 50, 0, 228, 256, 118, 50, 6, 0, 237, 160, 74, 50, 139, 25, 0]
0 18 [8, 600, 256, 36, 99, 164, 0, 0, 100, 0, 0, 0, 50, 0]
44 19 [44, 207, 45, 258, 164, 48, 85, 630]
0 20 [0, 206, 0, 132, 120, 75, 1449]
0 21 [163, 150, 0, 56, 50, 75, 100, 0, 780, 0, 50]
0 22 [76, 4, 0, 15, 50, 151, 66, 0, 0, 0, 0, 0, 54, 106, 0, 337, 0]
0 23 [0, 5, 161, 24, 38, 0, 64, 1, 260, 0]
0 24 [0, 14, 0, 0, 600, 18, 0, 0, 0]
0 25 [0, 0, 0, 18, 0, 126, 0, 0, 15, 30, 0]
0 26 [0, 0, 0, 878, 0, 249, 580, 242, 0, 0, 555]
0 27 [0, 75, 150, 30, 25, 330, 0, 0, 550, 98, 174, 631, 200, 1428, 85, 50]
50 28 [100, 150, 54, 421, 50, 150, 163, 84, 133, 150, 450, 576, 51, 74]
0 29 [0, 212, 0, 66, 1355, 0, 100]
0 30 [0, 75, 92, 39, 0, 0, 0, 325, 140, 5, 50, 0, 204, 37, 342, 352, 101, 480, 84]
0 31 [0, 0, 100, 70, 0, 13, 50, 25, 348, 64]
0 32 [0, 436, 0, 0, 106, 0, 170, 120, 0, 48, 427, 0, 25]
0 33 [0, 23, 0, 75, 4, 0, 33, 50, 0]
0 34 [0, 0, 0, 301, 100, 696, 28, 0, 0, 1936]
0 35 [0, 1, 0, 0, 36, 28, 14, 12, 21, 0, 51, 0, 0, 17]
0 36 [0, 0, 38, 162, 0, 33, 0, 0, 12, 27, 0]
0 37 [0, 5, 6, 60, 0, 37, 8, 0, 17, 36, 0, 28, 48, 0, 0, 52]
0 38 [0, 26, 0, 76, 0, 0, 39, 451, 84, 77]
0 39 [255, 1, 164, 206, 0, 0, 0, 0]
0 40 [101, 50, 0, 92, 0, 47, 100, 0, 1778, 650, 162, 222]
700 41 [700, 2016, 759, 908, 1674, 1734, 1240]
0 42 [0, 0, 116, 78, 100, 0, 39, 50, 0, 151, 0, 60, 25, 0]
0 43 [0, 152, 0, 75, 0, 156, 0, 261, 0, 107, 33, 45, 102, 98, 421, 457, 0, 50]
0 44 [0, 24, 0, 0, 0, 16, 37, 230, 0, 37]
0 45 [0, 0, 0, 0, 300, 0, 56, 753, 99, 0, 0, 0, 229, 0, 1631, 60, 83]
0 46 [107, 0, 0, 241, 0, 69, 0, 192, 48, 84, 0]
0 47 [22, 197, 6, 150, 65, 0, 0, 100, 0, 0, 50]
0 48 [16, 0, 0, 280, 0, 191, 75, 124, 626, 545, 160]
0 49 [0, 0, 0, 285, 308, 75, 33, 150, 10, 49, 0]
