288
1081
1
1441
[0, 15, 28, 41]
[]
495 0 [666, 911, 1264, 1690, 1263, 1200, 495, 724, 854]
0 1 [0, 0, 3, 75, 30, 0, 216, 0, 575, 0, 0]
0 2 [0, 0, 0, 142, 16, 46, 105, 9, 0, 0, 162, 62, 10, 28, 1086, 315]
0 3 [347, 0, 66, 0, 125, 361, 69, 0, 765, 35, 149, 0, 1593, 15, 0]
0 4 [0, 471, 40, 193, 225, 0, 164, 99, 1176, 704, 65]
0 5 [0, 962, 134, 0, 0, 70, 20, 30, 626, 75, 33, 50, 50]
0 6 [14, 186, 0, 0, 10, 138, 12, 50, 840, 0, 120, 0]
0 7 [9, 0, 140, 6, 0, 0, 0, 60, 51]
0 8 [100, 8, 65, 0, 0, 0, 2, 115, 25, 268]
0 9 [48, 288, 8, 16, 351, 0, 544, 2402]
0 10 [2, 0, 10, 229, 74, 155, 132, 74, 0, 1470, 0, 0, 0]
0 11 [0, 783, 50, 87, 178, 0, 520, 0]
0 12 [0, 0, 16, 27, 80, 0, 0, 67, 32, 0, 0, 475]
0 13 [16, 36, 78, 0, 43, 389, 100, 40, 72, 72, 311, 50]
0 14 [0, 151, 122, 398, 0, 0, 0, 0, 0, 66, 455, 497, 101]
296 15 [800, 1261, 400, 1500, 900, 296, 538, 600, 450]
0 16 [1, 0, 100, 0, 609, 1157, 56, 0, 13, 534, 65, 0, 0]
0 17 [209, 50, 0, 86, 50, 60, 50, 40, 0, 450, 2, 37, 42, 66, 25, 0]
0 18 [0, 150, 130, 12, 66, 50, 0, 0, 1, 10, 0, 0, 0, 0]
0 19 [0, 357, 54, 252, 114, 64, 73, 591]
0 20 [0, 45, 70, 36, 1, 75, 1360]
0 21 [216, 100, 0, 7, 0, 15, 50, 0, 610, 0, 0]
0 22 [141, 4, 0, 13, 75, 263, 116, 0, 0, 0, 4, 50, 54, 120, 0, 468, 2]
0 23 [0, 40, 200, 100, 63, 0, 68, 1, 310, 0]
0 24 [0, 67, 50, 0, 1101, 84, 25, 200, 45]
0 25 [0, 0, 25, 93, 0, 240, 0, 0, 63, 15, 0]
0 26 [0, 0, 0, 578, 0, 307, 418, 90, 0, 0, 605]
0 27 [0, 0, 89, 30, 50, 360, 0, 0, 250, 160, 169, 520, 100, 1406, 57, 20]
50 28 [100, 320, 64, 301, 50, 150, 121, 84, 133, 75, 355, 470, 50, 50]
0 29 [0, 329, 21, 100, 1659, 0, 202]
0 30 [0, 142, 100, 111, 0, 0, 0, 359, 482, 6, 50, 0, 257, 49, 335, 315, 210, 413, 33]
0 31 [33, 0, 100, 0, 0, 12, 50, 76, 433, 0]
0 32 [0, 174, 0, 0, 56, 0, 46, 64, 0, 17, 309, 0, 25]
0 33 [0, 5, 0, 85, 0, 0, 32, 0, 0]
0 34 [0, 1, 0, 236, 83, 668, 28, 0, 0, 1664]
0 35 [0, 0, 0, 0, 172, 129, 6, 62, 4, 17, 171, 0, 0, 101]
0 36 [0, 0, 25, 207, 0, 19, 0, 0, 0, 27, 0]
0 37 [0, 55, 36, 250, 0, 126, 37, 0, 32, 93, 50, 0, 148, 114, 50, 147]
0 38 [0, 32, 0, 75, 0, 0, 11, 751, 42, 76]
0 39 [159, 75, 217, 161, 0, 40, 0, 1]
0 40 [0, 0, 0, 55, 0, 44, 0, 0, 1308, 400, 132, 75]
600 41 [600, 2100, 655, 928, 1579, 1650, 1070]
0 42 [0, 0, 101, 45, 200, 0, 37, 37, 0, 287, 40, 50, 37, 0]
0 43 [0, 317, 0, 284, 0, 119, 0, 220, 0, 75, 51, 37, 200, 86, 462, 396, 0, 100]
0 44 [0, 14, 0, 0, 0, 24, 46, 316, 0, 0]
0 45 [0, 0, 0, 0, 200, 0, 31, 1052, 225, 0, 0, 0, 229, 0, 1367, 0, 83]
0 46 [186, 24, 0, 258, 0, 236, 25, 345, 97, 84, 100]
0 47 [0, 593, 108, 225, 130, 0, 0, 0, 66, 0, 100]
0 48 [0, 0, 0, 231, 0, 2, 0, 54, 476, 564, 0]
0 49 [0, 0, 0, 152, 520, 1, 0, 150, 0, 74, 0]
