288
721
0
0
[]
[]
0 0 [200, 0, 60, 0, 0, 0, 0, 0, 0, 0, 0, 0, 0]
0 1 [0, 100, 0, 408, 339, 0, 0, 0, 0, 302]
0 2 [0, 0, 0, 828, 0, 0, 0, 0, 0, 0, 0, 784, 0]
0 3 [0, 0, 0, 225, 0, 0, 0, 0, 0, 0, 0, 0, 0, 0]
0 4 [0, 0, 0, 232, 13, 0, 0, 0, 0, 0, 26]
0 5 [0, 0, 80, 0, 0, 0, 0, 0, 200, 0, 0, 0, 0]
0 6 [0, 0, 0, 0, 300, 0, 0, 0, 0, 22, 0]
0 7 [0, 150, 308, 298, 0, 0, 8, 0, 0, 0, 0, 0]
0 8 [0, 0, 232, 0, 0, 0, 0, 0, 0, 0]
0 9 [0, 0, 0, 0, 0, 108, 24, 0, 5, 0, 0, 0, 0, 0, 0, 0, 0, 0]
0 10 [0, 250, 0, 0, 0, 0, 0, 0, 0, 1050]
0 11 [0, 0, 438, 0, 0, 0, 0, 0, 1602]
0 12 [0, 0, 0, 294, 0, 0, 0, 0, 0, 750, 0]
0 13 [0, 104, 9, 0, 0, 0, 0, 0, 0, 0, 0]
0 14 [0, 0, 250, 128, 0, 160, 0, 0, 1, 651, 0]
0 15 [0, 102, 0, 0, 0, 0, 325]
0 16 [0, 0, 14, 0, 0, 0, 0, 0, 0, 0, 0, 0]
0 17 [0, 500, 0, 352, 0, 0, 0, 0]
0 18 [0, 408, 0, 0, 0, 0, 0, 0, 0]
0 19 [0, 0, 0, 0, 0, 0, 0, 0, 0, 0, 0, 0, 0, 0]
0 20 [0, 0, 236, 0, 0, 0, 0, 0, 0, 0, 0, 0, 0]
0 21 [0, 525, 141, 265, 3, 0, 0, 0, 0, 0, 0, 0, 594, 51, 0]
0 22 [70, 0, 0, 0, 0, 0, 99, 0, 0, 0, 0, 0, 0]
0 23 [0, 0, 0, 0, 0, 0, 0, 0, 0, 750, 0, 0, 0, 11, 0, 0]
0 24 [0, 258, 0, 0, 0, 0, 0, 0, 0, 0, 0, 0]
0 25 [0, 0, 0, 0, 4, 0, 0, 198, 0, 0, 0, 0, 0, 23]
0 26 [0, 0, 0, 0, 515, 0, 0, 3, 0, 0, 0, 0, 0, 0, 0, 370, 0]
0 27 [0, 0, 0, 0, 0, 150, 690, 734, 37, 0, 0, 0, 0, 0, 350]
0 28 [25, 0, 0, 0, 0, 0, 363]
0 29 [0, 0, 0, 74, 0, 0, 0, 12, 0, 1, 0, 0, 0, 0, 0, 0, 0, 0, 0, 0, 0]
0 30 [300, 0, 0, 80, 0, 0, 0, 0, 0, 0, 0, 0, 11, 0]
0 31 [0, 0, 0, 0, 0, 0, 30, 0, 0, 0, 11, 1044]
0 32 [0, 0, 0, 12, 0, 662, 0, 0, 0, 0, 0, 0, 0, 0, 0]
0 33 [0, 0, 300, 0, 25, 0, 0, 0, 0, 0, 0, 0]
0 34 [0, 0, 50, 50, 0, 104, 3, 0, 0, 0, 0, 0, 0, 0, 46, 0, 0]
0 35 [0, 0, 488, 0, 0, 0, 400, 0, 0, 0, 0, 0, 0, 0, 0]
0 36 [50, 110, 12, 0, 0, 0, 0, 532, 0, 0, 0, 726, 116, 0]
0 37 [0, 0, 1410, 0, 0, 0, 0, 0, 99, 0, 0]
0 38 [0, 60, 5, 0, 0, 111, 0, 0, 0, 333, 0]
0 39 [0, 0, 0, 0, 0, 0, 0, 0, 0, 0, 264, 7, 0]
0 40 [0, 148, 0, 0, 0, 0, 0, 0, 0, 0, 0, 0, 462, 0]
0 41 [0, 0, 176, 0, 42, 0, 0, 0, 0, 100, 0]
0 42 [0, 0, 70, 0, 0, 116, 0, 0, 0, 0, 0, 0, 297, 0]
0 43 [0, 0, 552, 0, 104, 0, 0, 0, 0, 0, 0, 0]
0 44 [0, 0, 0, 1209, 0, 0, 0, 0, 0, 305, 0, 0, 0, 46, 275]
0 45 [0, 0, 141, 0, 0, 0, 0, 0, 0, 0]
0 46 [0, 0, 0, 22, 0, 0, 0, 0, 0, 0, 0, 0, 0]
0 47 [0, 110, 0, 16, 25, 0, 0, 0, 0, 600, 25, 0]
0 48 [0, 0, 0, 0, 16, 0, 0, 40, 0, 0, 0, 0, 0, 0, 0, 0, 0, 0, 0, 0, 0, 750, 10]
0 49 [0, 0, 33, 0, 0, 53, 0, 0, 0, 600, 0, 0, 0, 0, 801]
