288
2501
2315
75
[35]
[]
0 0 [300, 0, 33, 0, 800, 100, 1200, 0, 475, 0, 0, 0, 25, 0, 350, 0]
0 1 [100, 0, 0, 0, 100, 0, 675, 300, 0, 0, 500, 0, 0, 0, 200]
0 2 [350, 0, 500, 900, 600, 0, 165, 0, 0, 0, 0]
0 3 [0, 0, 0, 0, 300, 0, 2400, 75, 200, 0, 200, 0]
0 4 [500, 0, 150, 0, 0, 150, 1089, 0, 200, 0, 225, 400, 0, 0, 66]
0 5 [600, 0, 0, 0, 575, 629, 100, 0, 100, 222, 200]
0 6 [363, 0, 462, 0, 0, 350, 495, 0]
0 7 [500, 0, 0, 0, 33, 400, 0, 0, 0, 600, 200, 0, 231, 0]
0 8 [300, 0, 500, 0, 825, 0, 594, 0, 300, 0, 600, 0]
0 9 [200, 1200, 1000, 0, 25, 0, 0, 0, 0, 0, 264, 150, 132]
0 10 [350, 525, 400, 100, 495, 0, 363, 0, 528, 0, 100, 250]
0 11 [150, 407, 33, 75, 125, 600, 0, 0, 0, 37, 0, 300]
0 12 [300, 0, 75, 0, 0, 400, 700, 0, 300, 1200, 0, 0, 800, 0, 350, 0, 0, 300]
0 13 [300, 0, 429, 450, 0, 75, 650, 0, 1450, 0, 2300, 0, 950, 0, 1000, 150, 0, 0, 50]
0 14 [0, 650, 600, 50, 50, 0, 0, 1050, 900, 0]
0 15 [150, 0, 200, 0, 200, 0, 650, 0, 0, 0, 0, 0, 0, 0, 0, 0]
0 16 [250, 0, 50, 600, 500, 0, 700, 0, 0, 0, 0]
0 17 [0, 0, 0, 450, 100, 370, 100, 0, 50, 150, 500, 50]
0 18 [600, 0, 363, 600, 264, 75, 1150, 75, 25, 150, 0, 450]
0 19 [198, 0, 400, 100, 475, 666, 231, 1050, 300, 150]
0 20 [350, 0, 350, 75, 1050, 150, 0, 0, 1450, 0, 0, 1800, 0, 148, 75, 0]
0 21 [297, 111, 1200, 0, 363, 0, 0]
0 22 [0, 0, 396, 0, 0, 0, 1200, 0, 1000, 0, 429, 0, 0, 75, 0]
0 23 [200, 75, 800, 75, 396, 0, 1000, 600, 33, 111, 0]
0 24 [600, 300, 0, 1800, 66, 0, 891, 0, 25, 0, 594, 111, 200, 50, 99]
0 25 [300, 0, 275, 37, 0, 0, 165, 296, 0]
0 26 [231, 0, 350, 148, 1050, 0, 0, 0, 132, 0, 0]
0 27 [231, 0, 250, 0, 600, 0, 858, 0, 0, 0, 0, 375, 1100, 750, 100]
0 28 [500, 225, 900, 0, 891, 0, 0, 0, 200, 0, 99]
0 29 [250, 0, 2000, 75, 575, 0, 200, 1350, 100]
0 30 [0, 0, 264, 375, 125, 0, 858, 900, 0, 222, 462, 0, 231]
0 31 [165, 0, 0, 0, 1300, 0, 0, 0, 330, 0, 225, 150, 150, 0, 0, 148, 100, 0]
0 32 [1000, 2100, 300, 0, 1800, 0, 0, 1500, 225, 250, 0, 450, 0, 0, 250, 0, 1925, 300]
0 33 [297, 0, 0, 0, 100, 0, 0, 0, 0, 0, 100, 0]
0 34 [396, 0, 792, 0, 0, 74, 0]
75 35 [429, 600, 1300, 407, 1023, 75, 1089, 750, 1100, 225, 150]
0 36 [600, 900, 66, 0, 50, 0, 0, 74, 25]
0 37 [850, 37, 250, 0, 400, 0, 100, 200, 0, 111]
0 38 [264, 0, 396, 0, 0, 150, 66, 0, 0, 0, 950, 0, 0, 222]
0 39 [0, 0, 25, 111, 500, 0, 100, 0, 900, 0, 300, 0]
0 40 [99, 0, 325, 0, 350, 600, 0, 0, 50, 0, 231, 296, 2200, 0, 400, 0]
0 41 [200, 0, 900, 0, 25, 2100, 0, 0, 600, 150, 25, 0, 75, 0]
0 42 [132, 0, 100, 0, 132, 0, 0, 150, 0, 0, 0, 450, 0]
0 43 [25, 900, 1056, 0, 0, 0, 125, 0, 400]
0 44 [400, 1800, 33, 0, 125, 300, 25, 0, 0, 0, 100, 0, 550]
0 45 [0, 0, 0, 0, 500, 0, 759, 0, 175, 300, 0, 450, 0]
0 46 [0, 0, 200, 0, 363, 825, 990, 0, 0, 50, 100, 0]
0 47 [400, 0, 1000, 1050, 200, 0, 132, 0]
0 48 [66, 0, 1200, 0, 0, 111, 200, 0]
0 49 [0, 0, 100, 0, 100, 0, 0, 500, 0, 0, 0, 0]
