288
2501
1196
900
[1, 40, 49]
[]
0 0 [2300, 300, 0, 1300, 165, 0, 225, 0, 600, 0, 66, 0, 400]
225 1 [594, 225, 950, 900, 700, 1275, 1600, 481, 1155]
0 2 [850, 100, 660, 250, 0, 0, 0, 0, 528, 0]
0 3 [0, 1500, 525, 0, 850, 0, 0, 0, 675, 75, 66, 0, 750]
0 4 [425, 555, 363, 0, 0, 0, 0, 0, 0, 675]
0 5 [0, 150, 0, 1650, 800, 0, 0, 37, 100, 800]
0 6 [650, 4200, 462, 0, 0, 0, 0, 0, 0, 0, 400, 0, 0]
0 7 [0, 148, 0, 2100, 3500, 0, 1188, 0, 825, 0, 0, 0, 0, 850, 0, 148]
0 8 [0, 0, 900, 0, 450, 0, 0, 0, 957, 750, 0, 600]
0 9 [100, 851, 0, 150, 0, 0, 1250, 0, 0, 0, 0]
0 10 [0, 0, 4500, 150, 1000, 0, 550, 0, 726, 0]
0 11 [5200, 0, 400, 0, 2800, 150, 0, 0, 1750, 2400, 0, 0, 850, 1517]
0 12 [594, 0, 0, 525, 0, 0, 0, 0, 0, 0, 759, 0, 0, 150, 100, 600]
0 13 [500, 825, 0, 0, 726, 0, 800, 0, 0, 37, 0, 1800, 0, 1650, 100, 555, 0]
0 14 [825, 300, 99, 0, 594, 0, 1400, 0, 891, 0, 650, 0, 2500]
0 15 [1188, 0, 1122, 0, 900, 0, 0, 0, 1850]
0 16 [400, 0, 700, 0, 528, 100, 475, 0, 0, 200, 0, 0, 475, 5850]
0 17 [0, 37, 1400, 0, 950, 0, 0, 0, 0, 0]
0 18 [200, 0, 500, 0, 0, 0, 0, 0, 957, 0, 2600, 100]
0 19 [0, 900, 1350, 3000, 594, 0, 627, 0, 0, 0, 3750]
0 20 [3900, 950, 475, 2325, 627, 0, 726, 0]
0 21 [0, 1650, 700, 0, 0, 0, 792, 0, 675, 0, 693]
0 22 [0, 500, 792, 0, 0, 550, 0, 222, 0, 0, 0, 0, 3200, 0, 500, 825]
0 23 [0, 0, 0, 0, 1700, 222, 0, 0, 0, 0, 0, 0, 0, 0, 0, 375]
0 24 [200, 0, 200, 0, 200, 200, 200, 0, 0, 0, 0, 0, 0, 200, 200, 200, 0, 200]
0 25 [125, 0, 0, 1425, 500, 0, 750, 975, 850, 481, 0, 450, 2400, 1800]
0 26 [0, 2100, 2600, 0, 0, 0, 0, 0, 0, 0, 100]
0 27 [0, 0, 0, 0, 0, 0, 425, 0, 561, 0, 0, 0, 575, 0, 0, 375]
0 28 [132, 2775, 1700, 1550, 33, 1200, 1056, 0, 1700, 666, 200, 0, 250]
0 29 [475, 450, 1700, 0, 350, 1200, 1600, 222, 0, 0, 675, 600, 675]
0 30 [1475, 2250, 0, 0, 0, 0, 0, 0, 0, 0, 3600]
0 31 [100, 150, 2400, 2400, 0, 0, 575, 0, 0, 0, 0, 0, 350]
0 32 [462, 0, 750, 0, 0, 0, 0, 1147]
0 33 [0, 700, 0, 0, 325, 0, 0, 0, 0, 0, 0, 0, 0, 650]
0 34 [5300, 0, 1700, 1073, 0, 814, 0, 75, 950, 0, 0, 0, 0, 800, 0, 0, 100, 0, 0]
0 35 [5700, 0, 0, 592, 900, 0, 627, 0, 1550, 0, 0, 900, 1200, 0, 0]
0 36 [0, 200, 1300, 525, 4300, 300, 0, 0, 0, 300, 175, 0, 0, 450]
0 37 [0, 74, 725, 1600, 0, 1500, 0, 150, 1600, 600, 0, 0, 0, 100, 1600, 0, 1450]
0 38 [594, 0, 150, 0, 300, 0, 0, 0, 0, 777, 0, 300, 575, 0, 1000, 0, 250]
0 39 [450, 0, 1155, 0, 1800, 0, 0, 0, 0, 650, 0, 0, 0, 0, 775]
450 40 [1749, 450, 660, 1200]
0 41 [300, 675, 0, 0, 250, 1050, 0, 0, 0, 407, 0, 0]
0 42 [0, 111, 950, 0, 1200, 0, 325, 750, 66, 0]
0 43 [0, 600, 1800, 0, 0, 2850, 33]
0 44 [1600, 0, 0, 0, 33, 0, 0, 0, 0, 0, 0, 74, 0]
0 45 [575, 0, 450, 333, 2300, 525, 0, 0, 0, 407, 0]
0 46 [0, 0, 0, 925, 1500, 75, 0, 370, 150, 0, 0, 100]
0 47 [0, 2850, 1584, 1050, 1100, 0, 0, 0, 0, 0, 2600, 0, 2000, 222]
0 48 [525, 350, 0, 0, 0, 185, 0, 0, 0, 0, 50, 0, 1050]
225 49 [1419, 225, 2400, 444, 4000, 900]
