288
1081
0
3000
[1, 2, 14, 30, 33, 38, 44]
[]
0 0 [65, 0, 0, 1, 0, 0, 7, 0, 0, 0, 1904, 0, 61]
16 1 [176, 691, 25, 805, 100, 75, 185, 150, 18, 33, 16, 324, 265, 525, 150]
18 2 [33, 37, 200, 514, 50, 74, 448, 92, 1322, 18, 729, 96, 253, 900]
0 3 [0, 0, 448, 151, 33, 0, 100, 1019, 0, 0, 75, 433, 0]
0 4 [144, 0, 0, 0, 0, 60, 0, 0, 148, 0, 198, 681]
0 5 [0, 0, 132, 1964, 150, 0, 0, 16, 0, 222, 0, 0]
0 6 [139, 0, 0, 0, 32, 150, 75, 1068, 41, 941]
0 7 [1, 0, 75, 74, 100, 354]
0 8 [178, 0, 0, 450, 1322, 7, 0, 0, 0, 0, 0, 0, 132, 0]
0 9 [0, 0, 0, 0, 229, 12, 0, 2068, 253, 1050, 300]
0 10 [0, 0, 0, 150, 723, 0, 1287, 0, 0, 0, 652, 0]
0 11 [15, 339, 0, 0, 209, 37, 0, 0]
0 12 [187, 0, 8, 0, 50, 402, 377, 200, 0, 303, 340]
0 13 [0, 50, 0, 49, 75, 75, 0]
592 14 [1200, 592, 801, 1302, 751, 1800, 649, 981, 999, 1154]
0 15 [0, 0, 0, 0, 0, 0, 0, 603, 0, 0, 468, 0, 25]
0 16 [33, 0, 132, 1832, 100, 370, 0, 40, 0, 0]
0 17 [0, 0, 0, 360, 0, 382, 88, 0, 1876, 1951, 0, 57, 146]
0 18 [92, 0, 0, 227, 0, 0, 1025, 0, 0, 0, 0, 2304, 362, 1456, 0, 18, 400]
0 19 [200, 983, 99, 220, 200, 0, 739, 0, 32, 344, 125, 300]
0 20 [0, 0, 798, 25, 0, 0, 0, 0, 0, 0, 0, 0, 0, 242, 75, 0]
0 21 [0, 0, 25, 404, 132, 376, 0, 0, 66, 0, 173]
0 22 [87, 0, 0, 375, 156, 300, 1, 250, 25, 920, 0, 875, 26]
0 23 [0, 0, 2, 0, 125, 0, 80, 126, 323, 0, 0, 204, 250, 0]
0 24 [0, 0, 0, 120, 0, 117, 686, 0, 0, 59, 0]
0 25 [0, 0, 0, 2032, 7, 0, 0, 1023, 352, 42, 5, 111, 0, 0, 0]
0 26 [0, 169, 0, 0, 200, 450, 0, 0, 44, 0, 0, 324, 0]
0 27 [0, 0, 0, 0, 629, 1500, 0, 0, 0, 0, 0, 75, 66, 75, 275, 0]
0 28 [82, 0, 0, 0, 173, 0, 0, 0, 22, 946, 1, 0, 770, 10, 183, 0, 2, 0]
0 29 [22, 0, 0, 269, 260, 75, 3559, 0, 0, 0, 36, 1022, 0, 300, 0]
51 30 [1228, 150, 601, 120, 113, 51, 250, 681, 297, 750]
0 31 [25, 0, 0, 2875, 0, 2304, 634, 0, 198, 37, 0]
0 32 [5, 258, 8, 34, 99, 0, 0, 30, 66, 944, 747, 0]
474 33 [568, 774, 478, 1290, 474, 1500, 990, 1307, 1400, 1202]
0 34 [0, 0, 25, 8, 0, 0, 99, 0, 204, 0, 0, 0, 25, 1716, 362, 174]
0 35 [0, 100, 0, 0, 152, 0, 100, 185, 30, 0, 0, 0, 99, 1377, 526, 726, 0, 51]
0 36 [0, 0, 0, 0, 0, 0, 436, 1302, 350, 545, 0]
0 37 [38, 0, 0, 0, 0, 0, 556, 478, 9, 200]
75 38 [200, 185, 576, 150, 75, 111, 200, 222, 75]
0 39 [0, 512, 220, 0, 0, 25, 408, 542, 342, 0, 0, 75, 132, 148]
0 40 [0, 0, 0, 15, 0, 250, 0, 500, 0, 0]
0 41 [176, 0, 0, 0, 0, 0, 0, 110, 0, 0, 536, 1374, 338, 153, 670, 7, 0]
0 42 [33, 0, 172, 216, 0, 0, 0, 315, 0, 0]
0 43 [139, 0, 0, 0, 0, 0, 0, 583, 0, 100, 150, 758, 0]
1774 44 [5067, 6300, 2125, 2400, 1914, 1774, 2400, 3975]
0 45 [74, 0, 0, 328, 0, 285, 0, 0, 2, 0, 459, 148, 0, 316]
0 46 [142, 0, 0, 0, 107, 75, 1, 0, 50, 0, 698, 247, 0, 37, 363]
0 47 [0, 148, 273, 2278, 411, 0, 0, 0, 0, 408]
0 48 [0, 75, 2, 0, 0, 0, 0, 144, 0, 474, 0, 164, 25, 953, 0]
0 49 [216, 75, 198, 0, 200, 0, 0, 846, 374, 0, 0]
