288
1081
1
2244
[10, 19, 28, 29, 35]
[]
0 0 [397, 110, 51, 4, 448, 150, 140, 408, 227, 38, 0, 0, 3, 0, 200, 0]
0 1 [25, 6, 0, 147, 141, 0, 165, 0, 0, 155, 382, 296, 0, 0, 91]
0 2 [175, 2, 200, 1125, 183, 300, 99, 12, 0, 0, 0]
0 3 [0, 157, 0, 280, 100, 0, 517, 0, 300, 1, 48, 56]
0 4 [503, 640, 272, 68, 40, 767, 495, 160, 140, 0, 117, 150, 0, 0, 33]
0 5 [120, 5, 0, 100, 105, 237, 4, 0, 13, 112, 271]
0 6 [138, 0, 123, 321, 0, 216, 122, 148]
0 7 [282, 309, 0, 150, 0, 825, 0, 1254, 0, 464, 158, 10, 54, 1]
0 8 [180, 8, 800, 47, 267, 151, 53, 0, 200, 10, 300, 34]
0 9 [90, 512, 465, 205, 0, 363, 0, 350, 0, 134, 36, 0, 99]
336 10 [340, 825, 336, 580, 400, 601, 619, 1351, 423, 1350, 942, 551]
0 11 [83, 407, 0, 316, 45, 1259, 0, 46, 0, 125, 0, 200]
0 12 [210, 0, 35, 10, 4, 205, 164, 118, 119, 991, 0, 0, 220, 8, 85, 0, 0, 215]
0 13 [392, 0, 92, 729, 0, 191, 300, 212, 510, 11, 444, 52, 551, 195, 600, 152, 0, 16, 27]
0 14 [0, 744, 913, 100, 25, 0, 0, 2914, 676, 104]
0 15 [74, 2, 75, 468, 75, 553, 275, 420, 0, 0, 24, 4, 0, 2, 0, 168]
0 16 [181, 47, 50, 1050, 135, 0, 401, 0, 0, 99, 0]
0 17 [12, 3, 60, 0, 94, 222, 0, 0, 3, 316, 67, 200]
0 18 [423, 0, 119, 541, 44, 0, 411, 594, 0, 690, 0, 451]
349 19 [456, 349, 1266, 450, 402, 854, 561, 1501, 656, 2024]
0 20 [225, 127, 200, 483, 375, 2, 0, 126, 1037, 0, 20, 752, 0, 275, 88, 13]
0 21 [198, 396, 540, 158, 213, 0, 0]
0 22 [0, 35, 193, 1, 23, 496, 348, 20, 501, 0, 102, 0, 0, 0, 27]
0 23 [20, 0, 446, 196, 165, 0, 461, 227, 0, 293, 0]
0 24 [701, 600, 32, 3141, 31, 74, 381, 170, 0, 0, 258, 0, 6, 550, 111]
0 25 [192, 580, 75, 37, 0, 0, 84, 97, 0]
0 26 [151, 0, 175, 3, 756, 66, 0, 480, 33, 0, 41]
0 27 [150, 0, 195, 100, 595, 482, 489, 115, 0, 0, 2, 225, 310, 375, 27]
342 28 [1411, 956, 1800, 650, 759, 444, 1000, 622, 342, 1035, 417]
16 29 [156, 152, 662, 75, 450, 110, 66, 558, 16]
0 30 [0, 0, 168, 712, 70, 0, 408, 1147, 0, 444, 159, 202, 132]
0 31 [196, 0, 45, 1, 340, 424, 0, 114, 175, 0, 225, 870, 25, 7, 0, 222, 82, 1]
0 32 [486, 1051, 42, 2, 425, 10, 51, 2511, 6, 50, 4, 227, 0, 270, 138, 0, 171, 51]
0 33 [82, 239, 15, 50, 1, 0, 0, 0, 0, 0, 100, 27]
0 34 [148, 0, 531, 116, 0, 111, 12]
1201 35 [1221, 1708, 1808, 1541, 1201, 2676, 1442, 4838, 3100, 2603, 1650]
0 36 [215, 1982, 33, 0, 0, 0, 3, 142, 25]
0 37 [350, 220, 200, 173, 32, 0, 76, 200, 0, 27]
0 38 [130, 289, 453, 2, 6, 1362, 33, 0, 0, 0, 210, 0, 0, 150]
0 39 [0, 0, 0, 127, 141, 18, 8, 0, 64, 0, 45, 0]
0 40 [169, 143, 200, 4, 100, 1052, 50, 15, 0, 0, 81, 237, 300, 0, 102, 4]
0 41 [72, 3, 292, 100, 48, 2785, 0, 0, 702, 441, 16, 48, 33, 0]
0 42 [66, 100, 100, 316, 38, 322, 0, 260, 0, 3, 0, 200, 0]
0 43 [30, 852, 666, 0, 0, 160, 150, 4, 148]
0 44 [350, 1998, 7, 0, 125, 1772, 0, 55, 0, 19, 50, 6, 248]
0 45 [0, 832, 0, 0, 266, 0, 561, 0, 116, 318, 0, 167, 6]
0 46 [0, 0, 24, 0, 79, 574, 270, 0, 0, 100, 0, 300]
0 47 [224, 0, 512, 2900, 292, 0, 121, 84]
0 48 [33, 369, 62, 0, 0, 108, 34, 0]
0 49 [0, 18, 68, 77, 200, 264, 0, 98, 0, 172, 6, 1]
