288
2501
2169
75
[0]
[]
75 0 [650, 75, 1100, 150, 900, 150, 525, 333, 1100]
0 1 [0, 0, 66, 150, 75, 0, 800, 0, 700, 0, 0]
0 2 [0, 0, 0, 225, 100, 0, 297, 0, 0, 0, 225, 0, 33, 0, 3700, 370]
0 3 [627, 0, 99, 0, 175, 0, 50, 0, 1600, 0, 400, 50, 2500, 0, 0]
0 4 [50, 0, 0, 74, 250, 0, 300, 0, 1400, 0, 150]
0 5 [0, 0, 1200, 0, 0, 37, 0, 74, 1300, 0, 0, 0, 150]
0 6 [100, 0, 0, 0, 66, 0, 25, 0, 1350, 0, 100, 0]
0 7 [50, 0, 400, 0, 0, 450, 100, 0, 100]
0 8 [150, 0, 600, 0, 0, 0, 0, 0, 0, 0]
0 9 [0, 0, 0, 0, 700, 0, 2200, 1200]
0 10 [200, 0, 0, 0, 300, 200, 165, 50, 0, 600, 150, 0, 132]
0 11 [0, 0, 50, 0, 100, 0, 1500, 0]
0 12 [0, 0, 100, 0, 350, 0, 0, 300, 100, 75, 0, 500]
0 13 [0, 0, 132, 0, 132, 300, 200, 0, 66, 0, 300, 0]
0 14 [0, 600, 175, 150, 0, 0, 50, 0, 0, 0, 675, 0, 150]
0 15 [0, 0, 100, 300, 1000, 74, 475, 0, 150]
0 16 [0, 0, 250, 0, 600, 450, 300, 0, 0, 0, 150, 0, 25]
0 17 [550, 0, 0, 111, 550, 0, 0, 0, 0, 0, 100, 37, 150, 0, 125, 0]
0 18 [75, 150, 400, 0, 400, 50, 33, 0, 200, 0, 0, 37, 100, 0]
0 19 [0, 50, 66, 0, 275, 0, 200, 0]
0 20 [0, 0, 100, 0, 200, 0, 2300]
0 21 [363, 50, 0, 0, 100, 0, 100, 0, 2500, 0, 50]
0 22 [175, 0, 132, 0, 475, 600, 550, 0, 0, 0, 25, 0, 100, 0, 165, 0, 66]
0 23 [0, 0, 750, 0, 325, 0, 0, 0, 325, 0]
0 24 [0, 0, 100, 0, 1400, 0, 25, 300, 200]
0 25 [200, 0, 25, 0, 0, 150, 0, 50, 33, 0, 0]
0 26 [0, 0, 0, 150, 0, 225, 900, 0, 25, 0, 850]
0 27 [0, 0, 275, 0, 150, 0, 0, 0, 650, 50, 300, 37, 200, 150, 100, 0]
0 28 [0, 0, 150, 0, 50, 0, 132, 0, 0, 0, 500, 0, 0, 0]
0 29 [0, 0, 50, 0, 1800, 0, 100]
0 30 [50, 75, 325, 74, 0, 0, 0, 0, 1500, 0, 100, 37, 200, 0, 825, 222, 250, 75, 330]
0 31 [0, 0, 500, 0, 0, 0, 250, 75, 627, 0]
0 32 [0, 0, 0, 0, 462, 0, 400, 0, 0, 0, 759, 0, 75]
0 33 [0, 0, 75, 150, 33, 0, 50, 0, 0]
0 34 [0, 0, 0, 37, 50, 450, 132, 50, 0, 0]
0 35 [0, 0, 0, 0, 300, 0, 50, 50, 300, 0, 100, 0, 0, 0]
0 36 [0, 0, 0, 0, 0, 0, 66, 0, 25, 0, 0]
0 37 [0, 0, 0, 100, 0, 37, 150, 0, 0, 0, 100, 0, 500, 0, 50, 0]
0 38 [0, 0, 0, 75, 0, 0, 198, 300, 50, 0]
0 39 [462, 50, 600, 50, 0, 0, 0, 150]
0 40 [0, 0, 0, 37, 0, 0, 100, 0, 2500, 500, 600, 0]
0 41 [500, 450, 400, 0, 1400, 150, 1650]
0 42 [0, 0, 200, 37, 300, 0, 125, 0, 0, 150, 66, 0, 0, 0]
0 43 [25, 0, 0, 75, 0, 0, 0, 74, 0, 75, 66, 0, 300, 0, 475, 0, 0, 0]
0 44 [0, 0, 0, 0, 0, 0, 100, 0, 0, 0]
0 45 [0, 0, 0, 0, 400, 0, 100, 450, 165, 0, 0, 0, 429, 0, 2100, 0, 99]
0 46 [396, 0, 0, 0, 0, 0, 0, 0, 150, 75, 300]
0 47 [0, 0, 0, 375, 150, 0, 0, 50, 99, 0, 50]
0 48 [0, 0, 0, 0, 0, 0, 50, 0, 1050, 0, 200]
0 49 [0, 0, 0, 300, 600, 0, 100, 300, 200, 0, 0]
