288
2501
945
0
[]
[]
0 0 [0, 0, 1551, 0, 175, 0, 0, 0, 165, 525, 33, 0]
0 1 [0, 0, 0, 0, 0, 750, 0, 0, 0]
0 2 [429, 150, 1900, 0, 0, 0, 396, 0, 0]
0 3 [561, 0, 0, 0, 0, 0, 0, 0, 0, 0, 0, 0, 0]
0 4 [0, 0, 0, 0, 0, 0, 0, 0, 0, 0, 0]
0 5 [300, 37, 0, 74, 0, 0, 0, 0, 0, 0]
0 6 [0, 0, 0, 300, 0, 0, 350, 0, 264, 0, 0]
0 7 [50, 0, 550, 0, 0, 0, 0, 0, 0, 0, 650]
0 8 [0, 0, 100, 0, 0, 0, 0, 0, 0, 0, 0, 0, 0]
0 9 [25, 0, 759, 0, 0, 0, 0, 0, 2200, 0, 0, 0, 0, 0]
0 10 [0, 1275, 0, 0, 0, 0, 0, 0, 25, 0]
0 11 [0, 0, 0, 0, 0, 0, 0, 111, 300, 0]
0 12 [1452, 0, 0, 0, 1700, 0, 165, 0, 0, 0]
0 13 [550, 150, 0, 0, 0, 0, 0, 0, 250, 0, 429]
0 14 [350, 225, 0, 50, 0, 100, 0, 0, 0, 0, 0, 0, 0, 0, 0]
0 15 [0, 0, 0, 0, 0, 525, 250, 0]
0 16 [0, 0, 165, 0, 700, 375, 100, 370, 0, 0, 0, 0]
0 17 [0, 150, 0, 150, 0, 0, 0, 0, 75, 0, 0, 350, 0, 481]
0 18 [375, 0, 1452, 0, 0, 0, 0, 0, 132, 50, 0, 0]
0 19 [0, 0, 400, 100, 1320, 0, 1250, 0, 1250, 50, 396]
0 20 [0, 0, 0, 0, 0, 0, 0, 259, 0, 225, 0]
0 21 [700, 0, 0, 111, 0, 0, 0, 0, 0, 0, 0, 0]
0 22 [0, 0, 1200, 0, 0, 0, 1200]
0 23 [0, 75, 0, 37, 2200, 0, 0, 0, 0, 0, 0, 0, 0, 1800, 50, 0]
0 24 [0, 111, 300, 74, 300, 74, 0, 0, 0, 0, 400, 150, 450]
0 25 [0, 0, 0, 0, 0, 0, 0, 0, 0, 0, 0, 150, 0, 900, 0]
0 26 [100, 0, 66, 0, 0, 0, 0, 0, 429, 0, 0]
0 27 [198, 0, 1950, 0, 0, 0, 2400, 300, 25, 75, 400, 0, 0]
0 28 [33, 0, 0, 0, 0, 825, 0]
0 29 [33, 0, 0, 0, 0, 0, 0, 0, 0, 0]
0 30 [0, 0, 0, 0, 0, 0, 100, 0, 500, 0]
0 31 [75, 0, 0, 50, 0, 0, 0, 0, 0, 0, 50, 0, 0]
0 32 [0, 0, 0, 0, 0, 0, 0, 0, 0]
0 33 [0, 0, 0, 0, 0, 0, 0, 150]
0 34 [0, 0, 0, 0, 0, 0, 0, 0, 2600, 0, 231, 0, 0]
0 35 [0, 100, 0, 0, 0, 0, 0, 0, 0, 0, 0, 0, 225, 0]
0 36 [200, 600, 275, 0, 125, 0, 100, 518, 125]
0 37 [0, 0, 0, 0, 0, 500, 200, 0, 0, 50, 175, 0, 800, 0, 0]
0 38 [25, 0, 0, 0, 50]
0 39 [250, 0, 0, 0, 0, 0, 75, 0, 50]
0 40 [900, 0, 500, 0, 0, 0, 0, 0, 200, 0]
0 41 [0, 0, 1700, 0, 0, 0, 264, 0, 0, 0, 891, 0, 50, 592, 0, 0]
0 42 [0, 75, 66, 1050, 0]
0 43 [0, 148, 0, 0, 0, 0, 0, 0, 0, 0, 400]
0 44 [125, 74, 1250, 0, 264, 0, 0, 0, 0, 0, 200, 0, 0, 0, 0, 0, 0]
0 45 [100, 450, 0, 0, 0, 0, 0, 148, 600, 0, 250]
0 46 [25, 300, 99, 0, 0, 0, 0, 0, 0, 75, 0, 0, 0, 0, 0]
0 47 [0, 74, 250, 800, 0, 0, 0, 0, 0, 0, 0, 0, 66, 0]
0 48 [0, 150, 528, 0, 0, 0, 165, 750, 0, 1125]
0 49 [0, 0, 0, 0, 0, 0, 100, 0, 0, 0, 425, 0]
