288
1081
0
910
[26, 39]
[]
0 0 [0, 162, 4, 0, 0, 16, 0, 2, 2, 0, 0]
0 1 [0, 0, 159, 305, 33, 0, 274, 0, 32, 1, 0, 0, 0]
0 2 [235, 111, 100, 0, 11, 0, 138, 991, 0, 525, 825, 12, 0, 0, 0, 0]
0 3 [0, 0, 0, 608, 230, 0, 0, 207, 0, 562, 0, 0, 0, 0, 0]
0 4 [0, 0, 38, 252, 0, 0, 42, 282, 91]
0 5 [0, 85, 0, 0, 186, 60, 0, 0, 100, 1779, 0, 0, 0]
0 6 [0, 0, 0, 0, 37, 546, 0, 0, 0, 0]
0 7 [0, 465, 0, 72, 0, 0, 0, 0, 0, 197, 196, 431, 0, 32, 0, 527]
0 8 [237, 0, 0, 185, 0, 97, 0, 515, 0, 188, 0]
0 9 [0, 0, 2, 523, 0, 900, 87, 0, 0, 0, 0, 1498, 0]
0 10 [0, 75, 170, 0, 78, 245, 165, 0, 0, 75, 0]
0 11 [0, 0, 160, 150, 0, 105, 173, 0, 44, 50, 0, 0, 0, 0, 2100]
0 12 [0, 672, 32, 1830, 280, 890, 0, 150, 212, 0]
0 13 [508, 243, 0, 0, 0, 902, 0, 537, 674, 0, 2]
0 14 [0, 0, 0, 0, 18, 0, 0, 0, 123, 225, 0, 82]
0 15 [0, 0, 560, 0, 376, 0, 0, 0, 0, 0, 0, 0, 0]
0 16 [0, 0, 0, 0, 0, 0, 0, 200, 149, 52, 275, 0, 0, 0]
0 17 [0, 0, 0, 0, 211, 66, 532, 234, 0, 0, 2101]
0 18 [0, 359, 495, 0, 0, 37, 622, 380, 25, 183, 200, 282, 100, 0, 192, 0, 20, 0, 0]
0 19 [0, 0, 101, 151, 714, 0, 295, 0, 100, 73]
0 20 [177, 0, 0, 0, 0, 0, 165, 0, 99, 342, 234, 75, 0, 0, 419, 7, 0]
0 21 [46, 3, 0, 191, 0, 0, 120, 112, 592, 0, 0, 37, 0, 0]
0 22 [0, 0, 100, 0, 66, 96, 528, 0, 0, 0, 0]
0 23 [233, 0, 237, 1144, 134, 0, 165, 474, 305, 370, 101, 1087]
0 24 [231, 0, 0, 58, 0, 780, 0, 232, 125, 665, 0, 0, 206]
0 25 [0, 0, 0, 0, 0, 32, 0, 115, 0]
730 26 [2509, 730, 2003, 1920, 913, 2702]
0 27 [0, 0, 50, 18, 0, 15, 99, 183, 0, 0, 0, 0]
0 28 [0, 27, 0, 0, 22, 0, 0, 0, 10, 116, 0, 0, 905, 0]
0 29 [0, 474, 387, 918, 0, 16, 0, 385, 0, 15]
0 30 [0, 0, 0, 119, 122, 643, 0, 150, 0]
0 31 [0, 37, 260, 393, 560, 1, 0, 49, 94, 330, 0, 0, 0, 0, 0, 2]
0 32 [852, 768, 408, 583, 206, 30, 198, 258, 0, 0, 20, 206, 0]
0 33 [0, 0, 0, 0, 15, 63, 320, 0, 0, 129, 0, 0, 0, 0, 0, 334, 0]
0 34 [0, 0, 60, 248, 0, 151, 66, 0, 0, 117, 0, 0]
0 35 [213, 0, 65, 1075, 0, 0, 0, 0, 548, 290, 0, 0, 100, 0, 0]
0 36 [0, 0, 265, 24, 201, 0, 0, 0, 153, 0]
0 37 [0, 126, 102, 0, 0, 236, 296, 0, 15, 95, 0, 116, 0, 55, 30, 0]
0 38 [170, 114, 33, 161, 0, 0, 2605]
180 39 [800, 490, 450, 1551, 180, 842]
0 40 [40, 804, 0, 0, 544, 498, 0, 0, 0, 0, 0, 20]
0 41 [0, 222, 31, 0, 0, 300, 0, 0, 39, 0]
0 42 [159, 0, 0, 13, 110, 91, 0, 35, 77, 310, 0, 351]
0 43 [0, 0, 1, 0, 0, 0, 104, 0, 38, 0]
0 44 [0, 0, 0, 125, 0, 0, 0, 200, 245, 2, 33, 0]
0 45 [0, 93, 40, 0, 0, 0, 0, 0, 0, 111, 0, 0, 0, 0, 726]
0 46 [101, 413, 0, 0, 0, 114, 45, 145, 232, 0, 0, 0, 0, 0]
0 47 [0, 124, 144, 0, 37, 0, 87, 0, 0, 0, 0, 0, 0, 0]
0 48 [201, 1574, 91, 766, 132, 182, 0, 0, 0, 498, 0]
0 49 [0, 354, 0, 0, 0, 612, 143, 0, 0, 226, 0, 0, 0, 0, 0]
