288
2501
1387
0
[]
[]
0 0 [0, 0, 0, 0, 0, 0, 100, 50, 50, 1650, 100, 0]
0 1 [0, 200, 0, 259, 0, 0, 100, 37, 3500, 37, 800, 0, 0, 0, 891, 0]
0 2 [550, 0, 99, 150, 575, 150, 1000, 0, 66, 0, 0]
0 3 [0, 0, 0, 0, 0, 0, 132, 0, 0]
0 4 [363, 0, 0, 0, 300, 333, 0, 0, 150, 0, 0, 0]
0 5 [75, 225, 0, 0, 100, 0, 0, 0, 50]
0 6 [0, 0, 0, 0, 2700, 0, 2800, 0, 0]
0 7 [0, 0, 0, 0, 0, 0, 0, 0, 100, 518, 0, 225, 1100, 0, 0]
0 8 [700, 0, 0, 0, 900, 0, 150, 900, 100, 0]
0 9 [1600, 675, 0, 0, 0, 37, 0, 0, 0, 750, 300, 0, 0, 0]
0 10 [600, 0, 231, 0, 0, 225, 900, 0, 850, 100, 1947, 0, 0, 0, 264, 0, 100]
0 11 [0, 0, 650, 0, 0, 0, 2200, 600, 2800, 0, 0, 300, 0, 0, 0, 0]
0 12 [1000, 0, 350, 0, 0, 0, 0, 0, 0]
0 13 [0, 0, 250, 0, 500, 0, 0, 0, 0, 0, 0, 0, 0]
0 14 [0, 225, 297, 100, 891, 450, 759, 825, 300, 0, 400, 0]
0 15 [650, 0, 2000, 250, 350, 300, 495, 400, 575, 1500]
0 16 [0, 450, 0, 150, 0, 0, 0, 75, 0, 0, 1100, 0, 0, 0]
0 17 [0, 0, 528, 0, 950, 375, 0, 0, 50, 1050, 33, 450, 200, 0, 0]
0 18 [0, 0, 0, 0, 300, 0, 0, 481, 0, 0, 75, 0, 198, 0]
0 19 [0, 0, 500, 0, 0, 0, 200, 0, 0, 333, 25, 0, 0]
0 20 [350, 0, 0, 0, 231, 0, 175, 0, 0, 0, 1400, 0, 0]
0 21 [0, 0, 0, 0, 66, 825, 200, 0, 0, 222, 0, 150, 400, 0, 0, 0]
0 22 [0, 375, 264, 450, 0, 0, 0, 150, 0, 825, 25, 0, 300]
0 23 [450, 0, 0, 0, 0, 0, 0, 0]
0 24 [0, 0, 0, 259, 800, 300, 0, 0]
0 25 [0, 0, 0, 0, 0, 37, 1782, 0, 0, 150, 0, 0, 0, 0]
0 26 [0, 148, 0, 0, 200, 296, 6100, 0, 0, 450, 0, 0, 0, 0, 0]
0 27 [0, 0, 0, 0, 2200, 250, 0, 0, 0, 0, 900, 0]
0 28 [0, 350, 0, 0, 750, 0, 550, 0]
0 29 [396, 0, 300, 0, 0, 0, 66, 0, 150, 0, 0, 0]
0 30 [0, 0, 0, 0, 325, 0, 0, 222, 0, 0, 66, 375, 0]
0 31 [0, 250, 0, 111, 0, 0, 75, 0, 1750, 250, 0, 0, 231, 0, 0]
0 32 [0, 0, 150, 0, 0, 74, 858, 0, 0, 0, 0, 0, 0]
0 33 [0, 0, 600, 0, 0, 0, 0, 0, 0, 50, 1050, 0]
0 34 [900, 0, 0, 0, 0, 0, 0, 0, 0, 111, 0, 0, 1400, 0, 0]
0 35 [0, 900, 0, 300, 800, 0, 0, 0, 0, 0, 0]
0 36 [325, 0, 0, 0, 0, 0, 231, 407, 2310, 0, 25, 0, 50, 0, 0, 0, 0, 0, 50]
0 37 [0, 0, 0, 0, 200, 0, 1700, 111, 600, 0, 100, 450, 275, 0, 0, 0, 0]
0 38 [750, 0, 0, 0, 650, 0, 0]
0 39 [0, 50, 0, 0, 363, 0, 2500, 0, 0, 0, 100, 0, 0, 0]
0 40 [0, 0, 800, 0, 66, 0, 550, 675, 0, 259, 200, 0]
0 41 [0, 0, 0, 0, 450, 0, 792, 0, 50, 0, 300, 0, 0]
0 42 [0, 0, 1000, 0, 0, 0, 175, 0, 0, 0]
0 43 [0, 0, 0, 0, 0, 0, 350, 0, 0, 0, 858, 0, 300]
0 44 [550, 0, 0, 0, 627, 0, 75, 0, 4600, 3000, 0, 0, 100, 0, 0, 0, 375, 0]
0 45 [750, 525, 700, 0, 0, 200, 0, 0]
0 46 [0, 600, 850, 0, 0, 0, 0, 675, 0, 1050, 300, 750, 231, 0, 100, 0]
0 47 [1200, 0, 175, 500, 66, 0, 100, 450, 0]
0 48 [700, 0, 1050, 100, 0, 150, 0, 0, 33, 0, 0]
0 49 [1300, 0, 429, 37, 0, 0, 132, 0, 900, 0, 0]
