288
2501
645
0
[]
[]
0 0 [0, 150, 100, 0, 2700, 0, 0, 0, 1221, 148]
0 1 [0, 0, 100, 0, 350, 0, 363, 0, 0, 0, 0, 0, 0, 0, 0, 0, 1400]
0 2 [0, 0, 125, 0, 0, 0, 0, 0, 0, 0, 0, 0, 425, 0]
0 3 [0, 0, 0, 0, 600, 0, 0, 0, 0, 0, 0, 0, 0, 0]
0 4 [0, 300, 0, 0, 0, 0, 0, 0, 0, 0, 1100]
0 5 [0, 0, 600, 0, 0, 0, 0, 0, 50, 0, 0, 0, 325]
0 6 [0, 0, 400, 148, 0, 0, 0, 0, 0, 0, 0, 0, 1100, 0]
0 7 [0, 0, 0, 75, 0, 0, 0, 0, 0, 0, 2000, 0, 0, 0, 0, 0, 0, 0, 0]
0 8 [0, 0, 0, 150, 33, 0, 0, 0, 0, 0, 0, 0, 0, 0, 1287, 0]
0 9 [500, 0, 0, 0, 0, 0, 0, 0, 0, 0, 600, 0]
0 10 [0, 150, 0, 0, 0, 0, 0, 0, 0, 0, 0, 0, 0, 0, 0, 0]
0 11 [0, 0, 400, 0, 275, 0, 0, 0, 0, 0]
0 12 [0, 150, 0, 100, 0, 0]
0 13 [0, 0, 0, 150, 0, 0, 350, 250, 0, 0, 0, 0, 0, 0, 1584, 0]
0 14 [0, 0, 0, 250, 0, 0, 0, 0, 0, 0, 0, 0, 0, 111, 0]
0 15 [0, 0, 0, 0, 0, 0, 0, 0, 0, 0, 0, 0, 0, 0, 0]
0 16 [0, 0, 0, 0, 0, 0, 0, 0, 0, 0, 600, 0, 800]
0 17 [0, 0, 0, 600, 100, 0, 50, 0, 0, 0, 1600, 50]
0 18 [0, 0, 198, 0, 0, 0, 0, 0, 0]
0 19 [0, 0, 0, 0, 0, 0, 0, 0, 0, 0, 0, 0, 0, 0]
0 20 [0, 600, 0, 100, 500, 0, 0, 0, 0, 0, 0, 0, 600, 0]
0 21 [0, 0, 0, 37, 0, 0, 0, 0, 0, 0, 0, 0, 0, 0]
0 22 [0, 0, 0, 0, 0, 225, 1900, 0, 0, 0, 0, 0, 1550, 0, 0, 0, 550, 0]
0 23 [165, 111, 0, 0, 0, 0, 0, 0, 0, 0, 0, 0]
0 24 [0, 0, 0, 0, 75, 0, 0, 0, 0, 0, 0, 0, 0]
0 25 [0, 0, 100, 74, 0, 0, 0, 0, 0, 0, 0, 0, 0, 0, 0, 0, 0]
0 26 [0, 0, 0, 0, 0, 0, 0, 0]
0 27 [0, 0, 0, 75, 0, 0, 0, 0, 0, 0]
0 28 [100, 0, 0, 0, 0, 0, 0, 0, 0, 0, 0, 0, 950, 0]
0 29 [0, 0, 0, 0, 0, 0, 0, 0, 0, 0, 0, 0, 0, 0, 900]
0 30 [0, 0, 132, 0, 0, 0, 0, 0, 0, 0, 900]
0 31 [0, 0, 0, 0, 0, 0, 600]
0 32 [0, 0, 0, 0, 0, 0, 0, 0, 0, 0, 0, 0, 0, 0, 950, 0]
0 33 [0, 0, 0, 0, 0, 0, 0, 0, 0]
0 34 [0, 148, 0, 0, 0, 0, 0, 0, 2500, 0, 726]
0 35 [100, 0, 0, 0, 0, 0, 0, 0]
0 36 [0, 0, 50, 0, 0, 0, 0, 0, 0, 0, 0, 0]
0 37 [0, 0, 0, 375, 0, 0, 0, 0, 0, 0, 0, 0, 0]
0 38 [0, 0, 125, 0, 0, 0, 150, 0, 0, 0, 0, 0, 0, 0]
0 39 [0, 0, 0, 0, 0, 0, 0, 0, 0, 0, 0, 0, 0, 0]
0 40 [0, 0, 200, 0, 0, 0, 1188, 0, 100, 0, 2700, 0]
0 41 [0, 0, 0, 1050, 0, 0, 0, 0, 100, 0, 125]
0 42 [0, 0, 0, 0, 500, 0, 0, 0, 0, 0, 0, 0, 0, 37, 0]
0 43 [0, 200, 0, 0, 396, 0, 0, 0, 0, 0, 0, 150, 0, 74]
0 44 [297, 0, 0, 0, 0, 0, 0, 0, 0, 0, 0, 0, 0, 0, 2500, 0]
0 45 [0, 0, 264, 0, 0, 150, 0, 0, 0, 0, 0, 0, 0]
0 46 [0, 0, 66, 0, 495, 0, 0, 0, 0, 0, 0, 0, 0]
0 47 [0, 0, 0, 0, 0, 0, 0, 0, 0, 0]
0 48 [700, 0, 0, 0, 0, 0, 0, 0, 0, 0, 800]
0 49 [0, 0, 400, 0, 0, 0, 0, 0, 0, 0, 0, 0, 0, 0, 0, 0, 0, 300, 0]
