288
2501
593
0
[]
[]
0 0 [0, 0, 0, 0, 450, 2550, 25, 1443, 0, 5250, 0, 0, 0, 0, 0, 0, 0, 550, 0]
0 1 [0, 0, 0, 0, 1254, 0, 3050, 0, 0, 7200, 5150, 0, 300, 0, 0, 0, 0, 150]
0 2 [33, 0, 99, 0, 0, 0, 0, 0, 200]
0 3 [0, 0, 0, 0, 0, 0, 0, 2300, 2350, 0, 100, 0, 0, 0, 759, 0]
0 4 [0, 0, 0, 0, 0, 851, 0, 0, 0]
0 5 [0, 0, 0, 0, 0, 0, 0, 0, 100, 750, 33, 0]
0 6 [550, 0, 0, 4350, 0, 5750, 0, 150, 100, 0, 0, 0, 0, 0]
0 7 [0, 0, 0, 2850, 66, 0, 0, 148, 0]
0 8 [0, 0, 0, 0, 0, 0, 0, 0, 2211, 0, 0, 0]
0 9 [0, 0, 1000, 0, 0, 0, 0, 0, 0, 0, 0]
0 10 [66, 150, 0, 0, 0, 1650]
0 11 [100, 37, 0, 2479, 4600, 0, 0, 0, 0, 0, 0, 0, 100]
0 12 [0, 150, 0, 0, 0, 0, 0, 7050, 0, 296, 0, 0, 0, 0, 0, 0, 0]
0 13 [0, 1517, 0, 0, 0, 0, 0, 0, 0]
0 14 [0, 0, 0, 0, 0, 0, 100, 0, 100, 0, 0, 0, 1150, 0]
0 15 [100, 0, 1000, 0, 0, 0, 0, 0, 0, 0, 0, 0]
0 16 [100, 0, 0, 0, 0, 0, 0, 6900, 0, 0, 0, 3300, 33]
0 17 [150, 0, 100, 1147, 0, 0, 0, 2400, 0, 0, 0, 750, 0, 0, 0, 0]
0 18 [2000, 2550, 3267, 3848, 2450, 600, 3500, 1575, 0]
0 19 [100, 0, 0, 0, 0, 0]
0 20 [0, 0, 0, 0, 0, 2220, 0, 1400, 200, 0, 0, 0, 0, 555, 0]
0 21 [0, 0, 0, 2950, 3200, 0, 0, 0, 0, 0, 2600, 0, 50]
0 22 [0, 0, 0, 0, 0, 0, 0, 1650, 0, 0, 100]
0 23 [0, 0, 25, 0, 0, 0, 0, 0, 4800, 0, 0, 0, 0, 1125, 0]
0 24 [450, 0, 0, 0, 0, 7650, 0]
0 25 [0, 0, 0, 0, 0, 0, 0, 0, 0, 0]
0 26 [0, 0, 0, 0, 2150, 74, 0, 0, 2450, 0, 25, 0, 0]
0 27 [0, 0, 33, 1258, 0, 0, 2871, 0, 350, 0, 0, 0, 0, 0, 0, 0, 0, 0]
0 28 [0, 0, 0, 0, 99, 0, 0, 0, 50, 0]
0 29 [0, 0, 5100, 0, 0, 300, 125, 0, 0, 0, 0, 2109, 0]
0 30 [150, 0, 100, 0, 0, 0, 0, 1073, 0, 4275, 0]
0 31 [0, 1110, 50, 0, 1551, 0, 0, 0, 0, 0, 0, 750, 0]
0 32 [0, 0, 3625, 0, 0, 0, 0, 0, 0]
0 33 [33, 37, 0, 0, 0, 75, 0, 0, 0, 0, 0]
0 34 [50, 450, 1575, 0, 0, 4725, 2975, 5250, 0, 0, 0, 0]
0 35 [0, 2250, 0, 0, 100, 0, 0, 0, 0, 0]
0 36 [0, 0, 66, 0, 1485, 0, 0, 5400, 0, 0, 5850, 0, 0]
0 37 [33, 0, 0, 0, 0, 0]
0 38 [0, 0, 0, 3975, 125, 0, 0, 0]
0 39 [0, 0, 0, 3000, 0, 0, 0, 0]
0 40 [0, 0, 300, 0, 0, 0, 0, 0, 0, 0, 1500, 0, 0]
0 41 [2600, 0, 0, 0, 0, 0, 0, 0, 0, 900, 50, 0, 0, 0, 2800, 0]
0 42 [0, 0, 0, 15450, 0, 0, 0, 0, 0]
0 43 [0, 0, 0, 0, 0, 0, 0, 0, 0, 0, 1050, 0]
0 44 [0, 300, 0, 0, 0, 2700, 0, 0, 0]
0 45 [0, 0, 8200, 0, 1518, 0, 0, 0, 0, 0]
0 46 [0, 0, 5100, 0, 1000, 0, 3150, 0, 825, 0, 0]
0 47 [0, 0, 0, 0, 0, 0, 2475, 0, 0, 0, 0, 0, 0, 0]
0 48 [0, 0, 0, 0, 0, 2025, 550, 0, 0, 0, 3200, 0, 0]
0 49 [0, 4950, 50, 0, 3150, 0, 2950, 0, 1000, 8550, 0, 444, 0]
