288
2501
1969
0
[]
[]
0 0 [300, 75, 450, 0, 858, 675, 500, 850, 450, 200]
0 1 [132, 0, 165, 0, 0, 1050, 150, 0, 0, 0, 1000, 250]
0 2 [550, 150, 0, 0, 330, 0, 0, 1500, 1025, 150, 150, 0]
0 3 [250, 0, 165, 0, 200, 0, 66]
0 4 [1300, 0, 200, 0, 0, 333, 225, 37, 150, 0, 1900]
0 5 [0, 0, 100, 0, 600, 225, 0, 0, 0, 250, 100]
0 6 [200, 0, 132, 0, 0, 0, 100, 0, 300, 0, 800, 825, 264, 0, 400, 0, 125, 296, 0]
0 7 [100, 0, 0, 0, 0, 0, 150, 0, 1300, 1500, 99, 185, 200, 0, 0, 0]
0 8 [400, 0, 0, 450, 231, 400, 625, 100, 100, 0, 500]
0 9 [100, 0, 300, 0, 132, 50, 500, 450, 396, 0]
0 10 [300, 0, 495, 0, 0, 0, 100, 0, 0, 0, 66, 0]
0 11 [250, 0, 400, 0, 198, 0, 66, 0, 600, 250, 125, 0]
0 12 [300, 150, 0, 0, 225, 0, 25, 300, 198, 0, 33, 0]
0 13 [300, 150, 50, 37, 150, 0, 1300]
0 14 [250, 0, 1000, 0, 100, 0, 50, 0, 66, 500, 900, 0, 33, 75, 561, 75, 100]
0 15 [264, 0, 650, 0, 50, 0, 0, 350, 350, 0, 200, 0, 198, 37, 800, 300, 0, 0]
0 16 [350, 148, 0, 0, 0, 225, 100, 0, 600, 0]
0 17 [0, 0, 200, 0, 75, 0, 165, 0]
0 18 [0, 0, 300, 0, 650, 0, 264, 0, 300, 111, 650, 0, 150, 0]
0 19 [100, 0, 0, 0, 175, 0, 300, 0, 200]
0 20 [200, 0, 0, 75, 0, 0, 450, 75, 0, 0]
0 21 [400, 0, 0, 0, 0, 0, 75, 0, 150, 0]
0 22 [550, 0, 396, 0, 50, 0, 132, 0, 0, 0, 700, 150, 0, 0, 198, 0]
0 23 [400, 0, 300, 0, 600, 74, 0, 0, 99]
0 24 [800, 0, 0, 0, 300, 0, 700, 2100, 396, 0, 0, 0, 1700, 0, 99]
0 25 [33, 0, 300, 0, 429, 0, 150, 0, 0, 0, 25, 450, 132, 0, 450, 0, 250, 0, 0, 0]
0 26 [0, 0, 100, 0, 200, 225, 100, 0, 0, 0, 50, 0]
0 27 [0, 0, 429, 0, 125, 200, 300, 0, 350, 0, 0, 0]
0 28 [100, 0, 50, 0, 0, 0, 200, 1950, 264, 0, 100, 0, 1650]
0 29 [100, 0, 429, 0, 275, 0, 400, 0, 0, 0]
0 30 [125, 0, 0, 0, 50, 0, 0, 259, 500, 0, 0, 0, 858, 0]
0 31 [231, 0, 0, 0, 200, 0, 125, 0, 150, 0, 0, 37, 900]
0 32 [350, 0, 250, 300, 429, 0, 800, 75, 350, 375, 561, 0, 200]
0 33 [400, 100, 300, 0, 0, 0, 325, 0, 759, 0, 500, 0, 0, 0, 75, 600, 66]
0 34 [150, 0, 0, 0, 0, 75, 25, 74, 99, 0, 300, 0, 700, 148, 1700, 0, 650]
0 35 [0, 0, 0, 37, 429, 0, 50, 450, 250, 0, 75, 0, 200, 0, 300]
0 36 [297, 0, 100, 0, 300, 150, 264, 0, 400, 675, 600, 0, 600, 0, 1400, 0, 0]
0 37 [99, 0, 0, 0, 775, 370, 99, 111, 1500, 0]
0 38 [175, 0, 0, 150, 0, 37, 500]
0 39 [400, 150, 0, 0, 200, 0, 100, 0, 300, 0, 200, 300, 200, 37, 0, 0]
0 40 [800, 75, 400, 0, 0, 0, 100, 0, 100, 0]
0 41 [231, 0, 600, 0, 900, 111, 300, 0, 250, 150, 0]
0 42 [0, 0, 200, 0, 775, 0, 75, 0, 275, 750, 600, 0, 150, 0, 100, 0]
0 43 [0, 0, 200, 0, 475, 0, 50, 0, 125, 0, 150, 0, 600, 0]
0 44 [0, 0, 275, 0, 0, 74, 0, 0, 50, 0, 66]
0 45 [0, 0, 750, 0, 0, 0, 1600, 0, 25, 750, 99, 0, 1100, 0, 300]
0 46 [300, 0, 0, 0, 150, 0, 50, 0, 125, 600, 0, 1050, 325]
0 47 [0, 0, 363, 0, 450, 0, 0, 0, 100, 0]
0 48 [99, 37, 500, 0, 550, 0, 132]
0 49 [300, 0, 0, 0, 33, 0, 0, 0, 350, 37]
