288
2501
1592
0
[]
[]
0 0 [0, 150, 0, 0, 462, 0, 200, 525, 400]
0 1 [325, 700, 600, 75, 0, 0, 759, 100, 0, 50, 0, 75, 100]
0 2 [1200, 962, 1050, 407, 600, 0, 675, 150, 1225, 0, 150, 75]
0 3 [300, 0, 500, 0, 0, 150, 550, 0, 0, 0, 800, 300, 759, 0, 198, 0, 0, 0]
0 4 [550, 75, 75, 0, 0, 37, 1300, 0, 759, 0, 0, 0, 600, 333, 1200]
0 5 [165, 0, 0, 0, 924, 0, 600, 1200, 0, 750, 0, 300, 225, 0, 325, 300, 0, 0]
0 6 [66, 150, 462, 0, 429, 0, 650, 74, 0, 0, 1400]
0 7 [200, 0, 2100, 0, 165, 75]
0 8 [250, 0, 25, 0, 1800, 0, 660, 0, 2400, 0, 400, 0, 375, 900, 528, 296, 300, 0]
0 9 [165, 0, 0, 0, 200, 0, 1400, 0, 75, 0, 350, 0, 0, 50, 1500, 450, 800, 0]
0 10 [800, 0, 33, 50, 750, 0, 625, 350, 1100, 1350, 1800, 0, 800]
0 11 [200, 0, 66, 825, 700, 407, 0, 74, 1400, 629, 0, 0, 462, 0, 297, 1650]
0 12 [297, 0, 33, 0, 1900, 0, 375, 0, 450, 0, 462]
0 13 [0, 750, 0, 0, 550, 0, 50, 37, 500, 0, 330]
0 14 [500, 0, 198, 0, 0, 0, 500, 0, 726, 37]
0 15 [600, 0, 1100, 0, 0, 0, 350, 75, 125, 0]
0 16 [0, 0, 1188, 333, 300, 0, 726, 450, 1000, 0, 0, 0]
0 17 [75, 50, 627, 0, 0, 0, 750, 1350, 0, 900, 450, 525, 800, 0, 264, 0]
0 18 [0, 74, 66, 0, 550, 450, 0, 0, 0, 0, 1250, 0, 0, 0, 250, 0, 100]
0 19 [0, 0, 100, 0, 396, 296, 0, 296, 450, 525, 0, 50, 375, 0, 600]
0 20 [495, 0, 75, 0, 99, 0, 858, 1950, 225, 370, 525, 0, 330, 50, 250, 75, 33]
0 21 [200, 0, 700, 450, 0, 0, 600, 296, 726, 259, 250, 0, 726, 750]
0 22 [700, 0, 726, 0, 0, 74, 425, 0, 100, 0]
0 23 [500, 150, 650, 0, 0, 0, 675, 200, 450, 0, 0, 0]
0 24 [400, 975, 475, 100, 495, 0, 1250, 74, 100]
0 25 [700, 0, 1000, 629, 1700, 1500, 1350]
0 26 [0, 0, 0, 37, 330, 0, 2100, 350, 2200, 50]
0 27 [500, 0, 50, 75, 462, 0, 425, 0, 660, 0, 1100, 350, 900, 0, 561, 0, 150]
0 28 [0, 0, 396, 0, 693, 300, 462, 0, 2900, 0]
0 29 [250, 150, 1200, 2850, 0, 370, 660, 375, 0, 0, 396, 0]
0 30 [1100, 0, 0, 0, 3000, 0, 0, 0, 50, 200, 350, 0]
0 31 [1000, 0, 0, 0, 575, 600, 600, 0, 0, 0, 2300, 1200, 0, 0, 2500, 0]
0 32 [100, 0, 3100, 37, 0, 0, 1600, 150, 0, 300, 275, 0, 0]
0 33 [1200, 0, 1200, 555, 900, 0, 350, 0]
0 34 [400, 0, 1500, 500, 0, 0, 1250, 74, 300, 0]
0 35 [300, 0, 100, 0, 792, 0, 0, 0, 0, 0, 1600, 450, 0, 0, 50, 74, 0]
0 36 [450, 75, 0, 100, 525, 999, 450, 75, 594, 0, 25]
0 37 [1350, 4350, 0, 0, 600, 550, 75, 0, 0, 185, 100, 0, 175, 0]
0 38 [250, 0, 0, 0, 0, 375, 0, 0, 0, 750, 693, 450, 231, 0, 100]
0 39 [264, 0, 0, 0, 0, 150, 0, 481, 0, 0, 363, 0, 1551, 0, 1475, 100, 0, 75]
0 40 [0, 0, 425, 600, 575, 0, 1700, 333, 693, 0, 4400, 0, 2100, 0]
0 41 [200, 0, 0, 0, 600, 600, 1000, 450, 0]
0 42 [0, 100, 950, 400, 400, 74, 900, 750, 600, 0, 500]
0 43 [600, 0, 0, 0, 300, 0, 462, 150, 25]
0 44 [363, 0, 300, 0, 250, 900, 500, 666, 858, 444, 792, 0, 500, 1350]
0 45 [0, 0, 429, 0, 1700, 450, 0, 1350, 1000, 0, 0, 150, 700, 0, 400]
0 46 [231, 1200, 325, 450, 0, 150, 225, 0, 0, 250]
0 47 [150, 0, 957, 370, 528, 444, 264, 50, 825, 600]
0 48 [231, 0, 0, 0, 700, 750, 400, 0, 1800, 150, 150, 0, 0]
0 49 [100, 0, 100, 0, 1300, 150, 561, 450, 0, 0, 1584, 148, 0, 0]
