288
2501
2175
0
[]
[]
0 0 [0, 0, 33, 0, 0, 0, 400, 0, 600, 0, 150, 0, 50, 0, 363, 0, 0, 0, 25]
0 1 [0, 100, 0, 0, 300, 185, 350, 0, 200, 525, 0, 592, 0]
0 2 [500, 0, 400, 0, 0, 0, 600, 0, 200, 0, 100, 450, 150, 0, 198, 0, 0, 75, 99]
0 3 [300, 37, 25, 0, 50, 0, 99, 0, 1200, 0, 450, 0, 350, 0, 800, 0]
0 4 [0, 100, 800, 1500, 125, 0, 300, 0, 400]
0 5 [200, 0, 250, 150, 225, 0, 700, 0, 225, 0, 924, 0]
0 6 [0, 0, 250, 0, 150, 1200, 400, 1500, 0]
0 7 [0, 350, 100, 0, 0, 0, 225, 0, 264, 0, 1000, 0, 300, 0, 350, 0, 700, 50]
0 8 [100, 0, 25, 0, 100, 0, 100, 0, 1300, 50, 650, 0, 100]
0 9 [0, 50, 363, 0, 0, 148, 1100, 250, 700, 50, 200, 225, 99, 300, 0, 600, 25, 50, 396, 0, 350]
0 10 [300, 185, 400, 0, 250, 0, 575, 100, 400, 675, 792, 0]
0 11 [0, 0, 250, 0, 0, 0, 1500, 0, 297, 74, 325, 0]
0 12 [0, 0, 150, 0, 1350, 111, 500, 0, 231, 0, 200, 0, 627]
0 13 [200, 0, 0, 0, 100, 0, 150, 100, 200, 0, 33, 185, 900, 150, 500, 0]
0 14 [0, 0, 75, 0, 0, 0, 132, 300, 264, 0]
0 15 [100, 0, 198, 333, 400, 0, 0, 75, 400, 0, 0]
0 16 [0, 0, 0, 0, 550, 0, 100, 0, 198, 0, 100, 250, 396, 0, 495, 0]
0 17 [99, 0, 297, 0, 0, 0, 0, 0, 1000, 0, 300, 1350, 1300, 0, 264, 0, 66, 0, 1900]
0 18 [500, 0, 175, 74, 575, 75, 100, 0, 100]
0 19 [231, 0, 150, 0, 2600, 74, 175, 74, 100, 150]
0 20 [600, 300, 363, 74, 363, 0, 700, 200, 462, 600, 3300, 0]
0 21 [132, 0, 0, 111, 2900, 600, 200, 0]
0 22 [1300, 0, 0, 0, 198, 200, 400, 148, 900, 300, 175, 150, 350, 0, 0]
0 23 [0, 0, 0, 750, 0, 200, 330, 0, 150, 0, 198, 0, 50]
0 24 [33, 0, 198, 600, 300, 0, 297, 0, 200, 0, 125, 0, 300, 600, 150, 0, 0, 74]
0 25 [0, 600, 1400, 450, 300, 0, 132, 0, 525, 0, 850]
0 26 [100, 0, 400, 37, 400, 0, 50, 0, 300, 0, 0, 450]
0 27 [100, 300, 462, 0, 600, 450, 1000, 0, 0, 0]
0 28 [0, 0, 1300, 0, 1000, 350, 550, 0, 400, 250, 0, 0]
0 29 [200, 0, 0, 0, 500, 50, 800, 0, 100, 0, 75, 200, 165, 0, 2200]
0 30 [132, 0, 0, 148, 264, 0, 350, 0, 0, 450, 600, 0, 165, 0, 650, 0]
0 31 [0, 0, 550, 0, 375, 0, 200, 0, 250, 0]
0 32 [75, 0, 0, 0, 330, 75, 264, 148, 1200, 0]
0 33 [0, 0, 66, 0, 66, 75, 0, 300, 825, 0, 100, 0, 0, 0, 700, 225, 0, 0, 0, 0, 25]
0 34 [800, 0, 1700, 592, 225, 50, 99, 0]
0 35 [0, 600, 297, 0, 66, 0, 0, 0, 200, 75, 132, 259, 396, 74, 350, 0]
0 36 [200, 0, 250, 0, 450, 0, 200, 74, 0, 600, 0, 259, 0, 0]
0 37 [1400, 0, 0, 0, 500, 0, 450, 0, 2100, 0, 800, 0, 450, 0, 900]
0 38 [0, 0, 300, 0, 33, 0, 125, 0, 0, 250, 75, 75, 0, 0, 825, 0]
0 39 [175, 0, 50, 0, 525, 75, 1100, 0, 350, 0]
0 40 [1500, 0, 50, 0, 0, 0, 300, 0, 300, 0]
0 41 [0, 0, 0, 0, 175, 0, 250, 0, 100, 0, 200, 0, 900, 0, 0, 0]
0 42 [0, 0, 500, 0, 1900, 0, 0, 0]
0 43 [550, 150, 400, 0, 0, 0, 297, 37, 250, 0, 66, 375]
0 44 [225, 0, 900, 0, 900, 0, 198, 300, 0, 0, 0]
0 45 [300, 0, 150, 150, 3300, 0, 800, 259, 0, 50, 325, 37]
0 46 [0, 75, 100, 0, 396, 50, 165, 0, 132, 37, 429, 0, 0, 150, 475, 0]
0 47 [0, 100, 100, 37, 100, 0, 400, 592, 66, 0, 700, 0, 100, 0, 0, 0, 33]
0 48 [0, 0, 300, 1125, 400, 0, 600, 0]
0 49 [0, 0, 1100, 0, 50, 250, 0, 0, 325, 0, 165, 225, 0, 0, 250, 0, 0]
