288
2501
1808
0
[]
[]
0 0 [550, 75, 800, 0, 1050, 300, 575, 148, 1000]
0 1 [0, 0, 33, 0, 75, 0, 1000, 0, 1200, 0, 0]
0 2 [0, 0, 0, 0, 100, 0, 264, 0, 0, 0, 250, 0, 33, 0, 2300, 333]
0 3 [396, 0, 99, 0, 75, 0, 100, 0, 800, 0, 350, 50, 1800, 0, 0]
0 4 [0, 0, 175, 74, 300, 0, 0, 0, 950, 0, 200]
0 5 [0, 0, 600, 0, 0, 0, 33, 0, 1400, 0, 0, 0, 50]
0 6 [250, 0, 0, 0, 0, 0, 100, 100, 1200, 0, 100, 0]
0 7 [50, 0, 500, 0, 50, 300, 0, 0, 125]
0 8 [50, 0, 400, 0, 0, 0, 100, 0, 25, 0]
0 9 [0, 0, 50, 0, 1150, 0, 1600, 750]
0 10 [200, 0, 0, 0, 300, 100, 264, 0, 0, 1800, 300, 0, 33]
0 11 [0, 0, 50, 0, 550, 0, 1250, 0]
0 12 [0, 0, 0, 0, 250, 0, 0, 300, 50, 0, 33, 250]
0 13 [0, 0, 33, 0, 231, 150, 200, 0, 231, 0, 100, 0]
0 14 [0, 300, 400, 0, 0, 0, 0, 0, 0, 0, 600, 0, 300]
0 15 [100, 0, 100, 300, 600, 0, 425, 0, 100]
0 16 [100, 0, 250, 0, 1500, 600, 100, 0, 0, 0, 25, 0, 50]
0 17 [500, 0, 0, 111, 400, 0, 50, 0, 0, 300, 200, 0, 200, 0, 25, 0]
0 18 [75, 750, 150, 0, 475, 50, 0, 0, 600, 0, 150, 0, 200, 0]
0 19 [250, 50, 297, 0, 225, 0, 200, 0]
0 20 [0, 0, 100, 0, 0, 0, 2400]
0 21 [330, 0, 0, 0, 100, 0, 100, 0, 2800, 0, 50]
0 22 [425, 0, 132, 0, 375, 600, 700, 0, 0, 0, 0, 50, 100, 0, 264, 0, 99]
0 23 [0, 0, 300, 0, 150, 0, 0, 0, 625, 0]
0 24 [50, 0, 50, 0, 1000, 0, 0, 0, 150]
0 25 [0, 0, 100, 0, 0, 100, 0, 200, 66, 0, 0]
0 26 [0, 0, 0, 150, 0, 75, 1700, 0, 25, 0, 1150]
0 27 [25, 0, 425, 0, 175, 150, 0, 0, 700, 0, 0, 0, 100, 0, 225, 0]
0 28 [100, 150, 50, 0, 50, 0, 264, 0, 100, 75, 950, 0, 0, 0]
0 29 [0, 0, 175, 0, 1800, 0, 400]
0 30 [0, 225, 350, 148, 0, 0, 0, 75, 1400, 0, 100, 37, 300, 0, 726, 296, 400, 0, 99]
0 31 [0, 0, 200, 0, 0, 0, 250, 75, 627, 0]
0 32 [0, 0, 25, 0, 528, 0, 300, 0, 0, 0, 858, 0, 75]
0 33 [0, 0, 0, 75, 0, 0, 50, 50, 0]
0 34 [0, 0, 0, 37, 75, 150, 66, 0, 0, 0]
0 35 [0, 150, 0, 0, 500, 0, 25, 50, 400, 50, 200, 0, 0, 0]
0 36 [0, 0, 0, 300, 50, 0, 33, 74, 75, 0, 0]
0 37 [0, 0, 33, 150, 0, 0, 125, 0, 150, 0, 0, 50, 250, 0, 50, 0]
0 38 [50, 0, 0, 150, 0, 0, 264, 75, 0, 0]
0 39 [231, 0, 850, 100, 0, 0, 0, 0]
0 40 [0, 0, 0, 0, 0, 0, 200, 0, 2300, 500, 475, 0]
0 41 [150, 0, 250, 0, 1000, 0, 1100]
0 42 [0, 0, 200, 37, 150, 0, 100, 0, 0, 0, 0, 0, 25, 0]
0 43 [0, 0, 0, 75, 0, 0, 0, 222, 0, 0, 132, 0, 400, 0, 800, 0, 0, 0]
0 44 [0, 0, 0, 0, 0, 0, 300, 0, 0, 0]
0 45 [0, 0, 0, 0, 200, 0, 50, 300, 297, 0, 0, 0, 363, 0, 2600, 0, 198]
0 46 [462, 0, 0, 0, 0, 0, 25, 150, 100, 75, 100]
0 47 [0, 0, 300, 375, 100, 0, 0, 0, 0, 0, 150]
0 48 [0, 0, 0, 75, 0, 0, 0, 0, 1500, 0, 300]
0 49 [0, 0, 0, 300, 700, 0, 25, 0, 150, 0, 0]
