288
721
0
5664
[4]
[]
0 0 [2029, 0, 705, 0, 0, 1275, 2800, 0, 0, 0, 0, 0, 0]
0 1 [0, 703, 0, 0, 0, 0, 0, 0, 0, 0, 4300, 0, 2061]
0 2 [0, 0, 0, 8252, 0, 0, 0, 0, 0, 0, 0]
0 3 [0, 0, 0, 0, 0, 0, 0, 0, 0, 0, 2]
5664 4 [5664, 7432, 13300]
0 5 [33, 0, 0, 0, 0, 0, 0, 1200, 50, 0, 800, 0, 0]
0 6 [900, 600, 789, 675, 600, 3569, 425, 0, 693]
0 7 [0, 2833, 0, 0, 0, 0, 800, 0]
0 8 [0, 0, 0, 0, 495, 0, 0, 0, 0, 179, 0, 0, 0]
0 9 [0, 0, 0, 0, 0, 3301, 0, 0, 0, 0, 400, 0, 900, 0, 0]
0 10 [0, 0, 0, 311, 250, 575, 20]
0 11 [0, 750, 0, 0, 0, 1, 0, 111, 0, 0, 0, 0]
0 12 [0, 0, 0, 0, 0, 0, 0, 0, 1, 0, 0]
0 13 [0, 0, 0, 0, 0, 2282, 0, 0, 400, 0, 0, 15, 0, 0, 275, 0, 601, 0, 0, 0]
0 14 [0, 5117, 1676, 0, 0, 0, 275, 200, 0, 850, 0, 0]
0 15 [1219, 0, 2800, 0, 0, 96, 20]
0 16 [0, 0, 650, 0, 0, 0, 0, 0, 0, 222, 0, 0, 0, 0]
0 17 [0, 0, 0, 0, 0, 900, 198, 0, 0, 0, 0]
0 18 [438, 0, 0, 0, 0, 0, 8, 0, 0, 0, 4300, 0, 1300, 0, 0]
0 19 [0, 0, 0, 0, 0, 0, 0, 2850, 0]
0 20 [0, 0, 2006, 1902, 0, 0, 250, 962, 0, 0, 2, 0, 0, 0, 0, 0, 0, 0]
0 21 [0, 0, 632, 2970, 0, 0, 0, 0, 0, 0, 0, 0]
0 22 [0, 0, 0, 0, 1561, 2, 0, 0, 0, 975, 0, 0, 0, 0, 0, 0]
0 23 [1450, 0, 0, 2251, 990, 0, 0, 0, 0, 0, 0, 0, 561, 0, 0, 0, 0]
0 24 [0, 0, 0, 0, 0, 0, 0, 0, 0, 0, 0, 0, 0]
0 25 [0, 0, 1089, 0, 0, 333, 0, 0, 0, 0, 1800, 0]
0 26 [2226, 0, 0, 0, 2837, 0, 0, 0, 1089, 12, 24, 37, 0, 0, 693, 0]
0 27 [1378, 0, 0, 0, 0, 0, 0, 400, 200, 0, 20]
0 28 [0, 0, 1839, 0, 0, 0, 0, 2]
0 29 [1150, 0, 0, 0, 872, 5150, 0, 0, 350, 0, 0, 0, 0]
0 30 [0, 0, 0, 1035, 0, 4350, 0, 0, 198, 0, 0, 3225, 0, 0, 650, 0, 0]
0 31 [0, 0, 1250, 0, 8, 0, 0, 0, 350, 1950, 0, 0, 0, 0]
0 32 [0, 0, 767, 0, 0, 0, 0, 0, 0, 0, 1100, 0]
0 33 [0, 2400, 0, 0, 0, 0, 23, 200, 2250, 0, 363, 0, 0, 0]
0 34 [0, 0, 0, 2590, 0, 0, 0, 0, 0, 0, 0, 2103]
0 35 [0, 53, 1429, 0, 0, 1617, 0, 901, 600, 0, 660, 1725]
0 36 [0, 0, 0, 0, 0, 0, 0, 0, 0, 296, 0, 975, 0]
0 37 [0, 0, 1019, 1110, 0, 0, 0, 0, 0, 0, 600, 2850, 0]
0 38 [442, 0, 0, 784, 0, 1350, 575, 0, 0, 0, 0, 0, 0, 0]
0 39 [0, 0, 0, 0, 0, 34, 0, 0, 0, 0, 0, 0, 0]
0 40 [0, 0, 726, 0, 5326, 500, 0, 0, 0, 0, 0, 300, 0, 0, 0, 0, 800]
0 41 [0, 592, 0, 0, 275, 0, 0, 407, 0, 16]
0 42 [26, 0, 0, 0, 35, 0, 0, 0, 0, 0, 0, 0]
0 43 [0, 0, 0, 0, 0, 2139, 0, 4800, 33, 0, 100, 0, 1600, 0, 0, 0, 2000, 0]
0 44 [0, 0, 0, 0, 0, 0, 0, 0, 0, 0, 0, 850, 0]
0 45 [0, 0, 0, 0, 908, 0, 2700, 0, 0, 0, 0, 600, 0, 0, 0, 1800, 0, 0, 0, 0, 0]
0 46 [0, 0, 0, 2612, 0, 1, 0, 0, 26, 0]
0 47 [0, 0, 19625, 0, 0, 0, 0, 0, 0, 0, 0]
0 48 [0, 0, 746, 0, 0, 0, 0, 0]
0 49 [0, 0, 0, 0, 0, 0, 175, 150, 0, 0, 0]
