288
2501
1064
3135
[17]
[]
0 0 [0, 7350, 150, 0, 0, 0, 0, 0, 0, 4600, 17325, 0]
0 1 [6650, 0, 100, 0, 100, 0, 4700, 0, 0]
0 2 [33, 0, 132, 0, 0, 1665, 0, 0, 200, 0, 0]
0 3 [0, 0, 2700, 0, 0, 0, 400, 0, 0, 0, 0, 0, 8000, 3663, 0, 0, 0]
0 4 [33, 4662, 0, 7050, 198, 0, 0, 0, 0, 0, 0, 0, 16200, 2331, 300, 0, 0, 0, 0, 0, 25]
0 5 [0, 0, 0, 9450, 0, 0, 0, 0, 0, 0, 0, 0]
0 6 [0, 0, 3795, 4600, 330, 0, 50, 0, 200, 0, 0, 0]
0 7 [0, 0, 200, 0, 0, 0, 0, 0, 0, 0, 5082, 14400, 0, 0, 0]
0 8 [75, 7050, 0, 0, 0, 0, 75, 0, 200, 0, 0, 0, 0]
0 9 [3275, 0, 3025, 0, 0, 0, 0, 0, 500, 0, 0]
0 10 [0, 0, 50, 0, 1725, 50, 33, 0]
0 11 [0, 0, 0, 37, 0, 4275, 0, 0, 0, 0, 4150, 5775, 0, 0, 0]
0 12 [0, 0, 0, 0, 175, 150, 33, 0]
0 13 [0, 0, 2600, 0, 200, 0, 300, 0, 0, 23850, 0]
0 14 [0, 4736, 0, 37, 0, 0, 0, 0, 0, 10950, 8800, 0, 0]
0 15 [99, 0, 0, 0, 0, 0, 0, 0, 0, 50, 17500, 0, 0]
0 16 [6700, 0, 0, 0, 175, 0, 14700, 0, 0, 0, 0]
3135 17 [3400, 7650, 7600, 5735, 3135, 26600]
0 18 [50, 0, 0, 0, 0, 0, 250, 0, 0, 75, 100, 11250, 0, 0, 0]
0 19 [200, 50, 0, 0, 75, 0, 50, 14100, 0, 0]
0 20 [0, 0, 99, 0, 0, 3000, 264, 0]
0 21 [0, 0, 100, 0, 0, 12075, 0, 0, 0]
0 22 [0, 10425, 0, 0, 0, 0, 75, 0, 0, 24150, 100, 0]
0 23 [0, 0, 0, 0, 0, 0, 3150, 0, 0, 0, 0]
0 24 [0, 0, 1000, 0, 0, 0, 0, 0, 0, 0, 0, 0, 0]
0 25 [0, 0, 66, 0, 0, 0, 8400, 0, 0, 0, 4900, 0, 25]
0 26 [0, 8925, 0, 0, 300, 0, 0, 0]
0 27 [0, 0, 0, 0, 0, 0, 0, 8000]
0 28 [0, 0, 25, 0, 25, 0, 0, 0, 0, 0, 0, 6290, 2500, 0, 0]
0 29 [0, 0, 0, 0, 25, 0, 100, 0, 0, 0, 0, 0, 0, 0]
0 30 [12300, 0, 0, 0, 0, 0, 0, 0, 0, 0, 0, 23400, 0]
0 31 [75, 10125, 0, 0, 200, 0, 0, 0, 0, 0, 0, 0, 0]
0 32 [100, 0, 0, 0, 0, 0, 0, 0, 0]
0 33 [5200, 0, 0, 0, 0, 0, 0, 5957, 3168, 0, 0, 0]
0 34 [0, 0, 4356, 0, 25, 0, 0, 0, 0, 0, 0, 0, 0, 0, 0]
0 35 [0, 0, 33, 6150, 400, 0, 0, 0, 0]
0 36 [0, 7275, 400, 0, 0, 0, 0, 0, 0, 0, 0, 0, 0]
0 37 [3150, 3848, 0, 50, 0, 0, 100, 0, 0, 22200, 200, 0]
0 38 [0, 15900, 0, 0, 0, 0, 0, 0, 10100, 0, 0]
0 39 [0, 0, 0, 0, 66, 0, 50, 0, 3850, 0, 200, 3589, 0, 0]
0 40 [75, 7800, 0, 0, 25, 0, 99, 150, 0, 0, 0]
0 41 [100, 0, 10300, 0, 0, 0, 250, 3525, 66, 0, 0, 0, 3725, 12300, 700, 0, 0, 0, 0]
0 42 [0, 0, 100, 0, 0, 0, 0, 0, 5214, 0, 0, 0]
0 43 [0, 6800, 0, 0, 0, 7650, 0, 0, 0, 0, 0, 5328, 200, 0, 0, 0]
0 44 [100, 0, 3750, 0, 0, 0, 75, 37, 2275, 0, 0, 100, 50, 0, 0, 28300, 100, 0]
0 45 [13100, 0, 13000, 0, 33, 0, 50, 0, 0, 6031, 0, 0]
0 46 [0, 0, 0, 0, 100, 0, 100, 0, 600, 4350, 0, 0]
0 47 [3300, 0, 0, 14700, 0, 0, 0, 0, 0, 0, 200, 0, 0, 0, 0]
0 48 [0, 0, 0, 0, 0, 0, 0, 0, 0, 0, 0, 50, 16600, 0, 0, 20646, 0, 0]
0 49 [0, 20850, 0, 0, 0, 0, 100, 0, 0, 0, 0, 0, 0]
