288
2501
1563
150
[25]
[]
0 0 [50, 150, 0, 0, 495, 0, 100, 825, 400]
0 1 [200, 550, 550, 375, 0, 0, 759, 200, 0, 100, 0, 75, 250]
0 2 [1000, 481, 1050, 481, 1200, 0, 350, 150, 1175, 0, 50, 225]
0 3 [100, 0, 350, 0, 0, 0, 350, 0, 0, 0, 1450, 300, 693, 0, 264, 0, 0, 0]
0 4 [500, 0, 100, 0, 0, 0, 1100, 0, 627, 0, 0, 0, 650, 185, 1500]
0 5 [297, 0, 66, 0, 891, 0, 800, 2400, 0, 600, 0, 150, 400, 0, 225, 225, 0, 50]
0 6 [99, 300, 495, 0, 429, 0, 900, 74, 0, 0, 1200]
0 7 [175, 0, 1400, 0, 297, 75]
0 8 [375, 0, 75, 0, 1900, 0, 561, 0, 1500, 0, 900, 0, 325, 900, 594, 222, 225, 0]
0 9 [396, 0, 0, 0, 175, 0, 1900, 0, 375, 0, 450, 0, 0, 50, 1800, 1200, 1100, 0]
0 10 [600, 150, 33, 100, 750, 0, 1025, 450, 1500, 1500, 1600, 0, 1550]
0 11 [450, 0, 0, 750, 1700, 370, 0, 37, 1700, 370, 0, 0, 594, 0, 66, 750]
0 12 [198, 0, 99, 0, 2600, 0, 450, 50, 700, 0, 363]
0 13 [0, 450, 0, 0, 400, 0, 100, 0, 350, 0, 264]
0 14 [600, 0, 66, 0, 0, 0, 550, 0, 759, 148]
0 15 [500, 0, 1650, 0, 0, 0, 150, 0, 200, 0]
0 16 [0, 0, 1155, 333, 225, 0, 660, 1200, 650, 0, 0, 0]
0 17 [200, 0, 495, 0, 0, 0, 800, 1200, 0, 900, 950, 600, 700, 0, 231, 0]
0 18 [0, 74, 66, 0, 650, 750, 0, 0, 0, 0, 1200, 0, 0, 0, 275, 0, 25]
0 19 [0, 0, 200, 75, 330, 222, 0, 518, 550, 600, 0, 50, 350, 0, 300]
0 20 [165, 0, 50, 0, 33, 0, 528, 2100, 200, 148, 575, 0, 198, 0, 150, 150, 33]
0 21 [100, 0, 1000, 300, 0, 0, 900, 296, 627, 222, 325, 0, 792, 300]
0 22 [1100, 0, 1056, 0, 0, 148, 300, 0, 300, 0]
0 23 [900, 0, 750, 0, 0, 0, 475, 350, 475, 0, 0, 0]
0 24 [700, 750, 600, 0, 330, 0, 1500, 37, 200]
150 25 [500, 150, 1150, 925, 1400, 150, 1275]
0 26 [0, 0, 0, 111, 495, 0, 1800, 400, 2400, 100]
0 27 [500, 0, 0, 150, 594, 0, 350, 0, 429, 0, 1200, 250, 900, 0, 363, 0, 100]
0 28 [0, 0, 396, 0, 660, 550, 627, 0, 2400, 0]
0 29 [200, 0, 1200, 2850, 0, 370, 495, 450, 0, 0, 429, 0]
0 30 [800, 0, 0, 0, 3000, 0, 0, 0, 50, 600, 100, 0]
0 31 [800, 0, 0, 0, 600, 600, 350, 0, 0, 0, 2200, 450, 0, 0, 2200, 50]
0 32 [150, 0, 2300, 37, 0, 0, 1200, 0, 0, 300, 500, 250, 0]
0 33 [900, 0, 1100, 370, 700, 0, 650, 0]
0 34 [200, 0, 1000, 550, 0, 50, 1325, 0, 350, 0]
0 35 [500, 0, 100, 0, 693, 0, 0, 0, 0, 0, 2300, 450, 0, 74, 0, 37, 0]
0 36 [350, 0, 0, 100, 475, 851, 550, 0, 660, 0, 25]
0 37 [1450, 2400, 0, 0, 1400, 700, 25, 0, 0, 111, 100, 0, 325, 0]
0 38 [250, 0, 0, 0, 0, 450, 0, 0, 0, 600, 759, 300, 363, 0, 25]
0 39 [231, 75, 0, 0, 0, 300, 0, 592, 0, 0, 660, 0, 1617, 0, 1325, 400, 0, 75]
0 40 [0, 0, 425, 750, 425, 0, 1400, 407, 462, 0, 4000, 0, 1500, 0]
0 41 [200, 0, 0, 0, 900, 900, 1700, 675, 0]
0 42 [0, 0, 950, 450, 400, 37, 850, 450, 650, 0, 500]
0 43 [1000, 0, 0, 0, 425, 0, 330, 900, 25]
0 44 [363, 0, 400, 0, 150, 450, 425, 370, 660, 296, 726, 0, 500, 450]
0 45 [0, 0, 429, 0, 1500, 550, 0, 1200, 1100, 50, 0, 150, 850, 0, 600]
0 46 [396, 375, 375, 150, 0, 50, 225, 0, 0, 100]
0 47 [50, 0, 990, 555, 660, 222, 759, 150, 660, 300]
0 48 [297, 0, 0, 0, 600, 1350, 500, 0, 1000, 0, 50, 0, 0]
0 49 [50, 0, 100, 0, 1000, 300, 561, 300, 0, 0, 1881, 259, 0, 0]
