288
2501
1566
957
[43, 46]
[]
0 0 [0, 0, 150, 0, 200, 600, 396, 0, 400, 703, 300, 0, 0, 2100]
0 1 [900, 0, 75, 0, 600, 200, 0, 1350, 2200, 0, 325, 2475, 0]
0 2 [0, 0, 165, 0, 75, 0, 2300, 100, 1000, 0, 525, 3300, 2900, 0, 0]
0 3 [0, 2300, 297, 0, 363, 0, 264, 0, 0, 0, 400]
0 4 [825, 300, 2500, 600, 1500, 0, 858]
0 5 [450, 0, 175, 0, 363, 0, 1900, 0, 1050, 0, 600, 1036, 132]
0 6 [450, 0, 0, 150, 0, 150, 0, 200, 33, 150, 300, 4650, 1584, 0]
0 7 [0, 0, 300, 0, 0, 0, 0, 1200, 250, 450, 2706, 0, 0, 37]
0 8 [0, 225, 600, 50, 0, 1200, 0, 0, 1600]
0 9 [2100, 0, 400, 0, 0, 0, 575, 250, 550, 0, 0, 0, 250]
0 10 [1950, 0, 600, 0, 0, 1125, 700, 0, 1350, 225, 300, 1850, 2200, 0, 3400]
0 11 [250, 200, 0, 37, 0, 600, 264, 0, 66, 0, 858, 2475, 0, 0, 198]
0 12 [0, 1050, 0, 50, 0, 0, 700, 150]
0 13 [66, 450, 0, 0, 0, 0, 300, 0, 2200, 1350, 0, 450]
0 14 [0, 1000, 1500, 0, 0, 75, 0, 0, 330, 50, 225, 0, 0, 3450, 1900, 1702, 3900]
0 15 [0, 2300, 200, 0, 0, 900, 400, 0, 600, 0, 0]
0 16 [0, 0, 297, 700, 400, 0, 0, 150, 600, 0, 2350, 6750, 11100, 150]
0 17 [375, 300, 225, 185, 400, 259, 3069, 0, 3150, 0]
0 18 [300, 0, 200, 300, 1400, 75, 800, 0, 50]
0 19 [1000, 0, 0, 0, 900, 111, 1050, 1147, 0, 1550, 66, 0, 700]
0 20 [0, 2600, 700, 185, 0, 3000, 264, 0, 750]
0 21 [33, 1050, 1000, 0, 0, 333, 325, 0, 325, 525, 1800, 1739, 396, 0, 225]
0 22 [75, 740, 450, 100, 2100, 148, 0, 0, 700, 37, 693, 0, 99, 300]
0 23 [0, 5700, 200, 0, 0, 0, 1400, 300, 297, 37, 800, 0, 891, 1900, 0]
0 24 [132, 2025, 462, 0, 0, 592, 1400, 2625, 0, 2627, 0, 2100, 99]
0 25 [0, 0, 231, 300, 0, 0, 0, 225, 0, 1050, 0, 0, 650, 0, 450, 450]
0 26 [500, 2350, 198, 0, 0, 0, 600, 0, 0, 2025, 175]
0 27 [0, 300, 297, 3000, 1500]
0 28 [0, 1500, 225, 100, 0, 2850, 500, 825, 0, 75, 0, 375, 300]
0 29 [99, 100, 450, 300, 0, 74, 0, 518, 150, 0, 0, 6900, 2450]
0 30 [100, 0, 0, 150, 0, 1258, 0]
0 31 [0, 0, 0, 0, 792, 0, 200, 1350, 1250, 1443, 0, 0, 800]
0 32 [0, 2700, 0, 0, 200, 0, 300, 0, 350, 0]
0 33 [500, 1924, 350, 0, 525, 0, 0, 0, 9600, 900, 33, 0, 6350, 2479, 0, 50, 150, 0]
0 34 [198, 0, 1200, 0, 800, 450, 66]
0 35 [0, 150, 0, 0, 3300, 0, 400, 0, 330, 0, 1050, 0, 33, 333, 1947, 0]
0 36 [6500, 900, 175, 148, 0, 0, 450, 0, 1000, 0, 1050]
0 37 [627, 300, 225, 0, 275, 888, 550, 0, 200, 0, 8300, 0]
0 38 [0, 0, 200, 0, 350, 0, 350, 600, 132, 1500, 693, 2625, 0, 100, 1848]
0 39 [0, 0, 900, 150, 0, 0, 0, 0, 0, 0, 2500, 525, 700, 0, 900, 3450, 0]
0 40 [900, 0, 0, 900, 175, 0, 300, 2100, 1518, 2200, 750, 0, 1250, 0]
0 41 [132, 0, 250, 0, 1400, 0, 0, 0, 5350, 0, 231, 0, 4100, 0, 2600, 370]
0 42 [0, 450, 0, 37, 1050, 1900, 0, 550, 300, 0, 0]
825 43 [1400, 2600, 2500, 825, 2400, 2025, 3575, 2738, 2178]
0 44 [950, 0, 231, 0, 0, 0, 350, 5850, 0, 3850, 300]
0 45 [0, 4050, 330, 0, 198, 300, 0, 0, 150, 1650, 225, 0, 50, 1480, 0, 5100, 0]
132 46 [132, 1050, 200, 375, 950, 250, 750, 150, 924, 5250, 375, 370]
0 47 [0, 750, 0, 0, 0, 0, 2500, 0, 825, 6150]
0 48 [250, 0, 175, 0, 300, 222, 850, 0, 1320, 0, 0]
0 49 [900, 185, 450, 0, 1600, 0, 462, 0, 600]
