288
2501
1190
0
[]
[]
0 0 [33, 0, 0, 0, 0, 0, 50, 50, 50, 600, 250, 0]
0 1 [0, 300, 0, 111, 0, 0, 50, 74, 2200, 111, 500, 0, 0, 0, 693, 0]
0 2 [350, 0, 231, 300, 925, 300, 900, 0, 66, 0, 0]
0 3 [0, 0, 0, 0, 33, 0, 330, 0, 100]
0 4 [462, 0, 0, 0, 250, 259, 0, 0, 50, 0, 0, 0]
0 5 [0, 300, 0, 0, 350, 0, 0, 0, 0]
0 6 [0, 0, 0, 0, 2400, 0, 3200, 0, 0]
0 7 [0, 0, 0, 0, 0, 0, 0, 150, 200, 518, 0, 675, 1800, 0, 0]
0 8 [1100, 0, 0, 0, 600, 75, 150, 450, 50, 0]
0 9 [900, 225, 0, 0, 0, 0, 0, 0, 0, 525, 300, 0, 0, 0]
0 10 [700, 0, 594, 0, 0, 450, 200, 0, 1000, 150, 2277, 0, 0, 0, 429, 0, 0]
0 11 [0, 225, 350, 0, 0, 0, 1800, 675, 2600, 0, 0, 75, 0, 0, 0, 0]
0 12 [1200, 0, 400, 0, 0, 0, 25, 0, 0]
0 13 [0, 0, 300, 0, 900, 0, 0, 0, 0, 0, 0, 0, 0]
0 14 [0, 150, 330, 250, 627, 450, 759, 375, 100, 0, 200, 0]
0 15 [700, 0, 2600, 450, 425, 100, 891, 450, 500, 1350]
0 16 [0, 450, 0, 450, 0, 0, 0, 0, 0, 0, 1500, 0, 0, 0]
0 17 [0, 0, 462, 0, 1550, 600, 0, 0, 25, 1050, 99, 675, 250, 0, 0]
0 18 [0, 0, 0, 0, 300, 0, 0, 370, 0, 0, 25, 0, 99, 0]
0 19 [0, 300, 1300, 0, 0, 0, 325, 0, 0, 259, 75, 0, 0]
0 20 [400, 0, 0, 0, 66, 0, 325, 0, 0, 0, 1100, 0, 33]
0 21 [0, 75, 0, 37, 66, 975, 150, 150, 0, 74, 0, 600, 300, 0, 0, 0]
0 22 [0, 600, 462, 450, 0, 0, 0, 0, 0, 300, 0, 0, 250]
0 23 [500, 0, 50, 0, 0, 37, 0, 0]
0 24 [0, 0, 0, 370, 1050, 200, 0, 0]
0 25 [0, 0, 0, 0, 0, 0, 1320, 0, 0, 150, 0, 0, 0, 0]
0 26 [0, 74, 0, 0, 600, 185, 7800, 0, 50, 675, 0, 0, 0, 0, 33]
0 27 [0, 0, 0, 0, 2500, 500, 0, 0, 0, 0, 1000, 0]
0 28 [0, 150, 0, 0, 650, 50, 550, 0]
0 29 [330, 0, 225, 0, 0, 0, 165, 0, 250, 0, 0, 0]
0 30 [0, 0, 0, 0, 475, 0, 0, 333, 0, 0, 33, 375, 0]
0 31 [0, 100, 0, 148, 0, 0, 25, 0, 650, 300, 0, 0, 231, 0, 0]
0 32 [0, 0, 450, 0, 0, 37, 693, 0, 0, 0, 0, 0, 0]
0 33 [0, 0, 450, 0, 0, 75, 0, 0, 0, 0, 1450, 0]
0 34 [800, 0, 0, 0, 0, 0, 0, 0, 0, 111, 0, 0, 400, 0, 0]
0 35 [0, 750, 0, 375, 300, 0, 0, 0, 0, 0, 0]
0 36 [200, 0, 0, 0, 0, 0, 330, 592, 1815, 0, 50, 150, 0, 0, 0, 0, 0, 0, 0]
0 37 [0, 0, 0, 0, 0, 0, 2100, 370, 675, 0, 0, 300, 375, 0, 150, 0, 0]
0 38 [400, 0, 0, 0, 700, 0, 0]
0 39 [0, 250, 0, 0, 363, 0, 1600, 0, 0, 0, 0, 0, 0, 0]
0 40 [0, 0, 1300, 0, 33, 75, 550, 450, 0, 148, 0, 0]
0 41 [0, 0, 0, 0, 350, 0, 792, 0, 150, 0, 400, 0, 0]
0 42 [50, 0, 700, 0, 0, 0, 150, 0, 0, 0]
0 43 [0, 0, 0, 0, 0, 0, 375, 0, 0, 0, 858, 0, 400]
0 44 [550, 0, 0, 0, 561, 0, 25, 0, 3800, 1350, 0, 0, 50, 0, 0, 0, 275, 0]
0 45 [600, 375, 600, 0, 0, 150, 0, 0]
0 46 [0, 450, 450, 0, 0, 0, 100, 675, 0, 1650, 150, 750, 396, 0, 125, 0]
0 47 [1600, 0, 150, 800, 0, 0, 50, 750, 0]
0 48 [650, 0, 650, 150, 100, 150, 0, 0, 0, 0, 0]
0 49 [1400, 0, 462, 0, 0, 0, 132, 0, 600, 0, 50]
