288
1081
2
866
[26, 39]
[]
0 0 [0, 298, 0, 0, 0, 0, 0, 0, 0, 0, 15]
0 1 [0, 0, 171, 325, 7, 0, 210, 0, 0, 0, 0, 0, 0]
0 2 [250, 75, 2, 0, 11, 0, 122, 802, 0, 587, 655, 0, 0, 0, 80, 0]
0 3 [0, 0, 0, 1053, 400, 0, 0, 404, 25, 606, 0, 34, 0, 0, 0]
0 4 [0, 0, 40, 341, 0, 0, 28, 431, 91]
0 5 [0, 80, 0, 0, 233, 63, 16, 0, 1, 1834, 0, 15, 0]
0 6 [0, 0, 0, 0, 78, 397, 0, 0, 0, 0]
0 7 [0, 504, 0, 0, 0, 0, 0, 0, 0, 43, 100, 577, 0, 80, 0, 299]
0 8 [178, 0, 36, 104, 0, 109, 0, 471, 0, 112, 0]
0 9 [0, 0, 45, 450, 0, 900, 131, 0, 0, 0, 0, 982, 38]
0 10 [0, 0, 261, 0, 88, 248, 152, 0, 0, 0, 0]
0 11 [0, 0, 98, 0, 0, 45, 200, 0, 21, 0, 0, 0, 0, 0, 1905]
0 12 [0, 333, 0, 1116, 228, 398, 0, 100, 137, 0]
0 13 [744, 393, 0, 150, 0, 1117, 0, 396, 724, 0, 100]
0 14 [0, 0, 0, 0, 0, 0, 0, 0, 180, 150, 0, 105]
0 15 [0, 0, 980, 0, 787, 0, 0, 0, 0, 0, 0, 0, 0]
0 16 [0, 0, 0, 0, 0, 0, 0, 100, 117, 50, 293, 0, 0, 0]
0 17 [0, 94, 0, 0, 286, 44, 433, 222, 0, 0, 1550]
0 18 [0, 249, 420, 0, 0, 32, 455, 272, 12, 161, 150, 184, 0, 0, 156, 0, 25, 10, 0]
0 19 [0, 0, 83, 191, 635, 45, 212, 0, 100, 95]
0 20 [204, 50, 0, 0, 0, 0, 230, 0, 165, 374, 300, 150, 0, 0, 425, 7, 0]
0 21 [73, 81, 0, 161, 0, 0, 154, 201, 300, 0, 0, 0, 0, 0]
0 22 [0, 0, 136, 0, 132, 349, 534, 0, 0, 0, 33]
0 23 [180, 0, 86, 923, 102, 0, 66, 391, 240, 300, 50, 1160]
0 24 [240, 0, 0, 68, 0, 270, 0, 266, 79, 613, 0, 0, 158]
0 25 [0, 0, 0, 0, 0, 0, 0, 65, 0]
686 26 [2472, 686, 1902, 1960, 805, 2701]
0 27 [0, 0, 0, 0, 0, 0, 196, 138, 0, 0, 0, 0]
0 28 [0, 27, 0, 0, 22, 0, 0, 0, 66, 346, 40, 0, 1122, 0]
0 29 [0, 160, 214, 386, 0, 0, 0, 95, 0, 0]
0 30 [0, 0, 0, 69, 121, 568, 48, 105, 0]
0 31 [0, 57, 330, 405, 800, 0, 0, 92, 82, 340, 0, 0, 0, 0, 0, 2]
0 32 [646, 240, 586, 291, 196, 15, 132, 283, 0, 0, 0, 80, 0]
0 33 [0, 0, 0, 0, 15, 181, 250, 75, 0, 111, 0, 0, 0, 0, 15, 629, 0]
0 34 [0, 0, 60, 295, 0, 373, 132, 0, 0, 139, 0, 0]
0 35 [168, 0, 40, 809, 0, 0, 0, 0, 648, 270, 0, 0, 50, 0, 0]
0 36 [0, 0, 460, 74, 354, 0, 34, 0, 585, 0]
0 37 [0, 114, 201, 0, 0, 70, 318, 90, 6, 111, 0, 104, 0, 60, 15, 0]
0 38 [254, 74, 33, 269, 100, 0, 3407]
180 39 [800, 408, 384, 1267, 180, 774]
0 40 [0, 918, 0, 0, 748, 445, 0, 0, 0, 0, 0, 10]
0 41 [0, 783, 145, 0, 0, 900, 0, 0, 123, 0]
0 42 [243, 0, 0, 86, 188, 48, 0, 109, 202, 460, 0, 726]
0 43 [0, 0, 1, 0, 0, 0, 163, 0, 0, 0]
0 44 [0, 0, 0, 133, 0, 0, 0, 150, 271, 0, 33, 0]
0 45 [0, 288, 38, 18, 0, 0, 0, 0, 0, 111, 33, 0, 0, 0, 1056]
0 46 [104, 376, 0, 75, 4, 215, 135, 186, 219, 0, 25, 0, 0, 0]
0 47 [0, 94, 291, 0, 27, 0, 36, 0, 0, 0, 0, 0, 0, 0]
0 48 [232, 1416, 1, 347, 165, 76, 0, 0, 0, 416, 0]
0 49 [0, 411, 40, 0, 0, 792, 206, 0, 0, 300, 0, 0, 0, 0, 0]
