288
2501
1510
0
[]
[]
0 0 [0, 0, 0, 0, 0, 75, 0, 0, 0, 150, 0, 0, 300, 0]
0 1 [0, 0, 0, 0, 0, 0, 800, 1350, 0, 0, 0, 300]
0 2 [0, 0, 1500, 0, 1914, 0, 0, 0, 75, 75, 363]
0 3 [0, 0, 0, 375, 450, 0, 825, 0, 500, 0, 50, 0]
0 4 [0, 37, 0, 0, 0, 0, 100, 0, 33, 0, 0, 0, 0, 0, 250]
0 5 [429, 0, 99, 185, 0, 375, 425, 0, 0, 0, 627, 675, 0, 0, 200]
0 6 [800, 0, 0, 0, 66, 0, 50, 0, 0, 0, 1750, 0, 0, 0, 50, 0, 1300, 600, 450]
0 7 [0, 0, 400, 0, 297, 37, 0, 555, 100, 0, 900]
0 8 [264, 37, 0, 0, 425, 0, 0, 0, 1914, 0, 0, 37, 950, 0, 0, 225, 550, 0, 650, 148]
0 9 [0, 222, 0, 0, 0, 75, 0, 0, 1400, 0, 300, 0, 25, 0, 627]
0 10 [300, 0, 0, 0, 0, 0, 0, 0, 300, 0, 400]
0 11 [33, 0, 200, 148, 0, 0, 0, 0, 2400, 0, 0, 0, 264, 0, 250, 375]
0 12 [0, 100, 759, 0, 0, 0, 0, 0, 2500, 0, 495, 0, 500, 300]
0 13 [25, 0, 0, 0, 33, 0, 400, 0, 561, 0, 198, 0, 0, 0, 0, 0, 2500, 0, 800]
0 14 [75, 0, 750, 0, 0, 0, 0, 0, 225, 225, 450, 0, 363, 100]
0 15 [0, 0, 0, 0, 0, 37, 500, 450]
0 16 [375, 50, 2100, 0, 2050, 703, 726, 150, 132]
0 17 [200, 0, 0, 0, 0, 0, 1000, 0, 400, 0, 396, 111]
0 18 [400, 0, 1250, 150, 675, 1500, 700, 333]
0 19 [0, 111, 450, 0, 100, 0, 0, 37, 0, 0, 0, 450, 100]
0 20 [75, 150, 0, 0, 100, 0, 600, 750, 297, 0, 150, 2700, 400]
0 21 [325, 0, 0, 0, 550, 0, 0, 111, 0, 0, 300, 0, 99, 75, 150]
0 22 [0, 0, 33, 0, 0, 0, 100, 0, 0, 0, 0, 0, 66, 0]
0 23 [297, 0, 50, 0, 0, 0, 50, 0, 0, 0, 0, 0, 2000, 450]
0 24 [200, 0, 100, 0, 0, 0, 0, 0, 0, 100]
0 25 [0, 0, 0, 0, 0, 0, 1000, 0, 0, 0, 0]
0 26 [0, 74, 0, 0, 200, 0, 175, 0, 950, 0, 957, 0, 0, 0]
0 27 [25, 0, 0, 0, 0, 0, 0, 0, 100, 0, 3100, 0, 0, 0, 300]
0 28 [0, 150, 660, 0, 50, 0, 0, 0, 0, 0, 0, 0, 1000, 0]
0 29 [462, 0, 0, 0, 66, 0, 0, 0, 150, 800, 0, 74, 25, 0]
0 30 [250, 0, 2000, 0, 0, 100, 0, 0, 150, 185]
0 31 [0, 0, 132, 0, 5300, 0, 200, 0, 825, 0, 1900, 0]
0 32 [100, 0, 75, 0, 627, 100, 0, 0, 264, 0, 297]
0 33 [0, 0, 0, 0, 0, 0, 0, 37, 0, 0, 100, 300, 0]
0 34 [0, 100, 1200, 0, 0, 2250, 25, 0]
0 35 [400, 0, 0, 0, 33, 0, 700, 0, 450, 0]
0 36 [0, 600, 99, 200, 0, 0, 0, 0, 0, 0, 100, 0, 6000, 0, 0]
0 37 [1800, 0, 900, 0, 950, 600, 0, 0, 132, 0, 66, 111]
0 38 [500, 0, 375, 0, 175, 0, 1350, 0, 50, 2550, 200]
0 39 [0, 0, 0, 0, 297, 0, 0, 0, 225, 0, 50, 0, 400]
0 40 [0, 0, 0, 0, 100, 500, 0, 0, 200, 0]
0 41 [0, 800, 0, 0, 0, 0, 900, 675, 1287, 150, 33, 350, 0, 50]
0 42 [400, 100, 125, 0, 100, 350, 2200, 37, 75, 74, 495, 0]
0 43 [100, 0, 0, 0, 225, 0, 0, 200, 0, 150, 0, 0, 100]
0 44 [0, 0, 0, 0, 450, 407, 0, 0, 0, 0, 2500, 0, 200, 0]
0 45 [0, 0, 350, 0, 0, 0, 0, 50, 900, 600]
0 46 [300, 0, 300, 0, 275, 0, 0, 0, 175, 2100]
0 47 [200, 0, 0, 0, 0, 0, 0, 0, 0, 300, 800, 0]
0 48 [25, 0, 0, 0, 0, 0, 0, 0, 363, 0, 500, 0]
0 49 [0, 0, 0, 0, 0, 0, 0, 300, 0, 0, 0, 74, 726, 0]
