288
1081
0
2293
[10, 19, 28, 35]
[]
0 0 [295, 81, 12, 6, 332, 160, 140, 306, 208, 38, 0, 0, 0, 0, 100, 9]
0 1 [25, 76, 20, 172, 122, 96, 143, 0, 0, 160, 350, 261, 10, 0, 100]
0 2 [195, 2, 204, 1424, 223, 166, 99, 11, 0, 0, 0]
0 3 [0, 9, 40, 90, 101, 0, 696, 0, 100, 3, 0, 4]
0 4 [981, 910, 311, 212, 0, 847, 564, 393, 0, 0, 149, 200, 0, 0, 37]
0 5 [360, 6, 6, 106, 337, 501, 9, 0, 68, 436, 482]
0 6 [125, 0, 91, 222, 0, 152, 112, 145]
0 7 [488, 435, 7, 492, 33, 661, 0, 1674, 0, 648, 158, 56, 108, 1]
0 8 [167, 10, 974, 26, 333, 48, 86, 0, 218, 8, 275, 18]
0 9 [150, 539, 458, 256, 22, 255, 0, 536, 0, 111, 37, 264, 99]
285 10 [285, 900, 351, 647, 426, 576, 561, 1386, 463, 1500, 1044, 550]
0 11 [55, 195, 0, 195, 30, 562, 51, 46, 0, 37, 0, 150]
0 12 [300, 0, 35, 0, 4, 250, 224, 199, 233, 1307, 0, 0, 415, 3, 150, 24, 0, 524]
0 13 [525, 0, 184, 1733, 0, 432, 450, 269, 1003, 37, 1030, 83, 801, 397, 800, 451, 0, 0, 6]
0 14 [0, 464, 382, 0, 0, 0, 0, 1051, 203, 0]
0 15 [34, 1, 32, 32, 91, 44, 377, 180, 0, 0, 0, 3, 0, 0, 0, 32]
0 16 [125, 79, 0, 1173, 265, 0, 400, 0, 0, 12, 1]
0 17 [12, 3, 0, 75, 25, 240, 101, 0, 5, 75, 1, 130]
0 18 [484, 0, 238, 751, 66, 82, 526, 691, 16, 870, 3, 751]
417 19 [491, 417, 1594, 465, 499, 1007, 669, 1650, 685, 2160]
0 20 [225, 21, 90, 504, 327, 0, 0, 55, 663, 0, 0, 1563, 0, 225, 13, 13]
0 21 [227, 348, 508, 246, 163, 0, 20]
0 22 [0, 35, 117, 97, 25, 495, 376, 62, 765, 0, 112, 0, 0, 57, 1]
0 23 [183, 196, 412, 316, 123, 95, 288, 241, 66, 174, 0]
0 24 [196, 174, 25, 1911, 0, 8, 201, 16, 0, 0, 60, 0, 8, 166, 22]
0 25 [556, 884, 140, 35, 0, 0, 175, 136, 0]
0 26 [125, 0, 297, 73, 790, 4, 0, 780, 0, 0, 13]
0 27 [104, 0, 70, 56, 201, 165, 261, 100, 0, 0, 0, 150, 160, 225, 0]
351 28 [1212, 835, 1513, 556, 828, 410, 1076, 572, 351, 1005, 376]
0 29 [176, 97, 1073, 0, 477, 70, 87, 518, 132]
0 30 [0, 38, 224, 837, 50, 0, 339, 764, 0, 333, 218, 200, 198]
0 31 [97, 0, 10, 0, 1, 255, 0, 46, 44, 0, 175, 480, 15, 7, 0, 100, 22, 0]
0 32 [106, 1193, 84, 2, 578, 13, 0, 2103, 31, 100, 5, 364, 0, 493, 128, 0, 142, 100]
0 33 [126, 215, 24, 106, 100, 0, 0, 0, 0, 0, 0, 10]
0 34 [43, 0, 432, 62, 0, 71, 0]
1240 35 [1334, 1958, 2010, 1690, 1240, 2739, 1565, 5022, 2940, 2927, 1698]
0 36 [290, 2492, 33, 0, 19, 21, 5, 128, 25]
0 37 [501, 180, 175, 146, 108, 0, 0, 265, 0, 89]
0 38 [163, 213, 344, 2, 0, 1692, 0, 0, 42, 0, 290, 1, 0, 174]
0 39 [0, 0, 0, 217, 228, 18, 9, 0, 220, 0, 108, 0]
0 40 [128, 21, 286, 2, 70, 1031, 50, 0, 0, 0, 26, 185, 500, 1, 0, 6]
0 41 [100, 4, 697, 218, 0, 2738, 0, 0, 1002, 525, 8, 64, 10, 1]
0 42 [132, 75, 0, 548, 38, 582, 0, 301, 0, 100, 0, 200, 0]
0 43 [9, 756, 535, 0, 0, 139, 75, 4, 33]
0 44 [290, 1238, 37, 0, 172, 1050, 25, 100, 0, 133, 94, 152, 400]
0 45 [0, 536, 0, 0, 183, 45, 482, 0, 62, 158, 0, 368, 6]
0 46 [0, 0, 121, 20, 162, 488, 363, 0, 18, 196, 66, 450]
0 47 [217, 0, 534, 2407, 0, 0, 99, 82]
0 48 [39, 257, 131, 0, 0, 125, 67, 0]
0 49 [0, 0, 10, 136, 2, 243, 0, 98, 0, 33, 0, 0]
