288
2501
902
3234
[17]
[]
0 0 [0, 6825, 200, 0, 0, 0, 0, 0, 0, 4700, 18579, 0]
0 1 [6750, 0, 0, 0, 250, 0, 4200, 0, 0]
0 2 [132, 0, 231, 0, 0, 1961, 0, 0, 450, 0, 200]
0 3 [0, 0, 2550, 0, 0, 0, 400, 75, 0, 0, 0, 0, 8550, 3293, 0, 0, 0]
0 4 [33, 4514, 0, 7800, 0, 37, 0, 0, 0, 0, 0, 0, 14900, 2886, 400, 0, 0, 0, 0, 0, 0]
0 5 [0, 0, 0, 7500, 0, 0, 0, 0, 0, 0, 0, 0]
0 6 [0, 0, 4917, 5350, 462, 0, 150, 0, 200, 0, 0, 0]
0 7 [0, 0, 0, 0, 0, 0, 0, 50, 0, 0, 5049, 12900, 0, 0, 0]
0 8 [100, 6500, 0, 0, 0, 0, 125, 0, 150, 0, 0, 0, 0]
0 9 [3325, 0, 2850, 0, 0, 0, 0, 0, 400, 0, 0]
0 10 [0, 0, 25, 0, 2050, 0, 33, 0]
0 11 [0, 0, 0, 37, 0, 4125, 0, 0, 33, 0, 3875, 6375, 0, 0, 0]
0 12 [0, 0, 0, 0, 125, 150, 0, 0]
0 13 [0, 0, 2650, 0, 100, 0, 600, 0, 0, 22350, 0]
0 14 [25, 5254, 0, 0, 0, 0, 0, 0, 0, 11025, 10600, 0, 0]
0 15 [66, 0, 0, 0, 0, 0, 0, 0, 0, 100, 15700, 0, 0]
0 16 [6750, 0, 25, 0, 175, 0, 15900, 0, 0, 0, 0]
3234 17 [3825, 7950, 7700, 6031, 3234, 27650]
0 18 [50, 0, 0, 0, 50, 0, 500, 0, 0, 225, 0, 12150, 0, 0, 0]
0 19 [0, 0, 0, 0, 100, 0, 0, 13800, 0, 0]
0 20 [0, 150, 33, 37, 0, 2650, 132, 0]
0 21 [0, 0, 50, 0, 0, 11025, 0, 0, 0]
0 22 [0, 9600, 0, 0, 0, 0, 75, 0, 100, 22350, 0, 0]
0 23 [0, 0, 0, 0, 25, 0, 3500, 0, 0, 0, 0]
0 24 [0, 0, 200, 0, 0, 0, 0, 0, 0, 0, 0, 0, 0]
0 25 [0, 0, 165, 0, 0, 0, 6700, 0, 0, 0, 4300, 0, 0]
0 26 [0, 9000, 0, 0, 300, 0, 0, 0]
0 27 [0, 0, 0, 50, 0, 0, 0, 8550]
0 28 [0, 0, 25, 0, 100, 37, 100, 0, 0, 0, 0, 6031, 2725, 0, 0]
0 29 [0, 0, 0, 0, 25, 0, 50, 0, 0, 0, 0, 0, 0, 0]
0 30 [12900, 0, 0, 0, 0, 37, 0, 0, 0, 0, 0, 23850, 0]
0 31 [25, 9225, 0, 0, 0, 0, 0, 0, 33, 0, 0, 0, 0]
0 32 [0, 0, 0, 0, 0, 0, 0, 0, 0]
0 33 [6100, 0, 0, 0, 0, 0, 0, 6142, 3069, 0, 0, 0]
0 34 [0, 0, 4554, 0, 25, 0, 0, 0, 0, 0, 0, 0, 0, 0, 0]
0 35 [100, 0, 0, 6300, 100, 0, 0, 0, 0]
0 36 [0, 7650, 300, 0, 0, 0, 0, 0, 0, 0, 0, 0, 0]
0 37 [3425, 4107, 0, 0, 0, 0, 500, 0, 0, 25050, 400, 0]
0 38 [0, 12600, 0, 0, 0, 0, 0, 0, 9700, 0, 0]
0 39 [0, 0, 0, 0, 99, 0, 25, 0, 3200, 0, 150, 3219, 0, 0]
0 40 [25, 7800, 0, 0, 25, 0, 99, 0, 0, 0, 0]
0 41 [100, 0, 9900, 0, 0, 0, 250, 4725, 66, 0, 0, 0, 4000, 12000, 600, 0, 0, 0, 0]
0 42 [0, 0, 50, 0, 0, 0, 0, 0, 4983, 0, 0, 0]
0 43 [50, 6600, 0, 0, 25, 8850, 0, 0, 0, 0, 0, 6253, 125, 0, 0, 0]
0 44 [0, 0, 3250, 0, 0, 0, 25, 0, 2100, 0, 0, 0, 100, 0, 0, 26750, 100, 0]
0 45 [12900, 0, 11700, 0, 33, 0, 0, 0, 0, 5809, 0, 0]
0 46 [0, 0, 0, 0, 200, 0, 0, 0, 300, 4450, 0, 0]
0 47 [3050, 0, 0, 13950, 0, 0, 0, 0, 0, 0, 200, 0, 0, 0, 0]
0 48 [0, 0, 0, 0, 25, 0, 99, 0, 0, 0, 0, 0, 14800, 0, 0, 20091, 0, 0]
0 49 [0, 20250, 0, 0, 0, 0, 0, 0, 0, 0, 0, 0, 0]
