288
2501
998
1000
[4]
[]
0 0 [1400, 0, 1000, 0, 0, 975, 2300, 0, 0, 0, 0, 0, 0]
0 1 [0, 555, 0, 0, 0, 0, 0, 0, 0, 0, 6200, 0, 2300]
0 2 [0, 0, 0, 10350, 0, 0, 0, 0, 0, 0, 0]
0 3 [0, 0, 0, 0, 0, 0, 750, 0, 0, 0, 0]
1000 4 [1650, 3034, 1000]
0 5 [33, 0, 0, 0, 0, 0, 0, 1950, 0, 0, 600, 0, 0]
0 6 [1000, 500, 775, 750, 700, 2250, 300, 0, 660]
0 7 [0, 3300, 0, 0, 0, 0, 1000, 0]
0 8 [0, 0, 0, 0, 396, 0, 0, 0, 0, 150, 0, 0, 0]
0 9 [0, 0, 0, 0, 0, 3000, 0, 0, 0, 0, 700, 0, 1800, 0, 0]
0 10 [0, 0, 0, 444, 550, 666, 0]
0 11 [0, 1100, 0, 0, 0, 0, 0, 74, 0, 50, 0, 0]
0 12 [0, 0, 0, 0, 0, 0, 462, 0, 50, 0, 0]
0 13 [0, 0, 0, 0, 0, 1425, 0, 0, 300, 0, 0, 0, 0, 0, 250, 0, 800, 0, 0, 0]
0 14 [0, 4200, 3630, 0, 0, 0, 275, 0, 0, 750, 0, 0]
0 15 [1550, 0, 2800, 0, 0, 450, 0]
0 16 [0, 0, 1025, 0, 0, 0, 0, 0, 0, 259, 0, 0, 0, 0]
0 17 [0, 0, 0, 0, 300, 375, 198, 0, 0, 0, 0]
0 18 [759, 0, 25, 0, 0, 0, 25, 0, 0, 0, 6000, 0, 2700, 0, 0]
0 19 [0, 0, 0, 0, 0, 0, 0, 900, 0]
0 20 [0, 0, 3200, 2775, 0, 0, 400, 1184, 0, 0, 100, 0, 1600, 0, 0, 0, 0, 0]
0 21 [0, 0, 975, 3750, 0, 0, 0, 0, 0, 0, 0, 0]
0 22 [0, 0, 0, 0, 2150, 0, 525, 0, 0, 600, 0, 0, 0, 0, 0, 0]
0 23 [1800, 0, 0, 1800, 858, 0, 0, 0, 0, 0, 0, 0, 924, 0, 0, 0, 0]
0 24 [0, 0, 0, 0, 0, 0, 0, 75, 0, 0, 0, 0, 0]
0 25 [0, 0, 1221, 0, 0, 370, 0, 0, 0, 0, 2500, 0]
0 26 [1600, 0, 0, 0, 4000, 0, 0, 0, 1089, 0, 0, 0, 0, 0, 924, 0]
0 27 [1600, 0, 0, 0, 0, 0, 0, 350, 500, 0, 0]
0 28 [0, 0, 3828, 0, 0, 0, 325, 0]
0 29 [600, 0, 0, 0, 600, 4350, 0, 0, 250, 0, 0, 0, 0]
0 30 [0, 0, 0, 555, 0, 4200, 0, 0, 330, 0, 0, 1800, 0, 0, 700, 0, 0]
0 31 [0, 0, 1550, 0, 0, 225, 0, 0, 550, 2400, 0, 0, 0, 0]
0 32 [0, 0, 1025, 0, 0, 0, 0, 0, 0, 0, 1400, 0]
0 33 [0, 2550, 0, 0, 0, 0, 0, 150, 3150, 0, 495, 0, 0, 0]
0 34 [0, 0, 0, 4100, 0, 0, 0, 0, 0, 0, 0, 2400]
0 35 [0, 0, 1850, 0, 0, 1300, 0, 600, 1200, 0, 528, 450]
0 36 [0, 0, 0, 0, 0, 0, 0, 75, 0, 259, 0, 900, 0]
0 37 [0, 0, 1485, 1147, 0, 0, 0, 0, 0, 0, 700, 900, 0]
0 38 [462, 0, 0, 888, 0, 2100, 975, 0, 0, 75, 0, 0, 0, 0]
0 39 [0, 0, 0, 0, 0, 0, 0, 0, 0, 0, 0, 0, 0]
0 40 [0, 0, 1320, 0, 11500, 750, 0, 0, 0, 0, 0, 0, 0, 0, 0, 0, 1050]
0 41 [0, 666, 0, 0, 375, 0, 0, 407, 0, 0]
0 42 [0, 0, 0, 0, 0, 0, 25, 0, 0, 0, 0, 0]
0 43 [0, 0, 0, 0, 0, 2664, 0, 4350, 25, 0, 0, 0, 1200, 0, 0, 0, 2900, 0]
0 44 [0, 0, 0, 0, 0, 0, 0, 0, 0, 0, 0, 750, 0]
0 45 [0, 0, 0, 0, 1023, 0, 3200, 0, 0, 0, 550, 300, 0, 0, 0, 1650, 0, 0, 0, 0, 0]
0 46 [0, 0, 0, 3600, 0, 0, 0, 0, 0, 0]
0 47 [0, 0, 1600, 0, 0, 0, 800, 0, 0, 0, 0]
0 48 [0, 0, 925, 0, 0, 0, 0, 0]
0 49 [0, 0, 0, 0, 0, 0, 225, 75, 0, 0, 0]
