288
2501
824
0
[]
[]
0 0 [0, 0, 0, 0, 400, 2700, 50, 1443, 0, 5700, 0, 0, 0, 0, 0, 0, 0, 550, 0]
0 1 [0, 0, 0, 0, 1188, 0, 2900, 0, 0, 8550, 6350, 0, 100, 0, 0, 0, 0, 75]
0 2 [99, 0, 66, 0, 0, 0, 100, 0, 0]
0 3 [0, 0, 25, 0, 0, 0, 0, 2650, 2450, 0, 150, 0, 0, 0, 792, 0]
0 4 [0, 0, 0, 0, 0, 1184, 0, 0, 25]
0 5 [0, 0, 0, 37, 0, 0, 0, 0, 0, 500, 0, 0]
0 6 [450, 0, 0, 4275, 0, 5750, 0, 0, 0, 0, 100, 0, 0, 0]
0 7 [0, 0, 0, 2325, 66, 0, 0, 185, 0]
0 8 [0, 0, 0, 0, 0, 0, 0, 0, 2277, 0, 0, 0]
0 9 [0, 0, 925, 0, 0, 0, 0, 0, 0, 0, 0]
0 10 [0, 450, 0, 0, 0, 2100]
0 11 [75, 0, 0, 1850, 4800, 0, 0, 0, 0, 0, 33, 0, 100]
0 12 [50, 150, 0, 0, 0, 0, 0, 6075, 0, 296, 0, 0, 0, 0, 0, 0, 0]
0 13 [0, 1517, 0, 0, 0, 0, 0, 0, 100]
0 14 [0, 0, 0, 0, 0, 0, 100, 0, 0, 0, 0, 0, 1400, 0]
0 15 [100, 0, 1150, 0, 0, 0, 0, 0, 0, 0, 0, 0]
0 16 [0, 0, 0, 0, 0, 0, 0, 7125, 0, 225, 0, 2400, 0]
0 17 [150, 0, 300, 1147, 0, 0, 0, 2400, 0, 150, 0, 150, 0, 0, 0, 0]
0 18 [2250, 2775, 2871, 3848, 2500, 150, 2950, 1125, 0]
0 19 [150, 0, 0, 0, 0, 0]
0 20 [0, 0, 0, 0, 0, 2516, 0, 1350, 200, 0, 0, 0, 0, 592, 0]
0 21 [0, 0, 0, 2850, 2050, 0, 0, 0, 0, 0, 2700, 0, 50]
0 22 [0, 0, 0, 0, 0, 0, 0, 1200, 0, 0, 0]
0 23 [0, 0, 75, 0, 0, 0, 0, 0, 4550, 0, 0, 0, 0, 975, 0]
0 24 [600, 0, 0, 0, 0, 9150, 0]
0 25 [25, 0, 0, 0, 0, 0, 0, 0, 75, 0]
0 26 [0, 0, 0, 0, 2050, 0, 0, 0, 3100, 0, 0, 0, 0]
0 27 [0, 0, 33, 1591, 0, 0, 3399, 0, 275, 0, 0, 0, 0, 0, 0, 0, 0, 0]
0 28 [0, 0, 0, 0, 66, 0, 0, 0, 150, 0]
0 29 [0, 0, 5800, 0, 0, 450, 50, 0, 0, 0, 0, 1961, 0]
0 30 [0, 0, 200, 0, 0, 0, 0, 1221, 0, 4575, 0]
0 31 [50, 1332, 0, 0, 2013, 0, 0, 0, 0, 37, 0, 1125, 0]
0 32 [0, 0, 3250, 0, 0, 0, 33, 0, 0]
0 33 [99, 37, 0, 0, 0, 300, 0, 0, 0, 0, 0]
0 34 [75, 150, 1350, 0, 0, 3675, 2975, 3900, 0, 0, 0, 0]
0 35 [0, 2775, 0, 0, 100, 0, 0, 0, 0, 0]
0 36 [0, 0, 0, 0, 1617, 0, 0, 6150, 0, 0, 6750, 0, 0]
0 37 [33, 0, 0, 0, 0, 0]
0 38 [0, 0, 0, 4350, 75, 0, 0, 0]
0 39 [0, 0, 0, 2850, 0, 0, 0, 0]
0 40 [0, 0, 250, 0, 0, 0, 0, 0, 0, 0, 1250, 0, 0]
0 41 [2550, 0, 0, 0, 0, 0, 0, 0, 0, 1050, 150, 0, 0, 0, 3500, 0]
0 42 [0, 0, 0, 13950, 0, 0, 0, 0, 0]
0 43 [0, 0, 0, 0, 0, 0, 0, 0, 0, 0, 1650, 0]
0 44 [0, 300, 0, 0, 0, 2250, 0, 0, 0]
0 45 [0, 0, 9000, 0, 1881, 0, 0, 0, 0, 0]
0 46 [0, 0, 3300, 0, 800, 0, 2750, 0, 660, 0, 0]
0 47 [0, 0, 0, 0, 0, 0, 1485, 0, 0, 0, 0, 0, 0, 0]
0 48 [0, 0, 0, 0, 0, 2625, 600, 0, 0, 0, 3500, 0, 0]
0 49 [0, 5700, 25, 0, 2400, 0, 3025, 0, 700, 8100, 0, 481, 100]
