288
1081
0
2490
[0, 3, 9, 13, 32, 34, 48]
[]
1000 0 [3150, 2382, 1853, 2565, 1577, 2547, 2003, 2080, 1000, 1759]
0 1 [57, 216, 54, 0, 0, 347, 34, 1, 0, 100, 398, 150]
0 2 [265, 0, 0, 0, 114, 11, 0, 494, 290, 267, 54, 60]
311 3 [450, 677, 346, 1350, 902, 370, 311]
0 4 [211, 4, 42, 240, 0, 382, 121, 0, 54, 33, 460]
0 5 [0, 75, 0, 150, 684, 28, 0, 50, 0, 247, 0]
0 6 [70, 0, 0, 166, 0, 0, 0, 28, 36, 20, 350, 696, 60, 256, 0, 0, 25, 145, 0]
0 7 [57, 0, 0, 0, 0, 132, 50, 0, 602, 1051, 33, 185, 204, 160, 0, 2]
0 8 [0, 0, 0, 450, 105, 207, 283, 18, 105, 111, 90]
114 9 [438, 114, 250, 234, 181, 350, 802, 694, 297, 1342]
0 10 [38, 0, 165, 37, 48, 10, 45, 150, 12, 69, 66, 37]
0 11 [0, 0, 72, 32, 54, 0, 0, 0, 0, 147, 2, 220]
0 12 [38, 100, 0, 56, 102, 0, 75, 211, 48, 450, 20, 0]
237 13 [486, 1116, 300, 400, 237, 2445, 612]
0 14 [93, 0, 244, 0, 25, 0, 58, 0, 33, 228, 196, 352, 0, 75, 248, 285, 60]
0 15 [81, 46, 220, 37, 0, 0, 0, 305, 70, 58, 82, 0, 33, 176, 178, 163, 84, 2]
0 16 [276, 92, 0, 550, 4, 810, 76, 0, 200, 122]
0 17 [0, 0, 100, 54, 30, 0, 65, 932]
0 18 [0, 0, 0, 77, 408, 101, 12, 301, 0, 37, 251, 0, 0, 594]
0 19 [0, 1, 0, 0, 46, 0, 102, 0, 30]
0 20 [0, 0, 0, 908, 0, 217, 27, 171, 0, 0]
0 21 [0, 0, 0, 47, 0, 0, 9, 0, 64, 24]
0 22 [231, 22, 86, 0, 25, 104, 66, 8, 0, 0, 102, 100, 0, 1053, 22, 14]
0 23 [190, 1196, 16, 4, 400, 53, 0, 99, 5]
0 24 [556, 0, 0, 0, 0, 0, 342, 1320, 164, 0, 0, 129, 460, 0, 10]
0 25 [24, 0, 0, 0, 122, 1, 80, 0, 0, 0, 50, 1487, 82, 164, 86, 0, 150, 150, 0, 460]
0 26 [0, 36, 39, 0, 96, 148, 258, 19, 0, 205, 54, 104]
0 27 [0, 0, 159, 0, 82, 194, 216, 0, 210, 0, 1, 0]
0 28 [79, 0, 6, 0, 0, 0, 201, 1844, 36, 174, 112, 319, 331]
0 29 [76, 98, 153, 54, 221, 92, 1, 0, 0, 345]
0 30 [25, 1, 50, 0, 50, 70, 0, 153, 144, 99, 0, 125, 217, 220]
0 31 [78, 108, 0, 206, 16, 2, 21, 0, 24, 1, 0, 0, 404]
753 32 [1192, 1473, 1078, 1647, 803, 1445, 1754, 1457, 1050, 1501, 753, 1150, 1730]
0 33 [125, 122, 100, 20, 0, 61, 85, 107, 567, 0, 203, 74, 0, 50, 49, 295, 35]
54 34 [172, 300, 100, 150, 102, 1045, 54, 185, 78, 233, 250, 110, 387, 224, 1092, 74, 165]
0 35 [0, 0, 0, 0, 33, 0, 0, 417, 38, 41, 12, 8, 0, 99, 2]
0 36 [153, 0, 172, 31, 154, 332, 61, 50, 221, 584, 320, 62, 264, 122, 600, 0, 60]
0 37 [0, 0, 0, 0, 214, 11, 12, 12, 104, 151]
0 38 [0, 58, 0, 214, 0, 37, 0]
0 39 [0, 0, 0, 0, 0, 4, 72, 66, 17, 0, 34, 150, 108, 126, 0, 15]
0 40 [307, 0, 100, 81, 0, 63, 100, 100, 0, 60]
0 41 [57, 72, 160, 0, 165, 40, 50, 125, 50, 150, 0]
0 42 [0, 0, 0, 0, 287, 4, 8, 86, 0, 450, 54, 53, 1, 33, 8, 0]
0 43 [0, 0, 0, 0, 140, 0, 34, 62, 41, 348, 25, 55, 100, 30]
0 44 [0, 0, 82, 0, 0, 0, 0, 150, 27, 90, 0]
0 45 [0, 0, 341, 0, 0, 187, 481, 75, 0, 442, 115, 0, 445, 37, 0]
0 46 [0, 813, 0, 0, 49, 57, 0, 0, 62, 802, 26, 454, 165]
0 47 [0, 0, 192, 14, 0, 0, 0, 25, 16, 10]
21 48 [58, 178, 365, 21, 151, 115, 76]
0 49 [38, 180, 0, 0, 66, 33, 0, 226, 250, 193]
