288
721
1
2405
[22]
[]
0 0 [25, 1501, 0, 202, 300, 0, 0, 0, 0]
0 1 [13, 55, 0, 1275, 0, 0, 0, 0, 86, 333, 56]
0 2 [479, 75, 201, 0, 0, 215, 350, 0, 256, 0, 0]
0 3 [0, 1, 0, 0, 0, 1614, 0, 0, 0, 1, 0, 0, 0, 0, 501, 0]
0 4 [0, 150, 104, 111, 693, 0, 1690, 168, 0, 0, 112, 0, 0, 285, 0, 0, 0, 0]
0 5 [69, 0, 52, 0, 1, 324, 293, 0, 94, 0]
0 6 [0, 0, 0, 0, 0, 87, 178, 0, 76, 0]
0 7 [35, 0, 3506, 0, 0, 777, 0, 185, 0, 0, 0, 0, 0, 0, 0]
0 8 [13, 0, 0, 0, 41, 0, 1406, 0, 45, 0, 0]
0 9 [10, 0, 0, 750, 0, 0, 0, 87, 0, 1770, 120, 0]
0 10 [247, 177, 64, 0, 0, 1857, 0, 750, 358, 0, 0, 547, 0, 0, 0, 0]
0 11 [206, 0, 0, 0, 0, 0, 0, 0, 0, 171, 0, 0, 0, 0, 0]
0 12 [137, 703, 0, 0, 0, 0, 0, 8, 0, 0, 100, 0, 283, 0, 0, 0, 0, 74]
0 13 [150, 1350, 0, 974, 0, 661, 0, 0, 0, 0, 124, 0, 0]
0 14 [39, 0, 80, 226, 0, 0, 0, 95, 0, 81, 0, 0]
0 15 [165, 0, 0, 0, 0, 486, 0, 0, 0, 0, 0]
0 16 [9, 0, 0, 0, 0, 95, 0, 2, 0, 0, 501, 0, 0, 0]
0 17 [139, 0, 490, 0, 395, 137, 0, 556, 91, 0, 0]
0 18 [0, 0, 0, 404, 0, 1050, 2, 0, 191, 0, 0, 0]
0 19 [14, 0, 4, 43, 0, 0, 0, 0]
0 20 [0, 814, 0, 313, 0, 0, 666, 99, 0, 0, 451, 0, 91, 0]
0 21 [0, 0, 0, 444, 0, 87, 400, 0, 55, 0, 124, 268, 187, 0, 0, 0, 0, 0]
2405 22 [5202, 2405, 2708, 3200, 4916, 4082]
0 23 [0, 0, 0, 0, 350, 1, 0, 613, 0, 58, 97, 101, 0]
0 24 [0, 518, 0, 628, 0, 0, 0, 174, 0, 3534, 1199, 0, 158]
0 25 [0, 0, 156, 0, 0, 0, 273, 1554, 258]
0 26 [0, 14, 800, 0, 746, 0, 0, 0, 18, 0, 0, 0, 0, 293, 0, 0]
0 27 [81, 0, 0, 68, 0, 0, 0, 0, 0, 0]
0 28 [20, 0, 78, 0, 798, 0, 1100, 0, 0, 0, 0, 348, 135, 0, 0]
0 29 [53, 9, 0, 0, 0, 2102, 0, 0, 0, 0, 0, 357, 0, 0]
0 30 [0, 0, 0, 550, 0, 0, 129, 0, 0, 0, 0, 0, 106]
0 31 [0, 217, 0, 1350, 515, 1800, 0, 247, 0, 1945, 570, 0, 0, 0]
0 32 [1050, 0, 550, 0, 0, 0, 829, 0, 0, 0]
0 33 [0, 0, 133, 350, 4, 0, 0, 36, 0, 0, 0, 0]
0 34 [50, 0, 0, 0, 171, 0, 200, 0, 0, 4890, 298, 124, 0, 504, 0]
0 35 [0, 0, 0, 2100, 0, 0, 0, 1050, 0, 0, 608, 0, 141, 102]
0 36 [0, 139, 20, 0, 0, 370, 0, 34, 0, 0, 0, 151, 0]
0 37 [0, 0, 0, 0, 0, 47, 124, 0, 0, 0]
0 38 [0, 0, 20, 0, 0, 600, 0, 116, 0, 0, 0]
0 39 [0, 555, 350, 354, 200, 526, 140, 537, 0]
0 40 [79, 3150, 0, 50, 1088, 666, 0, 1361, 0]
0 41 [5, 0, 0, 0, 0, 0, 0, 385, 100, 0]
0 42 [83, 75, 0, 0, 0, 0, 125, 0, 0, 0, 0, 58, 0, 0]
0 43 [0, 650, 2104, 0, 0, 0, 0, 1230, 0, 162]
0 44 [30, 26, 0, 0, 0, 660, 69, 0, 6, 0, 0, 48, 0, 0, 0, 89, 0]
0 45 [172, 0, 50, 0, 771, 0, 0, 8, 0, 0, 33, 0, 0, 0, 0]
0 46 [0, 2400, 0, 87, 61, 0, 46, 0]
0 47 [5, 178, 33, 0, 0, 111, 84, 2103, 23, 0, 0]
0 48 [0, 0, 28, 0, 0, 0, 0, 1800, 0, 124, 39, 0, 24, 98, 7, 0, 24]
0 49 [6, 891, 0, 0, 0, 115, 0, 0, 0, 0, 144, 0, 0, 0, 0, 154, 0, 0]
