0 1 3 3 4.000000 10
0 2 4 1 36.000000 13
0 2 7 6 13.000000 19
0 3 9 0 740.000000 5
0 4 8 2 2.000000 16
0 5 4 1 231.000000 3
0 6 5 8 260.000000 2
0 8 5 8 68.000000 15
0 10 4 1 26.000000 4
0 11 8 2 442.000000 10
0 12 8 2 224.000000 11
0 13 1 4 576.000000 2
0 13 5 8 23.000000 20
0 14 8 2 28.000000 18
0 15 3 3 159.000000 18
0 18 5 8 221.000000 9
0 19 7 6 489.000000 4
0 20 1 4 57.000000 3
0 20 5 8 1.000000 5
0 21 3 3 11.000000 9
0 22 7 6 1.000000 5
0 24 1 4 268.000000 10
0 24 4 1 3.000000 19
0 25 6 7 128.000000 11
0 26 9 0 99.000000 19
0 27 8 2 36.000000 10
0 28 1 4 19.000000 20
0 28 4 1 8.000000 4
0 30 4 1 6.000000 19
0 31 1 4 21.000000 10
0 32 5 8 118.000000 17
0 33 3 3 45.000000 6
0 33 5 8 131.000000 6
0 35 6 7 243.000000 3
0 36 6 7 492.000000 9
0 37 4 1 398.000000 5
0 38 8 2 1.000000 7
0 39 3 3 1052.000000 10
0 40 4 1 499.000000 19
0 41 4 1 118.000000 6
0 42 5 8 252.000000 4
0 43 8 2 2.000000 6
0 44 1 4 745.000000 5
0 49 8 2 248.000000 4
1 1 3 3 26.000000 10
1 2 7 6 62.000000 19
1 3 9 0 694.000000 5
1 4 8 2 19.000000 16
1 5 4 1 107.000000 3
1 6 5 8 247.000000 2
1 8 5 8 87.000000 15
1 10 4 1 120.000000 4
1 11 8 2 421.000000 10
1 12 8 2 230.000000 11
1 13 1 4 682.000000 2
1 13 5 8 11.000000 20
1 14 8 2 32.000000 18
1 15 3 3 151.000000 18
1 18 5 8 215.000000 9
1 19 7 6 493.000000 4
1 20 1 4 136.000000 3
1 21 3 3 21.000000 9
1 24 1 4 290.000000 10
1 24 4 1 5.000000 19
1 25 6 7 136.000000 11
1 26 9 0 91.000000 19
1 27 8 2 39.000000 10
1 28 1 4 16.000000 20
1 30 4 1 26.000000 19
1 31 1 4 9.000000 10
1 32 5 8 121.000000 17
1 33 3 3 21.000000 6
1 33 5 8 131.000000 6
1 34 6 7 1.000000 17
1 35 6 7 451.000000 3
1 36 6 7 468.000000 9
1 37 4 1 320.000000 5
1 38 8 2 10.000000 7
1 39 3 3 1121.000000 10
1 40 4 1 469.000000 19
1 41 4 1 173.000000 6
1 42 5 8 255.000000 4
1 44 1 4 689.000000 5
1 47 5 8 30.000000 18
1 47 9 0 6.000000 6
1 48 9 0 88.000000 13
1 49 8 2 271.000000 4
2 0 8 2 1.000000 16
2 2 4 1 66.000000 13
2 3 9 0 660.000000 5
2 4 8 2 59.000000 16
2 5 4 1 4.000000 3
2 6 5 8 287.000000 2
2 8 5 8 200.000000 15
2 9 2 1 101.000000 7
2 10 4 1 133.000000 4
2 11 0 2 453.000000 19
2 12 8 2 178.000000 11
2 13 5 8 85.000000 20
2 14 8 2 248.000000 18
2 15 1 9 326.000000 8
2 18 5 8 552.000000 9
2 19 7 6 493.000000 4
2 21 1 5 1.000000 10
2 21 2 1 1.000000 19
2 24 1 5 475.000000 13
2 24 1 9 11.000000 1
2 24 4 1 130.000000 19
2 25 0 2 154.000000 11
2 26 9 0 110.000000 19
2 27 8 2 40.000000 10
2 28 1 5 22.000000 19
2 28 4 1 1.000000 4
2 29 0 2 187.000000 16
2 30 4 1 36.000000 19
2 31 5 8 58.000000 8
2 32 5 8 3.000000 17
2 33 5 8 165.000000 6
2 34 6 7 87.000000 17
2 35 6 7 271.000000 3
2 36 6 7 455.000000 9
2 37 4 1 373.000000 5
2 38 0 2 11.000000 18
2 39 3 3 1416.000000 10
2 40 4 1 346.000000 19
2 41 4 1 141.000000 6
2 42 5 8 5.000000 4
2 44 1 9 363.000000 9
2 45 9 0 40.000000 12
2 48 7 6 1.000000 13
2 48 9 0 72.000000 13
2 49 8 2 2.000000 4
