0 0 3 10 1.000000 15
0 1 4 20 113.000000 9
0 4 7 9 24.000000 17
0 5 9 4 26.000000 19
0 6 5 23 5121.000000 5
0 8 6 11 203.000000 5
0 10 0 12 600.000000 19
0 11 5 23 19.000000 12
0 13 4 20 62.000000 11
0 14 7 2 2125.000000 4
0 15 7 2 118.000000 8
0 16 9 4 271.000000 16
0 17 6 11 84.000000 13
0 18 0 12 150.000000 3
0 19 2 7 50.000000 14
0 22 9 4 1195.000000 12
0 26 3 10 2370.000000 12
0 26 5 23 2.000000 12
0 28 2 7 39.000000 15
0 29 0 12 27.000000 10
0 30 0 12 379.000000 17
0 30 9 4 96.000000 19
0 31 7 2 360.000000 5
0 32 2 7 2228.000000 7
0 33 8 13 1251.000000 9
0 35 3 10 1952.000000 11
0 37 8 13 1015.000000 14
0 39 4 20 682.000000 6
0 43 4 20 150.000000 9
0 44 7 2 190.000000 9
0 45 2 7 165.000000 11
0 47 0 12 3200.000000 9
0 48 6 11 169.000000 2
0 49 5 23 415.000000 20
1 0 3 10 13.000000 15
1 1 4 20 172.000000 9
1 4 7 16 100.000000 5
1 5 9 4 16.000000 19
1 6 5 23 5077.000000 5
1 8 6 11 97.000000 5
1 9 4 20 113.000000 15
1 9 6 11 397.000000 12
1 10 0 12 597.000000 19
1 11 5 23 51.000000 12
1 13 4 20 30.000000 11
1 14 7 22 3621.000000 2
1 15 7 22 20.000000 3
1 16 9 4 253.000000 16
1 17 6 11 264.000000 13
1 18 0 12 202.000000 3
1 19 2 7 26.000000 14
1 22 9 4 1182.000000 12
1 26 3 10 2380.000000 12
1 28 2 7 22.000000 15
1 30 0 12 274.000000 17
1 30 9 4 163.000000 19
1 31 7 22 32.000000 16
1 32 2 7 2305.000000 7
1 33 8 13 1276.000000 9
1 35 3 10 1900.000000 11
1 37 8 13 1092.000000 14
1 39 4 20 693.000000 6
1 43 4 20 320.000000 9
1 44 7 22 248.000000 15
1 47 0 12 3206.000000 9
1 48 6 11 81.000000 2
1 49 5 23 385.000000 20
