0 0 1 19 1.000000 4
0 1 2 4 488.000000 13
0 3 6 15 870.000000 20
0 4 1 19 2.000000 12
0 4 9 13 539.000000 15
0 5 6 15 228.000000 6
0 6 0 1 32.000000 20
0 7 9 13 12.000000 15
0 8 0 1 300.000000 7
0 9 0 1 3881.000000 5
0 9 3 8 53.000000 19
0 9 7 2 436.000000 14
0 10 5 3 167.000000 10
0 11 3 8 54.000000 2
0 12 2 4 344.000000 20
0 13 9 13 465.000000 3
0 14 2 4 1741.000000 5
0 16 1 19 3145.000000 12
0 17 2 4 126.000000 6
0 18 4 17 3434.000000 10
0 20 6 15 9.000000 4
0 21 5 3 61.000000 19
0 22 5 3 38.000000 6
0 23 3 8 14.000000 17
0 25 2 4 39.000000 11
0 26 0 1 858.000000 8
0 27 9 13 21.000000 17
0 29 3 8 15.000000 4
0 30 7 2 14.000000 19
0 31 0 1 49.000000 19
0 31 4 17 72.000000 19
0 35 8 0 3067.000000 11
0 39 3 8 133.000000 7
0 40 4 17 320.000000 19
0 41 0 1 75.000000 8
0 42 7 2 35.000000 4
0 43 7 2 66.000000 6
0 44 3 8 1414.000000 18
0 45 1 19 186.000000 4
0 46 3 8 33.000000 5
0 47 6 15 61.000000 12
0 47 7 2 787.000000 7
0 48 9 13 195.000000 10
0 49 2 4 11.000000 17
1 0 1 19 86.000000 4
1 1 1 19 654.000000 2
1 1 2 4 329.000000 13
1 3 6 15 953.000000 20
1 4 9 13 512.000000 15
1 5 6 15 239.000000 6
1 6 0 1 48.000000 20
1 7 9 13 2.000000 15
1 8 0 1 275.000000 7
1 9 0 1 5437.000000 5
1 9 7 2 1.000000 14
1 10 5 3 339.000000 10
1 12 2 4 320.000000 20
1 13 9 13 467.000000 3
1 14 2 4 1763.000000 5
1 16 1 19 3268.000000 12
1 17 2 4 153.000000 6
1 18 4 17 3613.000000 10
1 21 5 3 126.000000 19
1 23 3 8 6.000000 17
1 25 2 4 46.000000 11
1 26 0 1 747.000000 8
1 27 9 13 62.000000 17
1 28 6 15 26.000000 15
1 29 3 8 144.000000 4
1 30 7 2 1.000000 19
1 31 4 17 129.000000 19
1 32 1 19 71.000000 14
1 35 8 0 3200.000000 11
1 36 7 2 98.000000 13
1 37 2 4 107.000000 13
1 38 5 3 83.000000 8
1 40 4 17 307.000000 19
1 41 0 1 105.000000 8
1 42 7 2 312.000000 4
1 43 7 2 48.000000 6
1 44 3 8 1476.000000 18
1 45 1 19 42.000000 4
1 47 7 2 850.000000 7
1 48 9 13 199.000000 10
2 0 1 19 92.000000 4
2 1 1 19 1233.000000 2
2 1 2 4 268.000000 13
2 3 6 15 942.000000 20
2 4 9 13 563.000000 15
2 5 6 15 192.000000 6
2 7 9 13 18.000000 15
2 8 0 1 272.000000 7
2 9 0 1 5335.000000 5
2 10 5 5 254.000000 18
2 10 5 6 173.000000 9
2 12 2 4 328.000000 20
2 13 9 13 422.000000 3
2 14 2 4 1890.000000 5
2 16 1 19 3270.000000 12
2 17 2 4 104.000000 6
2 18 4 17 3579.000000 10
2 20 6 15 33.000000 4
2 21 5 6 81.000000 19
2 22 5 5 81.000000 8
2 23 3 8 15.000000 17
2 24 0 1 24.000000 11
2 26 0 1 728.000000 8
2 27 9 13 44.000000 17
2 28 6 15 60.000000 15
2 30 7 2 3.000000 19
2 31 4 17 102.000000 19
2 32 1 19 15.000000 14
2 35 8 0 3200.000000 11
2 36 7 2 16.000000 13
2 37 2 4 145.000000 13
2 40 4 17 312.000000 19
2 41 0 1 73.000000 8
2 42 7 2 365.000000 4
2 43 7 2 51.000000 6
2 44 3 8 1467.000000 18
2 45 1 19 2.000000 4
2 46 3 8 131.000000 5
2 47 7 2 899.000000 7
2 48 9 13 207.000000 10
2 49 2 4 11.000000 17
