0 0 3 1 1610.000000 17
0 2 4 3 27.000000 5
0 3 5 4 330.000000 8
0 6 0 7 373.000000 19
0 6 6 2 477.000000 3
0 6 8 8 440.000000 10
0 7 0 7 305.000000 8
0 9 7 9 6.000000 9
0 10 7 9 474.000000 2
0 12 2 0 5.000000 17
0 15 2 0 256.000000 20
0 16 4 3 79.000000 14
0 20 8 8 5524.000000 7
0 21 2 0 1.000000 16
0 21 4 3 256.000000 12
0 22 3 1 44.000000 17
0 23 3 1 336.000000 3
0 24 0 7 96.000000 5
0 27 4 3 13.000000 6
0 28 2 0 195.000000 16
0 29 5 4 54.000000 16
0 29 9 6 4233.000000 12
0 30 3 1 26.000000 19
0 34 2 0 1.000000 6
0 34 3 1 300.000000 16
0 36 2 0 472.000000 13
0 37 4 3 704.000000 19
0 38 2 0 273.000000 14
0 40 6 2 278.000000 18
0 41 5 4 16.000000 18
0 42 0 7 1232.000000 12
0 43 5 4 119.000000 9
0 44 6 2 55.000000 14
0 46 7 9 92.000000 12
0 48 8 8 195.000000 5
0 49 7 9 686.000000 3
1 0 3 1 1609.000000 17
1 1 2 0 5.000000 11
1 3 5 4 331.000000 8
1 6 0 7 370.000000 19
1 6 6 2 482.000000 3
1 6 8 8 467.000000 10
1 7 0 7 331.000000 8
1 7 3 1 2.000000 3
1 10 7 9 492.000000 2
1 12 0 7 1.000000 7
1 15 2 0 278.000000 20
1 15 7 9 1.000000 15
1 16 4 3 77.000000 14
1 20 8 8 5648.000000 7
1 21 4 3 279.000000 12
1 22 3 1 55.000000 17
1 23 3 1 360.000000 3
1 24 0 7 82.000000 5
1 28 2 0 204.000000 16
1 29 5 4 56.000000 16
1 29 9 6 4320.000000 12
1 30 3 1 33.000000 19
1 34 3 1 291.000000 16
1 36 2 0 451.000000 13
1 37 4 3 722.000000 19
1 38 2 0 297.000000 14
1 40 6 2 282.000000 18
1 41 5 4 18.000000 18
1 42 0 7 1231.000000 12
1 43 5 4 120.000000 9
1 44 6 2 66.000000 14
1 46 7 9 60.000000 12
1 48 8 8 152.000000 5
1 49 7 9 718.000000 3
2 0 3 1 2032.000000 17
2 1 2 0 134.000000 11
2 2 4 3 276.000000 5
2 3 8 8 85.000000 18
2 6 1 6 932.000000 15
2 7 0 7 819.000000 8
2 7 3 1 10.000000 3
2 9 8 8 24.000000 20
2 10 3 1 4.000000 1
2 10 7 9 1965.000000 2
2 12 2 0 4.000000 17
2 15 2 0 147.000000 20
2 15 7 9 1.000000 15
2 16 4 3 145.000000 14
2 20 8 8 5992.000000 7
2 21 2 0 102.000000 16
2 22 3 1 73.000000 17
2 23 3 1 705.000000 3
2 24 0 7 409.000000 5
2 27 4 3 176.000000 6
2 28 2 0 106.000000 16
2 29 5 4 544.000000 16
2 29 7 9 23.000000 11
2 29 9 6 3901.000000 12
2 30 3 1 17.000000 19
2 32 6 2 13.000000 4
2 34 3 1 131.000000 16
2 34 8 8 34.000000 19
2 36 2 0 810.000000 13
2 36 6 2 2.000000 9
2 37 4 3 837.000000 19
2 38 2 0 161.000000 14
2 39 8 8 48.000000 8
2 40 6 2 428.000000 18
2 41 5 4 6.000000 18
2 42 0 7 1861.000000 12
2 43 5 4 62.000000 9
2 44 6 2 41.000000 14
2 46 7 9 408.000000 12
2 47 6 2 4.000000 13
2 48 8 8 827.000000 5
2 49 7 9 389.000000 3
