0 0 9 9 16.000000 19
0 1 4 1 114.000000 19
0 3 1 8 176.000000 20
0 5 3 2 659.000000 12
0 6 9 9 78.000000 10
0 8 6 4 38.000000 2
0 9 3 2 1.000000 20
0 10 9 9 197.000000 18
0 11 0 5 37.000000 16
0 11 1 8 1510.000000 2
0 12 6 4 376.000000 7
0 13 1 8 731.000000 12
0 14 7 3 147.000000 20
0 15 3 2 314.000000 18
0 16 0 5 662.000000 4
0 17 1 8 40.000000 20
0 18 6 4 1339.000000 11
0 19 2 0 16.000000 19
0 20 7 3 445.000000 18
0 21 5 7 73.000000 16
0 23 8 0 637.000000 9
0 24 9 9 297.000000 12
0 25 9 9 487.000000 17
0 27 5 7 48.000000 19
0 28 7 3 13.000000 2
0 29 5 7 1.000000 5
0 30 4 1 251.000000 17
0 31 0 5 335.000000 9
0 33 8 0 178.000000 17
0 34 0 5 155.000000 18
0 36 8 0 551.000000 7
0 37 8 0 1.000000 9
0 38 4 1 77.000000 13
0 39 4 1 5.000000 5
0 40 6 4 235.000000 20
0 41 2 0 229.000000 8
0 41 3 2 85.000000 10
0 42 9 9 1.000000 1
0 43 8 0 62.000000 19
0 44 7 3 1.000000 6
0 45 3 2 164.000000 8
0 46 5 7 350.000000 15
0 47 5 7 662.000000 12
0 48 7 3 135.000000 20
0 49 3 2 3.000000 9
1 0 9 9 158.000000 19
1 1 4 1 276.000000 19
1 3 1 8 165.000000 20
1 5 3 2 686.000000 12
1 6 9 9 73.000000 10
1 8 6 4 38.000000 2
1 10 9 9 151.000000 18
1 11 0 5 92.000000 16
1 11 1 8 1405.000000 2
1 12 6 4 380.000000 7
1 13 1 8 733.000000 12
1 14 9 9 68.000000 20
1 15 3 2 326.000000 18
1 16 0 5 614.000000 4
1 17 1 8 36.000000 20
1 18 6 4 1300.000000 11
1 19 2 3 439.000000 7
1 20 7 3 457.000000 18
1 21 5 7 68.000000 16
1 23 8 0 1044.000000 9
1 24 9 9 180.000000 12
1 25 9 9 718.000000 17
1 27 5 7 28.000000 19
1 30 4 1 230.000000 17
1 31 0 5 345.000000 9
1 33 8 0 315.000000 17
1 34 0 5 146.000000 18
1 36 8 0 581.000000 7
1 38 1 8 64.000000 11
1 40 6 4 227.000000 20
1 41 2 3 169.000000 9
1 41 3 2 122.000000 10
1 42 9 9 1.000000 1
1 43 8 0 28.000000 19
1 45 3 2 144.000000 8
1 46 5 7 366.000000 15
1 47 5 7 659.000000 12
1 48 7 3 87.000000 20
2 0 9 9 201.000000 19
2 1 4 1 310.000000 19
2 3 1 8 148.000000 20
2 4 5 7 2.000000 11
2 5 3 2 543.000000 12
2 6 9 9 87.000000 10
2 7 5 7 14.000000 11
2 8 6 4 261.000000 2
2 9 3 2 6.000000 20
2 10 9 9 159.000000 18
2 11 0 5 156.000000 16
2 11 1 8 1018.000000 2
2 12 6 4 465.000000 7
2 13 1 8 692.000000 12
2 14 9 9 42.000000 20
2 15 3 2 256.000000 18
2 16 0 5 556.000000 4
2 17 1 8 67.000000 20
2 18 6 4 950.000000 11
2 19 2 3 543.000000 7
2 20 2 3 494.000000 14
2 21 5 7 57.000000 16
2 23 8 0 1046.000000 9
2 24 9 9 92.000000 12
2 25 9 9 681.000000 17
2 26 9 9 4.000000 1
2 27 5 7 44.000000 19
2 30 4 1 197.000000 17
2 31 0 5 335.000000 9
2 32 8 0 1.000000 7
2 33 8 0 356.000000 17
2 34 0 5 163.000000 18
2 35 1 8 93.000000 3
2 36 8 0 541.000000 7
2 38 1 8 81.000000 11
2 40 6 4 218.000000 20
2 41 2 3 30.000000 9
2 41 3 2 185.000000 10
2 42 9 9 1.000000 1
2 43 8 0 41.000000 19
2 45 3 2 129.000000 8
2 46 5 7 362.000000 15
2 47 5 7 547.000000 12
2 48 9 9 143.000000 5
2 49 3 2 28.000000 9
