0 3 3 14 30.000000 16
0 5 3 14 66.000000 6
0 6 3 14 1875.000000 19
0 6 8 29 38.000000 3
0 7 3 14 36.000000 19
0 12 1 25 2638.000000 12
0 12 7 28 226.000000 15
0 20 1 25 148.000000 12
0 20 4 8 1135.000000 16
0 20 9 4 4080.000000 8
0 21 8 29 6.000000 14
0 22 0 26 364.000000 12
0 22 7 28 3879.000000 17
0 23 5 10 1955.000000 18
0 25 1 25 374.000000 17
0 26 9 4 1.000000 7
0 27 0 26 738.000000 18
0 28 0 26 1264.000000 14
0 29 0 26 6.000000 3
0 30 2 1 113.000000 14
0 30 6 17 1011.000000 11
0 31 8 29 593.000000 17
0 32 5 10 8.000000 4
0 33 2 1 199.000000 16
0 37 5 10 2138.000000 18
0 38 3 14 6.000000 10
0 41 1 25 1.000000 20
0 42 6 21 1863.000000 19
0 43 2 1 1096.000000 16
0 44 5 10 26.000000 8
0 47 3 14 9.000000 9
0 49 6 17 206.000000 16
1 3 3 14 100.000000 16
1 5 3 14 408.000000 6
1 6 3 14 974.000000 19
1 6 8 22 985.000000 17
1 7 3 14 80.000000 19
1 11 0 26 342.000000 8
1 12 1 25 2692.000000 12
1 12 7 28 199.000000 15
1 20 1 25 131.000000 12
1 20 4 8 1152.000000 16
1 20 9 4 4114.000000 8
1 22 0 26 42.000000 12
1 22 7 28 4114.000000 17
1 23 5 10 1957.000000 18
1 24 2 1 278.000000 10
1 25 1 25 33.000000 17
1 26 9 4 1.000000 7
1 27 0 26 97.000000 18
1 27 2 1 242.000000 9
1 28 0 26 1248.000000 14
1 29 0 26 222.000000 3
1 30 2 1 80.000000 14
1 31 8 22 31.000000 19
1 33 2 1 18.000000 16
1 37 5 10 1968.000000 18
1 41 1 25 136.000000 20
1 42 6 12 2503.000000 14
1 43 2 1 1102.000000 16
1 44 5 10 60.000000 8
1 49 6 12 51.000000 4
