8 86398
-2 NA
2 86380
-2 NA
-2 NA
-2 NA
5 86321
-2 NA
1 86374
-2 NA
-2 NA
9 86397
-2 NA
-2 NA
-2 NA
7 86393
-2 NA
4 86399
-2 NA
-2 NA
0 86354
-2 NA
-2 NA
-2 NA
6 86397
-2 NA
-2 NA
-2 NA
3 86397
-2 NA
-3 NA
8 86400
-2 NA
2 86364
-2 NA
-2 NA
-2 NA
5 86344
-2 NA
1 86398
-2 NA
-2 NA
9 86376
-2 NA
-2 NA
-2 NA
7 86322
-2 NA
4 86335
-2 NA
-2 NA
0 86388
-2 NA
-2 NA
-2 NA
6 86400
-2 NA
-2 NA
-2 NA
3 86398
-2 NA
-3 NA
8 86388
-2 NA
2 86391
-2 NA
-2 NA
-2 NA
5 86370
-2 NA
1 86396
-2 NA
-2 NA
9 86357
-2 NA
-2 NA
-2 NA
7 86359
-2 NA
4 86381
-2 NA
-2 NA
0 86342
-2 NA
-2 NA
-2 NA
6 86397
-2 NA
-2 NA
-2 NA
3 86395
-2 NA
-3 NA
8 86398
-2 NA
2 86390
-2 NA
-2 NA
-2 NA
5 86386
-2 NA
1 86376
-2 NA
-2 NA
9 86292
-2 NA
-2 NA
-2 NA
7 86397
-2 NA
4 86347
-2 NA
-2 NA
0 86381
-2 NA
-2 NA
-2 NA
6 86379
-2 NA
-2 NA
-2 NA
3 86387
-2 NA
-3 NA
8 86389
-2 NA
-2 NA
-2 NA
-1 2108.56
-1 8434.25
-1 16868.5
-1 4217.12
-1 2108.56
7 52663
-2 NA
7 33727
5 52653
-2 NA
1 86398
-2 NA
-2 NA
-2 NA
-2 NA
9 86355
-2 NA
-2 NA
4 86302
-2 NA
-2 NA
0 86347
-2 NA
-2 NA
-2 NA
-1 13972
-1 27944
-1 3493
-1 6986
-1 3493
6 30512
-2 NA
-2 NA
2 86386
-2 NA
3 86390
-2 NA
-3 NA
8 86398
-2 NA
2 86398
-2 NA
-2 NA
-2 NA
5 86398
-2 NA
1 86383
-2 NA
-2 NA
9 86331
-2 NA
-2 NA
-2 NA
7 86400
-2 NA
4 86367
-2 NA
-2 NA
0 86390
-2 NA
-2 NA
-2 NA
6 86399
-2 NA
-2 NA
-2 NA
3 86388
-2 NA
-3 NA
8 86396
-2 NA
2 86368
-2 NA
-2 NA
-2 NA
5 86348
-2 NA
1 86363
-2 NA
-2 NA
9 86398
-2 NA
-2 NA
-2 NA
7 86386
-2 NA
4 80868
-2 NA
-2 NA
0 86340
-2 NA
-2 NA
-2 NA
6 86397
-2 NA
-2 NA
-2 NA
3 86399
-2 NA
-3 NA
8 86397
-2 NA
2 86371
-2 NA
-2 NA
-2 NA
5 86388
-2 NA
1 86311
-2 NA
-2 NA
9 86399
-2 NA
-2 NA
-2 NA
7 86395
-2 NA
4 86340
-2 NA
-2 NA
0 86341
-2 NA
-2 NA
-2 NA
6 86391
-2 NA
-2 NA
-2 NA
3 86400
-2 NA
-3 NA
8 86396
-2 NA
2 86356
-2 NA
-2 NA
-2 NA
5 86369
-2 NA
-1 2074.5
-1 2074.5
1 82251
-2 NA
-2 NA
9 86386
-2 NA
-2 NA
-2 NA
7 86390
-2 NA
4 86365
-2 NA
-2 NA
0 86332
-2 NA
-2 NA
-2 NA
6 86363
-2 NA
-2 NA
-2 NA
3 86378
-2 NA
-3 NA
8 86398
-2 NA
2 86377
-2 NA
-2 NA
-2 NA
5 86130
-2 NA
1 86396
-2 NA
-2 NA
9 86389
-2 NA
-2 NA
-2 NA
7 86387
-2 NA
4 86356
-2 NA
-2 NA
0 86371
-2 NA
-2 NA
-2 NA
6 86364
-2 NA
-2 NA
-2 NA
3 86399
-2 NA
-3 NA
8 86364
-2 NA
2 86389
-2 NA
-1 13620.2
-1 27240.5
-1 3405.06
-1 3405.06
-1 6810.12
9 31919
-2 NA
-2 NA
5 86371
-2 NA
1 86357
-2 NA
-2 NA
-2 NA
-2 NA
9 54463
-1 1996.06
-1 7984.25
-1 3992.12
-1 15968.5
-1 1996.06
-2 NA
7 86381
-2 NA
4 86372
-2 NA
-2 NA
0 86400
-2 NA
-2 NA
-2 NA
6 86396
-2 NA
-2 NA
-2 NA
3 86383
-2 NA
-3 NA
