-2 NA
3 86264
-2 NA
-2 NA
-2 NA
-2 NA
9 86394
-2 NA
8 66760
-1 9820
-1 2455
-1 2455
-1 4910
-2 NA
-2 NA
-2 NA
2 80368
0 6017
-2 NA
1 86394
-2 NA
4 86388
-2 NA
-2 NA
-2 NA
6 86386
-2 NA
-2 NA
-1 2086.38
-1 33382
-1 8345.5
-1 4172.75
-1 2086.38
-1 16691
8 19636
-2 NA
-2 NA
7 86370
-2 NA
5 86396
-2 NA
-3 NA
4 86292
-2 NA
3 86394
-2 NA
-2 NA
-2 NA
8 74858
-1 2885.5
-1 2885.5
-1 5771
-2 NA
-2 NA
-2 NA
-2 NA
5 86397
-2 NA
0 86400
-2 NA
1 86392
-2 NA
-2 NA
-2 NA
-1 13752.2
-1 27504.5
-1 3438.06
-1 3438.06
-1 6876.12
9 31391
-2 NA
6 86397
-2 NA
-2 NA
-2 NA
2 86383
-2 NA
7 74860
8 11536
-2 NA
9 54968
-1 1964.5
-1 7858
-1 3929
-1 15716
-1 1964.5
-2 NA
-3 NA
3 86318
-2 NA
-2 NA
-2 NA
-2 NA
-2 NA
9 86358
-2 NA
8 86398
-2 NA
-2 NA
-2 NA
2 80591
0 5795
-2 NA
1 86343
-2 NA
4 86343
-2 NA
-2 NA
-2 NA
6 86399
-2 NA
-2 NA
-2 NA
-2 NA
7 86392
-2 NA
5 86365
-2 NA
-3 NA
-2 NA
3 81243
-2 NA
-2 NA
-2 NA
-2 NA
9 86395
-2 NA
8 86389
-2 NA
-2 NA
-2 NA
0 4100
2 82300
-2 NA
1 86388
-2 NA
4 86358
-2 NA
-2 NA
-2 NA
6 86392
-2 NA
-2 NA
-2 NA
-2 NA
7 86389
-2 NA
5 86395
-2 NA
-3 NA
4 73988
2 12405
-2 NA
3 86224
-2 NA
5 50370
-1 2251.88
-1 9007.5
-1 4503.75
-1 18015
-1 2251.88
-2 NA
-2 NA
-1 4626.5
-1 2313.25
-1 18506
-1 37012
-1 9253
-1 2313.25
4 12376
-2 NA
1 86372
-2 NA
8 86365
-2 NA
9 86301
-2 NA
-2 NA
6 86389
-2 NA
-1 2222.66
-1 2222.66
-1 4445.31
-1 8890.62
-1 17781.2
-1 35562.5
7 15275
-2 NA
-2 NA
-2 NA
0 86368
-2 NA
-2 NA
-2 NA
-2 NA
7 71107
-1 7646.5
-1 1911.62
-1 3823.25
-1 1911.62
-2 NA
-1 6296.75
-1 12593.5
-1 25187
-1 3148.38
-1 3148.38
5 36026
-2 NA
-2 NA
-3 NA
2 86390
-2 NA
-2 NA
-2 NA
4 47182
-1 18012.5
-1 2251.56
-1 9006.25
-1 2251.56
-1 4503.12
3 3193
-2 NA
-2 NA
1 86385
-2 NA
8 86379
-2 NA
9 59139
0 27227
-2 NA
6 86370
-2 NA
5 86316
-2 NA
-2 NA
-2 NA
3 83148
-1 3252
-2 NA
-2 NA
-2 NA
-2 NA
-1 2952.56
-1 2952.56
-1 11810.2
-1 5905.12
-1 23620.5
4 39159
-2 NA
-2 NA
7 86325
-2 NA
-2 NA
-3 NA
2 76986
-2 NA
-2 NA
-2 NA
-2 NA
-2 NA
1 58676
-2 NA
8 86388
-2 NA
9 20449
0 65879
-2 NA
6 86399
-2 NA
-1 319
5 86081
-2 NA
-2 NA
-2 NA
3 86316
-2 NA
4 86390
-2 NA
-2 NA
-2 NA
-2 NA
7 86302
-2 NA
-2 NA
-2 NA
-3 NA
2 85928
-1 472
-2 NA
-2 NA
-2 NA
6 59366
-1 6758.5
-1 13517
-1 3379.25
-1 3379.25
-2 NA
-2 NA
1 85784
-1 616
-2 NA
8 85996
-1 404
-2 NA
0 86400
-2 NA
-2 NA
5 86340
-2 NA
-1 14844
-1 1855.5
-1 29688
-1 1855.5
-1 3711
-1 7422
7 27024
-2 NA
-2 NA
3 86339
-2 NA
4 86389
-2 NA
-2 NA
-2 NA
-2 NA
-2 NA
7 59370
6 27001
-2 NA
-2 NA
-3 NA
2 73480
-2 NA
-2 NA
-2 NA
5 86392
-2 NA
-2 NA
1 74078
-2 NA
8 86361
-2 NA
0 65306
9 21094
-2 NA
6 86370
-2 NA
-2 NA
-2 NA
-2 NA
3 86397
-2 NA
4 86389
-2 NA
-2 NA
-2 NA
-2 NA
7 86359
-2 NA
-2 NA
-2 NA
-3 NA
2 86325
-2 NA
-2 NA
-2 NA
-2 NA
-2 NA
-1 2171.75
-1 2171.75
-1 4343.5
1 77713
-2 NA
8 86368
-2 NA
0 80185
9 6197
-2 NA
6 86370
-2 NA
5 86390
-2 NA
-2 NA
-2 NA
3 86390
-2 NA
4 86393
-2 NA
-2 NA
-2 NA
-2 NA
-2 NA
7 86375
-2 NA
-2 NA
-3 NA
4 86400
-2 NA
-2 NA
-2 NA
6 86358
-2 NA
-2 NA
1 60337
-2 NA
8 86334
-2 NA
9 86380
-2 NA
-2 NA
5 86400
-2 NA
-2 NA
-2 NA
3 86363
-2 NA
0 86384
-2 NA
2 86299
-2 NA
-2 NA
-2 NA
-2 NA
7 86398
-2 NA
-2 NA
-3 NA
4 86399
-2 NA
-2 NA
-2 NA
6 86398
-2 NA
-2 NA
1 81174
-1 2613
-1 2613
-2 NA
8 86340
-2 NA
9 67429
2 18971
-2 NA
-2 NA
5 86386
-2 NA
-2 NA
-2 NA
3 86376
-2 NA
0 86374
-2 NA
-2 NA
-2 NA
-2 NA
-2 NA
7 86380
-2 NA
-2 NA
-3 NA
