-1 10450.6
-1 2612.66
-1 2612.66
-1 20901.2
-1 5225.31
-1 41802.5
8 2795
-2 NA
-1 3391.75
-1 3391.75
-1 13567
-1 6783.5
-1 27134
5 32132
-2 NA
-2 NA
-1 13236
-1 3309
4 33456
-1 3309
-1 6618
-1 26472
-2 NA
5 54024
-1 2023.5
-1 8094
-1 4047
-1 16188
-1 2023.5
-2 NA
-1 3785.5
-1 7571
-1 1892.75
8 56116
-1 15142
-1 1892.75
-2 NA
3 59155
1 27186
-2 NA
-2 NA
-2 NA
6 63988
-1 11206
-1 2801.5
-1 5603
-1 2801.5
-2 NA
-1 2570.84
-1 20566.8
-1 5141.69
-1 41133.5
2 4133
-1 2570.84
-1 10283.4
-2 NA
-1 1999.62
-1 31994
-1 7998.5
-1 3999.25
-1 1999.62
-1 15997
6 22412
-2 NA
-1 6936.75
-1 13873.5
-1 3468.38
-1 3468.38
0 58653
-2 NA
-2 NA
-1 6016.38
-1 24065.5
2 38269
-1 3008.19
-1 3008.19
-1 12032.8
-2 NA
-2 NA
-2 NA
-1 2156.69
-1 2156.69
-1 8626.75
-1 4313.38
-1 34507
4 17386
-1 17253.5
-2 NA
7 86400
-2 NA
-2 NA
-2 NA
9 66842
-1 9779
-1 2444.75
-1 4889.5
-1 2444.75
-2 NA
-1 2212.56
-1 35401
-1 17700.5
-1 8850.25
-1 2212.56
-1 4425.12
4 15598
-2 NA
0 27724
-1 1964.5
-1 7858
-1 15716
-1 1964.5
-1 3929
3 27244
-2 NA
-1 2088.81
-1 33421
-1 8355.25
-1 4177.62
-1 2088.81
-1 16710.5
9 19558
-2 NA
-2 NA
-2 NA
-2 NA
-2 NA
-1 37942.5
-1 2371.41
-1 2371.41
-1 9485.62
-1 4742.81
-1 18971.2
2 10515
-2 NA
-3 NA
-2 NA
-2 NA
-2 NA
-1 10746.2
-1 2686.56
-1 2686.56
4 43415
-1 5373.12
-1 21492.5
-2 NA
-1 2795.5
5 64036
-1 2795.5
-1 11182
-1 5591
-2 NA
-2 NA
3 59207
1 27150
-2 NA
8 46739
-1 2478.81
-1 9915.25
-1 4957.62
-1 19830.5
-1 2478.81
-2 NA
-2 NA
6 63958
-1 11221
-1 2805.25
-1 5610.5
-1 2805.25
-2 NA
-2 NA
-1 1998.69
-1 31979
-1 15989.5
-1 7994.75
-1 3997.38
-1 1998.69
6 22442
-2 NA
5 210
-1 13547.5
-1 3386.88
-1 3386.88
-1 6773.75
0 59095
-2 NA
-1 2923.56
-1 23388.5
-1 11694.2
-1 5847.12
-1 2923.56
8 39623
-2 NA
-2 NA
-2 NA
-2 NA
-1 17428
-1 34856
-1 4357
-1 2178.5
-1 2178.5
-1 8714
4 16688
-2 NA
7 86397
-2 NA
-1 4942.38
-1 2471.19
-1 39539
-1 19769.5
-1 2471.19
-1 9884.75
5 7322
-2 NA
-2 NA
9 66328
-1 3468.5
5 6198
-1 3468.5
-1 6937
-2 NA
-2 NA
0 27296
-1 1994.5
-1 7978
-1 15956
-1 1994.5
-1 3989
3 27192
-2 NA
-1 2072.81
-1 33165
-1 16582.5
-1 8291.25
-1 4145.62
-1 2072.81
9 20070
-2 NA
-1 6735
2 59460
-1 13470
-1 3367.5
-1 3367.5
-2 NA
-2 NA
-2 NA
-2 NA
-1 38854
-1 2428.38
-1 19427
4 8692
-1 9713.5
-1 4856.75
-1 2428.38
-2 NA
-3 NA
-1 2292.12
-1 4584.25
-1 9168.5
8 7110
-1 36674
-1 18337
5 5942
-1 2292.12
-2 NA
-1 19327.5
-1 9663.75
5 47745
-1 2415.94
-1 4831.88
-1 2415.94
-2 NA
-1 3047.56
-1 3047.56
-1 12190.2
-1 6095.12
-1 24380.5
0 37639
-2 NA
-2 NA
-2 NA
-2 NA
1 18961
-1 2408.5
-1 2408.5
8 62622
-2 NA
-2 NA
-2 NA
-2 NA
-2 NA
4 86343
-2 NA
2 86380
-2 NA
-2 NA
-2 NA
9 57456
-1 1809
-1 7236
-1 3618
-1 14472
-1 1809
-2 NA
3 71620
-1 7390
-1 1847.5
-1 3695
-1 1847.5
-2 NA
-2 NA
7 86397
-2 NA
-2 NA
-2 NA
-2 NA
0 48759
-1 2352.56
-1 9410.25
-1 4705.12
-1 18820.5
-1 2352.56
-2 NA
-2 NA
-2 NA
-1 2238.53
-1 35816.5
-1 8954.12
-1 4477.06
-1 2238.53
-1 17908.2
3 14767
-2 NA
-1 3591.44
-1 3591.44
-1 14365.8
-1 7182.88
-1 28731.5
9 28937
-2 NA
6 86362
-2 NA
-2 NA
-2 NA
-3 NA
