7 86381
-2 NA
-2 NA
6 86381
-2 NA
3 86381
-2 NA
-2 NA
2 86254
-2 NA
-2 NA
4 86397
-2 NA
-2 NA
-2 NA
-2 NA
-2 NA
-2 NA
8 86380
-2 NA
9 86391
-2 NA
1 86393
-2 NA
-2 NA
0 86389
-2 NA
5 86370
-2 NA
-2 NA
-3 NA
7 86382
-2 NA
-2 NA
6 86396
-2 NA
3 86388
-2 NA
-2 NA
2 86395
-2 NA
-2 NA
4 86328
-2 NA
-2 NA
-2 NA
-2 NA
-2 NA
-2 NA
8 86397
-2 NA
9 86399
-2 NA
1 86400
-2 NA
-2 NA
0 86400
-2 NA
5 86397
-2 NA
-2 NA
-3 NA
7 86400
-2 NA
-2 NA
6 86394
-2 NA
3 86349
-2 NA
-2 NA
2 86380
-2 NA
-2 NA
4 86379
-2 NA
-2 NA
-2 NA
-2 NA
-2 NA
-2 NA
8 86348
-2 NA
9 86398
-2 NA
1 86393
-2 NA
-2 NA
0 86400
-2 NA
5 86398
-2 NA
-2 NA
-3 NA
