7 86354
-2 NA
1 86375
-2 NA
8 86345
-2 NA
3 86386
-2 NA
2 86371
-2 NA
-2 NA
9 86362
-2 NA
0 86359
-2 NA
5 86369
-2 NA
4 74170
-2 NA
-3 NA
7 86363
-2 NA
1 86393
-2 NA
8 86399
-2 NA
3 86304
-2 NA
2 86326
-2 NA
-2 NA
9 86338
-2 NA
0 86381
-2 NA
5 82424
6 3973
-2 NA
4 85871
-1 529
-2 NA
-3 NA
6 86366
-2 NA
7 86235
-2 NA
4 86394
-2 NA
2 86328
-2 NA
8 86383
-2 NA
5 86391
-2 NA
9 86365
-2 NA
-2 NA
1 86399
-2 NA
0 86322
-2 NA
-3 NA
6 86374
-2 NA
7 86391
-2 NA
4 86109
-2 NA
2 86386
-2 NA
8 86352
-2 NA
5 86400
-2 NA
9 86375
-2 NA
-2 NA
1 86367
-2 NA
0 86370
-2 NA
-3 NA
-2 NA
-2 NA
4 14498
7 71887
-2 NA
2 86320
-2 NA
8 86359
-2 NA
5 86391
-2 NA
9 66438
6 19944
-2 NA
-2 NA
1 86383
-2 NA
0 86364
-2 NA
-3 NA
