7 86377
-2 NA
-2 NA
8 86393
-2 NA
2 86398
-2 NA
-2 NA
5 86334
-2 NA
-2 NA
-2 NA
-2 NA
-2 NA
1 86399
-2 NA
4 86364
-2 NA
0 86376
-2 NA
6 86392
-2 NA
-2 NA
-2 NA
-2 NA
3 86395
-2 NA
-2 NA
9 86296
-2 NA
-3 NA
7 86394
-2 NA
-2 NA
-2 NA
2 86385
-2 NA
-2 NA
6 66278
-1 10061
-1 2515.25
-1 5030.5
-1 2515.25
-2 NA
-1 2071.41
-1 2071.41
-1 4142.81
-1 8285.62
-1 16571.2
-1 33142.5
6 20115
-2 NA
-1 2217.09
-1 2217.09
-1 4434.19
-1 8868.38
-1 17736.8
-1 35473.5
8 15453
-2 NA
-2 NA
5 48437
-1 2372.69
-1 9490.75
-1 4745.38
-1 18981.5
-1 2372.69
-2 NA
1 86395
-2 NA
4 86395
-2 NA
0 86370
-2 NA
-2 NA
8 70939
-1 7730.5
-1 1932.62
-1 3865.25
-1 1932.62
-2 NA
-2 NA
-1 3028.06
-1 3028.06
-1 6056.12
-1 12112.2
-1 24224.5
5 37951
-2 NA
3 86347
-2 NA
-2 NA
9 86355
-2 NA
-3 NA
7 86397
-2 NA
-2 NA
-2 NA
2 86398
-2 NA
-2 NA
5 86327
-2 NA
-2 NA
-1 2192.19
-1 35075
-1 4384.38
-1 17537.5
-1 2192.19
-1 8768.75
8 16250
-2 NA
-2 NA
-2 NA
-1 1825
1 84575
-2 NA
4 86361
-2 NA
0 86397
-2 NA
6 86388
-2 NA
8 70103
-1 8148.5
-1 2037.12
-1 4074.25
-1 2037.12
-2 NA
-2 NA
-2 NA
3 86384
-2 NA
-2 NA
9 86297
-2 NA
-3 NA
7 86383
-2 NA
-2 NA
8 86343
-2 NA
2 86398
-2 NA
-2 NA
5 86341
-2 NA
-2 NA
-2 NA
-2 NA
-2 NA
1 85496
-2 NA
4 86318
-2 NA
0 86327
-2 NA
6 86343
-2 NA
-2 NA
-2 NA
-2 NA
3 83627
-2 NA
-2 NA
9 86394
-2 NA
-3 NA
7 86396
-2 NA
-2 NA
-2 NA
2 86388
-2 NA
-2 NA
6 65572
-1 10414
-1 2603.5
-1 5207
-1 2603.5
-2 NA
-1 2049.12
-1 2049.12
-1 4098.25
-1 8196.5
-1 16393
-1 32786
6 20828
-2 NA
-1 2168.12
-1 2168.12
-1 4336.25
-1 8672.5
-1 17345
-1 34690
8 17020
-2 NA
-2 NA
5 48897
-1 2343.94
-1 9375.75
-1 4687.88
-1 18751.5
-1 2343.94
-2 NA
1 86380
-2 NA
4 86367
-2 NA
0 86369
-2 NA
-2 NA
8 69341
-1 8529.5
-1 2132.38
-1 4264.75
-1 2132.38
-2 NA
-2 NA
-1 3057.56
-1 3057.56
-1 6115.12
-1 12230.2
-1 24460.5
5 37479
-2 NA
-1 2623.44
-1 10493.8
-1 20987.5
-1 5246.88
-1 2623.44
3 44425
-2 NA
-2 NA
9 86354
-2 NA
-3 NA
7 86382
-2 NA
-2 NA
8 86365
-2 NA
2 86381
-2 NA
-2 NA
5 86394
-2 NA
-2 NA
-2 NA
-2 NA
-2 NA
1 86384
-2 NA
4 86386
-2 NA
0 86381
-2 NA
6 86373
-2 NA
-2 NA
-2 NA
-2 NA
3 41736
-2 NA
-2 NA
9 86351
-2 NA
-3 NA
7 86373
-2 NA
-2 NA
-2 NA
6 86383
-2 NA
-2 NA
-2 NA
-1 1939.03
-1 1939.03
-1 3878.06
-1 7756.12
-1 15512.2
-1 31024.5
9 24351
-2 NA
-1 2029.56
-1 2029.56
-1 4059.12
-1 8118.25
-1 16236.5
-1 32473
8 21454
-2 NA
9 62044
-1 12178
-1 3044.5
-1 6089
-1 3044.5
-2 NA
5 60901
-1 12749.5
-1 3187.38
-1 6374.75
-1 3187.38
-2 NA
1 86396
-2 NA
4 86284
-2 NA
0 86385
-2 NA
-2 NA
8 64939
-1 10730.5
-1 2682.62
-1 5365.25
-1 2682.62
-2 NA
-2 NA
-1 1903.44
-1 1903.44
-1 3806.88
-1 7613.75
-1 15227.5
-1 30455
5 25490
-2 NA
-1 1408
3 84992
-2 NA
-2 NA
2 86382
-2 NA
-3 NA
7 86400
-2 NA
-2 NA
8 61161
-1 12619.5
-1 3154.88
-1 3154.88
-1 6309.75
-2 NA
2 86374
-2 NA
-2 NA
5 86366
-2 NA
-2 NA
-2 NA
-2 NA
-2 NA
1 86396
-2 NA
4 86295
-2 NA
0 86378
-2 NA
6 86389
-2 NA
-2 NA
-1 1911.31
-1 30581
-1 7645.25
-1 3822.62
-1 1911.31
-1 15290.5
8 25238
-2 NA
-2 NA
3 45684
-1 2544.75
-1 10179
-1 20358
-1 2544.75
-1 5089.5
-2 NA
-2 NA
9 86382
-2 NA
-3 NA
7 86397
-2 NA
-2 NA
-2 NA
-1 2498.25
-1 2498.25
-1 4996.5
-1 9993
-1 19986
6 46428
-2 NA
-2 NA
5 86353
-2 NA
6 39856
-1 2749.38
-1 10997.5
-1 2749.38
-1 5498.75
9 24549
-2 NA
-1 4226.5
-1 8453
-1 16906
-1 33812
-1 2113.25
-1 2113.25
8 18776
-2 NA
9 61842
-1 12279
-1 3069.75
-1 6139.5
-1 3069.75
-2 NA
-2 NA
1 86376
-2 NA
4 86365
-2 NA
0 86389
-2 NA
-2 NA
8 67559
-1 9420.5
-1 2355.12
-1 4710.25
-1 2355.12
-2 NA
-2 NA
-2 NA
3 86298
-2 NA
-2 NA
2 86380
-2 NA
-3 NA
7 86400
-2 NA
-2 NA
8 86370
-2 NA
-2 NA
-2 NA
5 86330
-2 NA
-1 2201.34
-1 35221.5
-1 4402.69
-1 17610.8
-1 2201.34
-1 8805.38
2 15957
-2 NA
-2 NA
-2 NA
-2 NA
1 86398
-2 NA
4 86368
-2 NA
0 86256
-2 NA
6 86388
-2 NA
-2 NA
-2 NA
-2 NA
3 86344
-2 NA
2 70441
-1 7979.5
-1 1994.88
-1 3989.75
-1 1994.88
-2 NA
9 86379
-2 NA
-3 NA
7 86353
-2 NA
-2 NA
8 86379
-2 NA
2 86400
-2 NA
-2 NA
5 86365
-2 NA
-2 NA
-2 NA
-2 NA
-2 NA
1 86338
-2 NA
4 86377
-2 NA
0 86397
-2 NA
6 86369
-2 NA
-2 NA
-2 NA
-2 NA
3 79363
-1 3518.5
-1 3518.5
-2 NA
-2 NA
9 86310
-2 NA
-3 NA
