-1 2152.38
-1 2152.38
-1 4304.75
-1 8609.5
-1 17219
-1 34438
9 17524
-2 NA
0 86381
-2 NA
-2 NA
8 86376
-2 NA
-2 NA
-2 NA
7 86355
-2 NA
4 86336
-2 NA
-2 NA
2 86397
-2 NA
-2 NA
-2 NA
-2 NA
-2 NA
-1 4405.25
-1 2202.62
-1 17621
-1 35242
-1 8810.5
-1 2202.62
6 15916
-2 NA
1 86383
-2 NA
-2 NA
-2 NA
3 86380
-2 NA
5 86381
-2 NA
-3 NA
-2 NA
0 86395
-2 NA
-2 NA
8 86400
-2 NA
-2 NA
-2 NA
7 86400
-2 NA
4 86350
-2 NA
-2 NA
2 86319
-2 NA
-2 NA
-2 NA
-1 20299
-1 2537.38
-1 40598
-1 2537.38
-1 5074.75
-1 10149.5
9 5204
-2 NA
-2 NA
6 81717
-2 NA
1 86400
-2 NA
-2 NA
-2 NA
3 86387
-2 NA
5 86398
-2 NA
-3 NA
-2 NA
0 86396
-2 NA
-2 NA
8 86400
-2 NA
-2 NA
-2 NA
7 74617
4 11780
-2 NA
-2 NA
-2 NA
2 86294
-2 NA
-2 NA
-2 NA
9 14355
-1 18011.2
-1 2251.41
-1 36022.5
-1 2251.41
-1 4502.81
-1 9005.62
-2 NA
-2 NA
6 86383
-2 NA
1 86398
-2 NA
4 74599
-1 2950.25
-1 2950.25
-1 5900.5
-2 NA
-2 NA
3 86387
-2 NA
5 86394
-2 NA
-3 NA
