660 42 3 100
660 42 8 150
660 42 33 99
660 42 42 150
660 42 47 100
692 40 4 100
692 40 8 100
692 40 42 100
692 20 3 100
692 20 11 16
692 20 33 150
692 20 49 20
692 43 33 100
692 48 5 150
692 48 8 99
692 48 15 150
692 48 36 99
692 48 42 150
692 48 43 14
692 6 33 150
692 6 36 100
692 6 41 150
692 6 42 99
692 7 0 100
692 7 3 150
692 7 4 100
692 7 45 100
692 21 0 100
692 21 8 150
692 21 11 2
692 19 4 148
692 19 5 100
692 19 8 150
692 19 9 99
692 19 14 150
692 19 15 100
692 19 28 100
692 19 42 150
692 19 45 99
692 37 28 150
692 37 33 100
692 37 36 148
692 37 38 150
692 37 42 100
692 37 46 100
692 38 0 100
692 38 15 148
692 38 38 100
692 25 14 148
692 25 33 150
692 25 45 150
692 26 0 100
692 26 3 96
692 1 0 100
692 1 28 150
692 1 38 150
692 1 47 42
692 45 9 150
692 45 14 150
692 45 33 148
692 45 36 100
692 45 45 100
692 10 9 150
692 10 36 148
693 5 3 2
693 5 15 148
693 5 41 74
693 20 33 150
693 47 4 148
693 47 8 100
693 47 9 150
693 47 36 99
693 1 0 100
693 1 28 150
693 1 38 132
693 7 18 120
693 2 4 99
693 2 8 150
693 2 15 100
693 2 45 99
693 2 46 150
693 15 28 150
693 15 36 100
693 39 5 100
693 39 33 100
693 39 36 150
693 22 14 100
693 22 46 100
693 41 4 100
693 41 14 99
693 41 28 99
693 41 45 148
693 44 5 100
693 44 8 148
693 44 9 100
693 44 14 99
693 44 33 100
693 44 46 150
693 11 8 150
693 11 33 148
693 11 42 100
693 11 46 150
693 34 28 100
693 34 36 99
693 6 33 150
693 6 36 100
693 6 41 1
693 4 36 150
693 4 46 150
694 40 4 100
694 40 8 100
694 40 42 100
694 10 9 150
694 10 36 148
694 10 47 12
694 45 14 150
694 45 33 148
694 45 36 100
694 45 45 100
694 13 4 100
694 13 8 150
694 13 14 150
694 13 36 100
694 13 46 99
694 7 3 7
694 7 45 100
694 21 8 150
694 21 15 148
694 21 18 1
694 12 28 100
694 12 36 99
694 35 5 150
694 35 42 100
694 35 47 2
694 18 4 100
694 18 9 99
694 18 33 99
694 18 36 120
694 0 14 100
694 0 42 150
694 39 5 100
694 39 33 80
694 20 33 2
694 42 42 150
694 34 28 100
694 4 46 150
695 4 46 150
695 19 4 148
695 19 5 100
695 19 8 150
695 19 9 99
695 19 14 150
695 19 15 100
695 19 28 100
695 19 42 150
695 19 45 99
695 15 28 150
695 34 28 100
695 2 4 99
695 2 8 150
695 2 15 100
695 2 45 99
695 2 46 150
695 49 45 100
695 49 46 150
695 41 4 100
695 41 14 99
695 41 28 99
695 41 45 148
695 27 5 99
695 27 9 100
695 27 14 150
695 27 28 100
695 27 42 100
695 29 14 150
695 6 33 1
695 1 28 150
695 46 4 150
695 46 5 99
695 12 9 99
695 12 28 100
695 38 15 148
695 26 46 99
696 40 4 100
696 40 8 100
696 40 42 100
696 4 46 150
696 34 28 100
696 6 42 99
696 45 0 66
696 45 14 150
696 45 45 100
696 15 28 150
696 2 4 99
696 2 8 150
696 2 15 100
696 2 45 99
696 2 46 150
696 27 5 99
696 27 9 100
696 27 14 150
696 27 28 100
696 27 42 100
696 20 3 6
696 35 5 150
696 35 42 100
696 37 28 150
696 37 42 100
696 37 46 57
696 7 45 100
696 0 9 99
696 0 14 100
696 0 42 150
696 48 5 150
696 48 8 99
696 48 15 150
696 48 42 150
696 48 45 150
696 46 4 150
696 46 5 99
696 9 8 99
696 9 28 100
697 17 4 150
697 17 15 150
697 17 42 150
697 17 45 148
697 27 5 99
697 27 9 100
697 27 14 150
697 27 28 100
697 27 42 100
697 27 47 12
697 4 46 26
697 0 14 92
697 22 14 3
697 13 4 100
697 13 8 150
697 19 4 148
697 19 5 25
697 19 9 99
697 19 15 100
697 19 28 100
697 19 42 150
697 19 45 99
697 2 4 99
697 2 8 79
697 2 45 99
697 42 42 150
697 42 47 1
697 18 4 100
697 18 9 99
697 35 42 100
698 44 5 88
698 44 14 18
698 13 8 1
698 27 28 100
698 27 38 76
698 24 4 148
698 24 5 2
698 24 28 100
698 24 45 100
698 20 28 148
698 16 15 150
698 16 28 148
698 7 4 100
698 7 45 100
698 23 4 150
698 23 9 100
698 23 45 150
698 42 42 150
698 48 15 150
698 48 42 150
698 48 45 150
698 49 45 100
698 15 28 150
698 5 15 144
699 41 4 100
699 41 14 18
699 41 45 148
699 27 9 100
699 27 14 2
699 27 42 100
699 29 36 96
699 2 8 65
699 16 28 148
699 24 4 148
699 24 28 100
699 24 45 100
699 30 42 100
699 40 4 100
699 40 42 100
699 6 36 2
699 7 4 100
699 7 45 100
699 25 45 150
699 17 4 150
699 17 42 150
699 17 45 148
700 30 42 31
700 14 8 63
700 7 4 100
700 7 45 100
700 20 28 148
700 45 9 150
700 45 45 100
700 34 28 100
700 40 4 100
700 40 8 2
700 17 4 150
700 17 15 2
701 18 4 100
701 18 9 99
701 2 4 99
701 2 8 65
701 2 46 26
701 41 14 18
701 41 45 148
701 3 4 99
701 28 28 150
701 0 9 99
701 9 28 100
701 25 45 150
701 48 45 150
701 7 4 100
701 7 45 100
702 40 4 100
702 4 36 98
702 47 9 150
702 9 28 100
702 19 4 148
702 19 9 99
702 19 14 22
702 19 45 99
702 32 49 10
702 25 45 150
702 36 4 150
702 36 45 148
702 16 28 148
702 41 4 100
702 41 28 99
702 41 45 148
703 12 9 99
703 12 28 100
703 9 8 63
703 4 46 26
703 49 45 100
703 40 4 100
703 40 8 2
703 0 9 99
703 0 14 20
703 45 9 150
703 45 45 100
703 48 15 38
704 9 28 100
704 12 9 99
704 12 28 100
704 2 4 99
704 2 15 38
704 2 46 26
704 0 14 20
704 45 45 100
704 34 28 100
704 48 45 150
704 15 28 150
704 19 4 148
704 19 9 99
704 19 28 100
704 19 45 99
704 47 4 148
704 47 9 150
704 36 4 150
704 36 45 148
704 1 28 150
704 46 3 4
705 22 14 20
705 36 45 148
705 26 3 3
705 12 28 100
705 34 28 100
705 45 9 150
705 45 45 100
705 49 45 100
705 7 45 100
705 42 8 2
706 4 46 26
706 7 3 7
706 1 28 150
706 2 45 99
706 24 28 100
706 24 45 100
706 48 45 150
706 44 9 100
706 45 9 150
706 45 45 100
706 41 28 99
706 41 45 148
707 23 4 68
707 23 45 150
707 44 9 100
707 44 14 18
707 10 9 150
707 31 3 4
707 41 45 148
707 18 9 99
707 5 3 3
708 22 14 22
708 16 15 2
708 42 3 4
708 0 38 75
708 47 4 68
708 46 38 1
708 24 45 100
708 5 3 3
709 2 4 66
709 4 36 98
709 42 3 4
709 37 28 150
709 10 9 150
709 40 4 2
709 0 14 20
709 24 28 100
709 24 45 100
710 47 4 68
710 2 8 1
710 2 46 26
710 23 9 100
710 23 45 150
710 12 9 99
710 12 28 100
710 45 9 150
710 45 45 100
710 16 28 148
710 19 9 99
710 19 28 100
710 19 42 132
710 41 28 99
710 41 45 148
711 9 28 100
711 43 33 100
711 20 3 2
711 20 33 150
711 17 4 66
711 17 45 148
711 34 28 100
711 42 33 24
711 41 45 148
711 19 9 99
711 19 14 2
711 19 45 99
711 12 9 99
711 12 28 100
711 10 9 150
711 18 9 99
711 45 9 150
711 45 45 100
712 37 28 150
712 37 33 1
712 10 9 150
712 13 4 68
712 20 28 148
712 18 9 99
712 27 9 100
712 27 28 100
712 17 45 148
713 18 4 68
713 29 14 20
713 1 28 150
713 44 9 100
713 27 9 100
713 27 28 100
713 37 28 150
713 19 9 99
713 19 28 100
713 19 45 99
713 24 28 100
713 24 45 100
713 23 9 100
713 23 45 150
714 28 3 6
714 26 46 24
714 24 5 90
714 24 45 56
714 37 46 2
714 27 28 100
714 5 3 1
714 12 28 100
714 16 15 2
715 22 14 20
715 48 42 132
715 44 33 100
715 28 28 150
715 24 4 68
715 24 33 150
715 18 9 99
715 18 33 99
715 12 9 99
715 12 28 100
715 16 28 148
715 36 33 24
715 19 9 99
715 19 28 100
716 4 36 98
716 27 14 20
716 27 33 2
716 18 4 68
716 41 28 99
716 13 8 65
716 34 28 100
716 15 28 150
717 38 0 64
717 36 36 96
717 44 9 100
717 44 33 100
717 16 28 148
717 39 33 100
717 39 47 12
717 42 47 1
718 45 9 150
718 45 14 20
718 44 9 100
718 44 46 2
718 0 9 99
718 0 42 32
718 28 28 150
718 9 28 100
718 41 28 99
718 27 9 100
718 27 28 100
719 45 0 66
719 45 14 20
719 23 9 100
719 44 9 100
719 2 8 2
719 20 28 148
719 41 28 99
720 10 9 150
720 3 4 66
720 27 14 20
720 21 8 63
720 0 9 99
720 48 15 2
720 17 45 148
721 16 5 90
721 18 9 99
721 18 47 13
721 1 28 150
721 45 9 150
721 45 45 100
721 37 28 150
721 37 46 26
721 7 3 1
722 44 14 18
722 9 0 64
722 21 0 2
722 13 14 2
722 18 9 99
722 12 9 99
722 12 28 100
723 11 8 64
723 16 14 20
723 23 9 100
723 23 45 150
723 7 45 100
723 18 9 99
723 27 9 100
723 27 28 100
723 13 8 1
723 20 28 148
724 16 5 90
724 19 8 63
724 19 28 100
724 19 45 99
724 17 45 148
724 23 9 100
724 23 45 150
724 10 9 150
724 9 28 100
724 42 8 2
725 27 9 100
725 27 14 20
725 13 4 68
725 45 45 52
725 47 9 150
725 21 15 36
725 10 9 150
725 9 28 100
726 29 14 20
726 26 46 24
726 27 9 100
726 27 28 100
726 27 38 76
726 45 9 150
726 37 28 150
726 37 46 2
727 43 8 64
727 18 47 13
727 5 3 1
727 6 36 2
727 45 14 20
727 24 28 100
727 27 9 100
727 27 28 100
727 28 28 150
728 26 3 6
728 12 9 99
728 12 28 100
728 31 15 36
728 13 8 1
728 45 45 100
728 49 45 100
728 0 9 99
729 38 15 40
729 27 9 100
729 27 28 100
729 49 45 4
729 16 28 148
729 10 9 150
729 45 9 150
729 18 9 99
730 41 4 68
730 15 28 150
730 15 36 98
730 25 33 150
730 13 14 2
730 37 28 150
730 37 33 100
730 11 33 24
731 27 9 100
731 27 14 20
731 27 42 100
731 31 15 36
731 17 42 150
731 6 42 99
731 19 9 99
731 19 28 100
731 19 42 87
731 24 28 100
731 15 28 150
731 26 46 24
732 30 42 2
732 24 4 68
732 24 45 100
732 12 9 99
732 12 28 100
732 17 15 2
732 18 9 99
732 41 28 99
732 41 45 148
732 20 3 6
732 1 28 150
732 25 45 104
733 44 14 18
733 22 14 2
733 18 9 99
733 41 28 99
733 34 28 100
733 39 36 2
733 10 9 150
734 0 9 99
734 0 14 20
734 47 4 68
734 47 36 96
734 2 8 1
734 10 9 150
734 16 28 148
734 12 9 99
734 12 28 100
734 18 9 99
734 9 28 100
734 19 9 99
734 19 28 100
735 19 4 68
735 19 14 20
735 19 42 132
735 0 9 99
735 10 9 150
735 45 9 150
736 5 15 36
736 35 42 100
736 37 28 150
736 37 33 100
736 37 42 32
736 0 14 20
736 36 33 24
736 43 33 3
737 23 45 1
737 0 14 20
737 19 28 100
737 41 28 99
737 45 9 150
737 9 28 1
738 17 45 148
738 36 45 148
738 47 9 150
738 27 9 100
739 6 36 98
739 45 9 150
739 45 14 20
739 23 45 2
740 25 14 20
740 23 47 12
740 44 46 26
741 22 14 20
741 12 9 99
741 10 9 150
741 44 9 100
741 0 9 99
742 28 3 6
742 26 46 24
743 21 15 36
743 45 9 150
743 45 14 20
744 44 5 88
744 44 14 18
744 22 14 2
744 2 8 1
745 19 14 20
746 3 4 66
746 44 9 100
746 44 46 26
746 26 3 6
747 23 47 12
747 41 14 18
747 25 33 150
747 27 9 100
747 27 33 124
748 37 33 1
749 40 4 68
749 38 15 36
749 18 47 1
749 44 46 2
750 37 46 26
750 19 9 99
750 19 14 20
751 45 9 150
751 45 14 20
751 46 3 4
751 23 9 100
751 22 46 26
752 14 4 68
752 26 3 9
753 42 8 64
753 45 14 20
753 19 28 2
754 47 4 68
754 12 9 99
754 17 42 30
755 24 4 68
755 20 33 74
755 27 9 100
755 27 42 2
756 44 14 18
756 27 14 2
757 47 4 68
757 11 8 2
757 20 28 76
757 45 45 100
757 34 28 2
757 19 45 99
757 23 9 100
757 23 45 3
758 45 14 20
758 0 9 99
758 10 9 150
759 2 46 26
759 27 5 90
759 12 9 99
759 31 3 4
759 18 9 99
759 45 9 150
760 34 28 78
760 44 14 18
760 45 14 2
760 12 9 99
760 48 5 2
761 31 3 4
761 37 46 26
761 27 42 32
761 28 3 3
762 11 46 24
762 44 46 2
762 7 3 7
763 28 3 6
763 5 3 1
763 36 4 2
763 23 9 100
764 25 14 20
764 17 4 66
764 44 9 100
764 12 9 99
764 40 4 2
765 20 3 6
765 5 3 1
765 19 9 99
765 19 14 2
766 14 4 68
766 18 9 99
766 23 9 100
766 36 0 2
767 26 3 6
767 27 9 100
767 10 9 150
768 44 9 100
768 44 14 18
768 47 9 150
768 19 9 99
769 20 3 8
769 44 14 18
769 19 14 2
769 10 9 150
769 23 9 100
769 47 9 150
770 13 4 68
770 14 15 36
771 44 9 100
771 44 46 2
771 42 8 6
771 27 9 100
771 2 8 1
772 23 8 64
772 23 18 100
772 36 14 20
773 29 14 20
773 44 9 100
773 44 46 26
774 42 8 66
774 23 9 100
774 23 45 150
774 25 14 20
774 10 9 150
774 44 9 100
775 42 8 64
775 44 14 18
776 44 8 64
776 44 14 18
776 18 47 1
776 36 45 148
776 40 8 2
776 23 45 150
776 7 45 100
777 0 9 99
777 0 14 20
777 28 3 6
777 27 5 90
777 12 9 99
778 46 4 68
778 23 8 64
778 23 45 150
778 17 15 38
778 37 28 78
778 18 9 99
778 19 9 99
778 19 45 99
778 45 9 150
778 45 45 100
778 10 9 150
779 16 14 20
779 25 45 150
779 43 33 100
779 48 45 150
779 13 4 68
779 6 33 2
780 5 3 7
780 12 28 78
780 2 46 26
780 24 14 20
780 33 0 66
782 45 9 72
784 37 46 26
793 0 14 20
794 35 42 32
795 49 45 100
795 31 15 36
796 25 14 20
796 27 9 24
798 39 36 2
798 44 46 2
799 31 3 4
799 23 45 1
800 16 5 90
806 10 9 96
809 37 46 28
817 11 42 32
824 13 8 1
824 17 45 148
825 18 4 68
827 48 5 2
828 24 14 20
828 48 45 150
828 46 4 2
828 47 9 72
829 24 4 68
829 12 9 96
829 2 8 1
829 7 45 2
832 24 28 76
832 22 46 26
832 2 8 2
833 22 14 20
837 39 33 100
837 5 15 36
837 35 42 100
837 25 33 24
846 40 8 66
846 25 45 150
846 24 45 100
846 10 9 72
855 20 33 150
855 24 14 20
