2 41 7 99
2 21 40 100
2 14 27 148
3 46 27 100
3 36 40 150
3 14 7 100
3 14 27 148
3 49 7 99
3 49 27 100
4 18 27 100
4 43 40 99
4 31 27 100
4 14 7 100
4 14 27 148
4 14 40 100
5 46 27 100
5 44 40 150
5 7 27 148
6 4 7 150
6 4 27 150
6 21 40 100
6 24 27 148
6 41 7 99
6 14 7 100
7 20 40 99
7 33 27 100
7 33 40 99
7 8 27 150
7 6 7 100
7 18 27 100
8 39 7 100
8 8 27 150
8 41 7 99
8 49 27 100
8 22 40 150
9 31 27 100
9 30 40 150
9 8 27 150
9 41 7 99
9 46 27 100
10 36 39 100
10 36 40 150
10 18 27 100
10 31 27 100
10 29 7 99
10 46 27 100
11 12 40 148
11 33 27 100
11 8 27 150
12 31 27 100
12 32 40 100
12 45 27 148
12 6 7 100
12 43 40 99
12 41 7 99
12 49 7 99
13 37 40 100
13 49 27 100
13 46 27 100
13 14 27 148
14 12 40 148
14 18 27 100
14 31 27 100
14 39 7 100
15 8 27 150
15 18 27 100
15 14 7 100
15 14 27 148
16 39 7 100
16 29 7 99
16 32 40 100
16 31 27 100
16 45 27 148
16 20 40 99
17 24 27 148
17 17 40 148
17 33 27 100
17 4 7 150
17 49 27 100
18 48 7 150
18 17 40 148
18 31 27 100
18 33 27 100
18 46 27 100
19 12 40 148
19 6 7 100
19 49 7 99
19 49 27 100
19 7 27 148
19 36 39 100
20 22 40 150
20 33 27 100
20 46 27 100
20 14 27 148
21 13 7 150
21 44 40 150
21 49 27 100
21 18 27 100
22 7 27 148
22 24 27 148
22 20 40 99
22 31 27 100
22 33 40 99
22 6 7 100
22 39 7 100
23 22 40 150
23 6 7 100
23 24 27 148
23 18 27 100
24 8 27 150
24 39 7 100
24 18 27 100
24 30 40 150
25 8 27 150
25 11 24 100
25 43 40 99
25 33 27 100
25 33 40 99
25 4 7 150
25 14 7 100
26 46 27 100
26 7 27 148
26 36 40 150
26 33 27 100
26 13 7 150
27 22 40 150
27 31 27 100
27 13 7 150
27 24 27 148
27 18 27 100
28 3 23 100
28 0 40 148
28 14 27 148
29 44 40 150
29 48 7 150
29 7 27 148
29 49 27 100
29 33 27 100
29 22 39 100
30 41 7 99
30 12 40 148
30 4 27 150
31 30 40 150
31 14 7 100
31 14 27 148
31 8 27 150
31 49 7 99
31 49 27 100
31 7 27 148
32 39 7 100
32 31 27 100
32 33 27 100
32 33 40 99
32 18 27 100
32 49 7 99
33 37 40 100
33 20 40 99
33 4 7 150
34 22 40 150
34 14 7 100
34 14 27 148
34 4 27 150
35 30 40 150
35 8 27 150
35 41 7 99
36 22 40 150
36 6 7 100
36 14 7 100
36 14 27 148
36 39 7 100
36 45 27 148
36 18 27 100
37 45 27 148
37 14 7 100
37 14 27 148
37 14 40 100
37 27 39 100
38 24 27 148
38 37 40 100
38 49 7 99
38 49 27 100
38 20 40 99
38 14 7 100
39 21 40 100
39 4 7 150
39 4 27 150
39 0 40 148
39 24 27 148
40 33 27 100
40 33 40 99
40 41 7 99
40 18 27 100
40 7 27 148
41 20 40 99
41 48 7 150
41 14 27 148
41 14 40 100
41 7 27 148
42 13 7 150
42 22 40 150
42 4 27 150
42 7 27 148
43 7 27 148
43 20 40 99
43 39 7 100
43 45 27 148
44 18 27 100
44 48 7 150
44 20 40 99
44 13 7 150
44 31 27 100
45 39 7 100
45 21 40 100
45 8 27 150
45 18 27 100
45 33 27 100
45 33 40 99
46 44 40 150
46 8 27 150
46 45 27 148
47 20 40 99
47 31 27 100
47 14 7 100
47 14 27 148
47 14 40 100
47 41 7 99
47 33 27 100
48 49 27 100
48 8 27 150
48 37 40 100
48 43 40 99
49 41 7 99
49 31 27 100
49 30 40 150
49 33 27 100
50 6 7 100
50 0 40 148
50 41 7 99
51 36 40 150
51 24 27 148
51 45 27 148
51 6 7 100
51 31 27 100
51 8 27 150
51 33 27 100
52 37 40 100
52 33 27 100
52 48 7 150
52 8 27 150
53 6 7 100
53 41 7 99
53 45 27 148
53 7 27 148
54 7 27 148
54 48 23 100
54 20 40 99
54 32 40 100
54 4 27 150
55 33 27 100
55 33 40 99
55 24 27 148
55 13 7 150
55 49 27 100
56 49 7 99
56 49 27 100
56 8 27 150
56 32 40 100
56 20 40 99
57 41 7 99
57 29 7 99
57 0 40 148
57 7 27 148
57 4 27 150
58 41 7 99
58 37 40 100
58 33 27 100
58 33 40 99
58 14 7 100
58 14 27 148
58 49 27 100
59 22 40 150
59 7 27 148
59 39 7 100
59 45 27 148
60 22 40 150
60 6 7 100
60 14 7 100
60 14 27 148
60 4 27 150
61 4 7 150
61 4 27 150
61 24 27 148
61 17 40 148
62 43 40 99
62 20 40 99
62 14 7 100
62 14 27 148
62 24 27 148
63 31 27 100
63 20 40 99
63 4 27 150
64 44 40 150
64 13 7 150
64 49 7 99
64 49 27 100
64 8 27 150
65 21 40 100
65 24 27 148
65 48 7 150
65 7 27 148
65 33 27 100
65 33 40 99
66 33 27 100
66 33 40 99
66 48 7 150
66 31 27 100
67 8 27 150
67 32 40 100
67 21 40 100
68 0 40 148
68 13 7 150
68 49 27 100
68 45 27 148
68 31 27 100
69 8 27 150
69 24 27 148
69 41 7 99
69 21 40 100
70 41 7 99
70 31 27 100
70 18 27 100
70 30 40 150
70 14 7 100
70 14 27 148
70 14 40 100
71 43 40 99
71 13 7 150
71 8 27 150
71 18 27 100
71 4 27 150
72 8 27 150
72 22 40 150
72 31 27 100
72 49 7 99
72 14 7 100
73 31 27 100
73 6 7 100
73 43 40 99
73 37 40 100
73 18 27 100
74 29 23 100
74 17 40 148
74 14 27 148
74 8 27 150
75 24 27 148
75 21 40 100
75 33 27 100
75 39 7 100
75 31 27 100
75 41 7 99
76 49 7 99
76 49 27 100
76 30 40 150
76 31 27 100
76 18 27 100
77 20 40 99
77 12 40 148
77 31 27 100
77 6 7 100
77 8 27 150
77 14 7 100
77 14 27 148
78 33 27 100
78 33 40 99
78 48 7 150
78 24 27 148
79 36 40 150
79 14 7 100
79 14 27 148
80 13 7 150
80 33 27 100
80 33 40 99
80 7 27 148
80 20 40 99
80 8 27 150
81 24 27 148
81 43 40 99
81 7 27 148
81 48 7 150
81 29 7 99
82 20 40 99
82 49 7 99
82 49 27 100
82 18 27 100
82 14 27 148
82 14 40 100
83 21 40 100
83 45 27 148
83 18 27 100
84 32 40 100
84 24 27 148
84 17 40 148
84 45 27 148
85 7 27 148
85 31 27 100
85 37 40 100
85 6 7 100
86 20 40 99
86 49 7 99
86 49 27 100
86 45 27 148
86 4 7 150
86 4 27 150
87 18 27 100
87 39 7 100
87 37 40 100
87 30 40 150
87 8 27 150
88 44 40 150
88 48 7 150
88 33 27 100
88 4 27 150
89 43 40 99
89 33 27 100
89 48 7 150
89 24 27 148
90 20 40 99
90 8 27 150
90 21 40 100
90 6 7 100
90 41 7 99
91 13 7 150
91 24 27 148
91 31 27 100
91 12 40 148
91 18 27 100
92 14 7 100
92 14 27 148
92 14 40 100
92 4 27 150
92 33 27 100
92 33 40 99
92 8 27 150
92 6 7 100
93 24 27 148
93 39 7 100
93 14 27 148
93 14 40 100
94 13 7 150
94 24 27 148
94 36 40 150
94 31 27 100
95 24 27 148
95 8 27 150
95 20 40 99
95 39 7 100
95 14 7 100
95 14 40 100
96 18 27 100
96 13 7 150
96 7 27 148
96 20 40 99
97 43 40 99
97 49 27 100
97 4 27 150
97 31 27 100
98 37 40 100
98 48 7 150
98 49 27 100
98 7 27 148
98 0 40 148
99 17 40 148
99 39 7 100
99 31 27 100
99 45 27 148
99 49 27 100
100 21 40 100
100 33 27 100
100 33 40 99
100 45 27 148
100 6 7 100
100 39 7 100
101 21 40 100
101 6 7 100
101 41 7 99
102 36 40 150
102 39 7 100
102 8 27 150
102 8 34 99
102 31 27 100
102 49 27 100
103 32 40 100
103 8 27 150
103 18 27 100
103 13 7 150
104 4 7 150
104 4 27 150
104 20 40 99
104 12 40 148
104 49 27 100
105 37 40 100
105 14 7 100
105 14 27 148
105 49 7 99
105 49 27 100
106 45 27 148
106 36 40 150
106 49 7 99
106 49 27 100
106 14 27 148
106 14 40 100
107 37 40 100
107 31 27 100
107 6 7 100
107 33 27 100
108 18 27 100
108 13 7 150
108 4 7 150
108 4 27 150
108 37 40 100
108 43 40 99
108 8 27 150
109 8 27 150
109 48 7 150
109 7 27 148
109 22 40 150
110 7 27 148
110 49 7 99
110 49 27 100
110 36 40 150
111 32 23 100
111 32 40 100
111 18 27 100
111 7 27 148
111 49 27 100
112 14 7 100
112 14 27 148
112 14 40 100
112 29 7 99
112 20 40 99
112 24 27 148
113 44 40 150
113 18 27 100
113 14 7 100
113 14 27 148
114 13 7 150
114 7 27 148
114 18 27 100
114 44 40 150
114 33 27 100
115 44 40 150
115 29 7 99
115 39 7 100
115 45 27 148
115 14 27 148
116 13 7 150
116 37 40 100
116 49 27 100
116 24 27 148
116 33 40 99
117 21 40 100
117 18 27 100
117 41 7 99
117 14 7 100
117 14 27 148
117 31 27 100
118 39 7 100
118 45 27 148
118 37 40 100
118 18 27 100
118 43 40 99
119 31 27 100
119 22 40 150
119 45 27 148
119 48 7 150
120 20 40 99
120 8 27 150
120 24 27 148
120 4 7 150
121 49 7 99
121 49 27 100
121 22 40 150
121 31 27 100
121 24 27 148
121 29 7 99
122 30 40 150
122 6 7 100
122 33 27 100
122 33 40 99
122 14 27 148
123 32 40 100
123 39 7 100
123 24 27 148
123 7 27 148
123 6 7 100
124 12 40 148
124 7 27 148
124 29 7 99
124 49 27 100
125 17 40 148
125 31 27 100
125 18 27 100
125 49 27 100
126 36 40 150
126 49 7 99
126 49 27 100
126 33 27 100
126 4 7 150
126 4 27 150
127 4 7 150
127 4 27 150
127 18 27 100
128 7 27 148
128 30 40 150
128 39 7 100
128 33 27 100
128 31 27 100
129 24 27 148
129 22 40 150
129 29 7 99
129 8 27 150
130 33 27 100
130 33 32 100
130 33 40 99
130 32 40 100
130 4 7 150
130 4 27 150
130 14 7 100
131 6 7 100
131 22 40 150
131 4 27 150
131 8 27 150
131 33 32 100
132 30 40 150
132 14 7 100
132 14 27 148
132 24 27 148
132 49 7 99
133 20 40 99
133 48 7 150
133 48 32 100
133 14 27 148
133 14 40 100
133 45 27 148
134 45 27 148
134 8 27 150
134 37 40 100
134 14 7 100
135 16 6 100
135 37 40 100
135 41 7 99
135 6 7 100
135 33 27 100
135 33 40 99
135 49 27 100
136 45 27 148
136 44 40 150
136 31 27 100
136 8 27 150
136 6 7 100
136 49 7 99
137 17 40 148
137 8 27 150
137 49 7 99
137 49 27 100
138 45 27 148
138 21 32 100
138 21 40 100
138 8 27 150
138 43 40 99
139 44 40 150
139 29 7 99
139 6 7 100
139 49 27 100
140 7 27 148
140 48 7 150
140 48 32 100
140 18 27 100
140 30 40 150
141 37 40 100
141 7 27 148
141 41 7 99
141 49 27 100
142 8 27 150
142 31 27 100
142 39 7 100
142 13 7 150
142 3 6 99
142 14 27 148
142 14 40 100
142 32 40 100
143 6 7 100
143 4 27 150
143 20 40 99
143 18 27 100
144 20 40 99
144 13 7 150
144 21 40 100
144 45 27 148
145 36 40 150
145 49 7 99
145 49 27 100
145 39 7 100
145 45 27 148
145 9 9 100
145 14 27 148
146 48 7 150
146 48 32 100
146 7 27 148
146 0 40 148
146 45 27 148
147 0 40 148
147 7 27 148
147 18 27 100
147 4 7 150
148 22 40 150
148 6 7 100
148 8 27 150
148 18 27 100
148 14 27 148
149 12 40 148
149 48 7 150
149 48 32 100
149 24 27 148
149 33 27 100
150 30 40 150
150 30 49 99
150 14 7 100
150 14 27 148
150 24 27 148
150 29 7 99
151 29 7 99
151 41 7 99
151 33 27 100
151 33 40 99
151 45 27 148
151 31 27 100
151 32 40 100
152 32 40 100
152 39 7 100
152 14 27 148
152 18 27 100
153 45 27 148
153 0 40 148
153 13 7 150
153 14 27 148
153 14 40 100
154 39 7 100
154 32 40 100
154 6 7 100
154 31 27 100
154 49 27 100
154 7 27 148
155 16 6 100
155 36 40 150
155 18 27 100
155 39 7 100
155 24 27 148
155 24 32 100
156 39 7 100
156 29 7 99
156 22 40 150
156 33 27 100
156 8 27 150
157 32 23 100
157 32 40 100
157 49 27 100
157 20 40 99
157 8 27 150
157 47 9 100
157 31 27 100
158 13 7 150
158 22 40 150
158 14 27 148
158 8 27 150
159 9 32 150
159 14 7 100
159 14 27 148
159 14 40 100
159 31 27 100
159 6 7 100
160 17 40 148
160 4 7 150
160 4 27 150
160 7 27 148
161 13 7 150
161 33 27 100
161 33 40 99
161 12 40 148
161 31 27 100
162 30 40 150
162 18 27 100
162 39 7 100
163 39 7 100
163 49 7 99
163 49 27 100
163 17 40 148
163 45 27 148
163 31 27 100
164 4 7 150
164 4 27 150
164 4 32 148
164 24 27 148
164 17 40 148
164 8 34 99
165 16 6 100
165 33 27 100
165 33 40 99
165 24 27 148
166 31 27 100
166 18 27 100
166 13 7 150
166 30 40 150
166 30 49 99
166 24 27 148
166 4 7 150
167 22 40 150
167 43 40 99
167 8 27 150
167 39 7 100
168 30 40 150
168 41 7 99
168 4 7 150
168 4 27 150
168 24 27 148
168 49 27 100
169 9 48 100
169 8 27 150
169 14 27 148
170 20 40 99
170 29 7 99
170 14 27 148
171 43 40 99
171 31 27 100
171 48 7 150
171 21 40 100
171 14 27 148
171 18 27 100
172 44 40 150
172 24 27 148
172 24 32 100
172 39 7 100
172 4 27 150
172 6 7 100
173 29 7 99
173 30 40 150
173 31 27 100
173 7 27 148
173 24 27 148
174 7 27 148
174 48 7 150
174 44 40 150
174 49 27 100
174 4 6 100
175 13 7 150
175 43 40 99
175 4 27 150
175 9 9 100
176 8 27 150
176 33 27 100
176 33 40 99
176 20 40 99
176 39 7 100
176 31 27 100
176 41 7 99
177 2 49 99
177 20 40 99
177 39 7 100
177 8 27 150
177 49 7 99
177 49 27 100
178 36 40 150
178 39 7 100
178 32 40 100
178 14 27 148
178 49 27 100
179 18 27 100
179 41 7 99
179 4 6 100
179 4 27 150
179 32 40 100
179 29 7 99
179 24 27 148
179 14 27 148
180 30 40 150
180 24 27 148
180 31 27 100
181 43 32 150
181 43 40 99
181 6 7 100
181 8 27 150
181 21 40 100
181 4 27 150
182 0 40 148
182 49 7 99
182 49 27 100
182 4 27 150
182 6 7 100
183 0 40 148
183 6 7 100
183 25 32 100
183 33 27 100
183 31 27 100
183 14 27 148
184 8 27 150
184 30 40 150
184 31 27 100
184 33 32 100
184 29 7 99
184 14 7 100
185 30 40 150
185 18 27 100
185 36 23 100
185 33 27 100
185 31 27 100
186 21 40 100
186 24 27 148
186 33 27 100
186 33 40 99
186 31 27 100
187 25 32 100
187 44 40 150
187 39 7 100
187 7 27 148
187 6 7 100
188 33 27 100
188 33 40 99
188 7 27 148
188 24 27 148
188 41 7 99
189 20 40 99
189 13 7 150
189 21 40 100
189 14 27 148
189 45 27 148
190 21 40 100
190 8 27 150
190 4 7 150
190 4 27 150
190 30 49 99
191 6 7 100
191 17 40 148
191 29 7 99
191 49 27 100
191 4 27 150
191 14 40 100
192 37 40 100
192 24 27 148
192 49 7 99
192 49 27 100
192 47 9 100
193 33 27 100
193 33 32 100
193 33 40 99
193 21 40 100
193 45 27 148
193 14 7 100
193 14 27 148
194 18 27 100
194 24 27 148
194 0 40 148
194 4 7 150
194 41 7 99
195 29 7 99
195 18 27 100
195 12 40 148
195 41 7 99
195 49 27 100
195 7 27 148
196 8 27 150
196 21 40 100
196 16 6 100
196 14 7 100
196 14 27 148
197 37 40 100
197 31 27 100
197 20 40 99
197 41 7 99
197 8 27 150
198 37 40 100
198 33 27 100
198 33 40 99
198 31 27 100
198 9 9 100
198 6 7 100
199 8 27 150
199 21 32 100
199 21 40 100
199 24 27 148
199 18 27 100
199 6 7 100
200 45 27 148
200 18 27 100
200 44 40 150
201 18 27 100
201 3 23 100
201 31 27 100
201 8 27 150
202 33 27 100
202 33 40 99
202 8 27 150
202 41 7 99
202 9 9 100
202 21 40 100
203 31 27 100
203 43 40 99
203 45 27 148
203 13 7 150
204 49 7 99
204 49 27 100
204 39 7 100
204 18 27 100
204 44 40 150
205 36 40 150
205 8 27 150
205 16 6 100
205 31 27 100
205 48 7 150
205 4 27 150
206 45 27 148
206 31 27 100
206 48 7 150
206 32 40 100
206 0 49 99
206 4 27 150
207 36 40 150
207 48 7 150
207 48 32 100
207 20 40 99
207 6 7 100
207 45 27 148
207 14 27 148
208 24 27 148
208 7 27 148
208 4 7 150
208 44 40 150
209 24 27 148
209 44 40 150
209 39 7 100
209 31 27 100
210 31 27 100
210 32 40 100
210 45 27 148
210 49 7 99
210 49 27 100
210 39 7 100
211 16 6 100
211 7 27 148
211 43 40 99
211 30 40 150
211 41 7 99
211 49 27 100
212 18 27 100
212 43 9 150
212 43 40 99
212 31 27 100
212 41 7 99
212 48 7 150
212 24 27 148
213 25 32 100
213 17 40 148
213 14 7 100
213 14 27 148
214 14 7 100
214 14 27 148
214 7 27 148
214 6 7 100
215 31 27 100
215 4 7 150
215 4 27 150
215 18 27 100
215 33 32 100
215 33 40 99
215 37 40 100
216 43 40 99
216 4 7 150
216 4 27 150
216 31 27 100
216 37 40 100
217 30 40 150
217 49 7 99
217 49 27 100
217 45 27 148
217 33 27 100
218 24 27 148
218 37 40 100
218 18 27 100
218 29 7 99
219 22 40 150
219 14 7 100
219 14 27 148
219 6 7 100
219 33 27 100
219 33 32 100
219 8 27 150
220 29 7 99
220 4 7 150
220 4 27 150
220 8 27 150
220 44 40 150
221 49 7 99
221 49 27 100
221 43 40 99
221 8 27 150
221 48 32 100
222 29 7 99
222 15 15 150
222 38 15 100
222 16 6 100
222 17 40 148
222 32 40 100
222 8 27 150
223 49 7 99
223 49 27 100
223 43 40 99
223 24 27 148
223 24 32 100
223 48 7 150
223 48 15 100
223 17 15 100
223 40 15 100
224 33 27 100
224 33 40 99
224 6 7 100
224 31 27 100
224 36 40 150
224 18 27 100
224 8 27 150
225 6 7 100
225 29 7 99
225 33 27 100
225 33 40 99
225 31 27 100
226 17 15 100
226 17 40 148
226 40 15 100
226 7 15 150
226 7 27 148
226 29 7 99
226 18 27 100
227 41 7 99
227 41 15 100
227 0 40 148
227 33 15 148
227 33 27 100
227 33 32 100
227 35 15 100
227 29 7 99
227 18 27 100
227 45 27 148
227 14 27 148
228 44 40 150
228 41 7 99
228 31 27 100
228 9 9 100
228 39 7 100
228 14 27 148
229 27 15 100
229 33 15 148
229 33 27 100
229 33 40 99
229 37 40 100
229 7 27 148
229 49 7 99
229 49 27 100
230 45 27 148
230 4 7 150
230 4 27 150
230 48 15 100
230 48 32 100
230 22 40 150
230 14 15 150
230 35 15 100
231 36 15 150
231 36 40 150
231 2 49 99
231 27 15 100
231 14 7 100
231 14 27 148
231 40 15 100
231 49 7 99
231 49 27 100
232 44 40 150
232 39 7 100
232 14 27 148
232 7 27 148
233 14 7 100
233 14 27 148
233 14 40 100
233 29 7 99
233 3 6 99
233 33 27 100
233 33 40 99
233 31 27 100
234 13 7 150
234 14 27 148
234 14 40 100
234 45 27 148
234 48 32 100
235 48 7 150
235 48 15 100
235 48 32 100
235 17 15 100
235 17 40 148
235 27 15 100
235 14 27 148
235 18 27 100
236 32 40 100
236 13 7 150
236 13 15 100
236 31 27 100
236 15 15 150
236 37 40 100
236 49 27 100
237 49 7 99
237 49 27 100
237 27 15 100
237 6 7 100
237 22 40 150
237 33 15 148
237 33 27 100
237 36 15 150
238 8 15 150
238 8 27 150
238 33 15 148
238 33 27 100
238 33 40 99
238 14 27 148
238 14 40 100
239 39 7 100
239 8 15 150
239 8 27 150
239 20 40 99
239 33 15 148
239 33 27 100
240 13 7 150
240 13 15 100
240 49 27 100
240 35 15 100
240 40 15 100
240 4 27 150
240 43 40 99
240 8 27 150
240 32 40 100
241 21 40 100
241 29 7 99
241 27 15 100
241 17 15 100
241 45 27 148
241 14 7 100
241 14 15 150
241 14 27 148
242 38 15 100
242 7 15 150
242 7 27 148
242 20 40 99
242 25 32 100
242 49 7 99
242 49 27 100
242 4 6 100
242 37 40 100
242 18 27 100
243 44 40 150
243 8 27 150
243 24 27 148
243 24 32 100
243 6 7 100
243 29 7 99
244 14 7 100
244 14 15 150
244 14 27 148
244 14 40 100
244 41 7 99
244 41 15 100
244 40 15 100
244 4 27 150
245 44 40 150
245 8 15 150
245 8 27 150
245 4 7 150
245 4 27 150
245 35 15 100
245 21 40 100
246 36 15 150
246 36 40 150
246 48 7 150
246 48 15 100
246 7 15 150
246 7 27 148
246 45 27 148
247 30 40 150
247 31 27 100
247 13 15 100
247 13 32 148
247 49 27 100
247 36 15 150
248 21 40 100
248 9 9 100
248 9 15 148
248 45 27 148
248 38 15 100
248 41 15 100
248 33 27 100
248 14 27 148
248 32 23 100
249 12 15 148
249 12 40 148
249 14 7 100
249 14 15 150
249 14 27 148
249 48 32 100
250 15 15 150
250 4 7 150
250 4 27 150
250 35 15 100
250 17 15 100
251 37 40 100
251 31 27 100
251 48 7 150
251 48 32 100
251 47 9 100
251 21 40 100
251 7 27 148
252 15 15 150
252 18 27 100
252 9 15 148
252 7 27 148
252 14 7 100
252 14 27 148
252 14 40 100
252 31 27 100
252 41 7 99
252 33 27 100
253 29 7 99
253 15 15 150
253 45 27 148
253 8 15 150
253 8 27 150
253 14 7 100
253 14 40 100
253 21 40 100
254 8 15 150
254 8 27 150
254 13 7 150
254 13 15 100
254 41 15 100
254 43 40 99
254 32 40 100
255 30 40 150
255 39 7 100
255 14 15 150
255 14 27 148
255 33 15 148
255 33 27 100
255 47 9 100
256 35 15 100
256 31 27 100
256 37 40 100
256 9 15 148
256 13 7 150
256 13 15 100
256 8 27 150
256 7 27 148
257 21 40 100
257 18 27 100
257 18 49 100
257 7 27 148
257 49 7 99
257 49 27 100
257 33 40 99
257 41 7 99
258 33 15 148
258 33 27 100
258 33 40 99
258 8 15 150
258 8 27 150
258 39 7 100
258 3 6 99
259 49 7 99
259 49 27 100
259 14 7 100
259 14 15 150
259 14 27 148
259 14 40 100
259 40 15 100
259 18 27 100
259 33 32 100
259 33 40 99
260 44 40 150
260 17 15 100
260 49 7 99
260 49 27 100
260 24 27 148
260 13 15 100
260 35 15 100
261 4 7 150
261 4 27 150
261 39 7 100
261 27 15 100
261 18 27 100
261 41 15 100
261 15 15 150
261 44 40 150
262 27 15 100
262 38 15 100
262 12 15 148
262 45 27 148
262 29 7 99
263 18 27 100
263 48 7 150
263 48 15 100
263 33 15 148
263 33 27 100
263 33 40 99
263 38 15 100
263 43 40 99
263 24 27 148
264 13 7 150
264 13 15 100
264 35 15 100
264 30 40 150
264 27 15 100
264 45 27 148
264 7 27 148
264 8 27 150
265 37 40 100
265 48 7 150
265 48 15 100
265 45 27 148
265 11 37 100
265 13 15 100
265 24 27 148
265 8 15 150
266 9 37 100
266 30 40 150
266 24 27 148
266 48 7 150
266 7 27 148
267 9 37 100
267 33 27 100
267 33 40 99
267 49 7 99
267 49 27 100
267 21 40 100
267 14 7 100
267 14 27 148
268 20 40 99
268 34 37 100
268 33 15 148
268 33 27 100
268 7 15 150
268 7 27 148
269 21 40 100
269 25 37 99
269 13 7 150
269 49 27 100
269 31 27 100
269 14 27 148
269 14 40 100
270 35 15 100
270 0 40 148
270 5 37 100
270 38 15 100
270 49 7 99
270 49 27 100
270 41 7 99
270 41 15 100
270 8 27 150
271 22 40 150
271 29 7 99
271 36 15 150
271 46 37 150
271 40 15 100
272 0 40 148
272 5 37 100
272 4 7 150
272 4 27 150
272 13 15 100
272 48 15 100
272 8 15 150
272 8 27 150
273 36 40 150
273 29 7 99
273 17 37 100
273 7 27 148
273 18 27 100
274 7 27 148
274 22 40 150
274 23 37 100
274 49 7 99
274 49 27 100
274 29 7 99
275 44 40 150
275 10 37 100
275 35 15 100
275 38 15 100
275 29 7 99
275 13 15 100
275 6 7 100
276 18 27 100
276 0 40 148
276 23 37 100
276 48 7 150
276 48 15 100
276 27 15 100
276 14 15 150
276 14 27 148
276 45 27 148
277 33 15 148
277 33 27 100
277 33 37 148
277 33 40 99
277 27 15 100
277 17 15 100
277 39 7 100
277 24 27 148
277 41 7 99
277 45 27 148
277 37 40 100
277 7 27 148
278 11 37 100
278 0 40 148
278 29 7 99
278 8 15 150
278 8 27 150
278 15 15 150
278 4 27 150
279 30 40 150
279 13 7 150
279 13 15 100
279 12 15 148
279 31 27 100
279 24 27 148
279 11 37 100
279 18 27 100
280 21 40 100
280 10 37 100
280 6 7 100
280 13 15 100
280 33 15 148
280 33 27 100
280 33 40 99
280 7 15 150
280 7 27 148
280 41 7 99
281 30 40 150
281 8 15 150
281 8 27 150
281 27 15 100
281 39 7 100
281 25 37 99
281 24 27 148
282 15 15 150
282 10 37 100
282 13 7 150
282 13 15 100
282 24 27 148
282 41 15 100
282 32 40 100
283 42 37 100
283 32 40 100
283 7 15 150
283 7 27 148
283 9 15 148
283 18 27 100
283 43 40 99
283 33 27 100
283 4 27 150
284 5 37 100
284 36 15 150
284 36 40 150
284 39 7 100
284 48 15 100
284 29 7 99
284 8 27 150
284 4 27 150
284 13 15 100
285 46 37 150
285 39 7 100
285 4 27 150
285 48 15 100
285 32 40 100
285 13 15 100
285 27 15 100
285 7 27 148
286 47 37 100
286 32 40 100
286 35 15 100
286 12 15 148
286 12 40 148
286 48 7 150
286 48 15 100
286 6 7 100
286 24 27 148
286 7 27 148
287 25 37 99
287 43 23 100
287 43 40 99
287 31 27 100
287 36 15 150
287 24 27 148
287 33 15 148
288 45 27 148
288 22 40 150
288 39 7 100
288 10 37 100
288 24 27 148
289 48 7 150
290 48 7 150
290 48 15 100
290 15 15 150
290 33 15 148
290 33 27 100
290 31 27 100
291 38 15 100
291 45 27 148
291 17 15 100
291 17 40 148
291 29 7 99
291 31 27 100
291 35 15 100
291 12 15 148
291 8 27 150
292 13 7 150
292 13 15 100
292 18 27 100
292 38 15 100
292 12 15 148
292 12 40 148
292 29 7 99
292 33 27 100
293 31 27 100
293 22 40 150
293 49 7 99
293 49 27 100
293 12 15 148
293 13 15 100
293 4 27 150
294 15 15 150
294 15 19 100
294 40 15 100
294 14 7 100
294 14 15 150
294 14 19 100
294 14 27 148
294 14 40 100
294 17 15 100
294 17 40 148
294 48 15 100
294 38 19 99
294 49 7 99
294 49 27 100
294 5 19 99
295 49 7 99
295 49 27 100
295 30 40 150
295 45 27 148
295 7 19 100
295 7 27 148
295 15 19 100
295 39 7 100
295 29 19 148
296 13 7 150
296 14 19 100
296 14 27 148
296 23 19 99
296 31 27 100
297 18 27 100
297 45 27 148
297 37 19 148
297 21 19 150
297 7 15 150
297 7 19 100
297 14 7 100
297 14 15 150
297 14 19 100
297 15 15 150
297 19 48 100
298 29 7 99
298 29 19 148
298 14 7 100
298 14 19 100
298 14 27 148
298 18 27 100
298 37 19 148
299 15 19 100
299 5 19 99
299 29 7 99
299 43 40 99
299 14 27 148
300 38 15 100
300 32 40 100
300 15 15 150
300 45 27 148
300 33 15 148
300 33 27 100
300 33 40 99
300 18 27 100
301 4 7 150
301 4 27 150
301 27 15 100
301 37 40 100
301 24 27 148
302 4 7 150
302 4 27 150
302 0 40 148
302 45 27 148
302 24 27 148
302 21 19 150
302 41 15 100
302 46 19 150
302 12 15 148
302 48 15 100
303 47 20 100
303 5 19 99
303 4 7 150
303 4 27 150
303 18 27 100
303 15 19 100
304 49 7 99
304 49 27 100
304 38 19 99
304 45 27 148
304 41 7 99
304 23 19 99
304 5 19 99
304 8 27 150
304 8 41 99
304 29 19 148
305 33 15 148
305 33 27 100
305 33 40 99
305 6 7 100
305 39 7 100
305 45 27 148
305 9 15 148
305 37 40 100
305 36 15 150
306 44 40 150
306 32 0 100
306 8 27 150
306 31 27 100
307 30 40 150
307 27 15 100
307 8 15 150
307 8 27 150
307 35 15 100
307 4 7 150
307 4 27 150
307 48 7 150
308 29 7 99
308 45 27 148
308 22 40 150
308 18 27 100
308 31 27 100
308 48 15 100
309 45 27 148
309 21 40 100
309 15 15 150
309 48 15 100
309 40 15 100
309 14 15 150
309 14 27 148
309 14 40 100
309 36 15 150
309 17 15 100
310 44 40 150
310 39 7 100
310 18 27 100
310 45 27 148
310 46 19 150
310 37 19 148
310 31 27 100
310 15 19 100
310 41 7 99
311 46 19 150
311 8 27 150
311 14 7 100
311 14 19 100
311 14 27 148
311 5 19 99
312 17 40 148
312 21 19 150
312 41 7 99
312 37 19 148
312 6 7 100
313 13 7 150
313 32 40 100
313 37 19 148
313 37 24 99
313 15 19 100
313 7 19 100
313 7 27 148
313 46 19 150
314 0 40 148
314 13 7 150
314 33 27 100
314 33 34 100
314 24 27 148
315 29 19 148
315 37 19 148
315 37 40 100
315 45 27 148
315 49 27 100
315 43 40 99
315 21 19 150
315 7 15 150
315 7 19 100
315 7 27 148
315 27 15 100
315 38 15 100
316 24 27 148
316 22 40 150
316 33 27 100
316 40 15 100
316 48 7 150
316 49 27 100
317 33 27 100
317 33 40 99
317 20 40 99
317 48 7 150
317 14 27 148
318 31 27 100
318 24 27 148
318 43 40 99
318 18 27 100
318 6 7 100
319 41 7 99
319 44 40 150
319 6 7 100
319 31 27 100
319 38 19 99
319 14 19 100
319 14 27 148
319 5 19 99
320 7 15 150
320 7 19 100
320 7 27 148
320 49 7 99
320 49 27 100
320 39 7 100
320 9 15 148
320 23 19 99
320 15 15 150
320 32 40 100
320 14 40 100
321 41 7 99
321 41 15 100
321 20 40 99
321 45 27 148
321 7 15 150
321 7 27 148
321 8 15 150
321 29 7 99
321 31 27 100
322 48 7 150
322 48 15 100
322 41 15 100
322 13 15 100
322 40 15 100
322 32 40 100
322 8 27 150
322 24 27 148
322 21 19 150
322 21 40 100
322 37 19 148
322 15 19 100
323 31 27 100
323 37 19 148
323 37 40 100
323 43 40 99
323 40 15 100
323 36 15 150
323 12 15 148
323 4 7 150
323 4 27 150
324 38 15 100
324 30 40 150
324 37 24 99
324 49 7 99
324 49 27 100
324 33 15 148
324 33 27 100
324 18 27 100
324 9 15 148
325 36 15 150
325 36 40 150
325 40 15 100
325 27 15 100
325 12 15 148
326 32 40 100
326 31 27 100
326 31 41 99
326 41 7 99
326 4 7 150
326 4 27 150
326 14 7 100
327 48 7 150
327 48 15 100
327 13 15 100
327 0 40 148
327 45 27 148
327 14 15 150
327 14 27 148
328 22 40 150
328 8 27 150
328 14 7 100
328 14 27 148
328 41 7 99
329 3 23 100
329 18 27 100
329 4 27 150
330 22 40 150
330 18 27 100
330 46 24 99
330 8 20 99
330 8 27 150
330 14 7 100
330 14 27 148
331 24 27 148
331 10 0 100
331 18 27 100
331 30 40 150
331 29 7 99
332 45 27 148
332 41 7 99
332 41 15 100
332 29 7 99
332 35 15 100
332 4 27 150
332 12 15 148
332 12 40 148
333 12 15 148
333 43 40 99
333 33 27 100
333 39 7 100
333 6 7 100
333 45 27 148
334 8 15 150
334 8 27 150
334 9 15 148
334 30 40 150
334 40 15 100
334 18 27 100
335 31 27 100
335 2 34 100
335 23 19 99
335 4 7 150
335 48 15 100
335 35 15 100
335 44 40 150
335 15 15 150
335 15 19 100
335 40 15 100
335 37 19 148
336 21 19 150
336 21 40 100
336 13 7 150
336 49 27 100
336 0 0 100
336 14 27 148
337 0 40 148
337 4 7 150
337 4 27 150
337 24 27 148
337 18 27 100
337 17 15 100
338 13 7 150
338 13 15 100
338 22 40 150
338 40 15 100
338 18 27 100
338 12 15 148
338 35 15 100
338 23 19 99
339 38 15 100
339 38 19 99
339 43 40 99
339 9 15 148
339 31 27 100
339 8 27 150
339 39 7 100
340 45 27 148
340 4 27 150
340 21 19 150
340 21 40 100
340 35 15 100
340 40 15 100
340 24 27 148
340 0 40 148
340 23 19 99
340 27 15 100
340 13 15 100
340 14 7 100
340 14 19 100
341 12 40 148
341 19 4 100
341 13 7 150
341 8 27 150
341 4 27 150
342 35 15 100
342 43 40 99
342 13 7 150
342 13 15 100
342 36 15 150
342 21 40 100
342 17 15 100
342 45 27 148
342 24 27 148
343 36 0 100
343 36 15 150
343 36 40 150
343 24 27 148
343 33 15 148
343 33 27 100
343 38 15 100
343 39 7 100
344 32 0 100
344 32 23 100
344 32 40 100
344 18 27 100
344 24 27 148
344 46 24 99
345 6 7 100
345 49 7 99
345 49 27 100
345 14 27 148
345 24 27 148
346 33 27 100
346 33 40 99
346 31 27 100
346 29 7 99
346 14 27 148
346 14 40 100
347 17 15 100
347 17 40 148
347 49 7 99
347 49 27 100
347 24 27 148
347 9 15 148
347 29 7 99
347 8 15 150
348 23 19 99
348 23 37 100
348 38 19 99
348 38 37 100
348 37 19 148
348 18 27 100
348 45 27 148
348 29 7 99
348 29 19 148
348 31 27 100
348 39 7 100
348 39 48 100
349 44 41 100
349 27 0 99
349 27 15 100
349 27 41 150
349 36 15 150
349 36 41 100
349 33 15 148
349 33 27 100
349 8 27 150
349 8 41 99
349 35 15 100
349 35 41 150
349 31 41 99
349 48 7 150
350 14 7 100
350 14 19 100
350 14 27 148
350 15 19 100
350 24 27 148
351 37 19 148
351 41 7 99
351 21 19 150
351 18 27 100
351 6 7 100
351 6 41 150
351 39 4 100
351 44 41 100
351 36 41 100
351 7 19 100
351 7 27 148
351 23 19 99
351 23 41 148
352 15 15 150
352 15 19 100
352 15 41 148
352 24 27 148
352 37 19 148
352 36 15 150
352 38 15 100
352 38 19 99
353 45 27 148
353 37 40 100
353 20 40 99
353 32 41 150
353 18 27 100
353 40 41 99
353 6 7 100
353 6 41 150
353 35 41 150
354 31 27 100
354 20 40 99
354 39 7 100
355 8 20 99
355 8 27 150
355 8 41 99
355 49 7 99
355 49 27 100
355 24 27 148
355 24 41 150
355 30 40 150
355 35 41 150
355 15 39 100
355 15 41 148
355 41 7 99
355 23 41 148
355 7 27 148
356 47 41 150
356 39 7 100
356 40 41 99
356 35 41 150
356 43 40 99
356 41 7 99
356 26 41 99
356 33 27 100
356 33 40 99
357 49 7 99
357 49 27 100
357 13 15 100
357 22 40 150
357 44 41 100
357 41 7 99
357 41 15 100
357 12 15 148
357 35 15 100
357 35 41 150
357 37 19 148
357 14 19 100
357 14 27 148
357 14 41 148
357 6 41 150
357 15 19 100
357 15 41 148
357 21 19 150
358 35 15 100
358 35 41 150
358 48 7 150
358 48 15 100
358 38 15 100
358 44 41 100
358 33 27 100
358 47 41 150
358 18 27 100
358 8 27 150
358 8 41 99
358 7 27 148
358 36 41 100
358 24 27 148
359 49 7 99
359 49 27 100
359 26 41 99
359 4 27 150
359 38 15 100
359 40 15 100
359 40 41 99
359 23 41 148
359 33 15 148
359 33 27 100
359 33 40 99
359 44 41 100
359 31 41 99
359 13 15 100
360 29 7 99
360 36 41 100
360 31 27 100
360 31 41 99
360 7 27 148
360 49 7 99
360 49 27 100
361 24 27 148
361 37 40 100
361 3 0 100
361 6 7 100
361 38 15 100
361 12 15 148
361 15 15 150
361 15 39 100
361 32 40 100
361 7 27 148
361 48 15 100
362 3 41 148
362 9 15 148
362 24 27 148
362 24 41 150
362 49 7 99
362 49 27 100
362 21 19 150
362 21 40 100
362 26 41 99
362 29 7 99
362 29 19 148
362 8 15 150
362 8 41 99
362 23 19 99
362 23 41 148
363 8 27 150
363 24 27 148
363 37 19 148
363 37 40 100
363 12 40 148
363 27 15 100
364 31 27 100
364 13 7 150
364 21 19 150
364 21 40 100
364 7 19 100
364 7 27 148
365 21 19 150
365 21 40 100
365 37 40 100
365 40 23 99
365 40 41 99
365 33 27 100
365 7 19 100
365 7 27 148
365 26 41 99
365 6 41 150
366 24 4 100
366 24 27 148
366 24 41 150
366 23 19 99
366 23 41 148
366 7 19 100
366 7 27 148
366 32 41 150
366 38 19 99
366 15 19 100
366 15 41 148
366 35 41 150
366 31 27 100
366 31 41 99
367 22 39 100
367 22 40 150
367 37 19 148
367 31 27 100
367 31 41 99
367 41 7 99
367 21 19 150
367 39 7 100
367 5 19 99
367 23 19 99
367 38 19 99
368 49 7 99
368 49 27 100
368 14 27 148
368 14 40 100
368 14 41 148
368 8 27 150
368 8 41 99
368 40 41 99
368 31 27 100
368 31 41 99
368 36 41 100
369 24 27 148
369 31 27 100
369 31 41 99
369 0 40 148
369 6 7 100
369 17 15 100
369 7 15 150
369 15 15 150
370 47 41 150
370 30 40 150
370 44 41 100
370 8 15 150
370 8 27 150
370 8 41 99
370 38 15 100
370 6 7 100
370 6 41 150
370 7 15 150
370 7 27 148
370 31 41 99
370 48 7 150
371 18 27 100
371 47 45 100
371 45 27 148
371 22 40 150
371 8 15 150
371 37 40 100
371 15 15 150
371 31 27 100
371 49 7 99
371 27 15 100
372 29 7 99
372 33 27 100
372 33 40 99
372 40 15 100
372 41 7 99
372 31 27 100
372 49 27 100
373 40 41 99
373 39 7 100
373 49 27 100
373 30 40 150
373 3 41 148
373 22 39 100
373 26 41 99
373 44 41 100
374 26 41 99
374 33 27 100
374 18 27 100
374 40 41 99
374 36 41 100
374 32 20 100
374 32 41 150
374 23 41 148
374 6 41 150
374 8 27 150
374 8 41 99
374 4 27 150
375 14 7 100
375 14 15 150
375 14 27 148
375 14 40 100
375 14 41 148
375 7 15 150
375 20 40 99
375 13 7 150
375 13 15 100
375 44 41 100
375 35 41 150
376 40 15 100
376 40 41 99
376 36 15 150
376 36 40 150
376 36 41 100
376 48 7 150
376 48 15 100
376 4 27 150
376 45 27 148
377 5 19 99
377 44 40 150
377 44 41 100
377 12 15 148
377 6 7 100
377 6 41 150
377 18 27 100
377 4 27 150
377 37 19 148
377 26 41 99
377 27 15 100
377 27 41 150
377 33 15 148
377 33 27 100
377 32 41 150
377 40 15 100
378 22 40 150
378 45 27 148
378 36 41 100
378 29 7 99
378 29 19 148
378 23 19 99
378 23 41 148
378 33 27 100
379 23 4 100
379 23 41 148
379 48 7 150
379 0 40 148
379 18 27 100
379 18 39 100
379 47 41 150
379 8 27 150
379 8 41 99
379 29 7 99
379 24 27 148
380 15 41 148
380 49 7 99
380 49 27 100
380 0 40 148
380 7 27 148
380 3 41 148
380 32 41 150
380 24 41 150
381 43 40 99
381 33 15 148
381 33 27 100
381 33 40 99
381 18 27 100
381 44 41 100
381 38 15 100
381 39 7 100
381 4 27 150
381 40 15 100
381 40 41 99
381 41 7 99
381 23 41 148
382 38 19 99
382 45 27 148
382 21 19 150
382 21 40 100
382 39 7 100
382 29 19 148
382 23 19 99
382 23 41 148
382 8 27 150
382 8 41 99
382 24 41 150
382 15 41 148
383 13 7 150
383 13 15 100
383 20 40 99
383 5 19 99
383 44 41 100
383 12 15 148
383 6 7 100
383 6 41 150
383 15 15 150
383 15 19 100
383 15 41 148
383 14 19 100
383 14 27 148
383 14 40 100
383 18 27 100
384 31 27 100
384 31 41 99
384 29 7 99
384 29 19 148
384 44 40 150
384 44 41 100
384 47 41 150
384 49 27 100
384 48 15 100
384 18 27 100
384 18 39 100
384 37 19 148
384 6 41 150
385 24 27 148
385 24 41 150
385 18 27 100
385 6 7 100
385 6 41 150
385 3 41 148
385 40 41 99
385 35 41 150
385 32 40 100
385 8 41 99
385 41 7 99
385 31 27 100
386 44 40 150
386 44 41 100
386 39 7 100
386 26 41 99
386 31 27 100
386 31 41 99
386 45 27 148
386 8 41 99
386 21 19 150
386 35 41 150
386 23 19 99
387 26 41 99
387 40 29 100
387 40 41 99
387 5 19 99
387 45 27 148
387 4 7 150
387 4 27 150
387 24 41 150
387 23 19 99
387 23 41 148
387 21 19 150
387 21 40 100
387 12 40 148
387 6 41 150
388 45 27 148
388 13 15 100
388 26 41 99
388 15 15 150
388 15 19 100
388 8 15 150
388 8 27 150
388 33 40 99
388 5 19 99
389 32 41 150
389 44 41 100
389 39 7 100
389 26 41 99
389 27 41 150
389 3 41 148
389 38 19 99
390 48 7 150
390 48 15 100
390 17 15 100
390 17 40 148
390 33 15 148
390 33 27 100
390 37 19 148
390 5 19 99
390 24 27 148
390 27 15 100
390 39 7 100
391 23 19 99
391 23 41 148
391 48 7 150
391 22 39 100
391 22 40 150
391 27 41 150
391 3 41 148
391 44 41 100
391 21 19 150
391 5 19 99
391 49 27 100
391 24 27 148
392 23 19 99
392 23 41 148
392 29 19 148
392 29 23 100
392 24 27 148
392 24 41 150
392 12 40 148
392 38 19 99
392 7 19 100
392 7 27 148
392 3 41 148
392 18 27 100
392 31 41 99
393 40 15 100
393 40 41 99
393 37 40 100
393 32 40 100
393 32 41 150
393 26 41 99
393 18 27 100
393 48 7 150
393 48 15 100
393 44 41 100
393 33 15 148
393 33 27 100
393 49 27 100
393 8 41 99
394 49 7 99
394 49 27 100
394 29 7 99
394 21 40 100
394 26 41 99
394 15 15 150
394 15 19 100
394 15 41 148
394 32 0 100
394 41 15 100
394 48 15 100
394 38 15 100
394 45 27 148
395 19 0 100
395 22 40 150
395 33 27 100
395 23 41 148
395 47 41 150
395 15 41 148
395 3 41 148
395 14 7 100
395 14 27 148
396 49 27 100
396 5 13 100
396 4 27 150
396 0 40 148
396 24 27 148
397 17 15 100
397 17 40 148
397 8 15 150
397 8 27 150
397 4 27 150
397 4 39 99
397 33 15 148
397 33 40 99
398 29 7 99
398 9 15 148
398 36 15 150
398 36 40 150
398 39 7 100
398 38 15 100
398 49 27 100
399 49 7 99
399 49 27 100
399 22 40 150
399 26 2 100
399 4 27 150
400 33 15 148
400 33 27 100
400 33 40 99
400 15 15 150
400 8 15 150
400 8 27 150
400 7 27 148
400 39 7 100
400 6 7 100
401 36 15 150
401 36 40 150
401 36 41 100
401 44 41 100
401 37 19 148
401 26 41 99
401 31 27 100
401 31 41 99
401 32 41 150
401 17 15 100
401 3 41 148
401 24 27 148
401 40 15 100
401 39 7 100
402 0 40 148
402 2 23 99
402 38 15 100
402 38 19 99
402 14 19 100
402 14 27 148
402 24 27 148
402 37 19 148
403 38 15 100
403 38 34 99
403 37 40 100
403 14 7 100
403 14 15 150
403 14 27 148
403 14 40 100
403 33 15 148
403 41 7 99
403 15 39 100
404 41 7 99
404 4 27 150
404 36 41 100
404 24 27 148
404 24 41 150
404 19 20 100
404 27 41 150
404 47 41 150
404 39 7 100
405 33 27 100
405 3 41 148
405 7 27 148
405 49 7 99
405 22 4 99
405 14 41 148
405 15 41 148
405 23 41 148
406 41 7 99
406 41 15 100
406 43 40 99
406 13 15 100
406 9 15 148
406 24 27 148
406 32 40 100
406 29 7 99
406 38 15 100
407 17 40 148
407 39 7 100
407 24 27 148
407 24 41 150
407 4 27 150
408 37 19 148
408 37 40 100
408 18 27 100
408 24 27 148
408 15 19 100
408 7 19 100
408 7 27 148
408 29 7 99
408 29 19 148
408 49 7 99
408 49 27 100
409 2 0 99
409 13 7 150
409 13 15 100
409 35 15 100
409 31 27 100
409 8 15 150
409 8 27 150
409 27 39 100
410 39 7 100
410 12 15 148
410 12 40 148
410 43 0 100
410 31 27 100
410 31 41 99
410 26 41 99
410 7 15 150
410 7 27 148
410 41 7 99
410 41 15 100
410 8 41 99
410 49 27 100
410 27 15 100
410 27 41 150
411 38 15 100
411 32 41 150
411 41 7 99
411 41 15 100
411 24 27 148
411 24 41 150
411 48 15 100
411 47 41 150
411 23 41 148
412 43 40 99
412 20 40 99
412 3 41 148
412 35 15 100
412 18 27 100
412 13 7 150
412 45 27 148
413 37 40 100
413 41 7 99
413 46 37 150
413 6 7 100
413 6 41 150
413 11 37 100
413 31 27 100
413 31 41 99
413 44 41 100
413 24 27 148
413 24 41 150
413 40 41 99
414 17 15 100
414 17 40 148
414 18 27 100
414 35 15 100
414 35 41 150
414 32 40 100
414 32 41 150
414 13 7 150
414 13 15 100
414 4 27 150
414 44 41 100
414 33 15 148
414 33 27 100
414 7 27 148
415 13 7 150
415 33 40 99
415 37 19 148
415 31 41 99
415 15 19 100
415 15 39 100
415 15 41 148
415 21 19 150
415 7 19 100
416 20 40 99
416 47 41 150
416 37 40 100
416 27 41 150
416 49 27 100
416 26 41 99
416 4 27 150
417 34 0 100
417 48 7 150
417 43 40 99
417 47 41 150
417 8 27 150
417 8 41 99
417 15 4 100
417 31 27 100
417 38 13 100
417 33 27 100
418 4 7 150
418 20 40 99
418 35 41 150
418 31 41 99
418 36 41 100
418 38 34 99
418 27 41 150
418 33 40 99
419 45 27 148
419 12 15 148
419 12 40 148
419 47 41 150
419 27 15 100
419 27 41 150
419 32 41 150
419 4 7 150
419 4 27 150
419 41 15 100
420 27 15 100
420 27 41 150
420 44 40 150
420 44 41 100
420 24 27 148
420 24 41 150
420 40 15 100
420 40 41 99
420 4 7 150
420 4 27 150
420 23 19 99
420 23 41 148
420 9 15 148
420 15 15 150
420 15 19 100
420 15 41 148
421 7 19 100
421 7 27 148
421 15 19 100
421 15 39 100
421 15 41 148
421 3 41 148
421 48 7 150
421 32 41 150
421 31 27 100
421 31 41 99
421 47 41 150
421 37 19 148
421 23 41 148
422 15 15 150
422 8 15 150
422 8 27 150
422 38 15 100
422 17 40 148
422 24 27 148
422 3 0 100
423 8 15 150
423 8 27 150
423 8 41 99
423 40 15 100
423 40 41 99
423 6 7 100
423 6 41 150
423 12 15 148
423 12 40 148
423 24 27 148
423 24 41 150
423 35 41 150
423 39 7 100
424 21 40 100
424 48 7 150
424 48 15 100
424 32 40 100
424 32 41 150
424 13 15 100
424 44 41 100
424 24 27 148
424 24 41 150
424 18 27 100
424 47 41 150
424 26 41 99
424 27 15 100
424 15 15 150
425 33 27 100
425 33 40 99
425 45 27 148
425 18 27 100
425 32 20 100
425 6 7 100
426 9 15 148
426 29 7 99
426 32 0 100
426 32 40 100
426 32 41 150
426 20 40 99
426 4 27 150
426 4 39 99
426 47 41 150
426 40 15 100
426 40 41 99
426 15 15 150
426 15 41 148
426 45 27 148
426 6 7 100
427 8 27 150
427 8 41 99
427 14 7 100
427 14 19 100
427 14 27 148
427 14 40 100
427 23 19 99
427 15 19 100
428 7 15 150
428 7 19 100
428 7 27 148
428 35 15 100
428 8 15 150
428 8 27 150
428 37 19 148
428 37 40 100
428 49 7 99
428 21 40 100
428 6 7 100
429 17 40 148
429 18 27 100
429 26 41 99
429 45 27 148
429 39 7 100
429 31 41 99
429 35 41 150
430 20 0 100
430 20 40 99
430 38 15 100
430 41 7 99
430 41 15 100
430 40 15 100
430 40 41 99
430 45 27 148
430 36 15 150
430 36 41 100
430 4 7 150
430 4 27 150
430 14 40 100
430 31 41 99
431 33 27 100
431 33 40 99
431 14 7 100
431 14 27 148
431 14 41 148
431 36 41 100
431 18 27 100
431 44 41 100
431 35 41 150
431 31 41 99
432 14 7 100
432 14 27 148
432 14 40 100
432 14 41 148
432 44 41 100
432 27 39 100
432 27 41 150
432 40 41 99
432 33 27 100
432 33 40 99
432 35 41 150
432 41 7 99
433 39 7 100
433 32 40 100
433 15 15 150
433 13 15 100
433 45 27 148
433 31 27 100
433 9 15 148
434 18 27 100
434 0 0 100
434 0 40 148
434 3 41 148
434 29 7 99
434 41 7 99
434 41 15 100
434 23 41 148
434 13 15 100
434 9 15 148
435 17 15 100
435 17 40 148
435 40 41 99
435 41 7 99
435 27 0 99
435 27 41 150
435 8 27 150
435 8 41 99
435 14 27 148
435 33 27 100
436 14 7 100
436 14 27 148
436 14 40 100
436 45 27 148
436 37 40 100
436 13 7 150
436 4 27 150
437 21 40 100
437 8 27 150
437 18 27 100
437 43 40 99
437 41 7 99
437 49 27 100
438 12 15 148
438 12 40 148
438 21 19 150
438 43 23 100
438 36 15 150
438 36 39 100
438 7 19 100
438 7 27 148
438 41 15 100
438 37 19 148
438 33 27 100
438 15 19 100
439 31 27 100
439 13 7 150
439 13 15 100
439 8 15 150
439 8 27 150
439 17 15 100
439 17 40 148
439 48 15 100
440 36 40 150
440 24 27 148
440 7 27 148
441 14 7 100
441 14 15 150
441 14 40 100
441 14 41 148
441 6 7 100
441 6 41 150
441 4 7 150
441 48 15 100
441 36 15 150
441 36 41 100
441 32 41 150
441 26 41 99
442 49 7 99
442 49 27 100
442 24 27 148
443 18 27 100
443 45 27 148
443 13 7 150
443 37 40 100
443 40 41 99
443 6 41 150
443 15 41 148
443 20 40 99
444 36 0 100
444 36 15 150
444 36 40 150
444 36 41 100
444 15 15 150
444 15 41 148
444 40 15 100
444 4 7 150
444 4 27 150
444 14 27 148
445 37 40 100
445 33 0 100
445 33 27 100
445 33 40 99
445 31 27 100
445 36 39 100
445 8 27 150
445 18 27 100
445 41 7 99
446 18 27 100
446 33 27 100
446 33 40 99
446 39 7 100
446 41 7 99
446 31 27 100
446 49 7 99
447 36 40 150
447 36 41 100
447 33 27 100
447 33 37 148
447 45 27 148
447 4 7 150
447 3 41 148
447 31 41 99
448 18 27 100
448 15 15 150
448 15 41 148
448 38 15 100
448 36 15 150
448 36 41 100
448 28 48 100
448 14 27 148
449 35 41 150
449 23 19 99
449 23 41 148
449 8 34 99
449 8 41 99
449 15 19 100
449 15 41 148
449 4 7 150
449 36 40 150
449 36 41 100
449 29 19 148
449 38 19 99
450 35 15 100
450 18 27 100
450 15 15 150
450 12 15 148
450 8 27 150
450 33 27 100
451 48 7 150
451 48 15 100
451 45 27 148
451 15 15 150
451 15 39 100
451 15 41 148
451 37 40 100
451 7 15 150
451 7 27 148
451 38 15 100
451 24 41 150
451 44 41 100
451 6 7 100
451 6 41 150
451 23 41 148
451 47 20 100
451 14 40 100
452 31 27 100
452 31 41 99
452 44 41 100
452 13 7 150
452 35 41 150
452 4 27 150
452 47 41 150
452 14 19 100
452 26 41 99
453 41 7 99
453 41 15 100
453 38 15 100
453 38 19 99
453 24 41 150
453 5 19 99
453 31 41 99
453 23 19 99
453 23 41 148
453 35 15 100
453 35 41 150
453 32 40 100
453 27 15 100
453 15 19 100
454 22 40 150
454 45 27 148
454 17 15 100
454 8 15 150
454 8 27 150
454 8 41 99
454 38 15 100
454 38 19 99
454 35 15 100
454 35 41 150
454 29 7 99
454 36 41 100
455 47 41 150
455 15 15 150
455 15 41 148
455 41 7 99
455 41 15 100
455 27 15 100
455 27 41 150
455 32 41 150
455 6 7 100
455 6 41 150
455 31 27 100
455 31 41 99
456 6 41 150
456 30 40 150
456 32 40 100
456 32 41 150
456 7 27 148
456 40 41 99
456 8 27 150
456 8 41 99
456 4 27 150
456 33 27 100
456 15 41 148
457 41 7 99
457 21 40 100
457 28 13 100
457 33 34 100
457 15 41 148
458 33 15 148
458 33 27 100
458 7 15 150
458 7 27 148
458 8 15 150
458 29 7 99
458 39 7 100
458 19 39 100
459 18 27 100
459 7 27 148
459 3 23 100
459 49 27 100
460 38 15 100
460 6 7 100
460 43 40 99
460 9 15 148
460 37 40 100
460 8 15 150
460 8 27 150
461 48 7 150
461 48 15 100
461 17 15 100
461 17 40 148
461 45 27 148
461 13 15 100
461 35 15 100
462 7 15 150
462 7 27 148
462 31 27 100
462 31 41 99
462 35 15 100
462 35 41 150
462 9 15 148
462 39 7 100
462 41 7 99
462 41 15 100
462 26 41 99
462 40 41 99
463 30 4 100
463 4 7 150
463 4 27 150
463 45 27 148
463 16 48 99
463 31 41 99
463 40 41 99
463 8 41 99
464 14 7 100
464 14 27 148
464 14 40 100
464 14 41 148
464 39 7 100
464 36 39 100
464 36 41 100
464 33 27 100
464 3 41 148
464 24 41 150
464 31 27 100
465 38 15 100
465 40 15 100
465 29 7 99
465 9 15 148
465 31 27 100
465 32 40 100
465 43 40 99
466 18 27 100
466 45 27 148
466 35 41 150
466 49 27 100
466 17 40 148
466 47 41 150
466 27 41 150
466 3 41 148
467 32 40 100
467 43 40 99
467 49 7 99
467 49 27 100
467 38 15 100
467 14 7 100
467 14 15 150
467 14 27 148
467 12 15 148
467 17 15 100
467 45 27 148
468 41 7 99
468 41 15 100
468 23 41 148
468 44 40 150
468 44 41 100
468 40 15 100
468 40 41 99
468 17 15 100
468 32 41 150
468 26 41 99
468 48 15 100
469 31 27 100
469 31 41 99
469 27 41 150
469 22 40 150
469 8 27 150
469 8 41 99
469 36 41 100
469 7 27 148
469 23 41 148
469 48 7 150
469 33 27 100
469 14 41 148
470 6 7 100
470 6 41 150
470 17 15 100
470 17 40 148
470 13 15 100
470 35 15 100
470 35 41 150
470 39 7 100
470 4 27 150
470 4 39 99
470 32 41 150
470 24 27 148
470 24 41 150
470 18 27 100
471 8 15 150
471 8 27 150
471 8 41 99
471 45 27 148
471 7 15 150
471 13 7 150
471 13 15 100
471 20 40 99
471 41 15 100
471 40 41 99
472 47 41 150
472 20 40 99
472 49 7 99
472 49 27 100
472 37 40 100
472 8 27 150
472 8 41 99
472 32 41 150
473 23 41 148
473 4 7 150
473 4 27 150
473 6 7 100
473 6 41 150
473 41 15 100
473 45 27 148
473 32 40 100
473 32 41 150
473 14 15 150
473 14 41 148
473 13 15 100
473 31 41 99
474 37 40 100
474 29 7 99
474 45 27 148
474 20 40 99
474 48 15 100
474 18 27 100
474 31 27 100
475 27 15 100
475 27 39 100
475 41 7 99
475 41 15 100
475 40 15 100
475 31 27 100
475 6 7 100
475 35 15 100
475 49 27 100
476 3 29 100
476 3 41 148
476 43 40 99
476 44 41 100
476 27 41 150
476 35 41 150
476 31 27 100
476 31 41 99
476 33 27 100
476 33 40 99
476 49 27 100
477 38 37 100
477 40 41 99
477 42 37 100
477 21 40 100
477 48 7 150
477 49 27 100
477 23 41 148
477 4 27 150
477 26 41 99
478 3 41 148
478 17 40 148
478 39 7 100
478 31 27 100
478 31 41 99
478 8 27 150
478 45 27 148
479 15 15 150
479 15 41 148
479 31 27 100
479 31 41 99
479 26 41 99
479 48 7 150
479 48 15 100
479 32 40 100
479 32 41 150
479 43 40 99
479 13 15 100
479 8 27 150
479 8 41 99
480 7 15 150
480 7 27 148
480 24 27 148
480 39 7 100
480 40 15 100
480 27 15 100
480 0 40 148
480 15 15 150
481 15 39 100
481 4 7 150
481 29 7 99
481 29 34 100
482 29 7 99
482 12 15 148
482 17 15 100
482 15 15 150
482 24 27 148
482 33 27 100
482 14 7 100
483 21 40 100
483 48 7 150
483 48 15 100
483 36 15 150
483 49 27 100
483 12 15 148
483 4 27 150
483 31 27 100
484 0 40 148
484 13 7 150
484 14 27 148
484 8 27 150
484 8 41 99
485 23 41 148
485 12 15 148
485 12 40 148
485 44 41 100
485 6 7 100
485 6 41 150
485 31 27 100
485 31 41 99
485 33 15 148
485 33 27 100
485 33 40 99
485 24 27 148
485 38 15 100
485 8 41 99
486 43 40 99
486 38 15 100
486 29 7 99
486 14 7 100
486 14 15 150
486 40 15 100
487 24 27 148
487 24 41 150
487 38 15 100
487 49 7 99
487 49 27 100
487 26 41 99
487 15 39 100
487 15 41 148
487 44 40 150
487 44 41 100
487 35 41 150
488 39 7 100
488 35 15 100
488 48 15 100
488 0 40 148
488 12 15 148
488 24 27 148
489 4 7 150
489 4 27 150
489 7 15 150
489 7 27 148
489 35 15 100
489 35 41 150
489 6 7 100
489 6 41 150
489 17 15 100
489 17 40 148
489 45 27 148
489 14 15 150
489 14 41 148
489 27 41 150
490 38 15 100
490 29 7 99
490 45 27 148
490 44 40 150
490 44 41 100
490 41 7 99
490 41 15 100
490 27 15 100
490 27 41 150
490 7 15 150
490 7 27 148
490 3 41 148
490 8 41 99
491 14 7 100
491 14 15 150
491 14 27 148
491 14 40 100
491 14 41 148
491 45 27 148
491 31 41 99
491 36 15 150
491 36 41 100
491 0 40 148
491 32 41 150
491 6 41 150
491 40 15 100
491 40 41 99
492 41 7 99
492 41 15 100
492 39 7 100
492 13 15 100
492 8 15 150
492 8 27 150
492 36 40 150
492 17 15 100
492 7 27 148
493 40 15 100
493 40 23 99
493 15 15 150
493 15 39 100
493 24 27 148
493 12 15 148
493 7 27 148
494 41 7 99
494 35 41 150
494 33 27 100
494 15 41 148
494 26 41 99
494 32 41 150
494 24 27 148
494 24 41 150
495 29 7 99
495 22 40 150
495 7 27 148
495 49 7 99
495 49 27 100
496 12 40 148
496 44 41 100
496 47 41 150
496 15 41 148
496 45 27 148
496 14 7 100
496 14 27 148
496 14 41 148
496 40 41 99
497 4 7 150
497 4 27 150
497 6 41 150
497 45 27 148
497 32 40 100
497 32 41 150
497 27 41 150
497 24 41 150
498 38 15 100
498 30 40 150
498 12 15 148
498 35 15 100
498 35 41 150
498 18 27 100
498 26 41 99
498 8 27 150
498 8 41 99
498 14 7 100
498 14 27 148
498 14 41 148
498 17 15 100
498 6 7 100
498 6 41 150
499 18 13 99
499 18 27 100
499 18 39 100
499 32 40 100
499 31 27 100
499 41 7 99
500 30 40 150
500 45 27 148
500 33 27 100
500 33 40 99
500 49 7 99
500 49 27 100
500 39 7 100
501 37 40 100
501 2 34 100
501 41 7 99
501 39 7 100
501 20 40 99
502 17 40 148
502 47 41 150
502 4 7 150
502 4 27 150
502 7 27 148
502 24 41 150
502 32 41 150
503 26 41 99
503 37 40 100
503 23 41 148
503 7 27 148
503 32 41 150
503 8 27 150
503 8 41 99
503 49 7 99
503 6 41 150
503 40 41 99
504 30 40 150
504 7 27 148
504 6 7 100
504 6 41 150
504 36 41 100
504 27 41 150
504 44 41 100
504 3 41 148
504 26 41 99
504 29 7 99
505 18 27 100
505 18 39 100
505 24 27 148
505 24 41 150
505 41 7 99
505 41 15 100
505 21 40 100
505 26 41 99
505 31 27 100
505 31 41 99
505 6 7 100
505 6 41 150
505 45 27 148
505 17 15 100
506 4 7 150
506 4 27 150
506 27 15 100
506 27 41 150
506 12 40 148
506 33 27 100
506 33 40 99
506 41 15 100
507 35 41 150
507 43 40 99
507 40 4 100
507 40 41 99
507 7 27 148
507 24 27 148
507 24 41 150
507 13 7 150
507 31 41 99
507 26 41 99
508 13 7 150
508 13 15 100
508 12 15 148
508 48 15 100
508 38 15 100
508 14 27 148
509 33 27 100
509 35 41 150
509 8 27 150
509 8 41 99
509 49 7 99
509 49 27 100
509 3 41 148
509 24 41 150
509 24 48 99
510 20 40 99
510 44 40 150
510 44 41 100
510 13 7 150
510 4 27 150
511 8 27 150
511 8 41 99
511 0 40 148
511 47 41 150
511 3 41 148
511 27 39 100
511 27 41 150
511 18 27 100
511 40 41 99
511 4 27 150
511 33 27 100
512 7 27 148
512 40 4 100
512 31 27 100
512 14 7 100
513 3 41 148
513 21 40 100
513 35 41 150
513 31 27 100
513 31 41 99
513 45 27 148
513 47 41 150
513 24 27 148
514 6 7 100
514 14 7 100
514 14 27 148
514 24 27 148
514 36 41 100
515 24 27 148
515 24 41 150
515 17 15 100
515 17 40 148
515 4 7 150
515 4 27 150
515 38 15 100
515 29 7 99
515 40 15 100
515 40 41 99
515 36 41 100
515 23 41 148
515 35 15 100
515 35 41 150
516 40 15 100
516 45 27 148
516 12 15 148
516 12 40 148
516 8 15 150
516 8 27 150
516 48 7 150
516 29 7 99
517 17 15 100
517 17 40 148
517 48 15 100
517 36 15 150
517 36 39 100
517 18 27 100
517 14 27 148
517 38 15 100
518 27 15 100
518 29 7 99
518 40 15 100
518 33 15 148
518 33 27 100
518 33 40 99
518 43 40 99
518 18 27 100
518 41 7 99
518 41 15 100
519 24 27 148
519 24 37 150
519 24 41 150
519 11 37 100
519 14 7 100
519 14 27 148
519 14 40 100
519 14 41 148
519 35 41 150
519 43 40 99
519 49 27 100
519 31 41 99
520 44 40 150
520 44 41 100
520 15 15 150
520 15 41 148
520 31 27 100
520 31 41 99
520 35 15 100
520 35 41 150
520 32 41 150
520 48 7 150
520 48 15 100
520 4 27 150
521 35 15 100
521 40 15 100
521 9 15 148
521 4 7 150
521 4 27 150
521 24 27 148
521 36 40 150
521 48 15 100
522 49 7 99
522 49 27 100
522 6 7 100
522 24 27 148
522 31 27 100
522 40 15 100
522 4 39 99
522 14 15 150
522 14 40 100
523 29 7 99
523 6 7 100
523 0 40 148
523 13 15 100
523 17 15 100
523 7 15 150
523 7 27 148
523 49 27 100
523 48 15 100
524 6 7 100
524 6 41 150
524 12 15 148
524 7 27 148
524 44 41 100
524 4 27 150
524 3 41 148
524 35 41 150
524 14 41 148
524 25 20 100
525 24 27 148
525 31 27 100
525 14 7 100
525 14 40 100
525 39 7 100
526 12 40 148
526 31 27 100
526 31 41 99
526 20 40 99
526 8 23 99
526 8 27 150
526 8 41 99
526 36 41 100
526 26 41 99
526 35 41 150
526 18 27 100
527 24 27 148
527 24 41 150
527 0 40 148
527 41 7 99
527 23 41 148
527 44 41 100
527 45 27 148
528 18 27 100
528 18 39 100
528 24 27 148
528 24 41 150
528 14 7 100
528 14 40 100
528 14 41 148
528 3 29 100
528 39 7 100
528 31 27 100
529 13 7 150
529 23 41 148
529 32 40 100
529 32 41 150
529 22 40 150
529 7 27 148
529 26 41 99
529 15 41 148
530 32 40 100
530 32 41 150
530 4 7 150
530 4 27 150
530 14 27 148
530 14 41 148
530 3 41 148
530 24 41 150
530 26 41 99
531 21 40 100
531 29 7 99
531 14 27 148
531 14 40 100
531 14 41 148
531 6 41 150
531 3 41 148
531 23 41 148
531 44 41 100
531 18 27 100
531 8 27 150
532 49 7 99
532 49 27 100
532 33 27 100
532 33 40 99
532 14 7 100
532 31 27 100
533 6 13 100
533 7 15 150
533 7 27 148
533 18 27 100
533 43 40 99
533 14 15 150
533 14 40 100
533 17 15 100
534 12 15 148
534 48 15 100
534 31 27 100
534 31 41 99
534 4 27 150
534 4 39 99
534 6 41 150
534 33 15 148
534 33 27 100
534 32 41 150
534 47 41 150
534 8 41 99
535 20 40 99
535 38 15 100
535 47 41 150
535 7 15 150
535 7 27 148
535 45 27 148
535 36 15 150
535 36 41 100
535 29 7 99
535 48 15 100
535 6 7 100
535 6 41 150
536 40 41 99
536 49 7 99
536 49 27 100
536 18 27 100
536 36 40 150
536 36 41 100
537 24 27 148
537 14 7 100
537 14 15 150
537 14 27 148
537 14 40 100
537 36 15 150
537 36 40 150
537 38 15 100
537 29 7 99
538 33 15 148
538 33 27 100
538 33 40 99
538 7 15 150
538 7 27 148
538 17 15 100
538 45 27 148
539 30 40 150
539 31 22 100
539 31 27 100
539 31 41 99
539 27 41 150
539 48 7 150
539 7 27 148
539 23 41 148
539 14 41 148
540 17 15 100
540 17 40 148
540 45 27 148
540 15 15 150
540 15 41 148
540 8 15 150
540 8 23 99
540 8 27 150
541 33 27 100
541 33 37 148
541 33 40 99
541 9 37 100
541 31 27 100
541 31 41 99
541 8 27 150
541 8 41 99
541 44 41 100
541 4 7 150
541 4 39 99
541 27 41 150
541 36 41 100
542 9 15 148
542 38 15 100
542 18 27 100
542 31 27 100
542 12 15 148
542 12 40 148
542 33 40 99
542 29 7 99
543 3 41 148
543 27 41 150
543 43 40 99
543 24 27 148
543 24 37 150
543 24 41 150
543 26 41 99
543 49 7 99
543 49 27 100
543 29 7 99
544 22 40 150
544 33 27 100
544 33 40 99
544 44 41 100
544 26 41 99
544 29 7 99
544 24 27 148
544 24 41 150
544 40 41 99
544 18 27 100
544 32 41 150
544 8 41 99
544 41 7 99
545 30 4 100
545 30 40 150
545 31 27 100
545 31 41 99
545 36 41 100
545 39 7 100
545 15 41 148
545 45 27 148
545 32 41 150
545 6 41 150
545 49 27 100
546 31 27 100
546 31 41 99
546 32 40 100
546 29 7 99
546 18 27 100
546 39 7 100
546 33 27 100
547 15 39 100
547 15 41 148
547 3 41 148
547 6 7 100
547 6 41 150
547 49 27 100
547 7 27 148
547 30 40 150
547 27 41 150
548 35 15 100
548 35 41 150
548 13 7 150
548 13 15 100
548 47 41 150
548 21 40 100
548 6 41 150
548 15 15 150
548 15 41 148
548 14 15 150
548 14 27 148
548 14 40 100
549 6 7 100
549 6 41 150
549 41 7 99
549 20 40 99
549 35 41 150
549 31 27 100
549 31 41 99
549 4 27 150
549 5 4 100
549 26 41 99
549 15 41 148
550 14 27 148
550 14 40 100
550 8 27 150
550 31 27 100
550 7 27 148
550 32 40 100
551 30 40 150
551 14 7 100
551 14 27 148
551 24 27 148
552 40 41 99
552 23 41 148
552 3 41 148
552 49 7 99
552 47 41 150
552 32 41 150
553 3 41 148
553 31 27 100
553 31 41 99
553 19 4 100
553 19 33 100
553 12 40 148
553 21 33 150
553 4 7 150
553 4 27 150
553 4 33 99
553 43 33 99
554 31 27 100
554 31 41 99
554 22 40 150
554 43 23 100
554 14 15 150
554 14 27 148
554 14 41 148
554 44 41 100
554 17 15 100
554 48 15 100
555 22 40 150
555 33 27 100
555 8 27 150
556 6 7 100
556 17 15 100
556 17 40 148
556 49 27 100
556 39 34 148
556 9 15 148
556 15 15 150
556 15 39 100
557 20 40 99
557 49 7 99
557 49 27 100
557 21 40 100
557 14 7 100
557 14 27 148
558 30 40 150
558 4 7 150
558 4 27 150
558 8 15 150
558 8 27 150
558 8 41 99
558 48 15 100
558 7 15 150
558 15 41 148
558 36 41 100
558 44 41 100
558 32 41 150
559 9 15 148
559 23 41 148
559 30 40 150
559 41 7 99
559 41 15 100
559 17 15 100
559 36 15 150
559 36 41 100
559 44 41 100
559 15 41 148
559 7 27 148
559 49 27 100
560 36 41 100
560 39 7 100
560 4 27 150
560 29 7 99
560 24 27 148
560 40 41 99
561 22 40 150
561 33 27 100
561 24 27 148
561 45 27 148
561 49 7 99
562 20 40 99
562 33 27 100
562 33 40 99
562 22 39 100
562 14 7 100
562 14 27 148
562 4 7 150
563 41 7 99
563 8 27 150
563 8 41 99
563 4 27 150
563 47 41 150
563 15 41 148
564 13 7 150
564 13 15 100
564 41 15 100
564 4 27 150
564 12 15 148
564 12 40 148
564 33 27 100
564 18 27 100
564 27 15 100
564 27 41 150
565 45 27 148
565 43 40 99
565 33 27 100
565 29 7 99
565 36 41 100
566 14 7 100
566 14 27 148
566 14 40 100
566 39 7 100
566 24 27 148
567 21 40 100
567 12 40 148
567 18 27 100
567 6 7 100
567 7 27 148
567 49 7 99
568 40 15 100
568 40 41 99
568 41 7 99
568 41 15 100
568 8 15 150
568 8 27 150
568 8 41 99
568 36 39 100
568 36 41 100
568 6 41 150
568 47 41 150
569 47 37 100
569 47 41 150
569 34 37 100
569 30 40 150
569 29 7 99
569 4 7 150
569 4 27 150
569 3 41 148
569 26 41 99
569 33 27 100
569 15 41 148
569 24 27 148
569 24 41 150
570 45 27 148
570 43 40 99
570 37 40 100
570 24 27 148
570 8 15 150
570 9 15 148
570 41 7 99
570 41 15 100
570 35 15 100
570 49 27 100
571 30 40 150
571 49 27 100
571 8 27 150
572 37 40 100
572 49 7 99
572 49 27 100
572 36 15 150
572 36 41 100
572 13 15 100
572 40 15 100
572 40 41 99
572 14 7 100
572 14 27 148
572 14 41 148
573 49 7 99
573 49 27 100
573 6 41 150
573 45 27 148
573 22 39 100
573 33 27 100
573 31 41 99
573 26 41 99
574 36 40 150
574 36 41 100
574 7 27 148
574 29 7 99
574 49 7 99
574 49 27 100
574 40 41 99
574 33 27 100
574 6 41 150
574 47 41 150
574 8 41 99
575 39 7 100
575 40 41 99
575 27 41 150
575 31 41 99
575 6 41 150
575 8 41 99
576 4 27 150
576 45 27 148
577 33 27 100
577 14 27 148
