4 27 9 100
5 12 28 100
7 27 9 100
8 23 9 100
9 19 9 99
10 19 28 100
11 27 28 100
12 18 9 99
14 28 28 150
16 45 9 150
19 27 9 100
20 27 9 100
22 47 9 150
24 23 9 100
25 0 9 99
26 12 9 99
27 27 28 100
29 18 9 99
30 18 9 99
31 12 28 100
32 27 28 100
34 0 9 99
35 0 9 99
36 27 28 100
38 18 9 99
39 34 28 100
41 23 9 100
42 27 9 100
44 9 28 100
45 0 9 99
46 18 9 99
47 19 9 99
48 19 28 100
51 16 28 148
52 19 28 100
54 27 9 100
55 27 9 100
56 18 9 99
58 27 28 100
59 23 9 100
60 19 28 100
61 12 9 99
63 41 28 99
64 44 9 100
66 28 28 150
67 0 9 99
68 12 9 99
69 19 28 100
72 19 9 99
73 23 9 100
74 41 28 99
75 23 9 100
76 12 28 100
77 34 28 100
79 18 9 99
81 44 9 100
83 19 9 99
85 19 9 99
85 23 9 100
86 1 28 150
87 9 28 100
90 19 9 99
91 20 28 148
92 44 9 100
94 12 9 99
95 0 9 99
96 44 9 100
99 27 28 100
100 9 28 100
101 45 9 150
102 27 28 100
104 0 9 99
106 12 28 100
107 27 9 100
109 12 9 99
110 16 28 148
112 18 9 99
113 34 28 100
114 12 9 99
115 27 28 100
116 19 28 100
119 18 9 99
120 19 9 99
121 28 28 150
123 1 28 150
124 27 9 100
125 19 28 100
128 0 9 99
129 12 9 99
131 19 9 99
132 37 28 150
134 44 9 100
135 19 9 99
137 18 9 99
138 18 9 99
139 18 9 99
141 0 9 99
142 27 9 100
144 10 9 150
146 20 28 148
147 12 28 100
148 27 9 100
150 18 9 99
151 12 28 100
152 23 9 100
153 24 28 100
155 12 9 99
156 0 9 99
158 24 28 100
159 18 9 99
160 18 9 99
161 12 9 99
164 19 9 99
165 12 9 99
166 12 28 100
167 24 28 100
168 34 28 100
169 44 9 100
170 19 28 100
172 12 9 99
174 19 9 99
175 28 28 150
177 45 9 150
179 34 28 100
180 19 28 100
182 34 28 100
184 15 28 150
185 47 9 150
187 45 9 150
189 0 9 99
190 44 9 100
192 45 9 150
193 12 28 100
196 47 9 150
199 0 9 99
199 27 9 100
200 20 28 148
201 19 9 99
204 41 28 99
205 41 28 99
206 34 28 100
207 19 28 100
208 18 9 99
210 12 9 99
211 12 28 100
213 12 28 100
214 0 9 99
215 27 28 100
217 12 9 99
217 44 9 100
220 10 9 150
222 9 28 100
223 16 28 148
225 12 28 100
226 44 9 100
227 24 28 100
228 41 28 99
229 23 9 100
231 23 9 100
232 44 9 100
233 44 9 100
236 47 9 150
238 44 9 100
239 0 9 99
241 10 9 150
243 41 28 99
244 37 28 150
245 10 9 150
247 23 9 100
248 12 9 99
250 41 28 99
251 24 28 100
253 19 9 99
254 12 28 100
256 12 28 100
257 19 9 99
258 27 9 100
260 20 28 148
262 34 28 100
263 18 9 99
264 27 9 100
265 24 28 100
266 9 28 100
268 12 28 100
269 41 28 99
270 23 9 100
272 34 28 100
273 12 28 100
275 27 9 100
276 20 28 148
277 44 9 100
279 19 28 100
280 12 28 100
282 12 28 100
283 9 28 100
285 37 28 150
287 27 9 100
288 16 28 148
289 44 9 100
291 34 28 100
292 0 9 99
294 18 9 99
295 19 9 99
297 12 28 100
298 0 9 99
299 41 28 99
300 23 9 100
301 18 9 99
303 0 9 99
304 19 28 100
305 44 9 100
306 12 9 99
308 0 9 99
310 0 9 99
311 15 28 150
313 19 9 99
315 12 9 99
316 18 9 99
318 23 9 100
319 12 28 100
320 24 28 100
321 23 9 100
322 23 9 100
323 41 28 99
325 27 9 100
326 19 9 99
328 44 9 100
329 23 9 100
330 23 9 100
333 15 28 150
334 47 9 150
335 9 28 100
338 44 9 100
339 19 9 99
340 27 28 100
341 41 28 99
342 19 28 100
345 19 9 99
346 0 9 99
347 23 9 100
349 18 9 99
350 24 28 100
351 18 9 99
353 15 28 150
354 47 9 150
357 27 9 100
358 18 9 99
359 16 28 148
361 27 9 100
363 1 28 150
364 44 9 100
365 27 9 100
367 47 9 150
370 9 28 100
371 12 9 99
372 27 9 100
373 28 28 150
375 18 9 99
377 10 9 150
378 41 28 99
379 9 28 100
381 12 9 99
382 19 9 99
383 12 28 100
386 0 9 99
387 27 9 100
388 27 9 100
389 41 28 99
390 37 28 150
392 23 9 100
394 27 9 100
396 10 9 150
398 41 28 99
399 23 9 100
400 44 9 100
401 23 9 100
402 24 28 100
404 12 28 100
405 47 9 150
408 28 28 150
409 0 9 99
410 27 9 100
413 28 28 150
414 44 9 100
415 34 28 100
416 44 9 100
417 0 9 99
419 18 9 99
420 18 9 99
422 10 9 150
424 47 9 150
426 44 9 100
428 44 9 100
429 28 28 150
431 0 9 99
433 37 28 150
434 12 9 99
435 44 9 100
438 12 28 100
439 0 9 99
440 18 9 99
442 47 9 150
443 12 9 99
445 19 9 99
446 12 28 100
447 27 9 100
449 34 28 100
450 45 9 150
452 10 9 150
453 19 28 100
455 10 9 150
457 12 28 100
458 24 28 100
460 9 28 100
462 12 9 99
463 19 9 99
465 45 9 150
466 34 28 100
467 28 28 150
470 37 28 150
472 34 28 100
473 9 28 100
474 12 28 100
476 19 9 99
477 12 9 99
479 37 28 150
479 44 9 100
480 34 28 100
482 27 28 100
484 44 9 100
485 27 28 100
486 44 9 100
488 41 28 99
489 27 9 100
490 23 9 100
492 27 9 100
493 15 28 150
495 12 28 100
496 45 9 150
499 44 9 100
500 27 9 100
502 18 9 99
503 27 9 100
504 23 9 100
505 27 28 100
506 19 28 100
508 47 9 150
509 24 28 100
511 12 9 99
512 23 9 100
515 19 9 99
516 12 9 99
517 0 9 99
518 15 28 150
520 24 28 100
522 9 28 100
523 10 9 150
525 44 9 100
526 19 9 99
528 18 9 99
529 34 28 100
530 34 28 100
532 0 9 99
533 12 9 99
535 10 9 150
536 9 28 100
538 9 28 100
539 41 28 99
540 47 9 150
542 27 9 100
543 41 28 99
544 44 9 100
546 10 9 150
549 10 9 150
550 27 28 100
552 27 28 100
554 34 28 100
555 12 9 99
557 10 9 150
558 0 9 99
559 15 28 150
562 34 28 100
563 12 9 99
564 12 9 99
565 23 9 100
567 20 28 148
569 10 9 150
570 24 28 100
572 19 9 99
573 19 28 100
574 23 9 100
576 23 9 100
578 7 45 100
578 49 45 100
578 36 45 148
579 13 4 100
579 36 45 148
579 12 9 99
579 12 28 100
580 27 42 100
580 18 4 100
581 1 28 150
582 22 14 100
582 7 4 100
583 15 36 100
583 7 4 100
583 24 28 100
584 36 46 100
584 19 15 100
585 18 9 99
586 27 28 100
586 9 8 99
587 18 4 100
587 18 36 150
587 41 14 99
587 41 28 99
587 35 42 100
588 48 42 150
588 44 9 100
588 41 4 100
589 47 8 100
589 13 46 99
589 5 15 148
589 46 5 99
590 41 28 99
591 49 45 100
591 36 45 148
591 23 45 150
591 24 4 148
591 24 45 100
592 0 9 99
592 2 15 100
593 44 9 100
593 44 14 99
593 13 4 100
593 13 36 100
594 3 4 99
594 7 45 100
594 5 8 148
594 24 45 100
595 49 45 100
595 35 5 150
595 36 33 100
595 36 45 148
595 12 9 99
595 24 33 150
596 19 15 100
596 19 28 100
596 22 46 100
596 39 33 100
597 13 4 100
597 0 42 150
597 37 42 100
597 30 42 100
598 35 42 100
598 49 36 100
598 42 42 150
598 22 14 100
598 14 4 100
598 2 15 100
599 16 28 148
599 47 8 100
599 47 36 99
600 27 28 100
600 7 4 100
601 41 4 100
601 5 3 100
601 23 9 100
602 37 46 100
602 19 8 150
602 19 28 100
602 21 0 100
603 19 28 100
603 22 14 100
604 45 33 148
604 14 4 100
604 43 33 100
604 37 33 100
604 37 42 100
605 18 9 99
606 5 15 148
606 24 45 100
606 17 45 148
606 23 45 150
606 41 4 100
606 41 45 148
607 37 46 100
607 39 5 100
607 18 9 99
608 27 5 99
608 27 28 100
608 15 36 100
608 41 14 99
608 9 8 99
609 6 33 150
609 41 28 99
609 17 33 100
609 36 33 100
610 19 9 99
610 19 45 99
610 23 45 150
610 0 38 99
610 41 45 148
610 40 8 100
611 46 4 150
611 18 9 99
612 6 42 99
612 12 9 99
612 7 45 100
612 13 46 99
613 45 0 100
613 41 14 99
613 27 42 100
613 2 15 100
613 11 42 100
614 3 4 99
614 41 28 99
615 48 8 99
615 13 4 100
615 41 28 99
616 12 9 99
616 12 36 99
616 30 42 100
617 9 8 99
617 3 4 99
617 13 46 99
618 21 0 100
618 44 9 100
618 44 14 99
618 0 9 99
619 3 4 99
620 48 42 150
620 47 9 150
621 22 46 100
621 19 5 100
621 19 9 99
621 19 15 100
622 36 4 150
622 0 9 99
622 40 8 100
623 22 14 100
623 9 8 99
624 45 9 150
624 7 4 100
625 27 5 99
625 27 41 150
625 48 36 99
626 40 4 100
626 26 46 99
626 21 15 148
627 45 45 100
627 20 28 148
627 49 45 100
627 25 45 150
628 16 14 100
628 45 45 100
628 25 45 150
628 41 4 100
628 41 45 148
628 2 45 99
628 5 3 100
628 36 45 148
629 9 8 99
629 7 4 100
629 7 45 100
629 17 42 150
629 17 45 148
630 0 38 99
630 37 28 150
630 41 45 148
630 45 45 100
631 35 42 100
631 48 45 150
631 30 38 100
631 19 9 99
631 19 45 99
632 12 36 99
632 13 4 100
633 6 42 99
633 13 4 100
633 41 45 148
633 47 8 100
633 16 15 150
633 19 45 99
634 6 42 99
634 40 42 100
634 0 14 100
635 14 4 100
635 25 33 150
635 13 46 99
635 9 28 100
635 20 33 150
635 27 33 150
636 48 8 99
636 48 36 99
636 0 9 99
637 7 0 100
637 7 4 100
637 40 42 100
638 37 42 100
638 14 15 150
638 19 9 99
639 25 45 150
639 46 4 150
639 36 14 100
639 36 45 148
639 1 28 150
639 48 45 150
640 36 0 100
641 45 36 100
642 18 4 100
642 18 9 99
642 36 46 100
643 18 4 100
643 18 9 99
643 19 15 100
644 28 28 150
644 36 14 100
645 45 45 100
645 17 45 148
645 44 8 148
645 44 9 100
645 2 4 99
645 2 15 100
645 2 45 99
645 23 45 150
646 14 4 100
646 48 8 99
646 48 42 150
646 37 46 100
646 18 9 99
648 14 5 150
648 23 9 100
649 15 36 100
649 22 14 100
649 11 42 100
649 3 4 99
649 6 42 99
650 18 4 100
650 9 8 99
651 40 42 100
651 47 9 150
651 31 15 150
651 13 46 99
652 46 4 150
652 28 28 150
653 15 36 100
653 14 8 150
654 41 4 100
654 6 42 99
654 27 42 100
654 48 42 150
654 11 42 100
655 7 45 100
655 14 15 150
655 42 42 150
655 16 5 99
655 16 14 100
655 41 45 148
655 25 45 150
656 7 4 100
656 7 45 100
656 19 9 99
656 19 45 99
656 9 8 99
656 49 45 100
657 27 28 100
657 19 45 99
657 31 3 100
657 45 45 100
658 17 45 148
658 14 4 100
658 19 15 100
659 22 46 100
659 6 36 100
660 14 4 100
660 10 47 100
660 11 33 148
660 20 33 150
660 22 14 100
661 27 9 100
661 9 8 99
661 0 9 99
662 3 4 99
662 12 28 100
663 40 4 100
663 24 15 148
663 24 45 100
663 2 45 99
663 48 45 150
663 7 45 100
664 25 45 150
664 48 8 99
664 48 45 150
664 44 9 100
664 41 45 148
665 48 8 99
665 41 4 100
665 41 14 99
665 44 9 100
665 49 45 100
665 22 46 100
666 12 28 100
666 2 4 99
666 2 15 100
666 0 42 150
668 27 5 99
669 36 4 150
669 36 45 148
669 49 45 100
669 23 9 100
669 23 45 150
669 19 28 100
669 19 45 99
670 0 14 100
670 40 8 100
670 37 46 100
671 13 4 100
671 44 9 100
671 35 42 100
671 24 15 148
672 3 4 99
673 15 36 100
673 42 42 150
674 6 42 99
674 12 28 100
674 39 5 100
675 34 28 100
675 34 36 99
675 0 14 100
675 41 4 100
676 16 15 150
676 44 9 100
676 37 46 100
676 40 4 100
677 12 9 99
677 12 36 99
677 40 8 100
678 24 4 148
679 39 5 100
680 34 28 100
680 34 36 99
680 41 14 99
681 47 9 150
681 41 4 100
681 31 3 100
681 36 46 100
682 16 5 99
682 16 15 150
682 23 45 150
682 36 45 148
682 49 45 100
682 2 45 99
683 44 5 100
683 41 28 99
683 35 42 100
684 7 4 100
684 17 42 150
685 47 8 100
685 44 14 99
686 29 0 99
686 0 9 99
686 13 46 99
687 2 8 150
687 2 15 100
687 2 45 99
687 37 28 150
687 36 45 148
687 41 45 148
687 49 45 100
687 19 9 99
688 14 4 100
689 0 38 99
689 0 42 150
689 48 45 150
689 14 4 100
689 2 45 99
689 25 45 150
690 36 14 100
690 36 38 100
690 36 45 148
690 0 9 99
690 40 8 100
691 45 0 100
691 18 9 99
692 26 46 99
692 24 5 100
693 2 4 99
693 2 15 100
693 9 8 99
693 8 18 100
693 44 9 100
694 19 9 99
694 19 45 99
694 23 45 150
694 48 45 150
695 36 14 100
695 44 5 100
695 2 45 99
696 36 0 100
697 27 28 100
697 27 42 100
697 7 4 100
698 22 46 100
698 0 38 99
698 48 8 99
698 47 8 100
698 39 5 100
699 13 36 100
699 27 9 100
699 19 15 100
700 47 4 148
700 47 8 100
700 19 28 100
700 22 14 100
701 2 15 100
702 9 8 99
702 9 28 100
702 0 9 99
702 45 36 100
702 18 4 100
703 18 4 100
704 26 46 99
704 44 9 100
705 19 9 99
705 19 15 100
705 9 8 99
705 44 14 99
705 3 4 99
706 13 4 100
707 0 9 99
707 19 15 100
708 7 4 100
708 27 28 100
708 26 46 99
709 34 36 99
709 13 4 100
709 46 3 100
710 17 42 150
710 22 14 100
711 24 4 148
711 24 33 150
711 24 45 100
711 27 33 150
711 43 33 100
711 23 45 150
712 49 45 100
712 24 8 148
712 24 28 100
712 24 45 100
712 12 9 99
713 2 4 99
713 2 15 100
713 2 45 99
713 7 45 100
713 9 28 100
713 41 45 148
713 49 45 100
714 13 46 99
714 39 5 100
714 18 9 99
714 49 45 100
715 18 4 100
715 18 33 99
715 43 33 100
715 17 33 100
715 17 42 150
715 39 33 100
716 42 42 150
716 48 36 99
716 23 9 100
716 41 14 99
717 12 36 99
717 21 0 100
717 24 33 150
717 36 33 100
717 45 33 148
718 35 42 100
718 3 4 99
718 19 15 100
718 19 28 100
718 9 8 99
719 48 8 99
719 48 36 99
720 49 45 100
720 17 45 148
720 48 45 150
720 7 4 100
720 7 45 100
721 24 14 100
722 23 9 100
722 19 15 100
722 26 0 100
722 26 46 99
723 9 8 99
723 19 5 100
723 19 9 99
723 19 45 99
723 45 45 100
723 25 45 150
724 34 28 100
724 44 5 100
724 49 45 100
724 17 45 148
724 45 45 100
724 9 8 99
725 0 14 100
725 12 28 100
725 48 45 150
726 17 4 150
726 17 45 148
726 12 28 100
726 27 38 100
727 9 8 99
727 6 36 100
727 39 47 100
728 27 9 100
728 17 15 150
728 17 45 148
728 48 45 150
728 41 4 100
728 41 45 148
729 7 4 100
730 36 14 100
730 36 33 100
730 42 33 99
730 18 33 99
730 19 15 100
730 13 36 100
731 41 4 100
731 30 42 100
731 42 42 150
731 27 42 100
731 40 42 100
732 19 42 150
732 19 45 99
732 23 45 150
732 36 45 148
732 36 46 100
732 18 4 100
732 48 45 150
733 6 36 100
733 10 9 150
733 19 15 100
734 19 8 150
734 3 4 99
734 45 36 100
735 23 9 100
735 3 4 99
735 40 42 100
735 19 15 100
735 36 14 100
736 43 33 100
736 27 9 100
736 27 33 150
736 27 42 100
736 40 42 100
736 18 33 99
737 44 8 148
737 44 33 100
737 37 28 150
737 37 42 100
737 41 4 100
738 46 5 99
738 23 45 150
738 7 45 100
738 2 45 99
738 48 45 150
739 18 4 100
739 18 9 99
739 40 8 100
739 34 36 99
739 2 15 100
740 48 5 150
740 24 14 100
740 22 46 100
741 43 8 148
741 19 28 100
742 19 9 99
743 45 36 100
743 2 4 99
744 44 5 100
744 44 9 100
745 16 14 100
745 6 42 99
745 14 4 100
745 26 46 99
746 0 9 99
747 6 33 150
747 36 4 150
747 36 33 100
747 23 9 100
747 2 15 100
748 48 8 99
748 48 36 99
748 7 0 100
748 42 33 99
748 0 9 99
749 26 46 99
749 42 8 150
750 10 9 150
750 41 4 100
750 40 8 100
751 18 4 100
751 44 14 99
752 12 28 100
752 28 3 99
752 11 42 100
752 6 42 99
752 19 15 100
753 22 46 100
753 12 28 100
754 36 4 150
754 12 9 99
754 30 42 100
755 37 33 100
755 19 15 100
755 25 33 150
755 20 33 150
756 34 28 100
756 16 14 100
756 40 4 100
756 40 8 100
757 48 8 99
757 48 45 150
757 19 45 99
757 49 45 100
757 36 45 148
757 14 4 100
758 26 46 99
758 23 9 100
759 19 5 100
759 19 9 99
760 14 5 150
760 48 8 99
760 16 28 148
761 36 0 100
761 36 14 100
761 27 42 100
761 2 15 100
762 3 4 99
762 30 38 100
762 27 9 100
762 36 46 100
763 7 4 100
764 0 9 99
764 0 42 150
764 19 15 100
765 21 0 100
765 19 9 99
766 48 8 99
766 44 9 100
766 40 4 100
767 24 14 100
767 7 4 100
767 26 46 99
767 12 9 99
769 47 4 148
769 19 15 100
770 40 42 100
770 23 9 100
771 43 8 148
771 40 4 100
771 22 46 100
771 19 9 99
772 19 9 99
772 19 15 100
772 48 8 99
772 41 4 100
772 16 18 100
773 16 14 100
774 40 4 100
774 41 38 100
774 41 45 148
774 25 45 150
774 24 45 100
774 45 45 100
775 12 9 99
775 18 4 100
775 9 8 99
776 25 45 150
776 12 9 99
776 48 8 99
776 48 45 150
776 17 45 148
777 31 3 100
777 17 45 148
777 45 45 100
777 36 45 148
777 41 45 148
778 27 5 99
778 27 42 100
778 13 4 100
778 16 14 100
778 16 15 150
778 48 45 150
778 25 45 150
778 35 42 100
778 17 45 148
779 2 4 99
779 2 45 99
779 46 33 150
779 41 28 99
779 41 45 148
779 17 33 100
779 17 45 148
779 44 9 100
779 44 33 100
779 36 45 148
781 26 46 99
781 9 28 100
782 40 42 100
782 19 15 100
783 44 9 100
783 44 14 99
783 2 4 99
784 12 9 99
784 37 42 100
784 37 46 100
784 47 8 100
784 40 4 100
785 27 28 100
785 9 0 100
786 23 9 100
786 0 47 99
787 33 36 150
787 3 4 99
787 9 28 100
788 41 4 100
788 41 14 99
788 12 9 99
789 26 46 99
790 17 4 150
791 21 0 100
791 21 15 148
791 12 9 99
792 16 5 99
793 13 8 150
793 13 46 99
793 22 14 100
793 42 42 150
794 17 42 150
794 16 28 148
794 12 36 99
794 3 4 99
795 25 45 150
795 7 4 100
795 7 45 100
795 19 15 100
795 19 45 99
795 23 45 150
795 47 8 100
796 40 8 100
796 18 9 99
797 27 5 99
798 11 42 100
798 34 28 100
798 34 36 99
798 22 14 100
798 35 42 100
798 0 9 99
798 0 42 150
798 14 4 100
799 42 42 150
799 14 4 100
799 34 28 100
799 34 36 99
799 30 42 100
800 11 42 100
800 35 5 150
800 2 15 100
800 47 8 100
801 22 46 100
802 17 4 150
802 23 9 100
803 27 9 100
803 41 14 99
803 9 8 99
803 26 3 99
804 2 15 100
805 41 28 99
805 17 42 150
805 23 9 100
805 19 5 100
805 13 46 99
806 48 8 99
806 48 42 150
806 24 5 100
807 38 0 100
807 23 9 100
808 0 9 99
808 0 14 100
808 2 4 99
808 22 46 100
809 35 42 100
809 21 0 100
809 2 15 100
810 0 9 99
810 13 36 100
811 36 0 100
811 44 9 100
812 19 15 100
812 40 4 100
813 45 36 100
813 27 28 100
813 0 14 100
814 27 9 100
814 13 46 99
814 19 15 100
815 3 4 99
815 43 8 148
815 45 36 100
815 0 9 99
816 7 4 100
816 18 9 99
817 17 42 150
818 18 4 100
818 31 36 100
818 2 15 100
818 36 14 100
819 24 28 100
819 18 4 100
820 13 46 99
821 23 4 150
821 19 28 100
822 41 28 99
822 27 5 99
823 26 3 99
823 22 14 100
823 14 5 150
823 18 9 99
823 47 36 99
824 47 8 100
824 21 15 148
824 49 45 100
824 48 45 150
824 23 9 100
824 23 45 150
824 41 45 148
825 9 8 99
825 7 4 100
826 26 46 99
826 14 4 100
826 9 28 100
827 0 42 150
827 16 5 99
827 9 8 99
827 34 36 99
828 17 15 150
828 17 45 148
828 0 9 99
828 0 14 100
828 24 45 100
828 41 45 148
828 45 45 100
829 37 42 100
829 12 9 99
829 24 8 148
829 24 45 100
829 2 4 99
829 2 45 99
829 25 45 150
829 41 45 148
830 12 9 99
830 14 4 100
831 16 28 148
832 3 4 99
832 45 33 148
832 11 33 148
832 44 33 100
833 3 4 99
833 23 8 148
833 23 9 100
833 26 46 99
833 37 42 100
833 19 15 100
833 36 14 100
834 41 28 99
834 6 36 100
835 16 5 99
835 9 8 99
836 2 4 99
836 9 8 99
837 44 9 100
837 44 33 100
837 22 46 100
837 7 4 100
837 45 33 148
837 18 33 99
837 2 15 100
837 0 42 150
838 36 14 100
838 49 36 100
838 0 9 99
839 34 28 100
839 7 4 100
840 44 9 100
840 2 4 99
841 23 9 100
841 19 15 100
842 2 4 99
842 13 46 99
842 27 28 100
843 36 14 100
843 7 4 100
843 40 8 100
844 27 9 100
844 19 15 100
845 41 4 100
845 18 9 99
846 43 8 148
846 18 9 99
846 2 15 100
846 2 45 99
846 19 45 99
846 49 45 100
846 7 45 100
847 7 4 100
847 7 45 100
847 13 46 99
847 9 28 100
848 16 14 100
848 7 4 100
848 37 38 150
850 6 36 100
850 48 5 150
851 13 4 100
851 13 36 100
852 16 28 148
852 41 4 100
852 9 8 99
853 22 14 100
853 22 46 100
853 44 9 100
853 2 15 100
854 0 38 99
854 41 4 100
855 21 0 100
855 11 33 148
855 27 33 150
855 39 33 100
856 47 9 150
856 18 4 100
856 38 38 100
857 6 36 100
857 9 8 99
858 44 14 99
858 19 28 100
858 6 36 100
858 23 47 100
859 46 4 150
859 48 8 99
859 44 9 100
860 44 5 100
860 44 9 100
860 37 46 100
860 5 3 100
861 24 5 100
861 48 8 99
861 0 9 99
862 16 15 150
863 12 9 99
863 2 4 99
863 44 14 99
863 37 46 100
864 9 28 100
864 46 5 99
