4 19 9 99
5 12 28 100
6 12 9 99
8 27 9 100
9 18 9 99
10 12 28 100
11 34 28 100
12 0 9 99
14 15 28 150
16 18 9 99
18 19 9 99
20 19 9 99
21 44 9 100
22 12 9 99
24 44 9 100
25 44 9 100
26 23 9 100
27 19 28 100
29 27 9 100
30 27 9 100
31 20 28 148
34 10 9 150
36 16 28 148
38 47 9 150
39 19 28 100
41 19 9 99
42 44 9 100
44 41 28 99
45 44 9 100
46 19 9 99
47 44 9 100
48 19 28 100
50 27 28 100
52 37 28 150
54 19 9 99
55 19 9 99
56 23 9 100
58 9 28 100
59 12 9 99
60 19 28 100
61 19 9 99
63 12 28 100
64 0 9 99
66 12 28 100
67 27 9 100
68 12 9 99
69 12 28 100
70 27 28 100
72 23 9 100
73 44 9 100
74 9 28 100
75 0 9 99
77 1 28 150
79 19 9 99
81 19 9 99
83 18 9 99
84 23 9 100
85 18 9 99
86 37 28 150
87 24 28 100
90 0 9 99
91 12 28 100
92 19 9 99
93 0 9 99
95 44 9 100
96 12 9 99
98 19 28 100
99 24 28 100
101 19 9 99
102 24 28 100
104 47 9 150
105 27 28 100
106 34 28 100
107 18 9 99
108 18 9 99
110 12 28 100
112 23 9 100
113 34 28 100
114 23 9 100
115 34 28 100
116 19 28 100
119 0 9 99
120 0 9 99
121 37 28 150
122 41 28 99
124 0 9 99
125 16 28 148
128 23 9 100
129 12 9 99
131 23 9 100
132 20 28 148
134 18 9 99
135 0 9 99
137 23 9 100
138 27 9 100
139 0 9 99
141 19 9 99
142 0 9 99
144 23 9 100
145 44 9 100
146 34 28 100
147 24 28 100
148 12 9 99
149 19 28 100
151 24 28 100
152 23 9 100
154 27 9 100
155 18 9 99
157 44 9 100
158 1 28 150
159 19 9 99
161 18 9 99
163 27 9 100
164 27 9 100
166 1 28 150
168 24 28 100
169 47 9 150
170 1 28 150
172 44 9 100
174 12 9 99
175 1 28 150
177 23 9 100
179 12 28 100
180 9 28 100
181 44 9 100
182 9 28 100
184 27 28 100
185 0 9 99
187 23 9 100
188 18 9 99
190 18 9 99
191 44 9 100
193 20 28 148
193 12 9 99
196 27 9 100
197 0 9 99
198 12 9 99
200 15 28 150
201 23 9 100
203 12 9 99
204 9 28 100
205 41 28 99
206 12 28 100
207 19 28 100
210 23 9 100
211 37 28 150
212 0 9 99
214 0 9 99
215 28 28 150
217 47 9 150
220 0 9 99
221 44 9 100
222 41 28 99
223 27 28 100
224 27 28 100
225 24 28 100
228 9 28 100
229 12 9 99
230 18 9 99
231 44 9 100
233 45 9 150
235 12 28 100
236 18 9 99
237 0 9 99
239 18 9 99
240 44 9 100
241 44 9 100
243 34 28 100
245 19 9 99
246 23 9 100
247 0 9 99
249 24 28 100
250 15 28 150
252 12 9 99
253 19 9 99
254 15 28 150
256 19 28 100
258 45 9 150
259 27 28 100
260 34 28 100
263 18 9 99
264 0 9 99
265 16 28 148
266 34 28 100
268 27 28 100
269 24 28 100
270 18 9 99
272 24 28 100
274 34 28 100
275 19 9 99
276 41 28 99
277 27 9 100
278 41 28 99
279 34 28 100
282 28 28 150
284 15 28 150
285 24 28 100
287 0 9 99
288 20 28 148
289 44 9 100
291 24 28 100
292 19 9 99
294 45 9 150
296 44 9 100
297 19 28 100
298 27 9 100
299 9 28 100
301 18 9 99
302 12 9 99
303 0 9 99
306 12 9 99
307 18 9 99
308 0 9 99
309 41 28 99
311 37 28 150
312 44 9 100
314 19 9 99
316 12 9 99
317 44 9 100
319 19 9 99
319 19 28 100
320 9 28 100
322 27 9 100
323 9 28 100
324 0 9 99
325 27 9 100
327 18 9 99
328 12 9 99
330 0 9 99
331 44 9 100
333 27 28 100
334 19 9 99
335 37 28 150
337 12 9 99
339 23 9 100
340 9 28 100
341 12 28 100
342 9 28 100
345 12 9 99
346 27 9 100
347 0 9 99
349 0 9 99
350 9 28 100
351 27 9 100
352 23 9 100
353 19 28 100
355 12 28 100
357 12 9 99
357 0 9 99
359 19 28 100
361 45 9 150
363 1 28 150
364 12 9 99
365 27 9 100
366 44 9 100
368 45 9 150
370 27 28 100
372 23 9 100
373 9 28 100
374 12 28 100
375 19 9 99
377 44 9 100
379 34 28 100
380 18 9 99
381 0 9 99
383 15 28 150
384 19 9 99
386 12 9 99
388 23 9 100
389 20 28 148
391 27 9 100
392 44 9 100
393 16 28 148
395 47 9 150
397 45 9 150
400 23 9 100
401 44 9 100
401 41 28 99
404 41 28 99
405 23 9 100
407 19 9 99
407 19 28 100
408 41 28 99
409 23 9 100
411 0 9 99
413 37 28 150
414 18 9 99
417 10 9 150
419 23 9 100
420 23 9 100
421 23 9 100
423 23 9 100
424 19 9 99
426 47 9 150
427 20 28 148
429 27 28 100
431 10 9 150
433 27 28 100
434 44 9 100
435 19 9 99
436 12 9 99
437 41 28 99
439 12 28 100
440 23 9 100
441 19 9 99
443 19 9 99
444 23 9 100
445 0 9 99
448 12 9 99
449 28 28 150
450 23 9 100
452 0 9 99
453 24 28 100
454 0 9 99
455 44 9 100
457 1 28 150
460 28 28 150
462 0 9 99
463 18 9 99
464 23 9 100
466 19 28 100
467 19 28 100
468 12 28 100
469 19 9 99
470 34 28 100
472 1 28 150
474 16 28 148
476 0 9 99
478 27 9 100
479 24 28 100
480 34 28 100
481 9 28 100
482 19 28 100
483 27 9 100
484 27 9 100
487 15 28 150
488 18 9 99
489 27 9 100
490 19 9 99
493 24 28 100
494 19 9 99
495 27 28 100
496 19 9 99
497 24 28 100
499 23 9 100
500 19 9 99
501 0 9 99
503 47 9 150
505 9 28 100
507 44 9 100
508 18 9 99
509 28 28 150
511 23 9 100
512 44 9 100
514 27 9 100
516 45 9 150
518 34 28 100
519 24 28 100
520 24 28 100
521 23 9 100
522 24 28 100
523 12 9 99
525 0 9 99
526 18 9 99
527 0 9 99
530 41 28 99
531 12 9 99
532 19 9 99
533 41 28 99
534 44 9 100
537 19 9 99
537 19 28 100
539 9 28 100
540 23 9 100
542 19 9 99
543 27 28 100
544 23 9 100
545 27 9 100
547 18 9 99
548 34 28 100
549 12 9 99
550 19 28 100
553 19 9 99
554 15 28 150
556 19 9 99
557 0 9 99
559 12 28 100
560 18 9 99
561 19 28 100
562 27 28 100
563 0 9 99
564 18 9 99
566 12 9 99
567 34 28 100
569 23 9 100
570 12 28 100
572 44 9 100
573 12 28 100
574 23 9 100
575 27 9 100
578 27 9 100
578 7 45 100
578 45 45 100
579 45 45 100
579 40 4 100
579 24 28 100
579 24 45 100
579 49 45 100
580 6 42 99
580 2 4 99
581 1 28 150
582 22 14 100
582 2 4 99
583 13 4 100
583 13 36 100
584 1 28 150
584 26 46 99
585 0 9 99
585 2 15 100
586 19 28 100
587 36 14 100
587 36 36 148
587 17 42 150
587 18 4 100
587 42 8 150
588 6 42 99
588 14 4 100
588 12 9 99
589 27 5 99
589 47 8 100
589 17 15 150
589 26 46 99
590 19 28 100
591 24 4 148
591 24 28 100
591 24 45 100
591 36 45 148
591 41 45 148
591 45 45 100
592 19 9 99
592 19 15 100
593 15 36 100
593 41 4 100
593 41 14 99
593 18 9 99
594 25 45 150
594 45 45 100
594 48 8 99
594 48 45 150
594 19 9 99
594 19 15 100
594 19 45 99
594 18 4 100
595 45 33 148
595 39 5 100
595 39 33 100
595 17 33 100
596 37 46 100
596 12 28 100
597 6 42 99
597 35 42 100
597 42 42 150
597 3 4 99
597 17 42 150
597 11 42 100
598 22 14 100
598 15 36 100
598 19 15 100
598 40 4 100
599 31 36 100
599 27 28 100
600 7 4 100
600 24 8 148
600 24 28 100
601 41 4 100
601 26 3 99
601 18 9 99
602 40 8 100
602 26 0 100
602 26 46 99
602 41 28 99
603 16 14 100
603 12 28 100
604 47 4 148
604 42 33 99
604 42 42 150
604 27 33 150
604 25 33 150
605 27 9 100
605 2 15 100
606 0 9 99
606 49 45 100
606 25 45 150
606 36 45 148
607 46 5 99
607 26 46 99
608 46 5 99
608 15 28 150
608 15 36 100
608 22 14 100
608 19 15 100
608 19 45 99
608 47 8 100
609 24 5 100
609 24 33 150
609 44 9 100
609 44 33 100
609 43 33 100
610 48 8 99
610 48 45 150
610 46 38 100
610 19 45 99
610 7 4 100
610 7 45 100
610 17 45 148
611 13 4 100
611 19 9 99
612 35 42 100
612 36 46 100
612 0 9 99
613 37 42 100
613 45 0 100
613 44 14 99
614 20 28 148
614 7 4 100
614 19 15 100
615 2 4 99
615 9 8 99
616 34 36 99
616 0 9 99
616 0 42 150
617 37 46 100
617 7 4 100
618 10 9 150
618 0 14 100
618 38 0 100
618 40 8 100
619 44 9 100
619 40 4 100
620 27 9 100
620 27 42 100
621 19 5 100
621 19 9 99
621 26 46 99
621 40 8 100
622 23 4 150
622 23 9 100
623 44 9 100
623 44 14 99
623 9 8 99
624 2 4 99
624 2 15 100
625 30 41 150
625 16 5 99
625 16 28 148
625 49 36 100
627 26 46 99
627 49 45 100
627 47 4 148
627 23 45 150
627 36 45 148
627 24 28 100
627 24 45 100
627 2 15 100
628 2 45 99
628 16 14 100
628 25 45 150
628 17 45 148
628 26 3 99
628 7 45 100
629 0 9 99
629 0 42 150
629 19 4 148
629 19 8 150
629 19 45 99
629 25 45 150
630 9 28 100
630 38 38 100
630 48 45 150
631 38 38 100
631 12 9 99
631 42 42 150
631 48 45 150
632 31 36 100
632 25 45 150
632 14 4 100
633 24 15 148
633 24 45 100
633 49 45 100
633 19 42 150
633 19 45 99
633 13 4 100
634 0 14 100
634 0 42 150
634 47 8 100
634 34 28 100
635 13 4 100
635 13 46 99
635 36 33 100
635 45 33 148
635 11 33 148
635 27 28 100
636 12 9 99
636 12 36 99
636 3 4 99
637 19 15 100
637 19 42 150
637 36 0 100
637 47 8 100
638 18 9 99
638 35 42 100
639 41 4 100
639 41 14 99
639 41 45 148
639 48 45 150
639 49 45 100
639 19 15 100
639 19 45 99
640 13 46 99
640 21 0 100
640 16 28 148
641 45 36 100
641 19 9 99
641 40 4 100
643 14 4 100
643 12 9 99
644 0 14 100
644 14 4 100
645 49 45 100
645 44 9 100
645 40 4 100
645 40 8 100
645 41 28 99
645 41 45 148
645 31 15 150
646 45 45 100
646 40 42 100
646 41 45 148
646 37 46 100
647 24 8 148
647 41 4 100
647 23 9 100
648 27 5 99
648 27 9 100
649 22 14 100
649 42 42 150
649 7 4 100
649 6 36 100
651 38 15 148
651 0 9 99
651 0 42 150
651 3 4 99
651 22 46 100
652 16 28 148
652 40 4 100
652 40 8 100
653 6 36 100
653 40 8 100
654 11 42 100
654 42 42 150
654 44 9 100
654 19 15 100
654 19 42 150
654 3 4 99
655 0 14 100
655 0 42 150
655 27 5 99
655 24 45 100
655 41 45 148
656 49 45 100
656 36 45 148
656 19 15 100
656 19 45 99
656 47 8 100
656 41 4 100
656 41 45 148
656 17 45 148
656 24 45 100
657 27 28 100
658 24 4 148
658 5 3 100
658 13 46 99
659 48 36 99
659 18 9 99
660 20 33 150
660 2 15 100
660 25 33 150
660 0 14 100
660 0 47 99
661 3 4 99
661 19 9 99
661 9 8 99
662 27 28 100
662 14 4 100
663 48 45 150
663 24 45 100
663 2 15 100
663 2 45 99
663 49 45 100
664 25 45 150
664 49 45 100
664 40 4 100
664 40 8 100
664 2 45 99
664 7 45 100
665 0 9 99
665 0 14 100
665 24 45 100
665 19 9 99
665 19 15 100
665 37 46 100
665 48 8 99
665 13 4 100
666 30 42 100
666 19 28 100
666 40 42 100
667 41 4 100
667 19 9 99
668 19 5 100
669 7 4 100
669 7 45 100
669 49 45 100
669 2 45 99
669 12 28 100
669 17 45 148
669 48 8 99
670 13 46 99
670 36 14 100
670 12 9 99
670 19 15 100
671 36 4 150
671 40 42 100
673 3 4 99
673 19 15 100
673 19 42 150
673 13 36 100
674 9 28 100
674 35 5 150
674 35 42 100
674 36 46 100
675 16 14 100
675 19 28 100
675 40 4 100
675 34 36 99
676 18 9 99
676 19 15 100
677 12 9 99
677 12 36 99
677 2 4 99
678 23 9 100
679 24 5 100
679 26 3 99
679 7 4 100
680 13 8 150
680 13 36 100
680 27 28 100
680 0 14 100
681 36 46 100
681 3 4 99
682 44 5 100
682 23 45 150
682 14 15 150
682 49 45 100
682 45 45 100
682 17 45 148
683 1 28 150
683 19 42 150
684 2 4 99
684 6 42 99
685 2 15 100
685 45 9 150
685 41 14 99
686 36 0 100
686 36 46 100
686 44 9 100
686 48 8 99
687 45 45 100
687 7 45 100
687 25 45 150
687 24 45 100
687 49 45 100
687 40 8 100
688 47 4 148
688 0 9 99
688 41 28 99
689 6 42 99
689 2 45 99
689 24 45 100
689 23 45 150
689 41 38 100
689 41 45 148
690 16 14 100
690 41 4 100
690 41 38 100
690 47 8 100
691 44 9 100
691 7 0 100
692 36 46 100
692 19 5 100
693 10 9 150
693 18 4 100
693 48 8 99
693 23 18 100
693 6 42 99
694 2 15 100
694 2 45 99
694 48 45 150
694 17 45 148
694 49 45 100
695 0 9 99
695 0 14 100
695 16 5 99
696 36 0 100
697 1 28 150
697 35 42 100
698 43 8 148
698 37 46 100
698 24 5 100
698 30 38 100
699 14 4 100
699 44 9 100
699 47 8 100
699 47 36 99
699 19 15 100
700 14 4 100
700 41 14 99
702 31 36 100
702 19 4 148
702 19 15 100
702 19 28 100
702 48 8 99
703 0 9 99
704 26 46 99
704 19 9 99
704 19 15 100
704 13 4 100
705 9 8 99
705 19 9 99
705 7 4 100
706 22 14 100
706 9 28 100
707 18 4 100
707 19 15 100
707 13 46 99
708 18 4 100
708 5 3 100
708 24 28 100
709 19 9 99
709 31 36 100
710 24 14 100
710 9 8 99
710 13 4 100
710 0 42 150
711 6 33 150
711 41 4 100
711 41 45 148
711 27 33 150
711 20 33 150
711 19 15 100
711 19 45 99
711 25 45 150
712 49 45 100
712 47 8 100
713 12 9 99
713 12 28 100
713 7 4 100
713 7 45 100
714 2 45 99
714 48 5 150
714 48 45 150
714 7 45 100
714 13 46 99
714 45 45 100
715 6 33 150
715 6 42 99
715 14 4 100
715 22 14 100
715 25 33 150
716 37 42 100
716 0 9 99
716 6 36 100
717 0 9 99
717 1 0 100
717 42 33 99
717 18 33 99
717 25 33 150
717 6 36 100
718 28 28 150
718 13 4 100
718 35 42 100
718 39 33 100
718 37 42 100
719 13 8 150
719 13 36 100
719 38 15 148
720 7 4 100
720 7 45 100
720 19 45 99
720 23 45 150
720 40 8 100
720 44 14 99
721 45 45 100
722 7 0 100
722 22 46 100
722 19 9 99
723 17 45 148
723 14 5 150
723 27 9 100
723 7 45 100
723 19 15 100
723 19 45 99
724 36 45 148
724 7 45 100
724 45 45 100
724 46 5 99
724 44 8 148
724 48 45 150
724 16 28 148
724 2 45 99
724 49 45 100
725 16 14 100
726 24 4 148
726 24 28 100
726 27 38 100
727 27 47 99
727 9 8 99
727 34 36 99
728 13 4 100
728 24 45 100
728 19 15 100
728 19 45 99
729 17 45 148
729 14 4 100
729 2 45 99
730 2 15 100
730 31 36 100
730 45 33 148
730 39 33 100
730 18 33 99
730 22 14 100
731 45 9 150
731 14 4 100
731 48 42 150
731 37 42 100
731 37 46 100
731 0 42 150
732 11 42 100
732 17 45 148
732 36 45 148
732 9 28 100
732 41 4 100
732 41 45 148
733 34 36 99
733 2 15 100
733 2 45 99
734 17 4 150
734 49 36 100
734 23 8 148
734 23 9 100
735 27 9 100
735 27 42 100
735 16 14 100
735 40 42 100
736 14 4 100
736 43 33 100
736 39 33 100
736 0 42 150
737 43 33 100
737 7 4 100
737 47 8 100
737 0 9 99
737 40 42 100
737 44 33 100
738 19 5 100
738 19 15 100
738 19 28 100
738 19 45 99
738 2 45 99
738 17 45 148
738 48 8 99
738 48 45 150
739 15 36 100
739 19 15 100
740 12 9 99
740 9 8 99
740 0 14 100
740 44 5 100
741 47 8 100
741 37 46 100
741 24 28 100
741 14 4 100
742 23 9 100
743 3 4 99
744 46 5 99
744 44 9 100
745 16 14 100
745 17 42 150
746 41 4 100
747 20 33 150
747 7 4 100
747 27 9 100
747 27 33 150
747 36 46 100
748 19 9 99
748 19 15 100
748 34 36 99
748 9 0 100
748 9 8 99
749 9 8 99
749 12 9 99
749 26 46 99
750 18 4 100
750 18 9 99
750 13 8 150
751 41 4 100
751 41 14 99
752 19 15 100
752 19 28 100
752 19 42 150
752 42 3 100
753 41 28 99
754 44 9 100
754 47 4 148
755 17 33 100
755 13 46 99
755 36 33 100
755 20 33 150
755 43 33 100
755 19 15 100
755 30 42 100
756 2 4 99
756 44 14 99
756 27 28 100
757 36 45 148
757 44 8 148
757 23 45 150
757 18 4 100
758 12 9 99
758 40 8 100
758 13 46 99
758 7 45 100
758 45 45 100
759 44 5 100
759 44 9 100
760 24 5 100
760 24 28 100
761 16 14 100
761 9 0 100
761 35 42 100
762 41 4 100
762 41 38 100
762 22 46 100
762 2 15 100
762 12 9 99
763 2 4 99
763 19 9 99
764 49 36 100
764 19 15 100
764 19 42 150
765 18 9 99
766 45 0 100
766 12 9 99
766 14 4 100
766 14 8 150
767 40 4 100
767 27 9 100
768 13 46 99
768 0 9 99
768 0 14 100
769 47 4 148
770 21 15 148
770 19 42 150
771 0 9 99
771 19 8 150
771 14 4 100
771 37 46 100
772 21 18 100
772 7 4 100
773 12 9 99
773 27 38 100
773 36 14 100
774 21 8 150
774 24 4 148
774 24 45 100
775 41 45 148
775 12 9 99
775 36 45 148
775 24 15 148
775 24 45 100
776 9 8 99
776 13 4 100
776 12 9 99
776 41 45 148
776 36 45 148
777 39 5 100
777 19 45 99
777 46 3 100
777 45 45 100
777 36 45 148
778 13 4 100
778 25 45 150
778 42 42 150
778 24 14 100
778 24 28 100
778 24 45 100
778 7 45 100
778 47 8 100
778 45 45 100
778 19 45 99
778 48 45 150
779 7 45 100
779 18 9 99
779 18 33 99
779 44 33 100
779 43 33 100
779 48 45 150
779 36 45 148
779 49 45 100
779 41 45 148
780 22 46 100
780 27 28 100
781 2 15 100
781 41 28 99
781 44 5 100
782 40 4 100
782 40 42 100
782 12 9 99
783 2 4 99
783 0 14 100
784 11 42 100
784 27 9 100
784 37 46 100
785 36 0 100
785 0 9 99
786 23 47 100
787 12 9 99
787 12 28 100
787 12 36 99
787 13 4 100
787 40 4 100
788 22 14 100
788 2 15 100
789 41 4 100
789 47 8 100
789 22 46 100
790 14 4 100
790 41 28 99
791 18 9 99
791 19 15 100
791 26 0 100
792 27 5 99
792 27 9 100
793 41 14 99
793 11 42 100
793 30 42 100
793 40 8 100
794 22 46 100
794 37 36 148
794 37 42 100
794 24 4 148
794 24 28 100
795 24 45 100
795 49 45 100
795 25 45 150
796 43 8 148
796 13 4 100
796 41 45 148
796 19 15 100
797 27 5 99
797 27 9 100
797 47 8 100
798 13 4 100
798 13 36 100
798 19 28 100
798 19 42 150
798 27 42 100
798 17 42 150
798 24 14 100
798 0 42 150
799 19 15 100
799 19 28 100
799 49 36 100
800 35 42 100
800 27 5 99
800 27 9 100
800 27 42 100
801 40 4 100
801 26 46 99
802 42 3 100
802 18 4 100
802 18 9 99
803 40 8 100
803 22 14 100
804 24 28 100
805 16 5 99
805 12 9 99
805 27 42 100
805 40 8 100
806 46 5 99
806 37 42 100
806 37 46 100
806 45 9 150
807 7 0 100
807 38 15 148
808 16 14 100
808 19 4 148
808 26 46 99
809 18 9 99
809 17 42 150
809 33 0 99
810 45 36 100
810 23 9 100
810 19 15 100
811 38 0 100
812 19 9 99
812 19 15 100
813 27 28 100
813 12 36 99
813 36 14 100
814 9 8 99
814 12 9 99
814 36 46 100
815 24 4 148
815 15 36 100
815 27 9 100
816 47 8 100
816 40 4 100
816 2 15 100
817 48 42 150
817 18 9 99
818 19 4 148
818 15 36 100
818 16 14 100
819 37 28 150
820 47 4 148
820 13 46 99
822 46 5 99
822 15 28 150
822 14 15 150
822 28 3 99
823 36 14 100
823 0 9 99
823 16 5 99
823 15 36 100
824 14 4 100
824 44 9 100
824 40 8 100
824 45 45 100
824 24 45 100
825 48 45 150
825 13 4 100
825 25 45 150
826 36 46 100
826 47 8 100
827 38 15 148
827 40 8 100
827 40 42 100
827 6 36 100
827 27 5 99
827 27 28 100
828 18 4 100
828 18 9 99
828 22 14 100
828 48 45 150
828 45 45 100
829 27 9 100
829 27 42 100
829 21 8 150
829 41 4 100
829 41 45 148
829 36 45 148
829 17 45 148
829 37 42 100
829 2 45 99
830 48 45 150
830 44 9 100
830 45 45 100
831 27 28 100
831 13 4 100
832 18 4 100
832 18 33 99
832 9 28 100
832 42 33 99
832 27 33 150
832 44 33 100
833 2 15 100
833 48 8 99
833 30 42 100
833 37 46 100
834 48 8 99
834 48 36 99
834 34 28 100
834 24 4 148
834 24 14 100
835 10 9 150
835 16 5 99
836 9 8 99
836 24 15 148
837 27 33 150
837 27 42 100
837 2 4 99
837 46 33 150
838 27 9 100
838 7 4 100
838 13 36 100
838 36 14 100
839 37 46 100
840 2 4 99
840 47 9 150
841 2 4 99
841 2 15 100
842 12 28 100
842 9 8 99
842 26 46 99
843 40 4 100
843 41 14 99
843 12 9 99
844 16 5 99
845 17 15 150
845 41 4 100
845 9 8 99
845 12 9 99
846 17 45 148
846 12 9 99
846 45 45 100
846 24 45 100
846 41 45 148
847 34 28 100
847 7 4 100
847 13 46 99
848 18 4 100
848 0 14 100
848 0 38 99
849 40 8 100
849 46 38 100
850 47 36 99
850 12 28 100
850 16 5 99
851 13 4 100
851 13 36 100
851 2 15 100
852 2 4 99
852 9 8 99
852 18 9 99
852 41 28 99
853 22 14 100
853 22 46 100
854 30 38 100
854 13 4 100
854 23 9 100
855 44 33 100
855 24 33 150
855 20 33 150
855 45 0 100
856 14 4 100
856 2 15 100
856 44 9 100
857 2 4 99
857 31 36 100
857 23 9 100
858 5 8 148
858 6 36 100
858 41 14 99
858 41 28 99
859 26 46 99
859 1 47 99
860 42 3 100
860 45 9 150
860 24 5 100
861 39 5 100
861 40 8 100
862 40 4 100
862 12 9 99
863 44 9 100
863 44 14 99
863 13 4 100
863 13 46 99
864 39 5 100
864 34 28 100
865 2 15 100
