4 20 6 150
5 16 48 100
7 16 48 100
7 0 46 99
9 16 48 100
9 8 46 99
10 48 6 100
10 40 28 99
12 0 46 99
12 0 48 148
13 44 46 100
14 31 48 100
14 9 46 100
16 41 48 100
19 6 48 100
19 44 46 100
20 40 28 99
21 25 6 100
21 9 46 100
22 14 46 148
22 6 48 100
23 9 6 100
24 44 6 99
25 18 6 99
26 49 6 100
27 8 46 99
27 11 6 100
28 40 28 99
29 16 48 100
30 40 46 100
31 20 48 100
32 13 46 99
33 28 48 100
33 0 46 99
34 48 6 100
35 44 46 100
36 1 48 100
36 0 46 99
38 16 48 100
39 22 28 100
39 48 6 100
40 49 6 100
41 28 48 100
41 8 46 99
42 8 46 99
43 20 48 100
45 17 46 100
45 11 6 100
46 34 46 100
46 34 48 99
48 4 48 100
48 0 46 99
49 22 48 100
49 13 46 99
50 8 46 99
50 25 6 100
51 9 46 100
52 20 48 100
52 40 28 99
53 17 46 100
54 13 46 99
54 48 48 100
56 31 48 100
57 2 46 100
58 17 46 100
58 49 6 100
60 43 48 148
61 17 46 100
62 30 48 100
63 2 46 100
64 40 6 100
64 40 46 100
65 48 48 100
66 22 28 100
67 29 48 100
68 34 46 100
69 48 48 100
69 0 46 99
70 20 6 150
70 2 46 100
71 30 48 100
73 9 46 100
74 5 48 100
76 41 48 100
77 49 6 100
77 9 46 100
77 22 28 100
78 48 6 100
79 40 46 100
80 48 48 100
81 9 6 100
82 16 46 100
83 8 46 99
83 35 48 150
85 1 48 100
86 44 46 100
87 13 46 99
87 40 28 99
87 1 48 100
88 8 46 99
88 49 6 100
90 4 48 100
91 48 6 100
93 34 46 100
94 22 28 100
94 22 48 100
95 30 48 100
97 44 46 100
97 32 48 100
98 17 46 100
98 20 6 150
100 31 48 100
102 20 48 100
102 34 46 100
103 22 28 100
104 41 48 100
104 2 46 100
105 44 46 100
105 5 48 100
106 17 46 100
107 1 6 100
108 30 48 100
110 8 46 99
110 25 6 100
111 0 46 99
112 1 6 100
113 40 28 99
113 34 48 99
114 0 6 150
115 34 46 100
116 29 48 100
117 35 10 100
117 44 46 100
117 38 10 100
117 27 10 150
117 4 10 150
117 13 10 150
117 17 10 100
118 31 48 100
118 34 46 100
118 17 10 100
118 4 10 150
118 25 10 148
119 8 10 150
119 8 46 99
119 4 10 150
119 6 10 148
119 27 10 150
120 13 10 150
120 13 46 99
120 31 48 100
120 10 10 150
121 10 10 150
121 13 10 150
121 8 10 150
121 38 10 100
121 30 10 99
122 10 10 150
122 6 10 148
122 6 48 100
122 30 10 99
122 25 10 148
122 17 10 100
123 27 10 150
123 40 46 100
124 8 10 150
124 8 46 99
124 0 10 100
124 31 48 100
124 5 10 100
124 13 10 150
125 40 46 100
125 8 10 150
125 5 10 100
125 17 10 100
125 6 10 148
126 40 28 99
126 4 10 150
126 4 48 100
126 10 10 150
126 38 10 100
127 38 10 100
127 6 10 148
127 5 10 100
128 30 10 99
128 30 48 100
128 13 10 150
128 13 46 99
128 25 10 148
129 1 6 100
129 13 46 99
130 8 46 99
131 48 48 100
131 9 46 100
133 6 48 100
134 1 6 100
135 9 6 100
135 40 28 99
136 40 46 100
137 20 48 100
138 5 48 100
138 17 46 100
139 40 46 100
140 18 6 99
141 31 48 100
141 13 46 99
143 32 48 100
143 13 46 99
144 25 6 100
144 34 46 100
146 5 48 100
146 2 46 100
148 41 48 100
149 29 48 100
149 22 28 100
150 17 46 100
151 9 6 100
152 8 46 99
153 9 6 100
154 20 6 150
156 22 28 100
156 22 48 100
156 2 46 100
157 0 46 99
158 34 46 100
158 34 48 99
159 8 46 99
160 4 48 100
161 40 6 100
161 40 46 100
162 48 6 100
163 49 6 100
163 0 46 99
165 31 48 100
166 18 6 99
167 49 6 100
167 0 46 99
168 49 6 100
169 17 46 100
169 40 28 99
170 32 48 100
171 9 6 100
172 13 6 150
172 13 46 99
174 9 46 100
175 44 46 100
175 48 48 100
176 1 6 100
177 40 28 99
178 20 48 100
179 0 46 99
180 28 48 100
180 9 46 100
181 25 6 100
182 6 48 100
182 2 46 100
184 2 46 100
184 30 48 100
186 34 48 99
187 40 28 99
188 3 6 100
189 5 48 100
191 1 48 100
191 8 46 99
192 11 6 100
193 31 48 100
193 40 28 99
195 44 6 99
196 3 6 100
196 8 46 99
197 16 48 100
198 8 46 99
199 22 48 100
200 0 46 99
201 13 46 99
201 16 48 100
202 8 46 99
203 13 46 99
204 20 6 150
205 16 48 100
205 0 28 100
206 3 6 100
207 34 48 99
209 22 48 100
210 13 46 99
211 34 48 99
211 0 46 99
214 13 46 99
214 48 48 100
215 22 28 100
215 22 48 100
216 13 46 99
217 16 48 100
217 13 46 99
218 48 6 100
219 11 6 100
219 8 46 99
221 7 6 150
221 0 46 99
223 32 48 100
223 0 46 99
224 0 28 100
231 22 28 100
232 0 46 99
232 8 46 99
233 0 46 99
235 43 46 150
238 16 46 100
239 44 46 100
242 0 28 100
244 8 46 99
245 0 46 99
250 34 46 100
252 40 28 99
253 0 46 99
255 8 46 99
257 13 46 99
258 9 46 100
260 22 28 100
263 34 46 100
266 9 46 100
267 8 46 99
271 22 28 100
272 9 46 100
276 40 28 99
279 40 46 100
280 17 46 100
283 13 46 99
284 44 46 100
286 40 28 99
288 8 46 99
290 16 46 100
291 43 17 99
292 40 28 99
294 43 17 99
295 42 9 100
295 1 9 100
295 13 46 99
296 46 17 99
299 22 17 100
299 22 28 100
301 16 46 100
301 22 17 100
302 11 17 100
304 7 17 100
305 0 28 100
306 44 46 100
306 1 17 99
307 34 46 100
307 22 17 100
308 34 9 148
311 45 9 99
311 1 9 100
312 46 17 99
313 40 46 100
314 20 23 100
314 40 28 99
318 22 17 100
319 8 46 99
320 22 17 100
320 22 28 100
322 1 17 99
322 0 46 99
323 17 46 100
324 11 17 100
325 34 9 148
325 42 9 100
326 2 9 100
327 41 9 150
327 17 9 150
328 43 17 99
330 42 9 100
330 40 28 99
330 46 9 99
331 43 9 150
332 34 9 148
332 45 9 99
335 42 9 100
335 1 9 100
335 40 28 99
335 20 23 100
336 46 17 99
338 0 46 99
338 43 17 99
339 43 17 99
339 2 46 100
341 46 17 99
343 2 46 100
343 23 17 148
345 46 17 99
347 0 28 100
347 0 46 99
348 46 17 99
349 7 17 100
350 12 9 150
350 17 46 100
351 40 28 99
352 0 46 99
353 37 9 150
353 42 9 100
355 8 46 99
355 1 17 99
356 2 46 100
358 9 46 100
359 43 17 99
359 11 17 100
359 34 46 100
361 22 17 100
363 43 17 99
363 16 46 100
363 40 28 99
364 7 17 100
366 43 17 99
367 0 46 99
367 17 23 100
369 40 46 100
369 46 17 99
370 2 46 100
371 12 9 150
371 16 46 100
372 43 17 99
373 22 28 100
375 37 9 150
375 44 46 100
375 1 9 100
376 1 17 99
378 13 9 100
378 13 46 99
378 23 9 99
379 34 46 100
380 21 17 148
381 17 23 100
381 17 46 100
382 40 46 100
383 22 28 100
384 1 17 99
384 40 46 100
385 2 46 100
386 1 17 99
387 37 9 150
389 12 17 150
390 40 46 100
392 40 28 99
393 11 17 100
396 38 23 100
396 21 17 148
397 13 9 100
397 43 9 150
398 40 28 99
399 34 46 100
401 41 9 150
402 27 37 100
403 23 9 99
403 41 9 150
403 17 46 100
404 40 46 100
404 11 17 100
406 34 9 148
407 40 28 99
407 11 17 100
408 2 9 100
408 34 9 148
409 40 46 100
409 7 17 100
412 1 17 99
414 23 17 148
414 13 46 99
414 0 28 100
417 22 17 100
417 36 23 100
419 46 17 99
420 7 17 100
421 44 46 100
422 44 46 100
422 22 28 100
424 2 9 100
424 6 9 100
425 46 17 99
425 17 46 100
426 8 46 99
427 20 23 100
428 43 17 99
429 44 46 100
430 0 28 100
430 11 17 100
432 41 9 150
433 0 46 99
434 13 46 99
435 45 9 99
435 23 9 99
435 13 46 99
436 42 9 100
436 43 9 150
437 8 46 99
437 38 23 100
438 22 9 150
439 7 17 100
440 40 46 100
442 17 46 100
442 22 28 100
443 17 9 150
443 6 9 100
444 43 9 150
445 46 17 99
446 22 17 100
446 13 46 99
448 0 28 100
449 12 17 150
451 41 9 150
451 6 9 100
453 27 37 100
455 34 46 100
456 17 46 100
456 40 28 99
457 17 46 100
457 43 17 99
458 22 17 100
459 34 9 148
462 1 17 99
463 40 28 99
464 40 37 100
465 24 23 100
465 34 46 100
467 12 17 150
467 17 46 100
469 11 17 100
470 8 46 99
471 8 46 99
472 2 9 100
472 17 9 150
473 22 28 100
473 13 46 99
476 22 17 100
478 7 17 100
479 40 28 99
479 0 46 99
480 22 17 100
481 38 23 100
482 45 9 99
482 6 9 100
483 8 46 99
484 43 9 150
486 22 17 100
487 13 46 99
488 1 17 99
489 1 37 100
491 8 46 99
492 39 28 150
492 43 17 99
494 17 9 150
495 23 9 99
496 22 17 100
497 22 17 100
497 22 28 100
498 2 9 100
498 42 9 100
500 13 46 99
500 22 17 100
501 0 46 99
501 41 9 150
502 0 46 99
503 23 17 148
504 0 46 99
505 11 17 100
506 24 23 100
506 8 46 99
508 11 17 100
508 8 46 99
509 22 17 100
510 22 28 100
511 37 9 150
511 42 9 100
511 0 46 99
512 23 9 99
512 2 9 100
514 22 17 100
515 42 46 148
516 8 46 99
517 22 17 100
517 40 46 100
519 22 17 100
519 22 28 100
522 16 46 100
523 46 17 99
524 13 46 99
524 1 37 100
525 0 46 99
525 24 23 100
526 37 9 150
528 23 9 99
528 17 9 150
529 22 28 100
530 22 17 100
531 1 17 99
533 8 46 99
533 22 17 100
535 11 17 100
536 17 9 150
536 22 28 100
537 42 9 100
537 17 9 150
538 43 9 150
540 1 17 99
541 24 23 100
543 17 9 150
543 13 9 100
545 11 17 100
547 1 17 99
548 34 9 148
550 7 17 100
552 7 17 100
554 22 17 100
555 22 17 100
557 46 17 99
559 43 17 99
561 11 17 100
565 7 17 100
566 41 9 150
566 45 9 99
568 11 17 100
569 17 23 100
570 22 17 100
573 46 17 99
575 43 17 99
577 43 17 99
579 0 6 150
580 1 48 100
580 2 46 100
581 8 46 99
582 32 48 100
583 28 48 100
584 40 28 99
585 4 48 100
586 11 6 100
587 13 46 99
588 32 48 100
591 3 6 100
592 30 48 100
592 40 28 99
593 32 48 100
595 1 48 100
596 16 46 100
597 5 48 100
597 16 46 100
598 22 28 100
599 20 6 150
600 41 48 100
601 17 46 100
602 40 46 100
602 6 48 100
603 22 48 100
605 28 48 100
606 0 28 100
607 20 48 100
609 22 48 100
609 40 46 100
610 16 46 100
611 4 48 100
611 34 46 100
612 48 48 100
612 17 46 100
614 5 48 100
614 34 46 100
615 16 46 100
617 6 48 100
618 0 28 100
619 6 48 100
620 5 48 100
622 41 48 100
622 34 46 100
624 5 48 100
624 40 46 100
625 17 46 100
626 32 48 100
626 22 28 100
627 2 46 100
628 48 48 100
629 30 48 100
630 8 46 99
631 0 46 99
631 28 48 100
633 2 46 100
633 28 48 100
635 16 46 100
635 16 48 100
636 17 46 100
637 1 48 100
637 34 46 100
638 5 48 100
638 40 28 99
640 11 6 100
640 44 46 100
641 31 48 100
643 30 48 100
644 34 46 100
645 29 48 100
646 28 48 100
647 14 6 150
648 44 6 99
648 44 46 100
649 13 46 99
650 34 48 99
651 0 28 100
652 20 48 100
654 48 48 100
657 0 6 150
657 0 28 100
657 0 46 99
658 28 48 100
659 31 48 100
659 2 46 100
661 16 48 100
663 40 28 99
663 40 46 100
663 34 48 99
665 41 48 100
667 30 48 100
668 40 28 99
668 32 48 100
669 13 46 99
670 34 48 99
672 48 48 100
672 34 46 100
674 20 48 100
674 40 46 100
675 40 46 100
675 22 48 100
677 22 48 100
678 22 28 100
679 48 48 100
680 3 6 100
681 2 46 100
682 20 48 100
683 44 46 100
684 31 48 100
685 40 28 99
686 28 48 100
687 13 46 99
688 16 48 100
690 48 48 100
690 13 46 99
692 29 48 100
693 22 28 100
694 40 46 100
694 41 48 100
695 22 48 100
696 8 46 99
697 20 48 100
699 6 48 100
701 41 48 100
701 22 28 100
702 30 48 100
704 4 48 100
706 1 48 100
708 6 48 100
708 0 28 100
710 5 48 100
711 41 48 100
712 40 28 99
713 31 48 100
713 44 46 100
714 8 46 99
715 48 48 100
716 40 6 100
716 40 46 100
718 41 48 100
720 13 6 150
720 40 28 99
721 17 48 150
723 32 48 100
723 16 46 100
724 16 46 100
726 22 48 100
727 8 46 99
728 16 48 100
730 40 28 99
731 49 48 150
733 32 48 100
733 44 46 100
734 42 4 100
734 17 46 100
735 8 46 99
736 6 48 100
736 40 46 100
737 8 46 99
738 4 48 100
739 17 46 100
740 28 48 100
740 22 28 100
741 31 48 100
742 8 46 99
743 29 48 100
745 34 48 99
746 16 46 100
747 29 48 100
748 16 48 100
748 40 28 99
749 40 46 100
750 4 48 100
751 0 6 150
752 1 6 100
753 2 46 100
754 1 48 100
755 0 28 100
756 16 48 100
758 31 48 100
758 17 46 100
759 29 48 100
761 30 48 100
762 40 28 99
763 34 48 99
764 34 46 100
765 28 48 100
765 0 46 99
767 35 48 150
767 13 46 99
769 34 48 99
770 17 46 100
771 41 48 100
771 22 28 100
773 22 48 100
775 16 48 100
776 30 48 100
776 34 46 100
778 4 48 100
778 22 28 100
780 6 48 100
780 17 46 100
782 22 48 100
783 30 48 100
784 0 46 99
785 34 48 99
785 40 28 99
787 17 46 100
787 41 48 100
789 16 48 100
791 29 48 100
792 32 48 100
792 40 28 99
794 32 48 100
796 13 46 99
796 16 48 100
798 4 48 100
799 22 28 100
800 41 48 100
801 16 48 100
803 16 48 100
804 0 28 100
805 32 48 100
807 5 48 100
808 48 48 100
809 2 46 100
810 22 28 100
810 22 48 100
812 8 46 99
812 1 48 100
814 41 48 100
816 22 48 100
817 1 6 100
818 31 48 100
819 22 28 100
820 16 48 100
822 5 48 100
822 34 46 100
825 1 48 100
825 0 28 100
827 43 48 148
829 43 46 150
829 30 48 100
831 34 46 100
831 34 48 99
832 44 46 100
833 34 48 99
833 40 28 99
835 34 48 99
836 40 6 100
837 17 46 100
837 3 6 100
838 30 48 100
840 30 48 100
840 34 46 100
842 5 48 100
842 2 46 100
843 40 6 100
843 40 28 99
843 40 46 100
844 13 46 99
845 49 6 100
845 13 46 99
846 4 48 100
847 29 48 100
849 8 46 99
850 29 48 100
851 0 28 100
852 16 48 100
854 16 48 100
856 35 48 150
858 29 48 100
859 44 6 99
859 44 46 100
860 25 28 150
861 30 48 100
862 44 46 100
863 30 48 100
863 8 16 99
