297 26 2 100
297 26 4 75
297 26 7 150
297 26 18 99
297 26 19 150
303 26 2 100
303 26 4 75
303 26 7 150
303 26 18 36
309 26 2 100
309 26 4 60
309 26 7 150
309 26 18 69
317 26 2 100
317 26 4 75
317 26 7 150
317 26 18 99
317 26 19 150
325 26 2 100
325 26 4 60
325 26 7 150
325 26 18 99
325 26 19 150
338 26 2 100
338 26 4 120
338 26 7 150
338 26 18 99
338 26 19 150
343 26 2 100
343 26 4 60
343 26 7 150
343 26 18 99
343 26 19 150
351 26 2 100
351 26 4 90
351 26 7 150
351 26 18 99
351 26 19 150
365 26 2 100
365 26 4 150
365 26 5 100
365 26 7 150
365 26 18 99
365 26 19 150
372 26 2 100
372 26 4 60
372 26 7 150
372 26 18 99
372 26 19 150
391 26 2 100
391 26 4 150
391 26 5 100
391 26 7 150
391 26 18 99
391 26 19 150
401 26 2 100
401 26 4 150
401 26 5 100
401 26 7 150
401 26 18 99
401 26 19 150
404 26 2 100
404 26 4 60
404 26 7 150
404 26 18 99
404 26 19 150
414 26 2 100
414 26 4 60
414 26 7 150
414 26 18 99
414 26 19 150
419 26 2 100
419 26 4 75
419 26 7 150
419 26 18 99
419 26 19 150
594 26 2 100
594 26 4 150
594 26 5 100
594 26 7 150
594 26 18 99
594 26 19 150
626 26 2 100
626 26 4 150
626 26 5 100
626 26 7 150
626 26 18 99
626 26 19 150
651 39 12 100
651 39 17 148
651 39 22 99
651 39 29 150
651 39 42 100
651 39 46 150
656 39 12 100
656 39 17 148
656 39 22 99
656 39 29 150
656 39 42 80
672 39 12 100
672 39 17 148
672 39 22 99
672 39 29 150
672 39 42 100
672 39 46 150
673 26 2 100
673 26 4 150
673 26 5 100
673 26 7 150
673 26 18 99
673 26 19 150
673 39 12 100
673 39 17 148
673 39 22 99
673 39 29 150
673 39 42 80
677 39 12 100
677 39 17 148
677 39 22 99
677 39 29 150
677 39 42 100
677 39 46 150
678 39 12 100
678 39 17 148
678 39 22 99
678 39 29 150
678 39 42 80
686 39 12 100
686 39 17 148
686 39 22 99
686 39 29 150
686 39 42 100
686 39 46 150
690 39 12 100
690 39 17 148
690 39 22 99
690 39 29 150
690 39 42 80
692 16 10 18
692 16 27 150
692 16 32 100
692 16 37 150
692 16 40 100
692 16 43 148
692 16 47 38
692 27 9 148
692 27 19 45
692 27 32 148
692 27 48 30
692 24 9 150
692 24 16 150
692 24 22 150
692 24 28 150
692 24 29 100
692 24 31 150
692 24 46 100
692 17 5 148
692 17 12 150
692 17 16 100
692 17 31 99
692 17 32 148
692 17 36 34
692 38 2 100
692 38 5 148
692 38 9 99
692 38 16 150
692 38 30 100
692 38 45 100
692 34 5 99
692 34 21 150
692 34 23 100
692 34 31 148
692 34 37 99
692 34 43 12
692 43 29 99
692 40 5 100
692 40 7 150
692 40 12 28
692 40 32 150
692 7 7 150
692 7 9 150
692 7 12 2
692 7 28 100
692 7 31 150
692 7 46 150
692 13 2 100
692 13 4 150
692 13 18 150
692 13 21 150
692 13 32 100
692 25 23 98
692 0 2 150
692 0 30 150
692 11 7 99
692 11 9 150
692 11 21 150
692 11 22 99
692 11 26 99
692 11 30 48
692 36 4 100
692 36 9 21
692 36 30 2
692 47 7 148
692 47 13 99
692 47 16 100
692 47 21 99
692 31 5 148
692 31 7 100
692 31 16 150
692 31 22 100
692 31 26 148
692 31 29 99
692 31 32 150
693 4 5 100
693 4 7 150
693 4 9 2
693 4 31 148
693 4 40 100
693 33 21 150
693 33 22 100
693 33 27 148
693 33 46 150
693 47 7 148
693 47 13 99
693 47 16 100
693 47 21 99
693 41 2 150
693 41 4 99
693 41 27 150
693 41 40 100
693 39 17 148
693 39 22 99
693 39 29 150
693 39 46 150
693 21 4 99
693 21 5 150
693 21 7 148
693 21 17 100
693 21 21 150
693 21 28 100
693 12 2 150
693 12 13 150
693 12 28 99
693 12 31 150
693 12 37 150
693 12 40 100
693 13 2 100
693 13 4 150
693 13 18 150
693 13 21 150
693 13 32 100
693 49 2 150
693 49 5 100
693 49 17 150
693 49 18 99
693 49 27 150
693 25 40 150
693 11 7 99
693 11 21 150
693 11 22 99
693 11 26 99
693 11 45 100
693 40 5 20
693 40 28 100
693 40 32 150
693 15 22 100
693 15 31 100
693 44 17 148
693 44 27 150
693 44 31 100
693 44 37 99
693 43 29 99
693 1 2 99
693 1 7 150
693 1 13 99
694 11 7 99
694 11 21 150
694 11 22 99
694 11 26 99
694 11 45 100
694 48 2 99
694 48 13 150
694 48 21 150
694 48 27 99
694 48 29 150
694 48 40 150
694 4 7 150
694 4 26 99
694 4 31 148
694 4 40 100
694 22 17 99
694 22 27 99
694 22 29 150
694 22 32 100
694 12 2 150
694 12 13 150
694 12 28 99
694 12 31 150
694 12 37 150
694 12 40 100
694 1 2 99
694 1 7 150
694 1 13 99
694 40 7 150
694 40 28 100
694 40 32 150
694 38 2 100
694 38 16 150
694 38 45 100
694 13 2 100
694 13 4 150
694 13 18 150
694 13 21 150
694 13 32 100
694 32 2 100
694 32 4 150
694 32 13 100
694 32 17 150
694 32 18 100
694 32 27 99
694 32 28 148
694 32 46 148
694 39 17 148
694 39 22 99
694 39 29 150
694 39 46 150
694 24 7 100
694 24 16 150
694 24 22 150
694 24 28 150
694 24 29 100
694 24 31 150
694 24 46 100
694 15 22 100
694 15 31 100
694 35 2 99
694 35 4 100
694 35 7 150
694 35 28 100
694 35 32 150
694 35 37 100
694 17 16 100
694 17 31 99
694 17 32 148
694 17 45 100
694 37 7 150
694 37 13 99
694 37 16 150
694 37 17 100
694 37 26 99
694 37 32 148
694 37 40 150
694 37 46 56
695 44 27 150
695 44 31 100
695 44 37 99
695 14 17 99
695 14 27 150
695 14 46 20
695 35 2 99
695 35 4 100
695 35 7 150
695 35 28 100
695 35 32 150
695 35 37 100
695 28 5 3
695 28 40 150
695 28 45 99
695 41 2 150
695 41 4 99
695 41 27 150
695 41 40 100
695 46 7 150
695 46 16 150
695 46 21 150
695 46 22 99
695 24 7 100
695 24 16 150
695 24 22 150
695 24 28 150
695 24 29 100
695 24 31 150
695 42 2 99
695 42 16 148
695 42 17 99
695 42 21 148
695 42 29 100
695 42 32 150
695 42 46 1
695 20 18 100
695 20 27 99
695 20 29 150
695 20 32 100
695 20 37 150
695 10 13 100
695 10 21 100
695 10 28 150
695 10 29 100
695 5 4 150
695 5 22 99
695 5 26 150
695 5 45 150
695 2 7 100
695 2 21 100
695 2 22 150
695 2 27 150
695 2 31 100
695 37 7 150
695 37 13 99
695 37 16 150
695 37 17 100
695 37 26 99
695 37 32 148
695 37 40 150
695 18 2 148
695 18 4 100
695 18 13 100
695 18 16 150
695 18 26 138
695 18 29 150
695 18 40 99
695 4 7 150
695 4 31 148
695 4 40 100
696 35 2 99
696 35 4 100
696 35 7 150
696 35 28 100
696 35 32 150
696 35 37 100
696 3 17 150
696 3 22 100
696 3 29 150
696 3 31 150
696 7 7 150
696 7 28 100
696 7 31 150
696 7 46 21
696 38 5 80
696 38 45 100
696 27 28 99
696 27 32 148
696 10 13 100
696 10 21 100
696 10 28 150
696 10 29 100
696 6 29 150
696 36 4 100
696 36 13 99
696 36 40 100
696 23 2 99
696 23 16 100
696 23 18 150
696 23 21 100
696 23 27 99
696 23 28 150
696 23 31 100
696 23 32 150
696 23 37 100
696 23 45 148
696 31 7 100
696 31 16 150
696 31 22 100
696 31 29 99
696 31 32 150
696 14 17 99
696 14 27 150
696 48 2 99
696 48 13 150
696 48 21 43
696 48 29 150
696 48 40 150
696 28 40 150
696 28 45 99
696 1 2 99
696 1 7 150
696 1 13 99
696 21 4 99
696 21 5 1
696 21 17 100
696 21 28 100
696 43 29 99
697 18 2 148
697 18 4 100
697 18 13 100
697 18 16 150
697 18 26 9
697 18 29 150
697 18 40 99
697 13 2 100
697 13 4 150
697 13 18 150
697 13 32 100
697 8 4 100
697 8 16 150
697 8 26 2
697 8 40 150
697 2 7 100
697 2 22 150
697 2 27 150
697 2 31 100
697 7 7 150
697 7 28 100
697 7 31 150
697 7 46 21
697 31 16 150
697 31 22 100
697 31 29 99
697 31 32 150
697 46 7 150
697 46 16 150
697 46 22 99
697 36 4 19
697 36 40 100
697 4 7 150
697 4 31 148
697 4 40 100
697 23 2 99
697 23 16 100
697 23 18 150
697 23 27 99
697 23 28 150
697 23 31 100
697 23 32 150
697 23 37 100
697 23 45 148
697 49 2 150
697 49 17 150
697 49 18 99
697 49 27 150
697 10 13 100
697 10 28 150
697 10 29 100
697 11 7 99
697 11 22 99
697 11 45 100
697 43 29 99
697 20 7 99
697 20 18 100
697 20 27 99
697 20 29 150
697 20 32 100
697 20 37 150
697 9 22 150
697 9 27 150
697 9 29 100
697 9 45 150
698 49 2 150
698 49 17 150
698 49 18 99
698 49 27 150
698 23 2 99
698 23 16 72
698 23 21 28
698 23 28 150
698 23 31 100
698 23 32 150
698 23 37 100
698 23 45 148
698 40 7 150
698 40 28 100
698 40 32 150
698 44 17 148
698 44 27 150
698 44 31 100
698 44 37 99
698 17 31 99
698 17 32 148
698 17 45 100
698 16 27 150
698 16 32 100
698 16 37 9
698 29 2 150
698 29 13 99
698 29 17 146
698 20 7 99
698 20 18 100
698 20 27 99
698 20 29 150
698 20 32 100
698 20 46 21
698 27 32 148
698 2 7 100
698 2 22 137
698 2 31 100
698 46 7 150
698 45 4 15
698 45 45 99
698 41 2 150
698 41 27 150
698 41 40 100
698 9 27 150
698 9 29 100
698 9 45 150
698 47 7 148
698 47 13 99
698 34 31 148
699 10 13 100
699 10 28 150
699 10 29 100
699 44 17 32
699 44 31 100
699 47 7 148
699 47 13 99
699 47 16 4
699 24 7 100
699 24 28 150
699 24 29 100
699 24 31 150
699 24 46 20
699 45 45 99
699 14 27 150
699 12 2 150
699 12 13 150
699 12 28 99
699 12 31 150
699 12 40 100
699 15 31 100
699 28 40 150
699 28 45 99
699 38 2 100
699 38 45 100
699 41 2 150
699 41 27 150
699 41 40 72
699 7 28 100
699 7 31 150
699 7 46 1
699 49 18 99
699 49 27 150
699 46 7 150
699 48 2 99
699 48 13 150
699 48 27 99
699 48 29 150
699 48 40 3
700 46 16 6
700 44 17 32
700 44 31 100
700 43 29 99
700 17 31 99
700 17 32 148
700 17 45 100
700 38 2 100
700 38 45 100
700 14 27 150
700 14 46 20
700 32 13 100
700 32 18 100
700 32 27 99
700 32 28 148
700 6 29 150
700 7 7 150
700 7 28 100
700 7 31 150
700 7 46 1
700 37 13 99
700 37 32 148
700 42 2 99
700 42 29 94
700 16 27 150
700 16 32 100
700 28 45 99
700 9 27 150
700 9 45 150
701 19 4 15
701 19 29 8
701 27 32 148
701 49 2 150
701 49 17 2
701 49 27 150
701 40 7 150
701 40 28 100
701 40 32 150
701 6 26 10
701 8 16 4
701 16 27 150
701 16 32 100
701 3 31 150
701 13 2 100
701 13 18 150
701 13 21 29
701 42 2 99
701 42 32 150
701 42 46 1
701 7 28 100
701 7 31 150
701 34 31 148
701 38 2 100
701 38 45 100
701 1 2 99
701 1 7 150
701 1 13 99
701 29 2 150
701 29 13 99
702 27 19 45
702 27 32 148
702 43 29 6
702 20 18 100
702 20 27 99
702 20 29 1
702 20 46 21
702 47 13 99
702 47 16 4
702 7 28 100
702 7 31 150
702 28 40 8
702 36 13 99
702 36 40 1
702 49 18 99
702 49 27 150
702 13 2 100
702 13 18 150
702 13 32 100
702 11 7 99
702 11 22 60
702 23 2 99
702 23 16 2
702 23 27 99
702 23 28 150
702 23 31 100
702 23 32 150
702 23 45 148
702 35 2 99
702 35 7 150
702 35 28 100
702 35 32 150
702 21 7 148
702 21 28 100
702 10 13 100
702 10 28 150
702 22 27 99
702 22 32 100
702 34 31 148
703 47 7 104
703 47 16 4
703 38 45 100
703 1 2 99
703 1 13 99
703 49 2 150
703 49 17 32
703 49 27 150
703 27 28 99
703 27 32 148
703 34 31 148
703 34 46 20
703 33 46 1
703 45 4 15
703 45 45 99
703 3 29 34
703 13 2 100
703 13 18 150
703 13 32 100
703 21 28 100
703 2 27 150
703 2 31 100
703 6 26 10
704 49 2 150
704 49 17 32
704 49 27 150
704 15 31 100
704 28 26 8
704 48 2 99
704 48 13 150
704 48 21 28
704 48 29 6
704 16 32 100
704 11 26 3
704 6 29 1
704 32 13 100
704 32 18 100
704 32 27 99
704 32 28 148
704 32 46 20
704 27 32 148
704 29 2 150
704 29 13 99
704 35 2 99
704 35 7 1
704 35 32 150
704 38 2 100
704 38 16 6
704 24 28 132
704 33 27 148
704 33 46 1
705 13 2 100
705 13 18 150
705 13 32 58
705 42 2 99
705 42 16 4
705 23 18 87
705 23 31 100
705 23 45 148
705 20 7 39
705 20 29 1
705 37 16 1
705 9 27 23
705 47 13 99
705 48 2 99
705 48 13 150
705 40 7 1
706 30 16 3
706 37 13 99
706 37 16 2
706 26 4 15
706 45 45 99
706 36 13 99
706 10 13 100
706 10 29 6
706 32 13 100
706 39 22 60
706 9 45 150
706 29 2 150
706 29 13 99
706 12 2 150
706 12 13 150
706 12 31 150
706 5 45 150
707 13 2 100
707 13 18 34
707 28 40 8
707 41 2 150
707 7 26 2
707 7 46 22
707 26 2 100
707 35 2 99
707 6 29 1
707 31 16 2
707 36 40 1
708 45 4 15
708 10 13 100
708 10 29 6
708 36 13 99
708 36 40 9
708 24 46 20
708 35 2 99
708 47 13 99
708 23 2 99
708 23 31 100
708 23 45 148
708 39 29 1
709 30 16 3
709 4 31 148
709 20 46 22
709 45 4 15
709 38 45 100
709 23 16 2
709 23 45 148
709 26 2 1
709 32 13 100
710 42 2 36
710 36 13 99
710 5 22 60
710 29 13 99
710 29 17 2
710 24 31 150
710 15 31 100
710 17 16 1
710 17 45 100
710 2 31 100
710 11 45 100
710 4 31 148
711 48 2 36
711 48 21 28
711 30 31 150
711 13 4 15
711 28 45 99
711 9 45 150
711 38 45 100
711 4 31 148
712 40 5 80
712 18 40 9
712 32 13 100
712 32 17 32
712 37 13 99
712 24 31 150
712 4 31 148
712 10 13 100
713 4 7 39
713 47 13 99
713 47 16 4
713 40 7 1
713 7 46 21
713 26 4 15
713 34 31 148
713 30 31 150
713 44 31 100
713 29 13 99
713 19 29 1
714 34 31 148
714 34 46 20
714 23 16 6
714 23 45 148
714 38 45 100
714 10 13 100
714 47 13 99
714 8 31 150
715 18 13 100
715 18 16 4
715 3 17 32
715 15 31 100
715 12 13 150
715 12 31 150
715 30 31 150
715 20 18 32
715 48 21 1
715 23 45 148
715 8 31 150
715 36 13 99
716 48 2 36
716 48 19 45
716 34 31 148
716 34 46 20
716 18 26 9
716 46 7 39
716 24 31 150
716 23 31 100
716 23 45 148
717 42 16 4
717 39 29 1
717 49 17 2
717 23 45 148
717 13 4 15
717 12 13 150
717 12 31 150
717 11 45 100
717 1 13 84
718 5 45 150
718 33 46 21
718 8 31 150
718 17 31 99
718 17 45 100
718 4 31 148
718 21 17 32
719 8 4 15
719 26 2 36
719 4 31 148
719 39 22 60
719 13 18 1
719 44 31 100
719 33 46 1
720 17 32 28
720 18 26 9
720 40 32 2
720 20 46 1
721 13 18 34
721 17 45 100
721 5 45 150
721 48 40 9
722 16 40 9
722 43 29 6
723 32 17 32
723 16 40 1
724 24 16 6
724 26 18 33
725 2 21 28
725 23 45 148
725 17 16 1
726 28 19 44
726 15 22 60
726 23 45 148
726 9 45 150
726 11 45 100
727 20 29 7
727 9 22 60
727 32 13 36
728 9 45 150
728 5 45 150
728 28 45 99
728 45 45 99
728 33 46 1
729 46 16 3
730 29 2 36
730 27 32 28
731 28 40 8
731 26 18 33
731 32 46 20
732 19 4 15
732 9 45 150
732 21 21 28
733 44 17 32
733 37 16 1
734 2 21 28
734 11 45 100
735 23 16 4
735 47 7 40
736 48 40 9
736 11 45 100
737 45 45 99
737 6 29 1
737 20 46 1
738 31 7 40
738 32 46 20
738 23 18 1
738 20 29 1
739 2 31 2
741 18 16 2
742 11 45 100
742 31 16 1
743 25 40 9
743 49 17 32
744 1 7 40
744 28 45 99
745 41 2 36
745 32 46 20
746 22 17 30
746 40 28 48
747 20 7 39
747 16 40 1
748 21 4 15
748 20 29 1
748 5 42 2
749 45 4 15
749 32 2 36
749 11 22 60
749 37 16 2
749 8 26 2
750 43 29 6
751 41 40 8
751 16 40 1
751 38 45 100
751 5 45 150
751 48 21 1
752 35 28 48
753 13 4 15
753 46 5 81
753 40 7 1
753 45 45 99
753 19 29 1
754 21 7 40
755 37 17 32
756 16 40 9
756 28 45 99
756 20 18 32
757 21 5 1
758 48 2 36
758 15 31 42
758 23 45 148
759 29 17 32
759 23 16 4
759 45 4 15
759 43 29 6
760 31 16 5
761 5 4 15
761 47 7 40
761 17 45 100
761 19 29 1
762 1 2 36
762 28 45 99
762 16 40 1
764 31 29 6
765 24 31 2
765 23 45 148
765 8 26 2
766 37 16 5
766 13 32 2
767 23 16 2
767 33 46 21
768 3 17 2
769 43 29 27
769 28 45 99
770 2 22 60
770 21 17 32
770 17 16 1
771 11 22 60
776 5 4 15
780 20 32 2
781 34 21 28
786 38 16 3
787 11 45 1
794 11 45 -1
794 22 32 2
799 20 29 7
802 2 22 60
805 46 16 3
813 13 4 15
815 45 45 99
816 48 29 6
818 49 17 32
820 23 16 4
820 48 29 6
824 10 29 6
824 14 17 30
832 29 2 36
833 33 21 27
833 48 21 1
834 22 17 30
849 16 32 28
852 39 46 22
855 31 16 2
857 13 32 2
858 14 17 30
864 46 16 3
868 38 45 1
