692 1 6 100
692 1 9 100
692 1 17 99
692 1 37 100
692 1 48 100
692 9 6 100
692 9 46 100
692 16 46 100
692 16 48 100
692 38 10 100
692 38 16 72
692 24 11 15
692 24 28 150
692 41 9 150
692 41 37 100
692 41 48 100
692 25 6 100
692 25 10 148
692 25 15 72
692 2 9 100
692 2 37 150
692 2 46 100
692 10 10 150
692 10 28 150
692 10 46 150
692 30 0 16
692 30 48 100
692 18 6 99
692 18 23 150
692 46 9 99
692 46 17 99
692 46 23 148
692 32 37 150
692 32 48 100
692 3 6 100
692 3 46 150
692 23 9 99
692 23 17 148
693 39 28 150
693 39 37 70
693 24 28 150
693 19 0 2
693 43 17 99
693 43 28 150
693 43 46 150
693 43 48 148
693 42 9 100
693 42 46 148
693 48 6 100
693 48 48 100
693 9 6 100
693 9 46 100
693 4 10 150
693 4 48 100
693 7 6 150
693 7 17 100
693 21 17 148
693 45 9 99
693 45 28 150
693 40 6 100
693 40 23 150
693 40 28 99
693 40 46 100
693 1 6 100
693 1 9 100
693 1 17 99
693 1 48 100
693 5 10 100
693 5 48 100
693 49 6 100
693 49 23 150
693 49 48 150
693 2 9 100
693 2 46 100
694 33 23 148
694 33 28 150
694 32 48 100
694 18 6 99
694 18 23 150
694 17 9 150
694 17 10 100
694 17 23 100
694 17 46 100
694 17 48 150
694 13 6 150
694 13 9 100
694 13 10 150
694 13 23 150
694 13 46 99
694 34 9 148
694 34 46 100
694 34 48 99
694 14 6 150
694 14 46 148
694 24 23 8
694 11 6 100
694 11 17 100
694 37 9 150
694 3 6 100
694 3 46 150
694 5 10 100
694 5 48 100
694 44 6 99
694 44 46 100
694 8 10 150
694 8 46 99
694 25 6 100
694 25 10 148
694 25 28 150
694 6 9 100
694 6 10 148
694 6 48 100
695 46 9 99
695 46 17 99
695 12 9 150
695 12 17 150
695 29 48 100
695 17 9 150
695 17 10 100
695 17 46 100
695 17 48 150
695 22 9 150
695 22 17 100
695 22 28 100
695 22 48 100
695 10 10 150
695 10 28 150
695 10 46 150
695 44 6 99
695 44 46 100
695 41 9 150
695 41 48 100
695 45 9 99
695 45 28 150
695 33 28 150
695 40 6 100
695 40 28 99
695 40 46 100
695 9 6 100
695 9 46 100
695 16 46 100
695 16 48 100
695 4 10 150
695 4 48 100
695 25 6 100
695 25 10 148
695 25 28 150
695 42 9 100
695 42 46 148
696 12 9 150
696 12 17 150
696 46 9 99
696 46 17 99
696 23 9 99
696 23 17 148
696 11 6 100
696 11 17 100
696 45 9 99
696 45 28 150
696 40 6 100
696 40 28 99
696 40 46 100
696 1 6 100
696 1 9 100
696 1 17 99
696 1 48 100
696 49 6 100
696 49 23 2
696 33 28 150
696 37 9 150
696 17 9 150
696 17 10 100
696 17 46 100
696 17 48 150
696 2 9 100
696 2 46 100
696 27 10 150
696 30 10 99
696 30 48 100
696 13 6 150
696 13 9 100
696 13 10 150
696 13 46 99
697 22 9 150
697 22 17 100
697 22 28 100
697 22 48 100
697 14 6 150
697 14 46 148
697 37 9 150
697 20 6 150
697 20 17 150
697 20 48 100
697 8 10 150
697 8 46 99
697 27 10 150
697 12 9 150
697 12 17 150
697 47 28 150
697 23 9 99
697 23 17 148
697 25 6 100
697 25 10 148
697 25 28 150
697 41 9 150
697 41 48 100
697 32 48 100
697 2 9 100
697 2 46 100
697 38 10 100
697 45 9 99
697 45 28 150
697 33 28 150
698 32 48 100
698 24 28 150
698 47 28 150
698 25 6 100
698 25 10 148
698 25 28 150
698 1 6 100
698 1 9 100
698 1 17 99
698 1 48 100
698 41 9 150
698 41 48 100
698 39 28 150
698 5 10 100
698 5 48 100
698 35 10 100
698 35 48 150
698 27 10 150
698 7 6 150
698 7 17 100
698 2 9 100
698 2 46 100
698 29 48 100
698 13 6 150
698 13 9 100
698 13 10 150
698 13 46 99
698 28 48 100
698 31 17 150
698 31 48 100
699 8 10 150
699 8 46 99
699 42 9 100
699 42 46 148
699 6 9 100
699 6 10 148
699 6 48 100
699 12 9 150
699 12 17 150
699 38 10 100
699 34 9 148
699 34 46 100
699 34 48 99
699 5 10 100
699 5 48 100
699 14 6 150
699 14 46 148
699 49 6 100
699 49 48 150
699 22 9 150
699 22 17 100
699 22 28 100
699 22 48 100
699 43 9 150
699 43 17 99
699 43 28 150
699 43 46 150
699 43 48 148
699 47 28 150
699 33 28 150
699 21 17 148
699 29 48 100
700 22 9 150
700 22 17 100
700 22 28 100
700 22 48 100
700 10 10 150
700 10 28 150
700 10 46 150
700 11 6 100
700 11 17 100
700 1 6 100
700 1 9 100
700 1 17 99
700 1 48 100
700 18 6 99
700 2 9 100
700 2 46 100
700 25 6 100
700 25 10 148
700 25 28 150
700 27 10 150
700 35 10 100
700 35 48 150
700 6 9 100
700 6 10 148
700 6 48 100
700 12 9 150
700 12 17 150
700 30 10 99
700 30 48 100
700 23 9 99
700 23 17 148
700 8 10 150
700 8 46 99
701 40 6 100
701 40 28 99
701 40 46 100
701 31 17 150
701 31 48 100
701 35 10 100
701 35 48 150
701 9 6 100
701 9 46 100
701 49 6 100
701 49 48 150
701 34 9 148
701 34 46 100
701 34 48 99
701 14 6 150
701 14 46 148
701 45 9 99
701 45 28 150
701 37 9 150
701 39 28 150
701 3 6 100
701 3 46 150
701 22 9 150
701 22 17 100
701 22 28 100
701 22 48 100
701 33 28 150
701 13 6 150
701 13 9 100
701 13 10 150
701 13 46 99
701 17 9 150
701 17 10 100
701 17 46 100
701 17 48 150
702 6 9 100
702 6 10 120
702 35 48 150
702 25 6 100
702 25 28 150
702 33 28 150
702 12 9 150
702 12 17 150
702 5 10 1
702 43 9 150
702 43 17 99
702 43 28 150
702 43 46 150
702 43 48 148
702 17 9 150
702 17 46 100
702 17 48 150
702 31 17 150
702 31 48 100
702 9 6 100
702 9 46 100
702 18 6 99
702 13 6 150
702 13 9 100
702 13 46 99
702 16 46 100
702 16 48 100
702 1 6 100
702 1 9 100
702 1 17 99
702 1 48 100
702 28 48 100
702 8 46 99
703 6 9 100
703 6 48 100
703 2 9 100
703 2 46 100
703 32 48 100
703 45 9 99
703 45 28 150
703 44 6 99
703 44 46 100
703 46 9 99
703 46 17 99
703 30 48 100
703 13 6 150
703 13 9 100
703 13 46 99
703 23 9 99
703 23 17 148
703 49 6 100
703 49 48 150
703 9 6 100
703 9 46 100
703 4 48 100
703 11 6 100
703 11 17 100
704 34 9 148
704 34 46 100
704 34 48 99
704 5 48 100
704 0 6 150
704 0 28 100
704 0 46 99
704 0 48 148
704 29 48 100
704 1 6 100
704 1 9 100
704 1 17 99
704 1 48 100
704 6 9 100
704 6 48 100
704 40 6 100
704 40 28 99
704 40 46 100
704 39 28 150
704 4 48 100
704 31 17 150
704 31 48 100
704 17 9 150
704 17 46 100
704 17 48 150
704 28 48 100
704 9 6 292
704 20 17 150
704 20 48 100
705 44 46 100
705 33 28 150
705 35 48 150
705 32 48 100
705 45 9 21
705 30 48 100
705 43 17 99
705 43 28 150
705 43 46 150
705 43 48 148
705 13 9 2
705 11 17 100
705 1 17 99
705 1 48 100
705 31 17 150
705 31 48 100
705 46 17 99
705 6 48 100
706 42 46 148
706 48 48 100
706 44 46 100
706 49 48 150
706 11 17 100
706 17 46 100
706 17 48 150
706 1 17 99
706 1 48 100
706 2 46 100
706 43 17 99
706 43 28 150
706 43 46 150
706 43 48 148
706 16 46 100
706 16 48 100
706 24 28 150
706 23 17 148
707 4 48 100
707 34 46 100
707 34 48 99
707 32 48 100
707 3 46 150
707 16 46 100
707 16 48 100
707 44 46 100
707 22 17 100
707 22 28 100
707 22 48 100
707 23 17 148
707 6 48 100
707 46 17 99
707 10 28 46
707 30 48 100
707 11 17 100
708 11 17 100
708 33 28 18
708 1 48 100
708 10 46 150
708 48 48 100
708 13 46 99
708 32 48 100
708 28 48 100
708 22 17 100
708 22 48 100
708 44 46 100
708 7 17 100
708 20 17 150
708 20 48 100
709 29 48 100
709 11 17 100
709 17 46 100
709 17 48 150
709 28 48 100
709 31 17 150
709 31 48 100
709 6 48 100
709 33 28 18
709 34 48 99
709 9 6 -292
709 9 46 100
709 7 6 150
709 7 17 100
709 4 48 100
709 32 48 100
709 13 6 142
709 1 17 99
709 1 48 100
710 16 46 100
710 16 48 100
710 21 17 148
710 24 28 18
710 17 46 100
710 17 48 150
710 29 48 100
710 8 46 99
710 7 17 100
710 6 48 100
710 46 17 99
710 4 48 100
710 12 17 150
710 20 17 150
710 20 48 100
710 31 17 150
710 31 48 100
711 2 46 100
711 8 46 99
711 48 48 100
711 10 28 18
711 21 17 148
711 49 48 150
711 4 48 100
711 32 48 100
711 9 46 100
711 0 28 1
711 0 48 148
711 34 46 100
711 34 48 99
712 29 48 100
712 34 46 100
712 34 48 99
712 46 17 99
712 23 17 148
712 13 46 99
712 3 46 150
712 14 46 148
712 7 17 100
712 41 48 100
712 16 46 100
712 16 48 100
712 39 28 18
712 10 46 150
712 20 17 150
712 20 48 100
713 28 48 100
713 30 48 100
713 41 48 100
713 43 17 99
713 43 46 150
713 43 48 148
713 35 48 80
713 10 46 150
713 2 46 100
713 3 46 150
714 9 46 100
714 20 17 150
714 20 48 56
714 31 17 150
714 0 46 99
714 40 46 100
714 43 17 99
714 43 46 150
714 16 46 100
714 34 46 100
715 48 48 56
715 14 46 148
715 43 17 99
715 43 46 150
715 8 46 99
715 31 17 60
716 10 46 150
716 13 6 85
716 3 46 150
716 43 46 150
717 2 46 100
717 16 46 100
717 16 48 56
717 25 28 18
717 17 46 100
717 8 46 99
717 40 46 100
717 9 46 100
718 17 46 100
718 17 48 54
718 42 46 148
718 28 48 2
719 4 48 56
719 43 28 18
719 2 46 100
719 44 46 100
719 17 46 100
719 13 46 99
720 2 46 100
720 40 6 84
720 48 6 1
721 3 46 150
721 24 28 18
721 17 48 54
722 16 46 100
722 16 48 56
722 8 46 99
722 33 28 18
722 44 46 100
722 0 46 99
722 34 46 100
722 17 46 100
723 1 48 56
727 8 46 99
727 1 48 56
727 13 46 99
727 34 46 100
727 10 46 150
728 25 28 18
728 14 46 148
728 16 46 100
728 16 48 56
729 25 28 18
730 0 48 56
730 14 46 148
730 16 46 100
730 2 46 100
730 17 46 100
731 20 48 56
731 33 28 18
731 14 46 148
731 10 46 150
732 42 46 148
732 14 46 148
732 43 28 18
732 43 48 56
732 3 46 150
732 16 46 100
732 40 46 100
733 40 46 100
733 16 46 100
733 16 48 56
733 14 46 148
733 13 46 99
733 17 46 100
734 42 4 56
734 14 46 148
734 13 46 99
734 16 46 100
734 44 46 100
735 49 48 56
735 8 46 99
735 44 46 100
735 2 46 100
735 40 46 100
736 48 48 56
736 14 46 148
736 9 46 2288
738 13 46 99
738 1 48 56
741 13 46 99
741 16 46 100
741 16 48 56
741 43 46 150
741 44 46 100
741 42 46 148
741 0 46 99
742 6 48 56
742 13 46 99
742 42 46 148
743 16 46 100
743 16 48 56
743 9 46 1044
752 34 46 100
752 42 46 148
753 5 48 56
753 44 46 100
753 16 46 100
753 2 46 100
753 3 46 150
754 28 48 56
754 13 46 99
754 44 46 98
758 8 46 99
758 6 48 56
766 43 46 96
767 40 46 1
787 8 46 96
813 48 48 56
818 49 48 56
840 31 48 56
843 49 6 1
848 34 46 98
