2 37 40 100
2 46 27 100
2 33 27 100
2 41 7 99
3 46 27 100
3 6 7 100
3 20 40 99
3 43 40 99
4 18 27 100
4 36 40 150
4 13 7 150
4 31 27 100
4 4 27 150
4 14 7 100
4 14 27 148
5 4 7 150
5 4 27 150
5 22 40 150
6 36 40 150
6 6 7 100
6 4 27 150
6 45 27 148
7 41 7 99
7 24 27 148
7 22 40 150
7 45 27 148
7 6 7 100
8 41 7 99
8 37 40 100
8 4 27 150
8 18 27 100
8 45 27 148
9 20 40 99
9 13 7 150
9 41 7 99
9 4 27 150
9 24 27 148
9 21 40 100
10 20 40 99
10 33 27 100
10 33 40 99
10 4 27 150
10 4 39 99
10 46 27 100
11 22 40 150
11 48 7 150
11 33 27 100
11 4 27 150
11 49 27 100
12 7 27 148
12 29 7 99
12 12 40 148
12 33 27 100
13 24 27 148
13 22 40 150
13 31 27 100
14 12 40 148
14 14 7 100
14 14 27 148
14 45 27 148
14 39 7 100
15 4 7 150
15 4 27 150
15 18 27 100
15 46 27 100
16 21 40 100
16 31 27 100
16 6 7 100
17 36 40 150
17 14 7 100
17 14 27 148
17 6 7 100
17 4 27 150
18 30 40 150
18 43 40 99
18 45 27 148
18 8 27 150
18 24 27 148
18 13 7 150
19 22 39 100
19 22 40 150
19 6 7 100
19 14 7 100
19 14 27 148
19 24 27 148
20 37 40 100
20 18 27 100
20 49 27 100
20 14 27 148
21 7 27 148
21 43 40 99
21 13 7 150
21 4 27 150
21 37 40 100
22 49 7 99
22 49 27 100
22 44 40 150
22 18 27 100
23 12 40 148
23 41 7 99
23 29 7 99
23 31 27 100
23 33 27 100
23 49 27 100
24 18 27 100
24 39 7 100
24 44 40 150
24 46 27 100
24 31 27 100
25 24 27 148
25 8 27 150
25 4 7 150
25 17 40 148
25 37 24 99
26 29 7 99
26 41 7 99
26 22 40 150
26 49 27 100
26 7 27 148
26 18 27 100
27 7 27 148
27 49 7 99
27 49 27 100
27 36 40 150
28 41 7 99
28 30 40 150
28 46 27 100
28 14 27 148
29 19 39 100
29 49 7 99
29 49 27 100
29 29 23 100
29 14 27 148
29 14 40 100
29 43 40 99
30 7 27 148
30 45 27 148
30 32 40 100
30 46 27 100
30 29 7 99
30 6 7 100
31 13 7 150
31 36 40 150
31 18 27 100
31 8 27 150
32 32 40 100
32 7 27 148
32 29 7 99
32 8 27 150
32 49 27 100
33 14 7 100
33 14 40 100
33 22 40 150
33 39 7 100
34 0 40 148
34 4 7 150
34 4 27 150
34 45 27 148
35 24 27 148
35 37 40 100
35 41 7 99
35 14 27 148
35 14 40 100
36 18 27 100
36 33 27 100
36 33 40 99
36 14 7 100
37 7 27 148
37 6 7 100
37 30 40 150
37 4 7 150
37 4 27 150
37 4 39 99
38 39 7 100
38 43 40 99
38 46 27 100
38 14 7 100
38 14 27 148
38 14 40 100
39 8 27 150
39 0 40 148
39 7 27 148
39 29 7 99
39 31 27 100
40 41 7 99
40 30 40 150
40 8 27 150
40 45 27 148
41 39 7 100
41 8 27 150
41 20 40 99
41 48 7 150
41 37 40 100
41 31 27 100
42 17 40 148
42 8 27 150
42 48 7 150
42 4 27 150
43 32 40 100
43 7 27 148
43 41 7 99
43 49 27 100
44 18 27 100
44 37 40 100
44 8 27 150
44 24 27 148
44 41 7 99
44 14 7 100
44 14 40 100
45 32 40 100
45 41 7 99
45 31 27 100
45 4 27 150
45 14 7 100
46 49 27 100
46 12 40 148
46 31 27 100
47 4 7 150
47 4 27 150
47 12 40 148
47 45 27 148
47 20 40 99
47 7 27 148
48 21 40 100
48 18 27 100
49 48 7 150
49 31 27 100
49 21 40 100
49 20 40 99
49 4 27 150
50 14 7 100
50 14 27 148
50 14 40 100
51 18 27 100
51 12 40 148
51 33 27 100
51 13 7 150
51 24 27 148
51 49 27 100
52 8 27 150
52 37 40 100
52 7 27 148
52 18 27 100
52 31 27 100
52 49 7 99
53 7 27 148
53 31 27 100
53 4 7 150
53 33 40 99
53 14 7 100
54 44 40 150
54 33 27 100
54 29 23 100
54 45 27 148
54 18 27 100
55 24 27 148
55 6 7 100
55 44 40 150
55 49 7 99
55 49 27 100
56 45 27 148
56 20 40 99
56 31 27 100
56 43 40 99
56 14 7 100
57 17 40 148
57 49 7 99
57 49 27 100
57 4 27 150
57 6 7 100
57 18 27 100
58 36 40 150
58 31 27 100
58 49 7 99
58 49 27 100
58 4 27 150
59 36 40 150
59 6 7 100
59 33 27 100
59 8 27 150
60 12 40 148
60 7 27 148
60 48 7 150
60 8 27 150
61 32 40 100
61 31 27 100
61 41 7 99
61 18 27 100
61 4 7 150
62 45 27 148
62 13 7 150
62 12 40 148
62 24 27 148
63 33 27 100
63 33 40 99
63 4 27 150
63 14 27 148
63 14 40 100
64 37 40 100
64 13 7 150
64 49 27 100
64 7 27 148
64 43 40 99
65 21 40 100
65 4 7 150
65 4 27 150
66 48 7 150
66 44 40 150
66 31 27 100
66 24 27 148
66 49 27 100
67 44 40 150
67 33 27 100
68 43 40 99
68 13 7 150
68 7 27 148
68 20 40 99
68 31 27 100
68 4 27 150
69 32 40 100
69 48 7 150
69 45 27 148
69 24 27 148
70 48 7 150
70 33 27 100
70 33 40 99
70 8 27 150
70 49 27 100
71 39 7 100
71 29 7 99
71 37 40 100
71 32 40 100
71 8 27 150
71 14 27 148
71 14 40 100
72 20 40 99
72 31 27 100
72 48 7 150
72 4 27 150
73 36 40 150
73 48 7 150
73 45 27 148
73 49 27 100
73 8 27 150
74 44 40 150
74 40 23 99
75 14 7 100
75 14 27 148
75 14 40 100
75 33 27 100
75 33 40 99
75 41 7 99
75 8 27 150
75 24 27 148
75 31 27 100
76 18 27 100
76 7 27 148
76 21 40 100
76 6 7 100
77 0 40 148
77 14 7 100
77 14 27 148
77 45 27 148
78 13 7 150
78 22 40 150
78 39 7 100
79 17 40 148
79 7 27 148
79 49 7 99
79 49 27 100
79 37 40 100
79 45 27 148
80 20 40 99
80 41 7 99
80 49 7 99
80 49 27 100
81 17 40 148
81 24 27 148
81 6 7 100
81 4 27 150
81 31 27 100
82 36 40 150
82 4 7 150
82 4 27 150
82 8 27 150
82 29 7 99
82 7 27 148
83 22 40 150
83 8 27 150
83 31 27 100
83 7 27 148
84 36 40 150
84 49 27 100
84 7 27 148
85 32 40 100
85 31 27 100
85 33 27 100
85 33 40 99
85 14 7 100
85 14 27 148
86 37 40 100
86 29 7 99
86 4 27 150
86 14 7 100
86 14 27 148
86 14 40 100
87 31 27 100
87 6 7 100
87 30 40 150
87 14 27 148
87 33 27 100
88 6 7 100
88 22 40 150
88 33 27 100
88 24 27 148
89 39 7 100
89 12 40 148
89 14 7 100
89 14 27 148
89 24 27 148
90 36 40 150
90 6 7 100
90 18 27 100
90 49 7 99
90 49 27 100
90 45 27 148
91 21 40 100
91 48 7 150
91 24 27 148
91 4 27 150
92 24 27 148
92 39 7 100
92 36 40 150
92 41 7 99
92 33 27 100
93 43 40 99
93 44 40 150
93 7 27 148
93 8 27 150
93 18 27 100
94 36 40 150
94 49 7 99
94 49 27 100
94 29 7 99
94 41 7 99
94 7 27 148
95 20 40 99
95 33 27 100
95 48 7 150
95 7 27 148
96 44 40 150
96 33 27 100
96 8 27 150
96 6 7 100
97 4 27 150
97 49 27 100
97 0 40 148
97 33 27 100
98 37 40 100
98 4 7 150
98 4 27 150
98 33 27 100
98 33 40 99
98 31 27 100
99 39 7 100
99 17 40 148
99 24 27 148
100 13 7 150
100 49 7 99
100 49 27 100
100 4 27 150
100 8 27 150
100 22 40 150
101 49 7 99
101 32 40 100
101 6 7 100
102 39 7 100
102 44 40 150
102 4 27 150
102 33 27 100
102 33 34 100
102 33 40 99
103 0 40 148
103 33 27 100
103 41 7 99
104 49 7 99
104 49 27 100
104 0 40 148
104 39 7 100
104 31 27 100
104 33 27 100
105 17 40 148
105 14 7 100
105 14 27 148
105 7 27 148
105 33 27 100
105 24 27 148
106 33 27 100
106 33 40 99
106 4 7 150
106 4 27 150
106 39 7 100
107 14 7 100
107 14 27 148
107 14 40 100
107 29 7 99
107 21 40 100
107 4 27 150
108 6 7 100
108 8 27 150
108 24 27 148
108 14 40 100
108 32 40 100
109 18 27 100
109 8 27 150
109 4 7 150
109 49 27 100
109 36 40 150
110 44 40 150
110 13 7 150
110 24 27 148
110 33 27 100
111 33 27 100
111 33 40 99
111 2 23 99
111 14 27 148
112 31 27 100
112 30 40 150
112 49 7 99
112 49 27 100
112 33 27 100
112 41 7 99
112 18 27 100
113 41 7 99
113 17 40 148
113 49 27 100
114 13 7 150
114 43 40 99
114 8 27 150
115 22 40 150
115 32 40 100
115 39 7 100
115 7 27 148
115 49 7 99
115 49 27 100
116 44 40 150
116 45 27 148
116 18 27 100
116 41 7 99
116 39 7 100
116 14 27 148
117 49 7 99
117 49 27 100
117 8 27 150
117 44 40 150
117 33 27 100
118 41 7 99
118 43 40 99
118 31 27 100
118 14 7 100
118 14 27 148
118 14 40 100
118 8 27 150
119 36 40 150
119 49 7 99
119 49 27 100
119 8 27 150
120 33 27 100
120 33 40 99
120 8 27 150
120 14 7 100
120 14 27 148
120 39 7 100
121 31 27 100
121 39 7 100
121 8 27 150
121 44 40 150
122 6 7 100
122 18 27 100
122 12 40 148
122 24 27 148
123 48 7 150
123 24 27 148
123 22 40 150
123 43 40 99
123 18 27 100
123 14 7 100
123 14 27 148
124 43 40 99
124 13 7 150
124 49 27 100
124 8 27 150
125 37 40 100
125 32 40 100
125 33 27 100
125 4 27 150
125 45 27 148
126 41 7 99
126 36 40 150
126 49 7 99
126 49 27 100
126 7 27 148
127 48 7 150
127 7 27 148
127 24 27 148
128 31 27 100
128 30 40 150
128 45 27 148
129 48 7 150
129 43 40 99
129 13 7 150
129 31 27 100
129 33 27 100
129 49 27 100
130 29 7 99
130 31 27 100
130 43 40 99
130 32 40 100
130 33 27 100
130 33 32 100
130 45 27 148
131 29 7 99
131 31 27 100
131 37 40 100
131 45 27 148
131 21 32 100
131 41 7 99
132 21 40 100
132 32 40 100
132 29 7 99
132 39 7 100
132 4 27 150
133 49 7 99
133 49 27 100
133 33 27 100
133 33 32 100
133 33 40 99
133 18 27 100
133 37 40 100
134 48 7 150
134 32 40 100
134 33 27 100
135 13 7 150
135 31 27 100
135 0 40 148
135 24 27 148
136 18 27 100
136 7 27 148
136 33 27 100
136 33 40 99
136 21 40 100
136 6 7 100
137 31 27 100
137 24 27 148
137 41 6 148
137 41 7 99
137 33 27 100
137 33 40 99
137 8 27 150
137 49 7 99
137 49 27 100
138 31 27 100
138 43 40 99
138 49 27 100
138 8 27 150
138 20 40 99
139 9 32 150
139 48 7 150
139 33 40 99
139 43 40 99
140 30 40 150
140 29 7 99
140 41 7 99
140 33 27 100
140 7 27 148
141 49 7 99
141 49 27 100
141 17 40 148
141 39 7 100
141 47 9 100
141 14 27 148
142 39 7 100
142 44 40 150
142 14 27 148
142 8 27 150
143 7 27 148
143 8 27 150
143 41 7 99
143 30 40 150
143 49 7 99
143 49 27 100
144 8 27 150
144 16 6 100
144 36 40 150
144 48 7 150
144 33 27 100
145 12 40 148
145 24 27 148
145 8 27 150
145 41 7 99
146 48 7 150
146 48 32 100
146 12 40 148
146 31 27 100
146 24 27 148
146 18 27 100
147 45 27 148
147 12 40 148
147 31 27 100
147 49 7 99
147 29 7 99
148 44 40 150
148 48 7 150
148 48 32 100
148 18 27 100
148 49 27 100
148 4 27 150
149 30 40 150
149 39 7 100
149 24 27 148
149 41 7 99
149 8 27 150
150 14 7 100
150 14 27 148
150 14 40 100
150 18 27 100
150 18 49 100
150 37 40 100
151 31 27 100
151 14 7 100
151 14 27 148
151 14 40 100
151 29 7 99
152 20 40 99
152 21 40 100
152 7 27 148
152 33 27 100
152 14 7 100
153 36 40 150
153 7 27 148
153 39 7 100
154 30 40 150
154 29 7 99
154 41 7 99
154 33 27 100
154 7 27 148
154 18 27 100
155 31 27 100
155 17 40 148
155 8 27 150
155 43 32 150
155 6 7 100
155 13 7 150
155 7 27 148
156 37 40 100
156 31 27 100
156 24 27 148
156 6 7 100
157 47 9 100
157 31 27 100
157 29 23 100
157 36 40 150
157 33 27 100
157 33 40 99
158 22 40 150
158 39 7 100
158 4 27 150
159 33 27 100
159 33 32 100
159 33 40 99
159 31 27 100
159 29 7 99
159 13 7 150
159 49 27 100
160 18 27 100
160 33 27 100
160 33 40 99
160 16 6 100
160 43 40 99
160 41 7 99
160 4 27 150
161 8 27 150
161 44 40 150
161 7 27 148
161 33 27 100
161 33 32 100
161 13 7 150
161 31 27 100
162 13 7 150
162 14 40 100
162 20 40 99
162 18 27 100
162 29 34 100
163 4 7 150
163 4 27 150
163 0 40 148
163 7 27 148
164 24 27 148
164 24 32 100
164 29 7 99
164 49 7 99
164 49 27 100
164 37 40 100
165 22 40 150
165 39 7 100
165 7 27 148
165 4 27 150
165 6 7 100
166 41 7 99
166 43 40 99
166 4 27 150
166 31 27 100
166 32 40 100
167 49 7 99
167 49 27 100
167 36 40 150
167 41 7 99
167 7 27 148
168 2 49 99
168 37 40 100
168 8 27 150
168 48 7 150
168 16 6 100
169 28 48 100
169 18 27 100
169 14 27 148
170 29 7 99
170 17 40 148
170 31 27 100
170 4 27 150
170 49 27 100
171 36 40 150
171 29 7 99
171 14 7 100
171 14 27 148
171 14 40 100
171 18 27 100
171 33 27 100
172 43 40 99
172 25 32 100
172 49 7 99
172 49 27 100
172 24 27 148
173 29 7 99
173 20 40 99
173 49 7 99
173 49 27 100
173 24 27 148
173 4 27 150
173 37 40 100
173 45 27 148
174 30 40 150
174 49 7 99
174 49 27 100
174 33 27 100
174 6 7 100
175 20 40 99
175 45 27 148
175 47 9 100
175 33 27 100
175 39 7 100
176 44 40 150
176 13 7 150
176 33 27 100
176 4 6 100
176 4 27 150
176 14 27 148
177 12 40 148
177 30 49 99
177 41 7 99
177 24 27 148
177 45 27 148
177 6 7 100
177 37 40 100
178 36 40 150
178 14 7 100
178 14 27 148
178 49 27 100
179 4 7 150
179 4 27 150
179 22 40 150
179 14 27 148
180 45 27 148
180 43 40 99
180 8 27 150
181 24 27 148
181 24 32 100
181 6 7 100
181 14 7 100
181 14 27 148
181 14 40 100
181 31 27 100
181 37 40 100
182 49 7 99
182 49 27 100
182 6 7 100
182 12 40 148
183 25 32 100
183 6 7 100
183 22 40 150
183 33 27 100
183 31 27 100
184 44 40 150
184 11 32 148
184 29 7 99
185 6 7 100
185 20 40 99
185 26 23 100
185 7 27 148
185 33 27 100
185 33 40 99
185 8 27 150
186 22 40 150
186 3 6 99
186 31 27 100
186 8 27 150
187 43 32 150
187 43 40 99
187 33 27 100
187 39 7 100
187 24 27 148
187 31 27 100
187 18 27 100
187 49 27 100
188 44 40 150
188 48 7 150
188 7 27 148
188 31 27 100
188 8 27 150
188 4 27 150
189 22 40 150
189 41 7 99
189 49 7 99
189 49 27 100
189 4 27 150
190 22 40 150
190 4 7 150
190 4 27 150
190 31 27 100
191 49 7 99
191 49 27 100
191 7 27 148
191 29 7 99
191 44 40 150
191 31 27 100
192 32 40 100
192 49 7 99
192 49 27 100
192 37 40 100
192 18 27 100
192 8 27 150
193 49 7 99
193 49 27 100
193 45 27 148
193 12 40 148
193 41 7 99
194 9 9 100
194 21 40 100
194 48 7 150
194 37 40 100
194 18 27 100
194 18 49 100
195 24 27 148
195 24 32 100
195 12 40 148
195 13 7 150
195 4 27 150
196 36 40 150
196 14 7 100
196 14 27 148
196 49 27 100
196 18 27 100
197 12 40 148
197 24 27 148
197 7 27 148
197 14 7 100
197 14 27 148
198 24 27 148
198 0 40 148
198 6 7 100
198 8 27 150
198 29 7 99
199 21 32 100
199 21 40 100
199 20 40 99
199 24 27 148
199 4 27 150
199 29 7 99
200 9 9 100
200 32 40 100
200 45 27 148
200 3 6 99
200 14 27 148
201 33 27 100
201 48 23 100
201 8 27 150
202 37 40 100
202 6 7 100
202 32 40 100
202 24 27 148
202 49 27 100
202 33 27 100
203 49 7 99
203 49 27 100
203 41 7 99
203 37 40 100
203 45 27 148
204 37 40 100
204 47 9 100
204 31 27 100
204 4 7 150
204 4 27 150
204 14 40 100
205 12 40 148
205 41 7 99
205 14 27 148
205 8 27 150
206 45 27 148
206 12 40 148
206 8 27 150
206 48 7 150
206 30 49 99
206 18 27 100
207 49 7 99
207 49 27 100
207 45 27 148
207 39 7 100
207 37 40 100
208 21 40 100
208 16 6 100
208 30 40 150
208 6 7 100
208 29 7 99
208 31 27 100
209 29 7 99
209 4 27 150
209 49 27 100
209 36 40 150
210 49 7 99
210 49 27 100
210 21 32 100
210 21 40 100
210 7 27 148
210 29 7 99
211 18 27 100
211 48 7 150
211 45 27 148
211 7 27 148
211 32 40 100
211 4 27 150
212 37 40 100
212 24 27 148
212 39 7 100
212 14 27 148
212 14 40 100
212 17 9 150
213 12 40 148
213 7 27 148
213 4 7 150
213 4 27 150
213 48 32 100
214 7 27 148
214 48 7 150
214 45 27 148
215 24 27 148
215 45 27 148
215 29 7 99
215 44 40 150
215 6 7 100
216 36 40 150
216 24 27 148
216 29 7 99
216 8 27 150
216 14 7 100
217 39 7 100
217 20 40 99
217 18 27 100
217 4 6 100
217 4 27 150
217 32 40 100
217 31 27 100
218 0 40 148
218 14 7 100
218 14 27 148
218 29 7 99
218 31 27 100
219 36 40 150
219 13 7 150
219 13 32 148
219 24 27 148
219 18 27 100
220 48 7 150
220 22 40 150
220 14 27 148
220 7 27 148
220 33 27 100
221 4 7 150
221 4 27 150
221 25 32 100
221 43 40 99
222 8 15 150
222 8 27 150
222 20 40 99
222 22 40 150
222 33 15 148
222 33 27 100
222 39 7 100
222 14 27 148
223 39 7 100
223 4 27 150
223 7 15 150
223 7 27 148
223 9 15 148
223 33 32 100
223 33 40 99
223 49 7 99
224 43 40 99
224 13 7 150
224 18 27 100
224 8 27 150
224 21 40 100
225 21 40 100
225 18 27 100
225 6 7 100
225 33 27 100
225 33 40 99
225 24 27 148
225 29 7 99
226 6 7 100
226 27 15 100
226 22 40 150
226 49 27 100
226 9 15 148
226 31 27 100
226 4 6 100
227 21 32 100
227 21 40 100
227 6 7 100
227 49 7 99
227 49 27 100
227 12 15 148
227 41 15 100
227 33 15 148
227 33 27 100
227 7 27 148
228 7 27 148
228 29 7 99
228 30 40 150
229 43 40 99
229 40 15 100
229 39 7 100
229 13 15 100
229 6 7 100
229 24 27 148
229 17 15 100
229 8 27 150
230 15 15 150
230 43 40 99
230 0 40 148
230 9 9 100
230 9 15 148
230 13 7 150
230 7 27 148
230 48 32 100
230 49 27 100
231 48 7 150
231 48 15 100
231 22 40 150
231 15 15 150
231 8 27 150
231 24 27 148
231 40 15 100
231 18 27 100
231 7 27 148
232 5 49 100
232 12 40 148
232 49 7 99
232 49 27 100
232 6 7 100
232 24 27 148
233 30 40 150
233 39 7 100
233 33 27 100
233 7 27 148
234 31 27 100
234 4 7 150
234 4 27 150
234 48 32 100
234 44 40 150
234 49 27 100
235 39 7 100
235 44 40 150
235 21 32 100
235 29 7 99
235 48 15 100
235 9 15 148
235 45 27 148
235 18 27 100
236 41 7 99
236 41 15 100
236 37 40 100
236 43 40 99
236 14 15 150
236 14 27 148
236 40 15 100
236 45 27 148
237 0 40 148
237 45 27 148
237 36 15 150
237 8 15 150
237 8 27 150
237 4 6 100
237 4 7 150
238 20 40 99
238 14 15 150
238 14 27 148
238 8 15 150
238 8 27 150
239 13 7 150
239 13 15 100
239 38 15 100
239 22 40 150
239 49 27 100
239 33 15 148
239 33 27 100
239 33 40 99
239 4 27 150
240 36 15 150
240 36 40 150
240 48 7 150
240 48 15 100
240 13 15 100
240 18 27 100
240 33 27 100
240 31 27 100
241 13 7 150
241 13 15 100
241 18 27 100
241 40 15 100
241 22 40 150
241 27 15 100
241 49 7 99
241 49 27 100
242 49 7 99
242 49 27 100
242 44 40 150
242 48 15 100
242 48 32 100
242 45 27 148
242 33 15 148
242 33 27 100
243 17 40 148
243 14 7 100
243 14 27 148
243 6 7 100
243 49 27 100
244 21 32 100
244 21 40 100
244 9 15 148
244 6 7 100
244 27 15 100
244 24 27 148
244 17 15 100
244 18 27 100
244 33 27 100
245 4 7 150
245 4 27 150
245 20 40 99
245 43 40 99
245 33 15 148
245 33 27 100
245 40 15 100
246 8 15 150
246 8 27 150
246 21 40 100
246 13 7 150
246 13 15 100
246 14 15 150
246 14 27 148
246 20 40 99
246 9 9 100
247 43 32 150
247 43 40 99
247 4 6 100
247 4 27 150
247 40 15 100
247 15 15 150
247 45 27 148
247 27 15 100
248 36 15 150
248 36 23 100
248 36 40 150
248 4 27 150
248 38 15 100
248 24 27 148
249 49 7 99
249 49 27 100
249 6 7 100
249 37 40 100
249 25 32 100
249 24 27 148
249 38 15 100
249 40 15 100
249 36 15 150
250 6 7 100
250 40 15 100
250 20 40 99
250 17 15 100
250 39 7 100
250 7 15 150
250 7 27 148
250 33 27 100
251 21 32 100
251 21 40 100
251 8 27 150
251 13 7 150
251 49 27 100
251 24 27 148
252 29 7 99
252 38 15 100
252 15 15 150
252 17 40 148
252 14 27 148
252 47 9 100
252 7 27 148
253 47 9 100
253 21 40 100
253 39 7 100
253 17 15 100
253 12 15 148
253 8 27 150
253 40 15 100
253 32 40 100
254 6 7 100
254 17 15 100
254 17 40 148
254 9 15 148
254 35 15 100
254 41 7 99
254 45 27 148
254 7 27 148
254 49 27 100
255 22 40 150
255 36 15 150
255 48 7 150
255 48 15 100
255 14 27 148
255 4 27 150
255 33 27 100
256 43 40 99
256 33 15 148
256 33 27 100
256 33 40 99
256 24 27 148
256 12 15 148
256 6 7 100
256 14 7 100
257 4 7 150
257 4 27 150
257 7 27 148
257 0 40 148
257 0 49 99
258 6 7 100
258 48 15 100
258 27 15 100
258 36 15 150
258 36 40 150
258 8 27 150
258 24 27 148
259 6 7 100
259 36 15 150
259 36 40 150
259 39 7 100
259 49 27 100
259 21 32 100
259 14 15 150
259 14 27 148
260 39 7 100
260 12 15 148
260 12 40 148
260 31 27 100
260 8 15 150
260 8 27 150
260 14 7 100
261 18 27 100
261 38 15 100
261 22 40 150
261 13 7 150
261 13 15 100
261 8 15 150
261 8 27 150
261 4 27 150
262 36 15 150
262 39 7 100
262 4 27 150
262 40 15 100
262 7 27 148
262 17 15 100
263 37 40 100
263 45 27 148
263 17 15 100
263 43 40 99
263 12 15 148
263 7 27 148
264 8 15 150
264 8 27 150
264 43 40 99
264 24 27 148
264 17 15 100
264 48 7 150
264 48 15 100
264 13 7 150
265 42 37 100
265 4 7 150
265 4 27 150
265 14 15 150
265 14 27 148
265 14 40 100
265 41 15 100
265 32 40 100
265 17 15 100
266 25 37 99
266 49 7 99
266 49 27 100
266 36 40 150
266 33 27 100
266 41 7 99
267 33 27 100
267 33 40 99
267 45 27 148
267 9 37 100
267 13 7 150
267 49 27 100
268 49 27 100
268 42 37 100
268 21 40 100
268 7 15 150
268 7 27 148
268 33 15 148
268 33 40 99
269 1 37 100
269 29 7 99
269 14 7 100
269 14 27 148
269 14 40 100
269 18 27 100
270 47 37 100
270 24 27 148
270 38 15 100
270 20 40 99
270 27 15 100
270 43 40 99
270 41 7 99
270 41 15 100
270 45 27 148
271 24 37 150
271 18 27 100
271 44 40 150
271 14 7 100
271 14 15 150
271 36 15 150
271 41 7 99
272 31 27 100
272 21 40 100
272 10 37 100
272 48 7 150
272 48 15 100
272 41 15 100
272 4 27 150
272 12 15 148
272 37 40 100
273 36 40 150
273 23 37 100
273 4 7 150
273 4 27 150
273 31 27 100
273 33 27 100
274 48 7 150
274 20 40 99
274 38 37 100
274 7 27 148
274 24 27 148
275 43 40 99
275 23 37 100
275 21 40 100
275 38 15 100
275 24 27 148
275 49 7 99
275 49 27 100
275 15 15 150
276 47 37 100
276 33 15 148
276 33 27 100
276 33 40 99
276 29 7 99
276 48 7 150
276 48 15 100
276 36 15 150
276 45 27 148
276 49 27 100
277 44 40 150
277 38 15 100
277 38 37 100
277 31 27 100
277 14 7 100
277 14 15 150
277 14 27 148
278 27 15 100
278 8 15 150
278 8 27 150
278 5 37 100
278 7 27 148
278 17 15 100
278 17 40 148
278 39 7 100
278 49 7 99
278 37 40 100
279 11 37 100
279 0 40 148
279 31 27 100
279 24 27 148
279 15 15 150
279 18 27 100
279 12 15 148
279 4 7 150
280 5 37 100
280 4 7 150
280 4 27 150
280 9 15 148
280 48 15 100
280 43 40 99
280 14 27 148
280 17 15 100
281 4 7 150
281 4 27 150
281 4 37 148
281 48 15 100
281 0 40 148
281 33 15 148
281 33 27 100
282 12 15 148
282 12 40 148
282 11 37 100
282 7 15 150
282 7 27 148
282 40 15 100
282 31 27 100
282 41 7 99
283 41 15 100
283 0 40 148
283 25 37 99
283 8 15 150
283 8 27 150
283 24 27 148
284 13 7 150
284 13 15 100
284 12 15 148
284 12 40 148
284 5 37 100
284 27 15 100
284 39 7 100
284 7 27 148
284 8 27 150
284 43 40 99
285 13 7 150
285 13 15 100
285 34 37 100
285 31 27 100
285 18 27 100
285 33 15 148
285 33 27 100
285 33 40 99
285 35 15 100
286 31 27 100
286 2 37 150
286 17 15 100
286 17 40 148
286 14 7 100
286 14 15 150
286 14 27 148
287 13 15 100
287 13 23 100
287 8 15 150
287 8 27 150
287 4 27 150
287 1 37 100
287 20 40 99
287 31 27 100
287 32 40 100
288 18 27 100
288 33 27 100
288 33 40 99
288 31 27 100
288 11 37 100
288 17 15 100
289 14 7 100
290 31 27 100
290 24 27 148
290 15 15 150
290 6 7 100
290 14 7 100
290 14 15 150
290 39 7 100
290 13 15 100
291 21 40 100
291 15 15 150
291 20 40 99
291 6 7 100
291 49 7 99
291 49 27 100
291 48 15 100
291 27 15 100
291 38 15 100
291 8 27 150
292 31 27 100
292 18 27 100
292 21 40 100
292 17 15 100
292 36 15 150
292 45 27 148
292 35 15 100
293 32 40 100
293 14 7 100
293 14 15 150
293 14 27 148
293 14 40 100
293 9 15 148
293 48 7 150
293 48 15 100
293 49 7 99
293 49 27 100
293 13 15 100
294 18 27 100
294 22 40 150
294 39 7 100
294 29 7 99
294 29 19 148
294 27 15 100
294 7 15 150
294 7 19 100
294 7 27 148
294 9 15 148
295 37 19 148
295 37 40 100
295 14 7 100
295 14 19 100
295 14 27 148
295 14 40 100
295 8 27 150
295 21 19 150
295 38 19 99
296 21 19 150
296 31 27 100
296 49 7 99
296 49 27 100
296 29 7 99
296 8 27 150
296 23 19 99
297 23 19 99
297 37 19 148
297 6 7 100
297 41 15 100
297 19 48 100
297 18 27 100
297 14 15 150
297 14 19 100
297 14 27 148
297 17 15 100
297 7 19 100
298 33 27 100
298 24 27 148
298 46 19 150
298 21 19 150
298 18 27 100
298 48 7 150
298 48 15 100
298 23 19 99
299 33 27 100
299 33 40 99
299 31 27 100
299 4 7 150
299 4 27 150
299 14 19 100
300 23 19 99
300 48 15 100
300 33 15 148
300 33 27 100
300 33 40 99
300 13 15 100
300 20 40 99
300 18 27 100
301 22 40 150
301 33 15 148
301 33 27 100
301 17 15 100
301 12 15 148
301 45 27 148
301 14 7 100
301 14 27 148
301 27 15 100
301 49 7 99
302 46 19 150
302 5 19 99
302 31 27 100
302 22 40 150
302 41 7 99
302 49 7 99
302 49 27 100
302 29 19 148
303 33 27 100
303 9 20 100
303 38 19 99
303 48 7 150
303 31 27 100
303 18 27 100
304 24 27 148
304 23 19 99
304 21 19 150
304 45 27 148
304 38 19 99
304 26 41 99
304 5 19 99
305 27 15 100
305 14 7 100
305 14 15 150
305 14 27 148
305 14 40 100
305 15 15 150
305 41 7 99
305 31 27 100
306 3 0 100
306 0 40 148
306 49 7 99
306 49 27 100
306 18 27 100
306 20 40 99
306 7 27 148
306 4 7 150
307 31 27 100
307 4 7 150
307 4 27 150
307 27 15 100
307 44 40 150
307 49 27 100
307 7 15 150
307 14 15 150
308 12 15 148
308 12 40 148
308 45 27 148
308 33 15 148
308 33 27 100
308 29 7 99
308 40 15 100
309 43 40 99
309 49 27 100
309 41 15 100
309 18 27 100
309 31 27 100
309 7 15 150
309 48 15 100
309 27 15 100
310 33 27 100
310 33 40 99
310 14 7 100
310 14 19 100
310 14 27 148
310 14 40 100
310 37 19 148
310 39 7 100
310 49 27 100
310 38 19 99
311 33 27 100
311 23 19 99
311 6 7 100
311 45 27 148
311 7 19 100
311 38 19 99
311 14 7 100
311 14 19 100
312 38 19 99
312 38 34 99
312 5 19 99
312 44 40 150
312 6 7 100
312 37 19 148
312 15 19 100
312 46 19 150
313 44 40 150
313 46 19 150
313 46 24 99
313 8 27 150
313 31 27 100
313 48 7 150
313 49 27 100
314 49 7 99
314 49 27 100
314 45 27 148
314 43 40 99
314 39 7 100
314 38 19 99
314 33 40 99
315 13 15 100
315 7 15 150
315 7 19 100
315 7 27 148
315 15 15 150
315 15 19 100
315 22 40 150
315 14 19 100
315 14 27 148
315 21 19 150
316 8 27 150
316 20 40 99
316 29 7 99
316 5 19 99
316 7 27 148
317 22 40 150
317 8 27 150
317 29 7 99
317 39 7 100
317 31 27 100
318 21 40 100
318 48 7 150
318 24 27 148
318 14 27 148
318 14 40 100
319 18 27 100
319 17 40 148
319 33 27 100
319 48 7 150
319 21 19 150
320 43 40 99
320 8 15 150
320 8 27 150
320 39 7 100
320 37 19 148
320 27 15 100
320 38 15 100
320 38 19 99
320 31 27 100
320 33 27 100
320 49 7 99
320 49 27 100
321 30 40 150
321 35 15 100
321 33 15 148
321 33 27 100
321 40 15 100
321 18 27 100
321 6 7 100
321 7 15 150
321 7 19 100
321 49 27 100
322 22 40 150
322 33 15 148
322 33 27 100
322 33 40 99
322 35 15 100
322 18 27 100
322 31 27 100
322 15 15 150
322 15 19 100
322 38 19 99
322 14 7 100
322 14 19 100
323 27 15 100
323 45 27 148
323 17 15 100
323 17 40 148
323 12 15 148
323 8 27 150
323 41 7 99
323 41 15 100
323 15 19 100
324 7 15 150
324 7 19 100
324 7 27 148
324 14 7 100
324 14 15 150
324 14 27 148
324 14 40 100
324 48 7 150
324 48 15 100
324 11 24 100
325 30 40 150
325 29 7 99
325 7 15 150
325 40 15 100
325 49 7 99
325 38 15 100
326 32 40 100
326 43 40 99
326 7 27 148
326 26 41 99
326 29 7 99
326 14 7 100
326 14 27 148
326 38 15 100
327 35 15 100
327 20 40 99
327 40 15 100
327 49 7 99
327 49 27 100
327 12 15 148
327 38 15 100
327 31 27 100
328 30 40 150
328 33 27 100
328 31 27 100
328 8 27 150
328 12 24 100
329 14 7 100
329 14 27 148
329 39 7 100
329 33 27 100
329 26 23 100
330 19 20 100
330 32 40 100
330 21 40 100
330 18 27 100
330 29 7 99
330 31 27 100
330 7 27 148
331 39 7 100
331 42 0 100
331 33 27 100
331 33 40 99
331 32 40 100
331 24 27 148
331 29 7 99
332 8 15 150
332 8 27 150
332 38 15 100
332 48 7 150
332 48 15 100
332 37 40 100
332 24 27 148
333 33 27 100
333 4 7 150
333 4 27 150
334 49 27 100
334 14 15 150
334 14 27 148
334 14 40 100
334 48 15 100
334 12 15 148
334 18 27 100
334 43 40 99
335 29 7 99
335 29 19 148
335 29 34 100
335 32 40 100
335 13 15 100
335 9 15 148
335 8 15 150
336 42 0 100
336 36 40 150
336 14 7 100
336 14 19 100
336 14 27 148
336 17 15 100
336 31 27 100
336 4 7 150
336 33 27 100
337 20 40 99
337 45 27 148
337 39 7 100
337 37 19 148
337 37 40 100
337 7 15 150
337 7 19 100
337 7 27 148
338 27 15 100
338 31 27 100
338 48 7 150
338 48 15 100
338 49 27 100
338 18 27 100
338 32 40 100
338 15 15 150
338 15 19 100
338 41 15 100
338 36 15 150
338 35 15 100
338 37 19 148
338 7 19 100
339 45 27 148
339 36 40 150
339 21 19 150
339 21 40 100
339 6 7 100
339 4 27 150
339 49 7 99
340 17 15 100
340 17 40 148
340 38 15 100
340 36 15 150
340 45 27 148
341 6 7 100
341 23 4 100
341 7 27 148
341 31 27 100
341 14 27 148
341 14 40 100
342 45 27 148
342 14 7 100
342 14 15 150
342 14 27 148
342 14 40 100
342 39 7 100
342 33 15 148
342 33 40 99
342 35 15 100
342 41 15 100
343 21 40 100
343 13 7 150
343 13 15 100
343 35 15 100
343 33 0 100
343 33 15 148
343 33 27 100
343 18 27 100
344 26 23 100
344 45 0 100
344 45 27 148
344 17 40 148
344 11 24 100
344 24 27 148
345 33 27 100
345 4 7 150
345 4 27 150
345 14 27 148
346 41 7 99
346 0 40 148
346 18 27 100
346 45 27 148
346 29 7 99
347 17 15 100
347 17 40 148
347 43 40 99
347 41 7 99
347 41 15 100
347 27 15 100
347 18 27 100
347 15 15 150
348 5 19 99
348 5 37 100
348 42 37 100
348 48 7 150
348 8 27 150
348 7 19 100
348 7 27 148
348 40 48 99
349 49 7 99
349 49 27 100
349 32 0 100
349 32 41 150
349 45 27 148
349 3 41 148
349 15 15 150
349 15 19 100
349 15 41 148
349 9 15 148
349 18 27 100
349 29 7 99
349 29 19 148
349 6 41 150
349 14 15 150
349 14 19 100
349 14 27 148
349 26 41 99
350 38 19 99
350 24 27 148
350 4 7 150
350 4 27 150
350 37 19 148
351 23 4 100
351 23 19 99
351 23 41 148
351 45 27 148
351 15 19 100
351 15 41 148
351 29 7 99
351 29 19 148
351 18 27 100
351 8 41 99
351 27 41 150
351 37 19 148
351 14 19 100
352 26 41 99
352 49 7 99
352 49 27 100
352 39 7 100
352 31 27 100
352 29 19 148
352 12 15 148
352 38 15 100
352 35 15 100
352 33 27 100
353 44 40 150
353 44 41 100
353 40 41 99
353 49 27 100
353 8 27 150
353 8 41 99
353 15 41 148
353 26 41 99
354 37 40 100
354 49 7 99
354 49 27 100
354 31 27 100
354 31 41 99
354 29 7 99
354 18 27 100
355 25 20 100
355 6 7 100
355 6 41 150
355 32 40 100
355 32 41 150
355 3 41 148
355 20 40 99
355 14 27 148
355 14 41 148
356 4 7 150
356 4 27 150
356 4 39 99
356 15 19 100
356 15 41 148
356 17 40 148
356 37 19 148
356 47 41 150
356 38 19 99
356 27 41 150
357 15 15 150
357 15 19 100
357 15 41 148
357 21 40 100
357 24 27 148
357 24 41 150
357 7 15 150
357 7 19 100
357 7 27 148
357 32 41 150
357 29 7 99
357 8 15 150
357 8 27 150
357 8 41 99
357 4 27 150
358 45 27 148
358 8 15 150
358 8 27 150
358 8 41 99
358 47 41 150
358 7 15 150
358 13 7 150
358 13 15 100
358 33 27 100
358 32 41 150
358 27 41 150
358 36 41 100
359 33 15 148
359 33 27 100
359 33 40 99
359 13 7 150
359 13 15 100
359 17 15 100
359 9 15 148
359 4 27 150
359 47 41 150
359 8 41 99
359 21 40 100
359 14 7 100
359 14 41 148
359 24 41 150
360 49 7 99
360 49 27 100
360 6 41 150
360 32 41 150
360 8 27 150
360 31 27 100
361 43 0 100
361 43 40 99
361 20 40 99
361 4 7 150
361 4 27 150
361 4 39 99
361 18 27 100
361 15 15 150
361 41 15 100
361 14 15 150
362 7 15 150
362 7 19 100
362 7 27 148
362 33 15 148
362 33 27 100
362 33 40 99
362 41 7 99
362 41 15 100
362 47 41 150
362 13 7 150
362 49 27 100
362 40 41 99
362 29 19 148
362 37 19 148
363 31 27 100
363 31 41 99
363 5 19 99
363 43 40 99
363 27 41 150
363 33 27 100
363 33 40 99
363 40 41 99
363 26 41 99
364 21 19 150
364 21 40 100
364 15 19 100
364 37 19 148
364 5 19 99
364 6 7 100
364 45 27 148
365 26 23 100
365 26 41 99
365 45 27 148
365 20 40 99
365 35 41 150
365 32 40 100
365 32 41 150
365 8 27 150
365 8 41 99
365 40 41 99
365 31 27 100
365 33 27 100
366 7 19 100
366 7 27 148
366 35 41 150
366 21 19 150
366 49 27 100
366 6 41 150
366 23 4 100
366 23 19 99
366 23 41 148
366 47 41 150
366 38 19 99
366 40 41 99
367 45 27 148
367 6 7 100
367 18 27 100
367 18 39 100
367 39 7 100
367 44 40 150
367 38 19 99
367 31 27 100
368 27 41 150
368 7 19 100
368 7 27 148
368 36 40 150
368 36 41 100
368 47 41 150
368 31 27 100
368 31 41 99
368 21 19 150
368 29 7 99
368 29 19 148
368 44 41 100
368 38 19 99
369 35 15 100
369 32 40 100
369 49 7 99
369 49 27 100
369 14 7 100
369 14 15 150
369 14 27 148
369 40 15 100
369 31 27 100
370 40 15 100
370 40 41 99
370 21 40 100
370 31 27 100
370 31 41 99
370 47 41 150
370 39 7 100
370 15 15 150
370 15 41 148
370 38 15 100
370 24 27 148
370 24 41 150
370 7 15 150
370 33 40 99
371 14 7 100
371 14 15 150
371 14 27 148
371 14 40 100
371 37 40 100
371 47 45 100
371 39 7 100
371 13 15 100
371 15 15 150
371 45 27 148
372 32 40 100
372 49 7 99
372 49 27 100
372 27 39 100
373 15 41 148
373 8 27 150
373 8 41 99
373 4 7 150
373 4 27 150
373 24 27 148
373 24 41 150
373 18 27 100
373 49 7 99
373 23 41 148
373 40 41 99
374 0 40 148
374 7 27 148
374 32 20 100
374 32 41 150
374 35 41 150
374 18 27 100
374 26 41 99
374 23 41 148
374 36 41 100
375 20 40 99
375 18 27 100
375 8 15 150
375 8 27 150
375 8 41 99
375 14 7 100
375 14 15 150
375 14 40 100
375 14 41 148
375 35 15 100
375 35 41 150
375 36 41 100
375 31 41 99
376 7 15 150
376 7 27 148
376 31 27 100
376 0 40 148
376 8 15 150
376 41 7 99
376 41 15 100
376 18 27 100
377 38 15 100
377 38 19 99
377 31 27 100
377 31 41 99
377 3 41 148
377 26 41 99
377 20 40 99
377 24 27 148
377 24 41 150
377 33 15 148
377 12 15 148
377 44 41 100
377 14 7 100
377 14 19 100
377 37 19 148
377 6 7 100
378 37 19 148
378 37 40 100
378 44 40 150
378 44 41 100
378 22 39 100
378 33 27 100
378 24 27 148
378 24 41 150
378 36 41 100
378 17 15 100
378 3 41 148
378 4 7 150
379 7 27 148
379 35 41 150
379 23 4 100
379 49 7 99
379 49 27 100
379 14 7 100
379 14 27 148
379 14 40 100
380 3 41 148
380 49 7 99
380 49 27 100
380 32 40 100
380 32 41 150
380 14 27 148
380 14 40 100
380 14 41 148
380 15 41 148
381 8 15 150
381 8 27 150
381 8 41 99
381 23 41 148
381 33 15 148
381 33 27 100
381 33 40 99
381 27 15 100
381 27 41 150
381 26 41 99
381 39 7 100
381 44 41 100
381 29 7 99
381 49 27 100
382 23 19 99
382 23 41 148
382 38 19 99
382 48 7 150
382 24 27 148
382 24 41 150
382 7 19 100
382 7 27 148
382 35 41 150
382 36 40 150
382 36 41 100
382 31 41 99
383 39 7 100
383 23 19 99
383 18 27 100
383 5 19 99
383 36 15 150
383 36 40 150
383 36 41 100
383 24 27 148
384 41 7 99
384 41 15 100
384 12 15 148
384 12 40 148
384 49 7 99
384 49 27 100
384 3 41 148
384 24 27 148
384 24 41 150
384 5 19 99
384 26 41 99
384 19 39 100
384 35 41 150
384 38 19 99
385 17 40 148
385 31 27 100
385 31 41 99
385 13 7 150
385 47 41 150
385 32 41 150
385 37 19 148
385 26 41 99
385 7 19 100
385 7 27 148
385 3 41 148
385 8 27 150
385 8 41 99
386 6 7 100
386 6 41 150
386 38 19 99
386 0 40 148
386 29 7 99
386 29 19 148
386 5 19 99
386 21 19 150
386 21 40 100
386 26 41 99
386 24 27 148
386 24 41 150
387 27 41 150
387 48 7 150
387 33 27 100
387 33 40 99
387 34 29 100
387 38 19 99
387 45 27 148
387 15 19 100
387 15 41 148
387 4 27 150
387 36 41 100
387 5 19 99
387 37 19 148
388 15 15 150
388 15 19 100
388 15 41 148
388 31 27 100
388 31 41 99
388 35 15 100
388 35 41 150
388 33 15 148
388 33 27 100
388 33 40 99
388 43 40 99
388 8 41 99
389 35 41 150
389 18 27 100
389 21 19 150
389 7 19 100
389 49 7 99
389 29 19 148
390 44 40 150
390 44 41 100
390 49 7 99
390 49 27 100
390 17 15 100
390 6 7 100
390 6 41 150
390 35 15 100
390 35 41 150
390 9 15 148
390 5 19 99
390 24 27 148
390 8 15 150
390 8 41 99
390 21 19 150
391 4 7 150
391 4 27 150
391 4 39 99
391 24 27 148
391 24 41 150
391 17 40 148
391 14 41 148
391 3 41 148
392 7 19 100
392 7 27 148
392 13 23 100
392 49 27 100
392 36 40 150
392 36 41 100
392 3 41 148
392 5 19 99
392 14 19 100
392 14 41 148
393 9 15 148
393 36 15 150
393 36 40 150
393 36 41 100
393 23 19 99
393 23 41 148
393 26 41 99
393 5 19 99
393 6 7 100
393 6 41 150
393 13 15 100
394 39 7 100
394 2 0 99
394 18 27 100
394 37 40 100
394 20 40 99
394 4 7 150
394 4 27 150
394 8 15 150
394 8 27 150
394 8 41 99
394 12 15 148
394 31 27 100
394 31 41 99
394 14 27 148
394 14 41 148
395 35 15 100
395 35 41 150
395 37 40 100
395 45 0 100
395 45 27 148
395 47 41 150
395 48 7 150
395 8 27 150
395 8 41 99
395 27 41 150
395 6 41 150
395 23 41 148
396 8 27 150
396 7 27 148
396 33 40 99
396 20 40 99
396 6 13 100
397 35 15 100
397 4 27 150
397 4 39 99
397 30 40 150
397 48 15 100
397 17 15 100
398 7 15 150
398 7 27 148
398 32 40 100
398 4 7 150
398 4 27 150
398 8 15 150
398 8 27 150
398 41 15 100
398 12 15 148
399 7 2 100
399 7 27 148
399 43 40 99
399 6 7 100
399 20 40 99
399 24 27 148
400 30 40 150
400 31 27 100
400 40 15 100
400 48 7 150
400 48 15 100
400 18 27 100
400 27 15 100
400 36 15 150
401 40 15 100
401 40 41 99
401 35 15 100
401 35 41 150
401 5 19 99
401 21 19 150
401 21 40 100
401 3 41 148
401 45 27 148
401 8 15 150
401 8 27 150
401 8 41 99
401 49 7 99
401 49 27 100
401 29 7 99
401 29 19 148
401 23 19 99
401 23 41 148
401 37 40 100
402 48 23 100
402 12 40 148
402 24 27 148
402 8 27 150
403 41 7 99
403 41 15 100
403 15 15 150
403 15 39 100
403 37 40 100
403 27 15 100
403 13 15 100
403 39 7 100
403 8 34 99
404 13 7 150
404 7 27 148
404 19 20 100
404 27 41 150
404 40 41 99
404 8 27 150
404 8 41 99
404 15 41 148
404 23 41 148
405 45 27 148
405 5 4 100
405 23 41 148
405 44 41 100
405 26 41 99
405 6 7 100
405 6 41 150
405 8 27 150
405 8 41 99
406 18 27 100
406 49 7 99
406 49 27 100
406 12 15 148
406 12 40 148
406 40 15 100
406 15 15 150
406 33 27 100
406 39 7 100
407 6 7 100
407 22 40 150
408 43 40 99
408 18 27 100
408 23 19 99
408 48 7 150
408 29 19 148
409 33 0 100
409 33 15 148
409 33 27 100
409 33 40 99
409 8 15 150
409 8 27 150
409 38 15 100
409 38 19 99
409 49 7 99
409 49 27 100
409 37 19 148
409 24 27 148
409 4 27 150
409 4 39 99
410 34 0 100
410 49 7 99
410 49 27 100
410 47 41 150
410 35 15 100
410 35 41 150
410 4 7 150
410 4 27 150
410 6 41 150
410 13 15 100
410 21 40 100
410 33 15 148
410 33 27 100
410 40 15 100
410 40 41 99
410 26 41 99
411 14 7 100
411 14 15 150
411 14 27 148
411 14 41 148
411 26 41 99
411 31 27 100
411 31 41 99
411 49 7 99
411 49 27 100
411 13 15 100
411 6 41 150
411 8 15 150
411 8 41 99
412 20 40 99
412 32 40 100
412 18 27 100
412 7 27 148
412 14 7 100
413 8 27 150
413 8 41 99
413 17 37 100
413 17 40 148
413 40 41 99
413 23 37 100
413 23 41 148
413 41 7 99
413 7 27 148
413 24 41 150
413 32 41 150
413 49 7 99
414 40 15 100
414 40 41 99
414 0 40 148
414 32 41 150
414 13 7 150
414 13 15 100
414 23 41 148
414 41 15 100
414 17 15 100
414 31 27 100
414 31 41 99
414 3 41 148
414 27 15 100
414 27 39 100
415 5 19 99
415 36 40 150
415 18 27 100
415 21 19 150
415 23 19 99
416 39 7 100
416 47 41 150
416 3 41 148
416 17 40 148
416 36 41 100
416 40 41 99
416 27 41 150
416 23 19 99
416 4 27 150
417 16 0 100
417 49 7 99
417 49 27 100
417 43 40 99
417 44 4 100
417 4 27 150
417 21 40 100
417 5 13 100
417 5 19 99
417 33 27 100
418 21 40 100
418 24 27 148
418 24 41 150
418 32 41 150
418 39 7 100
418 3 41 148
418 4 7 150
418 47 41 150
418 8 34 99
419 6 7 100
419 6 41 150
419 43 40 99
419 3 41 148
419 15 15 150
419 15 41 148
419 21 40 100
419 13 15 100
419 17 15 100
419 39 7 100
419 44 41 100
420 39 7 100
420 40 15 100
420 40 41 99
420 31 27 100
420 31 41 99
420 32 40 100
420 32 41 150
420 47 41 150
420 41 15 100
420 35 15 100
420 35 41 150
420 22 39 100
420 45 27 148
420 38 15 100
420 38 19 99
421 27 41 150
421 38 19 99
421 41 7 99
421 32 40 100
421 32 41 150
421 23 19 99
421 23 41 148
421 18 27 100
421 5 19 99
421 26 41 99
421 35 41 150
422 26 41 99
422 11 0 100
422 0 40 148
422 39 7 100
422 40 15 100
422 31 27 100
422 36 15 150
422 18 27 100
423 22 40 150
423 35 15 100
423 35 41 150
423 49 7 99
423 49 27 100
423 24 27 148
423 24 41 150
423 8 15 150
423 8 27 150
423 8 41 99
423 12 15 148
423 41 15 100
423 9 15 148
423 14 19 100
423 14 27 148
423 14 41 148
424 9 15 148
424 20 40 99
424 4 7 150
424 4 27 150
424 3 41 148
424 26 41 99
424 7 15 150
424 7 27 148
424 40 15 100
424 40 41 99
424 32 41 150
424 14 27 148
424 14 41 148
425 22 40 150
425 47 20 100
425 39 7 100
425 8 27 150
426 48 7 150
426 48 15 100
426 44 40 150
426 44 41 100
426 23 41 148
426 3 0 100
426 3 41 148
426 33 15 148
426 33 27 100
426 31 27 100
426 31 41 99
426 7 15 150
426 7 27 148
426 24 27 148
426 24 41 150
426 36 39 100
426 4 27 150
427 29 7 99
427 29 19 148
427 37 19 148
427 37 40 100
427 23 19 99
427 24 27 148
427 21 19 150
427 21 40 100
427 48 7 150
427 31 27 100
427 45 27 148
428 20 40 99
428 14 7 100
428 14 15 150
428 14 27 148
428 14 40 100
428 9 15 148
428 36 15 150
428 24 27 148
428 6 7 100
429 8 27 150
429 8 41 99
429 35 41 150
429 3 41 148
429 30 40 150
429 15 41 148
429 6 7 100
429 6 41 150
430 48 7 150
430 48 15 100
430 30 40 150
430 33 0 100
430 33 15 148
430 33 27 100
430 49 27 100
430 8 15 150
430 8 27 150
430 18 27 100
431 21 40 100
431 40 41 99
431 41 7 99
431 15 41 148
431 49 7 99
431 49 27 100
431 27 41 150
432 18 27 100
432 18 39 100
432 17 40 148
432 7 27 148
432 31 27 100
432 31 41 99
432 49 7 99
432 49 27 100
432 24 41 150
432 36 41 100
433 20 40 99
433 12 15 148
433 36 15 150
433 36 41 100
433 9 15 148
433 43 40 99
433 32 41 150
433 15 41 148
433 13 7 150
434 7 15 150
434 7 27 148
434 37 40 100
434 24 27 148
434 24 41 150
434 23 41 148
434 45 0 100
434 45 27 148
434 3 41 148
434 38 15 100
434 27 15 100
434 27 41 150
434 36 41 100
434 14 7 100
434 14 27 148
434 13 15 100
435 17 40 148
435 32 0 100
435 32 40 100
435 31 27 100
436 8 27 150
436 17 40 148
436 4 7 150
436 4 27 150
436 41 7 99
436 13 7 150
436 33 27 100
436 7 27 148
437 18 27 100
437 43 40 99
437 45 27 148
437 29 7 99
438 27 15 100
438 27 39 100
438 18 27 100
438 31 27 100
438 40 15 100
438 40 23 99
438 49 7 99
438 49 27 100
438 41 15 100
438 38 15 100
438 38 19 99
438 15 19 100
438 20 40 99
439 45 27 148
439 20 40 99
439 23 19 99
439 30 40 150
439 48 7 150
439 48 15 100
439 17 15 100
439 31 27 100
439 12 15 148
440 18 27 100
440 5 19 99
440 20 40 99
440 35 15 100
440 40 41 99
440 31 27 100
440 45 27 148
440 41 7 99
441 29 7 99
441 26 41 99
441 8 15 150
441 8 41 99
441 32 40 100
441 32 41 150
441 47 41 150
441 6 7 100
441 27 15 100
441 38 15 100
441 38 19 99
441 14 40 100
442 40 41 99
442 7 27 148
442 8 27 150
442 13 7 150
443 44 40 150
443 44 41 100
443 6 7 100
443 6 41 150
443 15 41 148
443 3 41 148
443 45 27 148
443 41 7 99
444 37 40 100
444 26 41 99
444 2 0 99
444 17 15 100
444 39 7 100
444 33 15 148
444 33 27 100
444 33 40 99
444 49 27 100
445 22 39 100
445 22 40 150
445 45 0 100
445 45 27 148
445 40 15 100
445 27 15 100
445 7 27 148
445 8 27 150
445 14 7 100
446 36 40 150
446 48 7 150
446 41 7 99
446 7 27 148
447 34 37 100
447 6 7 100
447 6 41 150
447 12 40 148
447 2 37 150
447 31 27 100
447 31 41 99
447 4 27 150
447 36 41 100
447 27 41 150
448 28 48 100
448 27 15 100
448 27 41 150
448 14 15 150
448 14 27 148
448 13 15 100
448 38 15 100
448 31 27 100
448 33 27 100
449 37 19 148
449 37 40 100
449 7 19 100
449 7 27 148
449 15 19 100
449 15 41 148
449 27 41 150
449 39 7 100
449 8 34 99
449 8 41 99
449 49 7 99
449 49 27 100
450 29 7 99
450 29 19 148
450 41 15 100
450 33 15 148
450 33 27 100
450 26 41 99
450 23 41 148
450 4 27 150
450 36 15 150
451 35 15 100
451 35 41 150
451 32 40 100
451 32 41 150
451 14 7 100
451 14 15 150
451 14 27 148
451 14 40 100
451 14 41 148
451 23 41 148
451 24 27 148
451 40 15 100
451 48 15 100
451 18 39 100
452 32 41 150
452 35 41 150
452 49 7 99
452 49 27 100
452 7 19 100
452 7 27 148
452 48 7 150
452 15 19 100
452 15 41 148
452 3 41 148
452 21 19 150
452 38 19 99
453 32 20 100
453 32 40 100
453 32 41 150
453 36 15 150
453 36 41 100
453 9 15 148
453 5 19 99
453 24 41 150
453 47 41 150
453 14 7 100
453 14 41 148
453 27 15 100
454 32 40 100
454 32 41 150
454 21 40 100
454 8 15 150
454 8 27 150
454 8 41 99
454 6 7 100
454 6 41 150
454 3 41 148
454 9 15 148
454 45 27 148
454 41 15 100
455 38 15 100
455 9 15 148
455 14 7 100
455 14 15 150
455 14 27 148
455 14 41 148
455 7 27 148
455 36 41 100
455 35 41 150
455 26 41 99
455 27 41 150
456 33 27 100
456 33 40 99
456 45 27 148
456 20 40 99
456 18 27 100
456 14 41 148
456 3 41 148
456 32 41 150
457 20 40 99
457 2 34 100
457 44 41 100
457 14 7 100
457 14 41 148
457 37 13 99
458 12 15 148
458 39 7 100
458 4 7 150
458 4 27 150
458 4 39 99
458 14 15 150
458 14 27 148
458 17 15 100
459 35 15 100
459 3 23 100
459 8 27 150
459 49 27 100
460 32 40 100
460 13 7 150
460 13 15 100
460 37 40 100
460 15 15 150
460 38 15 100
461 29 7 99
461 40 15 100
461 24 27 148
461 12 15 148
461 12 40 148
461 41 15 100
461 13 15 100
461 33 27 100
462 27 15 100
462 27 41 150
462 18 27 100
462 44 41 100
462 48 7 150
462 48 15 100
462 24 27 148
462 24 41 150
462 12 15 148
462 45 27 148
462 40 15 100
462 40 41 99
462 23 41 148
463 9 48 100
463 27 39 100
463 27 41 150
463 48 7 150
463 32 41 150
463 29 7 99
463 44 4 100
463 44 41 100
463 18 27 100
463 23 41 148
463 14 27 148
464 12 40 148
464 39 7 100
464 4 27 150
464 24 27 148
465 15 15 150
465 0 40 148
465 12 15 148
465 29 7 99
465 24 27 148
465 40 15 100
465 40 41 99
465 18 27 100
466 45 27 148
466 36 40 150
466 36 41 100
466 7 27 148
466 29 7 99
466 35 41 150
466 26 41 99
466 8 41 99
466 18 27 100
467 38 15 100
467 15 15 150
467 15 41 148
467 6 7 100
467 21 40 100
467 33 15 148
467 33 27 100
467 33 40 99
467 24 27 148
468 36 15 150
468 36 40 150
468 36 41 100
468 35 15 100
468 35 41 150
468 39 7 100
468 44 41 100
468 7 15 150
468 7 27 148
468 26 41 99
468 4 27 150
468 6 7 100
468 6 41 150
468 31 41 99
469 7 27 148
469 8 27 150
469 8 41 99
469 26 41 99
469 40 41 99
469 31 41 99
469 13 7 150
469 36 39 100
469 36 40 150
469 36 41 100
469 47 41 150
470 39 7 100
470 22 40 150
470 27 15 100
470 27 41 150
470 17 15 100
470 26 41 99
470 14 15 150
470 14 27 148
470 14 41 148
470 12 15 148
470 23 41 148
470 18 27 100
471 3 41 148
471 21 40 100
471 18 27 100
471 27 15 100
471 27 41 150
471 29 7 99
471 14 7 100
471 14 15 150
471 14 27 148
471 14 41 148
471 26 41 99
471 35 15 100
471 35 41 150
472 32 40 100
472 43 40 99
472 7 27 148
472 14 7 100
472 14 27 148
472 33 27 100
473 12 15 148
473 12 40 148
473 9 15 148
473 40 15 100
473 40 41 99
473 14 7 100
473 14 27 148
473 14 41 148
473 17 15 100
473 41 7 99
473 47 41 150
473 6 41 150
473 4 27 150
473 26 41 99
474 32 40 100
474 6 7 100
474 33 27 100
474 33 40 99
474 45 27 148
475 18 27 100
475 18 39 100
475 27 15 100
475 39 7 100
475 9 15 148
475 49 7 99
475 49 27 100
475 12 15 148
476 36 40 150
476 36 41 100
476 5 29 100
476 40 41 99
476 4 27 150
476 47 41 150
476 33 27 100
476 26 41 99
476 23 41 148
476 24 27 148
477 31 27 100
477 31 41 99
477 17 37 100
477 17 40 148
477 47 37 100
477 47 41 150
477 33 27 100
477 26 41 99
477 8 27 150
477 8 41 99
477 27 41 150
477 29 7 99
478 29 7 99
478 0 40 148
478 7 27 148
478 48 7 150
478 14 27 148
479 20 40 99
479 48 7 150
479 48 15 100
479 24 27 148
479 24 41 150
479 38 15 100
479 36 15 150
479 36 41 100
479 18 27 100
479 40 41 99
480 6 7 100
480 6 41 150
480 49 7 99
480 49 27 100
480 18 27 100
480 36 15 150
480 36 40 150
480 36 41 100
480 48 15 100
480 38 15 100
480 7 15 150
480 8 41 99
481 27 39 100
481 6 7 100
481 2 34 100
482 15 15 150
482 17 15 100
482 18 27 100
482 39 7 100
482 49 7 99
482 49 27 100
482 9 15 148
482 14 27 148
483 48 7 150
483 48 15 100
483 37 40 100
483 18 27 100
483 8 15 150
483 8 27 150
483 31 27 100
483 35 15 100
483 40 15 100
483 43 40 99
484 48 7 150
484 21 40 100
484 43 40 99
485 18 27 100
485 40 15 100
485 40 41 99
485 9 15 148
485 30 40 150
485 13 7 150
485 13 15 100
485 27 41 150
485 23 41 148
485 3 41 148
485 4 27 150
486 41 7 99
486 41 15 100
486 18 27 100
486 7 15 150
486 7 27 148
486 31 27 100
486 31 41 99
486 17 15 100
486 17 40 148
486 27 15 100
487 23 41 148
487 48 7 150
487 20 40 99
487 24 27 148
487 24 41 150
487 47 41 150
487 4 27 150
487 4 39 99
487 32 41 150
488 36 15 150
488 36 40 150
488 6 7 100
488 27 15 100
488 7 15 150
488 7 27 148
488 41 7 99
488 49 27 100
489 49 7 99
489 49 27 100
489 43 40 99
489 40 15 100
489 40 41 99
489 21 40 100
489 31 27 100
489 31 41 99
489 12 15 148
489 29 7 99
489 7 15 150
489 7 27 148
490 37 40 100
490 7 15 150
490 7 27 148
490 40 15 100
490 40 41 99
490 41 7 99
490 41 15 100
490 8 15 150
490 8 27 150
490 8 41 99
490 47 41 150
490 35 41 150
490 26 41 99
490 3 41 148
491 37 40 100
491 0 40 148
491 3 41 148
491 17 15 100
491 33 15 148
491 33 27 100
491 41 7 99
491 41 15 100
491 49 7 99
491 49 27 100
491 27 41 150
491 6 41 150
491 15 41 148
492 32 40 100
492 32 41 150
492 41 7 99
492 41 15 100
492 27 15 100
492 27 41 150
492 36 15 150
492 36 41 100
492 8 15 150
492 8 27 150
493 9 15 148
493 35 15 100
493 15 15 150
493 15 39 100
493 8 23 99
493 8 27 150
493 45 27 148
493 31 27 100
494 15 41 148
494 31 27 100
494 31 41 99
494 24 27 148
494 24 41 150
494 40 41 99
494 3 41 148
494 49 7 99
494 49 27 100
495 32 40 100
495 13 7 150
495 8 27 150
495 6 7 100
495 33 27 100
495 33 40 99
495 18 27 100
496 22 40 150
496 15 41 148
496 24 27 148
496 24 41 150
496 13 7 150
496 27 41 150
496 33 27 100
496 47 41 150
497 30 40 150
497 31 27 100
497 31 41 99
497 39 7 100
497 3 41 148
497 14 7 100
497 14 27 148
497 14 41 148
497 32 41 150
497 27 41 150
498 17 15 100
498 17 40 148
498 4 7 150
498 4 27 150
498 45 27 148
498 41 15 100
498 12 15 148
498 44 41 100
498 36 41 100
498 49 27 100
499 47 41 150
499 40 41 99
499 33 27 100
499 33 40 99
499 39 7 100
499 7 27 148
499 5 13 100
499 26 41 99
499 15 39 100
500 4 7 150
500 4 27 150
500 8 27 150
500 8 41 99
500 22 40 150
501 21 40 100
501 12 40 148
501 29 7 99
501 29 34 100
501 6 7 100
502 23 41 148
502 17 40 148
502 27 41 150
502 45 27 148
502 24 27 148
502 24 41 150
502 32 41 150
502 29 7 99
503 8 27 150
503 8 41 99
503 6 7 100
503 6 41 150
503 4 27 150
503 44 40 150
503 44 41 100
503 29 7 99
503 3 41 148
503 14 41 148
504 14 7 100
504 14 27 148
504 14 40 100
504 14 41 148
504 8 27 150
504 8 41 99
504 40 41 99
504 39 7 100
504 27 41 150
504 24 41 150
505 36 15 150
505 36 39 100
505 36 40 150
505 36 41 100
505 26 41 99
505 31 27 100
505 31 41 99
505 24 27 148
505 24 41 150
505 32 41 150
505 41 7 99
505 41 15 100
505 13 15 100
506 30 40 150
506 45 27 148
506 38 15 100
506 49 7 99
506 49 27 100
506 18 27 100
507 35 41 150
507 8 27 150
507 8 41 99
507 21 40 100
507 6 7 100
507 6 41 150
507 48 7 150
507 43 40 99
507 23 4 100
507 23 41 148
507 33 27 100
508 15 15 150
508 15 41 148
508 40 15 100
508 40 48 99
508 17 15 100
508 45 27 148
508 7 27 148
508 35 15 100
508 6 7 100
509 39 7 100
509 45 27 148
509 8 27 150
509 8 41 99
509 44 41 100
509 32 41 150
509 31 41 99
509 24 41 150
510 49 7 99
510 49 27 100
510 44 40 150
510 33 27 100
510 48 7 150
510 27 39 100
510 18 27 100
511 43 40 99
511 37 40 100
511 7 27 148
511 31 27 100
511 31 41 99
511 27 41 150
511 33 27 100
512 24 4 100
512 24 27 148
512 24 41 150
512 39 7 100
512 32 41 150
512 23 41 148
512 8 27 150
513 39 7 100
513 12 40 148
513 35 41 150
513 27 41 150
513 47 41 150
513 14 7 100
513 14 27 148
513 14 41 148
513 4 27 150
514 8 27 150
514 14 7 100
514 14 27 148
514 6 7 100
515 30 40 150
515 38 15 100
515 13 7 150
515 13 15 100
515 17 15 100
515 44 41 100
515 24 27 148
515 24 41 150
515 14 15 150
515 14 27 148
515 14 41 148
515 8 41 99
515 31 41 99
516 0 40 148
516 45 27 148
516 13 7 150
516 13 15 100
516 41 15 100
516 14 15 150
516 14 27 148
516 19 39 100
517 33 15 148
517 33 27 100
517 33 40 99
517 17 15 100
517 4 27 150
517 27 15 100
517 12 15 148
518 35 15 100
518 7 15 150
518 7 27 148
518 9 15 148
518 20 40 99
518 39 7 100
518 33 27 100
518 33 40 99
519 44 40 150
519 44 41 100
519 27 41 150
519 31 27 100
519 31 41 99
519 1 37 100
519 23 37 100
519 23 41 148
519 29 7 99
519 36 41 100
519 26 41 99
520 12 15 148
520 12 40 148
520 3 41 148
520 8 15 150
520 8 27 150
520 8 41 99
520 32 41 150
520 24 27 148
520 24 41 150
520 40 15 100
520 29 7 99
520 6 7 100
520 4 27 150
521 48 7 150
521 48 15 100
521 22 40 150
521 7 15 150
521 7 27 148
521 45 27 148
521 8 15 150
521 49 27 100
522 48 7 150
522 48 15 100
522 4 27 150
522 4 39 99
522 36 15 150
522 36 40 150
522 35 15 100
522 24 27 148
522 38 15 100
522 41 7 99
523 45 27 148
523 39 7 100
523 38 15 100
523 24 27 148
523 13 15 100
523 21 40 100
523 15 15 150
523 14 40 100
524 48 7 150
524 48 15 100
524 14 27 148
524 14 41 148
524 6 41 150
524 9 20 100
524 24 27 148
524 24 41 150
525 33 27 100
525 33 40 99
525 29 7 99
525 47 41 150
525 8 27 150
525 8 41 99
526 44 40 150
526 44 41 100
526 6 7 100
526 6 41 150
526 45 27 148
526 49 27 100
526 15 41 148
526 47 41 150
526 36 23 100
526 36 41 100
527 47 41 150
527 27 41 150
527 22 40 150
527 41 7 99
527 7 27 148
527 32 41 150
527 45 27 148
527 33 27 100
527 6 41 150
528 45 27 148
528 36 39 100
528 36 40 150
528 24 27 148
528 37 29 100
528 37 40 100
528 41 7 99
528 49 7 99
529 33 27 100
529 33 40 99
529 39 7 100
529 15 41 148
529 40 41 99
529 47 41 150
529 14 27 148
529 14 41 148
529 23 41 148
530 48 7 150
530 31 27 100
530 31 41 99
530 4 27 150
530 12 40 148
530 40 41 99
530 26 41 99
530 36 41 100
530 44 41 100
530 29 7 99
531 40 41 99
531 35 41 150
531 17 40 148
531 23 41 148
531 29 7 99
531 7 27 148
531 47 41 150
532 4 7 150
532 4 27 150
532 37 40 100
532 24 27 148
532 24 41 150
532 18 27 100
533 31 27 100
533 31 41 99
533 28 13 100
533 44 40 150
533 12 15 148
533 45 27 148
533 21 40 100
533 8 15 150
533 8 27 150
534 23 41 148
534 38 15 100
534 33 15 148
534 33 27 100
534 35 15 100
534 35 41 150
534 32 41 150
534 45 27 148
534 40 15 100
534 40 41 99
535 23 41 148
535 32 40 100
535 32 41 150
535 36 15 150
535 36 39 100
535 36 41 100
535 40 15 100
535 40 41 99
535 12 15 148
535 35 15 100
535 35 41 150
535 49 7 99
535 49 27 100
535 24 27 148
536 30 40 150
536 45 27 148
536 39 7 100
536 4 7 150
536 4 27 150
537 27 15 100
537 38 15 100
537 12 15 148
537 12 40 148
537 18 27 100
537 20 40 99
537 14 7 100
537 14 27 148
538 7 15 150
538 7 27 148
538 6 7 100
538 4 27 150
538 33 15 148
538 33 27 100
538 33 40 99
538 27 15 100
538 39 7 100
539 8 27 150
539 8 41 99
539 32 40 100
539 32 41 150
539 35 15 100
539 35 41 150
539 4 27 150
539 40 41 99
539 31 22 100
539 31 41 99
539 20 40 99
540 30 40 150
540 4 27 150
540 13 15 100
540 13 23 100
540 27 15 100
540 18 27 100
540 15 15 150
541 30 40 150
541 25 37 99
541 44 41 100
541 41 7 99
541 46 37 150
541 3 41 148
541 7 27 148
541 18 27 100
541 18 39 100
541 24 27 148
541 24 41 150
541 6 41 150
542 45 27 148
542 41 7 99
542 41 15 100
542 23 41 148
542 40 15 100
542 29 7 99
542 14 15 150
542 14 27 148
542 14 40 100
542 13 15 100
543 8 27 150
543 8 41 99
543 26 41 99
543 36 40 150
543 36 41 100
543 1 37 100
543 24 41 150
543 41 7 99
543 44 41 100
543 5 37 100
543 39 7 100
544 17 40 148
544 27 41 150
544 14 7 100
544 14 27 148
544 14 40 100
544 14 41 148
544 24 27 148
544 24 41 150
544 23 41 148
544 36 41 100
545 20 40 99
545 27 41 150
545 8 27 150
545 8 41 99
545 5 4 100
545 6 7 100
545 6 41 150
545 3 41 148
545 39 7 100
546 0 40 148
546 13 7 150
546 47 41 150
546 18 27 100
546 49 27 100
546 24 27 148
546 4 27 150
547 18 27 100
547 18 39 100
547 24 27 148
547 24 41 150
547 20 40 99
547 6 7 100
547 6 41 150
547 21 40 100
547 36 41 100
547 23 41 148
548 7 15 150
548 7 27 148
548 36 15 150
548 36 40 150
548 36 41 100
548 13 7 150
548 13 15 100
548 15 41 148
548 8 27 150
548 8 41 99
548 26 41 99
548 47 41 150
549 43 40 99
549 44 4 100
549 44 41 100
549 7 27 148
549 33 27 100
549 24 27 148
549 24 41 150
549 29 7 99
549 6 7 100
549 6 41 150
549 8 41 99
550 35 41 150
550 45 27 148
550 8 27 150
550 8 41 99
550 12 40 148
551 32 40 100
551 21 40 100
551 45 27 148
551 48 7 150
552 32 41 150
552 23 41 148
552 7 27 148
552 6 41 150
552 3 41 148
553 39 4 100
553 39 7 100
553 27 41 150
553 22 33 148
553 22 40 150
553 14 7 100
553 14 27 148
553 14 41 148
553 6 41 150
553 24 27 148
553 24 41 150
553 17 33 100
553 4 33 99
553 33 33 150
554 32 23 100
554 32 40 100
554 15 15 150
554 38 15 100
554 13 15 100
554 48 15 100
554 21 40 100
554 49 27 100
554 18 27 100
555 32 40 100
555 33 27 100
555 26 41 99
555 18 27 100
556 18 27 100
556 18 39 100
556 1 34 148
556 33 15 148
556 33 27 100
556 33 40 99
556 40 15 100
556 49 7 99
556 21 40 100
556 9 15 148
557 17 40 148
557 14 7 100
557 14 27 148
557 49 7 99
557 49 27 100
558 20 40 99
558 33 15 148
558 33 27 100
558 3 41 148
558 24 27 148
558 24 41 150
558 48 7 150
558 48 15 100
558 38 15 100
558 17 15 100
558 31 41 99
559 3 41 148
559 27 15 100
559 27 41 150
559 17 15 100
559 17 40 148
559 47 41 150
559 9 15 148
559 35 15 100
559 35 41 150
559 6 7 100
559 6 41 150
559 14 27 148
559 43 40 99
559 44 41 100
560 4 7 150
560 4 27 150
560 49 27 100
561 33 27 100
561 33 40 99
561 6 7 100
561 14 7 100
561 14 27 148
561 15 39 100
561 7 27 148
561 24 27 148
562 21 40 100
562 39 7 100
562 32 40 100
562 24 27 148
562 6 7 100
563 26 41 99
563 39 7 100
563 33 27 100
563 18 27 100
563 27 41 150
563 45 27 148
563 8 41 99
564 31 27 100
564 31 41 99
564 37 40 100
564 23 41 148
564 14 7 100
564 14 15 150
564 14 27 148
564 41 7 99
564 41 15 100
564 35 15 100
565 17 40 148
565 45 27 148
565 29 7 99
565 4 27 150
565 14 27 148
566 30 40 150
566 8 27 150
566 49 7 99
566 49 27 100
566 29 7 99
567 41 7 99
567 15 39 100
567 4 27 150
567 30 40 150
567 33 27 100
568 32 41 150
568 18 27 100
568 48 7 150
568 48 15 100
568 36 15 150
568 36 41 100
568 14 15 150
568 14 27 148
568 14 41 148
568 13 15 100
568 33 27 100
568 15 41 148
569 23 37 100
569 23 41 148
569 30 40 150
569 48 7 150
569 1 37 100
569 45 27 148
569 49 7 99
569 49 27 100
569 15 41 148
569 44 41 100
569 27 41 150
570 38 15 100
570 23 41 148
570 32 40 100
570 35 15 100
570 6 7 100
570 13 15 100
570 7 27 148
570 33 27 100
570 33 40 99
571 4 27 150
571 37 40 100
571 38 15 100
571 32 40 100
571 26 41 99
571 33 27 100
572 8 15 150
572 8 27 150
572 8 41 99
572 33 15 148
572 33 27 100
572 33 40 99
572 39 7 100
572 3 41 148
572 27 15 100
572 27 41 150
572 44 41 100
572 14 7 100
572 14 27 148
572 14 41 148
573 14 7 100
573 14 27 148
573 14 41 148
573 24 27 148
573 24 41 150
573 23 41 148
573 36 39 100
573 36 41 100
573 31 41 99
574 32 40 100
574 31 27 100
574 29 7 99
574 14 7 100
574 14 27 148
574 14 40 100
575 24 41 150
575 14 7 100
575 14 41 148
575 32 41 150
575 18 27 100
575 27 41 150
576 24 27 148
576 7 27 148
577 31 27 100
577 49 27 100
580 18 27 100
