3 44 9 150
3 44 18 100
3 10 1 99
3 8 44 100
3 23 18 150
3 43 35 150
4 31 12 100
4 32 16 99
4 29 9 100
4 2 9 100
4 12 9 100
4 43 35 150
5 27 14 100
5 27 35 100
5 36 40 100
5 38 3 100
6 18 18 100
6 4 44 100
6 25 4 100
6 23 18 150
6 10 16 150
7 35 9 148
7 32 16 99
7 8 3 100
7 37 16 100
7 37 35 150
7 43 35 150
7 36 9 100
7 49 18 148
7 45 18 100
8 23 44 150
8 9 1 100
9 24 14 100
9 24 35 148
10 14 35 150
10 14 44 148
10 46 9 150
10 5 3 100
10 5 16 100
10 36 9 100
10 36 40 100
10 45 16 150
11 26 26 99
11 45 18 100
11 45 35 150
11 19 18 99
12 27 9 100
12 27 35 100
12 44 9 150
12 26 3 100
13 39 44 99
13 27 35 100
13 17 3 100
13 10 1 99
13 10 40 99
13 5 3 100
13 5 35 100
14 34 47 100
14 44 18 100
14 44 39 100
14 9 18 100
14 45 18 100
14 20 3 100
14 27 14 100
14 27 35 100
14 39 26 100
15 49 31 100
15 14 14 100
15 14 44 148
15 26 3 100
15 10 31 150
15 11 35 100
15 1 31 100
16 24 8 99
16 24 25 148
16 24 35 148
16 49 16 100
16 49 31 100
16 49 47 150
16 15 31 150
16 7 16 150
17 9 48 100
17 44 16 150
18 9 1 100
18 9 18 100
18 49 16 100
18 49 18 148
18 49 35 148
18 34 47 100
19 18 12 150
19 18 39 99
19 10 16 150
19 10 40 99
19 45 35 150
20 10 14 100
20 29 9 100
20 14 35 150
20 8 3 100
21 22 26 100
21 16 18 100
21 31 12 100
21 31 18 148
21 10 16 150
21 27 35 100
21 7 16 150
21 13 4 100
21 13 47 100
22 45 35 150
22 45 44 100
22 8 3 100
22 17 14 99
22 1 8 150
22 25 12 100
23 23 40 100
23 23 44 150
23 27 9 100
23 27 35 100
23 32 16 99
23 12 9 100
23 25 3 150
23 37 16 100
24 42 1 100
24 42 18 99
24 42 44 99
24 33 27 100
24 30 9 150
24 31 18 148
24 27 35 100
25 29 9 100
25 33 13 99
25 42 18 99
25 42 44 99
25 1 18 99
25 26 9 150
25 32 16 99
25 44 16 150
25 24 14 100
25 24 35 148
26 16 14 100
26 37 35 150
27 27 9 100
27 27 14 100
27 27 35 100
27 27 44 150
27 35 9 148
27 37 40 99
28 18 18 100
28 7 16 150
28 37 16 100
28 37 35 150
28 34 14 148
28 49 18 148
29 27 9 100
29 27 14 100
29 27 35 100
29 27 44 150
29 1 31 100
29 28 5 100
30 24 35 148
30 43 4 99
30 48 26 99
30 9 18 100
30 9 48 100
30 5 3 100
30 5 16 100
30 5 18 148
30 32 16 99
31 18 1 100
31 18 18 100
31 13 3 150
31 44 9 150
31 44 16 150
31 44 18 100
31 10 16 150
31 29 9 100
31 42 18 99
31 42 44 99
31 5 35 100
32 49 35 148
33 36 40 100
33 15 44 100
33 33 8 100
33 44 16 150
33 32 16 99
34 6 1 100
34 14 35 150
34 7 3 99
34 7 16 150
34 44 39 100
34 25 4 100
34 27 35 100
35 14 44 148
35 10 16 150
35 32 16 99
35 3 9 150
35 1 18 99
35 20 3 100
35 42 18 99
35 37 16 100
36 49 35 148
36 49 40 100
36 3 9 150
36 33 47 100
36 44 9 150
36 45 44 100
36 15 1 100
37 8 44 100
37 11 35 100
37 10 14 100
37 10 16 150
37 2 9 100
37 39 44 99
37 12 9 100
38 49 18 148
38 49 35 148
38 26 3 100
38 3 12 148
38 45 18 100
38 17 3 100
39 7 16 150
39 14 35 150
39 18 18 100
39 44 16 150
39 44 18 100
39 9 18 100
39 39 44 99
40 14 35 150
40 9 18 100
40 3 9 150
40 3 30 100
40 31 18 148
40 20 3 100
40 20 49 100
41 36 9 100
41 40 44 100
41 24 35 148
41 27 9 100
42 25 12 100
42 7 3 99
42 8 44 100
42 49 18 148
42 16 18 100
42 11 35 100
43 23 40 100
43 3 9 150
43 30 9 150
43 4 13 99
43 26 3 100
43 49 16 100
43 49 35 148
44 42 18 99
44 42 44 99
44 32 16 99
44 3 12 148
44 14 14 100
44 49 16 100
44 49 18 148
44 26 26 99
44 2 12 100
44 10 16 150
44 40 44 100
45 39 44 99
45 46 9 150
45 5 35 100
45 47 1 100
45 47 45 100
45 29 9 100
45 27 35 100
46 11 18 150
46 11 35 100
46 13 47 100
46 16 18 100
47 2 9 100
47 3 9 150
47 12 44 100
47 14 14 100
47 14 35 150
47 1 4 100
48 46 12 150
48 46 18 100
48 17 18 150
48 40 44 100
48 43 35 150
49 40 4 100
49 40 18 100
49 11 18 150
49 11 35 100
49 44 9 150
49 44 16 150
49 37 16 100
49 5 16 100
50 11 35 100
50 29 9 100
50 8 3 100
50 8 17 100
50 7 16 150
50 49 40 100
50 36 9 100
51 44 16 150
51 10 1 99
51 10 26 99
51 2 9 100
51 23 44 150
51 27 35 100
51 32 16 99
52 3 9 150
52 14 35 150
52 14 44 148
52 39 4 100
52 37 40 99
53 10 14 100
53 43 4 99
53 43 35 150
53 27 44 150
54 31 12 100
54 31 18 148
54 1 18 99
54 11 35 100
54 11 48 100
54 22 26 100
54 12 9 100
55 39 44 99
55 17 3 100
55 17 9 150
55 15 1 100
55 45 35 150
55 5 3 100
55 2 9 100
56 24 44 100
56 37 40 99
56 37 47 99
56 46 9 150
56 26 3 100
56 27 35 100
57 9 1 100
57 9 18 100
57 20 3 100
57 42 18 99
57 42 44 99
58 46 9 150
58 29 9 100
58 7 16 150
58 4 44 100
58 15 44 100
58 11 35 100
58 43 35 150
59 6 14 100
59 31 18 148
59 4 44 100
59 10 16 150
59 10 26 99
59 15 5 100
59 7 16 150
59 18 18 100
60 3 9 150
60 11 18 150
60 11 35 100
60 8 44 100
60 42 4 100
60 42 18 99
60 32 16 99
60 7 16 150
61 42 44 99
61 26 3 100
61 16 14 100
61 18 12 150
61 39 44 99
61 10 16 150
61 27 9 100
61 27 35 100
61 11 35 100
62 44 9 150
62 44 16 150
62 44 18 100
62 24 35 148
62 24 44 100
62 7 16 150
62 19 18 99
62 16 18 100
63 5 35 100
63 5 44 150
63 24 14 100
64 27 4 150
64 27 9 100
64 27 35 100
64 44 16 150
64 44 18 100
64 1 18 99
64 18 26 100
64 45 16 150
64 38 17 100
64 38 47 100
64 36 40 100
65 19 18 99
65 31 18 148
65 6 1 100
65 5 35 100
65 42 44 99
66 1 4 100
66 10 16 150
66 10 26 99
66 32 16 99
66 8 44 100
66 24 35 148
67 16 18 100
67 2 9 100
67 31 18 148
67 24 35 148
67 3 9 150
67 38 47 100
68 18 1 100
68 18 8 100
68 27 35 100
68 49 16 100
68 49 40 100
68 32 16 99
68 33 27 100
69 45 35 150
69 17 3 100
69 12 1 100
70 36 9 100
70 49 16 100
70 49 35 148
70 12 9 100
70 5 16 100
70 32 16 99
71 18 1 100
71 18 18 100
71 18 26 100
71 42 18 99
71 42 44 99
71 49 16 100
71 49 35 148
71 9 18 100
71 9 48 100
71 20 3 100
71 17 3 100
71 27 9 100
72 7 3 99
72 7 16 150
72 42 18 99
72 42 44 99
72 19 18 99
72 12 13 99
72 12 44 100
72 10 16 150
73 10 12 150
73 10 26 99
73 10 40 99
73 7 3 99
73 37 12 100
73 37 35 150
74 34 14 148
74 27 9 100
74 27 35 100
74 11 35 100
74 15 9 150
74 15 44 100
75 44 9 150
75 44 16 150
75 2 9 100
75 17 14 99
75 27 35 100
75 5 16 100
75 37 40 99
76 43 4 99
76 43 35 150
76 16 3 150
76 16 18 100
76 5 16 100
76 5 18 148
76 5 44 150
76 37 16 100
76 37 47 99
77 4 44 100
77 39 4 100
77 39 26 100
77 23 18 150
77 46 18 100
77 5 16 100
77 5 35 100
77 16 14 100
78 9 18 100
78 29 12 100
78 27 35 100
78 45 16 150
78 45 18 100
78 37 16 100
79 16 18 100
79 14 35 150
79 14 44 148
79 41 4 100
79 42 8 100
79 5 16 100
79 49 16 100
80 39 44 99
80 5 35 100
80 24 14 100
81 13 4 100
81 13 47 100
81 10 14 100
81 10 16 150
81 10 26 99
81 10 40 99
81 35 9 148
81 36 9 100
81 7 3 99
81 49 16 100
81 49 35 148
81 40 44 100
82 7 16 150
82 17 14 99
82 27 35 100
82 37 16 100
82 37 47 99
83 40 18 100
83 40 44 100
83 17 18 150
83 39 12 150
83 37 35 150
84 45 4 100
84 45 44 100
84 47 1 100
84 39 44 99
85 46 5 100
85 46 9 150
85 46 12 150
85 46 18 100
85 23 18 150
85 23 44 150
85 30 9 150
85 5 35 100
85 33 8 100
86 24 35 148
86 24 44 100
86 36 26 100
86 36 40 100
87 13 17 100
87 37 16 100
87 37 35 150
87 10 8 100
87 10 16 150
88 12 1 100
88 12 9 100
88 12 44 100
88 10 40 99
88 8 3 100
88 36 9 100
88 14 35 150
89 5 18 148
89 5 35 100
89 5 44 150
89 31 18 148
90 15 44 100
90 46 18 100
90 46 48 99
90 9 18 100
90 17 14 99
90 27 35 100
90 37 16 100
90 32 16 99
90 43 4 99
91 8 3 100
91 34 47 100
91 13 23 99
91 49 18 148
91 49 35 148
91 5 9 150
91 5 18 148
91 6 14 100
91 36 9 100
92 44 9 150
92 44 18 100
92 40 4 100
92 40 18 100
92 49 35 148
92 49 45 100
92 24 14 100
92 8 3 100
93 23 44 150
93 7 16 150
93 29 9 100
93 22 26 100
93 5 16 100
93 5 35 100
93 12 1 100
94 6 14 100
94 1 31 100
94 11 35 100
95 42 4 100
95 42 14 150
95 42 18 99
95 11 18 150
95 11 35 100
95 37 16 100
95 34 3 150
95 45 16 150
96 0 12 148
96 7 16 150
96 11 18 150
96 11 35 100
96 18 18 100
97 20 3 100
97 17 9 150
97 17 18 150
97 49 16 100
97 49 18 148
97 49 35 148
97 18 8 100
97 44 16 150
97 37 16 100
98 46 12 150
98 46 18 100
98 45 16 150
98 45 18 100
98 45 35 150
98 10 26 99
98 24 12 99
99 10 14 100
99 14 35 150
99 14 44 148
99 18 18 100
99 44 18 100
99 5 16 100
99 40 18 100
100 48 26 99
100 5 16 100
100 5 35 100
100 11 1 100
100 39 44 99
100 36 40 100
100 49 16 100
101 38 4 150
101 38 44 150
101 12 9 100
101 19 18 99
101 24 35 148
101 44 18 100
102 46 9 150
102 43 35 150
102 6 1 100
102 29 9 100
103 24 44 100
103 16 3 150
103 45 4 100
103 27 35 100
103 37 40 99
104 23 18 150
104 23 44 150
104 2 9 100
104 47 1 100
104 25 3 150
104 19 18 99
104 37 35 150
104 32 13 99
105 8 3 100
105 25 4 100
105 43 8 100
105 5 9 150
105 5 35 100
106 43 4 99
106 11 1 100
106 11 35 100
107 24 35 148
107 36 9 100
107 33 3 150
107 16 18 100
107 18 18 100
107 1 18 99
107 49 16 100
107 32 16 99
107 29 9 100
108 27 35 100
108 45 18 100
108 45 44 100
108 26 3 100
108 26 26 99
108 1 18 99
108 47 1 100
109 23 18 150
109 23 44 150
109 3 8 100
109 1 18 99
109 2 9 100
109 14 35 150
109 44 16 150
110 27 9 100
110 27 35 100
110 15 44 100
110 17 3 100
110 2 9 100
110 36 40 100
110 7 16 150
110 30 48 100
111 9 1 100
111 9 18 100
111 14 35 150
111 14 44 148
111 42 18 99
111 46 9 150
111 46 18 100
112 31 18 148
112 2 9 100
112 37 1 100
112 37 47 99
112 35 9 148
113 16 3 150
113 16 14 100
113 16 18 100
113 16 39 100
113 5 35 100
113 41 4 100
114 31 12 100
114 31 18 148
114 18 18 100
114 27 9 100
114 27 35 100
114 24 35 148
114 24 44 100
114 36 4 100
114 36 9 100
115 14 14 100
115 46 9 150
115 46 18 100
115 18 18 100
115 5 3 100
115 5 16 100
115 5 35 100
116 4 44 100
116 5 9 150
116 5 16 100
116 5 18 148
116 5 35 100
116 16 18 100
116 37 47 99
116 15 9 150
117 14 35 150
117 23 18 150
117 34 3 150
117 11 1 100
117 11 18 150
117 39 26 100
117 32 16 99
118 37 16 100
118 37 35 150
118 23 18 150
118 23 44 150
118 35 9 148
118 19 18 99
118 36 9 100
118 5 16 100
118 7 16 150
119 36 4 100
119 45 16 150
119 38 3 100
119 38 47 100
119 24 14 100
119 32 16 99
120 45 4 100
120 45 16 150
120 45 18 100
120 45 35 150
120 45 44 100
120 40 18 100
120 13 3 150
120 44 9 150
120 44 16 150
121 4 44 100
121 29 9 100
121 1 31 100
121 30 5 100
121 49 16 100
121 49 35 148
121 49 40 100
122 27 14 100
122 27 35 100
122 27 44 150
122 37 16 100
122 17 14 99
122 49 16 100
123 19 18 99
123 42 1 100
123 42 18 99
123 27 9 100
123 27 35 100
123 35 9 148
123 37 16 100
123 45 18 100
124 20 3 100
124 8 44 100
124 49 16 100
124 49 35 148
124 49 40 100
124 39 26 100
124 39 44 99
125 7 16 150
125 15 1 100
125 15 9 150
125 15 44 100
125 24 35 148
125 46 18 100
125 23 18 150
126 6 14 100
126 36 9 100
126 49 16 100
126 49 35 148
126 45 16 150
126 45 44 100
126 3 9 150
127 44 9 150
127 44 18 100
127 41 48 100
127 37 35 150
127 45 18 100
127 45 44 100
127 27 9 100
127 27 14 100
128 38 44 150
128 38 47 100
128 27 14 100
128 27 35 100
128 18 8 100
128 6 7 100
129 7 3 99
129 40 44 100
129 36 40 100
129 5 35 100
130 3 12 148
130 13 4 100
130 45 16 150
130 45 35 150
130 45 44 100
130 48 26 99
130 15 44 100
130 44 16 150
131 0 12 148
131 5 16 100
131 5 18 148
131 5 35 100
131 40 18 100
131 19 23 100
131 49 16 100
132 10 8 100
132 42 44 99
132 43 35 150
132 20 3 100
132 12 9 100
133 5 3 100
133 5 16 100
133 5 18 148
133 5 35 100
133 5 44 150
133 6 1 100
133 9 18 100
133 10 16 150
133 38 47 100
134 12 13 99
134 12 44 100
134 20 3 100
134 37 26 100
134 37 40 99
134 22 14 150
134 27 35 100
134 7 3 99
135 49 16 100
135 49 35 148
135 32 16 99
135 13 17 100
135 23 44 150
135 8 3 100
136 12 9 100
136 12 44 100
136 49 16 100
136 49 40 100
136 2 9 100
136 10 16 150
137 43 35 150
137 11 35 100
137 2 12 100
137 0 12 148
138 49 16 100
138 39 44 99
138 5 16 100
138 5 35 100
138 32 16 99
138 13 47 100
139 38 3 100
139 45 35 150
139 46 9 150
139 46 48 99
139 36 9 100
139 36 40 100
139 16 14 100
140 42 1 100
140 42 18 99
140 42 44 99
140 12 9 100
140 31 18 148
140 7 3 99
140 7 16 150
140 5 16 100
140 5 35 100
141 23 44 150
141 23 45 100
141 33 3 150
141 36 9 100
141 25 12 100
141 5 35 100
142 2 9 100
142 24 14 100
142 24 35 148
142 24 44 100
142 12 9 100
142 8 3 100
142 32 16 99
142 31 18 148
142 17 18 150
142 34 47 100
143 19 18 99
143 2 12 100
143 12 44 100
143 23 18 150
143 44 16 150
143 31 12 100
143 24 44 100
143 5 35 100
144 13 4 100
144 13 31 100
144 10 40 99
144 37 35 150
144 42 44 99
145 7 3 99
145 7 16 150
145 3 9 150
145 37 16 100
145 37 47 99
145 11 35 100
145 12 9 100
145 27 14 100
146 3 12 148
146 18 18 100
146 18 26 100
146 17 18 150
146 49 35 148
147 45 4 100
147 45 44 100
147 11 35 100
148 36 40 100
148 17 14 99
148 23 44 150
148 11 35 100
148 12 8 150
148 33 27 100
149 33 47 100
149 25 4 100
149 44 18 100
149 42 1 100
149 42 18 99
149 24 35 148
150 7 3 99
150 7 16 150
150 8 3 100
150 8 44 100
150 26 26 99
151 6 14 100
151 1 18 99
151 42 18 99
151 36 9 100
151 27 35 100
151 9 18 100
151 37 35 150
152 24 25 148
152 24 44 100
152 3 9 150
152 40 44 100
153 5 18 148
153 5 35 100
153 49 35 148
153 22 26 100
153 37 1 100
153 37 4 150
153 37 47 99
153 48 5 100
153 42 18 99
153 42 44 99
154 30 44 150
154 10 16 150
154 27 35 100
154 11 18 150
154 44 16 150
154 44 18 100
155 18 1 100
155 24 35 148
155 24 44 100
155 37 40 99
155 40 4 100
156 19 18 99
156 8 44 100
156 42 18 99
156 24 12 99
156 2 9 100
156 5 35 100
157 48 26 99
157 32 13 99
157 27 35 100
157 20 3 100
158 11 18 150
158 11 35 100
158 46 18 100
159 5 35 100
159 43 4 99
159 36 40 100
159 15 1 100
160 24 14 100
160 24 35 148
160 24 44 100
160 36 26 100
160 5 3 100
160 38 47 100
161 36 9 100
161 31 12 100
161 25 12 100
161 15 44 100
161 4 44 100
161 27 35 100
162 19 18 99
162 23 18 150
162 49 16 100
162 49 35 148
162 8 44 100
162 45 16 150
162 17 9 150
163 31 18 148
163 18 1 100
163 18 18 100
163 30 9 150
163 43 35 150
163 27 9 100
164 23 18 150
164 23 44 150
164 45 16 150
164 45 18 100
164 18 26 100
164 27 35 100
165 18 1 100
165 32 16 99
165 6 30 99
165 36 9 100
165 36 40 100
165 5 9 150
165 5 35 100
166 24 12 99
166 24 35 148
166 42 18 99
166 29 12 100
166 8 3 100
166 9 18 100
166 9 48 100
166 45 18 100
167 19 18 99
167 4 44 100
167 10 14 100
167 37 35 150
167 23 18 150
167 41 4 100
167 15 9 150
168 42 8 100
168 42 44 99
168 11 35 100
168 10 1 99
169 17 3 100
169 17 18 150
169 16 18 100
169 23 44 150
169 39 12 150
169 27 35 100
170 1 18 99
170 17 18 150
170 12 44 100
170 36 26 100
170 14 35 150
171 39 44 99
171 6 1 100
171 40 18 100
171 27 35 100
171 17 18 150
171 33 47 100
172 24 35 148
172 24 44 100
172 37 16 100
172 37 26 100
172 26 3 100
172 39 4 100
172 39 44 99
172 2 9 100
172 20 3 100
173 36 40 100
173 46 48 99
173 12 1 100
173 45 16 150
173 49 16 100
173 27 35 100
174 18 18 100
174 43 4 99
174 43 35 150
174 31 18 148
174 3 45 100
174 49 16 100
175 14 14 100
175 40 4 100
175 40 26 100
175 40 31 150
175 28 5 100
175 37 31 100
175 36 31 148
175 10 31 150
176 11 18 150
176 11 35 100
176 10 12 150
176 42 18 99
176 42 44 99
176 15 9 150
176 2 9 100
176 24 35 148
176 8 3 100
176 37 31 100
177 39 4 100
177 39 44 99
177 3 9 150
177 3 42 100
177 23 18 150
177 10 16 150
177 19 18 99
177 32 16 99
178 27 9 100
178 27 35 100
178 30 9 150
178 15 1 100
178 11 35 100
179 0 12 148
179 29 9 100
179 37 35 150
179 37 40 99
180 8 3 100
180 8 44 100
180 27 35 100
180 18 12 150
180 38 47 100
180 44 16 150
180 12 44 100
181 4 4 150
181 27 14 100
181 27 35 100
181 36 26 100
181 44 16 150
181 32 16 99
182 44 12 150
182 44 16 150
182 39 44 99
182 37 16 100
182 37 35 150
182 37 40 99
182 5 16 100
183 35 14 150
183 9 18 100
183 7 16 150
183 16 18 100
183 24 35 148
183 24 44 100
183 39 26 100
184 3 9 150
184 3 12 148
184 31 18 148
184 16 18 100
184 30 44 150
184 43 4 99
184 2 9 100
184 42 18 99
185 26 3 100
185 26 9 150
185 11 35 100
185 17 10 100
185 9 47 148
186 49 35 148
186 49 40 100
186 42 44 99
186 30 9 150
186 2 9 100
186 2 12 100
187 14 14 100
187 14 35 150
187 14 44 148
187 24 12 99
187 44 9 150
187 44 18 100
187 12 13 99
187 18 18 100
188 20 3 100
188 5 16 100
188 5 18 148
188 5 35 100
188 29 9 100
188 29 12 100
188 46 18 100
188 46 48 99
188 24 12 99
188 49 16 100
189 8 3 100
189 8 17 100
189 8 44 100
189 38 3 100
189 24 8 99
189 24 35 148
189 23 18 150
189 18 18 100
189 15 30 100
190 11 1 100
190 11 18 150
190 11 35 100
190 27 9 100
190 27 35 100
190 27 44 150
190 32 16 99
190 16 18 100
190 39 4 100
190 2 9 100
191 3 9 150
191 8 3 100
191 8 44 100
191 6 14 100
191 11 35 100
192 5 3 100
192 5 35 100
192 7 3 99
192 10 26 99
193 13 3 150
193 13 47 100
193 43 35 150
193 16 18 100
193 4 44 100
193 11 18 150
193 32 16 99
193 49 16 100
193 2 9 100
194 36 9 100
194 14 14 100
194 14 44 148
194 31 18 148
194 49 16 100
194 49 18 148
194 29 9 100
194 11 35 100
195 18 1 100
195 18 26 100
195 37 16 100
195 37 31 100
195 37 35 150
195 44 16 150
195 10 16 150
195 10 31 150
195 7 31 100
196 2 9 100
196 27 9 100
196 27 14 100
196 27 35 100
196 27 44 150
196 45 10 100
196 49 31 100
196 49 40 100
197 12 9 100
197 12 44 100
197 13 31 100
197 13 47 100
197 37 12 100
197 37 16 100
197 26 9 150
197 49 16 100
197 49 35 148
198 23 18 150
198 23 44 150
198 17 14 99
198 5 35 100
198 16 18 100
198 46 48 99
199 39 26 100
199 39 44 99
199 44 16 150
199 17 3 100
199 17 14 99
199 10 16 150
200 12 44 100
200 10 16 150
200 18 18 100
200 40 18 100
200 43 35 150
201 38 21 100
201 38 44 150
201 6 1 100
201 3 9 150
201 1 4 100
201 5 16 100
201 5 35 100
201 12 9 100
201 45 16 150
202 4 44 100
202 36 26 100
202 36 40 100
202 15 5 100
202 15 44 100
202 17 18 150
202 14 35 150
202 9 18 100
202 49 16 100
203 14 35 150
203 9 1 100
203 9 18 100
203 36 4 100
203 36 9 100
203 1 18 99
203 19 18 99
203 27 9 100
203 7 16 150
204 49 16 100
204 49 18 148
204 49 35 148
204 48 8 150
204 39 4 100
204 9 18 100
204 37 16 100
204 5 16 100
205 47 1 100
205 11 18 150
205 11 35 100
205 40 18 100
205 40 44 100
205 36 9 100
206 43 4 99
206 43 35 150
206 39 26 100
206 39 44 99
207 30 9 150
207 35 21 100
207 49 35 148
207 49 40 100
208 10 1 99
208 23 18 150
208 23 44 150
208 11 35 100
208 3 9 150
208 42 18 99
208 45 10 100
208 37 47 99
208 27 9 100
209 24 35 148
209 24 44 100
209 3 9 150
209 5 3 100
210 5 35 100
210 6 1 100
211 32 16 99
211 43 35 150
211 44 16 150
211 44 18 100
211 42 18 99
211 7 3 99
211 26 26 99
211 34 47 100
211 38 17 100
212 49 18 148
212 36 9 100
212 9 18 100
212 12 9 100
212 12 13 99
212 12 44 100
212 27 9 100
212 27 35 100
213 24 12 99
213 36 4 100
213 42 18 99
213 25 3 150
213 25 12 100
213 40 18 100
213 49 16 100
213 9 18 100
213 44 16 150
214 33 47 100
214 36 4 100
214 36 40 100
214 35 21 100
214 38 44 150
214 10 1 99
214 24 35 148
214 27 35 100
215 48 12 150
215 7 16 150
215 42 18 99
215 18 18 100
215 29 9 100
215 5 16 100
215 5 35 100
216 18 4 150
216 18 26 100
216 37 16 100
216 37 35 150
216 27 9 100
216 27 44 150
216 49 16 100
216 25 3 150
217 29 12 100
217 4 44 100
217 20 3 100
217 46 48 99
217 40 30 100
218 32 16 99
218 37 16 100
218 37 35 150
218 37 40 99
218 2 9 100
218 24 14 100
218 34 3 150
219 48 10 100
219 48 26 99
219 23 45 100
219 27 14 100
219 27 35 100
220 2 9 100
220 47 1 100
220 45 35 150
220 20 3 100
220 27 9 100
220 49 40 100
221 26 3 100
221 26 21 99
221 49 35 148
221 37 47 99
222 8 44 100
222 11 1 100
222 11 35 100
222 37 16 100
222 44 9 150
222 44 16 150
222 36 9 100
223 12 9 100
223 9 18 100
223 17 18 150
223 27 9 100
223 27 35 100
224 27 35 100
224 44 12 150
224 44 16 150
224 44 18 100
224 31 12 100
224 31 18 148
224 40 26 100
224 37 16 100
225 25 3 150
225 6 1 100
225 31 18 148
225 12 44 100
225 17 18 150
225 5 16 100
225 5 35 100
225 49 16 100
225 49 35 148
225 40 44 100
226 36 9 100
226 42 8 100
226 42 18 99
226 44 12 150
226 44 18 100
226 49 16 100
227 34 3 150
227 34 14 148
227 2 9 100
227 43 35 150
227 49 40 100
227 12 9 100
228 44 9 150
228 44 18 100
228 14 35 150
228 26 3 100
228 17 18 150
228 4 44 100
229 24 14 100
229 24 35 148
229 33 13 99
229 17 3 100
230 11 18 150
230 11 35 100
230 38 21 100
230 38 44 150
230 38 47 100
230 1 18 99
230 44 9 150
230 44 12 150
230 29 9 100
231 0 12 148
231 18 18 100
231 13 3 150
231 4 44 100
231 46 10 99
231 46 18 100
231 11 35 100
231 45 18 100
232 3 9 150
232 18 1 100
232 18 18 100
232 39 44 99
232 1 18 99
232 26 3 100
232 37 35 150
233 18 18 100
233 18 26 100
233 42 18 99
233 42 44 99
233 24 35 148
233 45 16 150
233 45 18 100
233 35 9 148
233 46 5 100
233 37 16 100
234 45 16 150
234 45 18 100
234 40 18 100
234 7 3 99
234 17 9 150
234 39 12 150
234 11 35 100
234 2 9 100
235 17 9 150
235 17 18 150
235 7 16 150
235 16 18 100
235 24 35 148
236 23 18 150
236 23 44 150
236 5 3 100
236 5 16 100
236 5 18 148
236 5 35 100
236 12 1 100
236 37 16 100
237 7 16 150
237 46 12 150
237 46 48 99
237 10 26 99
237 10 40 99
237 49 35 148
237 12 9 100
238 39 12 150
238 39 44 99
238 42 18 99
238 9 18 100
238 20 3 100
238 49 16 100
238 44 16 150
239 44 12 150
239 44 18 100
239 44 23 99
239 17 18 150
239 38 31 100
239 38 47 100
239 14 35 150
239 27 35 100
240 44 9 150
240 44 12 150
240 44 18 100
240 39 44 99
240 40 18 100
240 40 44 100
240 11 35 100
240 26 3 100
240 1 18 99
241 12 9 100
241 12 44 100
241 22 26 100
241 48 10 100
241 16 14 100
241 38 3 100
242 22 21 100
242 13 47 100
242 24 35 148
242 36 9 100
242 27 35 100
242 38 3 100
242 32 16 99
243 32 16 99
243 29 9 100
243 39 44 99
243 5 16 100
243 5 35 100
243 14 14 100
243 36 40 100
244 17 3 100
244 17 18 150
244 37 1 100
244 37 16 100
244 37 35 150
244 45 4 100
244 45 18 100
244 45 44 100
244 32 16 99
245 45 16 150
245 45 18 100
245 45 44 100
245 45 46 100
245 13 3 150
245 13 47 100
245 26 26 99
245 16 18 100
246 45 35 150
247 18 1 100
247 18 8 100
247 12 44 100
247 43 4 99
247 43 35 150
247 37 16 100
247 7 3 99
247 7 16 150
248 40 4 100
248 40 44 100
248 5 9 150
248 5 16 100
248 5 35 100
248 29 9 100
249 44 39 100
249 41 4 100
249 0 40 150
249 47 1 100
249 43 35 150
250 11 35 100
250 15 9 150
250 15 44 100
250 49 16 100
250 46 12 150
250 29 9 100
250 32 16 99
251 12 9 100
251 46 12 150
251 25 4 100
251 25 12 100
251 11 35 100
251 29 9 100
252 15 9 150
252 15 44 100
252 12 44 100
252 43 35 150
252 48 10 100
252 36 40 100
253 11 18 150
253 11 35 100
253 11 48 100
253 42 18 99
253 42 44 99
253 2 9 100
253 12 9 100
253 14 14 100
254 12 1 100
254 12 8 150
254 14 35 150
254 31 18 148
254 9 18 100
254 26 3 100
254 38 3 100
255 39 44 99
255 33 3 150
255 33 13 99
255 19 18 99
255 17 18 150
255 43 35 150
256 25 3 150
256 18 1 100
256 18 26 100
256 15 44 100
256 14 35 150
256 12 9 100
257 45 18 100
257 38 21 100
257 6 45 99
257 48 12 150
257 40 18 100
257 29 9 100
257 27 9 100
257 27 35 100
257 16 18 100
258 25 4 100
258 11 18 150
258 11 35 100
258 15 44 100
258 18 18 100
258 33 47 100
258 40 44 100
259 12 21 150
259 44 12 150
259 44 18 100
259 23 18 150
259 24 35 148
260 20 3 100
260 12 1 100
260 12 9 100
260 12 44 100
260 37 16 100
260 44 16 150
260 44 18 100
260 2 41 99
260 5 18 148
260 5 35 100
261 1 18 99
261 39 44 99
261 14 14 100
261 14 21 99
261 14 35 150
261 42 18 99
261 2 9 100
262 11 18 150
262 11 35 100
262 10 26 99
262 18 18 100
262 42 44 99
262 12 9 100
263 42 18 99
263 42 44 99
263 1 18 99
263 38 17 100
263 38 47 100
263 37 16 100
263 37 35 150
263 48 5 100
263 10 14 100
263 10 16 150
263 19 18 99
263 45 44 100
264 35 9 148
264 31 18 148
264 5 16 100
264 5 35 100
264 10 14 100
264 10 16 150
264 1 18 99
264 12 9 100
265 16 3 150
265 16 39 100
265 23 40 100
265 25 4 100
265 18 26 100
265 17 10 100
265 24 35 148
266 24 12 99
266 43 4 99
266 35 9 148
266 31 18 148
266 16 18 100
266 7 16 150
267 24 8 99
267 24 35 148
267 24 44 100
267 46 18 100
267 32 16 99
267 1 18 99
267 12 1 100
267 42 18 99
267 26 3 100
268 14 35 150
268 14 44 148
268 49 18 148
268 42 18 99
268 17 9 150
268 37 47 99
269 42 8 100
269 42 44 99
269 15 9 150
269 16 14 100
269 11 35 100
270 24 35 148
270 24 44 100
270 5 9 150
270 5 18 148
270 44 18 100
270 36 4 100
270 37 1 100
271 37 35 150
271 26 3 100
272 47 1 100
272 24 35 148
272 24 44 100
272 41 48 100
272 33 3 150
272 37 16 100
272 37 40 99
272 7 16 150
272 12 44 100
273 17 18 150
273 16 18 100
273 15 1 100
273 15 44 100
273 11 35 100
273 32 16 99
273 45 16 150
273 38 47 100
274 44 9 150
274 44 18 100
274 32 4 148
274 12 9 100
274 26 3 100
274 26 26 99
274 16 18 100
274 11 35 100
275 18 1 100
275 18 18 100
275 34 10 100
275 34 47 100
275 12 44 100
275 1 18 99
275 45 18 100
275 45 35 150
276 4 13 99
276 4 44 100
276 49 16 100
276 3 9 150
276 27 14 100
276 27 35 100
276 37 16 100
277 29 9 100
277 29 12 100
277 36 4 100
277 36 9 100
277 24 12 99
277 24 35 148
277 24 44 100
277 45 44 100
277 8 3 100
278 19 18 99
278 1 18 99
278 42 14 150
278 42 44 99
278 5 16 100
278 5 35 100
278 2 9 100
279 2 9 100
279 32 16 99
279 20 3 100
279 43 35 150
279 10 40 99
280 8 3 100
280 29 9 100
280 20 3 100
280 20 23 100
280 49 18 148
280 15 1 100
280 15 9 150
280 40 18 100
281 5 16 100
281 5 35 100
281 5 44 150
281 45 16 150
281 10 26 99
281 27 35 100
282 42 1 100
282 42 18 99
282 42 44 99
282 18 18 100
282 7 16 150
282 41 48 100
282 16 18 100
282 43 35 150
282 13 47 100
282 45 16 150
283 26 3 100
283 11 35 100
283 15 44 100
283 7 31 100
283 37 40 99
284 27 9 100
284 27 35 100
284 27 44 150
284 18 1 100
284 18 18 100
284 17 3 100
284 17 9 150
284 17 18 150
284 13 47 100
285 44 9 150
285 44 16 150
285 49 16 100
285 49 35 148
285 7 3 99
285 5 44 150
286 39 12 150
286 39 26 100
286 39 44 99
286 29 9 100
286 27 35 100
286 46 10 99
287 16 14 100
287 12 9 100
287 12 44 100
287 36 9 100
287 36 40 100
287 5 16 100
287 5 35 100
287 10 16 150
288 40 18 100
288 44 9 150
288 44 16 150
288 44 18 100
288 15 1 100
288 5 35 100
289 42 4 100
289 42 18 99
289 23 18 150
289 29 9 100
289 12 9 100
290 43 35 150
290 16 14 100
290 16 18 100
290 31 18 148
291 43 35 150
291 9 18 100
291 8 44 100
291 2 9 100
291 18 18 100
291 26 9 150
291 46 18 100
291 37 47 99
292 17 3 100
292 17 18 150
292 27 35 100
292 7 16 150
292 10 16 150
292 16 18 100
293 30 44 150
293 27 14 100
293 27 35 100
293 48 26 99
294 43 4 99
294 43 35 150
294 37 16 100
294 37 47 99
294 49 16 100
294 49 18 148
294 19 18 99
294 3 9 150
294 14 44 148
294 33 3 150
295 44 16 150
295 44 18 100
295 31 18 148
295 30 44 150
295 4 13 99
295 4 41 100
295 10 16 150
295 24 35 148
296 31 12 100
296 11 35 100
296 23 40 100
296 5 16 100
296 2 12 100
296 46 5 100
297 48 26 99
297 11 1 100
297 11 18 150
297 11 35 100
297 19 18 99
297 25 37 100
297 45 16 150
297 45 44 100
298 22 43 100
298 14 35 150
298 37 16 100
298 34 3 150
298 34 10 100
298 49 16 100
299 38 17 100
299 38 44 150
299 38 47 100
299 49 16 100
299 49 35 148
299 39 26 100
299 45 16 150
300 49 16 100
300 49 18 148
300 37 16 100
300 18 18 100
300 20 3 100
300 25 4 100
300 39 44 99
301 43 4 99
301 43 35 150
301 32 16 99
301 32 42 100
301 40 26 100
302 38 44 150
302 14 14 100
302 14 35 150
302 35 40 150
302 45 16 150
302 5 16 100
302 37 16 100
303 37 16 100
303 37 35 150
303 16 3 150
303 16 14 100
303 16 18 100
303 30 44 150
303 31 18 148
303 32 16 99
303 49 16 100
304 5 35 100
304 18 26 100
304 38 47 100
304 45 44 100
304 33 27 100
305 17 9 150
305 43 35 150
305 10 16 150
306 49 16 100
306 49 31 100
306 49 35 148
306 9 48 100
306 14 41 150
306 36 31 148
306 38 31 100
306 15 31 150
307 40 44 100
307 30 17 100
307 5 3 100
307 5 35 100
307 36 40 100
308 9 18 100
308 8 3 100
308 8 44 100
308 24 35 148
308 34 10 100
308 16 18 100
308 10 16 150
308 10 26 99
308 49 16 100
309 4 44 100
309 1 18 99
309 8 44 100
309 5 18 148
309 5 35 100
310 36 9 100
310 5 9 150
310 5 16 100
310 5 35 100
310 4 44 100
310 6 14 100
310 7 16 150
311 15 1 100
311 15 9 150
311 11 35 100
311 38 3 100
312 25 3 150
312 25 4 100
312 25 37 100
312 43 35 150
312 36 9 100
312 36 40 100
313 3 9 150
313 2 9 100
313 30 44 150
313 34 3 150
313 34 47 100
313 14 14 100
313 14 35 150
314 28 29 100
314 49 16 100
314 49 40 100
314 16 14 100
315 10 12 150
315 10 16 150
315 10 26 99
315 45 16 150
315 45 35 150
315 5 3 100
315 5 35 100
316 8 44 100
316 29 9 100
316 44 9 150
316 10 14 100
317 25 3 150
317 18 8 100
317 49 16 100
317 49 35 148
317 49 40 100
317 8 44 100
317 35 14 150
317 7 16 150
318 45 10 100
318 45 16 150
318 45 18 100
318 45 35 150
318 45 44 100
318 6 14 100
318 33 47 100
318 1 18 99
318 8 3 100
318 49 16 100
318 35 9 148
319 19 18 99
319 44 16 150
319 32 16 99
319 49 35 148
319 7 3 99
320 40 18 100
320 3 9 150
320 1 18 99
320 49 16 100
320 49 35 148
320 37 16 100
320 7 3 99
321 7 3 99
321 7 16 150
321 38 44 150
321 38 47 100
321 42 1 100
321 42 18 99
321 16 18 100
321 26 9 150
321 1 18 99
321 49 16 100
321 11 35 100
321 11 48 100
322 49 16 100
322 49 35 148
322 49 40 100
322 30 36 100
322 32 13 99
322 32 16 99
322 36 9 100
322 36 26 100
323 3 9 150
323 19 18 99
323 26 3 100
323 25 3 150
323 25 4 100
323 25 37 100
323 10 16 150
323 7 16 150
323 14 44 148
323 17 18 150
323 27 35 100
324 45 16 150
324 37 16 100
325 24 35 148
325 45 4 100
325 45 18 100
325 29 9 100
325 44 18 100
326 14 35 150
326 45 16 150
326 27 9 100
326 49 16 100
326 40 26 100
327 41 4 100
327 18 1 100
327 18 18 100
327 37 16 100
327 37 35 150
327 37 47 99
327 46 18 100
327 1 18 99
327 32 16 99
328 32 16 99
328 32 42 100
328 25 3 150
328 7 10 100
328 7 16 150
328 14 35 150
328 19 18 99
328 23 18 150
328 26 26 99
329 14 14 100
329 14 35 150
329 14 44 148
329 37 16 100
329 37 40 99
329 7 16 150
329 44 9 150
330 10 14 100
330 4 41 100
330 44 18 100
330 9 18 100
331 24 35 148
331 24 44 100
331 38 3 100
331 27 9 100
331 29 9 100
332 49 16 100
332 49 35 148
332 4 41 100
332 32 16 99
332 13 17 100
332 46 5 100
333 37 12 100
333 37 16 100
333 37 21 99
333 37 35 150
333 37 40 99
333 13 3 150
333 49 16 100
333 33 27 100
333 44 16 150
333 14 44 148
334 24 35 148
334 24 44 100
334 33 3 150
334 33 47 100
334 32 4 148
334 46 9 150
334 46 18 100
334 42 18 99
334 18 18 100
335 22 26 100
335 45 16 150
335 45 44 100
335 26 3 100
335 11 35 100
335 11 48 100
335 37 16 100
336 38 44 150
336 23 40 100
336 24 12 99
336 24 35 148
336 10 16 150
336 25 12 100
337 36 9 100
337 40 44 100
337 45 16 150
337 5 9 150
337 5 16 100
337 5 35 100
338 17 14 99
338 17 18 150
338 14 35 150
338 14 44 148
338 49 16 100
338 49 37 99
338 19 18 99
338 10 16 150
338 10 26 99
339 15 1 100
339 15 9 150
339 48 10 100
339 11 18 150
339 11 35 100
339 10 16 150
339 42 18 99
340 14 14 100
340 14 44 148
340 42 4 100
340 35 9 148
340 10 16 150
340 18 32 100
340 27 35 100
341 8 3 100
341 15 9 150
341 45 35 150
341 36 9 100
341 36 40 100
341 33 47 100
342 8 44 100
342 19 18 99
342 44 9 150
342 44 16 150
342 44 18 100
342 11 35 100
343 38 44 150
343 49 16 100
343 49 35 148
343 10 14 100
343 3 9 150
344 4 44 100
344 42 18 99
344 49 18 148
344 27 35 100
345 12 44 100
345 39 26 100
345 10 14 100
345 2 0 100
345 5 3 100
345 5 35 100
346 47 1 100
346 27 9 100
346 27 35 100
346 43 4 99
346 26 3 100
346 26 9 150
346 37 40 99
347 35 9 148
347 12 13 99
347 49 35 148
347 49 37 99
347 37 47 99
348 35 9 148
348 37 1 100
348 37 35 150
348 37 40 99
348 27 9 100
348 27 44 150
349 31 18 148
349 19 18 99
349 15 44 100
349 11 35 100
350 6 1 100
350 40 18 100
350 40 26 100
350 40 42 100
350 40 44 100
350 8 44 100
350 7 16 150
350 45 18 100
350 45 35 150
350 35 38 100
350 44 18 100
351 5 35 100
351 40 4 100
351 42 8 100
351 25 21 150
352 2 9 100
352 39 44 99
352 41 10 100
352 42 1 100
352 42 18 99
352 16 18 100
352 49 35 148
353 36 9 100
353 31 18 148
353 2 9 100
353 46 18 100
353 44 16 150
354 34 3 150
354 19 18 99
354 6 14 100
354 24 35 148
354 17 9 150
354 17 18 150
355 31 18 148
355 26 3 100
355 18 18 100
355 18 41 99
355 11 35 100
355 49 16 100
355 32 16 99
356 13 47 100
356 8 44 100
356 7 16 150
356 44 9 150
356 44 16 150
356 44 18 100
356 15 5 100
356 10 14 100
356 10 16 150
356 12 9 100
356 38 21 100
357 37 35 150
357 37 40 99
357 38 44 150
357 47 36 100
357 11 35 100
357 5 35 100
358 8 44 100
358 17 14 99
358 44 16 150
358 11 35 100
358 42 8 100
359 24 35 148
359 41 48 100
359 32 16 99
359 44 16 150
360 1 4 100
360 14 44 148
360 15 1 100
360 40 26 100
360 36 40 100
360 27 35 100
361 20 3 100
361 15 9 150
361 11 18 150
361 11 35 100
361 39 14 150
361 44 18 100
362 15 9 150
362 41 4 100
362 24 14 100
362 24 35 148
362 5 3 100
362 5 16 100
362 5 18 148
362 40 18 100
362 26 3 100
362 26 21 99
362 37 16 100
363 20 3 100
363 7 16 150
363 11 1 100
363 11 35 100
363 39 44 99
363 3 9 150
363 37 16 100
364 10 12 150
364 5 16 100
364 5 18 148
364 5 35 100
364 36 9 100
364 23 45 100
364 9 18 100
364 48 10 100
364 37 47 99
365 44 16 150
365 41 4 100
365 22 26 100
365 43 35 150
365 10 14 100
365 10 40 99
365 23 44 150
366 3 9 150
366 27 14 100
366 27 35 100
366 40 4 100
366 49 16 100
366 44 16 150
367 9 18 100
367 49 16 100
367 49 18 148
367 49 35 148
367 45 16 150
367 24 14 100
367 28 29 100
367 37 47 99
368 44 9 150
368 44 16 150
368 27 9 100
368 27 35 100
368 27 44 150
368 10 16 150
368 4 13 99
369 10 4 148
369 10 26 99
369 31 18 148
369 15 44 100
369 44 18 100
369 33 37 100
370 17 3 100
370 17 9 150
370 17 14 99
370 43 35 150
370 42 44 99
370 27 35 100
370 10 16 150
370 10 40 99
370 33 47 100
371 42 44 99
371 32 16 99
371 34 21 100
371 4 44 100
371 36 9 100
371 45 16 150
371 45 35 150
371 27 9 100
371 27 14 100
371 5 16 100
372 35 9 148
372 27 35 100
372 20 3 100
372 39 32 100
372 39 44 99
372 30 17 100
372 5 18 148
372 1 18 99
373 38 3 100
373 38 44 150
373 24 14 100
373 24 35 148
373 5 16 100
373 5 18 148
373 19 18 99
373 32 16 99
374 23 40 100
374 9 1 100
374 13 3 150
374 13 47 100
374 24 44 100
374 32 16 99
374 7 16 150
374 27 9 100
374 27 35 100
375 32 14 148
375 32 16 99
375 32 42 100
375 30 9 150
375 27 9 100
375 27 35 100
375 5 16 100
375 5 18 148
375 9 18 100
375 29 21 100
376 13 4 100
376 37 1 100
376 37 35 150
376 39 44 99
376 30 9 150
376 36 9 100
377 17 3 100
377 17 9 150
377 17 10 100
377 17 14 99
377 1 4 100
377 7 16 150
377 49 16 100
377 4 44 100
377 11 35 100
378 38 3 100
378 37 12 100
378 37 26 100
378 37 35 150
378 49 18 148
378 2 12 100
378 18 18 100
378 17 3 100
379 30 44 150
379 30 48 100
379 37 16 100
379 37 25 150
379 7 16 150
379 40 18 100
379 16 18 100
380 45 16 150
380 45 18 100
380 45 35 150
380 45 44 100
380 19 18 99
380 11 35 100
380 0 12 148
380 8 3 100
380 1 18 99
380 10 16 150
380 27 9 100
381 23 40 100
381 27 9 100
381 27 35 100
381 49 16 100
381 38 3 100
381 5 16 100
382 12 9 100
382 12 44 100
382 49 16 100
382 39 44 99
382 5 16 100
382 5 35 100
382 10 14 100
382 36 9 100
383 24 35 148
383 40 26 100
383 13 47 100
383 5 16 100
383 37 1 100
383 37 16 100
383 37 40 99
383 49 16 100
384 5 3 100
384 5 18 148
384 5 35 100
384 14 14 100
384 43 8 100
385 31 12 100
385 31 18 148
385 10 16 150
385 19 18 99
385 46 18 100
385 43 4 99
385 43 35 150
385 49 16 100
385 17 3 100
386 4 44 100
386 48 8 150
386 48 10 100
386 44 18 100
386 45 18 100
386 10 1 99
386 11 35 100
386 13 47 100
386 33 27 100
387 7 3 99
387 7 16 150
387 7 36 100
387 19 18 99
387 20 3 100
387 46 18 100
387 41 4 100
387 4 44 100
387 1 18 99
387 11 35 100
387 26 26 99
388 5 3 100
388 5 16 100
388 5 35 100
388 37 12 100
388 46 12 150
389 23 18 150
389 43 35 150
389 34 47 100
389 26 3 100
389 26 26 99
389 6 14 100
389 44 18 100
390 11 35 100
390 27 44 150
390 30 5 100
391 23 18 150
391 46 18 100
391 11 35 100
391 7 16 150
392 2 9 100
392 2 12 100
392 43 4 99
392 43 35 150
392 27 9 100
392 27 44 150
392 33 32 99
392 33 47 100
393 38 3 100
393 30 9 150
393 33 40 150
393 44 16 150
393 37 16 100
393 37 35 150
393 42 4 100
393 17 14 99
394 11 1 100
394 11 35 100
394 5 3 100
394 5 9 150
395 18 18 100
395 18 21 100
395 18 26 100
395 46 18 100
395 17 14 99
395 45 16 150
395 45 35 150
395 4 13 99
395 37 16 100
396 3 9 150
396 24 44 100
396 2 9 100
397 23 40 100
397 23 44 150
397 25 3 150
397 11 35 100
397 11 41 99
397 11 48 100
397 41 10 100
397 6 14 100
397 44 16 150
397 45 16 150
397 45 35 150
398 31 18 148
398 40 18 100
398 17 14 99
398 30 17 100
398 49 16 100
398 7 16 150
399 35 9 148
399 15 44 100
399 14 35 150
399 49 16 100
400 17 3 100
400 14 35 150
400 14 44 148
400 49 16 100
400 39 26 100
400 5 16 100
400 44 16 150
400 33 47 100
401 23 18 150
401 41 14 150
401 43 35 150
401 43 38 100
401 7 3 99
401 7 16 150
401 26 3 100
401 16 18 100
401 32 16 99
402 36 9 100
402 44 16 150
402 44 18 100
402 5 16 100
402 5 18 148
402 5 35 100
402 12 9 100
402 48 42 100
403 11 18 150
403 11 35 100
403 42 18 99
403 26 26 99
403 14 14 100
404 23 40 100
404 23 44 150
404 20 3 100
404 0 12 148
404 15 9 150
404 5 16 100
404 5 35 100
404 13 4 100
404 7 16 150
404 37 21 99
405 18 1 100
405 39 44 99
405 10 16 150
405 8 3 100
405 43 35 150
406 49 18 148
406 49 35 148
406 19 18 99
406 35 9 148
406 17 3 100
406 23 44 150
406 36 9 100
407 45 16 150
407 45 35 150
407 37 16 100
407 37 40 99
407 37 47 99
407 27 9 100
407 27 14 100
407 29 9 100
408 46 18 100
408 1 4 100
408 1 18 99
408 10 1 99
408 10 26 99
408 42 18 99
408 11 35 100
409 37 4 150
409 37 35 150
409 34 10 100
409 23 18 150
409 1 18 99
409 46 9 150
409 10 14 100
409 15 44 100
410 32 16 99
410 44 9 150
410 44 16 150
410 39 4 100
411 49 16 100
411 49 18 148
411 49 35 148
411 9 18 100
411 44 16 150
411 45 4 100
411 38 47 100
412 35 21 100
412 23 18 150
412 23 44 150
412 36 26 100
412 47 1 100
412 5 16 100
412 5 35 100
412 17 14 99
412 18 18 100
412 44 16 150
413 20 3 100
413 40 18 100
413 40 44 100
413 1 18 99
413 24 35 148
413 5 35 100
414 18 1 100
414 29 9 100
414 27 9 100
414 27 14 100
414 27 35 100
414 27 44 150
415 17 3 100
415 17 9 150
415 17 14 99
415 45 44 100
415 49 40 100
415 38 3 100
415 11 35 100
416 10 14 100
416 10 16 150
416 45 18 100
416 45 35 150
416 45 44 100
416 29 9 100
416 26 9 150
416 37 16 100
416 17 18 150
417 9 18 100
417 17 14 99
417 17 18 150
417 5 16 100
417 5 35 100
417 5 44 150
417 45 16 150
417 33 13 99
418 1 18 99
418 1 41 100
418 10 16 150
418 48 5 100
418 14 35 150
418 14 44 148
418 38 47 100
418 42 18 99
418 44 9 150
418 44 18 100
418 5 16 100
419 41 14 150
419 20 3 100
419 18 18 100
419 18 26 100
419 8 44 100
419 49 16 100
419 49 18 148
419 45 16 150
419 11 35 100
420 27 9 100
420 27 35 100
420 27 44 150
420 26 9 150
420 11 18 150
420 9 18 100
420 5 16 100
421 35 9 148
421 15 44 100
421 1 18 99
421 38 3 100
421 38 47 100
421 7 10 100
421 7 16 150
421 7 36 100
421 42 18 99
421 24 14 100
421 24 35 148
421 30 48 100
422 3 9 150
422 33 3 150
422 33 27 100
422 33 37 100
422 27 35 100
422 27 44 150
422 10 16 150
423 39 44 99
423 43 35 150
423 8 3 100
424 25 3 150
424 36 40 100
424 12 1 100
424 12 44 100
424 27 35 100
424 5 16 100
424 32 16 99
425 26 9 150
425 24 35 148
425 24 44 100
425 42 44 99
425 49 16 100
425 27 9 100
425 34 47 100
425 7 16 150
426 23 40 100
426 18 26 100
426 15 44 100
426 3 42 100
426 37 16 100
427 16 14 100
427 16 18 100
427 23 18 150
427 45 16 150
427 45 35 150
427 32 16 99
428 42 18 99
428 42 44 99
428 27 9 100
428 27 14 100
428 27 35 100
428 11 18 150
428 11 35 100
428 19 18 99
429 24 44 100
429 40 4 100
429 40 18 100
429 40 26 100
429 33 47 100
429 1 18 99
429 11 35 100
430 10 1 99
430 5 3 100
430 5 35 100
430 5 44 150
431 9 32 100
431 9 48 100
431 30 44 150
431 37 35 150
431 45 10 100
431 14 14 100
432 24 14 100
432 24 35 148
432 23 40 100
432 37 26 100
433 16 18 100
433 3 9 150
433 46 18 100
433 20 3 100
433 15 44 100
433 34 47 100
433 27 9 100
433 27 35 100
433 44 16 150
433 44 18 100
433 32 16 99
434 15 9 150
434 16 14 100
434 16 18 100
434 44 18 100
434 49 35 148
435 2 12 100
435 14 44 148
435 31 12 100
435 31 18 148
435 17 18 150
436 45 18 100
436 45 35 150
436 45 44 100
436 5 18 148
436 14 14 100
436 14 21 99
436 22 26 100
437 40 4 100
437 40 18 100
437 27 35 100
437 37 16 100
437 11 18 150
437 11 35 100
437 30 17 100
437 38 3 100
437 10 16 150
438 44 16 150
438 44 18 100
438 48 26 99
438 12 1 100
438 12 13 99
438 5 18 148
438 5 35 100
438 30 29 100
439 13 3 150
439 13 31 100
439 13 47 100
439 44 9 150
439 44 16 150
439 21 38 148
439 30 44 150
439 14 35 150
439 1 31 100
439 10 16 150
439 10 31 150
439 49 31 100
440 44 18 100
440 4 44 100
440 38 3 100
440 38 31 100
440 1 18 99
440 1 31 100
440 5 35 100
441 13 4 100
441 13 31 100
441 40 26 100
441 40 31 150
442 18 1 100
442 36 4 100
442 36 31 148
442 24 14 100
442 24 35 148
442 24 44 100
442 5 35 100
442 13 31 100
443 11 35 100
443 43 31 148
443 32 16 99
443 3 9 150
443 17 3 100
443 17 10 100
443 17 14 99
443 37 16 100
443 37 31 100
443 37 47 99
443 6 31 150
444 35 9 148
444 6 31 150
444 4 44 100
444 29 9 100
444 39 44 99
444 49 16 100
444 49 31 100
444 49 35 148
444 49 40 100
444 10 16 150
445 7 3 99
445 7 16 150
445 7 36 100
445 11 18 150
445 11 35 100
445 5 9 150
445 5 16 100
445 5 18 148
445 33 37 100
445 39 44 99
446 29 9 100
446 10 26 99
446 5 18 148
446 5 35 100
446 19 18 99
447 24 14 100
447 24 35 148
447 24 44 100
447 15 5 100
447 15 9 150
447 9 32 100
448 11 1 100
448 11 35 100
448 44 16 150
448 1 4 100
449 29 9 100
449 31 18 148
449 15 44 100
449 36 9 100
449 19 18 99
449 45 35 150
449 25 3 150
450 24 14 100
450 13 3 150
450 13 4 100
450 13 47 100
450 10 16 150
450 10 26 99
450 32 16 99
450 23 18 150
450 11 35 100
450 40 18 100
451 11 35 100
451 6 14 100
451 16 0 100
451 16 3 150
451 36 4 100
451 36 40 100
452 3 9 150
452 13 47 100
452 41 14 150
452 20 3 100
452 39 44 99
452 44 16 150
452 37 16 100
452 37 35 150
452 40 44 100
453 37 16 100
453 37 31 100
453 37 35 150
453 15 9 150
453 15 31 150
453 15 44 100
453 36 31 148
453 13 17 100
453 13 31 100
453 10 16 150
454 30 9 150
454 30 44 150
454 27 9 100
454 27 35 100
454 17 3 100
455 12 44 100
455 27 4 150
455 27 14 100
455 27 35 100
455 41 10 100
455 10 16 150
455 10 26 99
455 17 18 150
455 46 18 100
455 49 16 100
455 5 16 100
456 42 4 100
456 33 3 150
456 5 16 100
456 5 35 100
456 10 14 100
456 10 40 99
456 37 16 100
457 24 14 100
457 24 35 148
457 38 3 100
457 38 47 100
457 26 9 150
458 30 42 99
458 42 1 100
458 45 35 150
458 38 21 100
458 49 40 100
458 18 26 100
459 45 16 150
459 45 18 100
459 27 35 100
459 1 18 99
459 41 48 100
459 48 12 150
459 33 27 100
459 5 16 100
460 43 35 150
460 8 3 100
460 8 44 100
460 10 12 150
460 10 16 150
460 10 26 99
460 5 16 100
461 24 44 100
461 45 44 100
461 11 35 100
462 39 4 100
462 39 12 150
462 39 26 100
462 7 3 99
462 18 1 100
462 13 47 100
462 10 40 99
463 15 44 100
463 44 16 150
463 44 18 100
463 31 18 148
463 11 35 100
463 17 14 99
463 24 35 148
464 15 44 100
464 23 18 150
464 33 13 99
464 40 18 100
465 9 18 100
465 43 35 150
465 1 18 99
465 39 26 100
465 10 16 150
465 44 16 150
465 44 18 100
466 45 16 150
466 45 35 150
466 45 44 100
466 41 21 150
466 37 16 100
466 10 14 100
467 3 9 150
467 3 12 148
467 16 3 150
467 4 44 100
467 8 44 100
467 34 10 100
467 34 47 100
467 11 35 100
468 32 16 99
468 42 44 99
468 27 35 100
468 10 16 150
468 10 40 99
469 32 14 148
469 32 16 99
469 22 21 100
469 22 26 100
469 10 16 150
469 24 35 148
470 43 4 99
470 43 35 150
470 26 3 100
470 16 18 100
470 31 18 148
471 30 9 150
471 30 17 100
471 30 36 100
471 30 44 150
471 11 35 100
471 7 3 99
472 26 9 150
472 3 9 150
472 24 35 148
472 32 16 99
472 1 18 99
472 47 1 100
472 7 16 150
472 44 18 100
473 23 40 100
473 27 14 100
473 27 35 100
473 48 26 99
473 4 44 100
473 46 48 99
474 44 16 150
474 38 44 150
474 27 14 100
474 27 35 100
474 49 16 100
474 36 4 100
475 36 9 100
475 36 40 100
475 32 25 100
475 2 9 100
475 24 35 148
475 24 44 100
475 46 5 100
476 39 6 150
476 45 35 150
476 42 1 100
476 42 6 148
476 37 47 99
477 43 35 150
478 30 9 150
478 45 10 100
478 45 18 100
478 7 3 99
478 42 1 100
478 42 18 99
478 26 3 100
478 26 26 99
478 46 18 100
478 33 32 99
479 43 35 150
479 24 14 100
479 12 9 100
479 31 18 148
479 44 16 150
479 44 18 100
479 2 9 100
479 10 40 99
480 30 9 150
480 30 44 150
480 45 35 150
480 13 3 150
481 8 44 100
481 18 18 100
481 16 14 100
481 16 18 100
481 13 4 100
481 13 47 100
481 45 35 150
482 37 16 100
482 37 26 100
482 37 35 150
482 25 3 150
482 5 16 100
483 23 40 100
483 23 44 150
483 11 35 100
483 26 9 150
483 32 16 99
483 49 16 100
484 11 35 100
484 37 12 100
484 37 16 100
484 40 44 100
484 38 3 100
484 31 12 100
485 45 16 150
485 45 35 150
485 12 9 100
485 37 16 100
485 17 3 100
485 17 9 150
485 17 14 99
485 33 42 99
486 20 3 100
486 10 14 100
486 10 40 99
486 38 47 100
486 37 35 150
486 3 9 150
487 19 18 99
487 16 14 100
487 16 18 100
487 11 35 100
487 27 44 150
487 45 16 150
487 45 18 100
487 5 3 100
487 5 16 100
487 39 26 100
488 12 9 100
488 12 13 99
488 41 10 100
488 35 9 148
488 42 18 99
488 42 36 99
488 9 18 100
488 27 35 100
489 22 21 100
489 18 12 150
489 18 18 100
489 43 35 150
489 2 9 100
489 2 12 100
489 37 12 100
489 23 18 150
490 37 16 100
490 37 47 99
490 2 9 100
490 44 9 150
490 44 16 150
490 44 18 100
490 38 3 100
490 18 18 100
490 9 18 100
490 27 14 100
490 27 35 100
491 14 35 150
491 38 3 100
491 38 37 100
491 27 9 100
491 46 18 100
491 46 48 99
491 12 9 100
491 1 18 99
492 11 1 100
492 11 35 100
492 45 16 150
492 45 44 100
492 8 3 100
492 8 29 100
492 37 16 100
493 30 44 150
493 10 8 100
493 10 14 100
493 10 40 99
493 49 35 148
493 26 3 100
493 38 3 100
494 49 18 148
494 49 43 148
494 4 44 100
494 45 18 100
494 15 1 100
494 15 9 150
494 38 3 100
494 11 35 100
495 24 35 148
495 11 18 150
495 26 3 100
495 3 9 150
495 18 18 100
496 41 4 100
496 41 14 150
496 30 9 150
496 30 44 150
496 36 9 100
497 10 16 150
497 49 16 100
497 49 18 148
497 49 35 148
497 11 18 150
497 30 9 150
497 34 47 100
498 24 14 100
498 24 35 148
498 26 3 100
498 26 26 99
498 10 16 150
499 9 1 100
499 38 21 100
499 45 16 150
499 45 35 150
499 37 16 100
499 37 40 99
500 18 18 100
500 36 9 100
500 46 18 100
500 24 14 100
500 24 35 148
500 5 16 100
500 12 9 100
501 18 1 100
501 18 47 150
501 17 3 100
501 17 9 150
501 10 16 150
501 11 35 100
501 45 44 100
502 39 26 100
502 34 3 150
502 37 35 150
502 49 18 148
502 18 18 100
502 16 14 100
503 46 18 100
503 13 3 150
503 5 18 148
503 5 35 100
503 18 32 100
504 17 9 150
504 32 16 99
504 18 12 150
504 10 16 150
504 10 40 99
505 11 18 150
505 11 35 100
505 48 12 150
505 12 9 100
505 12 13 99
505 12 44 100
505 18 18 100
505 49 16 100
505 49 35 148
505 15 9 150
505 10 16 150
506 12 44 100
506 15 44 100
506 22 26 100
506 11 35 100
507 24 14 100
507 24 35 148
507 24 44 100
507 5 16 100
507 5 18 148
507 46 18 100
507 10 16 150
507 10 47 150
508 31 12 100
508 37 16 100
508 37 26 100
508 11 35 100
508 49 16 100
509 41 4 100
509 46 5 100
509 45 35 150
509 45 44 100
509 43 8 100
509 6 14 100
510 44 9 150
510 44 12 150
510 44 16 150
510 39 44 99
510 1 31 100
510 15 31 150
510 43 31 148
510 33 27 100
510 32 16 99
510 11 35 100
511 0 40 150
511 42 4 100
511 42 8 100
511 42 44 99
511 27 35 100
511 39 44 99
511 36 31 148
512 29 9 100
512 24 14 100
512 24 35 148
512 14 42 99
512 35 9 148
512 17 3 100
513 35 9 148
513 11 18 150
513 11 35 100
513 10 4 148
513 10 14 100
513 10 16 150
513 1 18 99
513 37 16 100
513 49 16 100
513 7 16 150
513 44 16 150
513 30 17 100
513 40 44 100
514 44 9 150
514 44 16 150
514 7 3 99
514 7 16 150
514 39 44 99
514 32 16 99
514 16 14 100
514 11 35 100
515 35 9 148
515 2 9 100
515 45 16 150
515 45 18 100
515 45 35 150
515 18 18 100
515 30 48 100
515 42 18 99
516 27 9 100
516 27 14 100
516 27 35 100
516 44 16 150
516 37 16 100
516 37 40 99
516 37 47 99
516 45 4 100
517 49 16 100
517 49 35 148
517 44 9 150
517 44 16 150
517 22 14 150
517 36 9 100
518 47 1 100
518 24 35 148
518 13 4 100
519 39 44 99
519 20 3 100
519 27 9 100
519 27 35 100
519 18 1 100
519 37 16 100
519 37 40 99
519 2 9 100
519 5 16 100
520 33 3 150
520 27 9 100
520 27 35 100
520 27 44 150
520 0 12 148
521 29 9 100
521 29 12 100
521 36 4 100
521 36 9 100
521 36 40 100
521 24 35 148
521 24 44 100
521 7 3 99
521 32 16 99
521 34 47 100
522 27 9 100
522 27 35 100
522 27 44 150
522 15 9 150
523 4 44 100
523 26 26 99
523 11 35 100
524 11 18 150
524 11 35 100
524 2 9 100
524 40 18 100
524 38 17 100
524 38 47 100
525 11 1 100
525 11 18 150
525 11 35 100
525 27 9 100
525 27 44 150
525 32 16 99
525 36 9 100
526 11 18 150
526 11 35 100
526 6 14 100
526 32 16 99
526 16 3 150
526 16 18 100
526 15 44 100
526 44 16 150
526 44 18 100
527 19 18 99
527 44 9 150
527 44 12 150
527 44 16 150
527 44 18 100
527 13 3 150
527 13 47 100
527 11 35 100
527 39 44 99
527 42 44 99
527 45 16 150
527 29 9 100
528 49 16 100
528 49 35 148
528 49 40 100
528 22 26 100
528 6 14 100
528 45 16 150
528 45 44 100
528 11 35 100
528 17 3 100
529 44 12 150
529 44 16 150
529 32 16 99
530 6 14 100
530 38 44 150
530 30 48 100
530 11 35 100
530 36 26 100
531 8 3 100
531 8 44 100
531 4 13 99
531 32 16 99
531 18 18 100
531 23 18 150
532 42 4 100
532 42 44 99
532 22 26 100
532 45 16 150
532 45 35 150
532 37 16 100
532 37 35 150
532 37 40 99
532 32 16 99
532 49 16 100
532 33 42 99
533 33 37 100
533 14 35 150
533 5 16 100
534 32 16 99
534 32 25 100
534 12 9 100
534 12 44 100
534 28 5 100
534 37 16 100
534 37 35 150
534 37 40 99
534 24 44 100
534 49 16 100
534 5 16 100
535 25 3 150
535 17 9 150
535 37 16 100
535 37 35 150
535 44 9 150
535 33 32 99
536 45 18 100
536 45 44 100
536 16 18 100
536 49 16 100
536 18 18 100
536 27 35 100
537 40 4 100
537 40 26 100
537 16 14 100
537 45 35 150
537 38 3 100
538 15 1 100
538 15 44 100
538 40 4 100
538 49 16 100
538 49 40 100
539 33 47 100
539 9 18 100
539 14 35 150
539 14 41 150
539 44 16 150
539 44 18 100
539 1 4 100
540 48 26 99
540 5 16 100
540 5 35 100
540 5 44 150
540 42 1 100
541 40 18 100
541 40 44 100
541 14 14 100
541 14 35 150
541 18 18 100
541 46 18 100
541 7 16 150
542 27 35 100
542 18 26 100
542 36 40 100
542 24 36 100
542 45 16 150
543 17 3 100
543 17 9 150
543 17 14 99
543 15 44 100
543 49 16 100
543 49 35 148
543 44 16 150
544 37 12 100
544 37 16 100
544 37 35 150
544 1 18 99
544 18 18 100
544 4 44 100
544 40 44 100
544 27 9 100
544 32 16 99
545 14 35 150
545 39 4 100
545 1 18 99
545 16 3 150
545 16 18 100
545 6 1 100
545 33 32 99
545 33 47 100
545 49 16 100
545 44 18 100
546 23 18 150
546 46 18 100
546 12 9 100
546 12 44 100
546 22 26 100
546 24 14 100
547 19 18 99
547 17 18 150
547 14 35 150
547 14 44 148
547 10 1 99
547 10 16 150
547 42 4 100
547 44 16 150
547 38 47 100
547 37 16 100
548 7 16 150
548 31 18 148
548 14 35 150
548 46 18 100
548 42 44 99
548 5 16 100
549 39 12 150
549 39 44 99
549 27 9 100
549 27 35 100
549 37 16 100
549 49 16 100
549 49 18 148
549 32 16 99
549 18 18 100
549 7 3 99
549 11 35 100
550 42 18 99
550 42 44 99
550 2 9 100
550 11 18 150
550 11 35 100
550 44 9 150
551 14 14 100
551 48 26 99
551 11 18 150
551 11 35 100
551 11 48 100
551 26 3 100
551 40 18 100
552 26 3 100
552 11 35 100
552 10 16 150
552 5 16 100
552 37 47 99
553 42 1 100
553 42 44 99
553 17 3 100
553 15 44 100
553 40 26 100
553 36 40 100
553 28 29 100
553 49 16 100
553 49 35 148
553 45 16 150
554 3 9 150
554 39 4 100
554 39 44 99
554 40 18 100
554 13 3 150
554 37 16 100
554 37 35 150
554 31 18 148
555 36 9 100
555 7 16 150
555 37 12 100
555 37 16 100
555 37 47 99
555 11 35 100
555 27 9 100
555 32 16 99
555 24 12 99
556 47 45 100
556 43 35 150
556 34 3 150
556 14 44 148
557 1 18 99
557 46 9 150
557 46 13 100
557 46 18 100
557 12 1 100
557 5 16 100
557 5 35 100
557 13 17 100
557 44 16 150
557 44 18 100
558 3 9 150
558 49 16 100
558 49 35 148
558 49 40 100
558 45 16 150
558 12 9 100
559 2 9 100
559 9 18 100
559 14 14 100
559 14 44 148
559 45 18 100
559 16 3 150
559 5 35 100
560 35 9 148
560 49 18 148
560 41 4 100
560 19 18 99
560 20 3 100
560 8 44 100
560 44 9 150
560 15 1 100
561 38 3 100
561 38 4 150
561 38 42 99
561 38 44 150
561 11 35 100
561 11 41 99
561 37 16 100
561 37 35 150
562 25 4 100
562 29 9 100
562 45 16 150
562 24 14 100
562 49 16 100
562 49 40 100
563 44 9 150
563 44 12 150
563 44 16 150
563 4 44 100
563 14 35 150
563 10 16 150
563 29 9 100
563 37 16 100
563 37 47 99
564 24 35 148
564 36 4 100
564 4 41 100
564 1 18 99
564 16 3 150
564 16 18 100
564 18 1 100
564 18 18 100
565 22 14 150
565 22 26 100
565 14 35 150
565 26 3 100
565 49 16 100
565 5 16 100
565 10 16 150
566 42 18 99
566 42 44 99
566 49 16 100
566 49 18 148
566 49 35 148
566 34 3 150
566 5 16 100
566 32 16 99
566 10 14 100
567 41 4 100
567 23 40 100
567 30 5 100
567 11 35 100
567 6 14 100
567 26 26 99
567 38 47 100
568 37 16 100
568 37 35 150
568 44 9 150
568 44 16 150
568 30 48 100
569 12 9 100
569 18 12 150
569 5 3 100
569 5 16 100
569 5 35 100
569 2 9 100
569 32 16 99
570 33 3 150
570 33 47 100
570 37 1 100
570 37 16 100
570 37 35 150
570 37 40 99
570 24 44 100
570 15 9 150
570 44 16 150
570 44 18 100
570 9 18 100
571 17 3 100
571 17 9 150
571 17 18 150
571 4 44 100
571 46 18 100
571 36 9 100
571 32 16 99
571 45 16 150
571 45 44 100
572 19 18 99
572 27 9 100
572 27 14 100
572 27 35 100
572 31 18 148
572 7 3 99
572 45 44 100
572 24 35 148
573 40 4 100
573 40 18 100
573 37 16 100
573 37 47 99
573 32 16 99
573 17 18 150
574 38 3 100
574 24 8 99
574 24 35 148
574 7 16 150
574 37 1 100
574 37 16 100
574 42 18 99
574 49 16 100
574 49 18 148
575 43 4 99
575 43 35 150
575 27 9 100
575 44 9 150
576 36 9 100
576 33 27 100
576 43 35 150
577 45 35 150
577 45 44 100
577 12 9 100
577 34 28 100
578 23 18 150
578 32 16 99
578 49 16 100
578 49 18 148
578 49 37 99
578 39 26 100
578 48 10 100
578 27 35 100
579 17 9 150
579 1 4 100
579 37 1 100
579 37 40 99
580 1 18 99
580 45 16 150
580 45 18 100
580 45 35 150
580 45 44 100
580 11 35 100
580 17 3 100
580 17 9 150
580 37 16 100
581 2 12 100
581 46 18 100
581 15 44 100
581 23 18 150
581 26 3 100
581 24 12 99
581 24 44 100
581 32 16 99
581 32 42 100
581 8 3 100
581 45 16 150
582 4 44 100
582 11 35 100
582 24 14 100
582 24 35 148
582 39 4 100
582 39 26 100
582 20 3 100
583 29 9 100
583 35 9 148
583 27 14 100
583 27 35 100
583 27 44 150
583 26 3 100
583 44 16 150
583 37 16 100
583 37 47 99
584 3 9 150
584 3 12 148
584 13 4 100
584 48 10 100
584 24 35 148
584 24 44 100
584 36 40 100
585 18 18 100
585 5 16 100
585 5 18 148
585 5 35 100
585 45 16 150
586 40 18 100
586 40 44 100
586 16 3 150
586 16 18 100
586 24 35 148
586 12 9 100
586 9 18 100
586 38 37 100
586 2 9 100
587 11 35 100
587 11 48 100
587 38 44 150
587 40 26 100
587 27 14 100
587 32 16 99
587 10 16 150
588 7 3 99
588 13 47 100
588 40 44 100
588 47 1 100
588 49 40 100
589 43 35 150
589 18 26 100
589 40 44 100
589 16 14 100
590 34 10 100
590 34 41 100
590 23 44 150
590 5 16 100
590 5 35 100
590 15 1 100
590 27 35 100
591 49 16 100
591 49 18 148
591 49 35 148
591 1 4 100
591 1 18 99
591 15 9 150
591 24 14 100
591 32 16 99
592 44 9 150
592 44 16 150
592 44 18 100
592 32 16 99
592 45 16 150
592 45 18 100
592 11 35 100
592 38 47 100
593 27 9 100
593 27 14 100
593 27 35 100
593 49 40 100
594 33 3 150
594 33 8 100
594 33 47 100
594 32 16 99
594 1 18 99
594 5 16 100
594 5 18 148
594 5 35 100
594 5 44 150
595 36 26 100
595 39 32 100
595 37 35 150
596 25 12 100
596 14 35 150
596 20 3 100
596 2 12 100
596 45 16 150
596 4 13 99
597 40 44 100
597 49 16 100
597 49 40 100
597 42 1 100
597 45 10 100
597 44 9 150
597 20 3 100
597 27 35 100
597 41 48 100
598 5 3 100
598 5 16 100
598 5 35 100
598 29 12 100
598 37 16 100
599 3 9 150
599 42 14 150
599 42 18 99
599 42 44 99
599 44 16 150
599 44 18 100
599 19 18 99
599 15 44 100
599 14 35 150
599 45 16 150
599 38 47 100
600 19 18 99
600 17 3 100
600 17 18 150
600 4 44 100
600 33 37 100
600 10 16 150
600 27 35 100
600 49 16 100
601 17 9 150
601 17 14 99
601 11 35 100
601 29 9 100
601 23 40 100
602 49 16 100
602 49 35 148
602 26 3 100
602 17 3 100
602 17 9 150
602 17 10 100
602 32 16 99
603 27 9 100
603 27 35 100
603 27 44 150
603 32 42 100
603 1 18 99
603 9 18 100
603 36 9 100
603 2 12 100
604 49 18 148
604 49 35 148
604 9 1 100
604 9 18 100
604 46 5 100
604 46 9 150
605 49 16 100
605 49 18 148
605 49 35 148
605 42 4 100
605 42 18 99
605 29 9 100
605 29 12 100
605 44 9 150
605 44 16 150
605 20 3 100
605 6 14 100
606 42 4 100
606 42 18 99
606 42 44 99
606 44 9 150
606 44 12 150
606 44 18 100
606 18 18 100
606 33 3 150
606 33 27 100
606 27 35 100
607 33 47 100
607 32 16 99
607 1 18 99
607 27 9 100
607 27 35 100
607 17 18 150
607 36 9 100
607 37 16 100
608 23 0 100
608 23 44 150
608 29 9 100
608 41 4 100
608 41 10 100
608 5 16 100
608 5 35 100
608 12 9 100
608 14 14 100
609 8 3 100
609 8 44 100
609 39 4 100
609 39 26 100
609 27 35 100
609 19 18 99
609 46 18 100
610 40 18 100
610 40 44 100
610 38 3 100
610 45 16 150
610 45 18 100
610 45 35 150
610 16 18 100
610 18 12 150
610 18 41 99
611 24 35 148
611 24 44 100
611 13 3 150
611 6 1 100
611 12 9 100
611 45 16 150
611 32 16 99
611 27 9 100
612 34 47 100
612 33 40 150
612 37 12 100
612 37 16 100
612 37 35 150
612 45 16 150
612 45 44 100
612 29 12 100
613 12 9 100
613 12 44 100
613 11 35 100
613 17 14 99
613 1 4 100
614 34 10 100
614 11 35 100
614 11 48 100
614 15 9 150
614 15 44 100
614 7 3 99
614 12 9 100
614 24 14 100
615 44 9 150
615 44 18 100
615 20 4 148
615 46 18 100
615 10 14 100
615 35 46 100
615 43 35 150
616 24 14 100
616 24 44 100
616 19 18 99
616 22 26 100
616 32 16 99
616 31 18 148
616 5 16 100
616 5 35 100
617 49 16 100
617 49 35 148
617 49 40 100
617 33 3 150
617 43 4 99
617 30 9 150
617 32 14 148
617 32 16 99
617 5 16 100
618 39 37 100
618 39 44 99
618 27 9 100
618 27 35 100
618 2 9 100
618 33 27 100
618 32 16 99
618 7 3 99
618 7 16 150
619 35 9 148
619 49 35 148
619 49 40 100
619 31 7 99
619 20 3 100
619 2 9 100
619 15 1 100
620 39 44 99
620 12 1 100
620 12 9 100
620 12 44 100
620 44 16 150
620 5 3 100
620 5 16 100
620 5 35 100
621 11 18 150
621 11 35 100
621 1 18 99
621 14 42 99
622 34 10 100
622 34 47 100
622 24 12 99
622 24 35 148
622 24 44 100
622 5 16 100
622 48 26 99
622 37 16 100
623 5 3 100
623 5 16 100
623 5 18 148
623 5 35 100
623 5 44 150
623 24 14 100
623 7 16 150
623 11 18 150
624 22 26 100
624 37 35 150
624 37 40 99
624 40 44 100
624 8 17 100
625 7 3 99
625 34 47 100
626 32 16 99
626 14 35 150
626 3 9 150
626 3 12 148
626 29 9 100
626 13 3 150
626 40 18 100
626 10 16 150
626 18 18 100
627 24 14 100
627 24 35 148
627 24 44 100
627 34 3 150
627 34 10 100
627 18 26 100
628 30 9 150
628 30 44 150
628 11 18 150
628 11 35 100
628 32 16 99
628 46 18 100
628 13 3 150
628 14 14 100
628 5 16 100
628 5 35 100
629 17 14 99
629 17 18 150
629 42 18 99
629 42 44 99
629 32 16 99
629 46 48 99
629 7 16 150
629 27 35 100
630 14 44 148
630 18 1 100
630 13 47 100
630 12 9 100
630 5 9 150
630 5 16 100
630 5 35 100
631 5 16 100
631 5 35 100
631 5 44 150
631 26 26 99
631 24 14 100
631 24 40 148
631 44 13 100
631 44 16 150
632 7 16 150
632 23 44 150
632 24 14 100
632 24 35 148
632 10 16 150
632 45 16 150
633 16 14 100
633 48 10 100
633 48 26 99
633 10 16 150
633 45 35 150
634 44 9 150
634 44 16 150
634 33 47 100
634 10 16 150
634 10 31 150
634 17 3 100
634 15 31 150
634 5 35 100
635 14 35 150
635 8 44 100
635 27 9 100
635 48 12 150
635 9 18 100
635 19 18 99
635 37 31 100
635 46 18 100
635 38 31 100
635 15 31 150
636 4 44 100
636 13 3 150
636 36 9 100
636 36 40 100
636 49 16 100
637 31 18 148
637 40 18 100
637 40 44 100
637 11 35 100
638 20 3 100
638 36 9 100
638 40 18 100
638 45 16 150
638 45 18 100
638 45 35 150
638 34 3 150
638 2 9 100
638 37 16 100
638 7 16 150
638 6 14 100
638 27 35 100
639 11 1 100
639 11 22 100
639 11 35 100
639 24 8 99
639 19 18 99
639 32 16 99
639 44 16 150
640 18 26 100
640 46 5 100
640 46 10 99
640 30 44 150
640 27 14 100
640 27 35 100
640 38 47 100
640 37 16 100
640 37 40 99
640 32 16 99
641 49 16 100
641 49 18 148
641 49 35 148
641 8 3 100
641 8 44 100
641 32 16 99
641 9 18 100
642 43 35 150
642 30 9 150
642 39 14 150
642 45 16 150
642 5 16 100
643 30 9 150
643 30 36 100
643 49 16 100
643 49 18 148
643 13 4 100
643 18 18 100
643 10 14 100
643 10 16 150
643 27 35 100
643 34 28 100
644 2 9 100
644 37 1 100
644 37 4 150
644 40 18 100
644 11 18 150
644 11 35 100
644 24 14 100
644 27 9 100
645 44 12 150
645 44 18 100
645 9 18 100
645 10 26 99
645 14 35 150
645 20 3 100
645 38 47 100
645 2 12 100
646 14 42 99
646 14 44 148
646 47 1 100
646 31 18 148
646 27 35 100
646 45 10 100
646 45 18 100
647 13 3 150
647 46 18 100
647 42 18 99
647 42 44 99
647 43 35 150
647 21 37 100
647 10 16 150
647 10 26 99
647 32 16 99
648 5 3 100
648 5 35 100
648 5 44 150
648 39 4 100
648 39 12 150
648 44 18 100
649 24 44 100
649 27 35 100
649 41 4 100
649 5 16 100
649 49 16 100
649 49 40 100
649 33 47 100
649 37 16 100
649 37 26 100
650 40 18 100
650 40 44 100
650 17 9 150
650 17 18 150
650 14 35 150
650 15 1 100
650 15 44 100
651 11 18 150
651 11 35 100
651 11 48 100
651 1 18 99
651 4 44 100
651 7 3 99
651 7 16 150
651 37 47 99
652 35 9 148
652 36 9 100
652 37 16 100
652 37 35 150
652 41 10 100
652 32 16 99
652 27 14 100
652 1 18 99
652 25 3 150
653 49 16 100
653 49 18 148
653 32 16 99
653 42 18 99
653 42 44 99
653 12 9 100
653 18 18 100
653 29 9 100
653 5 16 100
653 5 35 100
654 29 9 100
654 4 44 100
654 7 3 99
654 16 14 100
654 14 35 150
654 2 9 100
655 26 26 99
655 25 4 100
655 47 1 100
656 29 9 100
656 29 12 100
656 29 47 148
656 30 44 150
656 7 3 99
656 49 35 148
656 49 40 100
657 29 9 100
657 46 9 150
657 7 3 99
657 49 35 148
657 49 37 99
657 38 44 150
658 30 9 150
658 30 44 150
658 30 48 100
658 41 10 100
658 10 1 99
658 10 40 99
658 27 35 100
659 37 35 150
659 37 47 99
659 24 14 100
660 15 44 100
660 25 4 100
660 49 18 148
660 49 35 148
660 17 14 99
660 17 18 150
661 11 35 100
661 37 12 100
661 37 16 100
661 37 26 100
661 7 16 150
661 29 12 100
661 13 4 100
662 38 44 150
662 38 47 100
662 44 9 150
662 44 16 150
662 23 40 100
662 14 35 150
663 3 9 150
663 49 16 100
663 12 9 100
663 27 35 100
663 25 4 100
664 9 18 100
664 9 43 100
664 19 18 99
664 17 3 100
664 17 9 150
664 17 43 100
664 5 3 100
664 5 16 100
664 5 35 100
664 32 16 99
665 41 4 100
665 41 10 100
665 30 44 150
665 49 16 100
665 49 35 148
665 49 40 100
665 7 3 99
665 7 16 150
665 32 16 99
665 45 16 150
666 41 4 100
666 30 9 150
666 10 1 99
666 10 16 150
666 40 44 100
666 5 16 100
666 5 35 100
667 21 46 100
667 15 9 150
667 42 4 100
667 42 18 99
667 17 3 100
667 17 18 150
667 18 12 150
667 27 9 100
667 27 35 100
667 7 16 150
667 49 16 100
668 49 16 100
668 49 18 148
668 49 35 148
668 19 18 99
668 37 4 150
668 37 16 100
668 17 3 100
668 17 9 150
668 8 44 100
669 32 16 99
669 48 12 150
669 48 26 99
669 19 18 99
669 4 44 100
669 18 18 100
669 49 16 100
669 49 35 148
669 46 18 100
670 31 18 148
670 37 16 100
670 37 35 150
670 8 44 100
670 42 18 99
670 42 44 99
670 24 14 100
670 41 10 100
670 7 16 150
670 30 9 150
670 12 9 100
670 12 13 99
671 39 44 99
671 7 3 99
671 2 9 100
671 32 16 99
671 32 42 100
671 19 18 99
671 49 18 148
671 5 35 100
671 37 1 100
672 29 9 100
672 37 16 100
672 37 47 99
672 30 9 150
672 20 3 100
672 27 14 100
672 27 35 100
672 21 37 100
672 8 3 100
673 32 16 99
673 17 9 150
673 40 44 100
673 10 40 99
673 43 35 150
673 46 48 99
674 10 1 99
674 10 16 150
674 11 35 100
674 46 9 150
675 36 9 100
675 43 35 150
675 27 9 100
675 32 16 99
675 7 16 150
676 9 1 100
676 30 5 100
676 30 44 150
676 27 35 100
676 23 40 100
676 10 16 150
677 48 10 100
677 7 3 99
677 27 9 100
677 27 35 100
677 30 9 150
677 42 4 100
677 42 18 99
677 18 18 100
678 16 18 100
678 15 9 150
678 15 44 100
678 45 4 100
678 45 16 150
678 45 18 100
678 45 35 150
678 40 18 100
679 5 35 100
680 49 18 148
680 49 35 148
680 29 12 100
680 1 4 100
680 1 18 99
680 7 3 99
680 36 26 100
680 24 12 99
681 49 40 100
681 49 47 150
681 5 9 150
681 5 35 100
681 14 14 100
681 43 4 99
681 43 28 100
682 22 14 150
682 27 9 100
682 27 35 100
682 27 44 150
682 29 9 100
682 37 1 100
682 42 4 100
682 42 18 99
682 45 18 100
683 12 9 100
683 17 3 100
683 17 9 150
683 17 10 100
683 17 18 150
683 5 16 100
683 5 18 148
683 5 35 100
683 44 12 150
683 44 16 150
684 33 3 150
684 33 37 100
684 33 47 100
684 30 44 150
684 5 16 100
684 5 35 100
685 12 8 150
685 12 44 100
685 10 16 150
685 27 35 100
685 42 18 99
685 11 18 150
685 11 35 100
685 20 3 100
685 37 16 100
686 39 26 100
686 37 16 100
686 10 14 100
686 10 16 150
686 27 35 100
686 8 17 100
686 45 16 150
687 4 44 100
687 32 16 99
687 11 18 150
687 11 35 100
687 42 18 99
687 7 16 150
688 10 26 99
688 31 18 148
688 46 18 100
688 1 4 100
688 11 35 100
688 45 44 100
689 4 44 100
689 8 3 100
689 8 44 100
689 24 35 148
689 44 16 150
689 48 10 100
689 36 40 100
690 24 35 148
690 24 44 100
690 12 1 100
690 33 27 100
690 33 42 99
690 36 26 100
690 7 16 150
690 37 16 100
691 37 16 100
691 37 40 99
691 8 3 100
691 10 16 150
691 49 16 100
691 4 49 99
691 27 35 100
692 43 35 150
692 34 3 150
692 37 12 100
692 15 44 100
692 32 13 99
693 44 16 150
693 25 3 150
693 36 26 100
693 34 47 100
693 38 44 150
693 32 16 99
693 11 35 100
694 7 3 99
694 7 10 100
694 7 16 150
694 16 14 100
694 8 44 100
694 11 35 100
694 11 48 100
695 14 14 100
695 14 35 150
695 35 40 150
695 26 26 99
696 36 9 100
696 8 3 100
696 8 44 100
696 17 18 150
696 45 16 150
696 45 18 100
696 45 35 150
696 49 16 100
697 37 12 100
697 37 16 100
697 9 18 100
697 31 12 100
697 31 18 148
697 25 4 100
698 45 16 150
698 45 18 100
698 45 35 150
698 45 44 100
698 49 18 148
698 12 44 100
698 18 26 100
698 17 14 99
699 10 14 100
699 10 16 150
699 38 3 100
699 38 44 150
699 8 3 100
699 37 16 100
699 37 35 150
700 27 35 100
700 17 10 100
700 17 18 150
700 36 26 100
700 32 16 99
700 15 1 100
700 15 44 100
700 33 47 100
700 5 16 100
700 45 18 100
701 32 16 99
701 49 16 100
701 49 35 148
701 16 14 100
701 37 16 100
701 20 3 100
702 38 37 100
702 38 44 150
702 38 47 100
702 43 35 150
702 49 16 100
702 49 40 100
702 29 9 100
702 30 9 150
703 36 26 100
703 45 16 150
703 45 35 150
703 11 1 100
704 38 3 100
704 17 9 150
704 40 44 100
704 27 35 100
705 34 3 150
705 32 16 99
705 40 18 100
705 36 9 100
705 27 9 100
705 27 14 100
705 27 35 100
705 45 16 150
705 45 18 100
706 43 35 150
706 27 44 150
706 12 1 100
707 46 9 150
707 46 10 99
707 46 18 100
707 5 16 100
707 5 18 148
707 5 35 100
707 23 40 100
707 44 16 150
707 49 16 100
708 36 9 100
708 23 22 99
708 49 16 100
708 49 35 148
708 15 9 150
708 10 14 100
708 30 48 100
709 10 16 150
709 10 26 99
709 10 40 99
709 36 4 100
709 17 3 100
709 38 47 100
710 5 9 150
710 5 16 100
710 5 18 148
710 5 35 100
710 4 44 100
710 18 12 150
710 18 18 100
710 0 42 100
710 32 16 99
710 43 35 150
711 48 12 150
711 36 9 100
711 37 16 100
711 29 9 100
711 38 44 150
712 36 9 100
712 48 12 150
712 14 35 150
712 29 9 100
712 40 44 100
712 11 1 100
713 23 40 100
713 23 44 150
713 15 4 150
713 7 10 100
713 7 16 150
713 16 14 100
713 10 16 150
714 31 12 100
714 15 5 100
714 15 9 150
714 45 35 150
714 11 35 100
714 29 12 100
715 26 26 99
715 7 3 99
715 23 18 150
715 46 18 100
715 37 35 150
715 39 44 99
716 49 16 100
716 49 18 148
716 49 35 148
716 49 37 99
716 8 44 100
716 11 18 150
716 4 13 99
716 45 16 150
717 45 18 100
717 45 44 100
717 13 3 150
717 13 47 100
717 30 9 150
717 1 18 99
717 27 35 100
718 4 44 100
718 42 4 100
718 42 18 99
718 42 44 99
718 37 12 100
718 37 26 100
718 37 35 150
718 18 18 100
718 1 18 99
719 46 10 99
719 46 18 100
719 18 1 100
719 18 18 100
719 19 18 99
719 12 44 100
719 24 14 100
719 5 35 100
719 38 28 100
720 35 46 100
720 45 16 150
720 45 35 150
720 33 8 100
720 38 3 100
721 5 3 100
721 5 9 150
721 5 16 100
721 5 35 100
721 44 16 150
721 42 14 150
721 27 9 100
722 49 16 100
722 49 35 148
722 49 40 100
722 17 14 99
722 37 16 100
722 37 26 100
722 8 44 100
723 11 18 150
723 11 35 100
723 42 18 99
723 42 44 99
723 7 3 99
723 7 16 150
723 38 47 100
723 37 16 100
724 14 44 148
724 37 1 100
724 37 16 100
724 37 40 99
724 2 9 100
724 8 3 100
724 29 9 100
724 24 35 148
724 5 3 100
725 3 9 150
725 8 3 100
725 10 14 100
726 7 3 99
726 7 10 100
726 7 31 100
726 2 12 100
726 45 4 100
726 45 35 150
726 45 44 100
726 13 31 100
726 29 12 100
727 13 3 150
727 13 31 100
727 13 47 100
727 30 44 150
727 43 31 148
727 43 35 150
727 26 26 99
727 42 1 100
727 10 14 100
728 43 35 150
728 14 44 148
728 7 3 99
728 7 16 150
728 7 31 100
728 8 17 100
728 5 16 100
729 48 26 99
729 5 3 100
729 5 16 100
729 5 18 148
729 5 35 100
729 5 44 150
729 37 16 100
729 37 40 99
729 37 47 99
729 16 18 100
730 48 42 100
730 45 4 100
730 45 16 150
730 45 35 150
730 45 44 100
730 37 16 100
730 30 9 150
731 12 9 100
731 5 9 150
731 5 16 100
731 5 18 148
731 5 35 100
731 19 18 99
731 14 14 100
731 7 16 150
732 1 18 99
732 14 14 100
732 14 35 150
732 12 13 99
732 45 18 100
733 23 40 100
733 23 44 150
733 10 16 150
733 25 3 150
733 25 4 100
733 25 37 100
733 37 16 100
733 37 47 99
733 2 9 100
733 46 10 99
733 5 35 100
733 27 9 100
734 40 18 100
734 49 18 148
734 49 35 148
734 23 1 150
735 46 9 150
735 46 18 100
735 46 48 99
735 45 18 100
735 24 14 100
735 5 35 100
735 42 18 99
736 17 9 150
736 17 43 100
736 37 16 100
736 37 35 150
736 39 44 99
736 49 16 100
736 9 43 100
737 39 26 100
737 39 44 99
737 17 18 150
737 18 18 100
738 45 16 150
738 45 35 150
738 32 16 99
739 12 9 100
739 12 44 100
739 15 9 150
739 15 44 100
739 32 16 99
739 49 16 100
739 49 18 148
739 49 35 148
739 1 18 99
739 37 16 100
740 34 10 100
740 39 44 99
740 11 1 100
740 11 35 100
740 46 9 150
741 10 14 100
741 10 16 150
741 10 40 99
741 37 35 150
741 38 44 150
742 4 41 100
742 4 44 100
742 38 3 100
742 42 18 99
742 9 18 100
742 32 16 99
742 45 16 150
742 45 35 150
743 46 9 150
743 14 35 150
743 14 44 148
743 7 3 99
743 21 37 100
744 31 18 148
744 40 4 100
744 40 18 100
744 40 44 100
744 24 8 99
744 37 16 100
744 37 47 99
744 11 35 100
745 45 16 150
745 45 44 100
745 36 40 100
745 29 12 100
745 3 8 100
745 10 16 150
745 25 12 100
746 27 35 100
746 27 44 150
746 3 12 148
746 14 35 150
746 40 26 100
746 44 16 150
746 32 16 99
746 49 16 100
747 31 12 100
747 11 35 100
747 33 8 100
747 8 44 100
747 42 4 100
747 7 10 100
747 7 16 150
747 7 31 100
747 6 31 150
747 32 16 99
747 38 31 100
748 25 4 100
748 25 12 100
748 29 12 100
748 40 31 150
748 40 44 100
748 43 8 100
748 43 35 150
748 6 1 100
748 38 31 100
748 48 5 100
748 49 40 100
749 6 14 100
749 11 35 100
749 16 3 150
749 48 42 100
749 5 16 100
749 10 16 150
750 33 3 150
750 45 4 100
750 45 35 150
750 30 9 150
750 29 9 100
751 35 9 148
751 35 14 150
751 12 1 100
751 12 44 100
751 15 44 100
751 38 47 100
752 24 35 148
752 1 18 99
752 19 18 99
752 12 9 100
752 33 27 100
752 49 16 100
752 49 40 100
752 10 16 150
752 29 9 100
752 44 18 100
753 31 18 148
753 9 18 100
753 24 14 100
753 24 35 148
753 24 44 100
753 30 9 150
753 49 16 100
753 32 16 99
753 5 3 100
754 19 18 99
754 46 9 150
754 46 10 99
754 46 18 100
754 4 44 100
754 33 47 100
754 39 4 100
754 43 35 150
754 36 9 100
755 17 3 100
755 17 14 99
755 5 35 100
755 5 44 150
755 16 14 100
755 40 4 100
755 40 26 100
756 19 18 99
756 24 8 99
756 24 12 99
756 24 35 148
756 24 44 100
756 49 16 100
756 49 18 148
756 7 16 150
756 29 12 100
757 37 4 150
757 37 35 150
757 37 40 99
757 12 44 100
757 40 44 100
758 15 1 100
758 15 9 150
758 26 21 99
758 11 35 100
758 11 48 100
759 35 9 148
759 27 14 100
759 27 35 100
759 49 16 100
759 39 44 99
760 39 44 99
760 14 14 100
760 14 35 150
760 9 18 100
760 44 9 150
760 44 16 150
760 44 18 100
760 36 9 100
760 49 16 100
761 34 47 100
761 9 18 100
761 23 40 100
761 23 44 150
761 33 13 99
761 44 16 150
761 5 16 100
761 5 35 100
761 6 14 100
761 10 16 150
762 44 16 150
762 38 3 100
762 38 44 150
762 32 16 99
762 5 35 100
763 31 18 148
763 18 18 100
763 39 44 99
763 3 9 150
763 11 35 100
764 34 3 150
764 37 1 100
764 37 35 150
764 48 8 150
764 23 18 150
764 45 18 100
764 14 14 100
765 29 9 100
765 29 12 100
765 34 3 150
765 34 47 100
765 32 16 99
765 38 44 150
765 49 16 100
765 49 35 148
766 30 9 150
766 32 16 99
766 11 18 150
766 11 35 100
766 29 9 100
766 29 12 100
766 29 21 100
766 17 3 100
766 31 12 100
766 16 18 100
766 10 16 150
767 16 18 100
767 40 18 100
767 40 26 100
767 40 44 100
767 37 35 150
767 20 3 100
768 2 9 100
768 6 14 100
768 29 9 100
768 0 42 100
768 9 18 100
768 9 48 100
768 5 3 100
768 5 16 100
768 5 18 148
768 5 35 100
768 41 10 100
769 18 12 150
769 36 40 100
769 49 16 100
769 49 35 148
769 4 44 100
769 44 16 150
769 10 1 99
769 10 16 150
770 5 9 150
770 5 16 100
770 5 18 148
770 5 35 100
770 37 16 100
770 45 18 100
771 18 18 100
771 25 3 150
771 22 14 150
771 17 9 150
771 17 18 150
771 38 44 150
771 43 35 150
771 5 16 100
771 36 9 100
771 49 16 100
772 32 16 99
772 27 14 100
772 27 35 100
772 27 44 150
772 40 26 100
773 13 4 100
773 39 44 99
773 10 14 100
773 10 40 99
773 11 35 100
774 20 3 100
774 49 16 100
774 49 18 148
774 49 35 148
774 49 37 99
774 49 43 148
774 29 9 100
774 17 10 100
774 17 18 150
774 32 16 99
774 10 8 100
774 36 9 100
775 43 4 99
775 43 31 148
775 32 16 99
775 10 12 150
775 10 16 150
775 10 31 150
775 7 31 100
775 37 31 100
775 33 27 100
776 44 9 150
776 44 16 150
776 44 18 100
776 27 14 100
776 27 35 100
776 27 44 150
776 19 18 99
776 45 35 150
776 32 16 99
777 47 1 100
777 36 4 100
777 36 9 100
777 5 18 148
777 5 35 100
777 13 47 100
777 17 18 150
777 8 44 100
777 12 9 100
777 31 12 100
778 48 26 99
778 5 35 100
778 2 12 100
779 46 18 100
779 45 16 150
779 45 18 100
779 45 35 150
779 9 1 100
779 5 3 100
779 5 16 100
780 43 4 99
780 34 3 150
780 34 21 100
780 29 9 100
780 29 46 100
780 17 14 99
781 16 3 150
781 16 14 100
781 16 18 100
781 34 47 100
781 27 9 100
781 27 35 100
781 35 9 148
781 37 16 100
781 37 35 150
781 46 18 100
781 40 18 100
782 40 18 100
782 40 44 100
782 2 9 100
782 27 9 100
782 27 35 100
782 42 18 99
782 7 16 150
782 45 16 150
783 24 14 100
783 24 35 148
783 24 44 100
783 15 1 100
783 15 5 100
783 1 18 99
783 5 16 100
783 5 18 148
783 32 16 99
783 49 16 100
784 24 12 99
784 24 44 100
784 10 40 99
784 45 44 100
784 12 24 99
785 39 13 100
785 39 44 99
785 46 9 150
785 46 18 100
785 7 3 99
785 7 16 150
785 37 16 100
785 37 35 150
785 40 18 100
785 18 18 100
786 36 4 100
786 36 9 100
786 10 1 99
786 10 14 100
786 44 9 150
786 5 35 100
786 5 44 150
786 27 35 100
787 3 9 150
787 20 3 100
787 40 18 100
787 40 44 100
787 44 18 100
788 44 9 150
788 44 12 150
788 44 16 150
788 40 44 100
788 20 3 100
788 33 47 100
788 14 35 150
788 34 10 100
789 16 3 150
789 10 16 150
789 10 40 99
789 15 9 150
789 33 42 99
789 30 48 100
789 49 16 100
789 49 35 148
790 1 18 99
790 5 9 150
790 5 16 100
790 5 18 148
790 5 35 100
790 22 21 100
790 6 1 100
791 32 16 99
791 29 9 100
791 6 14 100
791 3 9 150
791 24 35 148
792 5 3 100
792 5 9 150
792 5 16 100
792 5 35 100
792 5 44 150
792 36 9 100
792 36 40 100
792 38 47 100
792 3 12 148
792 11 35 100
793 10 16 150
793 10 26 99
793 20 3 100
793 42 18 99
793 31 18 148
793 11 35 100
794 8 3 100
794 8 44 100
794 37 1 100
794 37 16 100
794 14 14 100
794 36 4 100
794 20 3 100
794 11 35 100
795 23 44 150
795 24 14 100
795 24 35 148
795 20 3 100
795 27 9 100
795 45 16 150
796 20 28 100
796 12 44 100
796 18 18 100
796 18 26 100
796 33 27 100
796 6 14 100
796 9 18 100
796 5 16 100
796 5 35 100
796 40 18 100
797 18 18 100
797 1 4 100
797 1 18 99
797 49 16 100
797 49 35 148
797 5 3 100
797 5 16 100
798 17 3 100
798 17 10 100
798 37 40 99
798 37 47 99
798 4 32 100
798 27 35 100
799 45 16 150
799 45 35 150
799 18 1 100
799 18 8 100
800 44 9 150
800 44 16 150
800 44 18 100
800 23 18 150
800 16 3 150
800 12 1 100
800 12 9 100
801 24 12 99
801 24 35 148
801 24 44 100
801 35 9 148
801 20 3 100
801 9 18 100
801 9 48 100
801 37 12 100
801 37 16 100
801 39 44 99
801 17 18 150
801 32 16 99
802 6 14 100
802 22 26 100
802 24 35 148
802 1 18 99
802 49 16 100
802 49 18 148
802 10 16 150
802 44 18 100
803 7 3 99
803 5 18 148
803 5 35 100
803 41 23 100
803 1 18 99
803 29 21 100
804 42 1 100
804 17 3 100
804 49 16 100
804 49 35 148
804 49 40 100
804 32 16 99
805 37 26 100
805 37 35 150
805 37 47 99
805 33 3 150
805 33 37 100
805 45 44 100
806 44 16 150
806 44 18 100
806 49 16 100
806 49 18 148
806 49 35 148
806 47 1 100
806 18 8 100
807 29 9 100
807 14 42 99
807 14 44 148
807 27 9 100
807 27 35 100
807 17 3 100
808 10 14 100
808 10 16 150
808 10 26 99
808 10 40 99
808 48 10 100
808 5 16 100
808 5 35 100
808 40 44 100
809 42 14 150
809 42 44 99
809 27 35 100
810 1 18 99
810 39 44 99
810 5 3 100
810 5 16 100
810 5 18 148
810 5 35 100
810 32 16 99
810 33 8 100
810 33 47 100
810 8 3 100
810 10 14 100
810 10 16 150
811 5 3 100
811 5 16 100
811 5 18 148
811 5 35 100
811 12 1 100
811 9 18 100
811 9 48 100
811 27 35 100
812 10 14 100
812 10 16 150
812 46 9 150
812 27 35 100
812 27 44 150
812 45 16 150
813 17 3 100
813 44 16 150
813 14 35 150
813 10 40 99
814 1 18 99
814 15 9 150
814 15 44 100
814 27 9 100
814 27 35 100
814 16 3 150
814 16 18 100
815 40 4 100
815 40 18 100
815 40 44 100
815 17 9 150
815 17 18 150
815 7 16 150
815 24 44 100
815 46 10 99
815 9 1 100
815 45 16 150
816 15 4 150
816 15 44 100
816 43 35 150
816 48 26 99
816 49 16 100
816 18 21 100
816 10 16 150
816 37 47 99
817 2 9 100
817 40 44 100
817 43 35 150
817 33 27 100
817 27 9 100
817 18 1 100
818 27 35 100
818 16 18 100
818 17 3 100
818 17 18 150
819 24 35 148
819 24 44 100
819 32 13 99
819 32 16 99
819 18 1 100
819 18 26 100
819 7 16 150
819 23 40 100
820 44 9 150
820 44 12 150
820 44 16 150
820 15 44 100
820 14 35 150
820 7 3 99
820 24 44 100
820 37 16 100
821 38 37 100
821 38 44 150
821 37 35 150
821 42 18 99
821 45 18 100
821 1 18 99
821 30 9 150
822 23 40 100
822 40 44 100
822 12 9 100
822 11 35 100
822 5 9 150
822 5 16 100
822 46 12 150
823 24 35 148
823 10 1 99
823 10 16 150
823 18 18 100
823 13 47 100
823 2 9 100
823 48 5 100
823 48 10 100
823 19 18 99
823 44 16 150
823 30 48 100
824 18 18 100
824 2 9 100
824 38 44 150
824 5 16 100
824 5 18 148
824 5 35 100
824 42 4 100
825 4 44 100
825 43 35 150
825 39 26 100
825 45 16 150
825 49 16 100
826 27 9 100
826 27 35 100
826 27 44 150
826 29 9 100
826 11 1 100
826 11 18 150
826 1 4 100
826 1 18 99
827 11 1 100
827 11 18 150
827 11 35 100
827 39 4 100
827 2 9 100
827 25 3 150
827 19 18 99
827 14 42 99
828 41 4 100
828 35 9 148
828 42 44 99
828 10 40 99
828 24 35 148
828 2 9 100
829 16 18 100
829 40 18 100
829 40 44 100
829 27 9 100
829 27 35 100
829 42 1 100
829 42 18 99
829 7 3 99
829 7 16 150
829 33 47 100
830 27 9 100
830 27 35 100
830 29 9 100
830 32 16 99
830 40 18 100
830 42 18 99
830 38 3 100
831 17 9 150
831 1 4 100
831 12 1 100
831 12 9 100
831 12 44 100
831 18 21 100
831 43 35 150
831 10 16 150
832 10 16 150
832 14 35 150
832 7 3 99
832 7 16 150
832 25 4 100
833 30 9 150
833 36 46 100
833 49 18 148
833 40 18 100
833 27 35 100
834 38 44 150
834 6 14 100
834 32 16 99
834 46 10 99
834 5 16 100
834 5 35 100
834 43 8 100
835 49 16 100
835 49 35 148
835 49 40 100
835 5 3 100
835 5 9 150
835 5 16 100
835 36 9 100
835 38 3 100
835 32 16 99
836 1 18 99
836 29 9 100
836 29 12 100
836 11 18 150
836 11 35 100
836 38 44 150
836 12 9 100
836 7 16 150
836 24 12 99
836 5 16 100
837 18 12 150
837 12 9 100
837 8 3 100
837 5 35 100
838 3 12 148
838 26 26 99
838 1 18 99
838 40 18 100
838 40 44 100
838 46 18 100
838 5 16 100
838 5 35 100
839 14 14 100
839 14 35 150
839 14 44 148
839 15 1 100
839 15 9 150
839 9 18 100
839 18 18 100
839 49 16 100
839 34 47 100
839 27 9 100
839 39 4 100
840 27 14 100
840 27 35 100
840 38 3 100
840 45 16 150
840 45 18 100
840 17 18 150
840 37 16 100
841 2 9 100
841 36 9 100
841 36 40 100
841 45 35 150
841 45 44 100
842 27 14 100
842 27 35 100
842 16 18 100
842 11 18 150
842 44 16 150
842 48 10 100
842 48 26 99
842 37 16 100
842 33 27 100
843 10 8 100
843 10 16 150
843 16 3 150
843 16 18 100
843 37 16 100
843 37 21 99
843 37 35 150
843 18 18 100
843 33 42 99
843 1 18 99
843 42 44 99
844 32 16 99
844 30 44 150
844 39 37 100
844 49 16 100
844 49 35 148
845 26 26 99
845 16 14 100
845 7 16 150
845 36 40 100
845 49 16 100
845 27 35 100
845 11 48 100
846 15 1 100
846 15 9 150
846 15 44 100
846 33 47 100
846 49 16 100
846 49 35 148
846 7 16 150
847 7 3 99
847 7 16 150
847 1 4 100
847 1 18 99
847 35 9 148
847 35 14 150
847 30 44 150
847 33 47 100
847 18 18 100
847 11 35 100
848 9 1 100
848 45 35 150
848 45 44 100
848 27 9 100
848 30 9 150
848 19 13 100
848 32 16 99
849 25 3 150
849 49 16 100
849 49 18 148
849 42 18 99
849 42 44 99
849 24 14 100
849 24 44 100
849 27 35 100
850 27 35 100
851 40 4 100
851 40 44 100
851 0 40 150
851 32 16 99
851 10 14 100
851 10 16 150
851 12 9 100
851 11 35 100
851 7 16 150
852 32 28 100
852 34 21 100
852 34 47 100
852 16 18 100
852 28 5 100
852 1 18 99
852 19 18 99
852 24 35 148
853 15 44 100
853 6 14 100
853 9 18 100
853 42 18 99
853 43 35 150
854 11 35 100
854 44 7 100
854 44 9 150
854 44 16 150
854 18 26 100
854 10 14 100
854 20 3 100
854 29 9 100
855 44 16 150
855 37 16 100
855 5 35 100
855 6 14 100
855 1 8 150
856 18 1 100
856 49 35 148
856 49 40 100
856 8 44 100
856 4 44 100
856 30 9 150
856 37 47 99
857 30 9 150
857 27 9 100
857 27 14 100
857 27 35 100
857 13 3 150
857 18 18 100
857 45 18 100
858 8 44 100
858 46 18 100
858 14 35 150
858 24 8 99
858 49 16 100
858 45 16 150
859 5 18 148
859 5 35 100
859 6 14 100
859 37 47 99
859 45 10 100
859 45 18 100
860 43 4 99
860 43 35 150
860 15 1 100
860 13 17 100
860 22 26 100
860 9 18 100
860 17 18 150
861 32 16 99
861 16 18 100
861 3 9 150
861 3 12 148
861 42 18 99
861 8 3 100
861 45 16 150
862 11 35 100
862 16 32 100
862 46 9 150
862 41 4 100
862 12 44 100
863 27 35 100
863 27 44 150
863 7 16 150
863 49 16 100
863 49 35 148
863 49 40 100
864 20 3 100
864 42 14 150
864 42 18 99
864 42 44 99
864 31 18 148
864 3 9 150
864 49 16 100
864 5 16 100
864 5 35 100
864 36 9 100
865 16 3 150
865 21 37 100
865 44 9 150
