53 43 3 100
53 43 15 148
53 43 16 100
53 43 21 150
53 43 23 100
53 43 28 150
53 43 34 100
53 43 36 148
53 43 38 99
53 43 40 148
53 43 43 100
53 43 49 150
105 43 3 100
105 43 15 148
105 43 16 100
105 43 21 150
105 43 23 100
105 43 28 150
105 43 34 100
105 43 36 148
105 43 38 99
105 43 40 148
105 43 43 100
105 43 49 150
193 43 3 100
193 43 15 148
193 43 16 100
193 43 21 150
193 43 23 100
193 43 28 150
193 43 34 100
193 43 36 148
193 43 38 99
193 43 40 148
193 43 43 100
193 43 49 150
207 42 0 100
207 42 6 150
207 42 20 99
207 42 29 148
207 42 37 100
207 42 42 150
212 42 0 100
212 42 6 150
212 42 20 99
212 42 29 148
212 42 37 100
212 42 42 150
216 42 0 100
216 42 6 150
216 42 20 99
216 42 29 148
216 42 37 100
216 42 42 150
217 36 0 99
217 36 7 150
217 36 10 100
217 36 24 150
217 36 36 100
217 36 37 150
217 36 40 100
217 36 42 148
217 36 46 100
217 36 48 150
218 42 0 100
218 42 6 150
218 42 20 99
218 42 29 148
218 42 37 100
218 42 42 150
228 42 0 100
228 42 6 150
228 42 20 99
228 42 29 148
228 42 37 100
228 42 42 150
229 42 0 100
229 42 6 150
229 42 20 99
229 42 29 148
229 42 37 100
229 42 42 150
230 42 0 100
230 42 6 150
230 42 20 99
230 42 29 148
230 42 37 100
230 42 42 150
236 42 0 100
236 42 6 150
236 42 20 99
236 42 29 148
236 42 37 100
236 42 42 150
237 43 3 100
237 43 15 148
237 43 16 100
237 43 21 150
237 43 23 100
237 43 28 150
237 43 34 100
237 43 36 148
237 43 38 99
237 43 40 148
237 43 43 100
237 43 49 150
238 42 0 100
238 42 6 150
238 42 20 99
238 42 29 148
238 42 37 100
238 42 42 150
240 42 0 100
240 42 6 150
240 42 20 99
240 42 29 148
240 42 37 100
240 42 42 150
243 42 0 100
243 42 6 150
243 42 20 99
243 42 29 148
243 42 37 100
243 42 42 150
246 42 0 100
246 42 6 150
246 42 20 99
246 42 29 148
246 42 37 100
246 42 42 150
250 42 0 100
250 42 6 150
250 42 20 99
250 42 29 148
250 42 37 100
250 42 42 150
253 42 0 100
253 42 6 150
253 42 20 99
253 42 29 148
253 42 37 100
253 42 42 150
253 43 3 100
253 43 15 148
253 43 16 100
253 43 21 150
253 43 23 100
253 43 28 150
253 43 34 100
253 43 36 148
253 43 38 99
253 43 40 148
253 43 43 100
253 43 49 150
257 42 0 100
257 42 6 150
257 42 20 99
257 42 29 148
257 42 37 100
257 42 42 150
258 42 0 100
258 42 6 150
258 42 20 99
258 42 29 148
258 42 37 100
258 42 42 150
259 42 0 100
259 42 6 150
259 42 20 99
259 42 29 148
259 42 37 100
259 42 42 150
261 42 0 100
261 42 6 150
261 42 20 99
261 42 29 148
261 42 37 100
261 42 42 150
263 42 0 100
263 42 6 150
263 42 20 99
263 42 29 148
263 42 37 100
263 42 42 150
266 42 0 100
266 42 6 150
266 42 20 99
266 42 29 148
266 42 37 100
266 42 42 150
273 42 0 100
273 42 6 150
273 42 20 99
273 42 29 148
273 42 37 100
273 42 42 150
275 42 0 100
275 42 6 150
275 42 20 99
275 42 29 148
275 42 37 100
275 42 42 150
281 42 0 100
281 42 6 150
281 42 20 99
281 42 29 148
281 42 37 100
281 42 42 150
282 42 0 100
282 42 6 150
282 42 20 99
282 42 29 148
282 42 37 100
282 42 42 150
287 42 0 100
287 42 6 150
287 42 20 99
287 42 29 148
287 42 37 100
287 42 42 150
290 42 0 100
290 42 6 150
290 42 20 99
290 42 29 148
290 42 37 100
290 42 42 150
293 42 0 100
293 42 6 150
293 42 20 99
293 42 29 148
293 42 37 100
293 42 42 150
294 36 0 99
294 36 7 150
294 36 10 100
294 36 24 150
294 36 36 100
294 36 37 150
294 36 40 100
294 36 42 148
294 36 46 100
294 36 48 150
294 42 0 100
294 42 6 150
294 42 20 99
294 42 29 148
294 42 37 100
294 42 42 150
295 43 3 100
295 43 15 148
295 43 16 100
295 43 21 150
295 43 23 100
295 43 28 150
295 43 34 100
295 43 36 148
295 43 38 99
295 43 40 148
295 43 43 100
295 43 49 150
304 42 0 100
304 42 6 150
304 42 20 99
304 42 29 148
304 42 37 100
304 42 42 150
305 42 0 100
305 42 6 150
305 42 20 99
305 42 29 148
305 42 37 100
305 42 42 150
307 42 0 100
307 42 6 150
307 42 20 99
307 42 29 148
307 42 37 100
307 42 42 150
318 42 0 100
318 42 6 150
318 42 20 99
318 42 29 148
318 42 37 100
318 42 42 150
320 43 3 100
320 43 15 148
320 43 16 100
320 43 21 150
320 43 23 100
320 43 28 150
320 43 34 100
320 43 36 148
320 43 38 99
320 43 40 148
320 43 43 100
320 43 49 150
322 42 0 100
322 42 6 150
322 42 20 99
322 42 29 148
322 42 37 100
322 42 42 150
324 42 0 100
324 42 6 150
324 42 20 99
324 42 29 148
324 42 37 100
324 42 42 150
332 42 0 100
332 42 6 150
332 42 20 99
332 42 29 148
332 42 37 100
332 42 42 150
333 42 0 100
333 42 6 150
333 42 20 99
333 42 29 148
333 42 37 100
333 42 42 150
334 42 0 100
334 42 6 150
334 42 20 99
334 42 29 148
334 42 37 100
334 42 42 150
339 42 0 100
339 42 6 150
339 42 20 99
339 42 29 148
339 42 37 100
339 42 42 150
341 42 0 100
341 42 6 150
341 42 20 99
341 42 29 148
341 42 37 100
341 42 42 150
349 42 0 100
349 42 6 150
349 42 20 99
349 42 29 148
349 42 37 100
349 42 42 150
350 36 0 99
350 36 7 150
350 36 10 100
350 36 24 150
350 36 36 100
350 36 37 150
350 36 40 100
350 36 42 148
350 36 46 100
350 36 48 150
354 42 0 100
354 42 6 150
354 42 20 99
354 42 29 148
354 42 37 100
354 42 42 150
360 43 3 100
360 43 15 148
360 43 16 100
360 43 21 150
360 43 23 100
360 43 28 150
360 43 34 100
360 43 36 148
360 43 38 99
360 43 40 148
360 43 43 100
360 43 49 150
363 42 0 100
363 42 6 150
363 42 20 99
363 42 29 148
363 42 37 100
363 42 42 150
366 42 0 100
366 42 6 150
366 42 20 99
366 42 29 148
366 42 37 100
366 42 42 150
367 42 0 100
367 42 6 150
367 42 20 99
367 42 29 148
367 42 37 100
367 42 42 150
368 42 0 100
368 42 6 150
368 42 20 99
368 42 29 148
368 42 37 100
368 42 42 150
369 42 0 100
369 42 6 150
369 42 20 99
369 42 29 148
369 42 37 100
369 42 42 150
376 42 0 100
376 42 6 150
376 42 20 99
376 42 29 148
376 42 37 100
376 42 42 150
381 42 0 100
381 42 6 150
381 42 20 99
381 42 29 148
381 42 37 100
381 42 42 150
384 42 0 100
384 42 6 150
384 42 20 99
384 42 29 148
384 42 37 100
384 42 42 150
386 42 0 100
386 42 6 150
386 42 20 99
386 42 29 148
386 42 37 100
386 42 42 150
387 42 0 100
387 42 6 150
387 42 20 99
387 42 29 148
387 42 37 100
387 42 42 150
393 42 0 100
393 42 6 150
393 42 20 99
393 42 29 148
393 42 37 100
393 42 42 150
398 42 0 100
398 42 6 150
398 42 20 99
398 42 29 148
398 42 37 100
398 42 42 150
402 42 0 100
402 42 6 150
402 42 20 99
402 42 29 148
402 42 37 100
402 42 42 150
403 43 3 100
403 43 15 148
403 43 16 100
403 43 21 150
403 43 23 100
403 43 28 150
403 43 34 100
403 43 36 148
403 43 38 99
403 43 40 148
403 43 43 100
403 43 49 150
406 42 0 100
406 42 6 150
406 42 20 99
406 42 29 148
406 42 37 100
406 42 42 150
413 42 0 100
413 42 6 150
413 42 20 99
413 42 29 148
413 42 37 100
413 42 42 150
417 42 0 100
417 42 6 150
417 42 20 99
417 42 29 148
417 42 37 100
417 42 42 150
419 42 0 100
419 42 6 150
419 42 20 99
419 42 29 148
419 42 37 100
419 42 42 150
428 42 0 100
428 42 6 150
428 42 20 99
428 42 29 148
428 42 37 100
428 42 42 150
432 36 0 99
432 36 7 150
432 36 10 100
432 36 24 150
432 36 36 100
432 36 37 150
432 36 40 100
432 36 42 148
432 36 46 100
432 36 48 150
436 42 0 100
436 42 6 150
436 42 20 99
436 42 29 148
436 42 37 100
436 42 42 150
438 42 0 100
438 42 6 150
438 42 20 99
438 42 29 148
438 42 37 100
438 42 42 150
439 43 3 100
439 43 15 148
439 43 16 100
439 43 21 150
439 43 23 100
439 43 28 150
439 43 34 100
439 43 36 148
439 43 38 99
439 43 40 148
439 43 43 100
439 43 49 150
439 42 0 100
439 42 6 150
439 42 20 99
439 42 29 148
439 42 37 100
439 42 42 150
444 42 0 100
444 42 6 150
444 42 20 99
444 42 29 148
444 42 37 100
444 42 42 150
446 42 0 100
446 42 6 150
446 42 20 99
446 42 29 148
446 42 37 100
446 42 42 150
447 42 0 100
447 42 6 150
447 42 20 99
447 42 29 148
447 42 37 100
447 42 42 150
448 42 0 100
448 42 6 150
448 42 20 99
448 42 29 148
448 42 37 100
448 42 42 150
450 42 0 100
450 42 6 150
450 42 20 99
450 42 29 148
450 42 37 100
450 42 42 150
455 42 0 100
455 42 6 150
455 42 20 99
455 42 29 148
455 42 37 100
455 42 42 150
456 42 0 100
456 42 6 150
456 42 20 99
456 42 29 148
456 42 37 100
456 42 42 150
460 42 0 100
460 42 6 150
460 42 20 99
460 42 29 148
460 42 37 100
460 42 42 150
467 42 0 100
467 42 6 150
467 42 20 99
467 42 29 148
467 42 37 100
467 42 42 150
468 42 0 100
468 42 6 150
468 42 20 99
468 42 29 148
468 42 37 100
468 42 42 150
470 42 0 100
470 42 6 150
470 42 20 99
470 42 29 148
470 42 37 100
470 42 42 150
473 42 0 100
473 42 6 150
473 42 20 99
473 42 29 148
473 42 37 100
473 42 42 150
476 42 0 100
476 42 6 150
476 42 20 99
476 42 29 148
476 42 37 100
476 42 42 150
480 42 0 100
480 42 6 150
480 42 20 99
480 42 29 148
480 42 37 100
480 42 42 150
482 42 0 100
482 42 6 150
482 42 20 99
482 42 29 148
482 42 37 100
482 42 42 150
483 42 0 100
483 42 6 150
483 42 20 99
483 42 29 148
483 42 37 100
483 42 42 150
487 43 3 100
487 43 15 148
487 43 16 100
487 43 21 150
487 43 23 100
487 43 28 150
487 43 34 100
487 43 36 148
487 43 38 99
487 43 40 148
487 43 43 100
487 43 49 150
488 42 0 100
488 42 6 150
488 42 20 99
488 42 29 148
488 42 37 100
488 42 42 150
491 42 0 100
491 42 6 150
491 42 20 99
491 42 29 148
491 42 37 100
491 42 42 150
492 42 0 100
492 42 6 150
492 42 20 99
492 42 29 148
492 42 37 100
492 42 42 150
493 42 0 100
493 42 6 150
493 42 20 99
493 42 29 148
493 42 37 100
493 42 42 150
494 42 0 100
494 42 6 150
494 42 20 99
494 42 29 148
494 42 37 100
494 42 42 150
495 42 0 100
495 42 6 150
495 42 20 99
495 42 29 148
495 42 37 100
495 42 42 150
507 42 0 100
507 42 6 150
507 42 20 99
507 42 29 148
507 42 37 100
507 42 42 150
509 42 0 100
509 42 6 150
509 42 20 99
509 42 29 148
509 42 37 100
509 42 42 150
510 42 0 100
510 42 6 150
510 42 20 99
510 42 29 148
510 42 37 100
510 42 42 150
516 42 0 100
516 42 6 150
516 42 20 99
516 42 29 148
516 42 37 100
516 42 42 150
520 42 0 100
520 42 6 150
520 42 20 99
520 42 29 148
520 42 37 100
520 42 42 150
522 42 0 100
522 42 6 150
522 42 20 99
522 42 29 148
522 42 37 100
522 42 42 150
524 42 0 100
524 42 6 150
524 42 20 99
524 42 29 148
524 42 37 100
524 42 42 150
529 43 3 100
529 43 15 148
529 43 16 100
529 43 21 150
529 43 23 100
529 43 28 150
529 43 34 100
529 43 36 148
529 43 38 99
529 43 40 148
529 43 43 100
529 43 49 150
531 42 0 100
531 42 6 150
531 42 20 99
531 42 29 148
531 42 37 100
531 42 42 150
535 36 0 99
535 36 7 150
535 36 10 100
535 36 24 150
535 36 36 100
535 36 37 150
535 36 40 100
535 36 42 148
535 36 46 100
535 36 48 150
539 42 0 100
539 42 6 150
539 42 20 99
539 42 29 148
539 42 37 100
539 42 42 150
540 42 0 100
540 42 6 150
540 42 20 99
540 42 29 148
540 42 37 100
540 42 42 150
546 42 0 100
546 42 6 150
546 42 20 99
546 42 29 148
546 42 37 100
546 42 42 150
554 42 0 100
554 42 6 150
554 42 20 99
554 42 29 148
554 42 37 100
554 42 42 150
561 42 0 100
561 42 6 150
561 42 20 99
561 42 29 148
561 42 37 100
561 42 42 150
565 42 0 100
565 42 6 150
565 42 20 99
565 42 29 148
565 42 37 100
565 42 42 150
566 42 0 100
566 42 6 150
566 42 20 99
566 42 29 148
566 42 37 100
566 42 42 150
568 42 0 100
568 42 6 150
568 42 20 99
568 42 29 148
568 42 37 100
568 42 42 150
570 43 3 100
570 43 15 148
570 43 16 100
570 43 21 150
570 43 23 100
570 43 28 150
570 43 34 100
570 43 36 148
570 43 38 99
570 43 40 148
570 43 43 100
570 43 49 150
574 42 0 100
574 42 6 150
574 42 20 99
574 42 29 148
574 42 37 100
574 42 42 150
576 42 0 100
576 42 6 150
576 42 20 99
576 42 29 148
576 42 37 100
576 42 42 150
580 42 0 100
580 42 6 150
580 42 20 99
580 42 29 148
580 42 37 100
580 42 42 150
586 42 0 100
586 42 6 150
586 42 20 99
586 42 29 148
586 42 37 100
586 42 42 150
588 42 0 100
588 42 6 150
588 42 20 99
588 42 29 148
588 42 37 100
588 42 42 150
590 42 0 100
590 42 6 150
590 42 20 99
590 42 29 148
590 42 37 100
590 42 42 150
591 42 0 100
591 42 6 150
591 42 20 99
591 42 29 148
591 42 37 100
591 42 42 150
592 42 0 100
592 42 6 150
592 42 20 99
592 42 29 148
592 42 37 100
592 42 42 150
594 42 0 100
594 42 6 150
594 42 20 99
594 42 29 148
594 42 37 100
594 42 42 150
596 36 0 99
596 36 7 150
596 36 10 100
596 36 24 150
596 36 36 100
596 36 37 150
596 36 40 100
596 36 42 148
596 36 46 100
596 36 48 150
598 43 3 100
598 43 15 148
598 43 16 100
598 43 21 150
598 43 23 100
598 43 28 150
598 43 34 100
598 43 36 148
598 43 38 99
598 43 40 148
598 43 43 100
598 43 49 150
600 42 0 100
600 42 6 150
600 42 20 99
600 42 29 148
600 42 37 100
600 42 42 150
603 42 0 100
603 42 6 150
603 42 20 99
603 42 29 148
603 42 37 100
603 42 42 150
604 42 0 100
604 42 6 150
604 42 20 99
604 42 29 148
604 42 37 100
604 42 42 150
605 42 0 100
605 42 6 150
605 42 20 99
605 42 29 148
605 42 37 100
605 42 42 150
610 42 0 100
610 42 6 150
610 42 20 99
610 42 29 148
610 42 37 100
610 42 42 150
611 42 0 100
611 42 6 150
611 42 20 99
611 42 29 148
611 42 37 100
611 42 42 150
612 42 0 100
612 42 6 150
612 42 20 99
612 42 29 148
612 42 37 100
612 42 42 150
613 42 0 100
613 42 6 150
613 42 20 99
613 42 29 148
613 42 37 100
613 42 42 150
613 36 0 99
613 36 7 150
613 36 10 100
613 36 24 150
613 36 36 100
613 36 37 150
613 36 40 100
613 36 42 148
613 36 46 100
613 36 48 150
618 42 0 100
618 42 6 150
618 42 20 99
618 42 29 148
618 42 37 100
618 42 42 150
623 42 0 100
623 42 6 150
623 42 20 99
623 42 29 148
623 42 37 100
623 42 42 150
629 42 0 100
629 42 6 150
629 42 20 99
629 42 29 148
629 42 37 100
629 42 42 150
636 36 0 99
636 36 7 150
636 36 10 100
636 36 24 150
636 36 36 100
636 36 37 150
636 36 40 100
636 36 42 148
636 36 46 100
636 36 48 150
638 42 0 100
638 42 6 150
638 42 20 99
638 42 29 148
638 42 37 100
638 42 42 150
642 42 0 100
642 42 6 150
642 42 20 99
642 42 29 148
642 42 37 100
642 42 42 150
643 42 0 100
643 42 6 150
643 42 20 99
643 42 29 148
643 42 37 100
643 42 42 150
643 43 3 100
643 43 15 148
643 43 16 100
643 43 21 150
643 43 23 100
643 43 28 150
643 43 34 100
643 43 36 148
643 43 38 99
643 43 40 148
643 43 43 100
643 43 49 150
644 42 0 100
644 42 6 150
644 42 20 99
644 42 29 148
644 42 37 100
644 42 42 150
647 42 0 100
647 42 6 150
647 42 20 99
647 42 29 148
647 42 37 100
647 42 42 150
648 42 0 100
648 42 6 150
648 42 20 99
648 42 29 148
648 42 37 100
648 42 42 150
650 42 0 100
650 42 6 150
650 42 20 99
650 42 29 148
650 42 37 100
650 42 42 150
652 42 0 100
652 42 6 150
652 42 20 99
652 42 29 148
652 42 37 100
652 42 42 150
656 42 0 100
656 42 6 150
656 42 20 99
656 42 29 148
656 42 37 100
656 42 42 150
657 36 0 99
657 36 7 150
657 36 10 100
657 36 24 150
657 36 36 100
657 36 37 150
657 36 40 100
657 36 42 148
657 36 46 100
657 36 48 150
660 42 0 100
660 42 6 150
660 42 20 99
660 42 29 148
660 42 37 100
660 42 42 150
661 42 0 100
661 42 6 150
661 42 20 99
661 42 29 148
661 42 37 100
661 42 42 150
668 42 0 100
668 42 6 150
668 42 20 99
668 42 29 148
668 42 37 100
668 42 42 150
673 42 0 100
673 42 6 150
673 42 20 99
673 42 29 148
673 42 37 100
673 42 42 150
674 42 0 100
674 42 6 150
674 42 20 99
674 42 29 148
674 42 37 100
674 42 42 150
682 42 0 100
682 42 6 150
682 42 20 99
682 42 29 148
682 42 37 100
682 42 42 150
683 36 0 99
683 36 7 150
683 36 10 100
683 36 24 150
683 36 36 100
683 36 37 150
683 36 40 100
683 36 42 148
683 36 46 100
683 36 48 150
683 42 0 100
683 42 6 150
683 42 20 99
683 42 29 148
683 42 37 100
683 42 42 150
686 42 0 100
686 42 6 150
686 42 20 99
686 42 29 148
686 42 37 100
686 42 42 150
688 42 0 100
688 42 6 150
688 42 20 99
688 42 29 148
688 42 37 100
688 42 42 150
690 42 0 100
690 42 6 150
690 42 20 99
690 42 29 148
690 42 37 100
690 42 42 150
690 43 3 100
690 43 15 148
690 43 16 100
690 43 21 150
690 43 23 100
690 43 28 150
690 43 34 100
690 43 36 148
690 43 38 99
690 43 40 148
690 43 43 100
690 43 49 150
691 42 0 100
691 42 6 150
691 42 20 99
691 42 29 148
691 42 37 100
691 42 42 150
692 27 2 100
692 27 7 148
692 27 9 99
692 27 34 99
692 27 36 150
692 27 37 100
692 27 38 150
692 27 39 96
692 42 6 150
692 42 20 99
692 42 29 148
692 42 37 100
692 42 42 150
692 7 1 100
692 7 15 100
692 7 23 100
692 7 28 148
692 7 29 100
692 7 34 100
692 7 49 100
692 4 3 100
692 4 6 100
692 4 7 148
692 4 15 99
692 4 22 148
692 4 23 100
692 4 30 150
692 4 34 148
692 4 38 100
692 4 42 150
692 10 1 99
692 10 9 150
692 10 10 100
692 10 20 100
692 10 21 150
692 10 22 100
692 10 23 148
692 10 24 72
692 10 42 100
692 10 49 148
692 40 1 100
692 40 3 150
692 40 6 100
692 40 20 100
692 40 24 2
692 40 30 150
692 40 38 150
692 40 44 150
692 40 47 26
692 2 7 148
692 2 15 100
692 2 22 150
692 2 30 100
692 2 34 150
692 2 38 99
692 2 41 144
692 23 0 100
692 23 1 150
692 23 10 150
692 23 22 148
692 23 28 100
692 23 34 150
692 23 40 99
692 23 42 100
692 23 46 100
692 49 22 150
692 49 27 100
692 49 29 150
692 49 37 100
692 49 49 100
692 37 0 100
692 37 3 150
692 37 9 99
692 37 15 148
692 37 16 100
692 37 22 99
692 37 34 150
692 37 36 100
692 37 40 150
692 37 44 100
692 11 7 148
692 11 30 148
692 11 37 100
692 11 40 148
692 26 6 150
692 26 16 100
692 26 20 100
692 26 28 100
692 26 30 100
692 26 44 100
692 26 49 148
692 25 0 100
692 25 1 148
692 25 7 150
692 25 10 148
692 25 12 100
692 25 37 150
692 25 38 100
692 25 40 150
692 25 49 100
692 31 9 150
692 31 12 100
692 31 40 150
692 31 43 2
692 44 7 150
692 44 16 148
692 44 27 148
692 44 29 100
692 44 38 150
692 22 0 99
692 22 3 150
692 22 7 100
692 22 15 150
692 22 38 150
692 22 49 148
693 19 0 100
693 19 6 150
693 19 7 100
693 19 12 24
693 27 2 100
693 27 7 148
693 27 9 72
693 27 36 150
693 27 37 100
693 27 38 150
693 49 22 150
693 49 27 100
693 49 29 150
693 49 37 100
693 49 49 100
693 42 0 100
693 42 6 150
693 42 20 99
693 42 29 148
693 42 37 100
693 42 42 150
693 36 0 99
693 36 7 150
693 36 10 100
693 36 24 1
693 36 37 150
693 36 40 100
693 36 42 148
693 36 46 100
693 36 48 150
693 10 1 99
693 10 10 100
693 10 20 100
693 10 21 150
693 10 22 100
693 10 23 148
693 10 42 100
693 10 49 148
693 1 1 99
693 1 16 100
693 1 27 100
693 1 36 99
693 20 3 100
693 20 6 150
693 20 7 100
693 20 12 2
693 20 40 99
693 20 46 150
693 20 49 68
693 26 16 100
693 26 20 100
693 26 28 100
693 26 36 100
693 26 44 100
693 35 2 100
693 35 6 148
693 35 21 100
693 35 46 100
693 35 48 148
693 34 3 100
693 34 7 148
693 34 10 150
693 34 15 150
693 34 21 150
693 34 22 99
693 34 37 99
693 34 40 150
693 34 44 100
693 14 1 100
693 14 6 100
693 14 7 150
693 14 34 99
693 14 44 100
693 14 48 99
693 31 40 150
693 31 49 2
693 16 10 150
693 16 29 100
693 16 42 150
693 40 1 100
693 40 3 150
693 40 6 100
693 40 20 100
693 40 28 100
693 40 38 150
693 40 44 150
694 49 22 150
694 49 27 2
694 49 37 100
694 49 49 6
694 29 1 150
694 29 3 100
694 29 15 100
694 29 21 150
694 29 23 12
694 29 37 100
694 0 3 99
694 0 10 150
694 0 16 100
694 0 28 99
694 0 36 100
694 0 37 150
694 0 38 100
694 0 40 148
694 0 46 100
694 40 1 76
694 40 6 100
694 40 20 100
694 40 28 100
694 40 38 150
694 40 44 150
694 45 15 150
694 45 16 99
694 45 21 150
694 45 38 100
694 5 2 100
694 5 28 148
694 5 36 150
694 5 37 100
694 5 38 150
694 22 0 99
694 22 3 150
694 22 7 100
694 22 15 150
694 22 38 150
694 24 3 100
694 24 6 100
694 24 10 148
694 24 16 100
694 24 34 150
694 24 37 150
694 24 46 150
694 18 7 100
694 18 34 99
694 46 0 100
694 46 6 150
694 46 7 100
694 46 10 150
694 46 21 100
694 46 38 99
694 46 44 150
694 14 6 100
694 14 7 150
694 14 34 99
694 14 44 100
694 14 48 99
694 2 3 100
694 2 7 148
694 2 15 100
694 2 22 150
694 2 34 150
694 2 38 99
694 2 44 99
694 13 7 150
694 13 15 148
694 13 28 100
694 13 36 150
694 13 44 150
694 13 46 100
694 13 48 150
694 3 36 148
694 3 37 100
694 3 44 20
694 44 16 148
694 44 29 100
694 44 38 150
694 6 0 99
694 6 2 150
694 6 10 34
695 14 6 100
695 14 7 150
695 14 34 99
695 14 48 99
695 29 0 99
695 29 3 100
695 29 15 100
695 29 21 150
695 29 36 150
695 29 37 100
695 29 43 16
695 4 6 100
695 4 7 148
695 4 15 99
695 4 22 120
695 4 38 100
695 4 42 150
695 30 2 10
695 30 15 148
695 30 21 150
695 30 28 100
695 30 37 100
695 30 38 150
695 30 40 100
695 30 46 100
695 30 48 3
695 10 20 100
695 10 21 150
695 10 24 24
695 10 49 4
695 33 16 1
695 37 0 100
695 37 3 150
695 37 15 148
695 37 34 150
695 37 36 100
695 37 40 150
695 13 7 150
695 13 15 148
695 13 28 100
695 13 36 150
695 13 46 100
695 13 48 2
695 36 7 150
695 36 24 1
695 36 37 150
695 36 40 100
695 36 42 148
695 36 46 100
695 0 3 99
695 0 28 99
695 0 36 100
695 0 37 150
695 0 38 100
695 0 40 148
695 0 43 2
695 27 7 148
695 27 34 99
695 27 36 150
695 27 37 100
695 27 38 150
695 12 20 100
695 12 37 99
695 23 0 100
695 23 28 100
695 23 34 150
695 23 40 99
695 23 42 100
695 23 46 100
695 42 0 100
695 42 6 34
695 42 29 148
695 42 37 100
695 42 42 150
695 25 0 100
695 25 7 150
695 25 37 150
695 25 38 100
695 25 40 150
696 18 7 100
696 18 34 99
696 43 3 100
696 43 15 148
696 43 21 150
696 43 23 12
696 43 34 100
696 43 36 148
696 43 38 99
696 43 40 148
696 43 49 8
696 14 34 99
696 40 3 150
696 40 20 100
696 40 28 100
696 40 38 150
696 22 0 99
696 22 3 138
696 22 15 150
696 22 38 150
696 5 28 148
696 5 36 150
696 5 37 100
696 5 38 150
696 31 40 150
696 30 15 148
696 30 21 150
696 30 28 100
696 30 37 100
696 30 38 150
696 30 40 100
696 30 46 100
696 13 7 150
696 13 15 148
696 13 28 100
696 13 36 150
696 13 46 100
696 37 0 100
696 37 15 148
696 37 34 150
696 37 36 100
696 37 40 150
696 42 0 100
696 42 20 99
696 42 29 148
696 42 37 100
696 42 42 150
696 6 0 99
696 6 29 100
696 26 20 100
696 26 28 100
696 26 36 100
696 39 0 99
696 39 7 150
696 39 28 150
696 39 29 100
696 39 34 148
696 39 38 150
696 17 0 100
696 17 7 150
696 17 37 148
696 17 40 100
696 17 42 150
697 5 28 148
697 5 36 150
697 5 37 100
697 5 38 150
697 11 7 148
697 11 37 100
697 11 40 148
697 37 0 100
697 37 15 148
697 37 16 28
697 37 36 100
697 37 40 150
697 13 7 150
697 13 15 148
697 13 28 100
697 13 36 150
697 13 46 100
697 24 10 28
697 24 37 150
697 24 46 150
697 34 7 148
697 34 10 2
697 34 21 150
697 34 37 99
697 34 40 150
697 40 20 100
697 40 28 100
697 40 38 150
697 9 7 150
697 9 20 100
697 9 29 150
697 9 38 99
697 9 40 150
697 39 0 99
697 39 7 150
697 39 28 150
697 39 29 100
697 39 34 148
697 39 38 150
697 19 0 100
697 19 7 100
697 19 21 99
697 35 21 100
697 35 46 100
697 14 7 150
697 14 34 99
697 33 29 150
697 45 15 150
697 45 21 150
697 45 38 100
697 28 15 150
697 28 20 100
697 28 28 100
697 28 37 99
697 28 40 100
698 9 2 39
698 9 20 100
698 9 23 12
698 9 38 99
698 9 40 150
698 9 49 6
698 36 7 12
698 36 37 150
698 36 40 100
698 36 42 148
698 36 46 100
698 36 48 50
698 42 20 99
698 42 29 148
698 42 37 100
698 42 42 150
698 6 0 99
698 6 2 1
698 39 0 99
698 39 28 150
698 39 29 100
698 39 34 148
698 39 38 150
698 16 29 100
698 16 42 150
698 49 27 2
698 49 37 100
698 45 15 150
698 45 21 150
698 45 38 100
698 23 0 100
698 23 28 100
698 23 34 150
698 23 40 99
698 23 42 100
698 23 46 100
698 26 20 100
698 26 28 100
698 26 36 100
698 46 0 100
698 46 21 100
698 46 38 99
698 34 15 150
698 34 21 150
698 34 37 99
698 34 40 150
698 40 20 100
698 40 28 100
698 40 38 150
698 2 15 100
698 2 34 150
698 2 38 99
698 37 0 100
698 37 15 148
698 37 34 150
698 37 36 100
698 37 40 150
698 44 29 100
698 44 38 150
699 30 15 148
699 30 21 150
699 30 28 100
699 30 37 100
699 30 38 150
699 30 40 100
699 30 46 100
699 9 20 100
699 9 23 12
699 9 38 99
699 9 40 150
699 9 49 6
699 35 46 100
699 3 36 148
699 3 37 100
699 31 40 150
699 0 28 99
699 0 36 100
699 0 37 150
699 0 38 100
699 0 40 148
699 0 46 100
699 8 0 100
699 8 40 150
699 8 46 100
699 34 15 150
699 34 21 150
699 34 37 99
699 34 40 150
699 1 36 99
699 28 15 150
699 28 20 100
699 28 28 100
699 28 37 99
699 28 40 100
699 43 15 148
699 43 21 150
699 43 28 150
699 43 34 100
699 43 36 148
699 43 38 99
699 43 40 148
699 47 20 150
699 47 29 150
699 47 42 100
699 39 0 99
699 39 28 96
699 39 34 148
699 39 38 150
699 42 0 100
699 42 20 99
699 42 29 148
699 42 37 100
699 42 42 150
699 27 34 99
699 27 36 150
699 27 37 100
699 27 38 150
699 49 29 150
699 49 37 100
700 13 15 148
700 13 28 49
700 13 46 100
700 16 23 12
700 16 42 150
700 18 34 99
700 20 37 148
700 20 40 99
700 20 46 50
700 48 38 150
700 48 40 150
700 48 42 150
700 15 0 100
700 15 42 99
700 44 29 100
700 44 38 150
700 25 0 100
700 25 37 150
700 25 38 100
700 25 40 150
700 10 20 100
700 10 21 150
700 10 42 100
700 12 20 100
700 12 37 99
700 46 0 100
700 46 21 100
700 46 38 99
700 14 34 99
700 23 0 100
700 23 34 150
700 23 40 99
700 23 42 100
700 26 20 100
700 26 36 100
700 32 36 150
700 32 42 100
701 37 0 100
701 37 15 148
701 37 34 150
701 37 36 100
701 37 40 132
701 15 39 16
701 27 2 40
701 27 36 150
701 27 37 100
701 27 38 150
701 41 36 100
701 41 42 99
701 41 49 8
701 26 36 100
701 10 20 100
701 10 21 150
701 10 42 100
701 12 20 100
701 12 37 99
701 36 0 99
701 36 36 100
701 36 37 150
701 36 42 148
701 48 29 150
701 48 38 150
701 48 42 150
701 40 20 100
701 40 38 150
701 42 0 100
701 42 20 99
701 42 29 148
701 42 37 100
701 42 42 150
701 45 15 150
701 45 21 150
701 45 38 88
701 47 29 150
701 47 42 100
701 6 0 99
701 6 29 100
701 20 37 148
701 43 15 148
701 43 21 150
701 43 34 100
701 43 36 148
702 6 0 99
702 6 29 100
702 6 49 6
702 40 38 1
702 42 20 99
702 42 29 148
702 42 37 100
702 42 42 150
702 22 0 99
702 22 7 40
702 23 0 100
702 23 22 32
702 23 40 18
702 7 15 100
702 7 29 100
702 7 34 100
702 10 20 100
702 10 21 150
702 10 42 100
702 36 0 99
702 36 36 100
702 36 37 150
702 36 42 148
702 31 43 18
702 15 42 99
702 25 0 100
702 25 37 150
702 49 22 2
702 49 37 100
702 32 36 150
702 32 42 100
702 4 15 99
702 4 34 148
702 4 42 150
702 27 34 99
702 27 36 150
702 27 37 100
702 12 20 100
702 12 37 99
703 48 29 150
703 48 40 18
703 17 0 100
703 17 7 40
703 17 42 150
703 22 0 99
703 22 15 150
703 36 0 99
703 36 10 30
703 36 37 150
703 36 42 148
703 13 15 148
703 13 36 150
703 8 0 100
703 14 34 15
703 5 37 100
703 6 0 99
703 6 29 100
703 40 20 100
703 9 20 100
703 9 29 150
703 43 15 148
703 43 21 150
703 43 36 148
703 35 21 100
703 49 29 150
703 49 37 100
703 7 15 100
703 7 29 100
703 32 36 150
703 32 42 100
704 33 29 150
704 3 36 148
704 3 37 100
704 3 49 6
704 36 0 99
704 36 7 39
704 36 37 150
704 36 40 18
704 18 34 15
704 10 21 150
704 10 42 100
704 35 21 100
704 42 0 100
704 42 20 99
704 42 29 148
704 42 37 100
704 42 42 150
704 17 0 100
704 17 27 16
704 17 42 150
704 9 20 100
704 9 29 150
704 13 15 148
704 13 36 150
704 22 0 99
704 22 15 150
704 24 34 2
704 44 29 100
704 28 15 150
704 28 20 100
704 28 37 99
705 30 15 148
705 30 21 129
705 30 40 16
705 49 37 100
705 49 49 6
705 3 37 100
705 23 0 100
705 23 42 100
705 10 20 100
705 10 42 100
705 17 0 100
705 17 37 148
705 17 40 2
705 45 15 150
705 45 21 1
705 0 37 150
705 38 20 150
705 38 29 100
705 38 36 100
705 38 37 150
705 38 42 100
705 25 0 100
705 25 7 1
705 32 36 150
705 32 42 100
705 11 37 100
705 26 20 100
705 26 36 100
705 22 0 99
705 22 15 150
706 40 20 100
706 26 20 100
706 26 36 100
706 26 49 4
706 36 7 39
706 36 37 150
706 36 40 18
706 36 48 50
706 48 42 150
706 24 37 150
706 5 36 150
706 5 37 100
706 34 15 150
706 34 37 99
706 12 20 100
706 12 37 99
706 1 36 99
706 33 29 150
706 38 20 150
706 38 23 12
706 38 36 100
706 38 37 150
706 38 42 100
706 3 36 148
706 3 37 100
706 3 49 2
706 28 20 100
706 28 37 99
706 49 29 150
706 49 37 100
706 45 15 150
706 46 0 100
706 46 7 1
707 34 37 99
707 37 0 100
707 37 15 148
707 37 36 100
707 46 0 100
707 46 32 3
707 0 37 150
707 13 15 148
707 13 36 150
707 1 36 99
707 21 24 24
707 6 29 100
707 29 0 99
707 29 15 100
707 29 36 150
707 29 37 100
707 28 15 150
707 28 20 100
707 28 37 99
707 7 15 100
707 7 29 100
707 19 0 100
707 19 30 19
707 15 42 99
707 41 36 100
707 41 42 99
707 39 0 99
707 39 29 100
707 39 38 1
708 3 37 100
708 12 20 100
708 12 37 99
708 27 36 150
708 27 37 100
708 37 0 100
708 37 15 148
708 37 36 100
708 37 40 18
708 25 10 28
708 19 0 100
708 8 0 100
708 8 23 12
708 2 15 100
708 6 0 99
708 6 10 2
708 38 20 150
708 38 29 100
708 38 36 100
708 38 37 150
708 38 42 100
708 17 0 100
708 17 37 148
708 17 42 150
708 48 29 150
708 48 42 150
708 44 29 100
709 47 20 150
709 47 23 12
709 47 42 100
709 47 49 6
709 38 29 100
709 38 36 100
709 38 37 150
709 38 42 48
709 31 40 18
709 19 7 1
709 11 37 100
709 10 20 100
709 41 27 2
709 39 0 99
709 39 29 100
709 34 15 150
709 34 37 99
709 2 15 100
709 33 29 150
709 33 32 1
709 30 15 112
710 6 0 99
710 6 10 30
710 3 36 148
710 3 37 100
710 7 29 100
710 7 34 16
710 37 36 100
710 17 0 100
710 17 7 40
710 47 20 150
710 47 29 150
710 46 0 100
710 46 38 27
710 15 48 2
710 30 37 100
710 30 38 1
710 43 36 148
710 0 36 100
710 0 37 150
711 25 0 100
711 25 7 40
711 25 38 28
711 9 20 100
711 9 23 12
711 9 49 2
711 12 20 100
711 12 37 99
711 10 20 100
711 1 36 99
711 24 37 150
711 23 0 100
711 47 20 150
711 47 29 150
711 37 0 100
711 37 36 100
711 30 37 100
711 20 37 148
711 44 29 100
711 13 36 150
712 27 34 15
712 27 37 100
712 27 39 15
712 38 29 100
712 38 36 100
712 38 37 150
712 38 42 100
712 28 15 2
712 28 28 48
712 28 40 18
712 32 42 100
712 44 29 100
712 22 0 99
712 34 37 99
712 47 20 150
712 47 29 150
712 47 42 100
712 0 36 100
712 0 37 103
712 39 29 100
712 42 0 100
712 42 20 99
712 42 29 148
712 42 42 24
712 40 20 100
712 40 39 1
713 39 29 100
713 41 10 30
713 21 23 12
713 43 16 28
713 43 40 16
713 22 0 99
713 7 29 100
713 31 40 2
713 49 29 150
713 36 0 99
713 36 24 1
713 23 0 100
714 19 0 100
714 19 7 40
714 9 29 150
714 9 40 18
714 37 3 36
714 30 37 94
714 38 20 150
714 38 29 100
714 38 36 100
714 8 0 100
714 10 20 100
714 6 0 99
714 6 29 100
714 13 36 150
714 39 0 99
714 39 29 100
714 40 20 100
715 30 3 36
715 38 10 2
715 38 29 100
715 38 36 100
715 5 36 135
715 37 34 16
715 46 21 2
715 48 29 150
715 29 0 99
715 40 20 100
715 22 0 99
716 14 34 15
716 41 27 18
716 30 21 30
716 47 20 150
716 47 29 150
716 47 42 75
716 8 46 100
716 15 0 100
716 22 0 99
716 28 20 100
716 28 40 2
716 33 29 150
716 45 21 2
717 12 24 24
717 37 16 28
717 22 49 4
717 7 29 100
717 33 29 150
717 49 29 150
718 12 20 100
718 20 3 36
718 15 0 100
718 15 16 28
718 48 46 100
718 46 0 100
718 46 10 30
718 26 20 100
718 39 0 99
718 39 29 100
718 39 34 16
718 38 29 100
718 17 0 100
718 40 20 100
718 40 24 2
719 42 20 99
719 42 29 148
719 42 37 95
719 4 34 16
719 23 0 100
719 23 40 18
719 26 36 78
719 36 48 50
719 38 29 100
719 39 0 99
719 39 29 100
719 49 29 150
719 49 49 2
720 36 0 99
720 36 24 25
720 46 38 27
720 22 0 99
720 22 3 36
720 39 0 99
720 39 29 100
720 39 38 1
720 17 0 100
721 26 20 100
721 26 49 4
721 9 23 12
721 9 40 18
721 36 37 95
721 14 34 18
721 48 29 150
721 48 42 150
721 23 0 100
721 23 42 26
722 0 38 28
722 48 40 2
722 26 20 100
722 36 0 99
722 25 0 100
722 42 0 100
722 42 20 99
722 42 29 148
722 7 29 100
722 44 29 100
722 23 0 100
722 23 34 2
722 9 29 150
723 5 36 78
723 41 24 24
723 25 37 2
723 28 40 2
723 37 0 100
723 26 20 100
723 22 0 99
723 0 37 1
724 3 36 76
724 24 37 1
724 42 20 99
724 42 29 148
724 19 0 100
724 34 40 18
724 48 29 150
724 17 0 100
724 44 29 100
724 49 29 150
724 25 0 100
725 15 0 100
725 15 16 28
725 26 20 100
725 26 30 16
725 40 30 2
725 6 29 100
725 29 0 99
725 12 20 100
725 38 20 150
725 38 29 100
725 38 42 100
725 16 29 100
725 16 42 124
726 2 3 36
726 19 21 30
726 28 20 100
726 24 37 2
726 38 29 100
726 26 20 100
726 22 0 99
727 47 20 150
727 47 29 150
727 47 42 1
727 37 3 36
727 23 0 100
727 25 0 100
727 25 37 94
727 6 29 100
727 40 20 100
727 40 24 26
727 42 20 99
727 42 29 148
727 42 37 1
727 28 20 100
727 7 29 100
728 30 28 48
728 17 23 12
728 22 49 4
728 9 20 100
728 9 24 25
728 9 49 2
728 39 29 100
728 49 27 2
728 26 20 100
728 46 0 100
728 19 0 100
728 6 0 99
728 6 29 100
728 44 29 100
729 31 40 18
729 19 0 100
729 23 0 100
729 23 10 30
729 38 29 100
729 38 36 76
729 42 20 99
729 42 29 148
729 41 36 2
729 43 16 1
729 26 20 100
730 21 23 12
730 7 49 4
730 36 24 1
730 17 0 100
730 19 0 100
730 37 0 100
730 43 49 2
730 47 29 150
730 46 0 100
730 8 0 100
731 8 0 100
731 8 40 18
731 23 34 16
731 16 29 100
731 37 0 100
731 19 0 100
731 15 0 100
731 15 48 2
732 24 16 28
732 48 38 28
732 17 0 100
732 28 20 100
732 23 0 100
732 46 0 100
732 43 49 8
732 47 29 150
732 10 20 100
733 16 23 12
733 38 7 39
733 38 29 100
733 6 0 99
733 6 29 100
733 7 29 100
733 7 34 16
733 23 34 2
733 42 0 100
733 42 20 99
733 42 29 148
733 25 0 100
733 25 7 1
733 29 0 99
733 29 21 32
734 39 7 40
734 35 48 48
734 36 24 1
734 4 23 12
734 16 29 100
734 44 29 100
734 6 0 99
734 6 29 100
734 19 0 100
734 29 0 99
735 15 0 100
735 15 3 36
735 17 0 100
735 38 20 150
735 38 29 100
735 27 32 4
735 26 20 100
735 28 20 100
735 22 0 99
736 8 0 100
736 8 16 28
736 28 43 18
736 36 24 25
736 22 3 36
736 9 29 150
736 9 49 2
736 25 0 100
736 42 0 100
736 42 20 99
736 42 29 148
736 40 20 100
737 44 29 100
737 22 0 99
737 22 49 4
737 25 30 19
737 40 24 24
737 12 20 100
737 15 0 100
737 8 0 100
737 48 2 1
737 19 0 100
737 17 0 100
737 33 29 150
738 46 0 100
738 46 21 32
738 47 29 150
738 47 49 2
738 12 24 24
738 19 0 100
738 44 29 100
738 23 0 100
738 23 34 2
739 8 23 12
739 37 3 36
739 44 29 100
739 46 0 100
739 46 10 30
739 13 15 132
739 38 29 100
739 36 0 99
739 36 24 2
740 10 23 12
740 17 27 16
740 44 29 100
740 44 38 28
740 7 29 100
740 9 20 100
740 9 29 150
740 39 0 99
740 39 29 100
740 36 0 99
740 49 27 2
740 19 0 100
740 8 0 100
741 10 20 100
741 10 22 32
741 31 40 18
741 13 48 50
741 12 37 93
741 25 0 100
741 25 37 2
741 37 0 100
741 37 34 1
741 39 0 99
741 39 29 100
741 8 0 100
741 8 22 2
742 38 20 150
742 38 23 12
742 38 36 76
742 7 29 100
742 25 0 100
742 25 40 18
742 16 42 150
742 22 0 99
742 29 0 99
742 9 20 100
742 9 29 150
742 17 0 100
742 17 27 16
742 10 42 2
742 36 0 99
742 36 46 100
742 36 48 50
742 37 0 100
742 37 36 2
742 8 46 50
743 20 7 40
743 12 39 16
743 6 0 99
743 6 29 100
743 36 0 99
743 36 36 76
743 23 0 100
743 42 0 100
743 42 20 99
743 42 29 148
744 14 34 33
744 49 37 95
744 39 29 100
744 39 38 28
744 28 40 18
744 15 0 100
744 15 42 99
744 8 0 100
744 46 0 100
744 26 20 100
744 26 36 2
744 23 0 100
744 23 42 100
744 29 0 99
745 42 0 100
745 42 20 99
745 42 29 148
745 42 37 95
745 47 20 150
745 47 23 12
745 47 42 100
745 16 10 30
745 16 42 150
745 11 40 16
745 6 29 100
745 40 20 100
745 39 0 99
745 39 29 100
745 39 34 16
745 8 0 100
745 29 0 99
745 23 0 100
745 23 34 2
745 38 29 100
746 12 20 100
746 12 24 24
746 38 10 30
746 38 29 100
746 48 27 18
746 48 38 1
746 46 0 98
746 42 29 148
746 9 20 100
746 9 24 1
746 6 29 100
746 16 29 100
747 8 2 40
747 42 29 148
747 26 20 100
747 39 29 100
747 39 38 28
747 49 29 150
747 7 29 100
747 47 20 150
747 47 29 150
748 22 3 36
748 12 20 100
748 12 24 24
749 49 37 95
749 16 23 12
749 16 42 150
749 26 20 100
749 26 36 78
749 10 20 100
749 10 42 74
749 47 29 150
749 28 20 100
749 28 40 2
750 5 36 78
750 28 40 18
750 47 23 12
750 47 49 6
750 16 29 100
750 36 24 2
750 26 20 100
751 16 29 100
751 16 42 150
751 38 20 150
751 38 29 100
751 38 42 100
751 46 0 100
751 46 21 32
751 37 34 1
751 23 42 74
751 24 46 150
751 30 46 100
751 30 48 48
751 6 29 100
752 45 38 28
752 17 40 2
752 8 2 40
752 10 10 30
752 15 0 100
752 15 48 2
752 30 46 100
752 12 20 100
752 19 0 100
752 37 0 100
752 42 0 100
752 42 20 99
752 42 29 148
753 46 0 100
753 46 7 40
753 7 34 16
753 6 29 100
753 24 37 95
753 17 0 100
753 17 40 18
753 3 36 76
753 39 0 99
753 39 29 100
754 28 10 28
754 28 37 93
754 37 0 100
754 37 3 36
754 26 20 100
754 39 0 99
754 39 29 100
754 16 29 100
754 47 20 150
754 47 29 150
754 15 0 100
755 46 0 100
755 46 7 40
755 12 20 100
755 12 24 24
755 9 24 1
755 9 40 2
755 47 29 150
755 25 0 100
755 49 29 150
755 17 0 100
755 40 20 100
755 32 9 18
755 23 34 16
756 39 29 100
756 44 16 28
756 26 20 100
756 26 36 78
756 42 20 99
756 42 29 148
756 42 42 150
756 21 23 12
756 46 9 2
756 31 40 2
756 9 29 150
757 15 0 100
757 15 27 18
757 42 0 100
757 42 20 99
757 42 29 148
757 42 42 75
757 0 10 30
757 17 7 40
757 48 29 150
757 39 0 99
757 39 29 100
757 7 29 100
757 10 20 100
757 8 0 100
758 22 0 99
758 22 7 40
758 0 10 30
758 17 23 12
758 6 29 100
758 39 0 99
758 39 29 100
758 5 39 16
758 42 20 99
758 42 29 148
758 15 0 100
758 13 15 128
758 36 0 99
758 12 20 100
758 49 29 150
759 43 16 28
759 9 20 100
759 9 24 25
759 9 40 2
759 16 29 100
759 6 0 99
759 6 29 100
759 44 29 100
759 47 20 150
759 47 29 150
759 23 0 100
759 10 20 100
759 7 29 100
759 19 0 100
759 42 0 100
759 42 20 99
759 42 29 148
760 36 0 99
760 36 24 25
760 6 0 99
760 6 29 100
760 17 0 100
760 15 0 100
760 15 16 28
760 9 29 150
760 33 29 150
760 16 29 100
760 48 29 150
761 37 0 100
761 37 34 35
761 9 29 150
761 9 38 27
761 48 38 1
761 8 0 2
761 34 21 32
761 47 29 150
761 46 7 1
762 44 38 28
762 17 37 92
763 12 20 100
763 39 7 40
763 42 20 99
763 42 29 148
763 38 16 27
763 38 23 12
763 38 36 76
763 6 49 6
763 26 20 100
763 44 29 100
764 19 7 40
764 24 37 95
764 42 20 99
764 42 29 148
764 13 48 50
764 9 29 150
765 16 10 30
765 27 36 78
765 11 40 16
765 48 40 2
766 7 29 100
766 7 49 4
766 9 29 150
766 9 49 2
767 17 37 92
767 2 34 36
767 0 10 2
767 39 29 100
767 42 20 99
767 42 29 148
767 42 42 75
768 32 36 78
768 12 20 100
768 39 7 40
768 39 34 16
768 25 10 28
768 28 20 100
769 16 10 32
769 19 7 40
769 42 29 148
769 42 37 1
769 7 29 100
769 12 20 100
769 6 29 100
770 35 21 32
770 38 20 150
770 38 29 100
770 33 29 150
770 47 20 150
770 47 29 150
770 10 20 100
771 47 20 150
771 47 23 12
771 47 42 100
771 7 29 100
771 0 10 30
771 28 40 2
771 6 29 100
771 40 20 100
771 26 20 100
771 43 21 30
771 41 27 2
772 31 40 18
772 7 29 100
772 15 27 18
772 48 42 1
772 42 20 99
772 42 29 148
772 12 20 100
773 31 40 18
773 47 29 150
773 47 42 100
773 38 20 150
773 38 29 100
773 38 36 76
773 30 37 2
773 42 29 148
773 42 42 124
773 41 36 2
773 28 20 100
773 49 29 150
774 43 3 36
774 47 29 150
774 31 40 2
774 49 37 1
774 9 20 100
774 9 29 150
775 46 7 40
775 2 15 100
775 2 34 16
775 48 48 50
775 49 29 150
775 49 37 95
775 28 20 100
775 7 15 28
776 13 28 48
776 25 37 94
776 22 15 2
776 49 37 1
776 16 29 100
776 16 42 150
776 41 42 99
776 42 0 100
776 42 20 99
776 42 29 148
776 42 42 75
776 37 0 100
776 23 0 100
776 33 29 150
777 0 3 36
777 46 44 27
777 47 29 150
777 47 49 6
777 6 29 100
777 13 44 1
777 48 24 24
777 42 0 100
777 42 20 99
777 42 29 148
777 36 0 99
777 36 24 1
778 0 3 36
778 43 21 30
778 9 20 100
778 9 29 150
778 9 40 2
778 39 29 100
778 38 20 150
778 38 29 100
778 38 42 100
778 45 21 2
778 10 42 74
779 46 7 40
779 8 22 34
779 38 29 100
779 38 37 93
779 10 49 4
779 23 0 100
779 23 34 2
780 49 29 150
780 49 37 95
780 15 3 36
780 20 40 18
780 16 10 30
780 21 24 24
780 9 20 100
780 9 24 1
780 42 0 100
780 42 20 99
780 42 29 148
781 37 0 100
781 37 22 33
781 46 0 100
781 46 7 40
781 48 29 150
781 48 38 1
781 28 20 100
781 28 37 3
781 49 29 150
782 13 36 78
782 38 29 100
782 38 37 93
782 24 34 16
782 42 20 99
782 42 29 148
782 46 0 100
782 15 0 100
782 48 24 24
782 44 29 100
783 5 2 40
783 6 29 100
783 6 49 6
783 22 7 40
783 36 24 1
783 29 1 150
783 40 1 100
783 40 20 100
783 26 20 100
783 7 1 100
783 7 29 100
783 7 34 16
783 28 20 100
783 17 0 100
783 33 29 150
783 46 0 100
784 27 38 28
784 46 10 30
784 30 40 16
784 12 24 24
784 39 29 100
784 42 0 100
784 42 20 99
784 42 29 148
784 25 0 100
784 25 1 56
784 6 0 99
784 6 29 100
785 40 3 36
785 22 0 99
785 9 2 39
785 9 24 1
785 9 40 18
785 48 42 150
785 49 22 1
785 3 36 76
785 36 42 148
785 6 0 99
785 6 29 100
785 4 42 26
786 22 0 99
786 22 7 40
786 8 0 100
786 8 40 18
786 3 36 80
786 49 37 1
786 6 29 100
787 25 0 100
787 25 10 28
787 49 37 1
787 12 24 24
787 47 29 150
787 36 0 99
787 36 10 2
787 29 0 99
787 9 20 100
787 9 29 150
787 44 29 100
787 23 0 100
788 15 0 22
788 6 49 6
788 41 36 78
788 9 20 100
788 9 29 150
788 7 29 100
788 49 29 150
788 39 29 100
789 19 0 100
789 19 30 1
789 28 37 93
789 38 29 100
789 29 0 99
789 0 37 2
789 23 0 100
789 47 20 150
789 47 29 150
789 9 20 100
789 9 24 1
789 39 0 99
789 39 29 100
790 16 10 30
790 31 30 18
790 39 0 99
790 39 7 40
790 17 0 100
790 17 37 92
790 40 20 100
790 40 39 1
790 12 37 3
790 6 29 100
790 29 0 99
790 7 29 100
790 28 20 100
790 44 29 100
791 39 0 99
791 39 29 100
791 39 43 18
791 36 10 30
791 22 0 99
791 23 0 100
791 19 0 100
791 19 21 30
791 9 20 100
791 9 29 150
791 34 21 2
791 37 0 100
791 37 34 1
791 29 0 99
792 1 16 28
792 18 34 15
792 39 29 100
792 32 42 100
792 14 48 48
792 28 40 2
792 13 48 2
792 47 29 150
792 47 42 100
792 42 0 100
792 42 20 99
792 42 29 148
792 42 42 124
792 17 0 100
792 49 29 150
793 38 7 39
793 38 23 12
793 14 48 48
793 42 20 99
793 42 29 148
793 7 29 100
793 27 38 28
793 48 40 18
793 26 20 100
794 35 21 32
794 12 44 28
794 8 16 28
794 22 0 99
794 22 7 40
794 40 20 100
794 46 0 100
794 46 7 1
794 33 16 1
794 43 34 16
795 16 42 150
795 42 0 100
795 42 20 99
795 42 29 148
795 42 37 3
795 9 20 100
795 9 29 150
795 9 40 2
795 33 29 150
795 46 0 100
795 29 0 99
795 29 15 100
795 7 15 100
795 7 29 100
795 7 34 16
795 13 15 80
795 15 42 24
796 15 0 100
796 15 23 12
796 48 40 18
796 9 20 100
796 9 29 150
796 8 0 100
796 26 20 100
796 0 37 95
796 39 29 100
796 44 29 100
796 12 20 100
797 38 7 39
797 38 23 12
797 0 16 1
797 10 21 30
797 12 20 100
797 45 21 2
797 49 49 2
797 29 0 99
797 46 0 100
797 46 7 1
797 28 20 100
797 28 40 2
798 39 7 40
798 39 34 16
798 47 29 150
798 41 36 2
798 9 29 150
798 40 20 100
798 26 20 100
798 49 29 150
799 41 27 18
799 41 49 6
799 33 32 4
799 37 34 1
799 48 42 150
799 48 48 2
799 40 20 100
799 29 0 99
799 29 23 12
799 47 29 150
799 47 42 75
799 26 20 100
799 44 29 100
799 46 0 100
800 33 29 150
800 33 39 16
800 48 40 18
800 49 37 95
800 12 20 100
800 30 10 28
800 27 36 78
800 42 0 100
800 42 20 99
800 42 29 148
800 17 0 100
800 40 20 100
800 28 20 100
801 22 0 99
801 22 7 40
801 6 10 2
801 15 0 100
801 15 16 28
801 38 29 100
801 25 0 100
801 43 49 2
801 16 29 100
801 29 0 99
802 17 0 22
802 25 37 2
802 49 29 150
802 49 37 1
802 48 46 100
802 48 48 50
802 30 46 100
802 7 29 100
802 24 46 150
803 13 7 40
803 9 29 150
803 9 49 6
803 36 37 95
803 47 20 150
803 47 29 150
804 14 7 40
804 47 29 150
804 39 29 100
804 9 20 100
804 9 29 150
805 43 23 12
805 7 29 100
805 44 29 100
805 27 34 3
805 26 36 2
805 38 29 100
805 38 37 3
805 12 24 24
805 9 24 1
805 9 40 2
806 49 49 6
806 26 36 78
806 0 40 16
806 28 40 2
806 39 29 100
806 17 23 12
806 10 20 100
807 28 20 100
807 28 37 93
807 16 42 150
807 12 20 100
807 39 0 99
807 39 29 100
807 42 0 100
807 42 20 99
807 42 29 148
807 42 37 2
807 0 36 76
807 34 49 6
807 36 0 99
807 36 48 2
808 48 2 40
808 48 39 15
808 46 7 40
808 8 39 1
808 26 28 48
808 6 29 100
808 3 49 2
808 39 29 100
808 39 34 16
808 36 0 99
808 23 0 100
808 9 20 100
808 9 29 150
808 16 29 100
808 15 0 100
808 25 0 100
808 42 0 100
808 42 20 99
808 42 29 148
809 12 20 100
809 12 37 93
809 10 22 32
809 7 29 100
809 28 20 100
809 44 29 100
809 3 37 2
809 42 20 99
809 42 29 148
809 42 42 150
809 33 29 150
809 46 0 100
809 9 20 100
809 9 29 150
809 15 0 100
809 15 42 72
810 7 23 12
810 7 34 16
810 6 29 100
810 33 29 150
810 31 40 18
810 29 37 92
810 27 34 3
810 17 42 150
810 44 29 100
810 3 37 2
810 9 29 150
811 8 0 100
811 8 22 34
811 23 10 30
811 6 29 100
811 10 20 100
811 10 21 30
811 5 37 96
811 38 20 150
811 38 29 100
811 28 20 100
811 22 0 99
811 40 20 100
811 12 20 100
812 44 29 100
812 44 38 28
812 49 29 150
812 49 49 6
812 46 21 2
812 4 30 19
812 17 40 2
812 23 0 100
812 42 0 100
812 42 20 99
812 42 29 148
813 12 20 100
813 42 0 100
813 42 20 99
813 42 29 148
813 42 42 150
813 38 20 150
813 38 23 12
813 38 42 100
813 4 42 74
813 19 21 30
813 23 40 18
813 46 0 100
813 46 21 2
813 28 20 100
814 41 24 27
814 49 29 150
814 19 0 100
814 7 23 12
814 29 0 99
814 9 20 100
814 9 29 150
814 25 0 100
814 12 20 100
814 37 0 100
814 37 34 1
815 16 42 150
815 41 42 99
815 41 49 6
815 8 40 18
815 10 42 74
815 49 37 95
815 48 29 150
815 48 38 28
815 7 29 100
815 42 0 100
815 42 20 99
815 42 29 148
815 25 0 100
816 46 0 100
816 3 36 76
816 5 39 16
816 39 29 100
816 39 34 16
816 7 29 100
816 38 20 150
816 38 29 100
816 38 42 100
816 6 0 99
816 6 29 100
816 16 29 100
816 16 42 124
817 22 7 40
817 28 37 96
817 37 0 100
817 15 0 100
817 47 20 150
817 47 29 150
817 9 20 100
817 9 29 150
817 40 20 100
817 38 20 150
817 38 29 100
818 30 3 36
818 22 7 40
818 44 29 100
818 12 20 100
818 19 0 100
818 29 0 15
818 38 29 100
818 41 49 2
819 39 34 16
819 20 40 18
819 16 42 150
819 9 20 100
819 9 29 150
819 42 20 99
819 42 29 148
819 42 42 74
820 38 29 100
820 7 29 100
820 7 34 16
820 28 40 2
820 6 29 100
820 10 20 100
821 9 10 30
821 9 29 150
821 9 40 18
821 33 16 28
821 7 29 100
821 23 42 100
821 6 29 100
821 41 42 99
821 49 29 150
821 38 20 150
821 38 29 100
821 38 42 24
822 12 24 24
822 49 22 1
822 26 20 100
822 10 20 100
822 23 42 1
823 46 21 2
823 13 48 50
823 16 29 100
823 16 42 150
823 10 20 100
823 10 42 26
824 38 29 100
824 38 36 76
824 44 29 100
824 16 29 100
824 16 42 150
824 30 37 2
824 47 29 150
824 47 42 74
825 28 20 100
825 28 37 93
825 9 23 12
825 9 49 6
826 15 28 48
826 38 29 100
826 38 37 93
826 10 49 4
826 40 20 100
826 48 29 150
827 47 20 150
827 47 29 150
827 47 49 6
827 49 29 150
827 4 34 16
828 30 37 94
828 36 40 2
829 23 40 18
829 48 38 1
829 42 20 99
829 42 29 148
829 42 37 3
829 47 29 150
830 34 10 30
830 15 48 50
830 32 42 100
830 3 37 2
830 47 29 150
830 47 42 100
830 37 34 1
830 38 29 100
830 48 29 150
830 48 38 28
830 9 29 150
831 41 10 30
831 21 23 12
831 9 29 150
831 7 29 100
831 27 9 99
831 49 29 150
831 33 29 150
831 42 20 99
831 42 29 148
832 47 20 150
832 47 23 12
832 46 9 20
832 36 24 1
832 9 20 100
832 9 29 150
833 25 7 40
833 48 48 2
833 38 9 1
833 38 29 100
833 7 29 100
833 44 29 100
834 35 48 48
834 26 49 4
834 41 49 2
834 12 20 100
834 48 29 150
834 48 38 1
835 31 24 24
835 15 48 2
836 26 20 100
836 26 49 4
836 5 2 40
836 28 40 2
836 12 20 100
836 9 20 100
836 9 24 1
837 15 3 36
837 47 29 150
837 44 29 100
837 16 29 100
837 40 20 100
837 40 24 24
837 7 29 100
837 36 24 1
838 47 23 12
838 47 47 24
838 38 29 100
838 7 29 100
838 34 21 32
838 9 29 150
838 48 2 1
838 33 29 150
838 42 20 99
838 42 29 148
838 41 22 1
839 12 24 24
839 16 10 30
839 29 21 32
839 36 24 1
839 42 29 148
839 1 47 2
839 47 20 150
839 47 29 150
839 38 20 150
839 38 29 100
840 0 37 95
840 10 23 12
840 33 29 150
840 9 20 100
840 9 29 150
840 9 40 2
840 47 29 150
840 28 20 100
840 7 29 100
841 28 20 100
841 28 40 18
841 6 49 6
841 47 20 150
841 47 29 150
842 15 23 12
842 28 10 28
842 46 10 2
842 47 20 150
842 47 29 150
842 7 29 100
843 7 29 100
843 7 34 16
843 47 20 150
843 47 29 150
843 47 49 2
843 42 29 148
843 42 37 95
843 12 20 100
843 38 20 150
843 38 29 100
843 9 20 100
843 9 24 1
844 11 7 40
844 10 49 4
844 49 49 2
844 42 20 99
844 42 29 148
844 31 40 2
845 25 7 40
845 7 23 12
845 42 20 99
845 42 29 148
845 9 20 100
845 9 29 150
845 9 49 2
845 2 15 32
845 26 20 100
845 1 27 16
846 28 20 100
846 28 37 93
846 48 48 2
846 26 20 100
846 49 29 150
846 40 20 100
847 6 29 100
847 6 49 6
847 49 37 95
847 28 40 18
847 10 23 12
847 44 29 100
847 44 38 28
847 4 42 124
847 42 29 148
847 42 42 1
847 9 24 1
848 20 7 40
848 44 38 28
848 47 20 150
848 47 29 150
848 26 20 100
848 9 10 30
848 9 29 150
848 39 29 100
848 39 34 16
848 42 29 148
848 42 37 1
849 34 37 93
849 39 34 16
849 47 20 150
849 47 29 150
849 47 42 100
849 13 36 78
849 28 20 100
849 6 29 100
849 0 37 2
850 17 7 40
850 5 36 78
850 47 29 150
850 47 42 1
850 18 34 15
850 39 29 100
851 0 10 30
851 12 39 16
851 41 7 40
851 9 20 100
851 9 29 150
851 48 29 150
851 38 20 150
851 38 29 100
851 26 20 100
851 49 29 150
852 0 10 30
852 8 27 18
852 31 40 2
852 37 0 100
852 37 34 1
852 19 21 30
852 9 29 150
852 33 29 150
852 6 0 99
852 6 29 100
853 24 16 28
853 29 36 78
853 17 40 18
853 3 49 6
853 15 0 100
853 15 42 99
853 42 0 100
853 42 20 99
853 42 29 148
853 42 42 75
853 9 29 150
853 40 20 100
853 10 20 100
853 25 0 100
853 33 29 150
854 38 7 39
854 38 23 12
854 38 36 76
854 36 0 99
854 36 40 18
854 43 16 1
854 19 7 1
854 44 29 100
854 47 20 150
854 47 29 150
854 8 0 100
854 41 36 2
854 6 29 100
854 12 20 100
855 21 23 12
855 5 38 1
855 28 40 2
855 25 7 40
855 39 0 99
855 39 29 100
855 48 29 150
855 6 0 99
855 6 29 100
855 4 6 100
855 7 29 100
855 47 20 150
855 47 29 150
856 10 20 100
856 10 21 30
856 6 29 100
856 23 0 100
856 23 34 20
856 24 16 28
856 4 7 40
856 31 49 2
856 39 29 100
856 38 6 150
856 38 20 150
856 38 29 100
856 46 0 100
856 46 6 105
856 12 20 100
857 22 0 99
857 22 3 36
857 29 37 92
857 8 40 18
857 6 29 100
857 9 20 100
857 9 24 25
857 9 49 2
857 38 20 150
857 38 29 100
857 38 37 3
858 38 20 150
858 38 23 12
858 44 27 16
858 22 0 99
858 22 3 36
858 15 0 100
858 15 43 18
858 29 21 32
858 46 6 150
858 14 6 100
858 42 0 100
858 42 6 150
858 42 20 99
858 42 29 148
858 10 20 100
858 10 24 24
858 17 40 18
859 10 20 100
859 10 23 12
859 6 29 100
859 4 6 4
859 25 0 100
859 19 0 100
859 38 20 150
859 38 29 100
859 2 44 27
859 9 20 100
859 9 24 1
860 22 0 99
860 22 3 36
860 36 40 18
860 49 27 20
860 49 49 2
860 38 23 12
860 28 20 100
860 48 29 150
860 15 0 100
860 12 20 100
860 12 44 1
860 17 0 100
861 14 7 40
861 44 29 100
861 44 38 28
861 6 29 100
861 36 0 99
861 48 29 150
861 23 0 100
862 28 10 28
862 28 37 93
862 38 6 150
862 38 7 39
862 38 29 100
862 10 20 100
862 47 20 150
862 47 29 150
862 46 0 100
862 46 6 150
862 46 7 1
862 49 37 2
862 41 6 100
862 44 29 100
862 6 0 99
862 6 29 100
862 14 6 100
862 42 0 100
862 42 6 55
862 42 29 148
863 15 0 100
863 15 16 28
863 31 24 24
863 43 36 76
863 47 20 150
863 47 29 150
863 22 0 3
863 40 38 1
864 12 24 24
864 10 10 2
864 26 20 100
865 28 20 100
865 28 37 93
865 48 30 16
865 15 42 99
865 3 30 3
865 16 42 2
865 12 20 100
865 38 20 150
865 38 29 100
866 39 29 100
866 16 29 100
866 44 29 100
866 9 20 100
866 9 29 150
866 7 29 100
866 42 20 99
866 42 29 148
866 42 42 1
867 33 29 150
867 28 20 100
867 6 29 100
867 7 29 100
868 48 29 150
868 6 29 100
868 42 20 99
868 42 29 148
868 10 20 100
868 26 20 100
869 42 20 99
869 42 29 148
869 37 34 1
870 47 20 150
870 47 29 150
870 28 20 100
870 9 20 100
870 9 29 150
870 33 29 150
870 10 20 100
870 40 20 100
870 39 29 100
871 33 29 150
871 48 29 150
871 9 20 100
871 9 29 150
871 6 29 100
871 16 29 100
871 49 29 150
871 7 29 100
871 28 20 100
872 10 20 100
872 44 29 100
872 12 20 100
873 38 20 150
873 38 29 100
873 40 20 100
873 42 20 99
873 42 29 148
873 44 29 100
873 6 29 100
873 33 29 150
873 7 29 100
873 26 20 100
874 39 29 100
874 47 20 150
874 47 29 150
874 38 20 150
874 38 29 100
874 26 20 100
875 12 20 100
875 7 29 100
875 44 29 100
875 6 29 100
875 47 20 150
875 47 29 150
876 48 29 150
876 39 29 100
876 38 20 150
876 38 29 100
877 38 20 150
877 38 29 100
877 44 29 100
877 10 20 100
877 42 20 99
877 42 29 148
878 28 20 100
878 40 20 100
878 9 20 100
878 9 29 150
878 6 29 100
878 49 29 150
878 42 20 99
878 42 29 148
879 12 20 100
879 33 29 150
879 48 29 150
880 40 20 100
880 33 29 150
880 39 29 100
880 16 29 100
880 12 20 100
880 49 29 150
881 7 29 100
881 16 29 100
881 49 29 150
881 12 20 100
881 28 20 100
881 26 20 100
881 6 29 100
881 9 20 100
881 9 29 150
882 44 29 100
882 6 29 100
882 48 29 150
883 48 29 150
883 40 20 100
883 26 20 100
883 7 29 100
883 6 29 100
884 40 20 100
884 12 20 100
884 39 29 100
884 10 20 100
884 48 29 150
885 47 20 150
885 47 29 150
885 33 29 150
885 10 20 100
885 38 20 150
885 38 29 100
885 28 20 100
885 48 29 150
885 39 29 100
885 40 20 100
886 47 20 150
886 47 29 150
886 40 20 100
886 10 20 100
886 44 29 100
886 28 20 100
887 40 20 100
887 33 29 150
887 10 20 100
887 12 20 100
887 49 29 150
887 42 20 99
887 42 29 148
887 44 29 100
888 12 20 100
888 10 20 100
889 39 29 100
889 28 20 100
889 7 29 100
889 44 29 100
889 38 20 150
889 38 29 100
890 9 20 100
890 9 29 150
890 38 20 150
890 38 29 100
890 44 29 100
890 7 29 100
890 47 20 150
890 47 29 150
890 33 29 150
891 39 29 100
891 48 29 150
891 28 20 100
891 10 20 100
891 26 20 100
891 16 29 100
892 28 20 100
892 16 29 100
892 6 29 100
892 33 29 150
892 10 20 100
892 12 20 100
892 40 20 100
892 49 29 150
893 26 20 100
893 44 29 100
893 9 20 100
893 9 29 150
893 49 29 150
893 38 20 150
893 38 29 100
893 48 29 150
893 39 29 100
894 40 20 100
894 33 29 150
894 47 20 150
894 47 29 150
895 44 29 100
895 16 29 100
895 12 20 100
895 33 29 150
895 39 29 100
895 47 20 150
895 47 29 150
895 26 20 100
895 42 20 99
895 42 29 148
896 40 20 100
896 6 29 100
896 16 29 100
896 49 29 150
896 26 20 100
897 33 29 150
897 10 20 100
897 12 20 100
897 9 20 100
897 9 29 150
897 16 29 100
897 38 20 150
897 38 29 100
898 47 20 150
898 47 29 150
898 28 20 100
898 12 20 100
898 33 29 150
898 7 29 100
898 6 29 100
898 10 20 100
898 40 20 100
899 42 20 99
899 42 29 148
899 26 20 100
899 40 20 100
899 38 20 150
899 38 29 100
899 12 20 100
900 47 20 150
900 47 29 150
900 10 20 100
901 48 29 150
901 47 20 150
901 47 29 150
901 28 20 100
901 26 20 100
901 10 20 100
902 44 29 100
902 47 20 150
902 47 29 150
902 28 20 100
902 49 29 150
902 6 29 100
903 7 29 100
903 28 20 100
903 12 20 100
904 47 20 150
904 47 29 150
904 33 29 150
904 28 20 100
904 38 20 150
904 38 29 100
904 40 20 100
904 44 29 100
904 10 20 100
905 7 29 100
905 33 29 150
905 9 20 100
905 9 29 150
905 26 20 100
905 49 29 150
906 16 29 100
906 26 20 100
907 42 20 99
907 42 29 148
907 6 29 100
907 28 20 100
907 33 29 150
907 7 29 100
908 26 20 100
908 49 29 150
908 44 29 100
908 40 20 100
908 16 29 100
909 16 29 100
909 38 20 150
909 38 29 100
910 10 20 100
910 16 29 100
910 44 29 100
910 26 20 100
910 47 20 150
910 47 29 150
910 49 29 150
911 7 29 100
911 12 20 100
911 38 20 150
911 38 29 100
911 28 20 100
912 7 29 100
912 26 20 100
912 42 20 99
912 42 29 148
912 33 29 150
912 6 29 100
913 33 29 150
913 28 20 100
913 44 29 100
913 39 29 100
914 12 20 100
914 6 29 100
914 9 20 100
914 9 29 150
914 26 20 100
914 38 20 150
914 38 29 100
914 28 20 100
915 40 20 100
915 10 20 100
915 33 29 150
915 9 20 100
915 9 29 150
915 47 20 150
915 47 29 150
915 48 29 150
915 16 29 100
915 49 29 150
916 7 29 100
916 28 20 100
916 47 20 150
916 47 29 150
916 26 20 100
916 10 20 100
916 42 20 99
916 42 29 148
917 28 20 100
917 38 20 150
917 38 29 100
917 44 29 100
917 6 29 100
918 38 20 150
918 38 29 100
918 33 29 150
918 12 20 100
918 49 29 150
918 7 29 100
919 39 29 100
919 44 29 100
919 33 29 150
919 16 29 100
920 26 20 100
920 38 20 150
920 38 29 100
920 39 29 100
921 42 20 99
921 42 29 148
921 48 29 150
921 39 29 100
921 47 20 150
921 47 29 150
922 26 20 100
922 33 29 150
922 40 20 100
922 28 20 100
922 9 20 100
922 9 29 150
922 12 20 100
922 16 29 100
922 49 29 150
923 9 20 100
923 9 29 150
923 7 29 100
923 42 20 99
923 42 29 148
923 47 20 150
923 47 29 150
923 10 20 100
923 49 29 150
923 26 20 100
923 48 29 150
924 28 20 100
924 12 20 100
924 49 29 150
924 26 20 100
924 40 20 100
924 47 20 150
924 47 29 150
924 9 20 100
924 9 29 150
925 44 29 100
925 39 29 100
925 12 20 100
925 9 20 100
925 9 29 150
925 28 20 100
925 16 29 100
925 42 20 99
925 42 29 148
926 39 29 100
926 33 29 150
926 10 20 100
926 40 20 100
926 16 29 100
926 44 29 100
926 47 20 150
926 47 29 150
927 33 29 150
927 26 20 100
927 44 29 100
927 7 29 100
927 16 29 100
927 12 20 100
928 16 29 100
928 40 20 100
928 42 20 99
928 42 29 148
928 47 20 150
928 47 29 150
928 6 29 100
929 26 20 100
929 48 29 150
929 12 20 100
929 39 29 100
929 42 20 99
929 42 29 148
929 40 20 100
930 26 20 100
930 7 29 100
930 49 29 150
930 9 20 100
930 9 29 150
930 12 20 100
930 6 29 100
931 10 20 100
931 12 20 100
931 39 29 100
931 7 29 100
931 42 20 99
931 42 29 148
931 9 20 100
931 9 29 150
932 28 20 100
932 16 29 100
932 40 20 100
932 33 29 150
932 12 20 100
933 38 20 150
933 38 29 100
933 47 20 150
933 47 29 150
933 44 29 100
933 28 20 100
933 16 29 100
934 28 20 100
934 49 29 150
934 33 29 150
934 7 29 100
934 40 20 100
934 9 20 100
934 9 29 150
934 47 20 150
934 47 29 150
935 44 29 100
935 48 29 150
935 10 20 100
935 47 20 150
935 47 29 150
936 9 20 100
936 9 29 150
936 7 29 100
936 6 29 100
936 28 20 100
936 40 20 100
937 38 20 150
937 38 29 100
937 7 29 100
937 33 29 150
937 16 29 100
937 10 20 100
937 39 29 100
938 39 29 100
938 47 20 150
938 47 29 150
938 6 29 100
938 48 29 150
938 16 29 100
938 49 29 150
938 9 20 100
938 9 29 150
939 48 29 150
939 12 20 100
939 47 20 150
939 47 29 150
939 28 20 100
940 12 20 100
940 44 29 100
940 33 29 150
940 28 20 100
940 6 29 100
940 42 20 99
940 42 29 148
940 48 29 150
941 49 29 150
941 7 29 100
941 12 20 100
941 9 20 100
941 9 29 150
941 47 20 150
941 47 29 150
942 44 29 100
942 28 20 100
942 33 29 150
942 7 29 100
942 39 29 100
942 10 20 100
943 49 29 150
943 42 20 99
943 42 29 148
943 26 20 100
943 6 29 100
944 49 29 150
944 28 20 100
944 39 29 100
944 6 29 100
945 12 20 100
945 28 20 100
945 44 29 100
945 33 29 150
945 16 29 100
945 38 20 150
945 38 29 100
945 10 20 100
945 39 29 100
946 7 29 100
946 6 29 100
946 28 20 100
946 48 29 150
946 10 20 100
946 12 20 100
946 38 20 150
946 38 29 100
946 40 20 100
946 44 29 100
947 42 20 99
947 42 29 148
947 7 29 100
947 33 29 150
947 26 20 100
947 44 29 100
948 44 29 100
948 7 29 100
948 38 20 150
948 38 29 100
948 49 29 150
948 28 20 100
948 40 20 100
948 12 20 100
949 28 20 100
949 47 20 150
949 47 29 150
949 9 20 100
949 9 29 150
949 10 20 100
949 7 29 100
950 49 29 150
950 38 20 150
950 38 29 100
950 10 20 100
950 26 20 100
950 48 29 150
950 47 20 150
950 47 29 150
951 26 20 100
951 39 29 100
951 38 20 150
951 38 29 100
951 12 20 100
951 28 20 100
952 42 20 99
952 42 29 148
952 39 29 100
952 40 20 100
952 10 20 100
953 16 29 100
953 33 29 150
953 42 20 99
953 42 29 148
953 10 20 100
953 7 29 100
953 6 29 100
953 26 20 100
954 16 29 100
954 40 20 100
954 12 20 100
954 42 20 99
954 42 29 148
955 49 29 150
955 47 20 150
955 47 29 150
955 6 29 100
955 26 20 100
955 16 29 100
955 12 20 100
955 40 20 100
955 38 20 150
955 38 29 100
956 49 29 150
956 26 20 100
956 44 29 100
956 42 20 99
956 42 29 148
956 16 29 100
957 26 20 100
957 12 20 100
957 48 29 150
957 42 20 99
957 42 29 148
958 47 20 150
958 47 29 150
958 6 29 100
958 42 20 99
958 42 29 148
958 16 29 100
958 48 29 150
959 10 20 100
959 12 20 100
959 40 20 100
960 33 29 150
960 12 20 100
960 6 29 100
960 26 20 100
960 48 29 150
961 12 20 100
961 16 29 100
961 42 20 99
961 42 29 148
961 49 29 150
961 40 20 100
961 33 29 150
962 6 29 100
962 38 20 150
962 38 29 100
962 9 20 100
962 9 29 150
963 40 20 100
963 7 29 100
963 44 29 100
963 6 29 100
963 9 20 100
963 9 29 150
963 16 29 100
964 49 29 150
964 39 29 100
964 26 20 100
964 38 20 150
964 38 29 100
964 40 20 100
964 12 20 100
964 48 29 150
965 42 20 99
965 42 29 148
965 49 29 150
965 28 20 100
965 38 20 150
965 38 29 100
966 26 20 100
966 6 29 100
966 7 29 100
966 40 20 100
966 16 29 100
967 9 20 100
967 9 29 150
967 44 29 100
967 39 29 100
967 16 29 100
967 49 29 150
968 9 20 100
968 9 29 150
968 33 29 150
968 39 29 100
968 48 29 150
968 42 20 99
968 42 29 148
968 10 20 100
969 12 20 100
969 28 20 100
969 7 29 100
969 16 29 100
970 48 29 150
970 6 29 100
970 42 20 99
970 42 29 148
970 44 29 100
970 16 29 100
970 26 20 100
970 33 29 150
971 28 20 100
971 38 20 150
971 38 29 100
971 47 20 150
971 47 29 150
971 7 29 100
972 7 29 100
972 39 29 100
972 38 20 150
972 38 29 100
972 44 29 100
972 48 29 150
972 47 20 150
972 47 29 150
972 42 20 99
972 42 29 148
972 49 29 150
972 9 20 100
972 9 29 150
973 16 29 100
973 38 20 150
973 38 29 100
973 10 20 100
973 9 20 100
973 9 29 150
973 12 20 100
973 42 20 99
973 42 29 148
973 33 29 150
974 9 20 100
974 9 29 150
974 6 29 100
974 40 20 100
974 7 29 100
974 26 20 100
974 16 29 100
975 49 29 150
975 38 20 150
975 38 29 100
975 7 29 100
976 33 29 150
976 26 20 100
976 7 29 100
976 48 29 150
976 10 20 100
976 28 20 100
976 42 20 99
976 42 29 148
976 16 29 100
977 28 20 100
977 7 29 100
977 12 20 100
977 33 29 150
977 38 20 150
977 38 29 100
977 48 29 150
978 28 20 100
978 49 29 150
978 47 20 34
978 16 29 100
979 47 29 150
979 48 29 150
979 6 29 100
979 39 29 100
980 9 29 30
