2 49 49 100
2 2 49 100
2 9 49 148
2 22 38 100
3 20 49 150
3 4 19 100
3 32 49 100
3 30 41 150
3 19 38 100
3 23 11 99
4 18 18 100
4 18 38 100
4 32 49 100
4 49 49 100
4 39 49 100
5 11 18 100
5 3 11 99
5 35 8 100
5 9 49 148
5 39 49 100
5 16 49 100
5 19 38 100
5 19 49 99
5 2 49 100
6 42 47 100
6 18 18 100
6 18 38 100
6 16 49 100
6 20 49 150
6 25 49 150
7 32 19 100
7 32 49 100
7 22 38 100
7 15 41 148
7 30 49 150
7 20 49 150
8 17 19 150
8 29 18 100
8 20 49 150
8 40 11 100
8 30 47 99
9 32 49 100
9 9 49 148
9 29 18 100
9 19 38 100
9 19 49 99
9 20 49 150
10 17 19 150
10 17 29 100
10 49 49 100
10 40 11 100
11 23 11 99
11 23 19 100
11 32 8 100
11 27 13 99
11 49 18 99
11 7 38 100
12 19 19 150
12 1 18 100
12 1 47 100
13 33 18 99
13 8 8 150
13 16 49 100
13 19 38 100
13 19 49 99
13 39 49 100
13 45 49 148
13 47 11 100
13 7 49 148
14 1 18 100
14 5 19 150
14 7 38 100
15 15 11 100
15 9 19 100
16 14 29 100
16 26 8 100
16 26 18 148
16 49 49 100
16 7 38 100
16 7 49 148
16 2 49 100
16 30 49 150
16 19 49 99
17 37 18 100
17 37 19 150
17 19 38 100
17 22 11 99
17 6 47 100
18 44 41 100
18 32 19 100
18 45 41 150
18 22 11 99
18 37 13 99
19 31 18 100
19 32 19 100
19 9 19 100
20 19 38 100
20 19 49 99
20 24 41 150
20 24 47 100
20 20 49 150
20 40 11 100
20 30 49 150
21 22 25 99
21 22 38 100
21 19 49 99
21 25 49 150
21 5 49 100
21 30 49 150
21 49 18 99
21 49 49 100
21 32 49 100
22 16 49 100
22 32 8 100
22 32 49 100
22 39 49 100
22 45 49 148
22 19 49 99
22 27 13 99
22 27 49 99
23 2 18 100
23 2 29 99
23 40 11 100
23 28 19 150
24 11 18 100
24 49 49 100
24 20 49 150
24 2 29 99
24 2 49 100
24 32 49 100
24 25 49 150
24 19 38 100
25 17 19 150
25 35 11 99
25 35 18 150
25 6 47 100
26 7 18 100
26 7 38 100
26 23 19 100
27 5 19 150
27 17 29 100
28 25 11 150
28 25 49 150
28 39 18 150
28 39 49 100
28 5 49 100
28 30 49 150
28 32 49 100
29 1 8 148
29 1 18 100
29 23 38 150
29 31 13 99
29 49 49 100
29 32 49 100
29 39 49 100
30 5 49 100
30 37 41 100
30 12 38 150
30 12 47 99
30 14 41 99
30 45 49 148
30 19 49 99
30 39 49 100
30 23 11 99
31 9 19 100
31 9 49 148
31 24 41 150
31 25 49 150
31 7 38 100
31 7 49 148
32 19 19 150
32 19 38 100
32 35 8 100
32 35 11 99
32 2 18 100
33 30 8 99
33 35 19 100
33 2 18 100
34 15 11 100
34 19 19 150
34 7 8 100
35 19 19 150
35 24 47 100
35 11 18 100
35 9 13 100
36 45 18 100
36 40 11 100
36 18 19 150
37 2 8 99
37 2 18 100
37 2 49 100
37 47 11 100
37 45 49 148
37 19 49 99
37 20 49 150
37 9 49 148
38 1 18 100
38 9 19 100
38 18 38 100
38 35 8 100
39 23 11 99
39 23 19 100
39 1 18 100
39 8 19 99
40 38 18 100
40 27 13 99
40 2 8 99
40 17 19 150
41 15 11 100
41 15 41 148
41 24 47 100
41 18 19 150
41 18 38 100
41 44 41 100
42 45 18 100
42 45 49 148
42 8 8 150
42 19 38 100
42 19 49 99
42 2 49 100
42 49 49 100
42 9 49 148
43 29 18 100
43 49 38 150
43 35 8 100
43 35 11 99
43 35 19 100
44 16 25 100
44 30 8 99
44 8 19 99
44 45 18 100
44 19 38 100
45 47 11 100
45 16 49 100
45 25 49 150
45 32 8 100
45 32 49 100
45 30 49 150
45 18 38 100
46 2 49 100
46 23 19 100
47 1 18 100
47 12 38 150
47 47 11 100
47 9 19 100
47 35 19 100
48 40 8 99
48 19 38 100
48 19 49 99
48 16 49 100
48 31 13 99
48 17 29 100
49 7 38 100
49 7 49 148
49 32 19 100
49 32 49 100
49 2 29 99
49 2 49 100
49 31 41 148
49 22 11 99
50 37 8 150
50 37 13 99
50 37 19 150
51 40 11 100
51 39 19 100
51 39 38 150
52 4 19 100
52 16 49 100
52 2 8 99
52 2 18 100
52 2 49 100
52 22 38 100
52 19 49 99
52 9 49 148
52 7 49 148
53 31 41 148
53 2 8 99
53 6 11 148
53 35 19 100
53 29 41 99
54 31 13 99
54 31 18 100
54 35 19 100
54 22 38 100
55 9 19 100
55 40 11 100
55 19 38 100
55 3 18 150
55 23 19 100
56 35 8 100
56 35 19 100
56 25 47 99
56 7 38 100
57 4 19 100
57 33 18 99
57 22 25 99
57 22 38 100
57 31 13 99
58 29 18 100
58 39 49 100
58 2 8 99
58 2 49 100
58 7 38 100
58 7 49 148
58 27 49 99
58 45 49 148
59 39 18 150
59 39 49 100
59 48 2 100
59 40 2 100
59 40 11 100
59 5 49 100
59 9 49 148
59 18 38 100
60 28 18 100
60 28 19 150
60 13 40 100
60 17 29 100
60 8 2 99
60 9 13 100
60 9 49 148
60 5 49 100
60 7 38 100
60 48 2 100
60 2 49 100
61 23 11 99
61 23 19 100
61 15 2 150
61 30 47 99
61 8 2 99
61 8 19 99
61 32 2 100
61 36 2 100
61 48 2 100
61 26 2 100
62 19 38 100
62 3 18 150
62 3 40 100
62 33 2 100
62 8 2 99
62 8 19 99
62 26 2 100
62 35 2 150
63 18 18 100
63 18 19 150
63 36 2 100
63 25 25 99
63 25 47 99
64 32 2 100
64 32 19 100
64 12 11 150
64 18 18 100
64 18 38 100
64 10 2 100
64 21 2 100
65 27 13 99
65 29 18 100
65 9 19 100
65 18 38 100
65 4 19 100
65 36 2 100
65 36 40 99
65 12 47 99
66 9 19 100
66 10 2 100
66 22 11 99
66 22 38 100
66 2 8 99
66 8 2 99
66 40 2 100
67 17 19 150
67 26 2 100
67 26 18 148
67 15 2 150
67 33 2 100
67 21 2 100
67 35 2 150
68 31 13 99
68 31 41 148
68 39 19 100
68 25 47 99
68 48 2 100
68 40 2 100
68 40 11 100
68 33 2 100
68 7 38 100
68 1 40 100
69 30 8 99
69 45 2 150
69 45 18 100
69 32 2 100
69 32 19 100
69 33 2 100
69 36 2 100
69 8 2 99
70 22 11 99
70 22 19 150
70 22 38 100
70 4 8 150
70 37 41 100
70 32 2 100
70 8 2 99
70 48 2 100
71 39 19 100
71 33 2 100
71 33 18 99
71 28 41 99
71 48 2 100
71 22 38 100
71 40 2 100
71 45 2 150
71 31 13 99
72 22 11 99
72 22 19 150
72 22 38 100
72 32 2 100
72 32 19 100
72 30 41 150
72 1 40 100
73 36 2 100
73 4 19 100
73 41 41 150
73 37 41 100
73 15 2 150
73 15 11 100
73 18 38 100
73 32 2 100
73 32 8 100
73 21 2 100
74 33 2 100
74 33 18 99
74 2 8 99
74 26 2 100
74 36 2 100
74 36 40 99
74 15 2 150
74 48 2 100
74 13 38 150
74 17 19 150
74 10 2 100
75 1 47 100
75 32 2 100
75 32 19 100
75 31 41 148
75 36 2 100
75 18 38 100
75 3 11 99
76 9 19 100
76 7 18 100
76 36 2 100
76 8 2 99
77 2 13 99
77 2 29 99
77 13 40 100
77 35 2 150
77 35 19 100
77 10 2 100
77 26 2 100
77 36 2 100
77 39 19 100
77 8 2 99
77 32 2 100
78 19 38 100
78 19 49 99
78 28 18 100
78 8 2 99
78 15 2 150
78 15 11 100
78 40 2 100
78 20 49 150
78 7 25 100
78 7 49 148
78 36 2 100
78 24 47 100
78 9 49 148
79 19 19 150
79 19 38 100
79 11 18 100
79 45 2 150
79 13 40 100
79 36 2 100
80 45 2 150
80 45 18 100
80 32 2 100
80 32 19 100
80 12 47 99
80 33 2 100
80 26 2 100
80 36 2 100
81 21 2 100
81 1 11 150
81 1 18 100
81 5 19 150
81 15 2 150
81 45 2 150
81 26 2 100
82 40 2 100
82 40 8 99
82 35 2 150
82 35 19 100
82 35 40 100
82 20 38 150
82 27 13 99
82 15 2 150
82 33 2 100
82 33 18 99
82 48 2 100
82 45 2 150
83 23 11 99
83 23 19 100
83 23 38 150
83 23 41 100
83 9 19 100
83 29 41 99
83 8 2 99
83 21 2 100
83 33 2 100
84 12 40 100
84 1 8 148
84 1 18 100
84 40 2 100
84 32 2 100
84 32 19 100
84 7 38 100
84 36 2 100
84 21 2 100
85 33 2 100
85 33 18 99
85 3 11 99
85 36 2 100
85 48 2 100
85 9 19 100
85 8 2 99
86 37 19 150
86 25 47 99
86 1 40 100
86 8 2 99
86 22 38 100
86 36 2 100
86 35 2 150
86 35 8 100
87 31 13 99
87 31 18 100
87 19 19 150
87 19 38 100
87 3 11 99
87 15 2 150
87 45 2 150
87 2 8 99
88 8 2 99
88 8 19 99
88 15 2 150
88 15 41 148
88 44 41 100
88 40 2 100
89 39 19 100
89 29 18 100
89 10 2 100
89 15 2 150
89 15 11 100
89 9 19 100
90 2 8 99
90 2 29 99
90 2 49 100
90 8 2 99
90 40 2 100
90 40 11 100
90 5 49 100
90 26 2 100
90 10 2 100
90 39 40 148
90 39 49 100
90 35 2 150
90 32 2 100
90 32 49 100
90 18 38 100
91 21 2 100
91 9 19 100
91 9 49 148
91 1 18 100
91 15 2 150
91 32 2 100
91 32 8 100
91 32 49 100
91 33 2 100
91 45 2 150
91 36 2 100
92 1 18 100
92 8 2 99
92 8 38 150
92 30 49 150
92 27 49 99
92 5 49 100
92 36 2 100
92 32 2 100
92 32 49 100
92 9 49 148
92 48 2 100
92 40 2 100
92 7 25 100
93 36 2 100
93 36 8 148
93 3 18 150
93 32 2 100
93 32 19 100
93 44 25 100
93 10 2 100
93 26 2 100
93 21 2 100
93 8 2 99
93 8 19 99
94 1 18 100
94 19 38 100
94 33 2 100
94 35 2 150
94 35 8 100
94 35 19 100
95 36 2 100
95 36 40 99
95 30 8 99
95 30 49 150
95 32 2 100
95 32 49 100
95 35 2 150
95 35 11 99
95 25 49 150
95 39 38 150
95 39 49 100
95 48 2 100
95 45 2 150
95 16 49 100
95 37 13 99
95 26 2 100
96 30 47 99
96 30 49 150
96 22 25 99
96 22 38 100
96 5 49 100
96 45 2 150
96 45 18 100
96 45 49 148
96 21 2 100
96 7 49 148
96 48 2 100
97 7 38 100
97 28 19 150
97 28 41 99
97 38 30 99
97 32 2 100
97 26 2 100
98 36 2 100
98 17 19 150
98 17 29 100
98 35 2 150
98 35 11 99
98 35 18 150
98 33 2 100
98 28 41 99
98 8 2 99
98 40 2 100
98 19 38 100
99 1 18 100
99 2 8 99
99 35 2 150
99 35 19 100
100 35 2 150
100 35 11 99
100 25 49 150
100 5 30 100
100 5 49 100
100 22 38 100
100 18 38 100
100 10 2 100
100 7 49 148
101 4 19 100
101 31 18 100
101 19 49 99
101 10 2 100
101 7 49 148
101 17 29 100
101 45 2 150
101 36 2 100
101 8 2 99
102 22 11 99
102 22 19 150
102 22 38 100
102 42 47 100
102 3 40 100
102 15 2 150
102 15 41 148
102 26 2 100
102 32 2 100
102 36 2 100
102 45 2 150
103 33 2 100
103 36 2 100
103 19 19 150
103 19 38 100
103 26 2 100
103 26 8 100
103 48 2 100
103 8 2 99
103 38 30 99
104 35 2 150
104 35 11 99
104 35 18 150
104 35 19 100
104 35 40 100
104 8 2 99
104 16 25 100
104 26 2 100
104 22 38 100
105 40 2 100
105 21 2 100
105 31 18 100
105 23 19 100
105 25 47 99
105 7 38 100
105 10 2 100
105 4 19 100
105 35 2 150
106 47 11 100
106 8 2 99
106 8 19 99
106 31 41 148
106 21 2 100
106 21 30 100
106 36 2 100
106 40 2 100
106 32 2 100
106 15 2 150
107 2 29 99
107 45 2 150
107 45 41 150
107 18 19 150
107 18 38 100
107 19 38 100
107 8 2 99
107 10 2 100
107 35 2 150
107 32 2 100
108 15 2 150
108 5 19 150
108 5 30 100
108 37 18 100
108 37 41 100
108 33 2 100
108 20 38 150
108 14 29 100
108 36 2 100
108 26 2 100
109 2 18 100
109 2 29 99
109 5 19 150
109 32 2 100
109 36 2 100
109 43 25 100
109 8 2 99
109 35 2 150
109 45 2 150
110 22 19 150
110 22 38 100
110 42 47 100
110 35 2 150
110 48 2 100
110 5 22 100
110 26 2 100
111 29 18 100
111 7 8 100
111 7 38 100
111 10 2 100
111 8 2 99
111 8 19 99
111 45 2 150
111 47 11 100
112 32 2 100
112 32 19 100
112 21 2 100
112 21 25 150
112 21 30 100
112 23 18 150
112 35 2 150
112 35 40 100
112 26 2 100
112 7 38 100
112 33 2 100
113 31 41 148
113 45 2 150
113 5 19 150
113 5 22 100
113 21 2 100
113 10 2 100
113 48 2 100
114 36 2 100
114 36 8 148
114 49 49 100
114 24 41 150
114 27 49 99
114 25 41 100
114 25 49 150
114 30 49 150
114 21 2 100
114 48 2 100
114 32 2 100
114 32 49 100
115 30 8 99
115 23 11 99
115 23 19 100
115 31 18 100
115 18 38 100
115 12 40 100
116 8 2 99
116 8 19 99
116 25 25 99
116 36 2 100
116 35 2 150
116 35 8 100
116 35 19 100
116 20 30 100
116 10 2 100
116 31 18 100
116 21 2 100
116 32 2 100
116 15 2 150
117 45 2 150
117 8 2 99
117 8 19 99
117 48 2 100
117 1 40 100
117 35 2 150
117 35 8 100
117 35 11 99
118 18 18 100
118 18 19 150
118 18 38 100
118 1 47 100
118 21 2 100
118 36 2 100
118 15 2 150
118 32 2 100
119 33 2 100
119 33 18 99
119 48 2 100
119 40 2 100
119 40 11 100
119 9 19 100
119 39 19 100
119 34 30 100
119 1 40 100
120 5 49 100
120 32 2 100
120 32 8 100
120 32 49 100
120 1 18 100
120 35 2 150
120 40 2 100
120 22 38 100
120 27 49 99
120 16 49 100
120 39 49 100
121 23 11 99
121 23 18 150
121 23 19 100
121 13 40 100
121 15 2 150
121 16 49 100
121 45 2 150
121 21 2 100
122 38 30 99
122 33 2 100
122 45 2 150
122 45 49 148
122 10 2 100
122 25 49 150
122 18 38 100
122 26 2 100
122 26 8 100
122 20 49 150
122 39 49 100
123 18 18 100
123 18 19 150
123 18 28 100
123 18 38 100
123 42 47 100
123 15 2 150
123 15 11 100
124 29 41 99
124 37 19 150
124 45 2 150
124 12 40 100
124 35 2 150
124 10 2 100
124 21 2 100
125 45 2 150
125 45 18 100
125 39 19 100
125 12 11 150
125 12 30 100
125 12 47 99
125 8 2 99
125 18 38 100
125 21 2 100
126 11 18 100
126 48 2 100
126 17 19 150
126 45 2 150
126 33 2 100
127 26 2 100
127 26 18 148
127 13 38 150
127 35 2 150
127 35 19 100
127 48 2 100
127 33 2 100
127 32 2 100
127 10 2 100
128 22 11 99
128 22 19 150
128 22 25 99
128 19 8 150
128 45 2 150
128 33 2 100
128 32 2 100
128 10 2 100
128 35 2 150
129 18 18 100
129 18 19 150
129 18 30 150
129 18 38 100
129 25 47 99
129 8 2 99
129 36 2 100
129 15 2 150
129 35 2 150
130 2 29 99
130 21 2 100
130 49 38 150
130 37 19 150
130 10 2 100
130 36 2 100
130 40 2 100
130 40 11 100
131 1 18 100
131 1 22 150
131 1 40 100
131 18 19 150
131 48 2 100
131 8 2 99
131 35 2 150
132 48 2 100
132 10 2 100
132 21 2 100
132 7 8 100
132 7 18 100
132 3 11 99
132 26 2 100
132 32 2 100
132 32 19 100
133 23 18 150
133 23 19 100
133 40 2 100
133 40 8 99
133 5 30 100
133 18 38 100
133 10 2 100
133 33 2 100
133 8 2 99
133 32 2 100
134 25 11 150
134 8 2 99
134 8 19 99
134 22 38 100
134 48 2 100
134 7 8 100
134 4 19 100
135 33 2 100
135 33 18 99
135 39 49 100
135 3 40 100
135 8 2 99
135 15 2 150
135 18 38 100
135 25 49 150
135 32 2 100
135 32 8 100
135 32 49 100
135 20 49 150
135 45 2 150
135 45 49 148
136 10 2 100
136 18 19 150
136 18 38 100
136 45 2 150
136 45 41 150
136 20 30 100
136 14 41 99
136 33 2 100
136 47 11 100
136 1 47 100
136 21 2 100
137 46 40 148
137 39 18 150
137 39 19 100
137 35 2 150
137 8 2 99
137 7 38 100
137 26 2 100
138 28 18 100
138 15 2 150
138 15 11 100
138 35 2 150
138 7 49 148
138 5 49 100
138 21 2 100
138 33 2 100
138 36 2 100
138 9 49 148
138 39 49 100
139 17 19 150
139 49 18 99
139 49 49 100
139 19 38 100
139 38 30 99
139 21 2 100
139 15 2 150
139 33 2 100
140 4 8 150
140 4 19 100
140 19 38 100
140 12 47 99
140 45 2 150
140 10 2 100
141 18 18 100
141 18 38 100
141 27 49 99
141 39 49 100
141 15 2 150
141 15 11 100
141 35 2 150
141 8 2 99
141 45 2 150
141 45 49 148
141 34 30 100
141 10 2 100
142 21 2 100
142 8 2 99
142 28 18 100
142 26 2 100
142 40 2 100
142 33 2 100
142 30 49 150
142 20 49 150
142 15 2 150
142 9 49 148
142 22 25 99
142 22 38 100
142 48 2 100
143 3 18 150
143 3 40 100
143 17 29 100
143 26 2 100
143 49 49 100
143 16 49 100
143 9 49 148
144 6 11 148
144 11 18 100
144 32 2 100
144 32 8 100
144 32 49 100
144 35 2 150
144 23 38 150
144 40 2 100
144 21 2 100
144 39 49 100
144 36 2 100
144 45 2 150
144 45 49 148
145 12 30 100
145 12 38 150
145 12 47 99
145 30 49 150
145 45 2 150
145 45 49 148
145 39 49 100
145 36 2 100
145 5 49 100
145 16 49 100
145 10 2 100
145 49 49 100
145 20 49 150
145 8 2 99
145 25 49 150
146 1 18 100
146 1 40 100
146 15 2 150
146 15 11 100
146 10 2 100
146 19 19 150
146 19 38 100
146 19 49 99
146 20 49 150
146 17 22 100
146 49 49 100
146 16 49 100
147 36 2 100
147 32 2 100
147 32 8 100
147 32 49 100
147 45 2 150
147 45 18 100
147 45 49 148
147 20 49 150
147 17 22 100
147 16 49 100
147 8 2 99
147 26 2 100
147 39 49 100
147 35 2 150
148 4 19 100
148 2 8 99
148 2 18 100
148 21 2 100
148 15 2 150
148 15 11 100
149 3 40 100
149 12 38 150
149 12 47 99
149 15 2 150
149 15 41 148
149 45 2 150
149 40 2 100
149 8 2 99
149 8 19 99
149 33 2 100
149 36 2 100
149 4 19 100
149 48 2 100
150 28 18 100
150 28 19 150
150 34 30 100
150 40 2 100
150 40 11 100
150 27 49 99
150 10 2 100
150 33 2 100
150 21 2 100
151 9 49 148
151 28 18 100
151 32 2 100
151 32 8 100
151 32 49 100
151 5 49 100
151 26 2 100
151 48 2 100
151 39 49 100
151 2 49 100
151 8 2 99
152 26 2 100
152 26 28 100
152 33 2 100
152 33 18 99
152 18 38 100
152 32 2 100
152 32 19 100
152 15 2 150
152 8 2 99
152 30 8 99
152 45 2 150
153 22 11 99
153 22 19 150
153 2 18 100
153 33 2 100
153 21 2 100
153 21 30 100
154 3 11 99
154 3 40 100
154 1 8 148
154 1 18 100
154 27 49 99
154 8 2 99
154 20 49 150
154 5 49 100
154 30 49 150
154 25 49 150
154 35 2 150
154 48 2 100
155 45 2 150
155 45 18 100
155 2 8 99
155 4 19 100
155 10 2 100
155 48 2 100
156 40 2 100
156 40 11 100
156 32 2 100
156 32 19 100
156 23 19 100
156 23 38 150
156 33 2 100
156 15 2 150
156 45 2 150
157 3 18 150
157 3 47 148
157 20 38 150
157 20 49 150
157 11 25 150
157 1 22 150
157 2 49 100
157 49 49 100
157 10 2 100
157 15 2 150
157 16 49 100
157 40 2 100
158 33 2 100
158 33 18 99
158 23 19 100
158 45 2 150
158 45 49 148
158 8 2 99
158 20 30 100
158 35 2 150
158 35 40 100
158 21 2 100
158 40 2 100
159 12 38 150
159 12 47 99
159 35 2 150
159 35 11 99
159 35 19 100
159 31 18 100
159 40 2 100
159 40 28 100
159 21 2 100
159 32 2 100
160 17 19 150
160 13 38 150
160 49 18 99
160 45 2 150
160 32 2 100
160 32 8 100
160 48 2 100
160 35 2 150
161 25 49 150
161 37 18 100
161 12 30 100
161 16 49 100
161 23 11 99
161 18 38 100
161 21 2 100
161 49 49 100
162 26 2 100
162 26 8 100
162 35 2 150
162 35 11 99
162 35 19 100
162 36 2 100
162 40 2 100
162 18 38 100
162 8 2 99
162 19 49 99
163 19 19 150
163 19 38 100
163 19 49 99
163 23 18 150
163 14 29 100
163 26 2 100
163 21 2 100
164 38 30 99
164 9 19 100
164 10 2 100
164 4 19 100
164 41 41 150
164 33 2 100
164 36 2 100
164 26 2 100
164 29 41 99
165 7 8 100
165 7 38 100
165 7 49 148
165 37 41 100
165 35 2 150
165 35 11 99
165 10 2 100
165 45 2 150
165 45 49 148
165 40 2 100
165 2 49 100
165 44 41 100
166 15 2 150
166 33 2 100
166 33 18 99
166 25 47 99
166 25 49 150
166 37 19 150
166 22 38 100
166 27 49 99
167 33 2 100
167 33 18 99
167 15 2 150
167 15 11 100
167 18 38 100
167 45 2 150
167 45 49 148
167 7 49 148
167 27 49 99
167 49 49 100
167 12 30 100
167 21 2 100
167 10 2 100
168 28 18 100
168 39 19 100
168 39 49 100
168 18 38 100
168 10 2 100
168 15 2 150
168 45 2 150
169 18 19 150
169 18 38 100
169 30 8 99
169 47 11 100
169 3 40 100
169 10 2 100
169 48 2 100
169 35 2 150
169 36 2 100
169 26 2 100
169 21 2 100
170 19 8 150
170 19 19 150
170 45 2 150
170 45 18 100
170 5 22 100
170 10 2 100
171 30 47 99
171 34 30 100
171 23 18 150
171 23 19 100
171 40 2 100
171 7 25 100
171 7 38 100
171 32 2 100
171 35 2 150
172 35 2 150
172 35 11 99
172 35 19 100
172 37 18 100
172 10 2 100
172 21 2 100
172 19 38 100
172 33 2 100
172 45 2 150
173 40 2 100
173 40 8 99
173 40 11 100
173 21 2 100
173 21 30 100
173 17 19 150
173 17 29 100
173 28 18 100
173 36 2 100
173 48 2 100
173 32 2 100
174 4 19 100
174 23 19 100
174 45 2 150
174 30 8 99
174 40 2 100
174 8 2 99
175 49 38 150
175 49 49 100
175 39 49 100
175 20 49 150
175 2 8 99
175 2 49 100
175 36 2 100
175 32 2 100
175 32 49 100
175 10 2 100
175 40 2 100
175 40 11 100
176 7 8 100
176 7 18 100
176 7 38 100
176 7 49 148
176 21 2 100
176 21 22 100
176 48 2 100
176 35 2 150
176 45 2 150
176 45 49 148
176 25 49 150
176 15 2 150
177 32 2 100
177 32 19 100
177 32 49 100
177 27 49 99
177 48 2 100
177 2 18 100
177 15 2 150
177 15 11 100
177 35 2 150
177 12 30 100
177 12 38 150
177 45 2 150
178 18 18 100
178 18 38 100
178 36 2 100
178 36 8 148
178 5 49 100
178 21 2 100
178 16 49 100
178 30 49 150
178 10 2 100
178 20 49 150
178 8 2 99
178 49 49 100
179 28 18 100
179 28 19 150
179 28 38 150
179 11 26 100
179 32 2 100
179 21 2 100
179 36 2 100
179 26 2 100
179 10 2 100
180 37 18 100
180 37 19 150
180 22 11 99
180 34 30 100
180 33 2 100
180 3 11 99
180 36 2 100
180 35 2 150
180 35 8 100
181 37 18 100
181 31 25 99
181 48 2 100
181 47 26 99
181 25 47 99
181 25 49 150
181 7 38 100
181 7 49 148
181 9 49 148
181 21 2 100
182 2 49 100
182 34 22 150
182 41 41 150
182 40 2 100
182 35 2 150
182 22 38 100
182 5 49 100
183 36 2 100
183 49 18 99
183 49 49 100
183 40 2 100
183 40 8 99
183 9 49 148
183 20 49 150
183 6 26 99
183 2 49 100
183 7 49 148
183 8 2 99
183 45 2 150
183 45 49 148
184 17 19 150
184 15 2 150
184 37 18 100
184 33 2 100
184 32 2 100
184 32 8 100
184 32 49 100
184 26 2 100
184 35 2 150
184 8 2 99
184 19 38 100
184 19 49 99
185 48 2 100
185 25 41 100
185 25 47 99
185 25 49 150
185 1 26 100
185 39 19 100
185 22 38 100
185 36 2 100
185 37 41 100
185 33 2 100
186 40 2 100
186 40 8 99
186 31 18 100
186 22 19 150
186 22 38 100
186 48 2 100
186 36 2 100
186 15 2 150
186 34 30 100
187 5 19 150
187 1 26 100
187 45 2 150
187 2 8 99
187 36 2 100
188 23 18 150
188 23 19 100
188 33 2 100
188 40 2 100
188 38 30 99
189 34 26 99
189 35 2 150
189 35 8 100
189 35 19 100
189 38 18 100
189 18 38 100
189 33 2 100
190 15 2 150
190 7 8 100
190 7 18 100
190 7 38 100
190 33 2 100
190 18 19 150
190 36 2 100
190 8 2 99
191 10 2 100
191 16 49 100
191 39 49 100
191 14 29 100
191 14 41 99
191 35 2 150
191 38 30 99
191 1 26 100
191 5 49 100
191 23 41 100
191 36 2 100
191 26 2 100
191 20 49 150
191 25 49 150
192 10 2 100
192 19 8 150
192 19 38 100
192 19 49 99
192 8 2 99
192 38 18 100
192 49 49 100
192 26 2 100
192 27 49 99
192 36 2 100
192 39 49 100
192 2 49 100
193 21 2 100
193 9 19 100
193 14 38 150
193 45 2 150
193 23 19 100
193 26 2 100
193 26 8 100
193 11 26 100
194 20 38 150
194 20 49 150
194 39 18 150
194 39 22 100
194 39 49 100
194 7 49 148
194 27 49 99
194 36 2 100
194 8 2 99
194 45 2 150
194 45 49 148
194 15 2 150
195 14 41 99
195 7 38 100
195 10 2 100
195 39 19 100
195 23 41 100
195 47 26 99
195 48 2 100
195 1 47 100
195 8 2 99
196 37 18 100
196 37 19 150
196 40 2 100
196 40 8 99
196 10 2 100
196 12 30 100
196 21 2 100
196 48 2 100
196 26 2 100
197 18 18 100
197 18 19 150
197 18 38 100
197 26 2 100
197 32 2 100
197 6 26 99
197 35 2 150
197 36 2 100
197 45 2 150
197 15 2 150
197 22 38 100
198 7 18 100
198 7 38 100
198 2 29 99
198 26 2 100
198 40 2 100
198 45 2 150
198 4 19 100
198 15 2 150
199 10 2 100
199 39 22 100
199 39 49 100
199 35 2 150
199 40 2 100
199 7 49 148
199 19 49 99
199 45 2 150
199 45 49 148
199 30 49 150
199 36 2 100
200 22 19 150
200 22 38 100
200 26 2 100
200 14 41 99
200 25 41 100
200 25 47 99
200 1 26 100
200 21 2 100
200 36 2 100
201 0 41 148
201 4 19 100
201 36 2 100
201 33 2 100
201 21 2 100
201 21 30 100
201 45 2 150
201 26 2 100
202 23 18 150
202 23 19 100
202 5 22 100
202 12 47 99
202 45 2 150
202 9 19 100
202 6 26 99
203 7 49 148
203 49 24 150
203 49 49 100
203 8 2 99
203 8 24 150
203 41 41 150
203 1 22 150
203 44 22 148
203 30 49 150
203 48 2 100
203 33 2 100
203 21 2 100
204 32 2 100
204 32 19 100
204 32 49 100
204 33 2 100
204 33 18 99
204 5 30 100
204 5 49 100
204 1 26 100
205 2 8 99
205 23 19 100
205 23 41 100
205 17 24 150
205 25 41 100
205 45 2 150
205 20 24 100
205 21 2 100
205 40 2 100
205 26 2 100
206 41 24 150
206 9 49 148
206 1 18 100
206 1 24 100
206 1 26 100
206 1 47 100
206 30 49 150
206 32 2 100
206 32 49 100
206 2 49 100
206 24 20 100
206 20 24 100
206 20 30 100
206 15 2 150
206 5 49 100
206 26 2 100
207 28 18 100
207 28 19 150
207 21 2 100
207 10 2 100
207 32 2 100
207 15 2 150
207 17 29 100
207 45 2 150
207 33 2 100
208 19 8 150
208 19 49 99
208 15 2 150
208 11 26 100
208 42 24 100
208 41 24 150
208 2 49 100
208 9 49 148
208 32 2 100
208 32 49 100
208 48 2 100
208 1 24 100
208 30 49 150
208 21 2 100
209 5 19 150
209 5 30 100
209 38 18 100
209 19 20 99
209 30 8 99
209 48 2 100
209 35 2 150
209 15 2 150
209 10 2 100
210 19 19 150
210 28 18 100
210 36 2 100
210 32 2 100
210 8 2 99
210 26 2 100
210 33 2 100
211 19 19 150
211 12 47 99
211 35 2 150
211 35 18 150
211 38 22 100
211 26 2 100
211 26 26 150
211 33 2 100
211 40 2 100
211 36 2 100
211 10 2 100
212 5 19 150
212 36 2 100
212 21 2 100
212 8 2 99
212 18 18 100
212 33 2 100
212 2 8 99
213 42 37 100
213 26 2 100
213 26 37 99
213 21 2 100
213 36 2 100
213 32 2 100
213 32 19 100
213 40 2 100
213 35 2 150
213 6 26 99
214 26 2 100
214 26 8 100
214 26 18 148
214 26 37 99
214 17 19 150
214 17 22 100
214 17 24 150
214 29 22 100
214 12 30 100
214 10 2 100
214 27 37 150
214 23 37 99
214 0 24 100
214 40 2 100
214 19 22 148
215 18 18 100
215 18 19 150
215 23 37 99
215 49 37 100
215 48 2 100
215 48 37 100
215 8 2 99
215 8 37 99
215 24 47 100
215 5 22 100
215 1 26 100
215 32 2 100
215 40 2 100
215 26 2 100
216 42 24 100
216 42 37 100
216 18 18 100
216 18 19 150
216 40 2 100
216 20 24 100
216 41 24 150
216 36 2 100
216 32 2 100
217 10 2 100
217 7 8 100
217 28 41 99
217 0 37 150
217 0 41 148
217 21 2 100
217 40 2 100
217 1 26 100
217 15 2 150
217 32 2 100
218 23 37 99
218 5 22 100
218 21 2 100
218 48 2 100
218 48 37 100
218 8 2 99
218 8 37 99
218 32 2 100
218 11 18 100
219 15 2 150
219 12 30 100
219 12 47 99
219 0 24 100
219 0 37 150
219 35 2 150
219 27 37 150
219 45 2 150
219 21 2 100
219 23 37 99
219 41 24 150
220 20 24 100
220 29 18 100
220 15 2 150
220 35 2 150
220 21 2 100
220 41 24 150
220 19 37 150
220 27 37 150
220 23 37 99
220 42 24 100
220 42 37 100
221 26 2 100
221 26 8 100
221 26 18 148
221 26 20 99
221 26 26 150
221 26 37 99
221 38 30 99
221 11 26 100
221 39 37 100
221 42 37 100
221 8 2 99
221 8 37 99
222 25 20 100
222 25 41 100
222 49 37 100
222 23 37 99
222 23 41 100
222 36 2 100
222 21 2 100
222 32 2 100
222 40 2 100
222 48 2 100
222 48 37 100
222 17 29 100
223 26 2 100
223 26 8 100
223 26 20 99
223 26 37 99
223 10 2 100
223 35 2 150
223 18 18 100
223 27 37 150
223 36 2 100
223 34 26 99
223 45 2 150
223 39 37 100
224 30 4 100
224 30 8 99
224 30 41 150
224 33 2 100
224 33 37 100
224 12 30 100
224 10 2 100
224 19 37 150
224 49 37 100
225 35 2 150
225 35 8 100
225 18 18 100
225 10 2 100
225 8 2 99
225 8 24 150
225 8 37 99
225 45 2 150
225 40 2 100
225 19 37 150
225 21 2 100
225 48 2 100
225 48 37 100
225 33 2 100
225 33 24 148
226 11 4 150
226 11 20 150
226 11 26 100
226 26 2 100
226 26 37 99
226 42 24 100
226 42 37 100
226 39 24 99
226 39 37 100
226 10 2 100
226 20 24 100
226 33 2 100
226 21 2 100
227 26 2 100
227 26 8 100
227 26 18 148
227 26 37 99
227 1 24 100
227 1 26 100
227 1 29 150
227 45 2 150
227 36 2 100
227 32 2 100
227 27 37 150
227 49 37 100
227 40 2 100
227 5 30 100
228 19 20 99
228 19 37 150
228 10 2 100
228 0 4 100
228 0 37 150
228 15 2 150
228 48 2 100
228 45 2 150
228 45 18 100
228 7 8 100
229 47 26 99
229 8 2 99
229 8 37 99
229 40 2 100
229 40 8 99
229 30 4 100
229 26 2 100
229 26 37 99
229 45 2 150
229 42 37 100
230 19 37 150
230 35 2 150
230 21 2 100
230 21 30 100
230 40 2 100
230 27 37 150
231 32 2 100
231 32 8 100
231 34 43 150
231 49 37 100
231 49 43 148
231 33 2 100
231 33 37 100
231 8 2 99
231 8 37 99
231 21 2 100
231 37 43 150
231 45 2 150
231 45 43 100
231 23 37 99
231 23 43 100
232 17 43 100
232 24 47 100
232 47 43 100
232 20 43 148
232 34 43 150
232 15 2 150
232 15 43 99
232 37 4 99
232 37 43 150
232 8 2 99
232 8 37 99
232 25 43 150
232 7 43 150
233 28 43 100
233 27 20 100
233 27 37 150
233 27 43 150
233 42 37 100
233 6 4 100
233 17 43 100
233 45 2 150
233 45 43 100
233 38 30 99
233 49 37 100
233 32 2 100
233 48 2 100
233 48 37 100
233 48 43 100
234 15 2 150
234 8 2 99
234 8 37 99
234 27 37 150
234 0 37 150
235 32 2 100
235 32 8 100
235 0 4 100
235 0 24 100
235 0 37 150
235 2 8 99
235 36 2 100
235 8 2 99
235 8 24 150
235 8 37 99
235 33 2 100
235 40 2 100
236 0 4 100
236 0 37 150
236 15 2 150
236 48 2 100
236 48 37 100
236 1 47 100
236 35 2 150
236 39 37 100
236 12 30 100
237 8 2 99
237 8 37 99
237 49 37 100
237 14 29 100
237 35 2 150
237 33 2 100
237 33 37 100
238 10 2 100
238 21 2 100
238 21 22 100
238 36 2 100
238 48 2 100
238 48 37 100
238 30 4 100
238 30 8 99
238 32 2 100
238 38 24 150
239 1 4 99
239 1 24 100
239 27 37 150
239 15 2 150
239 37 24 100
239 19 37 150
239 42 37 100
239 32 2 100
240 16 24 150
240 19 37 150
240 48 2 100
240 48 37 100
240 33 2 100
240 33 24 148
240 33 37 100
240 32 2 100
240 32 8 100
240 8 2 99
240 8 37 99
240 5 30 100
240 15 2 150
241 35 2 150
241 45 2 150
241 38 22 100
241 38 24 150
241 16 24 150
241 25 22 150
241 25 47 99
241 1 4 99
241 10 2 100
241 28 22 100
241 15 2 150
242 42 37 100
242 11 20 150
242 48 2 100
242 48 37 100
242 2 4 100
242 26 2 100
242 26 37 99
242 33 2 100
242 33 37 100
242 8 2 99
242 8 37 99
242 40 2 100
242 23 37 99
243 20 30 100
243 23 37 99
244 8 8 150
244 8 37 99
244 38 22 100
244 19 37 150
244 2 4 100
245 32 8 100
245 32 22 148
245 1 4 99
245 1 22 150
245 39 37 100
245 33 37 100
246 42 37 100
246 42 47 100
246 44 22 148
246 33 37 100
246 26 37 99
246 39 37 100
246 27 37 150
247 33 37 100
247 23 37 99
247 31 20 150
247 2 4 100
247 39 37 100
248 8 37 99
248 20 30 100
248 32 8 100
248 26 4 100
248 26 37 99
248 39 37 100
248 48 37 100
249 12 20 150
249 19 37 150
249 17 24 150
249 16 24 150
250 23 37 99
250 16 24 150
250 33 24 148
250 33 37 100
250 30 4 100
250 30 8 99
250 5 30 100
251 1 4 99
251 1 47 100
251 33 37 100
251 19 37 150
251 0 37 150
251 8 37 99
252 45 43 100
252 28 43 100
252 35 8 100
252 35 43 148
252 42 37 100
252 15 43 99
252 49 37 100
252 49 43 148
252 27 37 150
252 27 43 150
252 17 43 100
253 25 43 150
253 7 43 150
253 15 43 99
253 19 37 150
253 19 43 150
253 28 43 100
253 35 43 148
253 21 30 100
253 27 37 150
253 27 43 150
253 1 43 150
253 34 43 150
254 40 8 99
254 15 43 99
254 49 37 100
254 27 37 150
254 30 4 100
254 8 37 99
254 39 37 100
255 0 4 100
255 0 37 150
255 36 8 148
255 26 37 99
256 39 37 100
256 8 37 99
256 33 37 100
256 49 37 100
256 48 37 100
256 23 37 99
257 37 4 99
257 33 37 100
257 24 20 100
257 21 30 100
257 32 8 100
257 27 37 150
258 26 4 100
258 26 8 100
258 26 37 99
258 48 37 100
258 33 37 100
258 23 37 99
259 28 43 100
259 37 43 150
259 26 37 99
259 23 37 99
259 23 43 100
259 48 37 100
259 48 43 100
259 35 43 148
259 45 43 100
259 1 43 150
259 1 47 100
259 19 43 150
260 8 24 150
260 8 37 99
260 35 8 100
260 35 43 148
260 4 43 100
260 34 30 100
260 34 43 150
260 28 43 100
260 25 43 150
260 47 43 100
260 1 24 100
260 1 43 150
260 19 37 150
260 19 43 150
261 33 24 148
261 33 37 100
261 15 43 99
261 8 37 99
261 19 37 150
261 19 43 150
261 37 4 99
262 6 47 100
262 33 37 100
262 37 4 99
262 42 37 100
262 0 37 150
263 48 37 100
263 48 43 100
263 47 43 100
263 28 43 100
263 35 8 100
263 35 43 148
263 5 30 100
263 45 43 100
263 15 43 99
263 25 20 100
263 25 43 150
263 17 43 100
263 37 43 150
263 4 43 100
263 0 37 150
264 1 43 150
264 0 37 150
264 19 37 150
264 19 43 150
264 35 43 148
264 8 37 99
264 47 43 100
264 23 43 100
265 41 24 150
265 25 20 100
265 25 43 150
265 27 37 150
265 27 43 150
265 49 24 150
265 49 37 100
265 49 43 148
265 34 30 100
265 34 43 150
265 45 43 100
265 47 43 100
265 23 37 99
265 23 43 100
266 7 43 150
266 30 4 100
266 30 47 99
266 47 43 100
266 1 43 150
266 17 43 100
266 19 37 150
266 19 43 150
266 27 37 150
266 27 43 150
267 37 8 150
267 37 43 150
267 19 37 150
267 19 43 150
267 47 43 100
267 26 37 99
267 4 43 100
267 8 37 99
267 7 43 150
268 31 4 150
268 15 43 99
268 19 37 150
268 19 43 150
268 21 30 100
268 27 37 150
268 47 43 100
269 0 37 150
269 23 37 99
269 19 20 99
270 12 47 99
270 48 37 100
270 42 37 100
271 49 4 148
271 49 24 150
271 49 37 100
271 16 20 99
271 16 24 150
271 39 37 100
271 38 30 99
271 42 37 100
272 8 37 99
272 37 4 99
272 2 29 99
272 48 37 100
272 33 37 100
272 26 37 99
272 39 37 100
273 6 47 100
273 42 37 100
273 39 37 100
273 23 37 99
274 8 37 99
274 33 37 100
274 19 20 99
274 19 37 150
274 34 30 100
274 49 4 148
275 34 22 150
275 25 22 150
275 2 8 99
275 49 37 100
275 33 37 100
275 0 37 150
276 23 37 99
276 17 22 100
276 17 24 150
276 27 20 100
276 27 37 150
276 26 4 100
276 26 8 100
276 5 30 100
276 16 24 150
277 30 8 99
277 48 37 100
277 48 43 100
277 7 43 150
277 1 43 150
277 20 43 148
277 42 37 100
277 37 43 150
277 4 43 100
278 16 20 99
278 34 43 150
278 30 4 100
278 30 47 99
278 26 37 99
278 39 37 100
278 8 37 99
278 49 37 100
278 49 43 148
279 1 43 150
279 7 43 150
279 45 43 100
279 21 30 100
279 49 37 100
279 49 43 148
279 47 43 100
279 23 37 99
279 23 43 100
280 40 8 99
280 27 37 150
280 27 43 150
280 26 4 100
280 26 37 99
280 19 37 150
280 19 43 150
280 20 24 100
280 47 43 100
280 8 24 150
280 8 37 99
280 1 24 100
281 37 4 99
281 49 37 100
281 43 20 100
281 27 37 150
281 12 47 99
282 2 8 99
282 33 37 100
282 34 30 100
282 42 37 100
282 27 37 150
282 48 37 100
283 17 24 150
283 19 20 99
283 19 37 150
283 49 24 150
283 49 37 100
284 8 37 99
285 0 24 100
285 0 37 150
285 23 37 99
285 26 37 99
285 42 24 100
285 42 37 100
285 38 24 150
285 48 37 100
286 49 37 100
286 48 37 100
286 19 37 150
287 0 24 100
287 0 37 150
287 42 24 100
287 42 37 100
287 39 24 99
287 39 37 100
288 19 20 99
288 19 37 150
288 23 37 99
288 49 24 150
288 37 24 100
289 48 37 100
289 23 37 99
289 8 37 99
289 39 37 100
291 36 47 150
294 25 47 99
296 24 47 100
298 42 47 100
300 12 47 99
302 26 8 100
303 12 47 99
306 12 47 99
308 25 47 99
310 1 47 100
312 42 47 100
316 12 47 99
317 6 47 100
319 12 47 99
321 24 47 100
323 24 47 100
326 25 47 99
328 25 47 99
330 42 47 100
332 6 47 100
334 42 47 100
337 25 47 99
339 24 47 100
341 6 47 100
343 42 47 100
346 42 47 100
348 30 47 99
350 6 47 100
352 42 47 100
354 30 47 99
357 1 47 100
359 30 47 99
361 6 47 100
364 30 47 99
365 30 47 99
368 42 47 100
370 12 47 99
372 6 47 100
374 30 47 99
376 25 47 99
380 36 47 150
382 25 47 99
384 24 47 100
386 6 47 100
389 6 47 100
391 24 47 100
393 1 47 100
395 42 47 100
398 40 8 99
399 12 47 99
401 1 47 100
403 6 47 100
405 6 47 100
407 12 47 99
410 6 47 100
412 12 47 99
414 24 47 100
416 24 47 100
419 42 47 100
421 12 47 99
423 42 47 100
425 25 47 99
427 1 47 100
430 6 47 100
432 30 47 99
434 42 47 100
435 37 8 150
437 42 47 100
439 12 47 99
442 6 47 100
444 6 47 100
446 1 47 100
448 6 47 100
451 25 47 99
453 30 47 99
455 12 47 99
457 25 47 99
459 24 47 100
462 24 47 100
464 25 47 99
466 6 47 100
468 42 47 100
470 6 47 100
473 25 47 99
475 24 47 100
478 6 47 100
479 1 47 100
482 25 47 99
485 24 47 100
486 42 47 100
488 30 47 99
490 42 47 100
493 24 47 100
495 12 47 99
497 6 47 100
498 49 24 150
498 8 24 150
499 0 24 100
499 24 47 100
501 1 47 100
502 42 24 100
502 39 24 99
503 42 24 100
504 24 47 100
506 42 47 100
508 42 47 100
510 12 47 99
513 12 47 99
513 38 24 150
513 42 24 100
515 24 47 100
516 38 24 150
516 20 24 100
516 42 24 100
517 25 47 99
518 8 24 150
518 38 24 150
519 25 47 99
521 24 47 100
522 41 24 150
522 39 24 99
523 39 24 99
524 1 47 100
526 12 47 99
528 42 24 100
528 42 47 100
528 41 24 150
530 25 47 99
532 1 47 100
535 42 47 100
537 6 47 100
539 12 47 99
541 6 47 100
544 25 47 99
546 6 47 100
548 12 47 99
550 30 47 99
552 6 47 100
555 12 47 99
557 1 47 100
559 12 47 99
561 1 47 100
563 42 47 100
565 37 24 100
565 20 24 100
565 39 24 99
566 6 47 100
566 0 24 100
568 6 47 100
570 24 47 100
572 6 47 100
574 12 47 99
