19 22 2 100
19 22 6 148
19 22 11 99
19 22 14 150
19 22 19 100
19 22 37 150
48 22 2 100
48 22 6 148
48 22 11 99
48 22 14 150
48 22 19 100
48 22 37 150
56 22 2 100
56 22 6 148
56 22 11 99
56 22 14 150
56 22 19 100
56 22 37 150
81 22 2 100
81 22 6 148
81 22 11 99
81 22 14 150
81 22 19 100
81 22 37 150
99 22 2 100
99 22 6 148
99 22 11 99
99 22 14 150
99 22 19 100
99 22 37 150
102 22 2 100
102 22 6 148
102 22 11 99
102 22 14 150
102 22 19 100
102 22 37 150
106 22 2 100
106 22 6 148
106 22 11 99
106 22 14 150
106 22 19 100
106 22 37 150
123 22 2 100
123 22 6 148
123 22 11 99
123 22 14 150
123 22 19 100
123 22 37 150
133 22 2 100
133 22 6 148
133 22 11 99
133 22 14 150
133 22 19 100
133 22 37 150
157 22 2 100
157 22 6 148
157 22 11 99
157 22 14 150
157 22 19 100
157 22 37 150
169 22 2 100
169 22 6 148
169 22 11 99
169 22 14 150
169 22 19 100
169 22 37 150
190 22 2 100
190 22 6 148
190 22 11 99
190 22 14 150
190 22 19 100
190 22 37 150
191 22 2 100
191 22 6 148
191 22 11 99
191 22 14 150
191 22 19 100
191 22 37 150
196 22 2 100
196 22 6 148
196 22 11 99
196 22 14 150
196 22 19 100
196 22 37 150
209 22 2 100
209 22 6 148
209 22 11 99
209 22 14 150
209 22 19 100
209 22 37 150
235 22 2 100
235 22 6 148
235 22 11 99
235 22 14 150
235 22 19 100
235 22 37 150
262 22 2 100
262 22 6 148
262 22 11 99
262 22 14 150
262 22 19 100
262 22 37 150
294 22 2 100
294 22 6 148
294 22 11 99
294 22 14 150
294 22 19 100
294 22 37 150
300 22 2 100
300 22 6 148
300 22 11 99
300 22 14 150
300 22 19 100
300 22 37 150
307 22 2 100
307 22 6 148
307 22 11 99
307 22 14 150
307 22 19 100
307 22 37 150
312 22 2 100
312 22 6 148
312 22 11 99
312 22 14 150
312 22 19 100
312 22 37 150
317 22 2 100
317 22 6 148
317 22 11 99
317 22 14 150
317 22 19 100
317 22 37 150
326 22 2 100
326 22 6 148
326 22 11 99
326 22 14 150
326 22 19 100
326 22 37 150
329 22 2 100
329 22 6 148
329 22 11 99
329 22 14 150
329 22 19 100
329 22 37 150
331 22 2 100
331 22 6 148
331 22 11 99
331 22 14 150
331 22 19 100
331 22 37 150
337 22 2 100
337 22 6 148
337 22 11 99
337 22 14 150
337 22 19 100
337 22 37 150
339 22 2 100
339 22 6 148
339 22 11 99
339 22 14 150
339 22 19 100
339 22 37 150
344 22 2 100
344 22 6 148
344 22 11 99
344 22 14 150
344 22 19 100
344 22 37 150
349 22 2 100
349 22 6 148
349 22 11 99
349 22 14 150
349 22 19 100
349 22 37 150
352 22 2 100
352 22 6 148
352 22 11 99
352 22 14 150
352 22 19 100
352 22 37 150
366 22 2 100
366 22 6 148
366 22 11 99
366 22 14 150
366 22 19 100
366 22 37 150
372 22 2 100
372 22 6 148
372 22 11 99
372 22 14 150
372 22 19 100
372 22 37 150
389 22 2 100
389 22 6 148
389 22 11 99
389 22 14 150
389 22 19 100
389 22 37 150
396 22 2 100
396 22 6 148
396 22 11 99
396 22 14 150
396 22 19 100
396 22 37 150
397 22 2 100
397 22 6 148
397 22 11 99
397 22 14 150
397 22 19 100
397 22 37 150
408 22 2 100
408 22 6 148
408 22 11 99
408 22 14 150
408 22 19 100
408 22 37 150
417 22 2 100
417 22 6 148
417 22 11 99
417 22 14 150
417 22 19 100
417 22 37 150
420 22 2 100
420 22 6 148
420 22 11 99
420 22 14 150
420 22 19 100
420 22 37 150
423 22 2 100
423 22 6 148
423 22 11 99
423 22 14 150
423 22 19 100
423 22 37 150
426 22 2 100
426 22 6 148
426 22 11 99
426 22 14 150
426 22 19 100
426 22 37 150
431 22 2 100
431 22 6 148
431 22 11 99
431 22 14 150
431 22 19 100
431 22 37 150
434 22 2 100
434 22 6 148
434 22 11 99
434 22 14 150
434 22 19 100
434 22 37 150
439 22 2 100
439 22 6 148
439 22 11 99
439 22 14 150
439 22 19 100
439 22 37 150
440 22 2 100
440 22 6 148
440 22 11 99
440 22 14 150
440 22 19 100
440 22 37 150
445 22 2 100
445 22 6 148
445 22 11 99
445 22 14 150
445 22 19 100
445 22 37 150
446 22 2 100
446 22 6 148
446 22 11 99
446 22 14 150
446 22 19 100
446 22 37 150
453 22 2 100
453 22 6 148
453 22 11 99
453 22 14 150
453 22 19 100
453 22 37 150
460 22 2 100
460 22 6 148
460 22 11 99
460 22 14 150
460 22 19 100
460 22 37 150
461 21 14 148
461 21 19 30
461 21 26 100
461 21 30 100
461 21 33 150
461 21 40 99
461 14 1 99
461 14 9 100
461 14 19 2
461 14 43 148
461 40 3 99
461 40 6 150
461 40 9 150
461 40 11 99
461 40 14 148
461 40 40 150
461 4 3 150
461 4 4 100
461 4 5 148
461 4 6 99
461 4 14 100
461 4 21 150
461 4 26 100
461 4 33 150
461 10 2 100
461 10 4 150
461 10 5 100
461 10 11 150
461 10 14 150
461 10 21 100
461 10 32 150
461 17 1 100
461 17 14 100
461 17 20 100
461 17 21 150
461 17 32 148
461 17 33 99
461 34 9 100
461 34 21 100
461 34 23 100
461 34 37 150
461 34 40 99
461 34 43 148
461 34 47 150
461 45 5 100
461 45 9 100
461 45 11 100
461 45 26 16
461 23 20 100
461 23 32 150
461 23 39 148
461 23 43 100
461 23 47 150
461 47 1 10
461 47 9 99
461 47 33 148
461 47 36 84
461 47 39 92
461 20 32 100
461 20 33 148
461 20 40 100
461 20 43 100
461 24 2 150
461 24 20 150
461 24 33 150
461 24 37 150
461 24 40 100
461 24 43 100
461 49 6 150
461 49 21 150
461 49 33 100
461 49 47 150
461 2 2 100
461 2 4 150
461 2 5 100
461 2 21 150
461 2 23 100
461 2 32 100
461 13 3 100
461 13 6 150
461 13 11 148
461 13 20 150
461 13 43 100
461 0 5 100
461 0 6 150
461 0 23 100
462 24 2 150
462 24 20 150
462 24 33 150
462 24 37 150
462 24 40 100
462 24 43 100
462 23 20 100
462 23 32 150
462 23 43 100
462 23 47 150
462 34 9 100
462 34 21 100
462 34 23 100
462 34 37 150
462 34 40 99
462 34 43 148
462 34 47 150
462 41 9 10
462 41 33 100
462 19 4 56
462 31 3 150
462 31 14 150
462 31 20 100
462 31 23 150
462 31 33 150
462 31 37 150
462 31 40 100
462 11 5 100
462 11 39 1
462 42 5 150
462 42 21 100
462 42 43 150
462 45 5 100
462 45 11 100
462 46 14 150
462 46 30 150
462 46 33 100
462 46 43 100
462 4 3 150
462 4 4 3
462 4 6 99
462 4 14 100
462 4 21 150
462 4 33 150
462 16 40 100
462 7 3 100
462 7 11 100
462 7 14 148
462 40 3 99
462 40 6 150
462 40 11 99
462 40 14 148
462 40 40 150
462 3 11 150
462 3 40 100
462 13 3 100
462 13 6 150
462 13 11 148
462 13 20 150
462 13 43 100
463 45 5 100
463 45 11 100
463 45 26 8
463 5 5 99
463 5 9 1
463 5 33 100
463 5 47 99
463 4 3 150
463 4 5 148
463 4 6 99
463 4 14 100
463 4 21 150
463 4 33 150
463 31 3 150
463 31 14 150
463 31 20 100
463 31 23 150
463 31 33 150
463 31 37 150
463 31 40 100
463 39 14 148
463 39 20 100
463 39 21 150
463 39 23 100
463 39 32 150
463 39 33 100
463 39 40 150
463 18 20 150
463 18 23 150
463 18 32 100
463 27 2 100
463 27 21 150
463 25 5 100
463 25 32 100
463 25 37 150
463 25 40 100
463 22 2 100
463 22 6 148
463 22 11 99
463 22 14 150
463 22 19 24
463 43 6 150
463 43 11 100
463 43 23 150
463 43 43 150
463 47 5 150
463 47 33 148
463 47 37 150
463 11 5 100
463 9 23 150
463 9 30 150
463 9 37 150
463 9 43 100
463 2 2 100
463 2 5 100
463 2 21 150
463 2 23 100
463 2 32 100
463 32 6 100
463 32 14 100
463 32 32 100
463 17 14 100
463 17 20 100
463 17 21 150
463 17 32 148
463 17 33 99
464 10 2 100
464 10 5 100
464 10 11 150
464 10 14 150
464 10 21 100
464 10 32 150
464 37 21 148
464 37 30 100
464 43 6 150
464 43 11 100
464 43 23 150
464 43 43 150
464 12 2 99
464 12 6 148
464 12 30 100
464 12 40 100
464 12 47 148
464 24 2 150
464 24 20 150
464 24 33 150
464 24 37 150
464 24 40 100
464 24 43 100
464 13 3 100
464 13 6 150
464 13 11 148
464 13 20 150
464 13 43 100
464 31 3 132
464 31 20 100
464 31 23 150
464 31 33 150
464 31 37 150
464 31 40 100
464 28 5 100
464 28 11 100
464 28 23 100
464 28 43 150
464 28 47 100
464 25 5 100
464 25 32 100
464 25 37 150
464 25 40 100
464 45 5 44
464 16 19 24
464 1 6 150
464 1 40 148
464 1 47 100
464 0 6 150
464 0 23 100
464 29 2 100
464 29 14 150
464 29 40 148
464 35 14 150
464 35 23 150
464 35 32 100
464 35 40 100
464 35 43 150
464 40 6 150
464 40 11 99
464 40 14 148
464 40 40 150
465 41 32 150
465 41 33 100
465 36 2 150
465 36 14 148
465 36 47 150
465 20 6 148
465 20 32 100
465 20 33 68
465 20 43 100
465 2 2 100
465 2 21 150
465 2 23 100
465 2 32 100
465 33 21 100
465 33 23 150
465 22 2 100
465 22 6 148
465 22 11 99
465 22 14 150
465 22 37 150
465 34 21 100
465 34 23 100
465 34 37 150
465 34 40 99
465 34 43 148
465 34 47 150
465 32 6 100
465 32 14 100
465 32 32 100
465 12 2 99
465 12 6 148
465 12 30 100
465 12 40 100
465 12 47 148
465 1 6 150
465 1 40 148
465 1 47 100
465 6 30 150
465 6 43 100
465 6 47 100
465 26 6 100
465 26 11 100
465 26 40 148
465 30 14 150
465 30 21 100
465 30 47 100
465 10 2 100
465 10 11 150
465 10 14 150
465 10 21 100
465 10 32 150
465 39 14 148
465 39 20 100
465 39 21 150
465 39 23 100
465 39 32 150
465 39 33 2
465 31 14 150
465 31 20 100
465 31 23 150
465 31 37 150
465 31 40 100
466 5 2 32
466 5 33 38
466 20 6 148
466 20 32 100
466 20 40 100
466 20 43 100
466 33 21 100
466 33 23 150
466 33 26 6
466 13 11 148
466 13 20 150
466 13 43 100
466 14 30 40
466 28 11 100
466 28 23 100
466 28 43 150
466 28 47 8
466 8 43 99
466 3 11 150
466 3 26 2
466 48 14 150
466 48 21 100
466 30 14 150
466 30 21 100
466 12 2 3
466 12 40 100
466 36 14 148
466 18 20 150
466 18 23 150
466 18 32 100
466 16 40 100
466 32 6 100
466 32 14 100
466 32 32 100
466 23 20 100
466 23 32 150
466 23 43 100
467 2 2 16
467 2 23 100
467 2 32 100
467 22 6 148
467 22 11 99
467 22 14 150
467 22 37 150
467 13 6 150
467 13 11 148
467 13 20 150
467 13 43 32
467 44 21 99
467 44 33 36
467 17 14 100
467 17 20 100
467 17 21 21
467 10 11 150
467 10 14 150
467 10 21 2
467 48 14 150
467 32 6 100
467 32 14 100
467 32 32 100
467 47 37 150
467 4 6 99
467 4 14 100
467 35 14 150
467 35 23 150
467 35 32 100
467 35 40 100
467 28 11 100
467 28 23 100
468 4 6 99
468 4 14 100
468 4 21 9
468 48 19 24
468 31 20 100
468 31 23 150
468 31 37 150
468 31 40 100
468 9 23 150
468 9 37 150
468 12 2 15
468 12 40 100
468 34 23 100
468 34 37 150
468 34 40 99
468 7 11 100
468 7 14 148
468 0 6 150
468 0 23 100
468 18 20 150
468 18 23 150
468 18 32 100
468 29 14 150
468 29 40 148
468 43 6 150
468 43 11 100
468 43 23 150
468 24 2 1
468 24 37 150
468 24 40 100
468 20 6 148
468 20 32 100
468 20 40 100
468 35 14 150
468 35 23 150
468 35 32 100
468 35 40 100
469 21 14 148
469 21 19 24
469 21 40 99
469 25 32 100
469 25 37 150
469 25 40 100
469 15 2 16
469 44 20 150
469 44 21 9
469 32 14 100
469 32 32 100
469 24 20 150
469 24 37 150
469 24 40 100
469 41 32 150
469 38 23 150
469 40 6 150
469 40 11 99
469 40 14 148
469 40 40 150
469 39 14 148
469 39 20 100
469 39 23 100
469 39 32 150
469 39 40 150
469 12 6 148
469 12 40 100
469 1 6 150
469 1 40 148
469 13 6 150
469 13 11 148
469 13 20 150
469 29 14 150
469 29 40 148
469 35 14 150
469 35 23 150
469 35 32 100
469 35 40 100
470 32 6 100
470 32 14 100
470 32 32 100
470 29 2 16
470 29 40 148
470 48 14 150
470 48 21 8
470 7 14 148
470 23 20 100
470 23 32 150
470 23 43 16
470 22 6 148
470 22 11 99
470 22 14 150
470 22 37 150
470 9 23 150
470 9 37 150
470 9 43 2
470 20 6 148
470 20 32 100
470 20 40 100
470 49 6 150
470 39 14 148
470 39 20 100
470 39 21 1
470 39 32 150
470 39 40 150
470 25 32 100
470 25 37 150
470 25 40 100
470 28 11 100
470 28 23 100
470 1 6 150
470 1 40 148
471 20 6 148
471 20 19 64
471 20 40 100
471 15 2 16
471 16 26 8
471 23 20 100
471 23 32 150
471 43 6 150
471 43 11 100
471 43 23 150
471 21 14 148
471 21 23 100
471 21 40 99
471 24 20 150
471 24 37 150
471 24 40 100
471 4 6 99
471 4 14 100
471 47 37 150
471 46 14 150
471 12 6 148
471 12 40 100
471 7 11 100
471 7 14 148
471 8 37 100
471 31 14 150
471 31 20 100
471 31 23 150
471 31 37 150
471 31 40 100
472 47 33 36
472 22 2 16
472 22 11 99
472 22 14 150
472 22 19 40
472 31 14 150
472 31 20 100
472 31 23 150
472 31 33 2
472 31 40 100
472 9 23 150
472 9 37 150
472 26 6 100
472 26 11 100
472 26 40 148
472 32 6 100
472 32 14 100
472 32 32 100
472 5 47 27
472 12 40 100
472 38 23 150
472 39 14 148
472 39 20 100
472 39 23 100
472 39 32 150
472 39 40 150
472 15 20 150
472 46 14 150
473 17 14 100
473 17 20 100
473 17 21 9
473 8 3 39
473 8 43 6
473 43 11 100
473 43 23 150
473 24 2 1
473 24 37 150
473 24 40 100
473 12 6 148
473 12 40 100
473 25 32 100
473 25 37 150
473 25 40 100
473 46 14 150
473 32 6 100
473 32 14 100
473 32 32 100
473 9 23 150
473 9 37 150
473 26 6 100
473 26 11 100
473 26 40 148
473 39 14 148
473 39 20 100
473 39 23 100
473 39 32 150
473 39 40 150
473 44 20 150
473 7 11 100
473 7 14 148
473 7 19 24
474 3 40 100
474 0 6 150
474 0 23 100
474 13 6 150
474 13 11 148
474 13 20 150
474 43 6 150
474 43 11 100
474 43 23 150
474 20 6 148
474 20 32 100
474 20 33 36
474 28 11 100
474 28 23 100
474 17 14 100
474 17 20 100
474 17 21 9
474 22 2 16
474 22 11 99
474 22 14 150
474 22 37 150
474 40 6 150
474 40 11 99
474 40 14 148
474 40 40 150
474 29 14 150
474 29 40 148
474 47 37 150
474 31 14 150
474 31 20 100
474 31 23 150
474 31 33 2
474 31 40 100
474 48 14 150
474 7 11 100
474 7 14 148
474 18 20 150
474 18 23 150
474 18 32 100
475 24 2 16
475 24 37 150
475 24 40 100
475 14 19 24
475 22 11 99
475 22 14 150
475 22 37 150
475 40 6 150
475 40 11 99
475 40 14 148
475 40 40 150
475 18 20 150
475 18 23 150
475 18 32 100
475 16 40 100
475 49 6 150
475 49 21 8
475 29 40 148
475 32 6 100
475 32 14 100
475 32 32 100
475 17 14 100
475 17 20 100
475 17 32 148
475 28 11 100
475 28 23 100
475 25 32 100
475 25 37 150
475 25 40 100
475 48 14 150
475 13 6 150
475 13 11 148
475 13 20 150
476 26 6 100
476 26 11 100
476 26 40 148
476 46 14 150
476 46 33 36
476 20 32 100
476 20 40 100
476 25 32 100
476 25 37 150
476 25 40 100
476 44 20 150
476 44 21 9
476 32 14 100
476 32 32 100
476 23 20 100
476 23 32 150
476 9 23 150
476 9 37 150
476 3 11 150
476 3 40 100
476 17 14 100
476 17 20 100
476 17 32 148
476 1 6 150
476 1 40 148
476 2 2 16
476 2 32 100
476 12 6 148
476 12 40 100
476 4 6 99
476 4 14 100
476 4 33 2
477 34 21 10
477 34 37 150
477 34 40 99
477 34 43 12
477 33 33 36
477 32 14 100
477 32 32 100
477 15 2 16
477 38 23 150
477 38 33 2
477 8 37 100
477 23 20 12
477 21 14 148
477 21 23 100
477 21 40 99
477 46 14 150
477 10 11 150
477 10 14 150
477 10 32 150
477 3 11 150
477 3 40 100
477 7 11 100
477 7 14 148
477 26 6 100
477 26 11 100
477 26 40 148
478 31 14 150
478 31 23 150
478 31 37 150
478 31 40 100
478 17 1 19
478 17 21 9
478 21 14 148
478 21 23 100
478 21 40 99
478 6 43 12
478 28 23 100
478 42 2 15
478 7 11 100
478 7 14 148
478 40 6 150
478 40 11 99
478 40 14 148
478 40 40 150
478 1 6 150
478 1 40 148
478 4 6 99
478 4 14 100
478 26 6 100
478 26 11 100
478 26 40 148
478 12 6 148
478 12 40 100
479 46 14 150
479 46 33 36
479 17 32 148
479 32 6 100
479 32 14 100
479 32 32 100
479 49 6 150
479 49 33 2
479 13 6 150
479 13 11 148
479 2 2 17
479 2 32 100
479 23 32 150
479 10 11 150
479 10 14 150
479 10 32 150
479 30 14 150
479 29 14 150
479 29 40 148
479 34 23 100
479 34 37 150
479 34 40 99
480 1 6 150
480 1 40 148
480 1 47 24
480 40 6 150
480 40 11 99
480 40 14 148
480 40 40 150
480 36 14 148
480 25 32 100
480 25 37 150
480 25 40 100
480 31 14 150
480 31 23 150
480 31 37 150
480 31 40 100
480 24 37 150
480 24 40 100
480 46 14 150
480 33 21 8
480 16 40 100
480 26 6 100
480 26 11 100
480 26 40 148
480 3 11 150
480 3 40 100
480 47 37 150
480 22 6 148
480 22 11 99
480 22 14 150
480 22 37 150
480 9 23 150
480 9 37 150
481 38 23 150
481 16 19 63
481 36 2 16
481 2 23 100
481 2 32 100
481 44 43 12
481 22 11 99
481 22 14 150
481 22 19 1
481 47 37 150
481 28 11 100
481 28 23 100
481 34 23 100
481 34 37 150
481 34 40 99
481 31 14 150
481 31 23 150
481 31 37 150
481 31 40 100
481 29 14 150
481 29 40 148
481 9 23 150
481 9 37 150
481 7 11 100
481 7 14 148
481 24 37 150
481 24 40 100
482 29 2 16
482 29 40 148
482 9 23 150
482 9 37 150
482 48 14 150
482 48 19 24
482 32 14 100
482 32 32 100
482 7 11 100
482 7 14 148
482 30 14 150
482 30 21 2
482 40 11 99
482 40 14 148
482 40 40 150
482 24 37 150
482 24 40 58
482 21 14 148
482 21 23 100
482 22 6 148
482 22 11 99
482 22 14 150
482 22 37 150
482 20 6 148
482 20 32 100
482 28 11 100
482 28 23 100
482 43 6 150
482 43 11 100
482 43 23 150
483 37 21 8
483 28 23 100
483 28 47 27
483 48 33 38
483 31 20 14
483 31 37 150
483 23 32 150
483 17 14 100
483 17 32 148
483 26 6 100
483 26 11 100
483 39 14 148
483 39 21 1
483 39 32 150
483 45 11 100
483 7 11 100
483 7 14 148
483 34 23 100
483 34 37 150
483 47 37 150
483 35 14 150
483 35 23 150
483 35 32 100
483 29 14 150
484 18 23 150
484 18 32 100
484 38 23 150
484 38 33 38
484 21 23 100
484 21 30 24
484 48 21 8
484 30 47 3
484 45 11 100
484 33 23 150
484 46 14 150
484 28 11 100
484 28 23 100
484 35 14 150
484 35 23 150
484 35 32 100
484 3 11 150
484 27 2 16
484 22 11 99
484 22 14 150
484 22 37 150
485 27 2 16
485 20 19 24
485 20 43 12
485 30 14 150
485 17 14 100
485 17 20 16
485 48 14 150
485 46 14 150
485 23 32 150
485 32 6 100
485 32 14 100
485 32 32 100
485 9 23 150
485 9 37 150
485 43 6 150
485 43 11 100
485 43 23 150
485 49 6 150
485 26 6 100
485 26 11 100
485 12 6 148
486 24 2 16
486 1 4 27
486 3 11 150
486 20 6 148
486 20 19 24
486 29 14 150
486 49 6 150
486 49 21 10
486 25 32 100
486 25 37 150
486 40 6 150
486 40 11 99
486 40 14 148
486 48 14 150
486 4 6 99
486 4 14 100
487 46 14 150
487 46 33 36
487 26 11 100
487 33 21 8
487 21 14 148
487 21 23 100
487 21 33 2
487 42 2 15
487 24 2 1
487 11 5 1
487 18 23 150
487 18 32 100
487 7 11 100
487 7 14 148
487 3 11 150
488 0 6 150
488 0 19 40
488 20 6 148
488 20 32 100
488 20 33 36
488 35 23 150
488 35 32 100
488 26 6 100
488 26 11 100
488 30 14 150
488 40 6 150
488 40 11 99
488 40 14 148
488 46 14 150
488 48 14 150
488 48 33 2
488 13 11 148
488 47 37 150
488 44 20 1
488 8 37 100
489 39 14 148
489 39 20 14
489 39 32 150
489 41 32 150
489 17 1 19
489 17 32 148
489 7 3 40
489 7 14 148
489 0 6 150
489 0 23 100
489 8 37 100
489 8 43 6
489 40 11 99
489 40 14 148
489 23 32 150
489 47 37 150
489 27 2 16
489 43 11 100
489 43 23 30
489 2 32 68
489 22 11 99
489 22 14 150
489 22 37 150
490 23 20 16
490 26 11 100
490 14 19 24
490 30 21 8
490 22 11 99
490 22 14 150
490 22 37 150
490 25 37 150
490 34 37 150
490 21 14 148
490 48 14 150
490 31 14 150
490 31 37 150
490 43 6 150
490 43 11 100
490 39 14 148
490 39 21 1
491 41 32 66
491 32 14 100
491 47 37 150
491 17 14 100
491 17 21 9
491 36 14 148
491 36 19 24
491 40 11 99
491 40 14 148
491 28 11 100
491 39 14 148
491 25 37 150
492 4 6 99
492 4 14 100
492 4 21 9
492 31 37 150
492 44 43 12
492 13 11 148
492 48 14 150
492 48 19 24
492 36 14 148
492 0 6 150
492 32 6 100
492 32 14 100
492 25 37 150
493 26 6 100
493 26 11 100
493 26 26 8
493 31 33 38
493 32 6 100
493 32 14 100
493 3 11 150
493 46 14 150
493 46 43 4
493 17 14 100
493 17 21 9
493 4 14 100
493 2 5 1
493 13 11 148
493 48 14 150
493 7 11 100
493 7 14 148
493 22 6 148
493 22 11 99
493 22 14 150
493 22 37 150
493 12 6 148
494 7 11 100
494 7 14 148
494 7 19 24
494 34 40 99
494 34 47 27
494 27 2 16
494 36 14 148
494 47 37 150
494 31 14 150
494 31 20 16
494 31 40 36
494 35 14 150
494 35 43 2
494 39 14 148
494 39 21 1
494 10 14 150
494 4 6 99
494 4 14 100
495 17 14 100
495 17 20 14
495 10 14 150
495 24 37 150
495 44 3 40
495 7 11 100
495 7 14 148
495 7 19 40
495 0 6 150
495 22 6 148
495 22 11 99
495 22 14 150
495 22 37 150
495 36 14 148
496 2 2 16
496 3 40 100
496 47 33 40
496 48 14 150
496 48 47 24
496 29 40 32
496 23 47 3
496 13 11 148
496 7 11 100
496 7 14 148
496 28 11 100
496 35 14 150
496 4 6 99
496 4 14 100
497 33 21 8
497 48 33 2
497 35 43 12
497 17 20 14
497 40 11 99
497 40 14 148
497 40 40 3
497 10 14 150
497 10 21 1
497 30 14 150
497 28 11 100
497 13 6 150
497 13 11 148
497 47 37 150
497 1 6 150
498 45 11 100
498 45 26 8
498 35 32 64
498 14 19 24
498 32 14 100
498 42 21 9
498 25 40 32
498 4 6 99
498 4 14 100
498 40 6 150
498 40 11 99
498 40 14 148
498 40 40 3
499 11 39 85
499 17 21 9
499 45 11 100
499 2 2 16
499 20 19 24
499 1 6 150
499 13 6 150
499 13 11 148
499 30 14 150
499 39 14 148
499 28 11 100
499 3 11 150
500 48 14 150
500 48 19 63
500 17 14 100
500 35 14 150
500 45 11 100
500 30 14 150
500 4 6 99
500 4 14 100
500 34 37 150
500 0 6 150
500 0 19 1
500 32 14 100
501 35 14 150
501 35 32 64
501 40 6 150
501 40 11 99
501 40 14 148
501 44 4 26
501 1 4 1
501 45 11 100
501 13 6 150
501 13 11 148
501 34 37 150
501 17 14 100
501 10 2 2
501 10 14 150
501 48 14 150
501 48 19 39
502 39 14 148
502 39 21 9
502 21 19 24
502 49 6 150
502 9 37 150
502 7 11 100
502 7 14 148
502 7 19 1
502 26 11 100
502 40 6 150
502 40 11 99
502 40 14 148
502 20 6 148
502 46 14 150
502 34 37 150
502 35 14 150
503 27 2 32
503 20 19 24
503 7 11 100
503 7 14 148
503 19 30 24
503 29 40 32
503 24 40 3
503 4 14 90
503 12 6 148
503 3 11 150
503 43 6 150
503 43 11 100
504 33 21 8
504 40 6 150
504 40 11 99
504 49 6 150
504 3 11 150
504 1 6 150
504 25 37 150
504 26 6 100
504 26 11 100
504 7 11 100
504 5 2 16
505 20 6 148
505 20 19 64
505 40 6 150
505 40 11 99
505 42 2 15
505 1 6 150
505 9 30 24
505 3 11 150
505 22 2 1
505 22 11 99
505 22 37 150
505 25 37 150
505 12 6 148
505 32 6 100
505 15 20 150
506 38 33 38
506 34 40 99
506 34 43 4
506 20 19 40
506 7 11 100
506 45 11 100
506 32 6 100
506 25 37 150
507 2 2 16
507 45 11 100
507 1 6 150
507 17 20 14
507 43 6 150
507 43 11 100
507 43 43 12
507 24 37 150
507 3 11 150
508 14 1 18
508 12 6 148
508 39 32 63
508 45 11 100
509 13 6 150
509 13 11 148
509 13 43 16
509 20 6 148
509 20 33 36
509 49 21 8
509 40 11 99
509 35 43 2
509 42 21 1
509 4 6 99
510 9 37 150
510 25 37 150
510 43 6 150
510 43 11 100
510 12 2 15
510 0 6 150
510 0 19 24
510 40 11 99
510 22 2 1
510 22 11 99
510 22 37 150
510 24 37 150
511 33 21 8
511 8 37 100
511 8 43 12
511 4 6 99
511 20 6 148
511 29 2 16
511 13 11 148
511 26 6 100
511 26 11 100
511 34 37 150
511 49 6 132
512 9 43 12
512 26 11 100
512 47 33 36
512 44 21 9
512 38 33 2
512 10 21 1
513 34 43 12
513 22 37 150
513 10 11 150
513 45 11 100
513 7 11 100
513 28 11 100
514 40 11 99
514 23 20 16
514 10 2 16
514 10 21 9
514 3 11 150
514 24 37 150
514 26 11 100
514 34 37 150
514 47 37 150
514 43 11 100
515 45 11 100
515 5 2 16
515 10 21 1
515 13 43 12
515 22 11 99
515 22 37 150
515 43 11 100
516 27 2 16
516 28 43 12
516 46 30 24
516 22 11 99
516 22 37 150
517 0 19 40
517 10 2 16
517 5 33 38
517 40 11 99
518 18 20 14
518 22 2 16
518 22 19 24
518 28 11 100
518 3 11 150
518 34 37 150
519 25 5 56
519 10 2 16
519 10 21 10
519 28 43 12
519 11 5 1
520 8 43 12
520 36 2 16
520 23 32 63
521 4 21 9
521 15 2 1
521 9 37 150
521 34 37 150
521 0 19 24
522 48 21 8
522 28 43 12
522 10 11 150
522 10 21 1
522 22 37 150
522 8 37 100
522 3 11 150
523 45 11 100
523 44 20 16
523 25 40 100
523 5 2 16
523 12 40 32
523 14 19 24
523 13 11 148
523 28 11 100
524 0 19 24
524 13 20 14
524 43 11 100
524 5 2 16
524 3 40 2
524 24 37 150
524 24 40 1
525 17 20 16
526 40 3 39
526 14 19 24
526 37 21 8
527 3 40 100
527 1 4 27
527 9 37 150
527 31 3 2
527 31 40 2
527 26 11 100
527 20 19 24
528 26 40 136
528 22 2 16
528 22 37 150
528 3 11 150
528 9 37 150
528 8 33 2
528 15 20 150
529 45 11 100
529 49 21 10
529 31 20 56
529 35 32 64
529 25 37 150
529 36 2 16
529 22 37 150
530 7 11 100
530 7 19 24
530 40 11 99
530 40 40 1
531 10 11 150
531 13 11 148
531 31 37 150
531 7 11 100
532 21 33 38
532 43 43 12
532 22 11 99
532 22 37 150
532 47 37 150
533 21 19 24
533 10 11 150
533 10 21 9
533 34 37 150
534 5 2 16
534 3 40 100
534 35 40 32
534 34 37 150
534 34 40 3
534 9 37 150
535 10 2 16
535 10 21 1
535 28 3 40
535 17 20 16
535 45 11 100
535 22 11 99
535 22 37 150
536 27 2 16
536 49 47 3
536 34 37 150
537 46 33 36
537 22 37 150
537 30 21 8
538 20 33 36
538 39 20 14
538 45 11 100
538 26 11 100
538 34 37 150
538 42 2 15
538 22 37 150
539 48 19 24
539 2 2 16
539 25 40 100
539 44 20 1
540 10 21 9
540 7 11 100
540 24 20 14
540 24 43 2
540 28 11 100
540 22 11 99
540 22 37 150
540 3 1 1
541 6 43 18
541 45 11 100
541 3 11 150
541 30 21 8
541 10 11 150
541 10 21 1
542 27 2 16
542 7 14 148
542 7 19 24
542 39 32 63
542 3 11 150
542 14 43 4
542 34 37 150
542 20 32 2
542 47 37 150
543 32 14 100
543 32 32 64
543 48 19 63
543 31 37 150
543 23 43 12
543 27 2 16
543 40 14 148
543 34 37 150
543 0 19 1
543 3 11 150
543 24 37 150
543 24 43 2
544 45 11 100
544 7 11 100
544 7 14 148
544 22 2 16
544 22 14 150
544 22 37 150
544 46 14 150
544 46 43 12
544 28 11 100
544 18 20 16
544 31 14 150
544 31 37 134
545 33 21 10
545 4 26 2
545 28 11 100
545 22 11 99
545 22 37 78
546 26 26 8
546 13 11 148
546 25 32 64
546 42 2 15
554 7 19 24
556 37 21 8
559 29 40 32
560 4 21 9
569 8 37 78
571 10 2 16
574 24 43 12
575 24 40 36
