4 27 9 100
5 20 28 148
6 44 9 100
8 12 9 99
9 12 9 99
11 1 28 150
12 44 9 100
14 37 28 150
16 10 9 150
19 12 9 99
20 27 9 100
22 0 9 99
23 27 9 100
25 44 9 100
26 18 9 99
27 9 28 100
28 19 9 99
30 47 9 150
31 41 28 99
32 41 28 99
34 18 9 99
35 0 9 99
36 41 28 99
39 18 9 99
39 37 28 150
41 44 9 100
42 0 9 99
45 45 9 150
47 44 9 100
48 34 28 100
49 23 9 100
50 19 28 100
51 19 28 100
52 41 28 99
54 27 9 100
56 27 9 100
57 27 9 100
58 16 28 148
61 10 9 150
63 9 28 100
64 44 9 100
65 19 28 100
66 24 28 100
67 0 9 99
68 19 9 99
69 41 28 99
72 23 9 100
73 12 9 99
74 9 28 100
76 27 28 100
77 12 28 100
78 18 9 99
79 27 9 100
81 23 9 100
81 41 28 99
83 12 9 99
84 19 9 99
85 12 9 99
87 12 28 100
89 19 28 100
90 27 9 100
91 24 28 100
92 19 9 99
94 19 9 99
95 19 9 99
96 44 9 100
99 37 28 150
101 27 9 100
102 16 28 148
103 0 9 99
104 44 9 100
105 24 28 100
108 12 9 99
109 44 9 100
110 37 28 150
113 1 28 150
114 12 9 99
116 15 28 150
117 18 9 99
118 9 28 100
119 12 9 99
122 15 28 150
124 44 9 100
125 28 28 150
127 44 9 100
129 47 9 150
131 27 9 100
132 19 28 100
133 9 28 100
134 18 9 99
135 0 9 99
137 12 9 99
138 12 9 99
140 12 9 99
141 19 9 99
142 12 9 99
144 19 9 99
145 0 9 99
146 34 28 100
147 12 28 100
148 19 9 99
151 28 28 150
152 44 9 100
154 12 9 99
156 47 9 150
158 34 28 100
159 23 9 100
161 44 9 100
162 9 28 100
163 23 9 100
164 18 9 99
165 23 9 100
166 24 28 100
168 24 28 100
170 9 28 100
171 23 9 100
172 27 9 100
173 24 28 100
174 44 9 100
175 41 28 99
177 0 9 99
179 41 28 99
180 24 28 100
181 18 9 99
182 27 28 100
183 34 28 100
185 18 9 99
187 18 9 99
188 19 9 99
190 18 9 99
191 44 9 100
192 18 9 99
193 12 28 100
194 24 28 100
196 45 9 150
198 19 9 99
199 12 9 99
200 19 28 100
203 27 9 100
204 19 28 100
205 24 28 100
206 41 28 99
207 24 28 100
208 12 9 99
210 23 9 100
211 12 28 100
213 24 28 100
214 18 9 99
215 41 28 99
216 0 9 99
217 27 9 100
221 19 9 99
221 12 9 99
222 41 28 99
223 19 28 100
224 9 28 100
225 19 28 100
228 15 28 150
229 45 9 150
231 18 9 99
232 23 9 100
234 23 9 100
236 23 9 100
237 23 9 100
239 0 9 99
240 23 9 100
241 12 9 99
243 9 28 100
244 27 28 100
245 10 9 150
247 18 9 99
248 12 9 99
249 24 28 100
250 19 28 100
253 18 9 99
254 16 28 148
256 20 28 148
257 0 9 99
258 0 9 99
259 41 28 99
262 24 28 100
263 18 9 99
264 19 9 99
265 12 28 100
267 1 28 150
268 12 28 100
270 23 9 100
272 41 28 99
273 16 28 148
275 12 9 99
276 9 28 100
277 23 9 100
278 19 28 100
279 9 28 100
282 20 28 148
283 27 28 100
285 19 28 100
286 24 28 100
287 45 9 150
288 41 28 99
291 28 28 150
292 27 9 100
293 19 9 99
294 27 9 100
296 19 9 99
297 27 28 100
298 44 9 100
301 44 9 100
303 19 9 99
303 12 9 99
304 19 28 100
306 44 9 100
307 23 9 100
309 19 28 100
310 23 9 100
311 34 28 100
312 19 9 99
313 23 9 100
316 0 9 99
317 0 9 99
318 44 9 100
319 15 28 150
322 27 9 100
323 19 28 100
324 19 9 99
326 47 9 150
328 0 9 99
329 23 9 100
330 19 9 99
332 1 28 150
334 45 9 150
335 34 28 100
337 18 9 99
338 41 28 99
339 44 9 100
340 27 28 100
342 28 28 150
345 44 9 100
346 19 9 99
347 23 9 100
347 41 28 99
349 19 9 99
351 18 9 99
353 1 28 150
354 0 9 99
356 12 9 99
357 12 9 99
359 37 28 150
361 27 9 100
362 23 9 100
363 28 28 150
364 19 9 99
366 0 9 99
367 27 9 100
370 16 28 148
371 44 9 100
372 44 9 100
373 34 28 100
375 23 9 100
377 47 9 150
378 1 28 150
381 44 9 100
382 44 9 100
383 28 28 150
386 19 9 99
387 18 9 99
388 12 9 99
389 9 28 100
390 37 28 150
392 0 9 99
394 19 9 99
395 18 9 99
397 27 9 100
398 9 28 100
399 12 9 99
401 23 9 100
402 27 28 100
403 27 9 100
405 19 9 99
405 19 28 100
408 12 28 100
409 19 9 99
410 44 9 100
412 19 28 100
413 41 28 99
414 45 9 150
415 34 28 100
417 18 9 99
418 27 9 100
419 44 9 100
421 12 9 99
422 18 9 99
424 10 9 150
426 23 9 100
428 19 9 99
429 1 28 150
431 18 9 99
433 28 28 150
434 12 9 99
435 27 9 100
438 20 28 148
439 10 9 150
441 0 9 99
442 27 9 100
443 27 9 100
445 45 9 150
446 27 28 100
448 19 9 99
450 12 9 99
452 12 9 99
453 19 28 100
454 23 9 100
455 18 9 99
456 41 28 99
457 41 28 99
460 16 28 148
461 27 28 100
462 45 9 150
464 0 9 99
465 27 9 100
467 34 28 100
468 27 28 100
470 27 28 100
472 15 28 150
474 16 28 148
475 41 28 99
476 47 9 150
478 12 9 99
480 9 28 100
481 19 28 100
482 34 28 100
483 23 9 100
484 44 9 100
487 41 28 99
488 44 9 100
489 23 9 100
491 41 28 99
492 27 9 100
493 12 28 100
494 19 9 99
495 19 28 100
496 12 9 99
499 45 9 150
501 18 9 99
502 27 9 100
504 10 9 150
505 19 28 100
506 9 28 100
508 12 9 99
509 27 28 100
510 0 9 99
511 19 9 99
514 45 9 150
514 9 28 100
516 12 9 99
517 12 9 99
519 9 28 100
520 27 28 100
522 27 28 100
523 19 9 99
525 44 9 100
526 12 9 99
527 10 9 150
530 20 28 148
531 23 9 100
532 44 9 100
535 44 9 100
536 16 28 148
537 18 9 99
538 24 28 100
540 0 9 99
542 27 9 100
543 16 28 148
544 44 9 100
547 47 9 150
549 19 9 99
550 34 28 100
551 44 9 100
552 34 28 100
553 19 9 99
554 27 28 100
556 27 28 100
557 47 9 150
560 12 9 99
561 20 28 148
563 12 9 99
565 44 9 100
566 27 9 100
567 16 28 148
569 0 9 99
570 24 28 100
572 10 9 150
573 24 28 100
575 18 9 99
576 27 9 100
578 2 45 99
578 36 45 148
578 19 45 99
578 45 45 100
579 14 4 100
579 19 28 100
580 34 28 100
580 40 4 100
580 40 42 100
582 40 4 100
582 0 9 99
582 0 14 100
583 6 36 100
583 27 28 100
584 13 4 100
584 13 46 99
584 24 28 100
586 16 15 150
586 48 8 99
586 27 28 100
587 34 28 100
587 34 36 99
587 0 14 100
587 0 42 150
587 13 4 100
588 11 42 100
588 12 9 99
588 2 4 99
589 2 8 150
589 2 15 100
589 46 5 99
589 0 9 99
589 37 46 100
591 45 45 100
591 40 4 100
591 9 28 100
591 49 45 100
591 24 45 100
592 19 9 99
592 19 15 100
592 19 45 99
592 41 4 100
592 41 45 148
593 6 36 100
593 44 14 99
594 44 9 100
594 48 8 99
594 48 45 150
594 14 4 100
594 49 45 100
594 2 15 100
594 2 45 99
594 41 45 148
595 14 5 150
595 43 33 100
595 6 33 150
595 18 33 99
596 22 46 100
596 7 4 100
596 34 28 100
597 19 42 150
597 37 42 100
597 0 42 150
598 0 14 100
598 0 42 150
598 13 4 100
598 13 36 100
598 41 28 99
599 37 36 148
599 3 4 99
599 9 8 99
600 12 9 99
600 12 28 100
601 5 3 100
601 40 4 100
601 19 15 100
602 36 0 100
602 36 46 100
602 34 28 100
602 24 8 148
603 2 4 99
603 24 14 100
603 24 28 100
604 17 33 100
604 17 42 150
604 24 28 100
604 24 33 150
604 42 33 99
605 47 9 150
606 38 15 148
606 45 45 100
606 23 4 150
606 23 45 150
607 17 45 148
607 10 9 150
607 13 46 99
607 44 5 100
608 24 5 100
608 24 14 100
608 24 45 100
608 34 36 99
609 39 33 100
609 43 33 100
609 28 28 150
609 25 33 150
609 40 8 100
610 40 8 100
610 0 9 99
610 0 38 99
610 19 45 99
610 17 45 148
610 45 45 100
610 24 45 100
611 24 4 148
612 44 9 100
612 35 42 100
612 26 46 99
613 17 42 150
613 7 0 100
613 2 15 100
613 44 14 99
614 14 4 100
615 1 28 150
615 47 8 100
615 7 4 100
615 12 9 99
616 45 36 100
616 6 42 99
616 12 9 99
616 40 42 100
617 26 46 99
617 40 4 100
617 40 8 100
618 36 0 100
618 36 14 100
618 12 9 99
619 23 9 100
619 3 4 99
620 12 9 99
620 2 15 100
621 24 5 100
621 37 42 100
621 37 46 100
621 23 9 100
622 3 4 99
622 40 8 100
622 12 9 99
623 9 8 99
623 16 14 100
623 41 4 100
623 19 9 99
625 8 41 150
625 34 36 99
625 24 5 100
625 2 15 100
626 37 46 100
626 2 4 99
627 23 45 150
627 1 28 150
627 14 4 100
627 41 45 148
628 41 14 99
628 41 45 148
628 19 9 99
628 19 15 100
628 19 45 99
628 28 3 99
628 23 45 150
629 23 4 150
629 23 8 148
629 23 45 150
629 48 42 150
629 48 45 150
629 25 45 150
629 17 45 148
629 2 45 99
630 27 28 100
630 27 38 100
630 41 45 148
631 35 42 100
631 27 9 100
631 27 38 100
631 23 45 150
631 2 45 99
631 17 45 148
631 49 45 100
632 18 4 100
632 49 36 100
633 19 15 100
633 19 42 150
633 18 4 100
634 40 8 100
634 40 42 100
634 19 28 100
634 41 14 99
635 19 4 148
635 19 28 100
635 25 33 150
635 18 33 99
635 44 33 100
635 36 33 100
635 36 46 100
636 13 36 100
636 0 9 99
636 40 8 100
637 1 0 100
637 40 42 100
637 11 42 100
638 13 4 100
638 37 42 100
638 48 15 150
639 0 14 100
639 19 28 100
639 19 45 99
639 2 4 99
639 2 45 99
639 24 45 100
640 45 0 100
640 45 45 100
640 27 9 100
640 24 45 100
641 12 36 99
642 45 9 150
642 37 46 100
642 7 4 100
643 7 4 100
644 12 28 100
644 16 14 100
644 16 15 150
645 27 9 100
645 48 8 99
645 48 45 150
645 41 4 100
645 41 45 148
645 36 45 148
646 27 9 100
646 27 42 100
646 36 46 100
646 7 4 100
647 43 8 148
648 12 9 99
648 44 5 100
649 37 42 100
649 6 36 100
649 6 42 99
649 22 14 100
649 13 4 100
649 24 28 100
650 40 4 100
650 5 15 148
651 40 42 100
651 27 9 100
651 37 46 100
652 34 28 100
652 17 4 150
652 2 15 100
652 40 8 100
653 31 36 100
654 37 42 100
654 9 8 99
654 2 4 99
654 35 42 100
654 27 9 100
654 27 42 100
654 17 42 150
655 34 28 100
655 40 42 100
655 41 14 99
655 41 45 148
655 36 45 148
655 17 45 148
655 46 5 99
656 41 4 100
656 41 45 148
656 5 15 148
656 23 9 100
656 23 45 150
657 2 45 99
657 40 8 100
657 25 45 150
657 20 3 100
658 26 46 99
658 2 4 99
659 41 4 100
659 47 36 99
660 22 14 100
660 37 33 100
660 19 5 100
660 19 15 100
660 18 33 99
660 6 33 150
660 23 47 100
661 0 9 99
662 15 28 150
662 48 8 99
662 23 4 150
663 19 9 99
663 19 15 100
663 19 45 99
663 36 45 148
663 48 45 150
663 49 45 100
664 47 8 100
664 48 45 150
664 27 9 100
664 36 45 148
664 3 4 99
664 49 45 100
665 45 45 100
665 18 4 100
665 2 15 100
665 36 14 100
665 36 46 100
666 42 42 150
666 47 8 100
667 3 4 99
667 27 9 100
668 44 5 100
669 28 28 150
669 23 45 150
669 18 4 100
669 49 45 100
669 40 8 100
669 36 45 148
669 45 45 100
670 24 14 100
670 24 45 100
670 12 9 99
670 26 46 99
671 40 4 100
671 40 42 100
671 38 15 148
671 0 9 99
672 3 4 99
673 40 42 100
673 47 36 99
673 30 42 100
674 44 5 100
674 37 28 150
674 37 42 100
675 19 4 148
675 19 15 100
675 48 36 99
675 24 14 100
676 36 46 100
677 10 9 150
677 7 4 100
677 49 36 100
678 44 9 100
678 7 4 100
679 16 5 99
679 31 3 100
679 19 15 100
680 31 36 100
680 11 8 150
680 9 28 100
680 36 14 100
681 36 46 100
682 18 4 100
682 23 45 150
682 20 28 148
682 25 45 150
682 49 45 100
683 5 15 148
683 30 42 100
683 7 45 100
684 3 4 99
684 48 5 150
684 48 42 150
685 36 14 100
685 0 9 99
686 19 9 99
686 40 8 100
686 26 0 100
686 26 46 99
687 37 28 150
687 40 8 100
687 48 45 150
687 19 45 99
687 23 45 150
688 19 4 148
688 19 9 99
688 19 15 100
688 19 45 99
689 2 45 99
689 27 38 100
689 27 42 100
689 48 45 150
689 25 45 150
689 49 45 100
690 30 38 100
690 9 8 99
690 2 4 99
690 23 9 100
690 16 14 100
691 45 0 100
692 27 5 99
692 27 9 100
692 37 46 100
693 9 8 99
693 16 18 100
693 2 4 99
694 10 9 150
694 25 45 150
694 19 45 99
694 23 45 150
695 39 5 100
695 24 14 100
695 24 45 100
696 9 0 100
696 2 15 100
697 19 28 100
697 19 42 150
698 43 8 148
698 37 46 100
698 46 5 99
698 46 38 100
699 0 9 99
699 47 8 100
699 47 36 99
699 7 4 100
700 7 4 100
700 22 14 100
700 24 28 100
701 31 15 150
701 18 9 99
701 48 8 99
702 2 4 99
702 31 36 100
702 27 28 100
703 41 4 100
704 45 9 150
704 40 8 100
704 2 15 100
705 23 4 150
705 44 14 99
705 36 46 100
706 41 28 99
707 3 4 99
707 45 9 150
708 13 4 100
708 13 46 99
709 31 3 100
709 31 15 150
709 31 36 100
710 7 4 100
710 22 14 100
710 48 8 99
710 48 42 150
711 40 4 100
711 20 33 150
711 36 33 100
711 36 45 148
711 41 45 148
711 7 45 100
711 39 33 100
712 19 9 99
712 19 28 100
712 19 45 99
712 40 8 100
713 49 45 100
713 36 45 148
713 25 45 150
713 34 28 100
714 22 46 100
714 41 4 100
714 45 45 100
714 44 5 100
714 44 9 100
714 2 15 100
715 3 4 99
715 18 33 99
715 37 33 100
715 37 42 100
715 11 33 148
715 0 14 100
716 11 42 100
716 13 36 100
716 23 9 100
716 27 42 100
717 25 33 150
717 39 33 100
717 6 33 150
717 6 36 100
717 36 0 100
718 41 4 100
718 41 28 99
718 47 8 100
719 12 36 99
719 27 42 100
719 19 15 100
719 48 8 99
720 24 14 100
720 24 45 100
720 3 4 99
720 41 45 148
720 48 45 150
720 49 45 100
722 0 9 99
722 9 0 100
722 36 46 100
723 7 45 100
723 23 9 100
723 23 45 150
723 9 8 99
723 17 45 148
723 39 5 100
723 24 45 100
724 9 8 99
724 9 28 100
724 14 5 150
724 14 15 150
724 25 45 150
724 41 45 148
724 7 45 100
724 2 45 99
725 34 28 100
725 22 14 100
726 27 28 100
726 27 38 100
726 46 4 150
727 6 36 100
727 23 47 100
727 9 8 99
728 7 4 100
728 7 45 100
728 12 9 99
728 45 45 100
728 25 45 150
728 48 45 150
729 18 4 100
730 22 14 100
730 45 33 148
730 45 36 100
730 46 33 150
731 44 33 100
731 14 4 100
731 14 15 150
731 30 42 100
731 35 42 100
731 26 46 99
732 25 45 150
732 45 45 100
732 19 28 100
732 19 42 150
732 19 45 99
732 17 42 150
732 17 45 148
732 35 42 100
732 41 4 100
733 12 9 99
733 12 36 99
733 19 15 100
734 9 8 99
734 13 4 100
734 13 36 100
734 23 9 100
735 14 4 100
735 23 9 100
735 44 14 99
735 27 42 100
735 47 8 100
736 17 33 100
736 17 42 150
736 46 33 150
736 11 33 148
737 42 42 150
737 41 4 100
737 12 9 99
738 38 15 148
738 49 45 100
738 21 8 150
738 16 5 99
738 48 45 150
738 7 45 100
739 3 4 99
739 24 45 100
739 48 36 99
740 12 9 99
740 13 46 99
740 16 5 99
740 16 14 100
740 40 8 100
741 37 28 150
741 48 8 99
742 18 9 99
743 17 4 150
743 12 36 99
744 18 9 99
744 35 5 150
744 2 15 100
745 19 42 150
745 16 14 100
745 22 46 100
746 13 4 100
746 12 9 99
747 42 33 99
747 2 4 99
747 27 33 150
747 39 33 100
748 18 9 99
748 31 36 100
748 26 0 100
749 0 9 99
749 23 8 148
749 40 8 100
750 47 4 148
750 47 8 100
750 47 9 150
750 2 15 100
750 22 46 100
751 22 14 100
752 31 3 100
752 15 28 150
752 7 4 100
752 30 42 100
753 19 15 100
753 26 46 99
754 14 4 100
754 11 42 100
755 44 33 100
755 45 33 148
755 36 33 100
756 14 4 100
756 37 28 150
756 9 8 99
756 19 15 100
756 36 14 100
757 49 45 100
757 27 28 100
757 45 45 100
757 24 45 100
757 48 8 99
757 48 45 150
757 2 4 99
757 2 45 99
758 23 9 100
758 22 46 100
759 10 9 150
759 46 5 99
760 39 5 100
761 38 0 100
761 30 42 100
761 22 14 100
761 40 8 100
761 40 42 100
762 13 4 100
762 13 46 99
762 18 9 99
762 36 38 100
763 18 4 100
763 19 15 100
764 30 42 100
765 27 9 100
765 19 9 99
765 9 0 100
766 36 4 150
766 48 8 99
766 23 9 100
767 44 9 100
767 44 14 99
767 13 46 99
768 41 4 100
768 2 15 100
769 40 4 100
770 2 15 100
770 48 42 150
770 23 9 100
771 41 4 100
771 24 8 148
771 44 9 100
771 22 46 100
772 14 4 100
772 30 18 100
772 44 9 100
773 38 38 100
773 44 14 99
774 48 8 99
774 48 45 150
774 25 45 150
774 14 4 100
774 19 15 100
774 19 45 99
775 2 4 99
775 2 45 99
775 10 9 150
776 5 8 148
776 49 45 100
776 23 45 150
777 49 45 100
777 5 3 100
777 46 5 99
777 25 45 150
777 48 45 150
777 17 45 148
778 23 4 150
778 23 45 150
778 27 28 100
778 27 42 100
778 22 14 100
778 47 8 100
778 41 45 148
778 2 15 100
778 2 45 99
778 19 45 99
779 27 9 100
779 27 33 150
779 48 45 150
779 6 33 150
779 19 45 99
780 41 28 99
780 41 45 148
780 49 45 100
780 24 45 100
780 2 45 99
780 36 33 100
781 37 46 100
781 19 28 100
782 40 4 100
782 40 42 100
782 0 9 99
782 16 5 99
783 41 4 100
783 41 14 99
784 6 42 99
784 0 9 99
784 35 42 100
784 44 9 100
784 22 46 100
784 2 15 100
785 9 0 100
786 23 9 100
786 1 47 99
786 41 4 100
787 24 28 100
787 39 36 150
787 41 4 100
788 22 14 100
788 19 9 99
789 7 4 100
789 26 46 99
790 41 4 100
790 41 28 99
791 26 0 100
791 2 15 100
792 9 8 99
792 44 9 100
793 40 8 100
793 40 42 100
793 24 14 100
793 36 46 100
794 9 28 100
794 49 36 100
794 27 42 100
794 7 4 100
795 31 15 150
795 13 4 100
795 48 8 99
795 48 45 150
795 36 45 148
795 2 45 99
796 40 8 100
796 7 45 100
796 24 28 100
797 27 5 99
797 27 9 100
798 36 4 150
798 36 14 100
798 17 42 150
798 47 36 99
798 27 42 100
798 42 42 150
798 48 42 150
799 24 28 100
799 34 36 99
799 19 15 100
799 6 42 99
800 44 5 100
800 44 9 100
800 19 42 150
800 48 8 99
801 2 4 99
802 12 9 99
802 40 4 100
802 22 46 100
802 28 3 99
803 44 9 100
803 44 14 99
804 24 28 100
804 2 15 100
805 44 5 100
805 44 8 148
805 35 42 100
805 13 46 99
806 19 5 100
806 19 9 99
806 19 42 150
807 9 0 100
808 40 4 100
808 22 14 100
808 10 9 150
809 6 42 99
809 36 0 100
809 36 46 100
810 16 15 150
810 12 9 99
810 12 36 99
811 21 0 100
811 44 9 100
812 3 4 99
812 19 15 100
813 36 14 100
813 46 5 99
813 13 36 100
814 0 9 99
814 37 46 100
814 34 28 100
814 47 8 100
815 23 9 100
815 9 8 99
815 12 36 99
815 19 4 148
815 19 15 100
816 12 9 99
817 27 42 100
817 2 4 99
818 44 14 99
818 49 36 100
818 3 4 99
819 12 28 100
820 13 4 100
820 13 46 99
821 19 15 100
821 19 28 100
821 41 4 100
822 19 5 100
822 19 28 100
823 42 3 100
823 39 5 100
823 48 36 99
823 10 9 150
823 44 14 99
824 25 45 150
824 48 8 99
824 48 45 150
825 17 45 148
825 48 8 99
825 23 9 100
826 47 4 148
826 24 15 148
826 24 28 100
827 30 42 100
827 48 8 99
827 48 36 99
827 37 42 100
827 37 46 100
827 27 5 99
828 49 45 100
828 40 4 100
828 40 8 100
828 23 9 100
828 23 45 150
828 48 45 150
828 22 14 100
828 2 15 100
828 2 45 99
829 42 42 150
829 18 4 100
829 18 9 99
829 45 45 100
829 36 45 148
830 48 45 150
830 24 45 100
831 16 28 148
831 14 4 100
832 6 33 150
832 47 8 100
832 20 33 150
832 42 33 99
832 41 4 100
833 22 14 100
833 22 46 100
833 37 42 100
833 18 9 99
833 48 8 99
833 19 15 100
834 45 36 100
834 27 28 100
834 7 4 100
835 46 5 99
835 44 9 100
835 48 8 99
836 14 4 100
837 35 42 100
837 2 15 100
837 0 9 99
837 11 33 148
837 44 33 100
837 18 33 99
838 44 14 99
838 18 4 100
839 41 4 100
839 41 28 99
839 37 46 100
839 15 36 100
839 18 9 99
841 44 8 148
841 44 9 100
841 14 4 100
842 31 15 150
842 13 4 100
842 12 28 100
843 41 14 99
843 36 46 100
843 19 9 99
844 18 9 99
845 23 4 150
845 48 8 99
846 14 15 150
846 7 45 100
846 27 9 100
846 41 45 148
846 2 45 99
846 24 45 100
847 26 46 99
847 41 4 100
847 41 28 99
847 19 45 99
847 47 8 100
848 24 14 100
848 0 38 99
848 7 4 100
849 38 38 100
850 34 36 99
850 46 5 99
851 3 4 99
851 6 36 100
852 24 28 100
852 7 4 100
853 9 8 99
853 13 46 99
853 10 9 150
853 44 14 99
854 2 4 99
854 2 15 100
854 38 38 100
855 12 28 100
855 18 33 99
855 21 0 100
855 37 33 100
855 44 33 100
856 17 33 100
856 45 9 150
856 13 4 100
857 15 36 100
857 47 8 100
858 15 36 100
858 27 28 100
858 27 47 99
858 22 14 100
859 13 4 100
859 13 46 99
859 9 8 99
859 47 9 150
860 5 3 100
860 44 5 100
861 16 5 99
861 48 8 99
861 12 9 99
862 21 15 148
862 3 4 99
862 27 9 100
863 18 9 99
863 24 14 100
863 26 46 99
864 14 5 150
