2 43 45 100
2 37 35 148
3 19 16 150
4 39 34 100
4 39 36 100
5 15 43 99
5 17 34 100
5 2 47 150
6 4 5 100
6 47 20 150
7 8 16 100
7 19 36 100
7 29 20 100
8 4 35 100
8 45 15 99
8 45 35 99
9 18 34 150
9 18 47 100
9 2 36 100
10 27 16 100
11 4 31 100
11 30 45 99
11 3 16 99
11 1 43 100
11 1 45 150
11 10 34 100
12 46 35 100
12 49 36 100
12 28 35 100
13 49 5 100
13 24 34 100
13 3 47 148
14 25 36 100
14 25 41 100
15 10 34 100
15 45 15 99
16 24 34 100
16 27 47 100
17 17 35 150
17 29 16 100
17 2 31 100
17 2 36 100
18 43 45 100
18 46 35 100
18 28 35 100
18 21 18 99
19 24 34 100
19 19 36 100
20 28 43 99
20 25 16 150
20 25 21 100
21 35 34 150
21 36 15 100
22 49 36 100
22 18 47 100
23 38 17 148
23 23 45 100
23 1 45 150
23 41 34 150
23 12 47 99
23 8 16 100
23 22 17 100
24 8 45 99
24 13 45 100
25 0 34 100
25 25 16 150
25 25 36 100
25 6 43 150
26 24 34 100
26 39 18 100
27 2 36 100
27 27 16 100
28 39 18 100
28 39 34 100
28 19 16 150
28 30 5 100
29 46 35 100
29 14 31 100
29 45 35 99
30 12 35 99
30 17 35 150
30 9 46 100
31 29 20 100
31 29 45 150
31 19 36 100
31 44 20 100
31 1 43 100
32 37 35 148
32 38 32 100
32 47 20 150
32 2 36 100
33 29 16 100
33 29 20 100
33 31 20 150
34 43 5 100
34 43 45 100
34 3 16 99
34 18 35 99
34 18 47 100
34 32 35 100
34 21 18 99
34 27 45 99
35 41 36 100
35 41 43 100
35 46 47 99
35 39 34 100
35 39 45 148
36 17 35 150
36 4 35 100
36 1 45 150
37 28 35 100
37 32 35 100
37 49 36 100
38 20 17 150
38 19 17 99
38 0 34 100
38 30 5 100
38 18 47 100
39 34 35 99
39 35 35 99
39 46 47 99
40 43 45 100
40 1 45 150
41 24 34 100
41 25 36 100
41 25 41 100
41 2 31 100
42 45 15 99
42 45 35 99
42 12 47 99
43 8 16 100
43 2 36 100
43 0 34 100
44 12 5 99
45 36 34 150
45 8 16 100
45 28 43 99
45 29 41 100
46 42 36 148
46 47 20 150
46 18 20 100
47 16 20 150
47 1 43 100
47 18 20 100
47 18 47 100
48 11 31 100
48 45 15 99
48 27 20 150
48 27 47 100
48 47 20 150
49 18 20 100
49 18 47 100
49 39 36 100
50 46 47 99
50 17 34 100
51 49 5 100
51 49 36 100
51 39 34 100
52 12 18 100
52 12 35 99
52 12 45 150
52 46 35 100
52 25 41 100
53 36 15 100
54 23 18 100
54 2 36 100
54 31 34 150
54 11 16 148
54 27 47 100
55 17 19 100
56 2 43 100
56 31 20 150
56 16 20 150
56 12 47 99
57 30 8 150
57 18 35 99
57 6 35 150
57 17 28 100
57 14 16 150
57 39 36 100
58 25 46 100
58 17 34 100
59 25 36 100
59 11 31 100
59 1 45 150
59 0 34 100
60 43 5 100
60 28 35 100
60 31 35 100
61 8 16 100
61 27 20 150
62 38 18 100
62 16 20 150
62 46 47 99
62 0 34 100
63 49 36 100
63 27 47 100
64 49 36 100
64 45 15 99
64 45 35 99
64 35 21 100
64 35 35 99
65 35 35 99
65 11 16 148
65 34 35 99
65 15 43 99
66 9 46 100
66 10 34 100
67 11 31 100
67 49 5 100
67 49 36 100
67 24 34 100
68 27 47 100
68 28 43 99
69 12 35 99
69 46 35 100
69 39 34 100
69 39 36 100
70 9 46 100
70 19 16 150
70 19 17 99
70 13 17 150
71 0 34 100
71 0 41 100
72 6 43 150
72 10 34 100
72 25 36 100
72 8 16 100
74 35 18 99
74 27 20 150
74 47 20 150
74 45 15 99
75 34 34 150
75 19 36 100
75 46 47 99
76 0 21 100
76 30 5 100
76 12 47 99
76 28 13 100
77 36 35 100
77 26 16 148
77 21 18 99
77 44 35 99
78 22 34 150
78 19 36 100
78 23 45 100
78 20 45 100
79 14 31 100
80 24 34 100
80 1 43 100
80 45 15 99
80 41 36 100
81 39 34 100
81 20 13 100
82 39 35 148
82 39 36 100
82 39 41 150
82 42 5 100
83 1 43 100
83 10 20 99
84 47 20 150
84 37 40 99
85 39 36 100
85 25 16 150
85 10 13 100
85 10 20 99
85 18 20 100
85 18 47 100
86 22 34 150
86 14 31 100
86 8 45 99
86 44 20 100
86 44 45 100
86 1 43 100
87 19 36 100
87 27 16 100
87 45 15 99
88 44 20 100
88 27 20 150
88 27 47 100
88 39 18 100
88 16 20 150
89 23 45 100
89 24 34 100
89 13 45 100
90 24 34 100
90 1 43 100
91 31 20 150
91 9 36 150
91 43 5 100
91 14 13 99
91 46 47 99
92 25 16 150
92 25 46 100
92 10 20 99
92 10 34 100
94 27 45 99
94 27 47 100
94 10 13 100
94 10 34 100
94 25 36 100
95 24 34 100
95 27 47 100
95 45 15 99
95 1 43 100
96 39 36 100
96 8 16 100
97 34 34 150
97 18 47 100
97 23 18 100
97 26 28 100
98 11 31 100
99 41 34 150
99 41 36 100
99 18 47 100
100 5 17 100
100 18 47 100
100 22 17 100
100 20 13 100
101 36 34 150
101 2 36 100
101 1 45 150
101 23 18 100
101 23 45 100
101 12 5 99
101 11 16 148
102 1 24 100
103 24 34 100
103 5 16 150
104 44 20 100
104 49 36 100
104 47 13 100
104 47 20 150
104 36 15 100
104 2 43 100
105 28 43 99
106 21 18 99
106 42 23 100
106 49 34 150
107 39 34 100
107 39 36 100
107 29 16 100
107 29 20 100
108 6 35 150
108 46 35 100
108 46 47 99
109 37 31 100
109 37 35 148
109 14 13 99
109 42 5 100
109 39 36 100
110 25 41 100
111 24 34 100
111 2 43 100
111 11 16 148
111 48 46 100
112 45 15 99
112 29 20 100
112 39 36 100
112 44 20 100
113 41 43 100
113 18 20 100
113 20 13 100
114 14 31 100
114 24 34 100
114 10 34 100
114 39 36 100
115 30 45 99
115 20 41 150
115 31 35 100
115 23 35 100
115 15 43 99
116 12 47 99
117 2 36 100
117 10 34 100
117 19 16 150
118 27 47 100
118 4 5 100
118 7 24 148
118 21 32 99
118 17 34 100
119 0 21 100
119 27 16 100
119 41 36 100
119 25 35 150
120 44 5 100
120 44 35 99
120 6 35 150
120 28 13 100
121 46 47 99
122 33 31 100
122 1 43 100
122 49 34 150
122 49 36 100
123 14 13 99
123 9 45 150
124 41 34 150
124 13 45 100
124 38 18 100
124 45 15 99
125 27 45 99
125 27 47 100
125 20 45 100
125 49 36 100
125 38 18 100
125 25 41 100
126 26 16 148
126 10 34 100
126 20 45 100
127 19 17 99
127 19 36 100
127 10 34 100
127 44 45 100
127 32 17 99
127 30 17 100
127 30 45 99
127 46 47 99
128 37 35 148
128 35 18 99
128 28 13 100
128 46 47 99
129 12 5 99
129 12 35 99
129 23 35 100
130 31 20 150
130 18 20 100
130 18 47 100
130 15 43 99
130 15 46 100
130 2 36 100
131 46 35 100
131 46 47 99
131 36 35 100
131 8 45 99
131 28 43 99
131 43 45 100
132 39 36 100
132 39 45 148
132 18 20 100
132 18 47 100
132 13 17 150
132 10 13 100
132 10 20 99
132 5 17 100
133 16 20 150
134 0 41 100
134 8 45 99
134 20 45 100
134 18 20 100
134 31 20 150
135 30 5 100
135 35 34 150
135 25 36 100
136 27 20 150
136 27 47 100
136 14 31 100
136 29 20 100
136 45 15 99
136 2 43 100
137 41 36 100
137 23 45 100
137 27 16 100
137 27 45 99
137 44 20 100
137 3 21 99
138 18 34 150
138 28 13 100
139 9 46 100
139 5 16 150
140 0 34 100
140 39 18 100
140 39 36 100
141 10 20 99
141 49 5 100
141 29 20 100
141 29 45 150
141 44 20 100
142 2 36 100
142 10 34 100
142 39 18 100
142 34 13 99
142 12 47 99
143 12 47 99
144 44 35 99
144 9 40 100
144 9 46 100
144 36 35 100
144 35 18 99
145 39 34 100
145 39 36 100
145 32 32 99
145 15 43 99
145 8 16 100
146 17 34 100
146 8 16 100
147 17 34 100
147 41 43 100
148 45 15 99
148 45 35 99
148 24 24 150
148 34 35 99
148 5 16 150
149 2 31 100
149 2 36 100
149 14 13 99
149 12 5 99
149 27 16 100
150 21 18 99
150 18 34 150
150 18 47 100
150 41 36 100
151 22 8 100
151 23 35 100
151 37 35 148
152 29 16 100
152 29 20 100
152 27 20 150
152 21 18 99
153 41 36 100
153 14 13 99
154 49 34 150
154 41 43 100
154 45 15 99
155 20 45 100
155 27 20 150
155 27 45 99
155 27 47 100
155 47 20 150
156 39 18 100
156 39 36 100
156 25 16 150
156 42 5 100
157 13 45 100
157 37 35 148
157 20 45 100
158 44 20 100
158 16 20 150
158 3 41 100
158 49 36 100
159 39 34 100
159 49 5 100
159 44 20 100
160 49 36 100
160 43 47 150
160 47 20 150
160 8 16 100
161 28 13 100
161 41 31 100
161 43 45 100
161 44 20 100
161 44 45 100
161 17 34 100
162 12 47 99
162 37 21 100
163 27 20 150
163 19 36 100
163 36 15 100
163 16 20 150
164 3 47 148
164 22 34 150
164 48 46 100
164 41 43 100
165 29 16 100
165 29 20 100
166 34 13 99
166 34 35 99
166 32 35 100
166 29 20 100
167 30 5 100
167 30 36 150
167 3 16 99
167 10 20 99
168 23 18 100
168 1 24 100
168 1 43 100
168 41 34 150
169 35 18 99
169 19 36 100
169 25 41 100
170 1 43 100
170 1 46 100
170 18 47 100
170 4 31 100
170 39 34 100
171 27 47 100
171 0 34 100
172 12 5 99
172 12 47 99
172 2 36 100
173 36 15 100
173 36 34 150
173 47 13 100
173 8 16 100
174 30 45 99
174 44 20 100
175 44 20 100
175 15 43 99
175 39 36 100
175 29 16 100
175 29 20 100
176 31 34 150
177 39 36 100
177 39 45 148
177 8 45 99
178 49 5 100
178 29 16 100
178 29 20 100
178 18 20 100
178 31 20 150
178 37 31 100
178 14 13 99
179 49 34 150
179 3 21 99
179 3 41 100
180 25 36 100
180 18 47 100
180 7 17 100
181 17 14 100
181 17 34 100
181 49 17 100
182 22 24 150
182 19 36 100
182 24 34 100
183 35 15 150
183 47 13 100
183 8 16 100
183 28 43 99
184 0 34 100
184 0 41 100
185 17 34 100
185 49 5 100
185 49 36 100
186 23 35 100
186 44 35 99
187 29 16 100
187 11 31 100
187 24 34 100
187 19 36 100
188 27 47 100
188 45 15 99
188 34 13 99
188 21 18 99
189 32 34 150
189 26 46 100
189 30 5 100
189 8 16 100
190 43 23 100
190 19 36 100
190 31 20 150
191 18 20 100
192 8 16 100
192 44 20 100
192 18 20 100
192 14 13 99
192 39 36 100
192 28 43 99
193 10 20 99
193 10 34 100
193 12 47 99
193 9 21 100
194 46 47 99
194 30 5 100
194 30 45 99
194 43 45 100
194 10 34 100
195 30 32 100
195 19 36 100
195 0 41 100
196 18 34 150
196 18 47 100
197 36 31 99
197 36 35 100
197 44 35 99
197 10 13 100
197 26 19 100
197 3 16 99
198 49 36 100
198 44 45 100
199 49 5 100
199 28 35 100
199 28 46 100
199 45 35 99
200 36 34 150
200 19 36 100
201 28 13 100
202 0 34 100
202 0 41 100
202 8 16 100
202 18 47 100
203 39 34 100
203 39 36 100
203 42 5 100
204 31 20 150
204 14 31 100
204 29 16 100
204 29 20 100
205 29 20 100
205 49 36 100
205 1 43 100
205 31 20 150
206 16 20 150
206 14 13 99
206 45 15 99
207 18 34 150
208 26 16 148
208 26 28 100
208 28 43 99
208 49 36 100
209 36 34 150
210 41 36 100
210 41 43 100
210 44 35 99
210 37 35 148
210 37 40 99
211 14 13 99
211 13 45 100
211 12 5 99
211 12 45 150
212 21 16 150
212 21 18 99
212 45 35 99
213 18 35 99
213 6 35 150
213 41 31 100
213 41 36 100
213 8 32 100
214 25 41 100
214 16 20 150
214 9 45 150
214 29 16 100
214 29 20 100
215 10 34 100
216 26 16 148
216 4 5 100
216 31 20 150
216 29 20 100
216 29 45 150
216 23 18 100
216 20 13 100
216 10 20 99
217 0 34 100
217 43 36 150
217 27 16 100
217 1 46 100
218 36 15 100
218 27 47 100
218 22 24 150
219 6 21 99
219 20 45 100
219 16 20 150
219 30 45 99
219 25 36 100
219 31 20 150
220 28 43 99
220 46 47 99
220 31 34 150
221 18 20 100
221 10 20 99
221 29 20 100
222 39 36 100
222 12 5 99
222 2 31 100
222 31 20 150
223 11 16 148
223 31 20 150
223 35 18 99
223 20 13 100
224 49 34 150
224 45 15 99
224 41 43 100
225 29 16 100
225 2 36 100
226 46 47 99
226 29 20 100
226 27 20 150
227 9 46 100
227 31 34 150
227 49 36 100
227 3 16 99
227 41 43 100
228 8 16 100
229 29 45 150
229 46 35 100
229 46 47 99
229 45 35 99
230 0 34 100
230 20 13 100
230 16 18 99
230 41 36 100
230 41 43 100
230 27 47 100
231 25 35 150
232 29 16 100
232 29 20 100
232 39 36 100
232 10 20 99
232 16 20 150
233 2 43 100
233 49 17 100
233 4 17 99
233 32 17 99
233 0 34 100
233 45 15 99
234 46 47 99
234 37 31 100
234 9 46 100
235 29 45 150
235 25 36 100
235 49 5 100
235 49 34 150
235 13 45 100
236 47 13 100
237 41 34 150
237 41 36 100
237 19 16 150
238 23 35 100
238 45 35 99
238 0 41 100
239 21 18 99
239 3 16 99
239 2 43 100
239 11 19 99
240 24 24 150
240 24 34 100
240 2 36 100
241 8 16 100
241 24 34 100
242 47 13 100
242 36 15 100
242 1 43 100
242 3 21 99
242 49 36 100
243 18 34 150
243 42 5 100
244 37 31 100
244 47 24 100
245 10 34 100
245 2 36 100
245 2 43 100
245 2 47 150
246 10 34 100
246 38 18 100
247 47 13 100
247 47 20 150
247 31 20 150
247 8 16 100
247 29 41 100
248 27 16 100
248 39 34 100
248 39 36 100
249 10 20 99
249 44 20 100
249 44 45 100
249 44 47 150
249 29 18 150
249 29 20 100
250 35 24 148
250 43 45 100
250 27 47 100
250 25 36 100
251 31 35 100
251 37 35 148
252 34 34 150
252 18 47 100
252 17 28 100
252 27 16 100
253 15 43 99
253 12 47 99
253 10 13 100
253 41 36 100
254 38 17 148
254 47 20 150
254 10 20 99
254 36 15 100
254 32 17 99
255 17 34 100
255 19 36 100
255 25 41 100
255 30 32 100
256 43 5 100
256 17 34 100
257 29 45 150
257 25 21 100
258 46 47 99
258 32 34 150
259 27 47 100
259 42 36 148
259 44 35 99
259 11 31 100
259 35 35 99
259 47 13 100
259 36 15 100
260 4 5 100
260 18 47 100
261 39 34 100
261 26 46 100
262 27 16 100
262 15 43 99
262 7 24 148
262 31 35 100
262 44 35 99
263 2 24 100
263 2 36 100
263 31 35 100
263 32 35 100
263 47 24 100
263 9 45 150
264 19 36 100
264 21 18 99
264 10 34 100
264 12 47 99
265 1 43 100
265 17 34 100
265 8 16 100
265 20 13 100
265 3 41 100
266 44 5 100
266 29 16 100
267 10 34 100
267 28 46 100
267 19 36 100
268 35 21 100
268 16 20 150
268 27 20 150
269 12 18 100
269 22 23 100
269 49 36 100
269 3 41 100
270 10 20 99
270 10 34 100
270 44 20 100
270 29 20 100
271 36 31 99
271 14 13 99
272 19 36 100
272 41 43 100
272 27 16 100
272 27 20 150
273 0 34 100
273 16 20 150
273 4 5 100
273 23 45 100
273 45 15 99
273 27 45 99
274 24 34 100
274 35 18 99
274 41 36 100
275 27 16 100
275 39 34 100
275 34 13 99
276 27 16 100
276 27 20 150
276 18 20 100
276 2 43 100
276 29 20 100
277 12 18 100
277 36 15 100
277 29 41 100
277 39 36 100
278 36 35 100
278 32 35 100
278 18 47 100
279 2 43 100
279 39 34 100
280 21 16 150
280 31 35 100
280 41 36 100
280 35 35 99
280 47 13 100
281 41 24 148
281 20 45 100
282 10 34 100
282 44 45 100
282 25 36 100
282 25 41 100
283 22 34 150
283 39 18 100
283 4 5 100
283 29 16 100
284 35 18 99
284 45 15 99
285 41 34 150
285 41 36 100
285 41 43 100
285 46 47 99
285 34 13 99
286 10 20 99
286 27 20 150
286 17 28 100
287 4 31 100
287 47 20 150
287 47 24 100
287 18 20 100
287 21 40 100
287 25 36 100
287 44 20 100
288 34 35 99
288 28 35 100
288 29 16 100
289 42 5 100
289 21 32 99
290 48 24 150
290 10 20 99
290 18 20 100
290 44 20 100
291 27 20 150
291 29 20 100
291 41 36 100
291 41 43 100
292 19 16 150
292 45 15 99
293 42 5 100
293 31 34 150
293 31 42 99
293 7 24 148
293 46 11 99
293 39 36 100
294 3 41 100
294 44 20 100
295 0 6 100
295 33 31 100
295 47 13 100
295 47 20 150
296 17 34 100
296 44 5 100
296 44 20 100
297 45 0 100
297 45 15 99
297 45 35 99
297 23 11 100
297 3 16 99
298 14 42 100
298 25 42 148
298 18 20 100
299 43 45 100
299 18 20 100
299 18 47 100
299 30 45 99
299 15 43 99
299 24 34 100
299 33 42 100
299 10 20 99
300 49 11 99
300 49 36 100
300 5 42 148
300 19 42 100
301 26 46 100
301 37 31 100
301 22 34 150
301 22 49 99
301 46 47 99
302 47 13 100
302 47 20 150
302 42 5 100
302 41 31 100
303 37 31 100
303 37 35 148
303 36 35 100
303 39 36 100
303 47 20 150
304 4 31 100
304 4 43 150
304 29 33 100
304 49 11 99
304 36 15 100
305 28 32 100
305 28 43 99
305 22 34 150
305 40 42 150
305 49 36 100
306 1 24 100
306 17 35 150
307 26 11 100
308 32 34 150
308 19 36 100
308 4 5 100
308 4 31 100
309 37 31 100
309 37 40 99
309 16 20 150
309 47 20 150
310 26 16 148
310 40 1 100
310 2 31 100
311 34 6 100
311 34 11 99
311 34 13 99
311 30 5 100
311 35 32 99
312 18 34 150
312 18 47 100
312 36 31 99
313 28 31 150
313 2 36 100
313 36 15 100
314 35 34 150
314 0 41 100
314 14 42 100
314 46 11 99
314 17 42 99
315 22 24 150
315 46 35 100
315 34 35 99
316 30 5 100
316 12 42 150
316 39 36 100
316 10 20 99
316 29 20 100
317 26 16 148
317 26 43 148
317 34 13 99
317 32 17 99
317 38 17 148
317 31 0 100
317 39 34 100
317 2 31 100
318 34 6 100
318 10 20 99
318 10 34 100
319 29 16 100
319 4 31 100
319 23 11 100
320 30 5 100
320 16 20 150
320 45 15 99
320 45 42 148
320 47 20 150
320 12 47 99
321 24 34 100
321 12 47 99
321 19 36 100
321 26 28 100
322 22 33 100
322 8 32 100
322 4 31 100
322 24 34 100
322 46 11 99
323 11 31 100
323 34 13 99
323 2 43 100
323 12 47 99
324 12 42 150
324 29 20 100
324 14 42 100
324 41 36 100
324 10 20 99
325 4 5 100
325 18 20 100
325 18 34 150
326 22 0 100
326 22 49 99
326 13 45 100
326 21 30 150
327 44 34 148
327 44 42 148
327 25 36 100
327 47 13 100
327 28 43 99
328 39 35 148
328 39 42 99
328 48 24 150
328 28 35 100
328 5 11 99
328 27 47 100
329 18 20 100
329 19 16 150
329 19 42 100
329 47 20 150
329 37 31 100
329 45 15 99
330 35 24 148
330 2 43 100
331 18 20 100
331 18 29 100
331 10 20 99
331 12 5 99
331 47 20 150
332 6 35 150
332 46 11 99
333 32 34 150
333 21 16 150
333 25 36 100
334 14 13 99
334 45 15 99
334 47 6 100
335 48 31 150
335 10 34 100
335 26 43 148
335 29 16 100
336 3 33 100
336 5 42 148
336 24 34 100
336 2 36 100
336 28 32 100
336 47 30 148
337 36 31 99
337 19 42 100
337 1 43 100
337 5 11 99
338 37 31 100
338 37 35 148
338 27 47 100
338 23 35 100
338 49 5 100
338 49 36 100
339 35 24 148
339 35 34 150
339 19 17 99
339 19 42 100
339 13 17 150
339 33 42 100
340 1 42 148
340 1 43 100
340 6 40 100
340 10 13 100
341 44 20 100
341 36 15 100
341 36 31 99
341 2 36 100
342 34 34 150
342 47 20 150
343 33 31 100
343 30 45 99
343 20 45 100
343 36 31 99
343 36 35 100
343 31 35 100
343 35 30 150
343 12 47 99
344 14 42 100
344 7 17 100
344 35 35 99
344 12 5 99
344 12 35 99
344 12 47 99
344 20 17 150
344 46 11 99
345 1 42 148
345 47 13 100
345 49 36 100
345 27 47 100
345 40 42 150
346 35 34 150
346 1 0 99
346 1 42 148
347 47 6 100
347 36 15 100
347 36 31 99
347 26 11 100
347 44 5 100
348 25 41 100
348 25 42 148
348 17 24 150
348 18 20 100
348 18 47 100
348 31 20 150
348 44 20 100
349 21 24 150
349 7 33 100
349 46 35 100
349 46 47 99
349 4 35 100
349 37 42 150
350 46 35 100
350 49 5 100
350 25 42 148
350 14 42 100
350 28 35 100
351 18 0 100
351 9 46 100
351 24 34 100
351 10 13 100
351 1 42 148
352 41 36 100
352 41 43 100
352 16 20 150
352 31 20 150
352 31 42 99
352 17 42 99
352 46 11 99
352 46 47 99
353 16 20 150
353 39 42 99
353 27 20 150
353 33 31 100
353 33 42 100
354 38 32 100
354 39 34 100
354 39 36 100
354 18 47 100
354 10 30 150
355 11 31 100
355 12 5 99
355 48 49 100
356 35 35 99
356 45 15 99
356 45 35 99
356 34 11 99
356 15 43 99
356 4 31 100
357 29 16 100
357 29 20 100
357 40 42 150
357 18 20 100
357 17 24 150
357 2 36 100
357 10 20 99
358 27 16 100
358 18 34 150
358 5 42 148
358 47 13 100
359 4 31 100
359 2 43 100
360 48 31 150
360 41 34 150
360 45 15 99
361 34 11 99
361 49 36 100
362 38 39 100
362 43 5 100
362 3 16 99
362 26 28 100
362 27 20 150
362 27 47 100
362 37 31 100
362 44 20 100
363 22 34 150
363 3 16 99
363 1 42 148
363 1 43 100
363 34 13 99
363 39 42 99
364 39 36 100
364 4 31 100
364 15 43 99
365 44 42 148
365 18 47 100
365 49 11 99
365 39 34 100
366 44 35 99
366 44 42 148
366 4 31 100
366 4 35 100
366 3 33 100
366 36 15 100
367 12 5 99
367 12 35 99
367 12 42 150
367 46 0 100
367 7 24 148
367 14 42 100
367 3 41 100
368 49 11 99
368 49 36 100
368 2 24 100
368 33 42 100
368 14 42 100
368 6 40 100
368 0 34 100
369 22 24 150
369 19 42 100
370 5 42 148
370 18 35 99
370 39 35 148
370 39 42 99
370 30 5 100
371 6 35 150
371 4 31 100
372 25 36 100
372 37 31 100
372 23 11 100
372 10 13 100
372 10 34 100
372 8 32 100
373 39 35 148
373 10 30 150
373 41 31 100
373 34 35 99
374 42 5 100
374 0 34 100
374 2 31 100
374 18 47 100
375 2 24 100
375 45 15 99
375 45 42 148
375 24 34 100
375 35 29 100
376 36 31 99
376 1 24 100
377 15 43 99
377 39 34 100
377 34 11 99
377 8 0 100
378 10 34 100
378 2 36 100
378 45 42 148
378 44 5 100
379 37 31 100
379 40 1 100
379 28 13 100
379 25 16 150
380 8 32 100
380 2 11 100
380 2 36 100
380 47 33 99
380 17 34 100
381 39 34 100
381 30 5 100
382 12 42 150
382 27 20 150
382 39 42 99
382 25 41 100
382 16 20 150
383 7 24 148
383 17 34 100
383 25 36 100
383 41 6 99
383 36 15 100
384 29 16 100
384 29 20 100
384 20 13 100
384 46 11 99
384 46 47 99
384 18 20 100
384 47 20 150
385 42 5 100
385 25 42 148
386 49 36 100
386 25 35 150
386 25 49 100
386 11 31 100
387 40 42 150
387 44 34 148
387 1 43 100
387 1 46 100
387 9 40 100
387 12 47 99
388 31 20 150
388 46 11 99
388 41 36 100
388 10 20 99
389 5 42 148
389 42 5 100
389 31 42 99
389 47 13 100
390 5 42 148
390 44 34 148
391 26 11 100
391 15 43 99
391 28 32 100
391 2 36 100
392 41 31 100
392 11 16 148
392 46 35 100
392 46 47 99
392 39 35 148
393 10 1 100
393 10 13 100
393 49 5 100
393 49 36 100
393 21 1 100
393 27 47 100
393 45 15 99
393 45 35 99
393 18 35 99
394 32 35 100
394 33 42 100
394 17 42 99
394 34 35 99
394 18 47 100
395 12 31 148
395 46 11 99
395 39 34 100
396 5 42 148
396 32 35 100
396 4 35 100
396 47 33 99
397 10 34 100
397 28 43 99
397 33 6 100
397 49 36 100
398 42 5 100
398 3 47 148
398 37 31 100
398 26 28 100
399 38 32 100
399 32 34 150
399 5 11 99
399 14 13 99
399 25 36 100
400 44 20 100
400 44 42 148
400 27 20 150
401 18 20 100
401 18 47 100
401 37 42 150
401 2 43 100
401 10 30 150
402 37 31 100
402 11 16 148
402 49 34 150
402 33 42 100
403 40 42 150
403 40 47 150
403 11 31 100
403 19 36 100
403 45 15 99
403 2 43 100
404 5 11 99
404 25 35 150
404 4 5 100
405 21 32 99
405 19 36 100
405 34 13 99
405 27 20 150
405 27 47 100
405 18 20 100
406 14 31 100
406 14 42 100
406 47 20 150
406 22 0 100
406 10 20 99
406 27 47 100
407 48 46 100
407 48 49 100
407 18 20 100
407 24 34 100
407 14 42 100
408 6 35 150
408 29 33 100
408 23 11 100
408 23 35 100
408 4 5 100
409 12 31 148
409 12 35 99
409 12 47 99
409 18 35 99
410 48 31 150
410 12 35 99
410 35 35 99
410 14 13 99
410 2 36 100
411 36 31 99
411 39 34 100
411 46 47 99
411 30 5 100
412 19 42 100
412 25 35 150
412 31 42 99
413 41 0 100
413 41 6 99
413 49 11 99
413 3 47 148
414 47 13 100
414 11 1 100
414 35 34 150
414 18 47 100
414 28 43 99
415 26 11 100
415 49 5 100
415 49 36 100
415 6 1 148
416 4 31 100
416 34 34 150
416 14 16 150
416 14 42 100
416 36 15 100
417 47 20 150
417 39 36 100
417 10 20 99
419 46 11 99
419 36 15 100
419 36 31 99
419 36 34 150
419 42 5 100
419 3 16 99
419 37 40 99
420 7 17 100
420 22 17 100
420 27 6 100
420 27 47 100
421 33 31 100
421 46 47 99
421 47 13 100
421 41 36 100
421 41 43 100
421 7 17 100
421 1 46 100
422 41 34 150
422 30 32 100
422 18 47 100
423 20 6 100
423 36 31 99
423 34 11 99
423 41 36 100
423 10 34 100
423 27 47 100
423 42 5 100
424 39 34 100
424 18 47 100
425 25 42 148
425 22 33 100
425 33 42 100
425 28 13 100
425 47 20 150
426 29 16 100
426 29 20 100
426 25 36 100
427 35 34 150
427 41 43 100
427 14 42 100
427 44 20 100
427 45 15 99
427 26 11 100
428 11 31 100
428 31 35 100
428 4 35 100
429 44 20 100
429 15 43 99
429 47 20 150
429 49 36 100
430 29 16 100
430 37 31 100
430 37 42 150
430 14 13 99
430 14 42 100
430 4 5 100
431 32 32 99
431 19 42 100
431 33 42 100
431 27 20 150
432 47 11 148
432 47 20 150
432 5 42 148
432 19 36 100
432 31 34 150
432 15 43 99
432 15 46 100
433 43 45 100
433 8 16 100
433 8 45 99
433 24 1 100
433 24 24 150
434 29 16 100
434 29 20 100
434 47 20 150
434 47 30 148
434 18 20 100
435 48 49 100
435 17 28 100
436 49 5 100
436 49 36 100
436 47 13 100
436 47 20 150
436 36 35 100
436 45 35 99
436 45 42 148
436 12 47 99
436 31 20 150
436 19 39 99
437 18 47 100
437 0 34 100
437 4 31 100
437 4 43 150
437 34 11 99
438 5 16 150
438 5 42 148
438 19 36 100
438 19 42 100
438 0 34 100
438 36 15 100
438 36 31 99
439 10 20 99
439 16 20 150
440 46 11 99
440 18 20 100
440 47 20 150
440 3 16 99
441 26 33 100
441 33 31 100
441 44 20 100
441 14 13 99
442 28 43 99
442 33 6 100
442 2 36 100
442 43 5 100
442 10 34 100
443 4 35 100
443 43 41 150
443 34 35 99
444 4 31 100
444 19 36 100
444 29 20 100
444 46 11 99
444 18 20 100
445 48 46 100
445 32 35 100
445 12 5 99
445 12 35 99
445 12 47 99
445 2 31 100
445 46 0 100
445 18 20 100
446 39 34 100
446 45 15 99
447 45 42 148
447 46 11 99
447 46 32 100
447 39 34 100
448 10 13 100
448 20 29 100
448 45 35 99
448 25 49 100
449 14 16 150
449 19 36 100
449 32 35 100
449 12 5 99
450 9 45 150
450 15 43 99
450 14 42 100
450 19 42 100
450 25 35 150
451 10 20 99
451 34 11 99
451 14 31 100
451 25 36 100
451 47 20 150
452 17 28 100
452 17 34 100
452 17 42 99
452 37 31 100
452 37 40 99
453 20 13 100
453 5 42 148
453 43 5 100
453 29 20 100
453 31 20 150
453 31 42 99
454 4 31 100
454 27 16 100
454 17 34 100
455 46 11 99
455 46 35 100
455 46 47 99
455 6 35 150
455 41 31 100
455 41 36 100
455 18 20 100
455 45 15 99
456 19 42 100
456 26 33 100
456 17 42 99
457 27 16 100
457 27 20 150
457 32 32 99
457 29 20 100
457 43 5 100
458 1 6 100
458 1 43 100
458 14 13 99
458 18 20 100
458 44 20 100
458 16 20 150
459 25 36 100
459 23 11 100
459 39 34 100
459 46 47 99
460 37 31 100
460 37 42 150
460 44 5 100
461 2 36 100
461 32 34 150
462 30 45 99
462 4 31 100
462 13 45 100
462 2 24 100
462 2 43 100
462 22 0 100
462 27 16 100
463 18 34 150
463 18 47 100
463 17 28 100
464 29 45 150
464 14 11 148
464 14 13 99
464 9 46 100
464 23 35 100
464 35 35 99
465 8 16 100
465 0 34 100
465 39 36 100
465 18 47 100
466 4 5 100
466 4 31 100
466 39 42 99
466 17 42 99
467 5 42 148
467 36 15 100
467 36 34 150
468 4 31 100
468 41 36 100
468 5 11 99
469 17 34 100
469 44 5 100
469 14 13 99
469 14 31 100
470 33 31 100
470 33 42 100
470 22 24 150
470 23 35 100
470 23 45 100
470 9 45 150
470 14 42 100
470 46 35 100
470 46 47 99
471 0 6 100
471 0 34 100
471 14 30 150
471 1 45 150
471 15 33 100
471 18 47 100
472 15 43 99
472 17 34 100
472 17 42 99
472 14 42 100
472 25 36 100
472 5 11 99
473 19 42 100
473 45 15 99
474 4 5 100
474 2 24 100
474 5 42 148
474 41 34 150
474 32 3 99
474 33 42 100
475 37 31 100
475 22 49 99
476 45 42 148
476 0 34 100
476 0 41 100
476 35 32 99
476 39 36 100
477 20 13 100
477 42 0 100
477 42 5 100
477 39 34 100
477 35 24 148
477 34 11 99
478 47 43 150
478 39 35 148
478 39 42 99
478 19 42 100
478 46 47 99
478 6 40 100
479 5 42 148
479 31 20 150
479 12 47 99
479 21 24 150
479 18 20 100
479 25 36 100
481 22 34 150
481 26 11 100
481 49 5 100
481 33 31 100
482 16 6 99
482 36 15 100
483 22 34 150
483 19 36 100
483 1 46 100
483 41 31 100
484 30 32 100
484 22 24 150
484 28 43 99
484 49 11 99
485 39 34 100
485 22 33 100
485 11 31 100
485 18 47 100
486 28 13 100
486 28 43 99
486 10 20 99
486 16 20 150
486 29 20 100
486 35 24 148
486 41 36 100
487 4 31 100
487 39 34 100
488 34 11 99
488 36 31 99
489 26 16 148
489 35 24 148
489 35 34 150
489 42 5 100
489 2 36 100
489 25 49 100
490 45 35 99
490 31 35 100
490 1 43 100
490 18 47 100
491 46 1 150
491 29 45 150
492 12 42 150
492 18 20 100
492 10 13 100
492 10 20 99
492 25 36 100
492 46 11 99
493 14 31 100
493 14 42 100
493 17 35 150
493 38 32 100
493 44 20 100
494 44 20 100
494 9 40 100
494 34 6 100
494 37 31 100
494 1 43 100
494 10 20 99
494 18 20 100
494 18 47 100
495 45 0 100
495 45 15 99
495 17 34 100
495 3 16 99
495 20 45 100
495 13 45 100
496 17 34 100
496 17 42 99
496 44 5 100
496 26 11 100
497 20 6 100
498 12 42 150
498 33 42 100
498 49 36 100
498 18 20 100
498 17 34 100
498 10 13 100
498 10 20 99
498 29 20 100
499 3 33 100
499 30 5 100
499 5 11 99
499 10 20 99
499 29 20 100
500 19 36 100
500 14 24 100
500 14 31 100
500 47 24 100
500 30 32 100
500 10 20 99
500 1 43 100
501 21 30 150
501 48 47 150
501 37 31 100
501 39 34 100
502 1 6 100
502 17 34 100
503 9 45 150
503 46 35 100
503 37 35 148
504 47 13 100
504 42 5 100
504 42 36 148
504 28 31 150
504 28 43 99
504 43 45 100
504 23 45 100
505 2 11 100
505 25 41 100
505 44 20 100
505 47 20 150
506 9 46 100
506 35 34 150
506 4 31 100
507 40 42 150
507 20 29 100
507 36 35 100
507 32 35 100
508 5 11 99
508 5 42 148
508 12 5 99
508 12 35 99
508 49 36 100
508 36 35 100
509 28 43 99
510 37 31 100
510 34 13 99
510 34 34 150
510 14 31 100
510 36 15 100
511 14 31 100
511 37 0 100
511 31 20 150
511 10 20 99
512 39 36 100
512 39 42 99
512 15 33 100
512 35 32 99
512 2 11 100
512 17 42 99
512 10 20 99
513 44 5 100
513 44 20 100
513 22 49 99
513 18 20 100
514 27 20 150
514 21 40 100
514 18 20 100
514 16 20 150
515 10 13 100
515 10 34 100
515 46 47 99
515 45 42 148
516 34 11 99
516 34 35 99
516 22 47 150
516 36 31 99
516 36 35 100
516 36 46 99
516 49 5 100
517 14 42 100
517 24 34 100
517 49 36 100
517 12 42 150
518 11 31 100
518 37 35 148
519 34 11 99
519 34 35 99
519 15 43 99
519 12 35 99
519 12 47 99
519 25 36 100
520 14 31 100
521 35 24 148
521 41 43 100
521 44 20 100
521 27 20 150
522 41 34 150
522 41 36 100
522 40 42 150
522 8 16 100
523 18 20 100
523 18 47 100
523 14 24 100
523 4 5 100
523 4 15 148
523 23 11 100
523 47 20 150
524 10 13 100
524 10 20 99
524 10 30 150
524 48 49 100
524 2 31 100
524 2 43 100
525 10 20 99
525 11 31 100
525 31 20 150
525 8 32 100
525 27 47 100
526 37 31 100
526 17 34 100
526 41 36 100
526 46 47 99
527 11 31 100
527 19 42 100
527 18 35 99
527 6 35 150
528 43 5 100
528 43 33 100
528 3 41 100
528 24 24 150
528 24 34 100
528 5 11 99
528 5 42 148
529 28 0 100
529 28 43 99
529 29 20 100
529 27 20 150
530 1 6 100
530 49 36 100
530 34 13 99
530 34 32 100
530 34 35 99
530 12 35 99
530 14 16 150
531 28 31 150
531 10 20 99
531 10 34 100
531 38 39 100
532 5 11 99
532 5 42 148
533 44 5 100
533 44 35 99
533 44 42 148
533 14 16 150
533 14 42 100
533 45 15 99
533 45 35 99
534 17 28 100
534 17 35 150
534 17 42 99
534 25 36 100
535 37 31 100
535 17 34 100
535 23 11 100
535 4 5 100
535 34 13 99
535 29 0 99
535 18 47 100
536 36 31 99
536 36 35 100
536 11 16 148
536 19 42 100
536 32 32 99
536 32 35 100
536 5 42 148
537 12 42 150
537 10 34 100
537 39 36 100
538 42 5 100
539 48 31 150
539 15 43 99
539 44 34 148
539 46 11 99
540 1 42 148
540 1 43 100
540 2 36 100
540 14 13 99
541 31 20 150
541 34 32 100
541 16 20 150
542 2 36 100
542 27 20 150
542 5 42 148
542 10 20 99
542 39 42 99
543 2 11 100
543 40 42 150
543 34 34 150
544 9 40 100
544 28 1 150
545 49 5 100
545 49 34 150
545 35 30 150
545 1 6 100
545 2 31 100
545 3 16 99
545 20 13 100
546 8 0 100
546 8 32 100
546 39 42 99
546 47 33 99
547 12 35 99
547 12 42 150
547 12 47 99
547 18 35 99
547 41 43 100
547 19 42 100
548 49 5 100
548 21 24 150
548 21 29 100
548 39 34 100
548 39 42 99
549 25 41 100
549 2 11 100
549 18 20 100
549 47 20 150
549 14 1 100
549 14 42 100
549 45 15 99
549 29 20 100
550 46 35 100
550 35 35 99
550 33 31 100
550 2 36 100
551 30 32 100
552 12 5 99
552 12 47 99
552 17 34 100
552 20 13 100
552 31 20 150
552 5 11 99
552 47 20 150
553 46 30 148
553 46 47 99
553 27 6 100
553 19 36 100
554 15 43 99
554 31 20 150
554 29 20 100
554 18 47 100
555 45 8 99
555 45 35 99
555 45 42 148
555 41 8 100
555 18 35 99
556 18 20 100
556 47 20 150
557 17 34 100
557 17 42 99
557 42 0 100
557 44 20 100
557 44 42 148
557 33 31 100
557 46 11 99
557 41 43 100
557 20 13 100
558 9 46 100
558 19 42 100
558 16 20 150
558 44 20 100
559 49 36 100
559 3 33 100
559 48 49 100
559 10 20 99
559 36 15 100
559 20 45 100
559 43 45 100
560 27 16 100
560 27 20 150
560 40 42 150
560 49 5 100
560 33 42 100
560 18 20 100
560 29 20 100
560 10 20 99
561 35 35 99
561 23 11 100
561 23 35 100
561 19 6 100
561 18 20 100
561 18 47 100
561 15 43 99
562 12 31 148
562 12 45 150
562 10 34 100
563 47 13 100
563 4 31 100
563 0 0 100
563 0 34 100
563 46 32 100
564 39 36 100
565 5 11 99
565 30 45 99
565 16 20 150
565 34 43 148
565 39 45 148
565 29 20 100
566 12 5 99
566 12 35 99
566 12 42 150
566 2 31 100
566 46 35 100
567 29 20 100
567 37 42 150
568 34 3 100
568 34 11 99
568 34 13 99
568 34 34 150
568 19 36 100
568 31 20 150
568 10 20 99
569 15 31 148
569 31 20 150
569 29 20 100
569 6 40 100
570 41 43 100
571 25 36 100
571 21 24 150
572 47 6 100
572 27 47 100
572 34 11 99
572 34 34 150
573 17 34 100
573 3 16 99
573 4 5 100
573 4 31 100
573 36 15 100
573 41 43 100
574 17 35 150
574 17 42 99
574 25 42 148
574 27 16 100
574 47 13 100
574 47 33 99
574 45 0 100
575 10 34 100
575 41 36 100
575 36 31 99
576 36 31 99
577 34 11 99
577 15 43 99
578 31 34 150
579 11 31 100
580 35 34 150
580 2 36 100
581 29 16 100
582 41 36 100
582 0 34 100
583 29 20 100
583 29 41 100
583 16 20 150
584 39 34 100
584 14 31 100
584 18 20 100
585 49 36 100
585 34 35 99
585 39 35 148
586 4 35 100
586 34 35 99
586 16 18 99
587 31 35 100
587 44 35 99
587 25 36 100
589 42 0 100
589 35 34 150
589 8 16 100
589 26 28 100
590 6 40 100
591 8 16 100
591 22 34 150
591 16 21 100
593 39 35 148
593 39 36 100
594 31 35 100
594 17 35 150
594 41 31 100
594 12 47 99
595 29 16 100
595 29 20 100
595 16 20 150
596 24 34 100
596 19 36 100
596 26 28 100
597 35 35 99
597 34 35 99
598 32 35 100
598 35 35 99
598 29 16 100
599 10 20 99
599 18 20 100
599 47 20 150
599 49 36 100
600 37 31 100
600 31 20 150
600 27 20 150
601 8 16 100
601 44 20 100
601 29 20 100
602 46 0 100
602 44 20 100
602 10 20 99
602 31 20 150
603 39 34 100
603 19 16 150
605 0 34 100
605 0 41 100
605 39 36 100
606 11 31 100
606 0 34 100
607 12 35 99
607 45 35 99
607 3 16 99
608 31 0 100
608 10 34 100
609 25 36 100
609 27 47 100
610 10 13 100
610 10 34 100
611 4 17 99
611 17 34 100
611 7 17 100
611 5 17 100
612 29 16 100
613 18 34 150
613 18 47 100
613 25 36 100
614 16 18 99
615 10 20 99
615 21 16 150
615 21 18 99
615 19 36 100
615 16 20 150
616 22 34 150
616 47 13 100
616 18 20 100
617 12 35 99
617 27 16 100
618 14 31 100
618 39 35 148
618 31 35 100
618 6 40 100
618 18 47 100
619 3 16 99
619 19 36 100
620 44 20 100
620 33 0 100
620 14 13 99
620 10 20 99
620 29 20 100
621 17 34 100
622 10 34 100
623 0 34 100
623 27 47 100
624 25 36 100
624 25 41 100
625 7 24 148
625 24 34 100
625 37 31 100
625 27 47 100
626 0 34 100
626 2 36 100
627 14 13 99
627 18 20 100
627 18 47 100
627 10 20 99
628 27 47 100
628 29 20 100
629 45 35 99
629 44 35 99
630 28 35 100
630 30 36 150
630 12 35 99
630 33 31 100
630 11 16 148
631 27 20 150
631 27 47 100
631 18 20 100
632 44 35 99
632 12 35 99
632 17 28 100
632 20 13 100
633 31 20 150
633 10 20 99
633 44 20 100
633 18 47 100
634 39 34 100
634 39 36 100
635 27 16 100
636 33 0 100
636 32 34 150
636 20 13 100
637 8 16 100
637 0 34 100
637 12 47 99
637 49 36 100
639 27 16 100
639 31 35 100
639 32 35 100
640 22 34 150
640 33 31 100
640 49 36 100
640 15 43 99
641 14 13 99
641 18 47 100
642 3 16 99
642 30 5 100
642 41 34 150
644 31 0 100
644 31 34 150
645 15 43 99
645 25 36 100
646 49 5 100
646 49 34 150
646 46 47 99
646 37 40 99
647 37 31 100
648 24 34 100
648 35 18 99
649 30 5 100
649 29 0 99
649 29 13 148
649 29 16 100
649 10 34 100
650 3 16 99
651 32 35 100
651 18 35 99
651 29 16 100
652 39 34 100
653 0 0 100
653 0 21 100
653 0 34 100
653 12 5 99
653 29 16 100
654 49 36 100
654 6 35 150
654 6 43 150
654 46 47 99
654 14 31 100
655 8 16 100
656 18 35 99
656 28 13 100
656 28 35 100
657 36 34 150
657 12 47 99
657 15 43 99
658 25 35 150
658 25 36 100
658 4 35 100
659 42 5 100
659 10 20 99
659 27 20 150
659 27 47 100
660 14 31 100
660 10 34 100
661 2 36 100
661 10 13 100
662 17 35 150
662 42 0 100
662 42 5 100
663 39 34 100
663 18 47 100
663 17 28 100
664 0 34 100
664 25 36 100
665 28 43 99
665 3 16 99
666 41 34 150
666 18 47 100
667 37 31 100
667 43 5 100
668 24 34 100
668 2 36 100
669 28 13 100
670 17 34 100
670 10 20 99
670 28 43 99
670 27 16 100
670 27 20 150
671 31 20 150
671 44 20 100
672 41 0 100
672 27 16 100
672 27 20 150
672 27 47 100
673 4 5 100
673 0 34 100
673 49 36 100
673 47 13 100
674 2 31 100
674 2 43 100
674 31 20 150
674 21 40 100
674 47 20 150
674 27 47 100
675 24 18 150
675 18 20 100
675 18 47 100
675 27 20 150
675 19 36 100
676 46 35 100
676 34 35 99
676 42 5 100
677 12 47 99
677 39 34 100
678 29 41 100
678 10 13 100
678 10 20 99
678 10 34 100
678 2 36 100
679 42 5 100
679 17 35 150
680 25 36 100
680 4 31 100
681 22 34 150
682 12 5 99
683 36 34 150
683 12 47 99
684 23 35 100
684 6 35 150
685 17 35 150
685 42 5 100
686 8 16 100
686 29 20 100
686 31 20 150
686 20 13 100
686 30 36 150
687 17 35 150
687 28 35 100
687 14 31 100
687 18 47 100
688 48 24 150
689 0 34 100
689 16 18 99
689 25 36 100
689 42 5 100
690 17 34 100
690 2 43 100
690 27 47 100
691 41 36 100
691 35 35 99
691 18 35 99
691 18 47 100
692 42 0 100
692 47 13 100
692 21 16 150
693 41 34 150
694 18 47 100
694 41 31 100
694 41 43 100
695 10 20 99
695 4 5 100
695 44 20 100
695 18 20 100
695 18 47 100
696 27 47 100
696 0 34 100
696 2 36 100
697 0 34 100
697 29 0 99
698 14 13 99
698 14 16 150
699 12 5 99
699 12 47 99
699 24 34 100
699 39 36 100
700 12 47 99
700 17 34 100
701 23 35 100
701 36 35 100
701 21 40 100
702 32 5 148
702 14 31 100
702 24 34 100
702 49 36 100
703 18 47 100
704 28 13 100
704 10 34 100
705 15 43 99
705 0 34 100
706 29 20 100
707 30 5 100
707 1 0 99
707 1 28 150
707 39 34 100
708 20 13 100
708 44 20 100
708 39 36 100
708 1 43 100
708 29 20 100
708 27 47 100
709 7 24 148
709 36 31 99
709 36 35 100
709 32 35 100
710 25 36 100
710 44 34 148
711 6 35 150
711 8 16 100
711 4 5 100
713 28 35 100
713 31 35 100
713 46 47 99
713 39 36 100
713 18 47 100
714 24 34 100
715 47 43 150
715 19 36 100
715 24 34 100
716 37 40 99
717 44 5 100
717 44 34 148
717 20 13 100
718 14 31 100
718 18 20 100
718 29 20 100
719 18 20 100
719 19 36 100
720 42 5 100
720 0 34 100
721 18 35 99
721 18 47 100
721 17 35 150
721 20 13 100
721 27 47 100
721 2 36 100
722 12 18 100
722 39 34 100
723 0 34 100
724 4 31 100
724 47 20 150
724 18 20 100
724 18 47 100
725 42 5 100
725 29 20 100
725 49 36 100
726 41 43 100
726 7 17 100
726 17 34 100
726 27 47 100
726 10 13 100
726 46 17 150
727 49 36 100
727 18 47 100
727 24 34 100
728 0 0 100
728 12 47 99
729 0 34 100
730 3 16 99
730 10 34 100
730 26 43 148
731 41 36 100
731 0 34 100
732 37 31 100
732 21 24 150
732 18 47 100
732 42 5 100
733 1 43 100
734 47 24 100
734 6 21 99
734 25 36 100
734 27 47 100
734 32 34 150
735 18 47 100
735 35 18 99
735 14 13 99
736 34 34 150
736 41 43 100
737 0 34 100
738 17 34 100
738 19 36 100
738 21 40 100
739 12 5 99
739 12 47 99
740 22 34 150
741 29 16 100
741 19 36 100
741 1 24 100
741 1 43 100
742 17 34 100
742 20 13 100
742 3 41 100
743 23 35 100
743 31 35 100
743 12 5 99
743 14 31 100
743 19 36 100
744 46 47 99
745 32 35 100
745 10 34 100
745 46 0 100
745 23 18 100
746 34 13 99
746 34 35 99
746 6 35 150
747 49 5 100
747 49 36 100
748 17 24 150
748 17 34 100
749 49 36 100
749 33 31 100
749 17 34 100
750 14 24 100
750 15 43 99
750 17 34 100
750 47 24 100
750 8 16 100
752 1 43 100
752 24 34 100
752 10 13 100
753 37 40 99
753 10 34 100
753 39 36 100
754 30 5 100
754 46 47 99
755 44 34 148
756 12 47 99
756 32 17 99
756 3 17 150
757 12 35 99
757 25 36 100
757 4 31 100
757 4 35 100
757 27 16 100
758 18 34 150
758 18 47 100
758 4 43 150
759 29 0 99
759 44 5 100
759 44 35 99
759 32 35 100
759 1 24 100
759 47 13 100
760 26 16 148
760 41 36 100
761 35 34 150
762 45 35 99
762 34 35 99
762 39 18 100
762 4 5 100
763 20 13 100
763 4 35 100
763 19 36 100
763 46 35 100
763 46 47 99
765 31 34 150
765 41 31 100
766 42 5 100
766 19 36 100
767 24 34 100
767 46 47 99
768 39 34 100
768 22 0 100
769 12 5 99
769 11 16 148
770 14 13 99
770 24 34 100
771 19 36 100
771 0 34 100
771 39 18 100
771 8 16 100
771 44 5 100
771 26 28 100
772 10 34 100
773 44 5 100
774 27 47 100
774 17 34 100
775 1 0 99
775 0 34 100
775 36 31 99
776 14 13 99
776 2 43 100
777 36 35 100
777 28 35 100
777 21 40 100
778 44 5 100
778 44 34 148
778 46 47 99
778 39 36 100
780 39 35 148
780 6 0 100
780 36 31 99
781 10 13 100
781 10 20 99
781 30 5 100
781 18 20 100
781 3 16 99
782 18 20 100
782 18 34 150
782 8 16 100
783 28 43 99
783 44 20 100
783 39 36 100
783 18 20 100
784 28 35 100
784 8 16 100
784 36 35 100
784 26 28 100
785 31 0 100
785 31 20 150
785 18 20 100
785 28 13 100
785 4 5 100
785 16 20 150
787 39 34 100
787 39 36 100
788 27 16 100
788 27 20 150
788 33 31 100
788 28 43 99
789 16 20 150
789 0 34 100
790 25 36 100
790 25 41 100
791 10 13 100
791 10 34 100
791 49 5 100
792 15 43 99
792 39 35 148
792 23 35 100
793 10 20 99
793 29 20 100
794 41 31 100
794 41 36 100
794 10 20 99
794 10 34 100
794 46 47 99
795 30 5 100
795 24 34 100
795 14 13 99
796 49 36 100
796 6 40 100
797 17 34 100
798 17 34 100
799 17 34 100
799 15 43 99
800 31 0 100
800 2 43 100
801 24 34 100
801 28 13 100
801 12 47 99
801 17 28 100
802 37 31 100
802 17 34 100
802 41 36 100
802 41 43 100
803 43 5 100
803 27 47 100
804 44 34 148
804 35 24 148
805 28 35 100
805 2 36 100
805 34 35 99
806 35 35 99
806 33 0 100
806 11 16 148
806 43 5 100
806 36 35 100
806 28 13 100
807 40 47 150
808 10 34 100
808 23 18 100
809 17 34 100
810 4 5 100
810 4 17 99
810 4 35 100
810 30 17 100
810 41 36 100
811 36 31 99
811 3 16 99
811 3 41 100
811 16 20 150
811 28 13 100
811 27 20 150
812 28 35 100
812 6 35 150
813 26 16 148
813 2 36 100
813 43 5 100
813 17 34 100
814 1 43 100
815 24 34 100
816 11 31 100
816 42 0 100
816 24 34 100
816 47 13 100
817 21 40 100
817 32 35 100
817 49 5 100
817 49 36 100
817 4 35 100
818 48 47 150
818 28 35 100
818 45 35 99
819 25 16 150
820 24 34 100
820 25 36 100
821 17 28 100
821 4 5 100
821 47 20 150
821 27 20 150
822 24 24 150
822 24 34 100
823 25 36 100
823 8 16 100
823 39 34 100
824 42 5 100
825 24 34 100
825 11 31 100
826 28 13 100
826 39 34 100
826 39 36 100
827 43 5 100
828 34 34 150
828 46 47 99
828 1 43 100
828 49 36 100
829 45 35 99
829 31 35 100
829 21 16 150
829 21 18 99
830 12 35 99
830 4 35 100
831 10 13 100
831 8 0 100
831 11 31 100
832 31 34 150
832 0 41 100
832 44 5 100
833 10 20 99
833 31 20 150
833 18 47 100
833 19 36 100
834 17 28 100
834 15 43 99
835 18 34 150
835 14 13 99
835 30 5 100
836 19 36 100
837 12 18 100
837 12 35 99
837 25 16 150
837 4 35 100
838 29 0 99
838 37 40 99
838 44 34 148
838 28 43 99
840 4 31 100
840 4 35 100
840 15 43 99
840 14 13 99
840 34 35 99
841 49 36 100
841 6 35 150
842 10 34 100
843 42 5 100
843 24 34 100
845 26 43 148
845 33 31 100
845 10 34 100
845 8 16 100
846 30 36 150
846 27 20 150
846 27 47 100
846 31 20 150
846 47 13 100
847 12 5 99
847 12 47 99
847 10 20 99
847 29 20 100
847 47 20 150
848 49 36 100
848 24 34 100
849 0 34 100
851 39 34 100
851 28 43 99
852 12 47 99
852 0 34 100
852 19 36 100
853 12 5 99
853 1 0 99
853 1 28 150
853 47 13 100
854 37 35 148
854 37 40 99
854 34 35 99
855 5 16 150
855 36 31 99
855 36 34 150
855 19 36 100
856 47 24 100
856 4 5 100
856 4 35 100
856 46 35 100
856 3 41 100
857 10 20 99
857 18 20 100
857 44 20 100
858 14 13 99
858 26 46 100
859 39 34 100
859 39 36 100
859 27 47 100
859 41 43 100
860 42 5 100
860 2 31 100
860 17 34 100
861 17 34 100
862 35 24 148
863 44 35 99
863 45 35 99
863 2 36 100
864 0 34 100
864 4 5 100
864 14 13 99
865 24 34 100
865 41 36 100
