41 0 0 100
41 0 3 150
41 0 6 100
41 0 16 150
41 0 19 99
41 0 25 150
41 0 26 100
41 0 27 150
41 0 42 100
41 0 44 150
42 0 0 100
42 0 3 138
42 0 16 150
42 0 19 99
42 0 25 150
42 0 26 100
42 0 27 90
42 0 44 150
72 0 0 100
72 0 3 150
72 0 6 100
72 0 16 150
72 0 19 99
72 0 25 150
72 0 26 100
72 0 27 150
72 0 42 100
72 0 44 150
82 3 7 100
82 3 17 150
82 3 29 99
82 3 30 150
82 3 37 100
82 3 39 148
82 3 45 48
83 32 11 150
83 32 24 100
83 32 25 150
83 32 26 99
83 32 28 150
83 32 30 100
83 32 31 150
83 32 34 100
83 32 40 150
83 32 46 60
83 32 49 100
92 32 1 100
92 32 11 150
92 32 24 100
92 32 25 150
92 32 26 99
92 32 28 150
92 32 30 100
92 32 31 150
92 32 34 100
92 32 40 150
92 32 46 60
92 32 49 100
102 3 7 100
102 3 17 150
102 3 29 99
102 3 30 150
102 3 37 100
102 3 39 148
102 3 45 78
106 0 3 150
106 0 6 100
106 0 16 150
106 0 19 99
106 0 25 150
106 0 26 100
106 0 27 150
106 0 42 100
106 0 44 150
117 0 0 100
117 0 3 150
117 0 6 100
117 0 16 150
117 0 19 99
117 0 25 150
117 0 26 100
117 0 27 150
117 0 42 100
117 0 44 150
138 32 1 100
138 32 11 150
138 32 24 100
138 32 25 150
138 32 26 99
138 32 28 150
138 32 30 100
138 32 31 150
138 32 34 100
138 32 40 150
138 32 46 99
138 32 48 150
138 32 49 100
141 0 0 100
141 0 3 150
141 0 6 100
141 0 16 150
141 0 19 99
141 0 25 150
141 0 26 100
141 0 27 150
141 0 42 100
141 0 44 150
154 0 0 100
154 0 3 150
154 0 6 100
154 0 16 150
154 0 19 99
154 0 25 150
154 0 26 100
154 0 27 150
154 0 42 100
154 0 44 150
164 0 0 100
164 0 3 150
164 0 6 100
164 0 16 150
164 0 19 99
164 0 25 150
164 0 26 100
164 0 27 150
164 0 42 100
164 0 44 150
186 9 0 100
186 9 5 84
186 9 29 148
186 9 36 48
186 9 40 100
186 9 44 150
186 9 46 99
186 9 48 150
199 32 1 100
199 32 11 150
199 32 24 100
199 32 25 150
199 32 26 99
199 32 28 150
199 32 30 100
199 32 31 150
199 32 34 100
199 32 40 150
199 32 46 99
199 32 48 150
199 32 49 100
230 3 7 100
230 3 17 150
230 3 29 99
230 3 30 150
230 3 37 100
230 3 39 148
230 3 45 99
232 0 0 100
232 0 3 150
232 0 6 100
232 0 16 150
232 0 19 99
232 0 25 150
232 0 26 100
232 0 27 150
232 0 42 100
232 0 44 150
255 32 1 100
255 32 11 150
255 32 24 100
255 32 25 150
255 32 26 99
255 32 28 150
255 32 30 100
255 32 31 150
255 32 34 100
255 32 40 150
255 32 46 99
255 32 48 150
255 32 49 100
273 13 11 100
273 13 13 150
273 13 14 100
273 13 16 148
273 13 34 100
273 13 42 150
273 13 48 100
273 3 7 100
273 3 17 150
273 3 29 99
273 3 30 150
273 3 37 100
273 3 39 148
273 3 45 99
282 32 1 100
282 32 11 150
282 32 24 70
282 32 26 99
282 32 28 150
282 32 30 100
282 32 31 150
282 32 34 100
282 32 40 150
282 32 46 99
282 32 48 150
282 32 49 100
282 13 11 100
282 13 13 150
282 13 14 100
282 13 16 148
282 13 34 100
282 13 42 150
282 13 48 100
298 0 0 100
298 0 3 150
298 0 6 100
298 0 16 150
298 0 19 99
298 0 25 150
298 0 26 100
298 0 27 150
298 0 42 100
298 0 44 150
305 32 1 100
305 32 11 150
305 32 24 100
305 32 25 150
305 32 26 99
305 32 28 150
305 32 30 100
305 32 31 150
305 32 34 100
305 32 40 150
305 32 46 99
305 32 48 150
305 32 49 100
305 0 0 100
305 0 3 150
305 0 6 100
305 0 16 150
305 0 19 99
305 0 25 150
305 0 26 100
305 0 27 150
305 0 42 100
305 0 44 150
323 0 0 100
323 0 3 150
323 0 6 100
323 0 16 150
323 0 19 99
323 0 25 150
323 0 26 100
323 0 27 150
323 0 42 100
323 0 44 150
336 9 0 100
336 9 5 84
336 9 29 148
336 9 36 99
336 9 39 150
336 9 40 100
336 9 44 150
336 9 46 99
336 9 48 150
339 3 7 100
339 3 17 150
339 3 29 99
339 3 30 150
339 3 37 100
339 3 39 148
339 3 45 99
341 48 0 42
341 48 24 100
341 48 38 40
341 48 45 148
341 48 49 99
354 32 1 100
354 32 11 150
354 32 24 100
354 32 25 150
354 32 26 99
354 32 28 150
354 32 30 100
354 32 31 150
354 32 34 100
354 32 40 150
354 32 46 99
354 32 48 150
354 32 49 100
354 0 0 100
354 0 3 150
354 0 6 100
354 0 16 150
354 0 19 99
354 0 25 150
354 0 26 100
354 0 27 150
354 0 42 100
354 0 44 150
371 0 0 100
371 0 3 150
371 0 6 100
371 0 16 150
371 0 19 99
371 0 25 150
371 0 26 100
371 0 27 150
371 0 42 100
371 0 44 150
379 34 3 100
379 34 5 150
379 34 9 100
379 34 17 150
379 34 18 100
379 34 19 150
379 34 20 100
379 34 23 148
379 34 29 99
379 34 33 150
379 34 34 100
379 34 37 150
379 34 39 100
379 34 40 148
379 34 42 100
379 34 47 148
379 34 48 100
386 0 0 100
386 0 3 150
386 0 6 100
386 0 16 150
386 0 19 99
386 0 25 150
386 0 26 100
386 0 27 150
386 0 42 100
386 0 44 150
392 32 1 100
392 32 11 150
392 32 24 100
392 32 25 150
392 32 26 99
392 32 28 150
392 32 30 100
392 32 31 150
392 32 34 100
392 32 40 150
392 32 46 99
392 32 48 150
392 32 49 100
406 48 0 99
406 48 16 148
406 48 24 100
406 48 38 40
406 48 45 148
406 48 49 81
424 0 3 150
424 0 6 100
424 0 16 150
424 0 19 99
424 0 25 150
424 0 26 100
424 0 27 150
424 0 42 100
424 0 44 150
429 0 0 100
429 0 3 150
429 0 6 100
429 0 16 150
429 0 19 99
429 0 25 150
429 0 26 100
429 0 27 150
429 0 42 100
429 0 44 150
435 32 1 100
435 32 11 150
435 32 24 100
435 32 25 150
435 32 26 99
435 32 28 150
435 32 30 100
435 32 31 150
435 32 34 100
435 32 40 150
435 32 46 99
435 32 48 150
435 32 49 100
446 34 3 100
446 34 5 150
446 34 9 100
446 34 17 150
446 34 18 92
446 34 20 100
446 34 23 148
446 34 29 99
446 34 33 106
446 34 37 150
446 34 39 100
446 34 40 148
446 34 42 100
446 34 47 148
446 34 48 100
455 0 0 100
455 0 3 150
455 0 6 100
455 0 16 150
455 0 19 99
455 0 25 150
455 0 26 100
455 0 27 150
455 0 42 100
455 0 44 150
458 3 7 100
458 3 17 150
458 3 29 99
458 3 30 150
458 3 37 100
458 3 39 148
458 3 45 99
463 0 0 100
463 0 3 150
463 0 6 100
463 0 16 150
463 0 19 99
463 0 25 150
463 0 26 100
463 0 27 150
463 0 42 100
463 0 44 150
464 32 1 100
464 32 11 150
464 32 24 100
464 32 25 150
464 32 26 99
464 32 28 150
464 32 30 100
464 32 31 150
464 32 34 100
464 32 40 150
464 32 46 99
464 32 48 150
464 32 49 100
476 0 0 100
476 0 3 150
476 0 6 100
476 0 16 150
476 0 19 99
476 0 25 150
476 0 26 100
476 0 27 150
476 0 42 100
476 0 44 150
487 0 0 100
487 0 3 150
487 0 6 100
487 0 16 150
487 0 19 99
487 0 25 150
487 0 26 100
487 0 27 150
487 0 42 100
487 0 44 150
489 32 1 100
489 32 11 150
489 32 24 100
489 32 25 150
489 32 26 99
489 32 28 150
489 32 30 100
489 32 31 150
489 32 34 100
489 32 40 150
489 32 46 99
489 32 48 150
489 32 49 100
500 3 7 100
500 3 17 150
500 3 29 99
500 3 30 150
500 3 37 100
500 3 39 148
500 3 45 99
509 0 0 100
509 0 3 150
509 0 6 100
509 0 16 150
509 0 19 99
509 0 25 150
509 0 26 100
509 0 27 150
509 0 42 100
509 0 44 150
523 0 0 100
523 0 3 150
523 0 6 100
523 0 16 150
523 0 19 99
523 0 25 150
523 0 26 100
523 0 27 150
523 0 42 100
523 0 44 150
535 32 1 100
535 32 11 150
535 32 24 100
535 32 25 150
535 32 26 99
535 32 28 150
535 32 30 100
535 32 31 150
535 32 34 100
535 32 40 150
535 32 46 99
535 32 48 150
535 32 49 100
538 0 0 100
538 0 3 150
538 0 6 100
538 0 16 150
538 0 19 99
538 0 25 150
538 0 26 100
538 0 27 150
538 0 42 100
538 0 44 150
539 32 1 100
539 32 11 150
539 32 24 100
539 32 25 150
539 32 26 99
539 32 28 150
539 32 30 100
539 32 31 150
539 32 34 100
539 32 40 150
539 32 46 99
539 32 48 150
539 32 49 100
549 0 0 100
549 0 3 150
549 0 6 100
549 0 16 150
549 0 19 99
549 0 25 150
549 0 26 100
549 0 27 150
549 0 42 100
549 0 44 150
550 0 0 100
550 0 3 150
550 0 6 100
550 0 16 150
550 0 19 99
550 0 25 150
550 0 26 100
550 0 27 150
550 0 42 100
550 0 44 150
559 3 7 100
559 3 17 150
559 3 29 99
559 3 30 150
559 3 37 100
559 3 39 148
559 3 45 99
571 32 1 100
571 32 11 150
571 32 24 100
571 32 25 150
571 32 26 99
571 32 28 150
571 32 30 100
571 32 31 150
571 32 34 100
571 32 40 150
571 32 46 99
571 32 48 150
571 32 49 100
576 0 0 100
576 0 3 150
576 0 6 100
576 0 16 150
576 0 19 99
576 0 25 150
576 0 26 100
576 0 27 150
576 0 42 100
576 0 44 150
591 9 0 100
591 9 5 150
591 9 7 100
591 9 29 148
591 9 36 99
591 9 39 150
591 9 40 100
591 9 44 150
591 9 46 99
591 9 48 150
608 0 0 100
608 0 3 150
608 0 6 100
608 0 16 150
608 0 19 99
608 0 25 150
608 0 26 100
608 0 27 150
608 0 42 100
608 0 44 150
609 32 1 100
609 32 11 150
609 32 24 100
609 32 25 150
609 32 26 99
609 32 28 150
609 32 30 100
609 32 31 150
609 32 34 100
609 32 40 150
609 32 46 99
609 32 48 150
609 32 49 100
618 0 0 100
618 0 3 150
618 0 6 100
618 0 16 150
618 0 19 99
618 0 25 150
618 0 26 100
618 0 27 150
618 0 42 100
618 0 44 150
625 13 11 100
625 13 13 150
625 13 14 100
625 13 16 148
625 13 34 100
625 13 42 150
625 13 48 100
639 0 0 100
639 0 3 150
639 0 6 100
639 0 16 150
639 0 19 99
639 0 25 150
639 0 26 100
639 0 27 150
639 0 42 100
639 0 44 150
650 3 7 100
650 3 17 150
650 3 29 99
650 3 30 150
650 3 37 100
650 3 39 148
650 3 45 99
657 13 11 100
657 13 13 150
657 13 14 100
657 13 16 148
657 13 34 100
657 13 42 150
657 13 48 100
665 13 11 100
665 13 13 150
665 13 14 100
665 13 16 148
665 13 34 100
665 13 42 150
665 13 48 100
673 0 0 100
673 0 3 150
673 0 6 100
673 0 16 150
673 0 19 99
673 0 25 150
673 0 26 100
673 0 27 150
673 0 42 100
673 0 44 150
676 32 1 100
676 32 11 150
676 32 24 100
676 32 25 150
676 32 26 99
676 32 28 150
676 32 30 100
676 32 31 150
676 32 34 100
676 32 40 150
676 32 46 99
676 32 48 150
676 32 49 100
677 13 11 100
677 13 13 150
677 13 14 100
677 13 16 148
677 13 34 100
677 13 42 150
677 13 48 100
692 43 5 26
692 43 14 24
692 43 17 150
692 43 28 100
692 43 29 150
692 43 31 100
692 43 34 150
692 43 36 100
692 43 43 150
692 43 45 100
692 43 49 21
692 24 13 100
692 24 26 100
692 24 27 150
692 24 34 99
692 24 38 30
692 24 46 100
692 24 47 150
692 22 6 100
692 22 15 148
692 22 16 99
692 22 17 150
692 22 23 100
692 22 24 150
692 22 25 99
692 22 29 150
692 22 36 100
692 22 40 150
692 22 42 150
692 22 43 99
692 8 3 100
692 8 23 150
692 8 24 99
692 8 25 150
692 8 27 100
692 8 30 108
692 8 34 148
692 8 48 100
692 17 23 100
692 17 29 150
692 17 31 100
692 17 34 99
692 17 48 150
692 28 3 100
692 28 18 36
692 28 27 150
692 28 34 150
692 28 45 100
692 28 46 150
692 28 48 100
692 2 1 100
692 2 3 150
692 2 9 40
692 2 20 18
692 2 27 100
692 2 33 150
692 2 45 100
692 19 14 3
692 19 45 100
692 19 47 80
692 37 10 20
692 37 19 100
692 37 25 148
692 37 28 99
692 37 40 148
692 37 44 100
692 37 46 150
692 32 1 100
692 32 11 150
692 32 24 100
692 32 25 150
692 32 26 99
692 32 28 150
692 32 30 2
692 32 34 100
692 32 40 150
692 32 46 99
692 32 48 150
692 3 7 100
692 3 17 150
692 3 29 99
692 3 37 46
692 3 45 99
692 0 0 8
692 0 6 100
692 0 16 150
692 0 19 99
692 0 25 150
692 0 26 100
692 0 27 150
692 0 42 100
692 0 44 150
692 9 7 100
692 9 29 148
692 9 36 99
692 9 39 150
692 9 40 100
692 9 44 150
692 9 46 99
692 9 48 150
692 1 3 99
692 1 11 150
692 1 15 99
692 1 25 150
692 1 28 100
692 1 36 150
692 1 39 150
692 1 42 100
692 1 44 150
692 25 3 99
692 25 11 99
692 25 16 100
692 25 23 100
692 25 26 150
692 25 28 99
692 25 31 100
692 25 36 100
692 25 39 150
692 25 48 150
692 42 17 100
692 42 19 100
692 42 23 100
692 42 24 150
692 42 25 100
692 42 26 150
692 42 31 150
692 42 34 100
692 42 36 150
693 32 1 100
693 32 11 150
693 32 24 100
693 32 25 150
693 32 26 99
693 32 28 150
693 32 31 150
693 32 34 100
693 32 40 150
693 32 46 99
693 32 48 150
693 22 6 100
693 22 15 148
693 22 16 99
693 22 17 150
693 22 23 100
693 22 24 150
693 22 25 99
693 22 29 150
693 22 36 100
693 22 40 150
693 22 42 150
693 22 43 99
693 13 11 100
693 13 13 80
693 13 34 100
693 13 42 150
693 13 48 100
693 5 7 150
693 5 17 150
693 5 26 100
693 5 39 150
693 5 44 150
693 5 47 2
693 7 17 102
693 7 26 150
693 7 36 99
693 7 40 148
693 7 43 100
693 7 45 150
693 6 1 100
693 6 3 99
693 6 6 150
693 6 15 148
693 6 24 100
693 6 25 148
693 6 26 100
693 6 27 150
693 6 28 99
693 6 33 150
693 6 34 100
693 6 39 150
693 6 40 100
693 6 44 148
693 39 3 150
693 39 28 100
693 39 34 150
693 39 43 100
693 39 44 150
693 39 45 100
693 39 46 148
693 15 3 99
693 15 7 148
693 15 16 100
693 15 26 150
693 15 28 100
693 15 29 150
693 15 33 100
693 15 39 99
693 15 42 148
693 15 43 100
693 15 44 150
693 11 3 100
693 11 24 99
693 11 36 104
693 11 44 150
693 11 45 100
693 11 48 150
693 37 19 100
693 37 25 148
693 37 28 99
693 37 40 148
693 37 44 100
693 37 46 150
693 10 6 99
693 10 7 148
693 10 33 148
693 1 3 99
693 1 11 150
693 1 15 99
693 1 25 150
693 1 28 100
693 1 39 150
693 1 42 100
693 1 44 150
693 17 23 100
693 17 29 150
693 17 31 100
693 17 34 99
693 17 48 150
693 36 1 99
693 36 3 100
693 36 7 150
693 36 11 100
693 36 15 69
693 36 26 150
693 36 28 100
693 36 29 78
693 36 43 150
693 36 46 100
693 29 1 148
693 29 6 99
693 29 26 100
693 29 28 148
693 29 46 150
693 16 1 100
693 16 3 148
693 16 6 150
693 16 27 150
693 16 31 100
693 16 39 100
693 16 43 150
694 40 6 100
694 40 13 108
694 40 39 100
694 40 45 150
694 8 3 76
694 8 24 99
694 8 25 150
694 8 27 100
694 8 33 100
694 8 34 148
694 8 48 100
694 6 1 100
694 6 6 150
694 6 15 8
694 6 25 148
694 6 26 100
694 6 27 150
694 6 28 99
694 6 33 150
694 6 34 100
694 6 39 150
694 6 40 100
694 6 44 148
694 41 11 99
694 41 16 100
694 41 34 100
694 41 39 100
694 41 40 150
694 5 7 150
694 5 26 100
694 5 39 150
694 5 44 150
694 11 3 1
694 11 39 100
694 11 44 150
694 11 45 100
694 11 48 150
694 24 1 100
694 24 26 100
694 24 27 150
694 24 34 99
694 24 43 150
694 24 46 100
694 43 16 100
694 43 28 100
694 43 31 100
694 43 34 150
694 43 43 150
694 43 45 100
694 17 23 100
694 17 31 100
694 17 34 99
694 17 48 150
694 2 1 100
694 2 11 99
694 2 25 150
694 2 27 100
694 2 33 150
694 2 45 100
694 42 19 100
694 42 23 100
694 42 24 150
694 42 25 100
694 42 26 150
694 42 31 3
694 7 11 150
694 7 25 100
694 7 26 150
694 7 40 148
694 7 43 100
694 7 45 150
694 30 16 150
694 30 26 148
694 30 28 100
694 30 34 150
694 30 42 99
694 30 43 66
694 46 11 100
694 46 24 100
694 46 27 150
694 46 40 112
694 21 7 77
694 44 6 100
694 44 39 150
694 44 45 100
694 44 46 150
695 47 6 99
695 47 18 12
695 48 24 100
695 48 40 100
695 48 45 48
695 23 26 100
695 41 11 99
695 41 15 9
695 41 34 100
695 41 39 100
695 41 40 48
695 32 11 150
695 32 24 100
695 32 25 150
695 32 26 99
695 32 34 100
695 32 40 2
695 32 48 150
695 15 16 100
695 15 26 150
695 15 33 32
695 15 42 148
695 15 44 150
695 22 6 100
695 22 16 99
695 22 23 100
695 22 24 136
695 22 42 150
695 12 11 100
695 12 23 100
695 12 25 150
695 12 34 150
695 18 19 100
695 18 39 100
695 18 44 100
695 18 48 150
695 7 11 150
695 7 25 100
695 7 26 150
695 34 19 150
695 34 23 148
695 34 34 100
695 34 39 100
695 34 42 100
695 34 48 100
695 29 1 148
695 29 6 99
695 29 26 100
695 29 46 150
695 25 11 99
695 25 16 100
695 25 23 100
695 25 26 150
695 25 39 150
695 25 48 150
695 3 39 148
695 4 11 100
695 4 16 150
695 4 27 148
695 4 46 100
695 42 19 100
695 42 23 100
695 42 24 1
695 42 26 150
695 42 34 100
696 28 23 100
696 28 27 150
696 28 34 150
696 28 46 150
696 28 48 100
696 43 16 100
696 43 34 150
696 43 49 30
696 27 28 1
696 38 39 88
696 35 16 99
696 35 23 100
696 35 26 150
696 35 34 100
696 35 48 148
696 41 11 99
696 41 15 6
696 41 34 100
696 23 6 150
696 23 26 100
696 30 16 150
696 30 26 148
696 30 34 150
696 30 42 99
696 49 1 148
696 49 23 99
696 49 44 100
696 49 46 148
696 44 6 100
696 44 46 150
696 0 6 100
696 0 16 150
696 0 19 99
696 0 26 100
696 0 27 150
696 0 42 100
696 0 44 150
696 39 34 150
696 39 44 150
696 39 46 148
696 10 6 99
696 9 44 150
696 9 46 99
696 9 48 150
697 47 6 99
697 27 16 99
697 27 24 8
697 49 23 99
697 49 44 100
697 49 46 148
697 16 1 100
697 16 6 150
697 16 27 150
697 28 23 78
697 28 34 150
697 28 45 8
697 28 48 100
697 44 6 100
697 44 46 150
697 0 6 100
697 0 16 150
697 0 19 99
697 0 26 100
697 0 27 150
697 0 42 100
697 0 44 150
697 17 29 12
697 12 11 100
697 12 34 1
697 39 46 148
697 32 1 100
697 32 11 40
697 32 46 99
697 32 48 150
697 15 16 100
697 15 26 150
697 15 42 148
697 15 44 150
697 14 1 100
697 14 26 150
697 14 42 99
697 14 46 150
697 29 1 148
697 29 6 99
697 29 26 100
697 29 46 150
697 18 15 2
697 18 44 100
697 18 48 150
698 25 11 12
698 25 26 150
698 25 48 150
698 48 16 148
698 48 24 10
698 33 7 39
698 33 19 99
698 33 43 32
698 15 16 100
698 15 26 150
698 15 29 12
698 15 43 2
698 26 42 148
698 26 46 148
698 49 1 148
698 49 44 100
698 49 46 148
698 0 6 100
698 0 16 150
698 0 19 99
698 0 26 100
698 0 27 150
698 0 42 100
698 0 44 150
698 36 1 99
698 36 26 150
698 36 46 100
698 1 42 100
698 1 44 150
698 39 44 150
698 39 46 148
698 14 1 100
698 14 26 150
698 14 42 99
698 14 46 150
698 34 19 150
698 34 42 100
698 34 48 100
698 13 16 80
698 13 48 100
698 35 16 3
698 35 48 148
699 26 24 8
699 26 46 148
699 39 44 93
699 49 1 148
699 49 46 148
699 1 11 12
699 42 19 100
699 42 24 1
699 42 31 3
699 0 19 99
699 0 26 100
699 0 27 150
699 0 42 100
699 23 6 150
699 23 26 100
699 40 6 100
699 16 1 100
699 16 6 150
699 16 27 150
699 30 26 148
699 30 42 99
699 4 11 1
699 4 46 100
699 43 29 2
700 39 46 148
700 42 19 100
700 42 24 9
700 42 26 150
700 33 1 100
700 33 16 60
700 30 26 148
700 30 42 99
700 8 25 42
700 8 33 64
700 0 6 100
700 0 19 99
700 0 26 100
700 0 27 150
700 0 42 100
700 36 1 99
700 36 26 150
700 36 46 100
700 5 26 100
700 31 1 99
700 31 42 100
700 16 1 100
700 16 6 150
700 16 27 150
700 15 26 150
700 15 42 148
700 44 6 100
700 44 46 150
700 10 6 99
700 37 19 100
700 37 40 148
700 37 46 150
701 32 1 100
701 32 11 12
701 32 40 2
701 32 48 150
701 8 27 100
701 8 48 100
701 20 19 150
701 20 24 1
701 16 6 150
701 16 27 150
701 31 1 99
701 31 42 100
701 4 15 8
701 4 46 100
701 36 1 99
701 36 26 150
701 36 46 100
701 9 46 99
701 9 48 150
701 33 1 100
701 33 19 99
701 37 19 100
701 37 46 150
701 45 6 100
701 45 26 150
701 45 42 100
701 0 6 100
701 0 19 99
701 0 26 100
701 0 27 150
701 0 42 100
701 25 26 150
701 25 48 150
701 26 42 148
701 26 46 148
701 2 1 100
701 2 25 1
701 39 37 16
702 6 6 150
702 6 26 100
702 6 27 150
702 12 11 12
702 35 48 148
702 35 49 30
702 33 19 99
702 33 43 32
702 49 43 2
702 28 48 100
702 26 42 148
702 11 48 150
702 25 26 150
702 25 48 150
702 7 26 150
702 37 19 100
702 37 46 2
702 8 27 100
702 8 48 100
703 7 11 12
703 7 43 34
703 8 48 76
703 36 15 6
703 42 19 100
703 42 26 150
703 42 31 11
703 25 26 150
703 5 26 100
703 32 26 99
703 18 15 2
703 45 6 100
703 45 26 150
703 45 42 100
703 34 19 150
703 34 42 100
703 46 1 1
703 6 6 150
703 6 26 100
703 6 27 150
704 39 34 48
704 20 24 9
704 6 26 100
704 6 27 150
704 2 27 100
704 15 26 150
704 15 42 148
704 47 6 99
704 47 36 100
704 29 6 99
704 29 26 100
704 18 19 100
704 18 48 20
704 7 26 150
705 48 16 60
705 46 46 60
705 44 6 100
705 33 19 99
705 29 6 39
705 26 42 148
705 22 42 150
705 1 42 100
705 36 26 150
705 36 33 64
705 15 26 39
705 6 27 150
705 24 27 150
706 20 19 150
706 38 49 30
706 4 46 60
706 30 42 99
706 29 1 16
706 37 19 100
706 37 44 100
706 8 27 100
706 11 44 150
707 15 29 12
707 15 44 39
707 33 1 20
707 33 24 9
707 30 42 99
707 28 27 150
707 16 27 150
707 34 19 150
707 34 42 100
707 6 27 150
708 20 19 150
708 20 24 9
708 42 19 100
708 42 20 16
708 42 30 2
708 7 13 2
708 18 19 100
708 18 44 100
708 18 48 20
708 33 44 88
708 0 27 150
708 0 42 100
708 4 27 148
708 24 27 150
709 8 24 9
709 8 33 64
709 18 15 8
709 15 16 60
709 15 43 34
709 2 27 100
709 47 6 18
709 30 42 99
709 34 19 150
709 34 42 100
709 46 27 150
709 4 27 148
709 16 27 150
710 15 29 12
710 45 6 18
710 34 19 150
710 34 40 48
710 42 19 100
710 6 27 150
711 12 3 72
711 10 13 8
711 37 44 1
711 42 31 1
712 39 43 34
712 36 29 12
712 33 24 9
713 37 19 100
713 24 1 18
714 31 31 8
715 39 34 48
715 34 42 39
715 20 24 1
715 15 43 1
716 13 11 12
717 42 31 12
717 33 45 6
718 10 6 18
718 15 43 34
719 13 42 1
720 1 11 12
720 34 42 1
721 18 24 9
721 42 19 100
721 37 19 100
721 37 28 36
722 20 24 1
722 34 19 150
723 29 0 38
724 20 24 1
729 9 40 2
732 24 27 2
736 47 6 18
736 34 42 1
741 29 6 18
742 16 27 80
743 42 31 11
748 36 28 38
749 13 48 20
749 28 45 8
753 36 33 64
757 33 28 36
758 25 48 20
764 13 42 6
765 16 1 18
766 39 43 34
772 37 19 32
775 0 27 150
775 27 24 8
777 18 15 8
778 32 40 2
781 33 15 8
781 2 25 43
782 15 28 38
788 18 48 20
790 24 43 2
792 36 1 18
795 3 29 12
795 1 44 150
796 17 31 8
797 45 43 32
799 43 43 33
801 36 26 150
801 42 24 1
802 24 26 84
808 24 27 80
808 23 26 34
810 35 28 38
818 9 48 20
819 0 6 18
821 7 49 2
828 34 48 20
841 17 31 8
842 43 16 60
844 9 44 138
846 26 25 2
849 20 19 34
854 8 27 80
855 46 1 18
856 5 44 150
856 19 45 8
