2 11 35 100
3 27 9 100
3 27 35 100
3 1 18 99
3 42 1 100
3 42 18 99
3 42 44 99
3 2 9 100
4 12 9 100
4 11 35 100
4 36 9 100
4 48 12 150
5 32 16 99
5 38 3 100
5 5 16 100
5 5 35 100
5 27 9 100
5 27 14 100
6 24 35 148
6 24 44 100
6 38 3 100
6 17 18 150
6 42 4 100
6 42 18 99
6 37 16 100
6 37 40 99
6 5 16 100
7 5 9 150
7 5 18 148
7 5 35 100
7 40 18 100
7 36 9 100
8 38 44 150
8 37 1 100
8 37 35 150
9 24 14 100
9 24 35 148
10 15 9 150
10 15 44 100
10 20 3 100
10 27 35 100
10 44 16 150
10 23 40 100
10 32 16 99
11 12 9 100
11 40 18 100
11 40 26 100
11 46 18 100
11 45 18 100
11 45 35 150
12 15 9 150
12 8 3 100
12 11 35 100
13 37 1 100
13 37 35 150
13 37 40 99
13 37 47 99
13 27 9 100
13 27 44 150
13 25 3 150
14 18 18 100
14 18 26 100
14 18 39 99
14 24 14 100
14 44 18 100
14 13 3 150
15 5 3 100
15 5 35 100
15 5 44 150
15 40 31 150
15 16 14 100
15 11 35 100
16 43 8 100
16 43 31 148
16 43 35 150
16 13 31 100
16 13 47 100
16 38 25 150
16 38 31 100
16 5 16 100
16 37 16 100
16 37 31 100
17 38 47 100
17 46 48 99
17 5 16 100
17 5 35 100
18 45 16 150
18 45 18 100
18 45 35 150
18 46 18 100
18 42 1 100
18 42 18 99
19 46 12 150
19 31 39 100
19 32 16 99
19 5 16 100
19 5 35 100
19 37 16 100
19 37 40 99
19 37 47 99
20 45 35 150
20 33 3 150
20 27 14 100
21 32 16 99
21 49 16 100
21 49 18 148
21 24 12 99
21 48 26 99
21 13 4 100
21 5 35 100
22 8 3 100
22 8 44 100
22 43 8 100
22 40 18 100
22 16 14 100
23 24 35 148
23 24 44 100
23 33 3 150
23 33 47 100
23 12 9 100
23 26 9 150
23 10 16 150
23 10 40 99
23 7 16 150
24 46 9 150
24 46 18 100
24 44 18 100
24 14 35 150
24 14 44 148
24 33 27 100
24 12 1 100
25 16 14 100
25 16 18 100
25 33 13 99
25 31 18 148
25 38 44 150
25 3 9 150
25 2 9 100
25 7 16 150
26 11 35 100
26 14 14 100
26 14 35 150
26 5 16 100
27 45 35 150
27 45 44 100
27 23 40 100
27 15 9 150
27 12 9 100
28 41 14 150
28 6 14 100
28 42 18 99
28 16 18 100
28 19 18 99
28 32 16 99
28 7 16 150
28 49 35 148
29 30 5 100
29 30 44 150
29 30 48 100
29 11 35 100
29 10 14 100
30 17 3 100
30 17 18 150
30 26 26 99
30 38 31 100
30 9 18 100
30 40 4 100
30 44 16 150
30 27 9 100
30 27 35 100
31 10 1 99
31 10 16 150
31 43 35 150
31 5 3 100
31 5 9 150
31 5 16 100
31 5 18 148
31 15 44 100
31 2 9 100
31 44 18 100
32 18 8 100
32 37 35 150
33 36 40 100
33 44 16 150
33 40 44 100
33 32 16 99
33 42 8 100
33 11 35 100
34 6 1 100
34 33 3 150
34 31 39 100
34 27 35 100
34 42 4 100
34 10 16 150
34 5 16 100
35 3 9 150
35 9 18 100
35 42 18 99
35 42 44 99
35 20 3 100
35 7 16 150
35 24 35 148
36 47 1 100
36 39 44 99
36 17 9 150
36 3 9 150
36 5 16 100
36 5 35 100
36 10 40 99
37 14 14 100
37 14 35 150
37 14 44 148
37 7 16 150
37 5 9 150
37 5 16 100
38 16 3 150
38 16 18 100
38 42 18 99
38 42 44 99
38 48 12 150
38 19 18 99
38 27 35 100
39 34 47 100
39 40 18 100
39 40 44 100
39 16 18 100
39 14 35 150
39 49 16 100
40 9 18 100
40 6 30 99
40 20 3 100
40 20 49 100
40 40 18 100
40 36 9 100
40 19 18 99
40 7 16 150
40 11 35 100
40 35 9 148
41 39 44 99
41 15 9 150
41 37 35 150
42 11 18 150
42 11 35 100
42 17 3 100
42 0 12 148
42 9 18 100
42 24 12 99
42 24 44 100
42 27 9 100
43 37 16 100
43 37 40 99
43 13 3 150
43 7 16 150
43 26 9 150
43 12 9 100
43 12 13 99
43 10 14 100
43 11 35 100
44 39 12 150
44 39 26 100
44 39 44 99
44 32 16 99
44 8 44 100
44 49 16 100
44 49 18 148
44 49 35 148
44 16 18 100
45 45 44 100
45 49 45 100
45 37 1 100
45 30 9 150
45 5 35 100
46 31 18 148
46 11 35 100
46 19 18 99
47 29 9 100
47 24 14 100
47 24 35 148
47 24 44 100
47 45 4 100
47 5 9 150
48 24 12 99
48 24 35 148
48 24 44 100
48 7 16 150
48 16 18 100
48 45 16 150
48 45 18 100
49 37 16 100
49 39 4 100
49 1 18 99
49 5 9 150
49 5 16 100
49 5 18 148
49 5 35 100
49 2 9 100
50 15 9 150
50 8 3 100
50 8 17 100
51 29 9 100
51 15 1 100
51 15 44 100
51 43 35 150
51 33 40 150
51 48 26 99
51 8 44 100
52 17 9 150
52 44 16 150
52 32 16 99
52 13 4 100
52 24 35 148
52 24 44 100
53 33 47 100
53 6 14 100
53 45 4 100
53 45 35 150
53 45 44 100
54 3 12 148
54 49 18 148
54 49 35 148
54 10 26 99
54 46 18 100
54 46 48 99
54 29 9 100
55 49 35 148
55 49 40 100
55 36 9 100
55 37 1 100
55 7 3 99
55 17 9 150
55 23 44 150
56 39 44 99
56 44 9 150
56 11 35 100
56 8 3 100
57 34 3 150
57 34 47 100
57 10 1 99
57 9 18 100
57 8 44 100
57 49 18 148
57 49 35 148
58 36 9 100
58 36 40 100
58 11 35 100
58 37 16 100
58 12 9 100
58 12 44 100
58 24 44 100
59 1 4 100
59 1 18 99
59 40 18 100
59 40 26 100
59 40 44 100
59 46 5 100
59 46 18 100
59 14 14 100
59 44 16 150
60 4 44 100
60 18 18 100
60 10 14 100
60 10 16 150
60 16 18 100
60 27 9 100
60 27 35 100
60 24 35 148
60 26 9 150
61 29 12 100
61 34 3 150
61 32 16 99
61 37 12 100
61 37 16 100
61 37 31 100
61 14 44 148
61 11 35 100
61 49 16 100
62 40 18 100
62 40 44 100
62 15 9 150
62 1 18 99
62 11 35 100
62 9 18 100
63 23 44 150
63 6 14 100
63 12 9 100
63 49 16 100
63 49 35 148
63 44 16 150
63 32 16 99
64 49 16 100
64 49 18 148
64 49 35 148
64 40 4 100
64 40 18 100
64 40 26 100
64 30 17 100
64 37 16 100
64 10 16 150
65 40 18 100
65 40 44 100
65 10 1 99
65 49 18 148
65 27 35 100
66 18 4 150
66 18 26 100
66 27 9 100
66 27 35 100
66 27 44 150
66 7 16 150
66 45 16 150
67 29 9 100
67 29 47 148
67 6 1 100
67 27 9 100
67 27 35 100
67 23 18 150
67 23 40 100
67 1 18 99
68 32 16 99
68 24 8 99
68 24 35 148
68 49 16 100
69 9 1 100
69 8 3 100
69 24 35 148
69 36 40 100
69 33 27 100
70 46 9 150
70 37 16 100
70 11 35 100
70 29 9 100
70 7 16 150
71 39 26 100
71 39 44 99
71 26 3 100
71 19 18 99
71 40 18 100
71 49 16 100
71 49 35 148
71 10 1 99
71 10 16 150
71 11 48 100
72 32 13 99
72 32 16 99
72 25 3 150
72 11 18 150
72 11 35 100
72 42 18 99
72 42 44 99
72 15 44 100
72 44 16 150
73 22 26 100
73 31 12 100
73 2 9 100
73 2 12 100
73 5 3 100
73 5 35 100
74 24 14 100
74 24 35 148
74 24 44 100
74 3 9 150
74 49 40 100
75 35 9 148
75 35 14 150
75 49 16 100
75 32 16 99
75 17 9 150
75 27 35 100
76 39 4 100
76 39 44 99
76 44 16 150
76 44 18 100
76 33 3 150
76 33 47 100
76 19 18 99
76 5 16 100
76 5 35 100
76 46 18 100
77 5 18 148
77 5 35 100
77 5 44 150
77 16 14 100
77 16 18 100
77 37 26 100
77 45 4 100
78 2 12 100
78 23 18 150
78 16 18 100
78 27 35 100
78 10 16 150
79 32 16 99
79 7 16 150
79 42 4 100
79 42 44 99
79 49 16 100
79 49 35 148
80 37 35 150
80 37 40 99
80 8 44 100
80 24 14 100
81 20 3 100
81 43 4 99
81 43 35 150
81 23 44 150
81 3 9 150
81 29 9 100
81 14 14 100
81 45 16 150
81 34 47 100
82 48 26 99
82 45 16 150
82 33 47 100
82 49 16 100
82 49 40 100
83 42 18 99
83 42 44 99
83 18 12 150
83 18 18 100
83 32 16 99
83 10 14 100
83 49 35 148
84 40 4 100
84 40 44 100
84 24 8 99
84 24 35 148
84 24 44 100
85 16 18 100
85 0 12 148
85 44 9 150
85 44 18 100
85 18 1 100
85 18 18 100
85 24 35 148
85 24 44 100
85 36 9 100
86 14 35 150
86 14 44 148
86 39 26 100
87 18 8 100
87 5 16 100
87 5 35 100
87 36 40 100
87 44 16 150
87 28 5 100
87 8 17 100
88 30 9 150
88 43 35 150
88 10 1 99
88 5 3 100
89 41 48 100
89 26 9 150
89 24 44 100
89 9 18 100
89 49 18 148
89 8 44 100
89 5 35 100
90 19 18 99
90 7 16 150
90 5 16 100
90 5 18 148
90 5 35 100
90 5 44 150
90 16 14 100
90 33 8 100
90 41 4 100
91 40 18 100
91 43 35 150
91 1 18 99
91 17 3 100
91 17 9 150
91 17 14 99
91 41 23 100
91 38 47 100
91 19 18 99
92 45 4 100
92 45 18 100
92 45 35 150
92 10 14 100
92 33 3 150
92 6 45 99
92 18 18 100
92 46 9 150
93 37 1 100
93 37 16 100
93 37 26 100
93 24 44 100
93 3 9 150
93 5 16 100
93 5 35 100
94 5 35 100
94 23 40 100
95 37 16 100
95 37 35 150
95 11 18 150
95 13 3 150
95 13 4 100
95 18 18 100
95 16 14 100
95 32 16 99
96 7 16 150
96 9 18 100
96 40 18 100
96 16 14 100
96 16 18 100
96 31 12 100
96 37 12 100
96 37 16 100
97 10 8 100
97 10 16 150
97 14 35 150
97 26 3 100
97 26 9 150
97 44 16 150
97 44 18 100
97 18 18 100
98 11 18 150
98 11 35 100
98 45 16 150
98 45 18 100
98 26 26 99
98 48 12 150
98 5 16 100
98 5 35 100
99 9 18 100
99 31 18 148
99 10 14 100
99 43 35 150
99 8 44 100
100 10 1 99
100 10 16 150
100 10 26 99
100 40 44 100
100 8 44 100
101 30 44 150
101 19 18 99
101 17 18 150
101 45 4 100
101 45 35 150
101 2 9 100
102 27 9 100
102 27 35 100
102 37 1 100
102 37 40 99
102 12 9 100
103 26 3 100
103 41 4 100
103 5 35 100
103 8 44 100
104 16 3 150
104 16 18 100
104 6 1 100
104 42 18 99
104 42 44 99
104 5 9 150
104 5 35 100
104 45 18 100
104 45 35 150
104 32 13 99
105 25 4 100
105 35 9 148
105 26 3 100
105 3 8 100
106 38 4 150
106 9 1 100
106 24 35 148
106 49 40 100
107 45 16 150
107 45 18 100
107 45 35 150
107 23 18 150
107 13 3 150
107 30 9 150
107 27 9 100
108 27 35 100
108 27 44 150
108 31 18 148
108 23 1 150
108 16 18 100
108 36 26 100
108 45 16 150
108 8 3 100
109 30 44 150
109 46 18 100
109 11 18 150
109 11 35 100
109 49 16 100
110 14 35 150
110 7 3 99
110 7 16 150
110 12 9 100
110 12 44 100
110 26 9 150
110 30 48 100
111 11 1 100
111 11 18 150
111 11 35 100
111 8 44 100
111 46 9 150
111 46 18 100
112 2 9 100
112 1 18 99
112 42 18 99
112 45 35 150
112 13 47 100
112 35 9 148
113 45 4 100
113 45 35 150
113 45 39 100
113 17 3 100
113 17 14 99
113 49 40 100
114 19 18 99
114 12 9 100
114 12 44 100
114 18 12 150
114 18 18 100
114 16 18 100
114 41 4 100
114 24 35 148
115 23 18 150
115 19 18 99
115 42 14 150
115 49 16 100
115 33 3 150
115 37 16 100
115 36 9 100
115 17 9 150
116 30 9 150
116 30 44 150
116 14 35 150
116 6 1 100
116 19 18 99
116 10 47 150
116 42 18 99
116 26 9 150
117 10 16 150
117 10 26 99
117 17 3 100
117 17 18 150
117 46 18 100
117 14 35 150
117 32 16 99
118 38 44 150
118 44 9 150
118 44 16 150
118 44 18 100
118 18 1 100
118 18 18 100
118 29 9 100
118 14 35 150
118 42 18 99
118 49 16 100
119 13 3 150
119 13 4 100
119 5 16 100
119 5 35 100
119 45 16 150
119 6 14 100
120 34 3 150
120 15 9 150
120 15 44 100
120 46 18 100
120 24 35 148
120 41 4 100
120 10 16 150
120 45 18 100
121 43 35 150
121 16 14 100
121 28 5 100
121 4 44 100
121 45 16 150
121 49 16 100
121 49 31 100
121 37 16 100
121 12 9 100
122 7 16 150
122 39 44 99
122 15 44 100
122 24 14 100
122 27 35 100
122 36 40 100
123 3 9 150
123 12 9 100
123 40 18 100
123 46 18 100
123 44 18 100
124 22 26 100
124 39 44 99
124 38 3 100
124 14 35 150
124 49 16 100
124 12 1 100
124 5 35 100
125 11 18 150
125 11 35 100
125 49 16 100
125 12 9 100
125 12 44 100
125 16 18 100
125 2 9 100
126 45 16 150
126 45 35 150
126 45 44 100
126 2 9 100
126 26 9 150
126 7 16 150
126 27 14 100
127 8 44 100
127 34 47 100
127 31 18 148
127 36 9 100
127 10 14 100
127 41 48 100
127 46 18 100
127 27 9 100
127 27 35 100
127 40 44 100
128 27 14 100
128 27 35 100
128 43 8 100
128 39 7 100
128 39 44 99
128 36 40 100
129 34 47 100
129 24 35 148
129 24 44 100
129 6 1 100
129 26 3 100
130 46 12 150
130 45 4 100
130 45 16 150
130 45 35 150
130 45 44 100
130 8 44 100
130 7 16 150
130 36 26 100
130 36 40 100
131 25 12 100
131 2 12 100
131 18 18 100
131 15 23 99
131 32 16 99
131 40 18 100
131 10 16 150
132 36 9 100
132 37 35 150
132 38 3 100
132 42 8 100
132 42 44 99
132 11 35 100
133 42 8 100
133 42 18 99
133 42 44 99
133 46 18 100
133 44 16 150
133 44 18 100
133 32 16 99
133 25 3 150
134 6 14 100
134 33 3 150
134 33 13 99
134 33 47 100
134 22 26 100
134 49 35 148
134 8 44 100
135 23 40 100
135 23 44 150
135 11 35 100
135 13 17 100
135 10 16 150
135 17 3 100
136 37 16 100
136 37 35 150
136 4 44 100
136 44 9 150
136 44 16 150
137 48 12 150
137 2 9 100
137 11 35 100
138 27 35 100
138 27 44 150
138 5 16 100
138 5 35 100
138 9 1 100
138 44 16 150
138 49 40 100
139 46 9 150
139 46 48 99
139 7 3 99
139 27 14 100
139 27 35 100
139 33 47 100
140 37 16 100
140 37 35 150
140 44 9 150
140 44 16 150
140 44 18 100
140 42 18 99
140 42 44 99
140 34 3 150
140 27 9 100
141 2 12 100
141 42 44 99
141 17 3 100
141 6 45 99
141 40 44 100
141 31 12 100
142 36 9 100
142 36 40 100
142 34 3 150
142 34 14 148
142 32 16 99
142 4 44 100
142 42 18 99
142 27 9 100
142 27 35 100
142 16 18 100
142 9 18 100
142 11 35 100
143 24 12 99
143 24 35 148
143 24 44 100
143 42 18 99
143 18 18 100
143 7 16 150
144 4 44 100
144 7 31 100
144 45 4 100
144 45 35 150
144 34 47 100
144 11 1 100
145 24 14 100
145 3 9 150
145 49 16 100
145 8 3 100
145 12 9 100
145 27 35 100
145 45 16 150
146 29 12 100
146 5 18 148
146 5 35 100
146 25 12 100
146 36 26 100
146 11 18 150
147 13 4 100
147 24 35 148
147 24 44 100
147 4 44 100
147 23 40 100
148 15 44 100
148 38 47 100
148 42 8 100
148 11 35 100
148 6 14 100
149 16 18 100
149 32 4 148
149 42 18 99
149 33 27 100
149 45 35 150
150 8 3 100
150 8 44 100
150 9 1 100
150 27 35 100
150 32 16 99
150 36 26 100
150 45 16 150
151 2 9 100
151 37 35 150
151 17 14 99
151 17 18 150
151 9 18 100
152 14 44 148
152 23 40 100
152 17 9 150
152 17 25 99
152 15 5 100
153 41 4 100
153 10 26 99
153 10 47 150
153 27 35 100
153 27 44 150
153 1 18 99
153 44 18 100
153 37 35 150
153 42 18 99
154 16 18 100
154 11 1 100
154 11 18 150
154 11 35 100
154 14 44 148
155 43 4 99
155 49 16 100
155 11 35 100
155 45 16 150
155 45 44 100
156 25 12 100
156 39 44 99
156 9 18 100
156 37 35 150
156 45 18 100
157 29 9 100
157 38 3 100
157 10 1 99
157 10 40 99
157 11 35 100
158 22 26 100
158 18 18 100
158 5 18 148
158 5 35 100
158 12 13 99
159 42 4 100
159 14 35 150
159 37 47 99
160 25 3 150
160 42 44 99
160 40 26 100
160 24 14 100
160 24 35 148
161 38 44 150
161 37 12 100
161 37 40 99
161 25 12 100
161 29 9 100
162 40 18 100
162 40 44 100
162 6 1 100
162 2 9 100
162 36 9 100
162 31 18 148
162 43 35 150
163 24 35 148
163 45 16 150
163 45 18 100
163 42 18 99
163 17 9 150
163 5 16 100
164 17 18 150
164 4 1 148
164 4 44 100
164 36 26 100
164 12 44 100
164 14 35 150
164 40 18 100
164 11 48 100
164 49 16 100
165 29 9 100
165 19 18 99
165 15 9 150
165 15 30 100
165 27 35 100
165 44 16 150
166 31 12 100
166 31 18 148
166 19 18 99
166 33 3 150
166 27 35 100
167 13 4 100
167 17 9 150
167 17 14 99
167 17 18 150
167 44 18 100
167 49 35 148
167 24 12 99
167 24 44 100
167 36 9 100
168 10 1 99
168 10 8 100
168 10 40 99
168 27 35 100
168 27 44 150
169 10 12 150
169 17 3 100
169 17 18 150
169 9 18 100
169 37 35 150
169 39 44 99
170 42 18 99
170 42 44 99
170 36 26 100
170 43 35 150
170 23 18 150
171 5 16 100
171 5 18 148
171 5 35 100
171 5 44 150
171 40 18 100
171 18 1 100
171 10 16 150
171 34 47 100
172 42 4 100
172 42 44 99
172 43 35 150
172 44 16 150
172 37 26 100
172 5 3 100
173 12 1 100
173 12 9 100
173 9 48 100
174 5 3 100
174 5 18 148
174 5 35 100
174 49 35 148
174 49 45 100
174 42 4 100
174 42 18 99
175 42 4 100
175 46 5 100
175 7 31 100
175 16 14 100
175 22 26 100
175 15 31 150
175 36 31 148
175 1 31 100
176 24 12 99
176 24 35 148
176 24 44 100
176 36 9 100
176 36 31 148
176 31 18 148
176 1 18 99
176 15 9 150
177 41 4 100
177 7 16 150
177 9 18 100
177 45 16 150
177 45 18 100
177 45 35 150
177 45 44 100
177 24 44 100
177 12 9 100
177 14 42 99
178 44 9 150
178 45 35 150
178 2 9 100
178 15 1 100
179 11 35 100
179 46 12 150
179 2 9 100
179 13 40 150
180 48 12 150
180 17 3 100
180 10 16 150
180 42 44 99
180 38 47 100
180 5 16 100
180 5 35 100
180 31 12 100
181 26 26 99
181 43 4 99
181 43 35 150
181 14 14 100
181 5 16 100
182 45 16 150
182 45 35 150
182 45 44 100
182 44 12 150
182 44 16 150
182 32 16 99
183 42 14 150
183 42 18 99
183 42 44 99
183 18 18 100
183 18 26 100
183 23 40 100
183 49 16 100
183 5 16 100
183 5 35 100
183 19 18 99
184 26 9 150
184 41 4 100
184 31 12 100
184 31 18 148
184 33 47 100
184 5 35 100
184 5 44 150
184 16 18 100
184 27 9 100
185 24 35 148
185 27 9 100
185 26 3 100
185 38 3 100
185 2 9 100
185 17 10 100
186 18 12 150
186 12 9 100
186 12 44 100
186 8 44 100
186 43 35 150
186 29 9 100
187 5 9 150
187 5 18 148
187 5 35 100
187 12 13 99
187 12 44 100
187 10 14 100
187 44 18 100
188 7 3 99
188 7 16 150
188 48 12 150
188 18 18 100
188 19 18 99
188 46 48 99
188 1 18 99
188 49 16 100
188 49 35 148
189 12 8 150
189 12 9 100
189 12 44 100
189 38 3 100
189 38 17 100
189 45 18 100
189 45 30 100
189 5 18 148
189 5 35 100
190 45 4 100
190 45 18 100
190 45 44 100
190 46 9 150
190 46 18 100
190 16 3 150
190 47 1 100
190 5 35 100
191 26 3 100
191 26 9 150
191 11 35 100
191 4 44 100
191 14 14 100
191 45 44 100
191 49 40 100
191 12 9 100
192 11 35 100
192 33 3 150
192 33 47 100
192 37 26 100
193 5 3 100
193 5 16 100
193 5 18 148
193 5 35 100
193 15 44 100
193 49 16 100
193 49 18 148
194 6 14 100
194 44 9 150
194 44 16 150
194 44 18 100
194 27 9 100
194 27 35 100
194 27 44 150
194 16 18 100
194 32 16 99
195 11 1 100
195 11 35 100
195 27 35 100
195 37 16 100
195 37 26 100
195 37 31 100
195 37 47 99
195 6 31 150
195 49 16 100
195 49 31 100
196 30 9 150
196 29 9 100
196 46 10 99
196 5 16 100
196 5 35 100
196 27 14 100
196 15 31 150
196 15 44 100
196 37 40 99
197 37 12 100
197 37 16 100
197 37 35 150
197 32 16 99
197 24 12 99
197 24 44 100
197 11 48 100
197 44 9 150
198 23 18 150
198 23 44 150
198 37 35 150
198 6 14 100
198 11 18 150
199 5 3 100
199 5 16 100
199 5 35 100
199 5 44 150
199 44 16 150
199 24 14 100
199 10 26 99
200 9 18 100
200 24 35 148
200 24 44 100
200 5 16 100
200 5 18 148
200 36 9 100
200 49 16 100
201 6 1 100
201 4 4 150
201 4 44 100
201 22 21 100
201 29 9 100
201 49 16 100
201 49 40 100
201 12 9 100
201 45 16 150
202 12 44 100
202 19 18 99
202 49 18 148
202 49 35 148
202 28 5 100
202 26 26 99
203 6 1 100
203 14 35 150
203 32 16 99
203 31 18 148
203 9 18 100
203 36 4 100
203 36 9 100
203 46 9 150
204 46 18 100
204 44 16 150
204 44 18 100
204 5 16 100
204 5 35 100
204 41 4 100
204 7 16 150
205 31 18 148
205 14 35 150
205 14 44 148
205 37 1 100
205 49 18 148
205 3 8 100
206 40 4 100
206 40 26 100
206 40 44 100
206 11 35 100
206 38 47 100
207 24 35 148
207 38 21 100
207 35 9 148
207 12 9 100
208 3 9 150
208 30 44 150
208 15 1 100
208 49 18 148
208 49 35 148
208 49 40 100
208 16 18 100
208 45 10 100
209 17 3 100
209 17 9 150
209 24 35 148
209 24 44 100
209 13 47 100
209 36 9 100
210 18 1 100
211 34 3 150
211 32 16 99
211 30 17 100
211 10 16 150
211 23 18 150
211 16 18 100
211 11 35 100
212 15 9 150
212 15 44 100
212 43 35 150
212 9 18 100
212 42 18 99
212 42 44 99
212 27 9 100
212 27 35 100
212 32 13 99
213 41 4 100
213 36 26 100
213 31 12 100
213 31 18 148
213 34 3 150
213 34 47 100
213 49 16 100
213 49 18 148
213 32 16 99
213 24 12 99
214 23 1 150
214 23 40 100
214 14 21 99
214 14 35 150
214 14 44 148
214 25 4 100
214 11 35 100
215 25 12 100
215 2 9 100
215 37 16 100
215 49 16 100
215 49 18 148
215 1 18 99
215 29 9 100
216 22 26 100
216 26 3 100
216 11 35 100
216 13 4 100
216 42 44 99
216 37 16 100
216 27 35 100
217 48 12 150
217 8 3 100
217 8 44 100
217 41 48 100
217 6 30 99
217 27 35 100
217 32 16 99
217 13 31 100
218 27 9 100
218 27 14 100
218 27 35 100
218 17 3 100
218 36 40 100
218 45 16 150
219 18 26 100
219 45 10 100
219 45 16 150
219 45 35 150
219 47 45 100
219 24 14 100
220 11 1 100
220 11 35 100
220 36 9 100
220 36 40 100
220 33 3 150
220 33 47 100
220 2 9 100
221 43 35 150
221 13 3 150
221 41 21 150
222 30 9 150
222 30 44 150
222 11 35 100
222 44 16 150
222 7 16 150
222 36 9 100
223 19 18 99
223 31 18 148
223 47 1 100
223 27 9 100
223 27 35 100
224 14 35 150
224 36 9 100
224 36 26 100
224 2 12 100
224 9 18 100
224 29 12 100
224 45 16 150
224 45 18 100
225 42 18 99
225 42 44 99
225 49 16 100
225 49 18 148
225 49 35 148
225 44 16 150
225 17 3 100
226 17 18 150
226 16 18 100
226 24 8 99
226 24 12 99
226 24 35 148
226 12 9 100
226 37 12 100
226 37 16 100
226 37 47 99
227 6 14 100
227 26 3 100
227 26 9 150
227 37 40 99
227 27 35 100
228 8 3 100
228 8 44 100
228 10 1 99
228 46 9 150
228 46 18 100
228 17 18 150
229 6 14 100
229 7 3 99
229 49 35 148
229 15 9 150
229 33 13 99
230 19 18 99
230 11 18 150
230 11 35 100
230 31 12 100
230 42 44 99
230 8 44 100
230 17 9 150
230 27 35 100
231 25 3 150
231 25 12 100
231 23 18 150
231 24 12 99
231 24 35 148
231 24 44 100
231 18 18 100
231 18 21 100
231 34 10 100
232 36 9 100
232 3 9 150
232 31 18 148
232 15 44 100
232 20 3 100
232 44 18 100
233 30 5 100
233 30 44 150
233 19 18 99
233 24 35 148
233 6 1 100
233 1 18 99
233 42 18 99
234 30 9 150
234 22 26 100
234 44 12 150
234 44 16 150
234 44 18 100
234 24 35 148
234 11 18 150
234 7 3 99
234 7 16 150
234 49 16 100
235 24 35 148
235 2 9 100
235 37 16 100
235 37 47 99
235 9 18 100
235 12 9 100
235 17 9 150
235 17 18 150
236 42 18 99
236 42 44 99
236 13 3 150
236 40 18 100
236 44 16 150
236 37 16 100
236 37 35 150
236 5 16 100
237 29 12 100
237 46 48 99
237 37 16 100
237 37 26 100
237 37 35 150
238 10 12 150
238 10 16 150
238 2 12 100
238 14 44 148
238 45 18 100
238 5 3 100
238 5 16 100
238 5 18 148
238 5 35 100
239 48 12 150
239 45 18 100
239 40 18 100
239 42 18 99
239 19 23 100
240 14 35 150
240 14 44 148
240 9 18 100
240 45 18 100
240 13 3 150
240 12 9 100
240 44 9 150
240 44 12 150
240 5 35 100
241 22 14 150
241 22 26 100
241 45 10 100
241 45 44 100
241 13 47 100
242 25 3 150
242 32 16 99
242 12 1 100
242 12 9 100
242 23 40 100
242 27 9 100
242 27 35 100
242 37 16 100
242 37 21 99
242 37 35 150
243 8 44 100
243 37 40 99
243 6 14 100
244 20 3 100
244 20 4 148
244 45 16 150
244 45 18 100
244 45 35 150
244 45 44 100
244 49 16 100
244 49 18 148
244 27 35 100
244 38 47 100
245 5 3 100
245 5 16 100
245 5 18 148
245 5 35 100
245 31 18 148
245 22 26 100
245 18 1 100
245 10 16 150
245 35 46 100
247 1 4 100
247 1 8 150
247 32 16 99
247 25 3 150
247 5 16 100
247 5 35 100
247 5 44 150
247 11 35 100
247 2 9 100
248 11 1 100
248 11 35 100
248 49 40 100
248 29 9 100
248 41 4 100
248 39 44 99
248 12 9 100
248 12 44 100
249 1 4 100
249 18 39 99
249 43 35 150
250 17 9 150
250 23 40 100
250 5 16 100
250 5 35 100
250 40 44 100
250 45 16 150
250 46 12 150
250 29 9 100
251 33 47 100
251 13 4 100
251 36 9 100
251 27 9 100
251 27 35 100
251 0 12 148
252 24 35 148
252 24 44 100
252 10 1 99
252 2 9 100
252 30 48 100
252 34 10 100
252 27 9 100
253 34 3 150
253 10 14 100
253 14 35 150
253 14 44 148
253 9 18 100
253 49 18 148
253 44 9 150
254 11 18 150
254 11 35 100
254 16 18 100
254 33 8 100
254 8 3 100
255 18 1 100
255 18 18 100
255 37 35 150
255 1 18 99
255 16 18 100
255 29 9 100
255 33 13 99
255 40 44 100
255 20 3 100
256 14 35 150
256 14 44 148
256 49 40 100
256 5 3 100
257 45 18 100
257 9 18 100
257 22 21 100
257 22 26 100
257 30 9 150
257 36 9 100
257 24 12 99
257 25 12 100
258 26 45 100
258 18 1 100
258 18 18 100
258 5 18 148
258 5 35 100
258 5 44 150
258 11 35 100
258 49 31 100
258 39 4 100
259 26 21 99
259 0 12 148
259 18 18 100
259 31 18 148
259 13 47 100
259 49 35 148
260 11 18 150
260 11 35 100
260 11 41 99
260 10 16 150
260 1 18 99
260 16 3 150
260 24 44 100
260 7 16 150
261 5 9 150
261 5 18 148
261 5 35 100
261 5 44 150
261 24 14 100
261 36 9 100
261 14 21 99
261 18 18 100
262 36 26 100
262 46 18 100
262 44 18 100
262 16 18 100
262 40 44 100
262 38 17 100
262 27 35 100
263 11 18 150
263 11 35 100
263 15 5 100
263 15 44 100
263 18 18 100
263 16 14 100
263 44 16 150
264 49 16 100
264 49 18 148
264 49 35 148
264 44 9 150
264 44 16 150
264 44 18 100
264 10 14 100
264 36 9 100
265 8 3 100
265 22 26 100
265 22 39 100
265 45 4 100
265 45 10 100
265 45 35 150
265 15 1 100
265 38 47 100
266 12 9 100
266 10 12 150
266 10 16 150
266 14 35 150
266 39 4 100
266 7 16 150
266 31 18 148
266 42 18 99
266 36 9 100
267 23 18 150
267 23 44 150
267 27 35 100
267 46 18 100
267 12 8 150
267 26 3 100
268 36 9 100
268 29 9 100
268 39 44 99
268 47 1 100
268 27 35 100
268 1 18 99
268 16 18 100
269 3 8 100
269 24 14 100
269 24 35 148
269 24 44 100
270 45 4 100
270 45 18 100
270 45 35 150
270 45 44 100
270 11 1 100
270 11 18 150
270 4 44 100
270 34 47 100
270 15 9 150
271 49 40 100
271 16 3 150
272 33 3 150
272 4 44 100
272 42 1 100
272 27 9 100
272 27 35 100
272 44 16 150
272 30 48 100
273 42 18 99
273 42 44 99
273 23 18 150
273 11 35 100
273 5 16 100
273 5 35 100
273 37 16 100
273 37 26 100
273 49 16 100
274 1 4 100
274 1 18 99
274 10 1 99
274 27 9 100
274 27 35 100
274 23 18 150
274 13 47 100
274 5 3 100
274 36 9 100
275 1 18 99
275 42 18 99
275 42 44 99
275 15 44 100
275 46 10 99
275 46 18 100
275 49 35 148
276 10 14 100
276 10 16 150
276 10 40 99
276 49 16 100
276 49 35 148
276 32 13 99
276 24 44 100
276 2 9 100
277 39 4 100
277 39 12 150
277 39 44 99
277 46 9 150
277 36 9 100
277 14 35 150
277 17 3 100
278 42 18 99
278 42 44 99
278 49 16 100
278 49 18 148
278 12 9 100
278 14 14 100
278 10 16 150
279 29 9 100
279 37 1 100
279 37 35 150
279 33 3 150
280 45 18 100
280 45 35 150
280 15 9 150
280 15 23 99
280 44 18 100
280 8 3 100
280 12 9 100
280 38 47 100
281 37 1 100
281 37 16 100
281 37 35 150
281 37 40 99
281 12 44 100
281 7 16 150
281 24 44 100
282 36 26 100
282 17 18 150
282 49 16 100
282 49 18 148
282 49 35 148
282 11 48 100
282 15 44 100
282 7 16 150
283 6 1 100
283 38 3 100
283 38 44 150
283 38 47 100
283 5 35 100
283 37 21 99
284 25 3 150
284 4 44 100
284 11 18 150
284 11 35 100
284 44 9 150
284 44 18 100
285 6 1 100
285 36 9 100
285 14 35 150
285 14 44 148
285 27 9 100
285 10 16 150
285 13 3 150
285 5 16 100
286 10 12 150
286 10 40 99
286 42 44 99
286 5 9 150
286 5 35 100
286 45 10 100
287 8 44 100
287 29 9 100
287 12 9 100
287 32 14 148
287 32 16 99
287 37 16 100
287 37 35 150
288 27 9 100
288 27 35 100
288 46 18 100
288 19 18 99
288 36 9 100
288 32 16 99
288 10 16 150
289 17 9 150
289 17 18 150
289 1 4 100
289 1 18 99
289 18 1 100
290 46 18 100
290 45 18 100
290 45 35 150
290 22 26 100
290 33 47 100
290 14 14 100
291 18 18 100
291 27 9 100
291 27 35 100
291 27 44 150
291 11 18 150
291 29 9 100
291 16 18 100
292 32 16 99
292 26 3 100
292 18 18 100
292 42 18 99
292 24 35 148
292 44 16 150
293 26 26 99
293 10 14 100
293 10 40 99
293 30 44 150
293 34 47 100
293 11 35 100
294 42 4 100
294 42 18 99
294 42 44 99
294 10 16 150
294 20 3 100
294 1 18 99
294 46 9 150
294 46 18 100
294 5 16 100
294 5 35 100
295 34 41 100
295 45 16 150
295 45 18 100
295 45 35 150
295 45 44 100
296 42 18 99
296 42 44 99
296 31 12 100
296 10 16 150
296 48 5 100
296 24 12 99
296 4 13 99
297 11 18 150
297 11 35 100
297 16 18 100
297 34 47 100
297 18 26 100
297 32 16 99
297 27 35 100
298 46 10 99
298 46 43 150
298 49 16 100
298 49 35 148
298 49 37 99
298 17 3 100
298 7 16 150
299 44 16 150
299 24 35 148
299 24 44 100
299 7 16 150
299 30 17 100
299 23 40 100
299 22 26 100
299 40 44 100
300 40 4 100
300 40 18 100
300 40 44 100
300 19 18 99
300 8 3 100
300 11 35 100
300 32 16 99
300 44 16 150
300 44 18 100
301 1 4 100
301 36 26 100
301 27 35 100
301 33 42 99
301 49 16 100
302 17 14 99
302 30 44 150
302 44 16 150
302 37 16 100
302 37 35 150
302 37 40 99
302 37 47 99
302 10 16 150
303 5 3 100
303 5 16 100
303 5 18 148
303 5 35 100
303 5 44 150
303 14 14 100
303 26 3 100
303 40 18 100
303 37 16 100
304 42 1 100
304 42 44 99
304 11 35 100
304 36 26 100
305 12 9 100
305 30 9 150
305 32 16 99
305 10 16 150
305 43 35 150
305 33 27 100
306 30 48 100
306 4 41 100
306 5 35 100
306 1 31 100
306 15 31 150
306 37 31 100
306 37 47 99
307 17 3 100
307 12 44 100
307 8 17 100
307 23 40 100
307 36 31 148
307 7 31 100
307 27 35 100
308 16 18 100
308 24 35 148
308 24 44 100
308 49 16 100
308 49 18 148
308 22 26 100
308 20 3 100
308 34 10 100
308 32 16 99
309 17 14 99
309 17 18 150
309 19 18 99
309 27 35 100
309 27 44 150
310 23 44 150
310 35 9 148
310 10 16 150
310 24 35 148
310 7 16 150
311 7 3 99
311 32 25 100
311 14 35 150
311 3 9 150
312 27 4 150
312 27 9 100
312 27 35 100
312 5 3 100
312 5 9 150
312 36 40 100
312 21 37 100
313 15 1 100
313 15 9 150
313 15 44 100
313 16 3 150
313 16 14 100
313 24 35 148
314 44 16 150
314 18 41 99
314 49 16 100
314 49 40 100
314 28 29 100
314 6 14 100
314 11 35 100
315 22 26 100
315 3 12 148
315 25 3 150
315 27 35 100
315 10 16 150
316 17 9 150
316 17 14 99
316 27 35 100
316 27 44 150
316 38 47 100
317 44 16 150
317 30 44 150
317 37 16 100
317 37 35 150
317 37 40 99
317 6 14 100
317 26 3 100
318 23 18 150
318 36 9 100
318 4 44 100
318 27 9 100
318 27 14 100
318 27 35 100
318 16 3 150
318 16 18 100
318 48 10 100
318 7 16 150
319 44 16 150
319 7 3 99
319 7 16 150
319 37 16 100
319 37 35 150
320 14 35 150
320 49 16 100
320 49 18 148
320 25 3 150
320 40 18 100
320 12 9 100
320 37 16 100
320 26 9 150
321 10 16 150
321 19 18 99
321 9 18 100
321 9 48 100
321 39 44 99
321 38 3 100
321 38 47 100
321 5 9 150
321 5 16 100
321 5 35 100
322 33 13 99
322 17 3 100
322 11 35 100
322 18 26 100
322 37 16 100
322 37 40 99
322 32 16 99
322 24 36 100
323 45 4 100
323 45 16 150
323 45 18 100
323 45 35 150
323 45 44 100
323 29 9 100
323 9 18 100
323 8 3 100
323 49 16 100
323 49 37 99
323 12 9 100
323 19 18 99
324 10 16 150
324 44 16 150
324 11 35 100
325 49 18 148
325 49 35 148
325 36 4 100
325 36 9 100
325 40 18 100
325 2 9 100
326 36 26 100
326 37 1 100
326 37 16 100
326 11 35 100
326 5 16 100
327 16 18 100
327 34 47 100
327 41 4 100
327 7 16 150
327 1 18 99
327 43 35 150
328 5 3 100
328 5 16 100
328 5 18 148
328 5 35 100
328 10 16 150
328 10 26 99
328 44 18 100
328 41 10 100
328 32 16 99
328 32 42 100
329 36 9 100
329 36 40 100
329 37 16 100
329 10 14 100
329 10 16 150
329 12 9 100
329 12 44 100
329 11 35 100
329 45 44 100
330 27 14 100
330 27 35 100
330 1 18 99
330 1 41 100
330 40 18 100
330 16 18 100
331 11 35 100
331 39 44 99
331 5 3 100
331 5 9 150
332 49 16 100
332 49 35 148
332 44 16 150
332 48 5 100
332 37 47 99
332 30 17 100
332 5 3 100
333 33 27 100
333 31 12 100
333 26 3 100
333 14 35 150
333 14 44 148
333 36 40 100
333 7 16 150
334 36 4 100
334 36 9 100
334 15 1 100
334 15 44 100
334 40 18 100
334 37 16 100
334 37 35 150
334 18 18 100
334 38 3 100
334 12 9 100
335 26 3 100
335 41 48 100
335 12 44 100
335 45 16 150
335 27 35 100
335 32 16 99
336 26 26 99
336 48 12 150
336 11 35 100
336 15 44 100
336 44 16 150
336 23 40 100
337 29 9 100
337 11 35 100
337 37 16 100
337 37 47 99
337 14 14 100
337 14 44 148
337 44 16 150
338 1 18 99
338 24 35 148
338 24 44 100
338 46 18 100
338 10 16 150
338 39 37 100
338 39 44 99
338 29 9 100
338 5 16 100
339 16 18 100
339 43 35 150
339 11 18 150
339 5 9 150
339 5 16 100
339 9 18 100
339 17 10 100
339 10 16 150
340 8 44 100
340 33 32 99
340 2 9 100
340 38 4 150
340 5 35 100
340 12 9 100
340 22 14 150
341 17 3 100
341 17 9 150
341 37 40 99
342 36 9 100
342 44 9 150
342 44 16 150
342 44 18 100
342 9 18 100
342 30 44 150
342 49 16 100
342 49 35 148
343 40 44 100
343 47 1 100
343 3 9 150
343 14 14 100
343 14 35 150
344 31 18 148
344 33 47 100
344 43 35 150
344 36 26 100
344 39 44 99
344 44 18 100
344 1 18 99
345 8 3 100
345 8 44 100
345 6 14 100
345 21 0 100
345 49 35 148
345 7 3 99
346 46 9 150
346 27 35 100
346 25 4 100
346 17 3 100
346 49 40 100
347 27 9 100
347 27 35 100
347 25 37 100
347 46 9 150
347 42 1 100
348 33 13 99
348 33 47 100
348 45 35 150
348 45 44 100
348 17 9 150
348 42 44 99
349 30 38 99
349 49 18 148
349 49 35 148
349 49 40 100
349 18 1 100
349 18 18 100
349 18 26 100
349 39 44 99
350 38 42 99
350 38 44 150
350 32 16 99
350 10 16 150
350 1 18 99
350 5 18 148
350 5 35 100
351 12 1 100
351 12 8 150
351 12 21 150
351 37 35 150
352 41 4 100
352 41 10 100
352 19 18 99
352 30 9 150
352 18 18 100
352 45 44 100
353 23 18 150
353 45 16 150
353 45 18 100
353 45 35 150
353 11 35 100
353 15 9 150
353 2 9 100
354 20 3 100
354 1 18 99
354 29 9 100
354 40 18 100
354 44 16 150
354 44 18 100
354 45 16 150
355 20 3 100
355 27 14 100
355 27 35 100
355 9 18 100
355 24 35 148
355 18 18 100
355 18 41 99
356 48 5 100
356 30 9 150
356 30 44 150
356 49 16 100
356 10 14 100
356 10 16 150
356 29 9 100
356 29 21 100
357 5 35 100
357 45 44 100
357 26 26 99
357 49 40 100
357 2 36 100
357 12 1 100
358 34 14 148
358 12 44 100
358 44 16 150
358 11 35 100
359 27 35 100
359 23 40 100
359 3 8 100
359 30 48 100
359 14 35 150
359 38 47 100
360 47 1 100
360 1 4 100
360 30 44 150
360 14 35 150
360 22 26 100
360 49 16 100
360 45 16 150
361 5 3 100
361 5 9 150
361 5 16 100
361 5 18 148
361 5 35 100
361 31 18 148
361 24 14 100
362 8 3 100
362 29 9 100
362 29 21 100
362 37 16 100
362 46 9 150
362 46 18 100
362 43 4 99
362 19 18 99
362 7 3 99
362 7 16 150
362 14 14 100
362 49 35 148
363 24 44 100
363 8 3 100
363 36 9 100
363 7 16 150
364 27 35 100
364 41 10 100
364 2 12 100
364 46 12 150
364 46 18 100
364 49 16 100
364 49 18 148
364 49 45 100
364 5 35 100
365 13 4 100
365 13 47 100
365 45 16 150
365 45 35 150
365 45 44 100
365 27 14 100
365 22 26 100
365 36 40 100
365 32 16 99
366 39 4 100
366 12 9 100
366 2 9 100
366 37 16 100
366 32 16 99
366 24 14 100
367 42 18 99
367 45 16 150
367 45 18 100
367 45 35 150
367 32 16 99
367 19 18 99
367 8 29 100
367 27 14 100
367 27 35 100
368 5 9 150
368 5 16 100
368 5 35 100
368 5 44 150
368 29 9 100
368 34 47 100
368 4 13 99
368 7 16 150
368 10 1 99
369 39 4 100
369 39 26 100
369 39 37 100
369 39 44 99
369 16 18 100
369 44 18 100
370 14 14 100
370 14 21 99
370 14 35 150
370 14 44 148
370 44 9 150
370 44 16 150
370 49 16 100
370 49 40 100
370 27 35 100
370 34 3 150
371 11 35 100
371 37 16 100
371 37 47 99
371 2 9 100
371 29 9 100
371 40 44 100
371 32 16 99
371 27 14 100
371 12 44 100
372 20 3 100
372 13 17 100
372 11 18 150
372 11 35 100
372 33 32 99
372 44 9 150
372 44 18 100
372 45 44 100
373 19 18 99
373 23 18 150
373 23 44 150
373 16 14 100
373 11 35 100
373 14 42 99
373 20 3 100
374 24 35 148
374 24 44 100
374 12 9 100
374 32 16 99
374 25 3 150
374 5 16 100
374 29 9 100
374 44 16 150
375 17 9 150
375 17 14 99
375 17 18 150
375 31 18 148
375 36 40 100
375 11 35 100
375 22 21 100
376 24 35 148
376 24 44 100
376 37 1 100
376 37 16 100
376 37 47 99
376 20 4 148
376 27 9 100
376 45 10 100
376 45 16 150
376 3 9 150
376 10 16 150
377 42 4 100
377 42 14 150
377 42 44 99
377 15 9 150
377 37 16 100
377 37 35 150
377 32 16 99
377 5 3 100
378 27 35 100
378 22 26 100
378 5 3 100
378 5 18 148
378 10 12 150
378 42 18 99
379 5 16 100
379 5 18 148
379 5 35 100
379 5 44 150
379 0 25 99
379 32 16 99
379 18 18 100
379 41 48 100
380 39 12 150
380 39 44 99
380 40 18 100
380 12 9 100
380 49 16 100
380 49 18 148
380 49 35 148
380 26 3 100
380 36 9 100
380 5 16 100
380 45 16 150
381 14 35 150
381 6 1 100
381 33 3 150
381 44 16 150
382 23 40 100
382 23 44 150
382 17 9 150
382 17 14 99
382 49 16 100
382 37 16 100
382 11 35 100
383 10 16 150
383 10 26 99
383 11 35 100
383 7 16 150
384 20 3 100
384 34 47 100
384 43 8 100
384 43 35 150
384 15 1 100
384 16 14 100
384 16 18 100
384 23 18 150
385 39 4 100
385 39 12 150
385 44 16 150
385 44 18 100
385 45 16 150
385 45 18 100
385 8 3 100
385 11 35 100
386 38 44 150
386 42 8 100
386 42 18 99
386 1 18 99
386 37 35 150
386 46 10 99
386 46 18 100
387 3 36 100
387 14 44 148
387 34 3 150
387 11 18 150
387 11 35 100
387 19 18 99
387 45 4 100
387 45 16 150
387 22 26 100
387 49 16 100
388 5 3 100
388 5 35 100
388 39 12 150
388 34 47 100
388 37 40 99
389 1 18 99
389 6 14 100
389 43 35 150
389 16 3 150
389 16 18 100
389 36 26 100
390 11 35 100
390 11 41 99
390 12 44 100
390 13 47 100
390 33 27 100
390 46 5 100
391 40 18 100
391 43 35 150
391 7 16 150
391 1 18 99
391 16 18 100
392 43 4 99
392 36 9 100
392 36 40 100
392 18 12 150
392 18 32 100
392 40 44 100
392 44 9 150
392 5 35 100
393 49 16 100
393 49 35 148
393 30 9 150
393 6 14 100
393 1 4 100
393 16 3 150
394 23 1 150
394 15 9 150
394 5 3 100
394 5 16 100
394 5 35 100
394 49 16 100
395 14 14 100
395 14 21 99
395 14 35 150
395 1 18 99
395 48 26 99
395 23 18 150
395 7 16 150
396 17 9 150
396 10 40 99
396 38 17 100
396 38 44 150
396 38 47 100
396 19 13 100
396 5 16 100
396 5 35 100
397 24 14 100
397 24 44 100
397 8 3 100
397 17 10 100
397 37 16 100
397 49 16 100
397 5 35 100
398 12 9 100
398 11 18 150
398 11 35 100
398 11 48 100
398 32 16 99
398 27 14 100
398 46 18 100
399 23 40 100
399 23 44 150
399 43 35 150
399 3 9 150
399 37 16 100
399 7 16 150
399 45 16 150
400 33 3 150
400 38 44 150
400 24 35 148
400 18 26 100
401 16 14 100
401 16 18 100
401 37 16 100
401 37 38 100
401 44 16 150
401 44 18 100
401 26 3 100
401 32 16 99
402 30 9 150
402 30 42 99
402 44 16 150
402 44 18 100
402 1 18 99
402 11 35 100
402 45 16 150
402 45 18 100
402 45 35 150
402 32 16 99
403 49 18 148
403 11 35 100
403 45 18 100
403 38 47 100
403 35 14 150
404 17 3 100
404 17 9 150
404 1 4 100
404 40 44 100
404 27 9 100
404 27 35 100
404 31 12 100
404 24 12 99
404 45 16 150
405 48 26 99
405 35 21 100
405 26 3 100
405 7 16 150
405 42 1 100
405 42 44 99
405 10 16 150
405 10 40 99
405 11 35 100
406 27 9 100
406 27 35 100
406 27 44 150
406 49 18 148
406 29 9 100
406 20 3 100
406 7 3 99
406 9 18 100
407 36 9 100
407 14 14 100
407 14 35 150
407 49 16 100
407 7 16 150
408 41 4 100
408 17 18 150
408 46 18 100
408 10 1 99
408 24 35 148
409 38 44 150
409 38 47 100
409 19 18 99
409 7 10 100
409 9 18 100
409 41 4 100
409 12 9 100
409 16 14 100
409 5 9 150
409 5 35 100
410 45 4 100
410 45 16 150
410 45 35 150
410 30 9 150
410 17 14 99
410 37 16 100
411 19 18 99
411 27 4 150
411 27 35 100
411 49 16 100
411 49 18 148
411 48 26 99
411 10 16 150
412 30 44 150
412 31 18 148
412 12 1 100
412 40 18 100
412 18 21 100
412 10 16 150
412 32 16 99
412 49 35 148
413 19 18 99
413 36 26 100
413 6 1 100
413 12 44 100
413 1 18 99
413 44 18 100
414 43 35 150
414 4 44 100
414 29 9 100
414 37 40 99
414 37 47 99
414 12 9 100
415 5 3 100
415 5 9 150
415 5 35 100
415 5 44 150
415 42 14 150
415 7 3 99
415 27 35 100
416 22 14 150
416 27 9 100
416 27 35 100
416 27 44 150
416 40 18 100
416 19 18 99
416 49 16 100
416 35 9 148
416 37 16 100
417 9 18 100
417 39 44 99
417 32 16 99
417 42 18 99
417 4 41 100
417 19 18 99
417 10 14 100
417 10 16 150
417 43 35 150
418 8 44 100
418 3 9 150
418 16 18 100
418 45 16 150
418 45 18 100
418 19 13 100
418 48 5 100
419 27 14 100
419 27 35 100
419 27 44 150
419 42 18 99
419 9 18 100
419 8 3 100
419 37 16 100
419 37 35 150
419 37 47 99
419 19 18 99
420 17 9 150
420 17 10 100
420 17 18 150
420 4 44 100
420 16 18 100
420 49 16 100
420 5 16 100
420 5 35 100
421 25 3 150
421 7 16 150
421 7 36 100
421 31 18 148
421 41 48 100
421 11 18 150
421 11 35 100
421 14 14 100
421 14 44 148
421 15 9 150
421 12 9 100
421 45 16 150
421 10 16 150
422 45 35 150
422 45 44 100
422 49 16 100
422 49 37 99
422 49 40 100
422 20 3 100
422 27 9 100
422 12 9 100
423 8 3 100
423 8 44 100
423 36 26 100
423 14 42 99
423 5 35 100
424 11 1 100
424 11 35 100
424 23 44 150
424 49 16 100
424 8 3 100
424 37 16 100
424 37 47 99
425 12 9 100
425 12 44 100
425 49 16 100
425 49 35 148
425 49 40 100
425 44 16 150
425 33 27 100
426 38 44 150
426 49 35 148
426 26 26 99
427 42 14 150
427 42 18 99
427 23 18 150
427 27 35 100
427 37 16 100
427 37 47 99
427 32 16 99
428 11 18 150
428 11 35 100
428 40 18 100
428 40 44 100
428 3 9 150
428 29 9 100
428 10 14 100
429 13 4 100
429 11 18 150
429 11 35 100
429 18 18 100
429 18 26 100
429 23 44 150
430 15 1 100
430 15 44 100
430 43 35 150
430 33 3 150
430 33 47 100
431 7 10 100
431 10 14 100
431 10 40 99
431 24 35 148
431 24 44 100
431 46 48 99
431 15 44 100
431 33 32 99
432 4 41 100
432 5 35 100
432 6 14 100
432 10 26 99
433 31 18 148
433 42 18 99
433 42 44 99
433 35 9 148
433 17 3 100
433 44 16 150
433 37 16 100
433 37 35 150
434 6 14 100
434 46 9 150
434 46 18 100
434 19 18 99
435 15 44 100
435 42 18 99
435 13 47 100
435 1 18 99
435 39 12 150
435 27 35 100
436 19 18 99
436 35 21 100
436 46 18 100
436 49 18 148
436 49 35 148
436 14 14 100
436 14 44 148
436 26 26 99
437 43 4 99
437 43 35 150
437 13 3 150
437 13 17 100
437 1 18 99
437 31 18 148
438 8 29 100
438 22 26 100
438 31 18 148
438 49 16 100
438 49 35 148
438 19 18 99
438 37 1 100
438 37 16 100
438 5 16 100
439 49 16 100
439 49 31 100
439 49 35 148
439 49 38 150
439 38 3 100
439 38 31 100
439 38 44 150
439 12 9 100
439 12 13 99
439 27 9 100
439 10 16 150
439 10 31 150
439 15 31 150
439 1 31 100
440 5 3 100
440 5 16 100
440 5 18 148
440 5 35 100
440 5 44 150
440 9 18 100
440 38 47 100
441 41 4 100
441 1 31 100
441 10 1 99
441 10 26 99
441 10 31 150
441 14 35 150
441 15 31 150
441 6 31 150
442 13 4 100
442 16 14 100
442 49 16 100
442 49 35 148
442 49 40 100
442 45 44 100
443 37 16 100
443 37 31 100
443 15 9 150
443 15 31 150
443 20 3 100
443 40 31 150
443 7 3 99
443 7 10 100
443 7 16 150
443 7 31 100
443 29 9 100
443 17 14 99
443 13 31 100
444 49 16 100
444 49 35 148
444 36 9 100
444 15 44 100
444 7 16 150
445 17 3 100
445 17 9 150
445 17 18 150
445 23 44 150
445 29 9 100
445 8 36 100
445 46 18 100
445 27 35 100
445 7 16 150
445 21 37 100
446 39 26 100
446 43 35 150
446 1 18 99
446 23 18 150
446 49 16 100
447 15 5 100
447 15 9 150
447 15 44 100
447 10 14 100
447 43 35 150
447 16 32 100
448 14 35 150
448 47 1 100
448 10 16 150
448 10 40 99
448 1 4 100
449 12 1 100
449 12 9 100
449 12 44 100
449 31 18 148
449 44 9 150
449 44 18 100
449 44 47 150
449 11 35 100
449 13 3 150
450 36 4 100
450 36 26 100
450 14 14 100
450 14 35 150
450 19 18 99
450 44 16 150
450 44 18 100
450 45 16 150
451 8 3 100
451 35 14 150
451 5 3 100
451 5 35 100
451 16 0 100
451 40 4 100
452 30 9 150
452 30 44 150
452 11 35 100
452 37 16 100
452 37 40 99
452 37 47 99
452 49 16 100
452 8 3 100
452 14 14 100
453 7 16 150
453 7 31 100
453 32 16 99
453 38 17 100
453 38 31 100
453 38 44 150
453 49 31 100
453 49 35 148
453 36 9 100
453 36 31 148
453 29 9 100
454 36 9 100
454 7 3 99
454 7 31 100
454 49 35 148
454 40 44 100
454 27 9 100
455 42 4 100
455 42 18 99
455 42 44 99
455 37 16 100
455 37 26 100
455 17 10 100
455 17 14 99
455 17 18 150
455 32 16 99
455 27 35 100
456 14 14 100
456 14 35 150
456 7 3 99
456 7 16 150
456 10 16 150
456 41 4 100
457 46 9 150
457 37 40 99
457 37 47 99
457 25 3 150
457 11 35 100
457 24 14 100
458 27 35 100
458 39 26 100
458 12 21 150
458 30 42 99
459 43 35 150
459 42 18 99
459 11 18 150
459 11 48 100
459 2 12 100
459 45 16 150
459 49 16 100
460 5 3 100
460 5 16 100
460 5 35 100
460 5 44 150
460 49 16 100
460 33 27 100
460 31 12 100
460 24 12 99
461 39 26 100
461 39 44 99
461 45 35 150
461 10 40 99
462 15 1 100
462 15 4 150
462 33 3 150
462 33 47 100
462 0 12 148
463 46 18 100
463 3 8 100
463 14 14 100
463 14 35 150
463 14 44 148
463 1 18 99
463 42 18 99
463 10 16 150
463 32 16 99
464 11 18 150
464 11 35 100
464 38 44 150
464 1 18 99
465 26 26 99
465 44 13 100
465 44 16 150
465 44 18 100
465 17 18 150
465 14 35 150
465 45 16 150
466 36 26 100
466 36 40 100
466 35 21 100
466 27 14 100
466 27 35 100
466 27 44 150
466 5 16 100
466 5 35 100
466 37 16 100
467 20 3 100
467 18 12 150
467 33 47 100
467 39 44 99
467 17 9 150
467 17 10 100
467 11 35 100
468 44 16 150
468 45 35 150
468 45 44 100
469 36 26 100
469 36 40 100
469 10 14 100
469 10 16 150
469 32 16 99
469 18 21 100
469 49 16 100
470 20 3 100
470 9 18 100
470 43 4 99
470 43 35 150
470 46 18 100
470 38 3 100
470 27 35 100
471 2 9 100
471 2 36 100
471 44 9 150
471 42 44 99
471 24 44 100
471 11 35 100
471 17 3 100
472 12 1 100
472 12 9 100
472 49 16 100
472 49 18 148
472 18 18 100
472 8 17 100
472 27 35 100
472 45 16 150
473 26 26 99
473 17 14 99
473 43 35 150
473 15 44 100
473 9 48 100
474 49 16 100
474 49 40 100
474 17 14 99
474 38 44 150
474 7 16 150
474 5 35 100
474 13 4 100
475 35 9 148
475 35 25 99
475 11 35 100
475 24 44 100
475 36 9 100
476 5 35 100
476 34 47 100
476 8 6 150
476 49 40 100
476 46 5 100
476 10 1 99
476 12 6 99
477 18 26 100
477 5 35 100
478 30 9 150
478 18 1 100
478 18 18 100
478 18 32 100
478 20 3 100
478 24 35 148
478 34 10 100
478 23 18 150
479 38 3 100
479 44 9 150
479 44 16 150
479 44 18 100
479 14 14 100
479 14 35 150
479 42 18 99
479 16 18 100
479 12 9 100
480 17 3 100
480 17 9 150
480 43 35 150
480 15 44 100
481 40 4 100
481 40 18 100
481 40 44 100
481 33 47 100
481 17 14 99
481 17 18 150
482 16 3 150
482 22 26 100
482 49 16 100
482 49 35 148
482 49 40 100
482 10 16 150
483 44 9 150
483 44 16 150
483 39 44 99
483 40 44 100
483 49 16 100
483 49 35 148
484 14 35 150
484 14 42 99
484 49 40 100
484 25 3 150
484 25 12 100
484 2 12 100
485 5 3 100
485 5 9 150
485 5 16 100
485 5 35 100
485 2 9 100
485 35 14 150
485 12 44 100
486 32 16 99
486 11 35 100
486 24 14 100
486 3 9 150
487 13 3 150
487 13 47 100
487 40 18 100
487 40 26 100
487 40 44 100
487 27 14 100
487 27 35 100
487 44 16 150
487 44 18 100
487 11 35 100
487 37 16 100
487 32 16 99
488 3 9 150
488 3 12 148
488 3 36 100
488 17 10 100
488 17 18 150
488 45 18 100
488 11 35 100
489 49 18 148
489 49 35 148
489 15 9 150
489 25 12 100
489 24 12 99
489 4 13 99
489 42 18 99
489 29 9 100
489 29 21 100
490 3 9 150
490 34 47 100
490 42 18 99
490 18 18 100
490 26 3 100
490 49 16 100
490 45 16 150
490 45 18 100
490 10 14 100
491 11 18 150
491 11 35 100
491 11 48 100
491 33 3 150
491 33 37 100
491 36 9 100
491 42 18 99
491 29 9 100
491 5 35 100
492 9 1 100
492 44 16 150
492 8 3 100
492 8 29 100
492 8 44 100
492 11 35 100
492 23 40 100
493 14 14 100
493 14 35 150
493 14 44 148
493 8 3 100
493 24 8 99
494 49 18 148
494 49 35 148
494 49 43 148
494 42 1 100
494 42 18 99
494 42 44 99
494 13 3 150
494 35 9 148
495 49 18 148
495 19 18 99
495 17 3 100
495 17 9 150
495 12 9 100
496 13 4 100
496 24 14 100
496 24 35 148
496 24 44 100
496 39 44 99
496 44 9 150
497 11 18 150
497 11 35 100
497 18 18 100
497 49 16 100
497 3 9 150
497 27 35 100
498 34 3 150
498 34 47 100
498 43 35 150
498 39 26 100
498 6 14 100
498 5 16 100
498 7 16 150
498 37 16 100
498 37 40 99
499 44 16 150
499 9 1 100
499 34 21 100
499 11 35 100
500 1 18 99
500 34 14 148
500 34 47 100
500 35 9 148
500 10 16 150
500 16 18 100
500 37 16 100
500 36 9 100
500 5 16 100
500 5 35 100
500 32 16 99
501 43 35 150
501 12 1 100
501 12 9 100
501 12 44 100
501 5 3 100
501 49 40 100
501 29 9 100
502 26 3 100
502 26 26 99
502 23 18 150
502 31 18 148
502 14 14 100
502 5 35 100
503 16 3 150
503 16 18 100
503 16 32 100
503 45 18 100
503 45 35 150
504 18 12 150
504 13 47 100
504 7 16 150
504 29 9 100
505 3 9 150
505 3 12 148
505 32 16 99
505 16 18 100
505 49 16 100
505 49 18 148
505 49 35 148
505 24 44 100
505 5 16 100
505 5 35 100
505 12 9 100
506 23 44 150
506 40 26 100
506 27 35 100
506 4 13 99
507 27 14 100
507 27 35 100
507 27 44 150
507 9 18 100
507 49 16 100
507 49 18 148
507 45 16 150
507 45 18 100
507 34 47 100
508 25 12 100
508 44 16 150
508 10 26 99
508 10 40 99
508 27 35 100
508 49 16 100
509 12 44 100
509 42 4 100
509 42 8 100
509 48 5 100
509 37 35 150
509 14 14 100
510 40 31 150
510 40 42 100
510 40 44 100
510 11 35 100
510 29 9 100
510 29 12 100
510 7 16 150
510 7 31 100
510 25 12 100
510 5 16 100
510 6 31 150
510 1 31 100
510 27 9 100
511 49 16 100
511 49 35 148
511 43 4 99
511 14 44 148
511 32 16 99
512 30 9 150
512 30 17 100
512 32 16 99
512 36 40 100
512 37 16 100
512 37 35 150
512 10 14 100
513 15 9 150
513 15 44 100
513 44 16 150
513 44 18 100
513 7 3 99
513 7 16 150
513 42 4 100
513 42 18 99
513 33 27 100
513 14 14 100
514 38 3 100
514 38 44 150
514 27 9 100
514 27 14 100
514 27 35 100
514 7 16 150
514 2 9 100
514 5 16 100
514 5 35 100
515 9 18 100
515 9 48 100
515 12 9 100
515 46 18 100
515 10 16 150
515 24 35 148
515 18 18 100
515 2 9 100
515 5 16 100
516 23 40 100
516 49 16 100
516 39 4 100
516 12 9 100
516 2 9 100
516 11 35 100
516 17 14 99
516 33 47 100
517 2 9 100
517 17 14 99
517 32 16 99
517 10 16 150
517 27 9 100
517 27 35 100
517 5 16 100
518 40 4 100
518 27 35 100
518 12 1 100
519 49 16 100
519 49 35 148
519 49 40 100
519 4 44 100
519 44 9 150
519 44 16 150
519 20 3 100
519 37 1 100
520 15 9 150
520 15 44 100
520 33 3 150
520 12 44 100
520 31 12 100
520 2 12 100
521 35 9 148
521 32 4 148
521 16 3 150
521 40 44 100
521 36 9 100
521 36 40 100
521 38 47 100
521 49 35 148
522 38 44 150
522 24 35 148
522 30 9 150
523 24 35 148
523 24 44 100
523 48 26 99
524 19 18 99
524 44 9 150
524 44 18 100
524 11 35 100
524 38 17 100
524 38 47 100
525 18 1 100
525 18 18 100
525 5 9 150
525 5 16 100
525 5 18 148
525 5 35 100
525 5 44 150
525 12 9 100
525 45 16 150
526 22 14 150
526 44 16 150
526 44 18 100
526 45 18 100
526 45 35 150
526 45 44 100
526 20 3 100
526 40 18 100
527 5 3 100
527 5 9 150
527 5 16 100
527 5 18 148
527 5 35 100
527 5 44 150
527 48 12 150
527 45 16 150
527 45 18 100
527 37 47 99
528 16 3 150
528 16 14 100
528 45 16 150
528 45 35 150
528 45 44 100
528 7 16 150
528 36 40 100
529 46 12 150
529 11 35 100
529 32 16 99
529 49 16 100
529 36 26 100
530 44 16 150
530 9 48 100
530 11 35 100
530 7 16 150
530 40 44 100
530 14 14 100
531 40 18 100
531 40 26 100
531 40 44 100
531 1 18 99
531 11 35 100
531 38 3 100
531 32 16 99
531 7 16 150
531 24 35 148
532 48 42 100
532 14 44 148
532 44 16 150
532 49 40 100
532 11 35 100
532 40 4 100
533 44 16 150
533 7 16 150
533 26 26 99
533 37 35 150
533 38 37 100
534 10 16 150
534 10 40 99
534 48 5 100
534 15 9 150
534 15 44 100
534 44 25 99
534 42 44 99
534 11 35 100
534 37 16 100
535 46 9 150
535 46 13 100
535 4 32 100
535 17 3 100
535 5 35 100
536 40 18 100
536 40 44 100
536 24 35 148
536 11 18 150
536 27 9 100
537 13 3 150
537 13 4 100
537 14 14 100
537 37 26 100
537 11 35 100
538 44 16 150
538 23 40 100
538 23 44 150
538 11 1 100
538 11 35 100
538 13 4 100
539 40 4 100
539 40 18 100
539 24 35 148
539 2 41 99
539 44 18 100
539 5 16 100
539 18 18 100
539 13 47 100
540 39 26 100
540 39 44 99
540 12 1 100
540 7 16 150
540 11 35 100
541 9 18 100
541 49 16 100
541 49 18 148
541 49 35 148
541 15 44 100
541 10 14 100
542 2 36 100
542 45 16 150
542 49 35 148
542 18 1 100
542 18 26 100
543 17 3 100
543 17 9 150
543 17 14 99
543 36 40 100
543 45 16 150
543 45 44 100
543 27 35 100
543 32 16 99
544 2 9 100
544 2 12 100
544 5 9 150
544 5 16 100
544 5 18 148
544 5 35 100
544 5 44 150
544 40 18 100
544 44 16 150
545 41 4 100
545 45 18 100
545 45 35 150
545 7 3 99
545 1 18 99
545 37 47 99
545 33 32 99
546 1 18 99
546 26 26 99
546 44 16 150
546 44 18 100
546 27 14 100
546 27 35 100
546 27 44 150
546 5 16 100
546 42 18 99
547 16 18 100
547 13 4 100
547 13 47 100
547 37 1 100
547 37 16 100
547 37 35 150
547 7 16 150
547 27 44 150
547 42 18 99
548 46 18 100
548 10 16 150
548 8 44 100
548 27 35 100
548 18 18 100
548 16 18 100
549 34 3 150
549 32 16 99
549 29 9 100
549 29 12 100
549 27 35 100
549 27 44 150
549 2 12 100
549 23 18 150
549 46 18 100
550 2 9 100
550 10 16 150
550 45 18 100
550 45 35 150
550 45 44 100
550 49 16 100
550 49 18 148
550 35 9 148
551 6 14 100
551 23 18 150
551 20 3 100
551 10 26 99
551 45 18 100
552 37 16 100
552 37 35 150
552 37 47 99
552 10 16 150
552 38 3 100
552 9 48 100
552 30 29 100
553 16 3 150
553 26 26 99
553 18 1 100
553 40 44 100
553 36 40 100
554 24 35 148
554 24 44 100
554 19 18 99
554 8 3 100
554 5 9 150
554 5 16 100
554 5 18 148
554 5 35 100
554 32 16 99
554 1 4 100
554 37 16 100
555 36 9 100
555 13 47 100
555 18 12 150
555 14 35 150
555 12 9 100
556 4 44 100
556 40 44 100
556 30 17 100
556 45 16 150
556 45 35 150
556 7 3 99
556 7 16 150
556 5 16 100
556 49 45 100
557 31 18 148
557 2 9 100
557 5 16 100
557 5 35 100
557 18 1 100
557 18 18 100
557 49 16 100
557 33 13 99
558 2 9 100
558 3 9 150
558 23 40 100
558 43 35 150
558 37 16 100
558 44 16 150
559 3 9 150
559 3 42 100
559 5 3 100
559 5 18 148
559 5 35 100
559 26 3 100
559 27 14 100
559 39 44 99
559 40 18 100
560 29 9 100
560 9 1 100
560 9 18 100
560 43 4 99
560 43 35 150
560 49 18 148
560 12 9 100
560 12 44 100
560 38 3 100
561 36 4 100
561 10 16 150
561 49 16 100
561 49 35 148
561 5 3 100
561 5 44 150
561 2 41 99
562 39 4 100
562 36 9 100
562 36 40 100
562 5 9 150
562 5 16 100
562 5 35 100
562 16 14 100
562 44 16 150
563 45 16 150
563 45 44 100
563 31 12 100
563 34 47 100
563 44 9 150
563 44 16 150
563 5 35 100
564 20 3 100
564 20 4 148
564 25 12 100
564 42 1 100
564 42 18 99
564 44 16 150
564 44 18 100
564 27 35 100
565 5 3 100
565 5 16 100
565 5 35 100
565 27 14 100
565 4 41 100
565 39 26 100
566 1 18 99
566 32 14 148
566 32 16 99
566 17 3 100
566 17 18 150
566 8 3 100
566 8 44 100
566 27 35 100
567 30 5 100
567 36 4 100
567 36 26 100
567 36 40 100
567 27 14 100
567 27 35 100
567 5 16 100
567 5 35 100
567 32 16 99
567 38 47 100
568 14 35 150
568 45 16 150
568 5 9 150
568 5 16 100
568 30 48 100
568 37 16 100
569 45 16 150
569 15 9 150
569 26 3 100
569 10 12 150
569 10 16 150
569 11 35 100
569 36 9 100
570 8 3 100
570 8 44 100
570 33 47 100
570 10 1 99
570 10 16 150
570 29 9 100
570 19 18 99
570 39 44 99
570 11 18 150
570 11 35 100
571 40 18 100
571 40 44 100
571 44 9 150
571 44 16 150
571 44 18 100
571 2 9 100
571 27 35 100
571 7 3 99
571 7 16 150
571 42 18 99
572 27 9 100
572 27 14 100
572 27 35 100
572 27 44 150
572 8 3 100
572 31 18 148
572 7 3 99
573 24 35 148
573 23 18 150
573 38 47 100
573 46 18 100
573 27 9 100
573 40 4 100
573 40 18 100
573 10 16 150
574 32 16 99
574 17 3 100
574 17 18 150
574 40 18 100
574 5 16 100
574 5 35 100
574 15 1 100
574 43 8 100
574 45 16 150
575 25 4 100
575 44 9 150
575 11 35 100
576 22 40 150
576 17 9 150
576 24 35 148
577 24 35 148
577 24 44 100
577 33 27 100
577 32 28 100
578 45 10 100
578 45 16 150
578 45 18 100
578 45 35 150
578 49 16 100
578 49 18 148
578 49 37 99
578 26 26 99
579 37 1 100
579 15 9 150
579 42 4 100
579 5 35 100
579 12 9 100
580 8 3 100
580 8 44 100
580 44 9 150
580 44 16 150
580 44 18 100
580 31 18 148
580 43 35 150
581 39 12 150
581 39 44 99
581 34 3 150
581 9 18 100
581 23 18 150
581 4 44 100
581 44 16 150
581 27 35 100
581 40 42 100
581 49 16 100
582 42 4 100
582 42 44 99
582 11 35 100
582 8 3 100
582 27 14 100
582 36 26 100
582 5 16 100
582 32 16 99
583 43 35 150
583 49 16 100
583 49 40 100
583 13 3 150
583 13 47 100
583 23 44 150
583 3 9 150
583 29 9 100
584 34 10 100
584 1 4 100
584 12 9 100
584 12 44 100
584 48 12 150
584 16 14 100
584 11 35 100
585 39 37 100
585 27 35 100
585 19 18 99
585 18 18 100
585 7 16 150
585 5 16 100
586 29 9 100
586 36 9 100
586 7 3 99
586 37 35 150
586 30 44 150
586 44 18 100
586 1 18 99
586 18 18 100
587 16 14 100
587 49 16 100
587 49 35 148
587 49 40 100
587 4 44 100
588 34 47 100
588 48 26 99
588 18 1 100
588 41 48 100
588 30 44 150
588 38 3 100
589 14 14 100
589 14 35 150
589 8 44 100
589 37 16 100
590 48 10 100
590 49 16 100
590 49 35 148
590 49 40 100
590 27 44 150
590 37 1 100
590 37 16 100
590 18 41 99
591 41 4 100
591 37 16 100
591 37 35 150
591 29 9 100
591 2 9 100
591 40 18 100
591 10 14 100
591 10 16 150
591 16 18 100
592 44 9 150
592 44 16 150
592 44 18 100
592 49 16 100
592 49 18 148
592 49 35 148
592 13 47 100
593 27 14 100
593 27 35 100
593 24 8 99
594 32 16 99
594 19 18 99
594 12 44 100
594 44 16 150
594 44 18 100
594 18 18 100
594 18 26 100
594 49 35 148
594 37 47 99
594 20 3 100
595 11 35 100
595 11 48 100
595 16 32 100
596 8 3 100
596 2 12 100
596 19 13 100
596 34 10 100
596 5 16 100
596 5 35 100
596 44 16 150
596 10 26 99
596 10 40 99
597 12 1 100
597 12 9 100
597 12 44 100
597 5 3 100
597 5 9 150
597 5 35 100
597 25 12 100
597 26 3 100
598 0 12 148
598 7 3 99
598 7 16 150
598 27 35 100
598 23 40 100
598 49 16 100
599 9 18 100
599 16 14 100
599 16 18 100
599 39 44 99
599 27 9 100
599 27 35 100
599 38 47 100
599 7 16 150
599 12 9 100
599 49 16 100
600 11 18 150
600 11 35 100
600 1 18 99
600 24 44 100
600 12 44 100
600 7 3 99
600 7 16 150
600 5 16 100
600 5 35 100
601 10 14 100
601 12 9 100
601 27 35 100
601 25 37 100
602 7 3 99
602 7 10 100
602 7 16 150
602 46 9 150
602 14 35 150
602 14 42 99
602 29 9 100
603 31 12 100
603 31 18 148
603 18 18 100
603 15 5 100
603 15 9 150
603 15 44 100
603 24 35 148
603 49 16 100
604 19 18 99
604 2 9 100
604 42 1 100
604 42 18 99
604 35 9 148
604 46 18 100
605 26 3 100
605 24 14 100
605 24 35 148
605 1 4 100
605 1 18 99
605 16 18 100
605 29 9 100
605 7 16 150
605 37 16 100
606 43 4 99
606 43 35 150
606 30 9 150
606 30 44 150
606 38 3 100
606 29 9 100
606 29 12 100
606 31 12 100
606 31 18 148
606 49 18 148
606 26 3 100
606 33 27 100
607 42 18 99
607 43 35 150
607 37 16 100
607 37 47 99
607 27 9 100
607 32 16 99
607 1 18 99
608 23 0 100
608 23 40 100
608 11 35 100
608 10 4 148
608 10 14 100
608 39 44 99
608 5 9 150
608 7 10 100
608 19 18 99
608 29 9 100
609 46 18 100
609 25 4 100
609 14 35 150
609 14 44 148
609 16 18 100
609 37 26 100
609 5 3 100
610 18 12 150
610 18 18 100
610 18 41 99
610 26 3 100
610 16 18 100
610 42 18 99
610 42 44 99
610 7 16 150
611 13 3 150
611 49 16 100
611 49 35 148
611 35 9 148
611 6 1 100
611 12 44 100
611 5 16 100
611 5 35 100
612 23 40 100
612 23 44 150
612 7 16 150
612 2 12 100
612 45 16 150
612 25 12 100
612 11 35 100
613 14 14 100
613 14 35 150
613 30 9 150
613 45 4 100
614 17 3 100
614 17 9 150
614 17 10 100
614 17 14 99
614 42 44 99
614 30 9 150
614 30 48 100
614 33 47 100
614 49 16 100
615 43 4 99
615 43 35 150
615 40 18 100
615 39 14 150
615 21 46 100
615 35 9 148
615 45 18 100
615 27 35 100
616 37 16 100
616 37 26 100
616 30 44 150
616 7 16 150
616 45 18 100
616 49 18 148
616 11 35 100
616 6 14 100
617 1 4 100
617 23 40 100
617 5 3 100
617 5 9 150
617 5 16 100
617 5 35 100
617 49 16 100
617 14 14 100
618 10 16 150
618 29 9 100
618 42 44 99
618 12 9 100
618 21 37 100
618 8 3 100
618 5 16 100
618 5 35 100
618 33 27 100
619 37 1 100
619 37 35 150
619 39 7 100
619 38 3 100
619 36 9 100
619 27 9 100
620 6 1 100
620 36 9 100
620 36 40 100
620 33 3 150
620 39 44 99
620 14 35 150
620 24 44 100
620 37 16 100
621 27 9 100
621 27 35 100
621 14 42 99
621 37 16 100
621 16 18 100
621 40 18 100
621 1 18 99
622 15 44 100
622 48 10 100
622 48 12 150
622 48 26 99
622 13 47 100
622 10 16 150
622 14 35 150
622 7 16 150
623 45 16 150
623 45 18 100
623 45 44 100
623 34 3 150
623 34 14 148
623 16 18 100
623 49 16 100
624 39 26 100
624 39 44 99
624 37 35 150
624 37 40 99
624 13 17 100
625 37 35 150
625 37 47 99
625 5 3 100
626 18 12 150
626 18 18 100
626 29 9 100
626 26 3 100
626 46 18 100
626 44 16 150
626 44 18 100
627 16 3 150
627 16 14 100
627 14 35 150
627 14 44 148
627 29 9 100
627 47 1 100
627 5 35 100
627 10 26 99
627 17 10 100
628 3 9 150
628 24 14 100
628 24 35 148
628 24 44 100
628 1 18 99
628 42 18 99
628 45 16 150
628 10 16 150
628 26 3 100
629 39 44 99
629 9 18 100
629 9 48 100
629 7 16 150
629 5 16 100
629 5 18 148
629 5 35 100
629 27 14 100
630 36 9 100
630 36 40 100
630 12 9 100
630 12 44 100
630 5 16 100
630 5 35 100
630 44 16 150
630 34 47 100
631 42 44 99
631 19 13 100
631 16 14 100
631 8 44 100
631 37 16 100
631 37 26 100
631 37 35 150
631 7 16 150
632 8 44 100
632 11 35 100
632 17 14 99
632 5 16 100
632 40 44 100
632 49 16 100
633 48 10 100
633 48 26 99
633 16 14 100
633 24 35 148
633 5 16 100
633 10 16 150
633 10 40 99
634 33 3 150
634 33 47 100
634 17 9 150
634 40 31 150
634 6 31 150
634 15 31 150
634 45 16 150
634 45 35 150
635 42 18 99
635 42 44 99
635 19 18 99
635 16 18 100
635 0 12 148
635 35 9 148
635 38 31 100
635 49 16 100
635 49 31 100
635 12 9 100
635 5 35 100
636 42 8 100
636 42 44 99
636 33 3 150
636 43 35 150
636 37 16 100
637 40 18 100
637 40 44 100
637 5 3 100
637 5 16 100
637 5 18 148
637 5 35 100
637 45 16 150
637 44 16 150
638 5 3 100
638 5 9 150
638 5 18 148
638 5 35 100
638 46 18 100
638 10 14 100
639 7 16 150
639 27 22 100
639 27 35 100
639 21 1 150
639 10 8 100
639 10 40 99
640 44 16 150
640 10 14 100
640 10 16 150
640 10 26 99
640 30 5 100
640 30 44 150
640 5 35 100
640 17 10 100
641 5 3 100
641 5 16 100
641 5 18 148
641 5 35 100
641 5 44 150
641 46 18 100
641 9 47 148
641 44 16 150
642 44 9 150
642 44 16 150
642 10 14 100
642 49 16 100
642 49 35 148
643 46 9 150
643 46 18 100
643 24 14 100
643 24 35 148
643 24 36 100
643 34 28 100
643 2 9 100
643 17 18 150
643 37 16 100
643 5 16 100
643 45 4 100
644 32 4 148
644 32 14 148
644 32 42 100
644 15 9 150
644 42 18 99
644 46 18 100
644 43 35 150
645 27 35 100
645 25 3 150
645 25 12 100
645 9 18 100
645 1 18 99
645 10 26 99
645 18 18 100
646 44 18 100
646 39 44 99
646 12 1 100
646 27 35 100
646 42 18 99
646 46 10 99
647 46 18 100
647 24 35 148
647 24 44 100
647 25 3 150
647 25 37 100
647 38 47 100
647 22 26 100
647 49 16 100
647 49 18 148
648 26 3 100
648 46 12 150
648 30 44 150
648 7 16 150
648 2 12 100
648 13 4 100
648 23 40 100
648 14 35 150
649 24 44 100
649 6 1 100
649 26 26 99
649 45 4 100
649 45 16 150
649 11 35 100
649 5 16 100
650 1 18 99
650 34 47 100
650 38 44 150
650 19 18 99
650 46 9 150
650 46 18 100
650 46 48 99
650 43 35 150
651 40 18 100
651 40 44 100
651 10 1 99
651 10 16 150
651 20 3 100
651 9 18 100
651 5 16 100
651 5 35 100
651 34 10 100
652 25 3 150
652 10 14 100
652 10 16 150
652 35 9 148
652 2 9 100
652 23 18 150
652 19 18 99
652 27 35 100
653 37 16 100
653 37 35 150
653 37 47 99
653 3 9 150
653 7 16 150
653 24 44 100
653 31 18 148
653 32 16 99
653 12 44 100
653 40 18 100
654 10 14 100
654 10 40 99
654 27 9 100
654 27 35 100
654 5 3 100
654 36 9 100
654 4 44 100
655 45 4 100
655 45 35 150
656 23 44 150
656 34 3 150
656 34 47 100
656 18 12 150
657 4 44 100
657 46 9 150
657 35 9 148
657 24 35 148
657 7 3 99
658 40 44 100
658 42 1 100
658 0 40 150
658 41 10 100
658 41 48 100
658 24 35 148
658 12 9 100
658 27 9 100
659 33 37 100
659 33 47 100
659 24 14 100
659 24 35 148
660 5 18 148
660 5 35 100
660 5 44 150
660 48 26 99
660 11 18 150
660 45 4 100
660 17 14 99
661 48 12 150
661 32 16 99
661 25 4 100
661 45 35 150
662 38 44 150
662 38 47 100
662 36 9 100
662 36 40 100
662 14 35 150
662 29 9 100
662 45 16 150
663 36 4 100
663 36 9 100
663 45 16 150
663 7 16 150
663 46 9 150
663 37 1 100
663 37 16 100
664 29 9 100
664 29 43 99
664 16 18 100
664 17 3 100
664 17 18 150
664 12 9 100
664 32 16 99
664 11 35 100
664 49 16 100
664 49 35 148
665 10 16 150
665 10 26 99
665 13 3 150
665 13 4 100
665 32 16 99
665 11 35 100
665 41 10 100
665 37 16 100
665 24 44 100
666 43 4 99
666 32 16 99
666 45 16 150
666 45 44 100
666 11 35 100
666 5 9 150
666 23 40 100
667 37 12 100
667 37 16 100
667 37 35 150
667 43 4 99
667 12 9 100
667 49 16 100
667 49 18 148
667 45 18 100
667 45 46 100
668 9 1 100
668 9 18 100
668 29 9 100
668 37 4 150
668 37 16 100
668 16 3 150
668 16 18 100
668 3 9 150
668 32 16 99
668 7 3 99
668 23 44 150
669 17 18 150
669 1 18 99
669 11 35 100
669 44 12 150
669 44 16 150
669 23 44 150
669 32 16 99
670 23 18 150
670 23 44 150
670 16 14 100
670 16 18 100
670 14 35 150
670 27 9 100
670 27 35 100
670 29 9 100
670 17 10 100
670 39 13 100
671 0 42 100
671 44 9 150
671 44 16 150
671 44 18 100
671 10 14 100
671 10 16 150
671 16 18 100
671 20 3 100
671 19 18 99
671 43 35 150
671 40 44 100
672 46 9 150
672 21 37 100
672 34 47 100
672 8 3 100
672 29 9 100
672 11 35 100
672 49 16 100
672 10 16 150
673 5 9 150
673 5 35 100
673 5 44 150
673 9 1 100
673 9 48 100
673 36 40 100
674 12 9 100
674 5 16 100
674 5 35 100
674 32 16 99
674 27 9 100
675 30 9 150
675 18 1 100
675 7 16 150
676 46 5 100
676 22 26 100
676 5 16 100
676 5 35 100
676 8 44 100
676 36 40 100
677 48 10 100
677 7 3 99
677 25 4 100
677 17 9 150
677 17 18 150
677 24 35 148
677 12 9 100
677 1 18 99
677 49 35 148
678 18 18 100
678 41 4 100
678 40 18 100
678 40 44 100
678 35 9 148
678 45 16 150
678 45 35 150
679 5 16 100
679 5 35 100
679 18 1 100
680 49 18 148
680 27 35 100
680 8 3 100
680 38 47 100
680 9 18 100
680 39 4 100
680 39 12 150
680 39 26 100
681 36 4 100
681 36 9 100
681 36 40 100
681 2 9 100
681 2 12 100
681 32 28 100
681 5 35 100
681 10 14 100
682 16 14 100
682 16 18 100
682 23 18 150
682 23 44 150
682 35 9 148
682 45 4 100
682 45 35 150
682 13 47 100
683 23 18 150
683 2 9 100
683 2 12 100
683 14 35 150
683 7 3 99
683 7 10 100
683 7 16 150
683 9 18 100
683 29 9 100
683 49 16 100
684 21 37 100
684 33 3 150
684 42 44 99
684 45 16 150
684 37 16 100
685 7 3 99
685 7 16 150
685 15 44 100
685 40 18 100
685 38 17 100
685 38 47 100
685 27 35 100
685 45 18 100
685 18 8 100
685 18 18 100
686 39 14 150
686 39 26 100
686 11 35 100
686 37 16 100
686 37 35 150
686 49 16 100
687 8 44 100
687 24 44 100
687 16 18 100
687 11 18 150
687 11 35 100
687 10 16 150
688 7 3 99
688 7 16 150
688 1 4 100
688 1 18 99
688 11 18 150
688 11 35 100
688 10 26 99
688 39 44 99
689 40 44 100
689 34 10 100
689 38 3 100
689 37 1 100
689 37 16 100
689 37 35 150
689 37 40 99
689 32 16 99
689 5 16 100
690 22 26 100
690 37 16 100
690 37 35 150
690 24 44 100
690 3 42 100
690 44 16 150
691 11 35 100
691 44 16 150
691 22 49 99
692 37 1 100
692 37 12 100
692 37 40 99
692 2 12 100
692 46 13 100
692 23 44 150
692 5 3 100
692 5 35 100
692 17 3 100
693 42 44 99
693 40 26 100
693 7 3 99
693 7 16 150
693 24 35 148
693 32 16 99
694 17 3 100
694 17 10 100
694 17 14 99
694 37 16 100
694 37 40 99
694 40 44 100
694 46 48 99
694 15 44 100
694 27 35 100
695 44 16 150
695 33 27 100
695 16 14 100
695 7 3 99
695 43 35 150
695 10 26 99
696 30 9 150
696 49 16 100
696 49 18 148
696 4 44 100
696 19 18 99
696 8 3 100
696 27 35 100
696 38 47 100
697 5 16 100
697 5 18 148
697 5 35 100
697 31 12 100
697 9 18 100
697 44 16 150
697 40 4 100
697 32 16 99
697 37 16 100
698 37 26 100
698 37 35 150
698 6 14 100
698 9 18 100
698 15 44 100
698 31 18 148
699 16 14 100
699 45 16 150
699 45 44 100
699 5 3 100
699 5 35 100
700 17 10 100
700 17 18 150
700 26 26 99
700 27 35 100
700 27 44 150
700 37 16 100
700 45 16 150
700 45 18 100
701 26 3 100
701 43 35 150
701 14 14 100
701 37 16 100
701 37 40 99
701 37 47 99
701 49 16 100
702 35 9 148
702 30 44 150
702 36 9 100
702 49 16 100
702 49 35 148
702 49 37 99
702 5 16 100
702 37 16 100
703 18 1 100
703 18 26 100
703 5 35 100
703 37 40 99
704 6 1 100
704 42 44 99
704 5 3 100
704 5 9 150
704 5 35 100
705 43 35 150
705 16 3 150
705 16 14 100
705 16 18 100
705 49 16 100
705 49 18 148
705 12 9 100
705 29 9 100
705 7 16 150
705 13 47 100
706 12 44 100
706 34 10 100
706 7 16 150
706 32 16 99
706 45 44 100
707 31 18 148
707 14 35 150
707 3 9 150
707 17 18 150
707 44 16 150
708 18 1 100
708 47 22 100
708 37 16 100
708 37 35 150
708 37 40 99
708 2 9 100
708 36 9 100
708 14 14 100
709 39 4 100
709 39 26 100
709 20 3 100
709 30 48 100
710 11 18 150
710 11 35 100
710 12 9 100
710 12 44 100
710 43 35 150
710 24 12 99
710 42 18 99
710 36 9 100
710 31 12 100
710 32 16 99
710 32 42 100
710 5 16 100
711 44 9 150
711 44 12 150
711 44 16 150
711 30 44 150
711 7 16 150
711 11 35 100
712 4 44 100
712 44 9 150
712 44 12 150
712 24 35 148
712 37 40 99
713 4 44 100
713 45 4 100
713 45 10 100
713 45 16 150
713 45 35 150
713 27 9 100
713 27 14 100
713 32 16 99
714 10 12 150
714 10 40 99
714 11 35 100
714 17 9 150
714 13 47 100
715 19 18 99
715 16 3 150
715 16 18 100
715 26 26 99
715 18 1 100
715 5 35 100
715 5 44 150
715 46 5 100
716 19 13 100
716 19 18 99
716 25 37 100
716 30 44 150
716 9 18 100
716 27 35 100
716 32 16 99
716 10 16 150
717 33 3 150
717 12 9 100
717 12 44 100
717 2 9 100
717 42 18 99
717 1 18 99
717 37 35 150
717 19 18 99
718 15 4 150
718 15 44 100
718 11 18 150
718 11 35 100
718 40 18 100
718 25 12 100
718 2 12 100
719 33 47 100
719 36 26 100
719 44 18 100
719 18 18 100
719 12 44 100
719 43 28 100
719 43 35 150
719 7 10 100
719 9 18 100
719 22 14 150
720 5 3 100
720 5 16 100
720 5 35 100
720 18 8 100
720 7 46 100
721 2 9 100
721 8 3 100
721 16 14 100
722 30 44 150
722 43 35 150
722 23 40 100
722 45 16 150
722 45 35 150
722 12 9 100
722 16 14 100
723 38 3 100
723 38 44 150
723 22 26 100
723 23 18 150
723 42 1 100
723 42 18 99
723 32 16 99
723 45 16 150
723 45 35 150
723 10 16 150
723 49 16 100
724 13 3 150
724 10 16 150
724 8 44 100
724 3 9 150
725 17 3 100
725 17 9 150
725 17 14 99
725 24 35 148
725 12 1 100
726 41 4 100
726 41 10 100
726 17 3 100
726 15 31 150
726 15 44 100
726 40 31 150
726 46 12 150
726 10 31 150
726 13 31 100
726 13 47 100
726 43 35 150
727 14 14 100
727 14 35 150
727 14 44 148
727 38 3 100
727 8 3 100
727 23 40 100
728 44 16 150
728 49 16 100
728 49 35 148
728 48 26 99
728 7 3 99
728 13 17 100
728 13 47 100
728 39 44 99
729 30 44 150
729 40 4 100
729 40 18 100
729 40 26 100
729 26 3 100
729 6 1 100
729 7 16 150
729 42 18 99
729 5 16 100
729 5 35 100
730 48 42 100
730 27 9 100
730 27 35 100
730 27 44 150
730 17 9 150
730 49 16 100
730 49 40 100
730 32 16 99
731 35 9 148
731 43 35 150
731 34 47 100
731 49 16 100
731 49 18 148
731 10 14 100
731 10 16 150
731 19 18 99
732 31 18 148
732 4 13 99
732 9 18 100
732 24 14 100
732 27 35 100
733 48 10 100
733 21 37 100
733 25 3 150
733 25 4 100
733 49 16 100
733 49 35 148
733 27 9 100
733 27 44 150
733 5 16 100
733 37 16 100
734 45 18 100
734 31 18 148
734 15 1 100
734 36 9 100
734 11 35 100
735 16 14 100
735 16 18 100
735 37 35 150
735 27 9 100
735 41 48 100
735 45 18 100
735 44 18 100
736 25 43 100
736 4 44 100
736 11 35 100
736 9 43 100
736 12 9 100
736 3 9 150
736 49 16 100
736 45 16 150
737 8 44 100
737 46 18 100
737 14 35 150
737 45 18 100
737 40 26 100
737 42 1 100
738 5 16 100
738 5 35 100
738 23 40 100
738 49 16 100
739 9 18 100
739 31 18 148
739 12 9 100
739 12 44 100
739 49 16 100
739 10 16 150
739 17 10 100
739 42 44 99
739 2 9 100
739 11 35 100
740 29 9 100
740 34 47 100
740 8 44 100
740 36 9 100
740 6 14 100
740 49 35 148
741 49 16 100
741 49 40 100
741 38 44 150
741 32 16 99
741 11 35 100
742 39 44 99
742 49 16 100
742 49 18 148
742 49 35 148
742 7 3 99
742 7 16 150
742 45 18 100
742 1 41 100
743 39 37 100
743 39 44 99
743 17 3 100
743 17 9 150
743 10 1 99
744 37 16 100
744 37 35 150
744 13 4 100
744 46 18 100
744 23 18 150
744 23 44 150
744 24 8 99
744 44 16 150
745 2 12 100
745 38 44 150
745 11 35 100
745 25 12 100
745 42 8 100
746 39 12 150
746 39 26 100
746 39 44 99
746 37 16 100
746 37 35 150
746 37 40 99
746 37 47 99
746 10 16 150
747 39 4 100
747 39 12 150
747 39 44 99
747 1 31 100
747 13 31 100
747 36 31 148
747 41 10 100
747 42 8 100
747 10 16 150
747 10 31 150
747 38 31 100
747 14 35 150
748 32 16 99
748 18 8 100
748 18 12 150
748 1 4 100
748 44 16 150
748 15 5 100
748 15 44 100
749 10 14 100
749 10 16 150
749 44 16 150
749 5 3 100
749 5 35 100
749 32 42 100
749 37 35 150
750 7 3 99
750 2 9 100
750 46 9 150
750 5 35 100
750 49 40 100
750 39 4 100
751 24 14 100
751 24 35 148
751 24 44 100
751 37 1 100
751 4 44 100
751 35 9 148
752 36 9 100
752 23 18 150
752 46 18 100
752 8 3 100
752 11 35 100
752 5 3 100
752 5 16 100
752 37 16 100
753 36 9 100
753 35 9 148
753 35 14 150
753 7 16 150
753 15 44 100
753 44 16 150
753 44 18 100
753 34 47 100
753 17 18 150
754 7 10 100
754 18 18 100
754 25 4 100
754 8 44 100
754 12 9 100
754 16 14 100
754 16 18 100
754 43 35 150
754 29 9 100
754 45 18 100
754 45 35 150
755 41 4 100
755 49 40 100
755 15 44 100
755 14 14 100
755 20 3 100
755 11 35 100
755 40 26 100
756 7 16 150
756 18 8 100
756 18 12 150
756 18 18 100
756 33 27 100
756 12 44 100
756 42 18 99
756 42 44 99
756 43 35 150
756 49 16 100
757 24 44 100
757 45 4 100
757 5 35 100
758 15 1 100
758 15 9 150
758 35 21 100
758 27 35 100
758 11 48 100
759 24 14 100
759 24 35 148
759 24 44 100
759 30 9 150
759 36 9 100
759 36 40 100
759 44 16 150
760 44 9 150
760 44 16 150
760 44 18 100
760 37 16 100
760 15 44 100
760 10 14 100
760 32 16 99
760 19 18 99
761 13 47 100
761 8 44 100
761 44 16 150
761 44 18 100
761 15 44 100
761 16 14 100
761 27 35 100
762 4 13 99
762 4 44 100
762 13 3 150
762 43 35 150
762 45 16 150
763 15 9 150
763 15 44 100
763 24 14 100
763 24 35 148
763 37 16 100
763 40 18 100
763 31 18 148
764 12 1 100
764 12 8 150
764 8 3 100
764 27 35 100
764 40 18 100
764 42 18 99
764 11 35 100
765 30 9 150
765 30 44 150
765 26 3 100
765 23 40 100
765 34 47 100
765 39 12 150
765 44 16 150
765 12 9 100
766 32 16 99
766 34 3 150
766 34 21 100
766 49 16 100
766 49 18 148
766 49 35 148
766 46 9 150
766 46 12 150
766 46 18 100
766 7 16 150
767 18 1 100
767 18 18 100
767 18 26 100
767 12 44 100
767 23 18 150
767 26 3 100
767 45 35 150
768 24 14 100
768 24 35 148
768 9 18 100
768 9 48 100
768 0 42 100
768 49 16 100
768 49 18 148
768 25 3 150
768 29 9 100
768 10 16 150
769 49 16 100
769 49 35 148
769 48 10 100
769 48 12 150
769 24 44 100
769 2 9 100
769 5 16 100
770 35 9 148
770 42 18 99
770 42 44 99
770 9 18 100
770 10 16 150
770 46 18 100
770 7 16 150
770 27 35 100
771 46 9 150
771 46 18 100
771 17 3 100
771 17 14 99
771 17 18 150
771 14 35 150
771 49 16 100
771 44 16 150
771 40 44 100
771 27 9 100
772 35 14 150
772 15 44 100
772 43 35 150
772 26 26 99
772 23 40 100
773 15 1 100
773 15 4 150
773 15 9 150
773 15 44 100
773 24 14 100
773 5 35 100
773 34 47 100
774 18 8 100
774 18 18 100
774 46 10 99
774 46 18 100
774 46 43 150
774 25 37 100
774 26 3 100
775 2 12 100
775 42 4 100
775 15 31 150
775 11 35 100
775 24 12 99
775 24 35 148
775 40 31 150
775 32 16 99
775 33 27 100
776 45 16 150
776 45 18 100
776 45 44 100
776 14 14 100
776 49 16 100
776 49 18 148
776 49 31 100
776 39 44 99
776 30 9 150
776 40 31 150
776 10 16 150
777 12 9 100
777 12 44 100
777 0 12 148
777 10 16 150
777 17 9 150
777 17 18 150
777 11 18 150
777 11 35 100
777 1 4 100
777 45 35 150
777 49 16 100
778 26 26 99
778 11 35 100
779 27 35 100
779 44 16 150
779 44 18 100
779 7 3 99
779 6 1 100
779 5 18 148
780 35 9 148
780 35 21 100
780 35 46 100
780 11 35 100
780 17 3 100
780 17 14 99
780 43 4 99
780 38 47 100
780 49 16 100
780 49 40 100
781 25 3 150
781 46 9 150
781 46 18 100
781 19 18 99
781 10 14 100
781 10 16 150
782 47 1 100
782 14 35 150
782 14 44 148
782 7 16 150
782 1 18 99
782 31 18 148
782 36 9 100
782 35 9 148
782 5 16 100
782 5 35 100
783 17 14 99
783 17 18 150
783 1 18 99
783 48 5 100
783 24 35 148
783 24 44 100
783 7 16 150
783 44 16 150
784 10 12 150
784 40 44 100
784 49 35 148
784 8 3 100
784 25 24 100
785 30 9 150
785 30 44 150
785 17 18 150
785 37 16 100
785 40 18 100
785 4 13 99
785 10 16 150
786 9 1 100
786 37 35 150
786 37 40 99
786 37 47 99
786 40 4 100
786 40 44 100
786 44 9 150
786 14 14 100
786 5 35 100
787 44 9 150
787 44 18 100
787 42 18 99
787 42 44 99
787 18 18 100
787 38 3 100
787 36 9 100
788 24 12 99
788 24 35 148
788 24 44 100
788 2 9 100
788 2 12 100
788 46 10 99
788 36 9 100
788 45 16 150
788 45 44 100
788 26 3 100
789 37 16 100
789 37 35 150
789 9 48 100
789 0 42 100
789 13 3 150
789 3 9 150
790 22 21 100
790 40 18 100
790 9 1 100
790 9 18 100
790 13 47 100
790 44 9 150
790 44 16 150
790 27 35 100
791 24 14 100
791 24 35 148
791 3 9 150
791 32 16 99
791 5 16 100
792 40 44 100
792 31 12 100
792 31 40 150
792 32 16 99
792 29 9 100
792 25 3 150
792 37 35 150
792 5 9 150
793 27 35 100
793 10 16 150
793 10 26 99
793 37 16 100
793 8 3 100
793 49 18 148
793 18 18 100
794 17 3 100
794 17 14 99
794 42 1 100
794 42 4 100
794 42 44 99
794 43 35 150
795 40 44 100
795 11 35 100
795 33 3 150
795 33 47 100
795 6 14 100
795 30 9 150
795 45 16 150
795 45 44 100
796 4 44 100
796 32 14 148
796 32 16 99
796 32 28 100
796 24 35 148
796 5 18 148
796 37 26 100
796 40 18 100
797 16 3 150
797 16 18 100
797 27 35 100
797 36 4 100
797 40 18 100
797 49 16 100
797 32 16 99
797 33 27 100
797 44 18 100
798 20 3 100
798 4 32 100
798 13 47 100
798 10 40 99
798 34 10 100
798 27 35 100
799 37 1 100
799 37 16 100
799 37 35 150
799 33 8 100
799 10 16 150
800 25 3 150
800 46 9 150
800 46 18 100
800 15 1 100
800 11 18 150
800 11 35 100
801 26 3 100
801 11 18 150
801 11 35 100
801 11 48 100
801 27 9 100
801 27 44 150
801 1 18 99
801 48 12 150
801 29 9 100
801 7 16 150
802 16 14 100
802 16 18 100
802 1 18 99
802 29 9 100
802 40 26 100
802 44 16 150
803 5 3 100
803 5 16 100
803 5 18 148
803 5 35 100
803 42 18 99
803 20 23 100
803 43 35 150
803 34 21 100
804 45 16 150
804 45 35 150
804 13 3 150
804 32 16 99
804 19 18 99
804 9 1 100
805 48 26 99
805 7 3 99
805 39 37 100
805 39 44 99
805 11 35 100
805 10 40 99
806 42 1 100
806 42 8 100
806 42 18 99
806 44 16 150
806 44 18 100
806 45 16 150
806 45 35 150
807 8 3 100
807 8 44 100
807 45 35 150
807 48 42 100
807 12 9 100
808 30 44 150
808 17 10 100
808 17 14 99
808 11 35 100
808 23 40 100
808 10 16 150
809 24 14 100
809 24 44 100
809 38 47 100
809 40 26 100
809 44 16 150
810 4 44 100
810 14 14 100
810 14 35 150
810 31 18 148
810 24 8 99
810 49 16 100
810 49 18 148
810 10 16 150
810 20 3 100
810 32 16 99
811 46 18 100
811 46 48 99
811 19 18 99
811 7 3 99
811 24 35 148
811 17 3 100
811 5 16 100
811 10 1 99
812 15 9 150
812 15 44 100
812 10 14 100
812 10 16 150
812 43 35 150
812 32 16 99
812 7 3 99
812 27 9 100
813 14 35 150
813 24 44 100
813 23 40 100
813 37 16 100
813 37 47 99
814 20 3 100
814 3 9 150
814 17 18 150
814 10 16 150
814 12 44 100
814 23 18 150
814 11 35 100
815 19 18 99
815 39 4 100
815 39 44 99
815 37 1 100
815 37 16 100
815 37 35 150
815 29 9 100
815 31 18 148
815 32 16 99
816 27 9 100
816 27 35 100
816 27 44 150
816 45 4 100
816 45 16 150
816 14 21 99
816 40 26 100
817 27 9 100
817 27 35 100
817 27 44 150
817 36 9 100
817 10 1 99
817 10 40 99
817 33 27 100
818 16 3 150
818 16 18 100
818 1 18 99
818 32 16 99
818 24 35 148
818 48 10 100
819 10 1 99
819 10 16 150
819 10 26 99
819 45 35 150
819 45 44 100
819 32 13 99
819 32 16 99
820 17 3 100
820 17 9 150
820 15 44 100
820 10 12 150
820 10 16 150
820 2 12 100
820 32 16 99
821 36 9 100
821 34 47 100
821 9 18 100
821 3 9 150
821 19 18 99
821 46 18 100
821 49 35 148
821 49 37 99
821 12 44 100
822 42 44 99
822 24 12 99
822 24 35 148
822 24 44 100
822 2 9 100
822 44 16 150
822 5 16 100
823 46 5 100
823 46 9 150
823 46 10 99
823 46 18 100
823 46 48 99
823 24 35 148
823 32 16 99
823 12 1 100
823 12 9 100
823 49 16 100
823 49 18 148
823 49 40 100
824 17 18 150
824 5 35 100
824 16 18 100
824 37 4 150
824 42 44 99
825 48 26 99
825 32 16 99
825 14 35 150
825 14 44 148
825 10 16 150
825 37 47 99
826 10 1 99
826 49 18 148
826 49 35 148
826 5 9 150
826 5 44 150
826 19 18 99
826 13 4 100
827 32 42 100
827 25 3 150
827 25 4 100
827 5 9 150
827 5 18 148
827 5 35 100
827 44 18 100
828 47 1 100
828 24 35 148
828 24 44 100
828 15 9 150
828 29 9 100
828 43 4 99
829 11 1 100
829 11 18 150
829 11 35 100
829 3 9 150
829 5 3 100
829 5 16 100
829 5 44 150
829 42 18 99
829 32 16 99
830 42 18 99
830 12 9 100
830 17 3 100
830 17 9 150
830 17 18 150
830 10 16 150
830 24 35 148
830 5 16 100
831 5 9 150
831 5 35 100
831 42 1 100
831 42 4 100
831 42 44 99
831 14 21 99
831 23 40 100
832 8 3 100
832 32 16 99
832 27 35 100
832 39 4 100
832 44 16 150
833 42 18 99
833 13 47 100
833 3 9 150
833 36 46 100
833 37 35 150
833 17 18 150
834 39 44 99
834 3 8 100
834 24 14 100
834 37 16 100
834 37 40 99
834 27 35 100
834 5 16 100
835 5 3 100
835 5 9 150
835 5 16 100
835 5 35 100
835 7 3 99
835 7 10 100
835 7 16 150
836 30 9 150
836 30 44 150
836 0 12 148
836 24 35 148
836 31 18 148
836 16 18 100
836 5 16 100
836 32 16 99
837 38 3 100
837 27 9 100
837 27 35 100
837 12 9 100
837 2 9 100
837 2 12 100
837 24 12 99
838 8 44 100
838 40 18 100
838 40 26 100
838 49 16 100
838 49 18 148
838 49 35 148
838 0 12 148
838 7 16 150
839 47 1 100
839 17 9 150
839 17 14 99
839 17 18 150
839 38 44 150
839 41 4 100
839 5 16 100
839 5 35 100
839 46 18 100
840 46 18 100
840 10 14 100
840 10 16 150
840 31 18 148
840 43 35 150
841 20 3 100
841 33 27 100
841 44 9 150
841 42 44 99
841 23 40 100
841 5 16 100
841 5 35 100
842 17 10 100
842 17 14 99
842 17 18 150
842 49 16 100
842 49 35 148
842 1 18 99
842 33 47 100
842 32 16 99
842 40 26 100
843 38 3 100
843 38 21 100
843 38 42 99
843 38 44 150
843 31 18 148
843 40 18 100
843 7 16 150
843 18 8 100
844 27 35 100
844 27 44 150
844 44 16 150
844 11 35 100
844 21 37 100
844 37 16 100
844 5 16 100
845 46 48 99
845 35 14 150
845 48 26 99
845 5 16 100
845 5 35 100
845 44 16 150
846 17 9 150
846 15 1 100
846 15 44 100
846 10 16 150
846 10 40 99
846 5 16 100
846 5 35 100
846 13 47 100
846 2 9 100
847 33 3 150
847 23 18 150
847 23 44 150
847 10 14 100
847 10 16 150
847 40 4 100
847 40 18 100
847 14 35 150
847 44 9 150
847 49 16 100
848 8 44 100
848 11 1 100
848 11 35 100
848 15 9 150
848 33 13 99
848 27 9 100
849 31 18 148
849 17 3 100
849 17 14 99
849 43 35 150
849 8 44 100
849 19 18 99
849 5 16 100
849 37 16 100
849 37 47 99
850 37 35 150
850 37 40 99
851 37 16 100
851 38 44 150
851 13 4 100
851 27 9 100
851 27 14 100
851 27 35 100
851 28 5 100
851 5 16 100
852 38 21 100
852 38 28 100
852 24 35 148
852 11 18 150
852 16 18 100
853 37 26 100
853 34 3 150
853 17 14 99
853 17 18 150
853 24 44 100
853 42 18 99
853 11 35 100
854 46 9 150
854 49 16 100
854 49 35 148
854 36 9 100
854 32 16 99
854 20 7 100
854 5 16 100
855 49 16 100
855 49 40 100
855 38 47 100
855 41 14 150
855 32 16 99
855 48 8 150
856 5 9 150
856 5 35 100
856 5 44 150
856 37 1 100
856 37 35 150
857 41 14 150
857 33 47 100
857 36 9 100
857 19 18 99
857 8 3 100
857 11 18 150
857 11 35 100
858 29 9 100
858 36 40 100
858 32 16 99
858 43 8 100
858 45 16 150
858 45 44 100
858 49 35 148
859 11 18 150
859 11 35 100
859 14 14 100
859 9 18 100
859 41 10 100
860 25 4 100
860 23 18 150
860 39 26 100
860 42 1 100
860 42 18 99
860 5 35 100
860 37 47 99
860 30 17 100
861 14 35 150
861 18 12 150
861 18 18 100
861 29 9 100
861 45 16 150
861 45 18 100
861 32 16 99
861 17 3 100
862 41 4 100
862 38 44 150
862 30 9 150
862 17 9 150
862 5 35 100
862 33 32 99
863 40 44 100
863 27 35 100
864 34 3 150
864 34 14 148
864 9 18 100
864 46 9 150
864 46 18 100
864 1 18 99
864 40 44 100
864 27 35 100
864 42 44 99
864 5 16 100
865 39 37 100
865 5 3 100
865 5 9 150
865 5 16 100
865 7 16 150
865 44 16 150
