3 6 39 100
3 10 26 99
4 44 3 100
4 36 26 99
4 33 39 100
4 32 22 99
4 16 28 100
5 10 3 100
5 11 24 150
6 15 3 100
6 15 39 100
6 30 17 100
7 24 26 150
7 45 3 100
7 14 22 99
8 34 3 100
8 2 28 100
8 1 39 99
9 46 5 150
9 26 26 100
10 26 34 150
10 44 24 100
10 16 28 100
10 32 22 99
11 10 3 100
11 10 17 100
11 10 26 99
11 46 39 150
11 37 24 100
12 30 34 150
12 37 28 100
12 8 21 100
13 15 3 100
13 15 22 100
13 15 39 100
13 33 9 100
13 12 11 100
14 37 24 100
14 1 39 99
14 36 26 99
14 15 3 100
15 45 3 100
15 8 37 100
16 0 41 100
16 15 22 100
16 15 28 99
17 17 39 150
17 31 40 99
17 36 26 99
17 34 3 100
18 26 26 100
18 11 6 100
18 11 28 100
19 19 39 148
19 17 22 100
20 17 26 150
20 10 17 100
21 2 34 100
21 16 3 150
21 21 34 100
21 44 24 100
21 33 39 100
22 14 19 150
22 14 22 99
22 43 39 99
22 25 24 99
22 21 19 150
22 16 28 100
22 48 3 100
22 19 19 100
23 37 26 148
23 37 34 100
23 20 34 100
23 28 19 100
23 49 19 99
23 39 19 99
23 24 25 100
24 20 6 100
24 16 28 100
24 27 17 100
25 19 39 148
25 0 34 150
25 28 22 100
26 46 26 150
26 40 9 100
27 36 26 99
27 16 28 100
28 21 19 150
28 1 39 99
28 10 6 99
28 39 19 99
28 39 22 100
28 6 39 100
28 46 19 150
28 30 24 148
28 14 19 150
29 27 17 100
29 35 11 100
29 46 19 150
29 17 19 99
29 16 28 100
29 36 21 99
30 40 9 100
30 9 39 150
31 37 37 100
31 2 5 100
31 45 3 100
31 14 22 99
32 36 26 99
32 10 3 100
32 37 28 100
32 43 39 99
33 36 26 99
33 9 41 100
33 25 24 99
33 13 9 100
33 45 3 100
34 32 22 99
34 2 28 100
34 15 3 100
34 15 26 150
34 15 39 100
34 30 17 100
35 47 3 100
35 26 26 100
36 41 33 100
36 1 33 148
36 1 39 99
36 26 26 100
36 36 5 100
37 24 24 148
37 28 22 100
37 15 28 99
37 15 39 100
37 10 26 99
38 20 6 100
39 33 9 100
39 33 39 100
39 15 28 99
39 31 40 99
40 28 22 100
40 14 26 150
40 37 24 100
40 33 39 100
41 46 6 100
41 33 39 100
41 14 17 99
41 27 24 150
42 25 24 99
42 15 22 100
42 15 28 99
43 20 34 100
43 6 39 100
43 3 34 99
44 25 24 99
44 16 28 100
45 29 9 99
45 17 22 100
45 17 39 150
45 13 21 100
45 25 24 99
46 19 6 100
46 23 9 100
46 14 26 150
47 46 39 150
47 4 21 100
47 16 28 100
48 20 34 100
48 1 34 100
48 1 39 99
49 10 11 100
49 10 26 99
49 38 34 100
49 8 21 100
49 8 37 100
49 36 26 99
49 30 24 148
49 31 28 100
50 43 25 100
50 11 22 100
50 10 17 100
50 10 26 99
51 2 33 150
51 44 33 100
51 36 26 99
52 45 3 100
52 4 41 100
52 15 39 100
53 6 22 100
53 6 39 100
53 36 5 100
53 22 3 150
53 26 34 150
53 46 40 99
53 16 28 100
53 2 34 100
54 2 34 100
54 21 34 100
54 48 3 100
55 11 28 100
55 26 26 100
55 46 39 150
56 11 22 100
56 10 17 100
56 10 26 99
57 17 37 99
57 43 39 99
57 42 1 100
57 20 6 100
58 31 28 100
58 6 39 100
58 26 26 100
58 22 24 150
59 8 34 150
59 49 3 100
59 10 26 99
60 24 24 148
60 13 9 100
60 13 21 100
60 17 22 100
60 32 11 100
60 11 28 100
61 37 24 100
61 17 39 150
62 21 34 100
62 3 34 99
62 46 6 100
63 38 34 100
63 14 22 99
63 14 26 150
63 37 24 100
63 37 28 100
63 18 41 100
63 42 21 100
64 43 39 99
64 28 3 150
65 43 39 99
65 11 24 150
65 11 28 100
65 10 26 99
65 49 40 100
66 10 17 100
66 10 26 99
66 28 22 100
66 14 45 100
66 22 18 100
67 44 24 100
67 44 33 100
67 33 39 100
67 11 33 150
67 37 37 100
67 47 33 99
67 36 26 99
68 44 3 100
68 44 24 100
68 43 39 99
68 21 34 100
68 17 34 150
69 16 3 150
69 6 22 100
69 25 24 99
69 21 26 148
70 8 34 150
70 24 26 150
70 6 39 100
70 2 28 100
71 3 34 99
71 2 34 100
71 33 39 100
72 47 3 100
72 17 22 100
72 33 39 100
72 15 28 99
73 15 25 100
73 15 26 150
73 44 17 99
73 20 6 100
74 45 26 150
75 0 34 150
75 29 9 99
75 22 3 150
75 32 22 99
75 16 28 100
76 38 34 100
76 21 34 100
76 1 39 99
76 2 11 99
77 37 24 100
77 37 28 100
77 37 37 100
77 46 39 150
77 22 9 150
78 9 6 100
78 32 22 99
78 1 39 99
79 14 17 99
80 24 24 148
80 38 34 100
80 11 28 100
80 1 34 100
80 1 39 99
80 26 26 100
81 45 11 100
81 9 6 100
81 17 22 100
81 33 39 100
82 16 28 100
83 9 39 150
83 21 26 148
83 25 24 99
84 4 26 148
84 10 6 99
84 11 22 100
84 26 34 150
84 25 24 99
85 2 28 100
85 43 39 99
85 10 26 99
85 44 24 100
86 40 9 100
86 49 3 100
86 37 37 100
86 6 39 100
87 9 41 100
87 2 5 100
87 2 28 100
87 11 22 100
88 22 6 99
88 22 21 150
88 36 21 99
88 36 26 99
88 30 17 100
89 48 3 100
89 6 39 100
89 26 26 100
89 24 24 148
90 39 22 100
90 26 26 100
91 47 21 100
91 37 28 100
91 17 39 150
92 6 22 100
92 6 39 100
92 10 6 99
92 10 26 99
92 26 26 100
92 26 34 150
93 38 5 100
93 25 24 99
93 18 9 100
93 45 3 100
93 10 26 99
94 10 26 99
94 4 21 100
94 11 28 100
94 25 24 99
95 17 22 100
95 17 34 150
95 17 39 150
95 10 26 99
95 44 24 100
95 3 34 99
96 30 17 100
96 28 19 100
96 29 19 100
96 47 21 100
96 14 19 150
96 2 28 100
97 44 3 100
97 44 24 100
97 15 39 100
97 26 26 100
97 14 19 150
97 41 19 100
97 21 19 150
98 16 28 100
98 48 3 100
98 32 22 99
98 33 39 100
98 14 17 99
99 10 21 150
99 22 40 100
100 29 41 99
100 36 5 100
101 16 3 150
101 16 28 100
101 6 22 100
101 6 39 100
101 25 24 99
102 43 39 99
102 22 24 150
102 15 3 100
102 26 26 100
103 26 26 100
103 11 28 100
103 2 21 150
103 14 17 99
104 18 9 100
104 2 5 100
104 46 39 150
104 14 22 99
104 33 9 100
105 20 6 100
105 25 24 99
106 46 39 150
106 27 17 100
106 25 46 100
106 35 3 150
107 45 26 150
107 16 28 100
107 44 24 100
107 2 37 99
108 26 26 100
108 33 39 100
108 15 22 100
109 21 26 148
109 21 34 100
109 2 28 100
109 33 39 100
109 24 25 100
110 6 22 100
110 15 3 100
110 46 40 99
111 41 33 100
111 8 33 100
111 10 26 99
111 19 39 148
111 22 24 150
111 17 33 100
112 15 28 99
113 5 3 150
113 27 17 100
113 17 22 100
113 17 39 150
113 10 26 99
114 34 3 100
114 36 26 99
114 13 9 100
114 15 28 99
115 44 3 100
115 44 24 100
115 8 34 150
115 21 34 100
116 28 22 100
116 11 6 100
116 11 24 150
116 12 11 100
116 43 39 99
116 43 45 100
117 8 21 100
117 6 39 100
117 26 26 100
118 49 19 99
118 37 28 100
118 28 19 100
118 17 19 99
118 19 19 100
119 28 19 100
119 28 22 100
119 41 19 100
119 29 19 100
119 19 39 148
119 30 17 100
120 19 6 100
120 10 26 99
120 44 24 100
121 10 26 99
121 6 39 100
121 4 21 100
122 17 22 100
122 30 17 100
122 38 5 100
122 0 28 150
122 43 39 99
122 10 11 100
124 20 6 100
124 33 39 100
124 15 28 99
124 17 37 99
125 4 26 148
125 35 3 150
125 37 24 100
125 11 22 100
125 43 39 99
126 29 41 99
126 34 3 100
126 10 26 99
127 36 21 99
127 36 26 99
127 16 28 100
127 27 17 100
127 27 24 150
128 39 22 100
128 21 18 99
128 15 39 100
129 44 24 100
129 18 9 100
129 36 26 99
130 21 34 100
130 10 6 99
130 10 26 99
130 3 34 99
130 33 39 100
131 41 25 99
131 6 22 100
131 6 39 100
131 15 28 99
131 49 40 100
132 43 39 99
132 15 28 99
133 30 24 148
134 11 22 100
134 26 26 100
134 10 17 100
134 17 39 150
135 12 6 100
135 44 24 100
135 11 28 100
136 44 24 100
136 39 19 99
136 4 21 100
136 29 19 100
136 32 22 99
136 28 19 100
136 15 39 100
136 14 19 150
137 11 5 150
137 11 28 100
137 48 3 100
137 9 41 100
137 28 19 100
137 2 37 99
137 17 19 99
137 40 9 100
137 19 19 100
138 28 3 150
138 45 11 100
138 36 26 99
139 10 26 99
139 28 22 100
139 43 39 99
139 33 32 150
139 27 32 100
140 8 34 150
140 27 32 100
140 2 28 100
140 43 39 99
140 43 45 100
141 26 26 100
141 10 3 100
141 10 26 99
142 34 3 100
142 18 9 100
142 6 22 100
142 6 39 100
142 27 17 100
142 27 24 150
142 1 28 100
143 21 34 100
143 38 34 100
143 6 39 100
143 13 9 100
144 35 11 100
144 30 24 148
144 11 6 100
145 25 24 99
145 19 41 100
145 7 34 150
145 46 45 100
145 49 3 100
145 28 22 100
145 11 28 100
146 10 3 100
146 10 26 99
146 6 39 100
147 26 26 100
147 11 28 100
148 43 39 99
148 19 6 100
148 46 37 100
148 39 22 100
149 43 39 99
149 46 40 99
149 34 3 100
150 36 26 99
150 27 17 100
150 11 28 100
151 27 24 150
151 17 39 150
151 40 9 100
152 45 11 100
152 6 22 100
152 2 28 100
152 36 21 99
152 37 24 100
153 15 3 100
153 15 34 150
153 15 39 100
154 35 3 150
154 8 5 100
154 15 39 100
155 11 28 100
155 10 26 99
156 17 22 100
156 17 34 150
156 38 34 100
156 44 24 100
157 40 9 100
157 33 39 100
157 31 28 100
158 34 3 100
158 0 34 150
158 37 24 100
158 37 37 100
158 26 26 100
158 44 24 100
159 14 6 99
159 14 22 99
159 1 39 99
159 25 24 99
160 16 5 150
160 16 28 100
160 14 45 100
160 4 41 100
160 35 11 100
160 26 26 100
161 10 26 99
161 46 39 150
162 32 22 99
162 44 17 99
162 44 24 100
162 14 6 99
162 11 28 100
163 9 39 150
163 17 26 150
163 1 3 150
163 36 5 100
164 10 26 99
165 43 39 99
165 37 28 100
165 31 40 99
166 28 1 100
166 30 17 100
166 15 25 100
166 15 39 100
166 2 21 150
167 6 22 100
167 20 34 100
167 22 3 150
167 31 28 100
168 9 39 150
168 22 24 150
168 1 34 100
169 31 34 150
169 21 26 148
170 37 24 100
170 37 28 100
170 49 3 100
170 49 31 99
170 17 22 100
170 18 9 100
171 28 3 150
171 0 41 100
171 25 24 99
171 12 11 100
172 26 26 100
172 14 6 99
172 1 28 100
172 37 24 100
173 15 3 100
173 15 22 100
173 15 39 100
173 27 17 100
174 48 3 100
174 39 41 100
174 36 26 99
175 7 44 100
175 11 24 150
175 11 28 100
175 15 44 150
175 27 44 100
176 7 25 148
176 7 34 150
176 7 44 100
176 40 25 100
176 40 26 150
176 44 25 150
176 43 39 99
176 22 6 99
176 32 22 99
177 2 28 100
177 44 25 150
177 18 25 148
177 7 25 148
177 26 26 100
178 45 11 100
178 19 5 150
178 31 20 100
178 14 17 99
178 18 25 148
178 24 25 100
179 24 25 100
179 24 26 150
179 43 25 100
179 43 39 99
179 1 34 100
179 11 22 100
179 0 34 150
179 47 44 150
179 20 44 100
179 37 24 100
180 40 25 100
180 40 41 100
180 20 44 100
180 28 3 150
180 26 25 148
180 26 26 100
180 24 25 100
180 16 28 100
180 43 25 100
181 19 6 100
181 30 31 99
181 7 20 100
181 7 44 100
181 1 39 99
181 43 25 100
182 37 26 148
182 37 28 100
182 45 3 100
182 32 22 99
182 44 17 99
182 44 25 150
183 19 39 148
183 18 25 148
183 44 24 100
183 44 25 150
183 36 25 148
184 25 24 99
184 28 3 150
184 28 22 100
184 21 26 148
184 15 25 100
184 43 25 100
184 44 17 99
184 24 25 100
185 43 39 99
185 11 28 100
186 48 3 100
186 42 40 100
186 43 39 99
186 10 26 99
187 1 28 100
187 17 22 100
188 7 25 148
188 43 25 100
188 43 39 99
188 27 17 100
188 47 25 150
188 15 25 100
188 10 26 99
189 9 41 100
189 15 3 100
189 26 26 100
190 26 26 100
190 23 9 100
190 47 21 100
190 6 22 100
190 40 31 100
190 16 28 100
191 7 25 148
191 36 25 148
191 36 26 99
191 41 25 99
191 40 41 100
192 21 20 100
192 37 24 100
192 37 28 100
192 14 17 99
192 36 26 99
192 48 3 100
193 38 34 100
193 28 22 100
193 11 24 150
193 33 39 100
193 4 21 100
194 15 3 100
194 15 25 100
194 15 26 150
194 15 39 100
194 41 25 99
194 7 25 148
194 25 24 99
195 9 6 100
195 2 5 100
195 2 28 100
195 40 25 100
196 39 22 100
196 15 26 150
196 37 24 100
197 15 39 100
197 13 21 100
197 10 17 100
198 25 33 150
198 40 26 150
198 40 31 100
198 8 5 100
198 8 33 100
198 33 39 100
198 37 28 100
199 17 22 100
199 15 25 100
200 15 24 150
200 15 26 150
200 15 39 100
200 20 6 100
201 44 24 100
201 44 25 150
201 2 28 100
201 6 39 100
201 47 25 150
201 15 25 100
202 17 22 100
202 17 26 150
202 27 17 100
202 1 39 99
202 48 3 100
203 31 28 100
203 48 3 100
203 13 9 100
203 24 25 100
203 18 25 148
204 40 9 100
204 40 25 100
204 4 5 99
204 2 5 100
204 41 25 99
204 6 39 100
204 44 25 150
204 26 25 148
204 18 25 148
205 0 34 150
205 6 22 100
205 6 39 100
205 21 20 100
205 21 34 100
205 48 6 100
206 30 31 99
206 31 28 100
206 4 26 148
207 46 6 100
207 46 26 150
207 46 39 150
208 25 33 150
208 39 22 100
208 43 25 100
208 8 33 100
208 23 9 100
208 2 28 100
208 47 25 150
209 15 25 100
209 15 39 100
209 26 25 148
209 26 26 100
209 2 11 99
210 14 17 99
210 25 24 99
210 1 39 99
211 16 28 100
211 34 26 148
211 44 24 100
211 32 22 99
212 17 39 150
212 47 25 150
212 22 40 100
212 18 25 148
212 44 25 150
213 41 25 99
213 2 28 100
213 2 34 100
213 44 24 100
213 44 25 150
213 20 6 100
213 36 25 148
214 24 25 100
214 7 20 100
214 7 25 148
214 36 25 148
214 48 3 100
214 4 41 100
214 28 22 100
215 45 26 150
215 2 34 100
215 41 25 99
215 3 34 99
215 18 25 148
215 36 25 148
215 43 25 100
215 43 39 99
216 41 25 99
216 6 39 100
216 43 25 100
216 31 3 150
216 10 17 100
216 10 26 99
216 36 25 148
217 38 34 100
217 31 28 100
217 31 34 150
217 14 22 99
217 10 44 99
217 18 25 148
217 34 44 100
217 11 24 150
218 0 34 150
218 10 44 99
218 24 25 100
218 33 39 100
218 47 44 150
219 31 28 100
219 15 44 150
219 19 6 100
219 47 44 150
219 36 26 99
219 44 44 100
220 1 39 99
220 23 9 100
220 26 26 100
220 20 44 100
220 34 44 100
221 15 22 100
221 15 44 150
221 47 41 100
221 47 44 150
221 27 44 100
221 44 44 100
222 43 25 100
222 47 25 150
222 47 44 150
222 12 6 100
222 27 44 100
222 44 25 150
222 44 44 100
222 15 26 150
222 15 28 99
223 33 39 100
223 34 26 148
223 32 22 99
223 31 20 100
224 47 21 100
224 47 25 150
224 47 44 150
224 34 44 100
224 31 28 100
224 41 25 99
224 26 25 148
224 26 26 100
224 33 39 100
224 43 25 100
225 28 3 150
225 44 17 99
225 44 44 100
225 14 31 100
225 33 39 100
225 10 26 99
225 10 44 99
226 26 20 100
226 26 34 150
226 11 6 100
226 11 22 100
226 44 44 100
226 12 11 100
227 10 3 100
227 10 26 99
227 11 5 150
227 11 28 100
227 43 39 99
228 11 33 150
228 32 22 99
228 6 39 100
228 27 44 100
228 20 44 100
228 10 26 99
228 10 44 99
228 23 9 100
228 8 33 100
228 15 44 150
229 37 24 100
229 37 28 100
229 26 25 148
229 26 26 100
229 8 33 100
229 36 25 148
229 41 25 99
230 46 40 99
230 27 17 100
231 15 22 100
231 15 25 100
231 15 39 100
231 13 21 100
231 7 25 148
232 21 26 148
232 33 39 100
232 36 5 100
232 36 25 148
232 24 25 100
232 1 28 100
233 0 31 100
233 11 5 150
233 40 26 150
234 39 22 100
234 25 24 99
234 41 25 99
234 15 25 100
234 15 28 99
234 15 39 100
234 24 25 100
234 9 6 100
234 20 20 99
234 47 25 150
235 9 41 100
235 48 21 150
235 30 17 100
235 24 25 100
235 10 26 99
235 7 25 148
235 26 25 148
236 33 39 100
236 11 24 150
236 26 25 148
237 37 24 100
237 37 28 100
237 2 11 99
237 22 3 150
238 13 9 100
238 36 25 148
238 36 26 99
238 32 22 99
238 29 41 99
238 15 25 100
238 43 25 100
238 24 25 100
239 48 6 100
239 31 28 100
239 41 25 99
239 40 25 100
239 10 26 99
239 37 24 100
240 47 3 100
240 47 25 150
240 40 25 100
240 6 22 100
240 6 39 100
240 14 17 99
241 15 25 100
241 15 26 150
241 15 39 100
241 26 25 148
241 18 25 148
242 30 34 150
242 43 25 100
242 25 24 99
242 1 28 100
242 40 25 100
243 47 25 150
243 24 25 100
243 24 26 150
243 33 39 100
244 4 26 148
244 2 28 100
244 22 6 99
244 22 24 150
245 8 22 150
245 19 39 148
245 15 25 100
245 23 9 100
245 7 25 148
246 43 25 100
246 15 24 150
246 15 25 100
246 41 31 100
247 15 25 100
247 15 28 99
247 15 39 100
247 44 25 150
247 7 25 148
247 48 6 100
247 41 1 100
247 41 25 99
248 24 25 100
248 24 26 150
248 1 39 99
248 40 25 100
248 26 25 148
249 24 25 100
249 6 22 100
249 3 34 99
249 40 34 148
249 15 28 99
250 33 39 100
250 14 6 99
250 14 26 150
250 40 25 100
250 37 24 100
250 18 25 148
250 7 25 148
251 1 20 100
251 1 39 99
251 26 26 100
251 37 24 100
252 39 22 100
252 6 39 100
252 43 25 100
252 37 24 100
252 37 28 100
252 37 34 100
252 38 34 100
252 18 25 148
253 29 9 99
253 29 41 99
253 34 3 100
253 45 11 100
253 40 25 100
253 24 25 100
254 1 3 150
254 1 28 100
254 45 26 150
254 32 22 99
254 43 25 100
255 27 44 100
255 38 34 100
255 46 40 99
255 47 3 100
255 47 44 150
256 7 44 100
256 47 44 150
256 25 24 99
256 4 26 148
256 27 17 100
256 6 39 100
256 36 31 100
257 33 39 100
257 9 6 100
257 26 20 100
257 14 22 99
257 16 28 100
258 24 25 100
258 44 25 150
258 7 25 148
258 15 25 100
259 1 28 100
259 1 39 99
260 13 21 100
260 34 26 148
260 34 44 100
260 22 24 150
260 7 44 100
260 11 22 100
260 44 44 100
260 20 44 100
261 19 39 148
261 15 3 100
261 15 26 150
261 21 20 100
261 10 44 99
261 44 24 100
261 40 9 100
262 43 39 99
262 12 6 100
262 31 28 100
263 21 26 148
263 20 44 100
263 25 24 99
263 44 17 99
263 44 44 100
264 10 44 99
264 19 5 150
264 19 39 148
264 16 28 100
264 32 22 99
264 47 44 150
265 15 3 100
265 15 34 150
265 37 34 100
265 18 9 100
265 30 31 99
265 23 9 100
266 43 39 99
266 1 20 100
266 12 6 100
266 12 11 100
266 8 5 100
266 17 22 100
267 6 39 100
268 36 5 100
268 37 24 100
268 37 28 100
268 27 44 100
268 34 3 100
268 34 44 100
269 10 3 100
269 10 17 100
269 10 44 99
269 20 44 100
269 14 22 99
269 17 39 150
269 7 44 100
269 25 24 99
270 18 25 148
270 45 26 150
270 48 6 100
270 36 25 148
270 47 25 150
270 11 28 100
271 25 24 99
271 36 26 99
272 34 3 100
272 32 22 99
272 36 26 99
272 36 31 100
272 27 17 100
273 15 25 100
273 15 28 99
273 7 25 148
273 37 24 100
273 24 25 100
273 36 25 148
273 36 26 99
274 35 3 150
274 22 40 100
275 44 17 99
275 35 9 150
275 11 22 100
275 11 28 100
276 38 34 100
276 41 33 100
276 11 33 150
277 1 20 100
277 4 21 100
277 29 9 99
277 3 34 99
278 47 3 100
278 6 22 100
278 12 11 100
278 15 24 150
278 15 28 99
279 8 34 150
279 24 25 100
279 36 25 148
279 43 25 100
280 10 6 99
280 10 26 99
280 44 24 100
280 44 25 150
280 1 28 100
280 38 5 100
280 36 25 148
281 44 3 100
281 44 25 150
281 36 31 100
282 6 22 100
282 8 5 100
282 10 26 99
283 26 25 148
283 26 26 100
283 27 17 100
284 37 18 100
284 37 24 100
284 10 26 99
284 7 25 148
284 24 25 100
285 12 6 100
285 12 11 100
285 6 22 100
285 47 25 150
285 15 28 99
286 49 3 100
286 17 34 150
286 25 24 99
287 41 31 100
287 13 9 100
287 37 28 100
288 3 34 99
288 40 25 100
288 36 25 148
288 36 26 99
288 39 22 100
288 37 34 100
289 43 25 100
289 20 6 100
289 36 25 148
290 24 24 148
290 44 3 100
290 26 26 100
291 17 19 99
291 30 17 100
291 21 19 150
291 39 19 99
292 47 21 100
292 47 44 150
292 14 9 150
292 14 19 150
292 41 19 100
292 17 19 99
292 44 24 100
292 44 44 100
292 29 19 100
293 19 6 100
293 37 28 100
293 42 40 100
293 17 22 100
293 10 26 99
294 25 24 99
294 36 21 99
294 36 26 99
294 27 44 100
295 1 28 100
295 14 19 150
295 34 44 100
295 37 24 100
295 49 19 99
295 36 21 99
295 28 19 100
296 32 11 100
296 7 44 100
296 21 19 150
296 41 19 100
297 14 19 150
297 14 22 99
297 7 34 150
298 31 34 150
298 15 3 100
298 20 34 100
299 46 26 150
300 48 6 100
300 34 44 100
300 28 19 100
300 28 22 100
300 30 17 100
300 30 24 148
300 47 44 150
300 29 19 100
300 49 19 99
300 19 19 100
300 14 19 150
301 46 19 150
301 34 3 100
301 37 28 100
301 37 34 100
303 39 22 100
303 32 11 100
303 25 24 99
304 19 6 100
304 1 34 100
304 36 26 99
304 20 34 100
304 42 40 100
305 34 26 148
305 40 34 148
305 1 28 100
306 41 25 99
306 30 17 100
306 2 21 150
306 14 22 99
307 10 26 99
308 9 6 100
309 14 22 99
309 14 26 150
309 30 34 150
309 15 28 99
309 37 24 100
309 37 34 100
310 27 17 100
310 36 5 100
310 36 26 99
311 26 26 100
311 7 44 100
311 20 44 100
311 27 44 100
312 31 5 148
312 31 28 100
312 10 6 99
313 6 22 100
313 12 11 100
314 32 17 148
314 25 24 99
314 12 6 100
315 18 9 100
315 18 45 99
315 13 9 100
315 37 28 100
316 26 26 100
316 39 22 100
317 37 34 100
317 21 34 100
318 24 24 148
318 7 34 150
318 19 6 100
318 19 19 100
318 39 19 99
319 8 21 100
319 8 34 150
319 49 19 99
319 39 19 99
319 39 22 100
319 17 19 99
319 17 26 150
319 2 28 100
319 29 19 100
319 46 19 150
320 49 3 100
320 37 26 148
320 47 44 150
320 7 44 100
321 10 26 99
322 23 9 100
322 10 17 100
323 36 21 99
323 27 24 150
323 32 22 99
324 29 9 99
324 23 9 100
324 1 3 150
324 46 40 99
325 2 28 100
325 44 17 99
325 14 6 99
326 6 22 100
326 15 24 150
327 34 26 148
327 24 25 100
327 31 28 100
328 37 26 148
329 32 22 99
329 10 6 99
329 10 9 150
329 10 17 100
330 31 5 148
331 27 24 150
331 2 28 100
331 46 6 100
332 32 11 100
332 32 22 99
332 26 26 100
333 30 17 100
333 28 3 150
333 15 28 99
333 44 24 100
334 42 40 100
335 37 24 100
335 48 6 100
335 32 22 99
335 26 26 100
336 14 17 99
336 14 19 150
336 39 19 99
337 17 19 99
337 49 19 99
337 21 19 150
337 11 5 150
337 46 19 150
338 10 9 150
338 15 22 100
338 15 28 99
338 37 24 100
339 1 9 148
339 1 21 148
339 43 45 100
340 21 34 100
340 44 24 100
340 9 6 100
340 14 22 99
340 26 26 100
341 40 18 99
341 40 34 148
341 3 34 99
341 11 28 100
341 4 5 99
342 10 17 100
343 10 6 99
343 10 26 99
343 15 22 100
344 22 9 150
344 22 24 150
344 7 34 150
345 48 6 100
345 48 9 150
345 15 28 99
345 38 34 100
346 15 22 100
346 31 40 99
347 37 24 100
347 10 26 99
348 37 24 100
348 37 28 100
349 44 17 99
349 14 6 99
349 14 9 150
349 14 22 99
349 10 26 99
350 45 11 100
350 37 24 100
351 43 45 100
351 34 3 100
352 0 34 150
352 10 26 99
352 30 24 148
352 14 22 99
353 25 24 99
354 11 28 100
354 22 3 150
355 27 17 100
355 11 6 100
355 11 22 100
356 31 34 150
356 42 21 100
356 34 26 148
356 37 24 100
357 11 28 100
357 47 3 100
357 17 26 150
358 14 9 150
358 14 22 99
358 40 25 100
359 4 5 99
359 12 11 100
359 31 34 150
360 36 21 99
360 37 24 100
360 29 45 100
361 21 34 100
361 20 6 100
361 20 34 100
361 17 22 100
362 30 24 148
362 15 44 150
362 27 44 100
363 15 3 100
363 15 28 99
364 45 11 100
364 45 26 150
364 27 17 100
365 15 22 100
365 15 26 150
365 15 28 99
365 25 24 99
365 10 6 99
366 20 34 100
366 31 34 150
366 31 40 99
366 8 5 100
367 19 6 100
368 6 22 100
369 44 17 99
369 46 26 150
369 1 28 100
370 31 34 150
370 24 26 150
370 11 6 100
370 4 5 99
371 28 22 100
371 15 28 99
372 44 24 100
372 21 26 148
373 35 3 150
373 35 9 150
373 46 45 100
374 46 26 150
374 28 22 100
375 25 24 99
375 9 6 100
376 8 5 100
376 36 26 99
377 1 28 100
377 32 22 99
377 10 26 99
378 14 6 99
378 14 17 99
378 26 26 100
380 23 9 100
380 33 28 150
380 36 26 99
380 41 25 99
380 10 6 99
380 39 22 100
381 26 26 100
381 47 21 100
382 46 40 99
382 46 45 100
383 37 24 100
383 37 28 100
383 14 9 150
383 14 22 99
384 44 17 99
384 44 24 100
385 22 21 150
385 39 22 100
385 10 26 99
385 36 26 99
386 22 18 100
386 22 24 150
386 0 34 150
386 1 33 148
386 44 33 100
387 22 6 99
387 37 26 148
388 35 11 100
388 37 28 100
388 11 22 100
389 44 17 99
389 26 26 100
390 20 6 100
390 38 5 100
391 11 22 100
391 37 24 100
391 27 17 100
392 46 45 100
392 26 26 100
393 2 11 99
393 2 28 100
394 45 9 150
394 17 22 100
394 47 21 100
394 24 24 148
395 10 3 100
396 46 6 100
396 46 40 99
396 1 28 100
396 25 24 99
397 17 22 100
397 26 26 100
397 37 24 100
398 31 3 150
398 31 5 148
398 26 26 100
398 30 17 100
399 33 9 100
399 18 9 100
399 18 45 99
400 48 6 100
400 17 22 100
401 44 3 100
401 15 28 99
402 36 26 99
402 24 25 100
402 10 26 99
403 32 22 99
404 2 28 100
404 44 17 99
405 15 26 150
405 13 21 100
406 11 22 100
406 35 9 150
407 15 3 100
407 15 28 99
407 44 24 100
407 29 9 99
408 1 3 150
408 14 17 99
409 26 26 100
409 37 28 100
409 17 22 100
410 11 6 100
410 46 26 150
410 46 45 100
411 28 3 150
411 19 5 150
411 22 40 100
412 32 11 100
412 32 22 99
413 45 3 100
413 7 34 150
413 25 24 99
414 30 17 100
414 15 28 99
414 1 9 148
414 36 26 99
415 6 22 100
415 46 6 100
415 36 26 99
415 44 24 100
416 30 24 148
416 2 28 100
417 20 34 100
417 37 34 100
418 6 22 100
418 44 24 100
418 48 6 100
418 46 26 150
419 1 9 148
419 37 24 100
419 14 17 99
420 1 28 100
421 12 6 100
421 15 22 100
421 22 40 100
422 37 28 100
423 13 21 100
423 37 26 148
423 37 34 100
423 0 34 150
423 14 17 99
423 24 25 100
424 28 22 100
424 1 9 148
424 18 45 99
425 19 6 100
425 25 24 99
426 3 34 99
426 45 9 150
426 37 24 100
427 37 28 100
427 10 26 99
427 15 22 100
428 30 17 100
428 30 24 148
428 17 33 100
428 47 33 99
428 2 33 150
429 33 9 100
429 9 6 100
429 29 9 99
430 6 22 100
430 5 3 150
430 31 5 148
430 31 40 99
430 26 26 100
431 26 26 100
432 49 3 100
432 15 22 100
432 15 28 99
432 10 17 100
432 10 26 99
432 38 5 100
434 17 26 150
434 44 24 100
435 19 6 100
435 29 9 99
435 44 17 99
436 17 22 100
436 17 26 150
437 33 9 100
437 13 9 100
438 32 22 99
438 24 24 148
438 26 26 100
439 46 6 100
439 46 18 100
439 30 17 100
439 35 9 150
440 49 3 100
441 49 3 100
441 49 19 99
441 28 19 100
441 28 22 100
441 31 5 148
441 31 28 100
441 29 19 100
441 21 19 150
442 48 6 100
442 18 45 99
443 17 19 99
443 22 40 100
443 29 19 100
443 49 19 99
443 11 28 100
444 17 22 100
444 14 17 99
444 10 11 100
445 46 6 100
445 37 24 100
446 0 34 150
446 15 44 150
446 10 44 99
447 15 25 100
447 15 34 150
447 21 34 100
447 13 21 100
448 36 26 99
448 9 9 150
448 14 22 99
449 20 34 100
449 14 19 150
449 8 21 100
449 28 19 100
449 37 34 100
449 49 19 99
450 26 26 100
450 39 19 99
450 44 3 100
450 44 17 99
450 38 5 100
450 29 19 100
450 11 28 100
450 28 19 100
451 11 6 100
451 11 22 100
451 39 19 99
452 33 9 100
452 15 28 99
453 44 24 100
453 22 9 150
453 37 24 100
454 4 5 99
454 15 22 100
454 5 20 100
454 10 17 100
454 10 26 99
455 29 9 99
455 38 5 100
455 23 9 100
455 9 6 100
457 18 45 99
457 31 28 100
457 31 40 99
457 36 5 100
457 36 21 99
457 36 26 99
457 6 22 100
458 25 24 99
459 10 6 99
459 10 17 100
459 10 26 99
459 37 28 100
460 26 26 100
460 26 34 150
460 28 22 100
460 22 24 150
460 17 33 100
460 47 33 99
461 25 24 99
461 10 3 100
461 10 26 99
461 44 33 100
462 7 20 100
462 36 26 99
463 49 3 100
463 48 9 150
463 1 28 100
463 6 22 100
464 23 9 100
464 12 6 100
464 33 39 100
464 19 5 150
464 17 45 100
465 47 44 150
465 22 18 100
466 7 34 150
466 7 44 100
466 10 9 150
466 11 28 100
467 26 9 148
467 17 22 100
467 37 24 100
468 10 3 100
468 1 34 100
468 8 34 150
469 1 39 99
469 12 6 100
469 4 26 148
469 44 17 99
470 36 26 99
470 17 22 100
470 15 28 99
471 22 3 150
471 22 9 150
471 4 5 99
472 27 17 100
472 40 25 100
473 12 6 100
473 31 28 100
473 31 34 150
473 1 9 148
473 14 22 99
473 10 26 99
474 9 9 150
474 29 9 99
474 37 24 100
475 32 11 100
476 26 20 100
476 26 26 100
476 22 6 99
476 22 40 100
476 28 22 100
477 37 28 100
477 48 3 100
478 40 26 150
478 14 22 99
478 14 45 100
479 26 26 100
479 33 39 100
479 27 17 100
480 48 6 100
480 30 24 148
481 11 22 100
481 37 26 148
481 45 3 100
482 47 3 100
482 2 28 100
483 44 24 100
483 36 26 99
484 15 44 150
484 26 9 148
484 47 44 150
485 19 19 100
485 6 22 100
485 31 20 100
485 31 28 100
485 25 24 99
485 14 17 99
485 14 19 150
485 15 3 100
485 49 19 99
486 19 19 100
486 14 19 150
486 17 19 99
486 48 3 100
487 39 19 99
487 29 45 100
487 10 26 99
487 8 21 100
487 31 40 99
487 37 24 100
488 46 5 150
488 46 6 100
488 37 28 100
488 33 39 100
488 32 22 99
488 36 26 99
489 19 19 100
489 21 19 150
489 41 19 100
489 14 19 150
490 29 19 100
490 44 17 99
490 17 19 99
491 28 22 100
491 31 5 148
491 31 28 100
491 10 3 100
491 10 26 99
492 26 9 148
492 26 34 150
493 9 6 100
493 25 24 99
493 16 28 100
494 39 22 100
494 15 24 150
494 30 17 100
494 10 26 99
496 11 6 100
496 14 9 150
496 41 25 99
496 6 39 100
496 36 26 99
497 5 3 150
497 5 20 100
497 15 22 100
497 21 19 150
497 28 19 100
497 17 19 99
498 4 5 99
498 20 34 100
498 34 3 100
498 27 17 100
498 10 26 99
498 0 34 150
498 17 19 99
499 22 29 100
499 22 40 100
499 21 19 150
499 19 19 100
499 39 19 99
500 16 28 100
500 6 22 100
501 31 49 100
501 22 6 99
501 27 17 100
502 2 28 100
502 20 20 99
502 36 21 99
502 10 9 150
503 44 3 100
503 44 44 100
503 34 44 100
503 36 26 99
504 40 9 100
504 44 44 100
504 14 22 99
505 36 5 100
505 36 26 99
506 9 6 100
506 17 34 150
506 26 26 100
506 31 28 100
506 14 17 99
507 14 22 99
507 44 20 100
508 14 26 150
508 38 5 100
509 21 26 148
509 33 39 100
509 30 17 100
509 37 28 100
510 17 22 100
510 26 26 100
510 11 6 100
511 4 5 99
512 48 3 100
512 26 26 100
512 2 5 100
513 2 11 99
513 7 17 150
513 17 22 100
514 40 25 100
514 46 6 100
514 46 40 99
514 44 44 100
514 10 26 99
514 10 44 99
514 20 44 100
515 36 26 99
515 15 39 100
516 44 3 100
516 1 28 100
516 10 26 99
516 46 5 150
517 28 22 100
517 46 45 100
518 2 28 100
518 10 3 100
518 10 9 150
519 26 26 100
519 44 3 100
519 44 24 100
520 25 24 99
520 15 22 100
520 20 6 100
520 27 17 100
521 45 9 150
521 38 49 99
522 35 9 150
522 20 6 100
522 38 5 100
523 14 17 99
523 27 44 100
523 15 28 99
523 15 44 150
524 6 22 100
524 36 21 99
524 36 26 99
525 36 26 99
526 7 20 100
526 7 44 100
526 16 5 150
526 16 28 100
526 27 17 100
526 27 44 100
526 12 11 100
527 31 34 150
527 42 21 100
527 36 26 99
527 15 22 100
527 19 6 100
529 36 26 99
530 44 17 99
530 20 6 100
530 43 39 99
530 22 40 100
530 26 26 100
530 17 22 100
531 31 20 100
531 31 28 100
531 31 34 150
532 10 26 99
532 29 9 99
533 22 9 150
533 22 21 150
533 22 24 150
533 16 28 100
533 36 26 99
533 14 22 99
534 25 24 99
535 11 6 100
535 25 24 99
536 13 9 100
536 11 22 100
536 10 26 99
536 0 34 150
537 46 5 150
537 46 45 100
537 26 9 148
537 24 25 100
537 1 28 100
537 1 34 100
538 30 17 100
538 2 5 100
538 22 3 150
538 26 26 100
539 1 20 100
539 1 28 100
539 36 26 99
539 9 6 100
539 17 22 100
540 30 34 150
540 25 24 99
540 44 3 100
541 23 18 100
541 1 39 99
541 35 11 100
542 28 19 100
542 10 17 100
542 10 44 99
542 7 44 100
542 21 19 150
543 17 19 99
543 17 22 100
543 21 19 150
543 48 6 100
543 44 44 100
543 22 40 100
544 40 9 100
544 17 19 99
544 46 19 150
544 13 9 100
545 14 17 99
545 31 28 100
546 6 22 100
546 10 6 99
546 10 26 99
547 26 9 148
547 36 26 99
548 31 28 100
549 15 22 100
549 26 20 100
549 10 17 100
550 22 3 150
550 22 24 150
550 45 26 150
551 27 17 100
551 36 26 99
551 15 39 100
551 44 24 100
552 48 6 100
552 14 22 99
552 37 24 100
553 49 3 100
554 30 17 100
554 31 28 100
554 31 40 99
555 45 9 150
555 25 24 99
555 32 22 99
556 44 20 100
556 12 6 100
556 11 28 100
557 11 5 150
558 8 21 100
558 32 22 99
558 15 26 150
559 20 34 100
559 3 34 99
559 15 3 100
559 15 25 100
559 15 28 99
560 10 17 100
560 46 40 99
560 21 20 100
561 14 22 99
561 14 26 150
561 4 21 100
562 45 3 100
562 11 5 150
563 31 28 100
563 31 34 150
563 38 5 100
563 35 9 150
563 22 6 99
563 25 24 99
564 27 17 100
564 38 49 99
564 36 26 99
564 17 22 100
565 6 39 100
565 31 3 150
565 36 26 99
566 21 34 100
566 2 34 100
566 36 26 99
567 46 45 100
567 6 22 100
568 37 28 100
568 15 3 100
568 36 26 99
569 7 20 100
569 20 6 100
569 44 17 99
570 2 11 99
570 17 22 100
571 17 34 150
571 42 40 100
571 37 24 100
572 20 6 100
572 11 22 100
572 34 26 148
573 39 9 150
573 25 24 99
574 34 26 148
574 11 28 100
575 12 6 100
575 9 9 150
575 14 22 99
575 15 39 100
576 25 24 99
576 14 19 150
576 14 45 100
576 29 19 100
576 28 19 100
577 49 19 99
577 27 24 150
577 36 26 99
577 31 28 100
579 21 19 150
579 49 19 99
