692 44 6 99
692 44 15 72
692 44 37 148
692 44 46 100
692 17 0 16
692 17 10 100
692 17 23 100
692 17 37 150
692 17 46 100
692 17 48 150
692 16 46 100
692 16 48 100
692 43 9 150
692 43 17 99
692 43 28 150
692 43 46 150
692 43 48 148
692 32 16 72
692 32 48 100
692 11 6 100
692 11 17 100
692 11 23 148
692 19 0 2
692 30 10 99
692 30 48 100
692 27 10 150
692 27 11 15
692 27 37 22
692 45 28 150
692 46 9 99
692 46 17 99
692 46 23 148
692 15 23 150
692 3 6 100
692 3 46 150
692 23 9 99
692 23 17 148
692 31 17 150
692 31 48 100
692 49 6 100
692 49 23 150
692 49 48 150
693 25 6 100
693 25 10 148
693 25 28 150
693 17 9 150
693 17 10 100
693 17 23 100
693 17 46 100
693 17 48 150
693 46 9 99
693 46 17 99
693 46 23 148
693 36 23 100
693 32 48 100
693 44 6 99
693 44 23 112
693 39 28 150
693 10 10 150
693 10 28 150
693 10 46 150
693 15 23 2
693 48 48 100
693 41 9 150
693 41 48 100
693 49 6 100
693 49 48 150
693 27 10 150
693 29 48 100
693 13 6 150
693 13 9 100
693 13 10 150
693 13 46 99
694 21 17 148
694 16 46 100
694 16 48 100
694 35 10 100
694 35 48 150
694 4 10 150
694 4 48 100
694 40 6 100
694 40 28 99
694 40 46 100
694 46 9 99
694 46 17 99
694 0 6 150
694 0 10 100
694 0 28 100
694 0 46 99
694 0 48 148
694 25 6 100
694 25 10 148
694 25 28 150
694 3 6 100
694 3 46 150
694 9 6 100
694 9 46 100
694 2 9 100
694 2 46 100
694 7 6 150
694 7 17 100
694 23 9 99
694 23 17 148
694 13 6 150
694 13 9 100
694 13 10 150
694 13 46 99
694 24 28 150
695 9 6 100
695 9 46 100
695 14 6 150
695 14 46 148
695 21 17 148
695 35 10 100
695 35 48 150
695 43 9 150
695 43 17 99
695 43 28 150
695 43 46 150
695 43 48 148
695 25 6 100
695 25 10 148
695 25 28 150
695 29 48 100
695 37 9 150
695 12 9 150
695 12 17 150
695 39 28 150
695 5 10 100
695 5 48 100
695 16 46 100
695 16 48 100
695 31 17 150
695 31 48 100
695 33 28 150
695 45 9 99
695 45 28 150
696 30 10 99
696 30 48 100
696 32 48 100
696 47 28 150
696 43 9 150
696 43 17 99
696 43 28 150
696 43 46 150
696 43 48 148
696 14 6 150
696 14 46 148
696 23 9 99
696 23 17 148
696 40 6 100
696 40 28 99
696 40 46 100
696 28 48 100
696 48 6 100
696 48 48 100
696 24 28 150
696 49 6 100
696 49 48 150
696 42 9 100
696 42 46 148
696 21 17 148
696 17 9 150
696 17 10 100
696 17 46 100
696 17 48 150
696 34 9 148
696 34 46 100
696 34 48 99
696 3 6 100
696 3 46 150
697 35 10 100
697 35 48 150
697 39 28 150
697 22 9 150
697 22 17 100
697 22 28 100
697 22 48 100
697 11 6 100
697 11 17 100
697 8 10 150
697 8 46 99
697 7 6 150
697 7 17 100
697 41 9 150
697 41 48 100
697 5 10 100
697 5 48 100
697 40 6 100
697 40 28 99
697 40 46 100
697 49 6 100
697 49 48 150
697 44 6 99
697 44 46 100
697 29 48 100
697 16 46 100
697 16 48 100
697 28 48 100
697 48 6 100
697 48 48 100
698 40 6 100
698 40 28 99
698 40 46 100
698 3 6 100
698 3 46 150
698 24 28 150
698 8 10 150
698 8 46 99
698 5 10 100
698 5 48 100
698 44 6 99
698 44 46 100
698 12 9 150
698 12 17 150
698 10 10 150
698 10 28 150
698 10 46 150
698 43 9 150
698 43 17 99
698 43 28 150
698 43 46 150
698 43 48 148
698 37 9 150
698 42 9 100
698 42 46 148
698 1 6 100
698 1 9 100
698 1 17 99
698 1 48 100
698 18 6 99
698 9 6 100
698 9 46 100
698 32 48 100
698 35 10 100
698 35 48 150
699 35 10 100
699 35 48 150
699 48 6 100
699 48 48 100
699 40 6 100
699 40 28 99
699 40 46 100
699 25 6 100
699 25 10 148
699 25 28 150
699 5 10 100
699 5 48 100
699 7 6 150
699 7 17 100
699 38 10 100
699 13 6 150
699 13 9 100
699 13 10 150
699 13 46 99
699 37 9 150
699 31 17 150
699 31 48 100
699 18 6 99
699 43 9 150
699 43 17 99
699 43 28 150
699 43 46 150
699 43 48 148
699 1 6 100
699 1 9 100
699 1 17 99
699 1 48 100
699 42 9 100
699 42 46 148
699 46 9 99
699 46 17 99
700 27 10 150
700 24 28 150
700 30 10 99
700 30 48 100
700 13 6 150
700 13 9 100
700 13 10 150
700 13 46 99
700 14 6 150
700 14 46 148
700 1 6 100
700 1 9 100
700 1 17 99
700 1 48 100
700 35 10 100
700 35 48 150
700 43 9 150
700 43 17 99
700 43 28 150
700 43 46 150
700 43 48 148
700 28 48 100
700 37 9 150
700 44 6 99
700 44 46 100
700 18 6 99
700 7 6 150
700 7 17 100
700 21 17 148
700 29 48 100
701 35 10 100
701 35 48 150
701 45 9 99
701 45 28 150
701 38 10 100
701 49 6 100
701 49 48 150
701 33 28 150
701 32 48 100
701 41 9 150
701 41 48 100
701 24 28 150
701 25 6 100
701 25 10 148
701 25 28 150
701 47 28 150
701 8 10 150
701 8 46 99
701 0 6 150
701 0 10 100
701 0 28 100
701 0 46 99
701 0 48 148
701 42 9 100
701 42 46 148
701 17 9 150
701 17 10 100
701 17 46 100
701 17 48 150
702 21 17 148
702 30 10 99
702 30 48 100
702 1 6 100
702 1 9 100
702 1 17 99
702 1 48 100
702 12 9 150
702 12 17 150
702 48 6 100
702 48 48 100
702 31 17 150
702 31 48 100
702 49 6 100
702 49 48 150
702 46 9 99
702 46 17 99
702 38 10 100
702 8 10 150
702 8 46 99
702 34 9 148
702 34 46 100
702 34 48 99
702 3 6 100
702 3 46 150
702 4 10 150
702 4 48 100
702 29 48 100
703 12 9 150
703 12 17 150
703 37 9 150
703 5 10 100
703 5 48 100
703 6 9 100
703 6 10 148
703 6 48 100
703 28 48 100
703 33 28 150
703 0 6 150
703 0 10 64
703 0 46 99
703 0 48 148
703 9 6 100
703 9 46 100
703 30 48 100
703 3 6 100
703 3 46 150
703 24 28 150
703 47 28 150
703 35 10 2
703 13 6 150
703 13 9 100
703 13 46 99
703 45 9 99
703 45 28 150
704 37 9 150
704 7 6 142
704 6 9 100
704 6 48 100
704 23 9 99
704 23 17 148
704 5 48 100
704 4 48 100
704 14 46 148
704 3 6 1
704 29 48 100
704 9 46 100
704 33 28 150
704 8 46 99
704 39 28 150
704 49 48 150
705 22 9 150
705 22 17 100
705 22 28 100
705 22 48 100
705 20 17 150
705 20 48 100
705 23 9 99
705 23 17 148
705 41 9 150
705 41 48 100
705 17 9 150
705 17 46 100
705 17 48 150
705 13 9 100
705 13 46 99
705 8 46 99
705 49 48 150
705 37 9 150
705 3 46 150
705 25 28 150
705 24 28 150
705 1 9 100
705 1 17 99
705 1 48 100
706 16 46 100
706 16 48 100
706 43 9 150
706 43 17 99
706 43 28 150
706 43 46 150
706 43 48 148
706 21 17 148
706 8 46 99
706 25 28 150
706 2 9 100
706 2 46 100
706 1 9 100
706 1 17 99
706 1 48 100
706 5 48 100
706 40 28 99
706 40 46 100
706 46 9 99
706 46 17 99
706 48 48 100
706 45 9 99
706 45 28 150
706 32 48 100
707 47 28 150
707 30 48 100
707 16 46 100
707 16 48 100
707 10 28 150
707 10 46 150
707 31 17 150
707 31 48 100
707 17 9 150
707 17 46 100
707 17 48 150
707 32 48 100
707 3 46 150
707 7 17 100
707 21 17 148
707 24 28 150
707 0 28 100
707 0 46 99
707 0 48 148
708 1 9 100
708 1 17 99
708 1 48 100
708 10 28 66
708 13 9 100
708 13 46 99
708 45 9 99
708 48 48 100
708 44 46 100
708 23 9 99
708 23 17 148
708 16 46 100
708 16 48 100
708 8 46 99
708 35 48 150
708 22 9 150
708 22 17 100
708 22 48 100
709 2 9 100
709 2 46 100
709 44 46 100
709 16 46 100
709 16 48 100
709 49 48 150
709 46 9 99
709 46 17 99
709 45 9 72
709 22 17 100
709 22 48 100
709 43 17 99
709 43 46 150
709 43 48 148
709 12 17 150
709 29 48 100
709 31 17 150
709 31 48 100
710 0 28 18
710 0 48 148
710 28 48 100
710 4 48 100
710 41 9 1
710 49 48 150
710 43 17 99
710 43 46 150
710 43 48 148
710 2 46 100
710 40 46 100
710 32 48 100
710 22 17 100
710 22 48 100
710 14 46 148
711 8 46 99
711 46 17 99
711 11 17 100
711 5 48 100
711 24 28 18
711 17 46 100
711 17 48 150
711 21 17 148
711 44 46 100
711 0 46 99
711 0 48 148
711 42 46 148
711 35 48 150
711 41 48 100
711 48 48 100
712 1 17 99
712 1 48 100
712 24 28 18
712 7 17 100
712 49 48 150
712 22 17 100
712 22 48 100
712 29 48 100
712 46 17 99
712 31 17 150
712 31 48 100
712 42 46 148
713 32 48 100
713 11 17 100
713 13 46 99
713 22 17 100
713 22 48 38
713 2 46 100
713 23 17 148
713 10 46 150
714 9 46 100
714 20 17 150
714 20 48 56
714 3 46 150
714 7 17 100
714 14 46 148
714 17 46 100
714 13 46 99
714 21 17 148
715 45 28 18
715 20 17 150
715 0 46 99
715 21 17 148
715 31 17 150
715 11 17 100
716 10 46 150
716 1 6 84
716 48 6 1
717 34 46 100
717 17 46 100
717 42 46 148
718 10 28 18
718 48 48 56
718 2 46 100
718 14 46 148
718 16 46 100
718 34 46 100
718 40 46 100
718 17 46 100
719 22 17 1
719 13 46 99
720 7 6 84
720 13 6 1
720 44 46 100
720 42 46 148
721 24 28 18
721 16 48 56
721 43 46 150
721 44 46 100
721 3 46 150
721 8 46 99
721 9 46 100
722 29 48 56
722 8 46 99
722 34 46 100
722 17 46 100
722 13 46 99
722 44 46 100
722 22 28 18
723 8 46 99
723 9 46 100
723 28 48 56
723 44 46 100
723 10 46 150
724 40 46 100
724 32 48 56
724 16 46 100
724 10 46 150
724 43 46 150
724 42 46 148
725 11 6 84
725 42 46 148
725 16 46 100
726 17 46 100
726 17 48 54
726 0 28 18
726 28 48 2
726 13 46 99
727 49 48 56
727 16 46 100
727 10 46 150
728 33 28 18
728 0 48 56
728 43 46 150
728 40 46 100
728 14 46 148
728 9 46 100
729 6 4 56
729 14 46 148
729 47 28 18
730 14 46 148
730 13 46 99
731 13 46 99
731 42 46 148
731 48 48 56
731 17 46 100
731 33 28 18
731 34 46 100
731 44 46 100
732 41 48 56
732 42 46 148
732 22 28 18
732 16 46 100
733 16 46 100
733 16 48 56
733 2 46 100
734 8 46 99
734 3 4 56
734 40 46 100
734 44 46 100
734 13 46 99
735 10 46 150
735 28 48 56
735 17 46 100
735 43 46 150
736 41 48 56
736 40 46 100
736 43 46 150
736 16 46 100
736 14 46 148
736 9 46 1342
737 9 46 -1342
737 13 46 99
737 0 46 99
737 16 46 100
737 43 46 150
737 2 46 100
738 34 46 100
738 34 48 54
738 16 48 2
738 43 46 150
738 44 46 100
739 24 28 18
739 13 46 99
739 16 46 48
754 22 28 18
797 3 46 98
821 0 48 56
832 10 46 99
846 45 28 18
863 21 16 72
