19 22 2 100
19 22 6 148
19 22 11 99
19 22 14 150
19 22 19 100
19 22 37 150
49 22 2 100
49 22 6 148
49 22 11 99
49 22 14 150
49 22 19 100
49 22 37 150
54 22 2 100
54 22 6 148
54 22 11 99
54 22 14 150
54 22 19 100
54 22 37 150
85 22 2 100
85 22 6 148
85 22 11 99
85 22 14 150
85 22 19 100
85 22 37 150
89 22 2 100
89 22 6 148
89 22 11 99
89 22 14 150
89 22 19 100
89 22 37 150
99 22 2 100
99 22 6 148
99 22 11 99
99 22 14 150
99 22 19 100
99 22 37 150
101 22 2 100
101 22 6 148
101 22 11 99
101 22 14 150
101 22 19 100
101 22 37 150
125 22 2 100
125 22 6 148
125 22 11 99
125 22 14 150
125 22 19 100
125 22 37 150
135 22 2 100
135 22 6 148
135 22 11 99
135 22 14 150
135 22 19 100
135 22 37 150
157 22 2 100
157 22 6 148
157 22 11 99
157 22 14 150
157 22 19 100
157 22 37 150
166 22 2 100
166 22 6 148
166 22 11 99
166 22 14 150
166 22 19 100
166 22 37 150
183 22 2 100
183 22 6 148
183 22 11 99
183 22 14 150
183 22 19 100
183 22 37 150
187 22 2 100
187 22 6 148
187 22 11 99
187 22 14 150
187 22 19 100
187 22 37 150
196 22 2 100
196 22 6 148
196 22 11 99
196 22 14 150
196 22 19 100
196 22 37 150
210 22 2 100
210 22 6 148
210 22 11 99
210 22 14 150
210 22 19 100
210 22 37 150
234 22 2 100
234 22 6 148
234 22 11 99
234 22 14 150
234 22 19 100
234 22 37 150
259 22 2 100
259 22 6 148
259 22 11 99
259 22 14 150
259 22 19 100
259 22 37 150
292 22 2 100
292 22 6 148
292 22 11 99
292 22 14 150
292 22 19 100
292 22 37 150
302 22 2 100
302 22 6 148
302 22 11 99
302 22 14 150
302 22 19 100
302 22 37 150
314 22 2 100
314 22 6 148
314 22 11 99
314 22 14 150
314 22 19 100
314 22 37 150
315 22 2 100
315 22 6 148
315 22 11 99
315 22 14 150
315 22 19 100
315 22 37 150
317 22 2 100
317 22 6 148
317 22 11 99
317 22 14 150
317 22 19 100
317 22 37 150
325 22 2 100
325 22 6 148
325 22 11 99
325 22 14 150
325 22 19 100
325 22 37 150
331 22 2 100
331 22 6 148
331 22 11 99
331 22 14 150
331 22 19 100
331 22 37 150
343 22 2 100
343 22 6 148
343 22 11 99
343 22 14 150
343 22 19 100
343 22 37 150
344 22 2 100
344 22 6 148
344 22 11 99
344 22 14 150
344 22 19 100
344 22 37 150
346 22 2 100
346 22 6 148
346 22 11 99
346 22 14 150
346 22 19 100
346 22 37 150
350 22 2 100
350 22 6 148
350 22 11 99
350 22 14 150
350 22 19 100
350 22 37 150
352 22 2 100
352 22 6 148
352 22 11 99
352 22 14 150
352 22 19 100
352 22 37 150
355 22 2 100
355 22 6 148
355 22 11 99
355 22 14 150
355 22 19 100
355 22 37 150
366 22 2 100
366 22 6 148
366 22 11 99
366 22 14 150
366 22 19 100
366 22 37 150
368 22 2 100
368 22 6 148
368 22 11 99
368 22 14 150
368 22 19 100
368 22 37 150
385 22 2 100
385 22 6 148
385 22 11 99
385 22 14 150
385 22 19 100
385 22 37 150
391 22 2 100
391 22 6 148
391 22 11 99
391 22 14 150
391 22 19 100
391 22 37 150
397 22 2 100
397 22 6 148
397 22 11 99
397 22 14 150
397 22 19 100
397 22 37 150
411 22 2 100
411 22 6 148
411 22 11 99
411 22 14 150
411 22 19 100
411 22 37 150
420 22 2 100
420 22 6 148
420 22 11 99
420 22 14 150
420 22 19 100
420 22 37 150
421 22 2 100
421 22 6 148
421 22 11 99
421 22 14 150
421 22 19 100
421 22 37 150
435 22 2 100
435 22 6 148
435 22 11 99
435 22 14 150
435 22 19 100
435 22 37 150
439 22 2 100
439 22 6 148
439 22 11 99
439 22 14 150
439 22 19 100
439 22 37 150
446 22 2 100
446 22 6 148
446 22 11 99
446 22 14 150
446 22 19 100
446 22 37 150
448 22 2 100
448 22 6 148
448 22 11 99
448 22 14 150
448 22 19 100
448 22 37 150
449 22 2 100
449 22 6 148
449 22 11 99
449 22 14 150
449 22 19 100
449 22 37 150
455 22 2 100
455 22 6 148
455 22 11 99
455 22 14 150
455 22 19 100
455 22 37 150
457 22 2 100
457 22 6 148
457 22 11 99
457 22 14 150
457 22 19 100
457 22 37 150
458 22 2 100
458 22 6 148
458 22 11 99
458 22 14 150
458 22 19 100
458 22 37 150
459 22 2 100
459 22 6 148
459 22 11 99
459 22 14 150
459 22 19 100
459 22 37 150
460 22 2 100
460 22 6 148
460 22 11 99
460 22 14 150
460 22 19 100
460 22 37 150
461 49 1 99
461 49 6 150
461 49 21 150
461 49 33 100
461 49 36 84
461 27 2 100
461 27 21 150
461 27 26 100
461 45 5 100
461 45 9 100
461 45 11 100
461 45 26 116
461 21 14 148
461 21 19 30
461 21 30 100
461 21 33 150
461 21 40 99
461 8 3 99
461 8 33 100
461 8 37 100
461 8 43 99
461 28 3 100
461 28 4 150
461 28 5 100
461 28 11 100
461 28 23 100
461 28 43 150
461 28 47 100
461 42 2 99
461 42 5 150
461 42 21 100
461 42 43 150
461 25 1 100
461 25 4 150
461 25 5 100
461 25 32 100
461 25 37 150
461 25 40 100
461 12 2 99
461 12 6 148
461 12 9 150
461 12 30 100
461 12 39 150
461 12 40 100
461 12 47 148
461 41 9 100
461 41 32 150
461 41 33 100
461 38 1 8
461 38 23 150
461 38 33 150
461 39 14 148
461 39 20 100
461 39 21 150
461 39 23 100
461 39 32 150
461 39 33 100
461 39 40 150
461 43 6 150
461 43 11 100
461 43 23 150
461 43 39 90
461 23 20 100
461 23 32 150
461 23 43 100
461 23 47 150
461 44 3 100
461 44 4 150
461 44 20 150
461 44 21 99
461 44 33 150
461 44 39 1
461 3 1 2
461 3 11 150
461 3 40 100
462 5 2 100
462 5 4 8
462 5 9 100
462 5 30 150
462 5 33 100
462 5 47 99
462 26 5 148
462 26 6 100
462 26 11 100
462 26 40 148
462 10 2 100
462 10 4 1
462 10 11 150
462 10 14 150
462 10 21 100
462 10 32 150
462 33 5 100
462 33 21 100
462 33 23 150
462 33 33 150
462 19 30 148
462 49 6 150
462 49 21 150
462 49 33 100
462 49 47 150
462 37 21 148
462 37 30 100
462 0 5 100
462 0 6 150
462 0 19 2
462 11 5 100
462 11 9 60
462 4 5 148
462 4 6 99
462 4 14 100
462 4 21 150
462 4 33 150
462 41 32 150
462 41 33 100
462 44 3 100
462 44 20 150
462 44 21 99
462 44 33 150
462 44 43 150
462 17 14 100
462 17 20 100
462 17 21 150
462 17 32 148
462 17 33 99
462 39 14 148
462 39 20 100
462 39 21 150
462 39 23 100
462 39 32 150
462 39 33 100
462 39 40 150
462 18 20 150
462 18 23 150
462 18 32 100
462 27 2 100
462 27 21 150
463 45 5 100
463 45 11 100
463 45 26 8
463 4 5 148
463 4 6 99
463 4 14 100
463 4 21 150
463 4 33 150
463 27 2 100
463 27 21 150
463 48 3 100
463 48 5 100
463 48 14 150
463 48 19 24
463 48 30 100
463 48 33 150
463 48 47 100
463 35 14 150
463 35 23 150
463 35 32 100
463 35 40 100
463 35 43 150
463 26 5 148
463 26 6 100
463 26 11 100
463 26 40 148
463 1 3 99
463 1 5 99
463 1 6 150
463 1 40 148
463 1 47 100
463 33 5 100
463 33 21 100
463 33 23 150
463 33 33 150
463 0 5 100
463 0 6 150
463 0 23 100
463 15 2 100
463 15 20 150
463 24 2 150
463 24 20 150
463 24 33 150
463 24 37 150
463 24 40 100
463 24 43 100
463 7 3 100
463 7 11 100
463 7 14 148
463 44 3 100
463 44 20 150
463 44 21 99
463 44 33 150
463 44 43 150
463 34 21 100
463 34 23 100
463 34 37 150
463 34 40 99
463 34 43 148
463 34 47 150
463 19 30 148
463 17 14 100
463 17 20 100
463 17 21 150
463 17 32 148
463 17 33 99
464 43 6 150
464 43 11 100
464 43 23 150
464 43 43 150
464 48 3 100
464 48 5 100
464 48 14 150
464 48 19 24
464 48 30 100
464 48 33 126
464 13 3 100
464 13 6 150
464 13 11 148
464 13 20 150
464 13 43 100
464 0 5 100
464 0 6 150
464 0 23 100
464 16 40 100
464 37 21 148
464 37 30 100
464 18 20 150
464 18 23 150
464 18 32 100
464 10 2 100
464 10 5 96
464 10 14 150
464 10 21 100
464 10 32 150
464 33 21 100
464 33 23 150
464 26 6 100
464 26 11 100
464 26 40 148
464 27 2 100
464 27 21 150
464 31 3 82
464 31 20 100
464 31 23 150
464 31 37 150
464 31 40 100
464 25 32 100
464 25 37 150
464 25 40 100
464 30 14 150
464 30 21 100
464 30 47 100
464 11 5 1
465 46 14 150
465 46 30 150
465 46 33 36
465 5 2 100
465 5 30 150
465 5 33 2
465 15 2 100
465 15 20 150
465 27 2 100
465 27 21 9
465 7 14 148
465 41 32 150
465 10 2 100
465 10 11 150
465 10 14 150
465 10 32 150
465 34 23 100
465 34 37 150
465 34 40 99
465 34 43 148
465 34 47 150
465 2 2 100
465 2 23 100
465 2 32 100
465 0 6 150
465 0 23 100
465 24 2 150
465 24 20 150
465 24 37 150
465 24 40 100
465 24 43 100
465 47 37 150
465 49 6 150
465 49 47 150
465 18 20 150
465 18 23 150
465 18 32 100
465 6 30 142
465 6 47 100
465 4 6 99
465 4 14 100
466 30 5 57
466 30 21 8
466 44 20 150
466 44 26 6
466 23 20 100
466 23 26 2
466 23 43 100
466 23 47 105
466 39 20 100
466 39 21 1
466 39 32 150
466 39 33 2
466 49 6 150
466 49 47 1
466 18 23 150
466 18 32 100
466 32 6 100
466 32 14 100
466 32 32 100
466 13 6 150
466 13 11 148
466 13 20 150
466 13 43 100
466 4 6 99
466 4 14 100
466 41 32 150
466 27 2 100
466 34 23 100
466 34 37 150
466 34 40 99
466 34 43 148
466 8 37 100
466 8 43 99
466 26 6 100
466 26 11 100
466 26 40 148
466 20 6 148
466 20 32 100
466 20 40 100
466 20 43 100
467 49 6 150
467 49 21 8
467 34 37 150
467 34 40 99
467 34 43 148
467 9 23 150
467 9 37 150
467 9 43 100
467 30 14 150
467 39 14 148
467 39 20 100
467 39 21 1
467 39 32 150
467 39 40 150
467 23 20 100
467 23 32 150
467 23 39 84
467 36 2 150
467 36 14 148
467 15 20 150
467 15 39 1
467 13 6 150
467 13 11 148
467 13 20 150
467 13 43 100
467 38 23 150
467 12 6 148
467 12 40 100
467 17 14 100
467 17 20 100
467 17 32 148
467 1 6 150
467 1 40 148
468 17 14 100
468 17 20 100
468 17 21 9
468 38 23 150
468 26 6 100
468 26 11 100
468 26 26 8
468 22 2 16
468 22 11 99
468 22 14 150
468 22 19 24
468 44 20 150
468 44 43 32
468 4 14 100
468 8 37 100
468 0 6 150
468 0 23 100
468 41 32 150
468 20 6 148
468 20 32 100
468 20 40 100
468 16 40 100
468 30 14 150
468 28 11 100
468 28 23 100
468 29 14 150
468 29 40 148
469 8 37 100
469 8 43 12
469 32 14 100
469 32 32 100
469 43 6 150
469 43 11 100
469 43 23 150
469 36 2 16
469 36 19 24
469 1 40 148
469 49 6 150
469 17 14 100
469 17 20 100
469 17 32 148
469 13 6 150
469 13 11 148
469 13 20 150
469 16 40 100
469 44 20 150
469 29 14 150
469 29 40 148
469 39 14 148
469 39 20 100
469 39 23 100
469 39 32 150
469 39 40 150
470 28 11 100
470 28 23 100
470 28 43 18
470 16 40 100
470 40 6 150
470 40 11 99
470 40 14 148
470 40 40 150
470 18 20 150
470 18 23 150
470 18 32 100
470 30 14 150
470 30 21 8
470 36 2 16
470 4 6 99
470 4 14 100
470 4 33 2
470 2 32 100
470 31 14 150
470 31 20 100
470 31 23 150
470 31 37 150
470 31 40 100
470 21 14 148
470 21 23 100
470 21 40 99
470 44 20 150
471 36 2 16
471 36 19 64
471 46 14 150
471 4 6 99
471 4 14 100
471 4 26 8
471 9 37 150
471 47 37 150
471 35 14 150
471 35 23 150
471 35 32 100
471 35 40 100
471 48 14 150
471 3 11 150
471 3 40 100
471 39 14 148
471 39 20 100
471 39 21 1
471 39 32 150
471 39 40 150
471 13 6 150
471 13 11 148
471 13 20 150
471 28 11 100
471 28 23 100
471 1 6 150
471 1 40 148
472 16 19 39
472 35 14 150
472 35 23 150
472 35 32 100
472 35 40 100
472 14 19 1
472 38 33 38
472 43 6 150
472 43 11 100
472 43 23 150
472 0 6 150
472 0 23 100
472 48 14 150
472 48 47 24
472 4 14 100
472 21 14 148
472 21 23 100
472 21 40 99
472 18 20 150
472 18 23 150
472 18 32 100
472 25 32 100
472 25 37 150
472 25 40 100
472 15 2 1
473 45 11 100
473 3 11 150
473 3 40 100
473 1 3 39
473 1 40 148
473 9 23 150
473 9 37 150
473 9 43 6
473 43 11 100
473 43 23 150
473 16 19 24
473 30 14 150
473 30 21 8
473 35 14 150
473 35 23 150
473 35 32 100
473 35 40 100
473 41 32 150
473 26 6 100
473 26 11 100
473 26 40 148
473 39 14 148
473 39 20 100
473 39 21 1
473 39 32 150
473 39 40 150
473 2 2 16
473 2 32 100
473 7 11 100
473 7 14 148
473 22 6 148
473 22 11 99
473 22 14 150
473 22 37 150
474 24 2 16
474 24 33 36
474 24 40 100
474 22 6 148
474 22 11 99
474 22 14 150
474 22 37 150
474 43 6 150
474 43 11 100
474 43 23 150
474 21 14 148
474 21 23 100
474 21 33 2
474 33 21 8
474 31 14 150
474 31 20 100
474 31 23 150
474 31 37 150
474 31 40 100
474 0 6 150
474 0 23 100
474 45 11 100
474 35 14 150
474 35 23 150
474 35 32 100
474 35 40 100
474 3 11 150
474 3 40 100
474 34 23 100
474 34 37 150
474 34 40 99
474 46 14 150
474 39 14 148
474 39 20 100
474 39 21 1
474 39 32 150
474 39 40 150
474 7 11 100
474 7 14 148
474 32 6 100
474 32 14 100
474 32 32 100
474 10 11 150
474 10 14 150
474 10 32 150
475 44 4 26
475 44 21 9
475 31 20 100
475 31 23 150
475 31 37 150
475 31 40 100
475 38 23 150
475 12 2 15
475 12 40 100
475 30 14 150
475 41 32 150
475 34 23 100
475 34 37 150
475 34 40 99
475 18 20 150
475 18 23 150
475 18 32 100
475 46 14 150
475 47 37 150
475 23 20 100
475 23 32 150
475 24 2 1
475 24 37 150
475 24 40 100
475 9 23 150
475 9 37 150
475 15 20 150
476 6 43 18
476 17 14 100
476 17 20 100
476 17 21 9
476 17 33 36
476 7 14 148
476 34 23 100
476 34 37 150
476 34 40 99
476 33 23 150
476 20 6 148
476 20 32 100
476 20 40 100
476 41 32 150
476 41 33 2
476 31 14 150
476 31 20 100
476 31 23 150
476 31 37 150
476 31 40 100
476 32 6 100
476 32 14 100
476 32 32 100
476 13 6 150
476 13 11 148
476 13 20 150
476 3 11 150
476 3 40 100
476 18 20 96
476 18 32 100
476 38 23 150
477 42 2 15
477 0 23 100
477 39 14 148
477 39 20 16
477 39 32 150
477 39 33 38
477 25 4 1
477 25 37 150
477 25 40 100
477 30 14 150
477 48 14 150
477 32 6 100
477 32 14 100
477 32 32 100
477 17 14 100
477 17 32 148
477 12 6 148
477 12 40 100
477 28 11 100
477 28 23 100
477 15 2 1
477 13 11 148
477 1 6 150
477 1 40 148
477 38 23 150
477 49 6 150
478 22 2 16
478 22 11 99
478 22 14 150
478 22 37 150
478 9 1 18
478 9 37 150
478 9 43 12
478 29 40 148
478 8 37 100
478 13 6 150
478 13 11 148
478 42 21 9
478 1 6 150
478 1 40 148
478 18 23 150
478 18 32 100
478 34 23 100
478 34 37 150
478 34 40 99
478 28 11 100
478 28 23 100
478 36 14 148
479 44 33 36
479 36 2 16
479 20 6 148
479 20 19 1
479 20 40 100
479 3 1 1
479 3 40 100
479 0 6 150
479 0 23 100
479 9 23 150
479 9 37 150
479 2 23 100
479 2 32 100
479 8 33 2
479 48 14 150
479 25 32 100
479 25 37 150
479 25 40 100
479 23 32 150
479 13 6 150
479 13 11 148
480 41 32 150
480 41 33 38
480 31 23 150
480 31 37 150
480 31 40 100
480 3 11 150
480 3 40 100
480 47 37 150
480 49 6 150
480 49 21 8
480 28 23 100
480 43 6 150
480 43 11 100
480 43 23 150
480 42 2 15
480 22 11 99
480 22 14 150
480 22 37 150
480 35 14 150
480 35 23 150
480 35 32 100
480 35 40 100
480 2 23 100
480 2 32 100
480 25 32 100
480 25 37 150
480 25 40 100
480 16 40 100
480 8 37 100
481 40 6 150
481 40 11 99
481 40 14 148
481 40 40 150
481 26 6 100
481 26 11 100
481 26 40 148
481 18 23 150
481 18 32 100
481 31 14 150
481 31 23 150
481 31 37 150
481 31 40 100
481 17 14 100
481 17 32 148
481 6 43 12
481 49 6 150
481 23 32 150
481 14 19 64
481 22 11 99
481 22 14 150
481 22 37 150
481 10 11 150
481 10 14 150
481 10 32 150
481 33 23 150
481 32 6 100
481 32 14 100
481 32 32 100
481 29 14 150
481 29 40 148
481 35 14 150
481 35 23 150
481 35 32 100
481 35 40 100
482 0 6 150
482 0 19 24
482 4 6 99
482 4 14 100
482 4 21 9
482 17 32 148
482 5 47 27
482 43 6 150
482 43 11 100
482 43 23 150
482 23 32 150
482 48 14 150
482 16 40 100
482 41 32 150
482 2 23 100
482 2 32 100
482 32 6 100
482 32 14 100
482 32 32 100
483 25 32 100
483 25 37 150
483 25 40 100
483 23 20 14
483 23 47 27
483 22 6 148
483 22 11 99
483 22 14 150
483 22 37 150
483 29 14 150
483 29 40 148
483 35 14 150
483 35 23 150
483 35 32 100
483 35 40 100
483 37 21 8
483 39 14 148
483 39 21 1
483 39 32 150
483 39 40 150
483 7 11 100
483 7 14 148
483 8 37 100
483 0 6 150
483 0 23 100
483 36 14 148
483 46 14 150
484 46 14 150
484 46 30 24
484 7 11 100
484 7 14 148
484 15 2 16
484 43 11 100
484 43 23 150
484 39 14 148
484 39 21 9
484 39 32 150
484 39 33 2
484 45 11 100
484 2 5 1
484 2 32 100
484 36 14 148
484 36 47 27
484 28 23 100
484 30 14 150
484 38 23 150
484 41 32 150
484 34 23 100
484 34 37 150
484 34 40 99
485 15 2 16
485 29 40 148
485 6 43 12
485 34 37 150
485 34 40 99
485 22 6 148
485 22 11 99
485 22 14 150
485 22 19 24
485 46 14 150
485 33 23 150
485 23 32 150
485 7 11 100
485 7 14 148
485 40 6 150
485 40 11 99
485 40 14 148
485 40 40 150
485 20 6 148
485 20 32 100
485 20 40 100
485 48 14 150
486 21 14 148
486 21 19 24
486 0 6 150
486 25 4 27
486 25 37 150
486 25 40 100
486 4 6 99
486 4 14 100
486 4 21 9
486 34 37 150
486 34 40 99
486 39 14 148
486 39 20 14
486 39 40 150
486 44 20 1
486 36 2 16
486 48 14 150
486 45 11 100
486 20 6 148
486 20 32 100
486 20 40 100
487 34 21 8
487 34 40 99
487 43 6 150
487 43 11 100
487 44 3 40
487 45 11 100
487 9 37 150
487 36 2 16
487 28 11 100
487 16 40 100
487 32 6 100
487 32 14 100
487 32 32 100
487 10 11 150
487 10 14 150
487 10 21 1
487 0 6 150
487 41 32 48
488 49 33 38
488 22 11 99
488 22 14 150
488 22 19 40
488 8 37 100
488 8 43 12
488 10 14 150
488 35 14 150
488 35 40 100
488 24 37 150
488 24 40 100
488 13 6 150
488 13 11 148
488 0 6 150
488 47 37 150
488 34 37 150
488 34 40 99
488 30 14 150
488 7 11 100
488 7 14 148
489 36 1 18
489 23 20 14
489 35 40 100
489 35 43 2
489 34 21 8
489 34 40 99
489 47 37 150
489 42 21 1
489 43 11 100
489 7 11 100
489 7 14 148
489 12 6 148
489 12 40 100
489 44 20 1
490 17 1 1
490 17 20 14
490 24 40 100
490 26 5 56
490 26 11 100
490 26 40 148
490 10 11 150
490 10 14 150
490 13 6 150
490 13 11 148
490 7 11 100
490 7 14 148
490 7 19 24
490 9 37 150
490 46 14 150
491 37 21 8
491 32 14 100
491 45 11 100
491 44 20 1
491 4 6 99
491 4 14 100
491 40 6 150
491 40 11 99
491 40 14 148
491 40 40 150
491 24 37 150
491 24 40 100
491 30 14 150
491 21 14 148
491 21 19 24
491 3 11 150
491 3 40 12
492 21 14 148
492 21 19 24
492 31 14 150
492 31 37 150
492 48 14 150
492 10 11 150
492 10 14 150
492 22 6 148
492 22 11 99
492 22 14 150
492 22 37 150
492 20 6 148
492 24 37 150
492 4 6 99
492 4 14 100
493 39 14 148
493 39 20 14
493 13 11 148
493 13 43 4
493 33 26 6
493 7 14 148
493 36 2 16
493 44 20 1
493 24 37 150
493 17 14 100
494 16 19 24
494 2 2 16
494 17 20 14
494 4 14 100
494 43 6 150
494 43 11 100
494 9 37 150
494 35 14 150
494 35 40 32
494 24 40 3
494 12 47 24
494 36 14 148
494 36 47 3
494 48 14 150
495 35 14 150
495 44 3 40
495 31 14 150
495 31 33 2
495 29 14 150
495 47 37 150
495 13 6 150
495 13 11 148
495 22 6 148
495 22 11 99
495 22 14 150
495 22 19 40
495 39 14 148
495 12 6 148
495 48 14 150
495 10 11 150
495 10 14 150
495 49 6 150
496 35 14 150
496 35 32 64
496 47 33 36
496 32 6 100
496 32 14 100
496 49 6 150
496 49 21 8
496 25 40 32
496 40 11 99
496 40 14 148
496 40 40 3
496 39 21 1
496 36 2 16
496 0 6 150
496 10 11 150
496 10 14 150
496 9 37 150
496 46 14 150
496 20 6 148
497 10 2 16
497 10 14 150
497 10 21 9
497 48 14 150
497 48 33 38
497 22 11 99
497 22 14 150
497 22 37 150
497 8 37 100
497 8 43 12
497 17 20 14
497 36 14 148
497 49 6 150
497 35 14 150
497 21 14 148
498 46 14 150
498 48 14 150
498 48 19 24
498 10 14 150
498 10 21 1
498 21 26 8
498 8 37 100
498 26 6 100
498 26 11 100
498 26 40 36
498 40 11 99
498 40 14 148
498 36 14 148
498 47 37 150
498 24 37 150
498 34 37 150
498 49 6 150
499 11 39 85
499 31 37 150
499 12 2 15
499 15 2 1
499 43 11 100
499 21 14 148
499 47 37 150
499 1 6 150
499 34 37 150
499 13 6 150
499 13 11 148
499 24 37 150
499 42 21 1
500 26 11 100
500 46 14 150
500 46 30 24
500 17 32 64
500 20 19 64
500 47 37 150
500 36 2 16
500 13 6 150
500 13 11 148
500 32 6 100
500 32 14 100
500 29 14 150
500 24 37 150
500 34 37 150
501 38 33 38
501 45 11 100
501 24 37 150
501 24 43 6
501 39 14 148
501 39 32 63
501 48 19 39
501 40 11 99
501 40 14 148
501 35 14 150
501 49 6 150
501 28 11 100
501 10 11 150
501 10 14 150
501 31 14 150
501 31 37 150
502 15 2 16
502 18 26 6
502 43 11 100
502 12 6 148
502 12 26 2
502 4 14 100
502 4 21 9
502 20 6 148
502 20 19 25
502 21 14 148
502 22 6 148
502 22 11 99
502 22 14 150
502 22 37 150
502 25 37 150
503 4 6 99
503 4 14 100
503 4 21 9
503 22 11 99
503 22 14 150
503 22 19 24
503 13 6 150
503 13 11 148
503 5 30 24
503 24 40 100
503 30 14 150
503 45 11 100
503 1 6 150
503 1 40 32
503 26 6 100
503 26 11 100
503 25 37 150
504 40 6 150
504 40 11 99
504 40 14 148
504 40 40 3
504 28 43 12
504 21 14 148
504 21 19 24
504 24 2 1
504 49 6 150
504 13 6 150
504 13 11 148
504 22 6 148
504 22 11 99
504 22 14 150
504 22 37 150
504 47 37 150
504 29 14 150
505 44 20 150
505 0 6 150
505 0 19 64
505 19 30 24
505 46 14 150
505 35 14 150
505 45 11 100
505 40 6 150
505 40 11 99
505 40 14 148
505 36 14 148
505 47 37 150
505 28 11 100
506 29 2 16
506 29 40 132
506 36 19 40
506 32 14 100
506 32 32 64
506 24 40 3
506 39 14 148
506 7 11 100
506 7 14 148
506 25 37 150
506 28 11 100
507 34 21 8
507 34 43 12
507 18 20 16
507 26 11 100
507 9 37 150
507 13 6 150
507 13 11 148
507 48 14 150
507 48 33 2
507 49 6 150
507 2 2 1
507 4 6 99
507 4 14 100
507 3 11 150
507 29 14 150
507 39 14 148
508 35 1 18
508 35 32 64
508 31 14 150
508 31 37 150
508 42 2 15
508 0 6 150
508 0 19 40
508 39 14 148
508 26 6 100
508 26 11 100
508 1 6 150
508 2 2 1
508 32 14 100
509 7 11 100
509 7 14 44
509 2 2 1
509 34 43 16
509 40 11 99
509 47 37 150
509 8 37 100
509 28 11 100
509 28 43 2
510 33 21 8
510 20 19 24
510 27 2 16
510 24 37 150
510 13 6 150
510 13 11 148
511 25 37 150
511 37 21 8
511 13 11 148
511 13 43 12
511 20 19 24
511 36 2 16
511 40 6 150
511 40 11 99
511 1 6 150
512 15 2 16
512 32 32 64
512 46 43 12
512 26 11 100
513 6 43 12
513 22 11 99
513 22 37 150
513 12 6 148
513 33 21 8
513 32 6 100
513 15 20 16
513 40 11 99
513 31 37 150
514 13 6 150
514 13 11 148
514 13 20 14
514 9 37 150
514 5 2 16
514 7 11 100
514 3 11 150
514 22 6 148
514 22 11 99
514 22 37 150
514 26 6 100
514 26 11 100
515 44 21 9
515 28 11 100
515 48 33 2
515 40 11 99
515 22 2 16
515 22 11 99
515 22 37 150
515 47 37 150
515 24 37 150
515 9 37 150
515 18 32 64
516 8 43 12
516 10 2 16
516 10 21 10
516 20 6 148
516 45 11 100
516 49 6 150
516 43 6 150
516 43 11 100
516 48 30 24
517 26 6 100
517 26 11 100
517 20 6 148
517 20 19 1
517 25 37 150
517 36 3 2
517 9 37 150
518 6 43 18
518 5 2 16
518 28 11 100
518 20 6 148
518 32 6 100
518 24 37 150
518 22 6 148
518 22 11 99
518 22 37 150
518 4 6 99
519 17 20 16
519 10 11 150
519 24 37 150
520 33 21 8
520 38 33 2
520 9 37 150
521 3 11 150
521 37 21 8
521 43 11 100
521 43 43 12
521 22 19 24
521 39 21 2
521 10 11 150
521 10 32 2
522 48 21 8
522 28 11 100
522 40 11 99
522 2 2 16
522 10 11 150
522 10 21 1
523 31 40 100
523 29 40 32
523 22 37 150
523 21 40 3
523 10 21 1
523 28 43 12
524 39 21 9
524 8 37 100
524 8 43 12
524 29 2 16
525 44 20 15
525 42 2 15
525 43 11 100
525 9 37 150
525 36 19 24
526 36 2 16
526 3 11 150
526 28 11 100
526 22 2 1
526 22 37 150
526 7 11 100
526 37 21 8
527 44 4 26
527 17 32 64
527 43 11 100
528 22 2 16
528 22 37 150
528 8 33 38
528 8 43 6
528 33 21 8
528 21 40 99
528 25 37 150
528 25 40 36
528 13 20 106
529 10 21 2
529 28 43 18
529 47 37 150
529 26 11 100
529 13 11 148
529 3 11 150
530 12 2 15
530 8 37 100
530 8 43 12
530 7 11 100
530 7 19 24
530 2 2 1
531 31 40 2
531 3 11 150
531 28 11 100
532 3 11 150
532 25 32 64
532 2 2 17
532 9 43 12
532 31 33 2
533 27 2 16
533 7 19 24
533 10 11 150
533 42 43 18
533 26 11 100
533 47 37 150
534 43 11 100
534 29 2 16
534 16 40 2
534 24 40 1
534 47 37 150
534 40 11 99
534 26 11 100
534 10 11 150
534 10 21 9
535 40 3 39
535 10 2 16
535 14 19 64
535 13 11 148
535 13 20 14
535 43 11 100
535 22 11 99
535 22 37 150
535 31 37 150
535 25 37 150
536 8 33 38
536 36 2 16
536 26 11 100
536 40 11 99
536 47 37 150
536 9 37 150
537 10 2 16
537 10 21 9
537 45 11 100
537 44 20 15
537 22 37 150
537 8 37 100
537 7 11 100
537 34 37 150
538 44 20 15
538 10 11 150
538 25 37 150
538 22 2 1
538 22 37 150
538 47 37 150
539 1 40 132
539 8 37 100
539 26 11 100
539 26 26 8
539 39 21 1
540 13 11 148
540 13 20 14
540 43 11 100
540 43 43 2
540 22 11 99
540 22 37 150
540 47 37 28
541 32 32 64
541 40 40 1
541 7 19 24
542 4 5 56
542 4 21 9
542 10 14 150
542 10 21 1
542 17 14 100
542 6 43 6
542 21 14 148
542 21 19 24
543 46 43 12
543 5 2 16
543 40 14 148
543 21 14 148
543 21 19 63
543 17 32 64
543 22 14 150
543 22 37 78
543 11 5 1
544 30 14 150
544 30 21 8
544 7 11 100
544 7 14 148
544 17 1 19
544 17 20 14
544 40 14 148
544 34 37 78
544 10 14 110
545 3 26 8
546 32 32 64
546 3 26 2
546 43 11 100
546 45 11 100
546 7 11 100
546 22 11 99
547 29 2 16
547 28 11 100
548 28 4 26
548 18 32 64
548 43 11 100
549 44 39 85
549 42 2 30
549 7 11 100
549 13 11 148
550 45 11 100
550 6 47 26
550 24 40 1
551 13 11 148
551 13 43 12
551 7 11 100
551 12 2 15
552 28 43 12
552 22 19 24
552 39 20 14
552 9 37 6
552 7 11 100
552 45 11 100
553 38 33 38
553 7 11 100
553 40 11 99
553 39 21 1
554 35 32 64
554 22 19 24
554 40 11 99
554 13 11 148
555 45 11 100
555 35 32 64
555 28 47 27
555 31 37 78
556 23 20 14
556 43 43 2
557 7 11 100
557 7 19 64
560 31 33 38
566 7 19 24
575 6 47 26
