123 49 0 100
123 49 3 150
123 49 10 99
123 49 12 150
123 49 13 100
123 49 19 150
123 49 29 100
123 49 31 150
123 49 32 100
123 49 36 148
123 49 40 99
123 49 42 148
123 19 13 99
123 19 20 150
123 19 21 100
123 19 41 150
123 19 43 99
125 19 13 99
125 19 20 150
125 19 21 100
125 19 41 150
125 19 43 99
127 49 0 100
127 49 3 150
127 49 10 99
127 49 12 150
127 49 13 100
127 49 19 150
127 49 29 100
127 49 31 150
127 49 32 100
127 49 36 148
127 49 40 99
127 49 42 148
130 19 13 99
130 19 20 150
130 19 21 100
130 19 41 150
130 19 43 99
140 19 13 99
140 19 20 150
140 19 21 100
140 19 41 150
140 19 43 99
141 19 13 99
141 19 20 150
141 19 21 100
141 19 41 150
141 19 43 99
147 49 0 100
147 49 3 150
147 49 10 99
147 49 12 150
147 49 13 100
147 49 19 150
147 49 29 100
147 49 31 150
147 49 32 100
147 49 36 148
147 49 40 99
147 49 42 148
149 19 13 99
149 19 20 150
149 19 21 100
149 19 41 150
149 19 43 99
150 19 13 99
150 19 20 150
150 19 21 100
150 19 41 150
150 19 43 99
155 49 0 100
155 49 3 150
155 49 10 99
155 49 12 150
155 49 13 100
155 49 19 150
155 49 29 100
155 49 31 150
155 49 32 100
155 49 36 148
155 49 40 99
155 49 42 148
156 19 13 99
156 19 20 150
156 19 21 100
156 19 41 150
156 19 43 99
158 19 13 99
158 19 20 150
158 19 21 100
158 19 41 150
158 19 43 99
169 19 13 99
169 19 20 150
169 19 21 100
169 19 41 150
169 19 43 99
170 49 0 100
170 49 3 150
170 49 10 99
170 49 12 150
170 49 13 100
170 49 19 150
170 49 29 100
170 49 31 150
170 49 32 100
170 49 36 148
170 49 40 99
170 49 42 148
176 19 13 99
176 19 20 150
176 19 21 100
176 19 41 150
176 19 43 99
178 19 13 99
178 19 20 150
178 19 21 100
178 19 41 150
178 19 43 99
181 19 13 99
181 19 20 150
181 19 21 100
181 19 41 150
181 19 43 99
186 19 13 99
186 19 20 150
186 19 21 100
186 19 41 150
186 19 43 99
188 19 13 99
188 19 20 150
188 19 21 100
188 19 41 150
188 19 43 99
193 19 13 99
193 19 20 150
193 19 21 100
193 19 41 150
193 19 43 99
204 19 13 99
204 19 20 150
204 19 21 100
204 19 41 150
204 19 43 99
206 49 0 100
206 49 3 150
206 49 10 99
206 49 12 150
206 49 13 100
206 49 19 150
206 49 29 100
206 49 31 150
206 49 32 100
206 49 36 148
206 49 40 99
206 49 42 148
210 49 0 100
210 49 3 150
210 49 10 99
210 49 12 150
210 49 13 100
210 49 19 150
210 49 29 100
210 49 31 150
210 49 32 100
210 49 36 148
210 49 40 99
210 49 42 148
217 19 13 99
217 19 20 150
217 19 21 100
217 19 41 150
217 19 43 99
220 19 13 99
220 19 20 150
220 19 21 100
220 19 41 150
220 19 43 99
227 19 13 99
227 19 20 150
227 19 21 100
227 19 41 150
227 19 43 99
234 49 0 100
234 49 3 150
234 49 10 99
234 49 12 150
234 49 13 100
234 49 19 150
234 49 29 100
234 49 31 150
234 49 32 100
234 49 36 148
234 49 40 99
234 49 42 148
241 19 13 99
241 19 20 150
241 19 21 100
241 19 41 150
241 19 43 99
243 49 0 100
243 49 3 150
243 49 10 99
243 49 12 150
243 49 13 100
243 49 19 150
243 49 29 100
243 49 31 150
243 49 32 100
243 49 36 148
243 49 40 99
243 49 42 148
243 19 13 99
243 19 20 150
243 19 21 100
243 19 41 150
243 19 43 99
245 19 13 99
245 19 20 150
245 19 21 100
245 19 41 150
245 19 43 99
252 49 0 100
252 49 3 150
252 49 10 99
252 49 12 150
252 49 13 100
252 49 19 150
252 49 29 100
252 49 31 150
252 49 32 100
252 49 36 148
252 49 40 99
252 49 42 148
254 19 13 99
254 19 20 150
254 19 21 100
254 19 41 150
254 19 43 99
255 19 13 99
255 19 20 150
255 19 21 100
255 19 41 150
255 19 43 99
256 19 13 99
256 19 20 150
256 19 21 100
256 19 41 150
256 19 43 99
266 49 0 100
266 49 3 150
266 49 10 99
266 49 12 150
266 49 13 100
266 49 19 150
266 49 29 100
266 49 31 150
266 49 32 100
266 49 36 148
266 49 40 99
266 49 42 148
268 19 13 99
268 19 20 150
268 19 21 100
268 19 41 150
268 19 43 99
273 49 0 100
273 49 3 150
273 49 10 99
273 49 12 150
273 49 13 100
273 49 19 150
273 49 29 100
273 49 31 150
273 49 32 100
273 49 36 148
273 49 40 99
273 49 42 148
276 19 13 99
276 19 20 150
276 19 21 100
276 19 41 150
276 19 43 99
277 19 13 99
277 19 20 150
277 19 21 100
277 19 41 150
277 19 43 99
279 19 13 99
279 19 20 150
279 19 21 100
279 19 41 150
279 19 43 99
281 49 0 100
281 49 3 150
281 49 10 99
281 49 12 150
281 49 13 100
281 49 19 150
281 49 29 100
281 49 31 150
281 49 32 100
281 49 36 148
281 49 40 99
281 49 42 148
286 19 13 99
286 19 20 150
286 19 21 100
286 19 41 150
286 19 43 99
294 49 0 100
294 49 3 150
294 49 10 99
294 49 12 150
294 49 13 100
294 49 19 150
294 49 29 100
294 49 31 150
294 49 32 100
294 49 36 148
294 49 40 99
294 49 42 148
301 19 13 99
301 19 20 150
301 19 21 100
301 19 41 150
301 19 43 99
302 19 13 99
302 19 20 150
302 19 21 100
302 19 41 150
302 19 43 99
311 19 13 99
311 19 20 150
311 19 21 100
311 19 41 150
311 19 43 99
311 49 0 100
311 49 3 150
311 49 10 99
311 49 12 150
311 49 13 100
311 49 19 150
311 49 29 100
311 49 31 150
311 49 32 100
311 49 36 148
311 49 40 99
311 49 42 148
316 19 13 99
316 19 20 150
316 19 21 100
316 19 41 150
316 19 43 99
317 49 0 100
317 49 3 150
317 49 10 99
317 49 12 150
317 49 13 100
317 49 19 150
317 49 29 100
317 49 31 150
317 49 32 100
317 49 36 148
317 49 40 99
317 49 42 148
319 19 13 99
319 19 20 150
319 19 21 100
319 19 41 150
319 19 43 99
321 19 13 99
321 19 20 150
321 19 21 100
321 19 41 150
321 19 43 99
325 19 13 99
325 19 20 150
325 19 21 100
325 19 41 150
325 19 43 99
328 19 13 99
328 19 20 150
328 19 21 100
328 19 41 150
328 19 43 99
335 49 0 100
335 49 3 150
335 49 10 99
335 49 12 150
335 49 13 100
335 49 19 150
335 49 29 100
335 49 31 150
335 49 32 100
335 49 36 148
335 49 40 99
335 49 42 148
335 19 13 99
335 19 20 150
335 19 21 100
335 19 41 150
335 19 43 99
338 19 13 99
338 19 20 150
338 19 21 100
338 19 41 150
338 19 43 99
340 19 13 99
340 19 20 150
340 19 21 100
340 19 41 150
340 19 43 99
343 19 13 99
343 19 20 150
343 19 21 100
343 19 41 150
343 19 43 99
346 19 13 99
346 19 20 150
346 19 21 100
346 19 41 150
346 19 43 99
353 19 13 99
353 19 20 150
353 19 21 100
353 19 41 150
353 19 43 99
354 49 0 100
354 49 3 150
354 49 10 99
354 49 12 150
354 49 13 100
354 49 19 150
354 49 29 100
354 49 31 150
354 49 32 100
354 49 36 148
354 49 40 99
354 49 42 148
356 19 13 99
356 19 20 150
356 19 21 100
356 19 41 150
356 19 43 99
363 19 13 99
363 19 20 150
363 19 21 100
363 19 41 150
363 19 43 99
366 49 0 100
366 49 3 150
366 49 10 99
366 49 12 150
366 49 13 100
366 49 19 150
366 49 29 100
366 49 31 150
366 49 32 100
366 49 36 148
366 49 40 99
366 49 42 148
370 19 13 99
370 19 20 150
370 19 21 100
370 19 41 150
370 19 43 99
378 19 13 99
378 19 20 150
378 19 21 100
378 19 41 150
378 19 43 99
380 49 0 100
380 49 3 150
380 49 10 99
380 49 12 150
380 49 13 100
380 49 19 150
380 49 29 100
380 49 31 150
380 49 32 100
380 49 36 148
380 49 40 99
380 49 42 148
382 19 13 99
382 19 20 150
382 19 21 100
382 19 41 150
382 19 43 99
386 19 13 99
386 19 20 150
386 19 21 100
386 19 41 150
386 19 43 99
390 19 13 99
390 19 20 150
390 19 21 100
390 19 41 150
390 19 43 99
395 19 13 99
395 19 20 150
395 19 21 100
395 19 41 150
395 19 43 99
396 49 0 100
396 49 3 150
396 49 10 99
396 49 12 150
396 49 13 100
396 49 19 150
396 49 29 100
396 49 31 150
396 49 32 100
396 49 36 148
396 49 40 99
396 49 42 148
400 19 13 99
400 19 20 150
400 19 21 100
400 19 41 150
400 19 43 99
404 19 13 99
404 19 20 150
404 19 21 100
404 19 41 150
404 19 43 99
413 49 0 100
413 49 3 150
413 49 10 99
413 49 12 150
413 49 13 100
413 49 19 150
413 49 29 100
413 49 31 150
413 49 32 100
413 49 36 148
413 49 40 99
413 49 42 148
413 19 13 99
413 19 20 150
413 19 21 100
413 19 41 150
413 19 43 99
414 19 13 99
414 19 20 150
414 19 21 100
414 19 41 150
414 19 43 99
417 19 13 99
417 19 20 150
417 19 21 100
417 19 41 150
417 19 43 99
421 19 13 99
421 19 20 150
421 19 21 100
421 19 41 150
421 19 43 99
427 19 13 99
427 19 20 150
427 19 21 100
427 19 41 150
427 19 43 99
430 49 0 100
430 49 3 150
430 49 10 99
430 49 12 150
430 49 13 100
430 49 19 150
430 49 29 100
430 49 31 150
430 49 32 100
430 49 36 148
430 49 40 99
430 49 42 148
431 19 13 99
431 19 20 150
431 19 21 100
431 19 41 150
431 19 43 99
438 19 13 99
438 19 20 150
438 19 21 100
438 19 41 150
438 19 43 99
442 19 13 99
442 19 20 150
442 19 21 100
442 19 41 150
442 19 43 99
444 19 13 99
444 19 20 150
444 19 21 100
444 19 41 150
444 19 43 99
447 19 13 99
447 19 20 150
447 19 21 100
447 19 41 150
447 19 43 99
583 49 0 100
583 49 3 150
583 49 10 99
583 49 12 150
583 49 13 100
583 49 19 150
583 49 29 100
583 49 31 150
583 49 32 100
583 49 36 148
583 49 40 99
583 49 42 148
586 19 13 99
586 19 20 150
586 19 21 100
586 19 41 150
586 19 43 99
590 19 13 99
590 19 20 150
590 19 21 100
590 19 41 150
590 19 43 99
592 19 13 99
592 19 20 150
592 19 21 100
592 19 41 150
592 19 43 99
596 19 13 99
596 19 20 150
596 19 21 100
596 19 41 150
596 19 43 99
599 49 0 100
599 49 3 150
599 49 10 99
599 49 12 150
599 49 13 100
599 49 19 150
599 49 29 100
599 49 31 150
599 49 32 100
599 49 36 148
599 49 40 99
599 49 42 148
604 19 13 99
604 19 20 150
604 19 21 100
604 19 41 150
604 19 43 99
606 19 13 99
606 19 20 150
606 19 21 100
606 19 41 150
606 19 43 99
611 19 13 99
611 19 20 150
611 19 21 100
611 19 41 150
611 19 43 99
614 49 0 100
614 49 3 150
614 49 10 99
614 49 12 150
614 49 13 100
614 49 19 150
614 49 29 100
614 49 31 150
614 49 32 100
614 49 36 148
614 49 40 99
614 49 42 148
616 19 13 99
616 19 20 150
616 19 21 100
616 19 41 150
616 19 43 99
622 19 13 99
622 19 20 150
622 19 21 100
622 19 41 150
622 19 43 99
628 19 13 99
628 19 20 150
628 19 21 100
628 19 41 150
628 19 43 99
636 19 13 99
636 19 20 150
636 19 21 100
636 19 41 150
636 19 43 99
637 19 13 99
637 19 20 150
637 19 21 100
637 19 41 150
637 19 43 99
638 19 13 99
638 19 20 150
638 19 21 100
638 19 41 150
638 19 43 99
642 19 13 99
642 19 20 150
642 19 21 100
642 19 41 150
642 19 43 99
646 49 0 100
646 49 3 150
646 49 10 99
646 49 12 150
646 49 13 100
646 49 19 150
646 49 29 100
646 49 31 150
646 49 32 100
646 49 36 148
646 49 40 99
646 49 42 148
646 19 13 99
646 19 20 150
646 19 21 100
646 19 41 150
646 19 43 99
649 19 13 99
649 19 20 150
649 19 21 100
649 19 41 150
649 19 43 99
655 19 13 99
655 19 20 150
655 19 21 100
655 19 41 150
655 19 43 99
663 19 13 99
663 19 20 150
663 19 21 100
663 19 41 150
663 19 43 99
666 49 0 100
666 49 3 150
666 49 10 99
666 49 12 150
666 49 13 100
666 49 19 150
666 49 29 100
666 49 31 150
666 49 32 100
666 49 36 148
666 49 40 99
666 49 42 148
667 19 13 99
667 19 20 150
667 19 21 100
667 19 41 150
667 19 43 99
678 49 0 100
678 49 3 150
678 49 10 99
678 49 12 150
678 49 13 100
678 49 19 150
678 49 29 100
678 49 31 150
678 49 32 100
678 49 36 148
678 49 40 99
678 49 42 148
686 49 0 100
686 49 3 150
686 49 10 99
686 49 12 150
686 49 13 100
686 49 19 150
686 49 29 100
686 49 31 150
686 49 32 100
686 49 36 148
686 49 40 99
686 49 42 148
688 19 13 99
688 19 20 150
688 19 21 100
688 19 41 150
688 19 43 99
689 19 13 99
689 19 20 150
689 19 21 100
689 19 41 150
689 19 43 99
692 19 13 99
692 19 20 150
692 19 21 100
692 19 41 150
692 19 43 99
692 49 0 100
692 49 3 150
692 49 10 99
692 49 12 120
692 49 19 150
692 49 29 100
692 49 31 150
692 49 32 100
692 49 36 148
692 49 40 99
692 49 42 148
692 48 2 12
692 48 7 16
692 48 16 18
692 48 24 136
692 48 28 36
692 48 41 100
692 14 4 99
692 14 6 150
692 14 18 100
692 14 23 150
692 14 26 150
692 14 27 48
692 14 32 100
692 14 36 150
692 14 38 100
692 14 45 150
692 14 46 100
692 16 3 150
692 16 5 42
692 16 17 150
692 16 21 100
692 16 26 150
692 16 30 100
692 16 31 150
692 16 41 150
692 29 3 150
692 29 6 3
692 29 11 28
692 29 18 148
692 29 41 50
692 42 19 100
692 42 20 150
692 42 21 99
692 42 32 100
692 42 34 150
692 42 40 100
692 42 43 150
692 42 45 100
692 45 14 100
692 45 19 150
692 45 26 100
692 45 31 100
692 45 32 150
692 45 36 99
692 45 40 150
692 45 46 100
692 21 0 99
692 21 14 150
692 21 31 148
692 21 34 66
692 31 13 100
692 31 21 100
692 31 23 150
692 31 29 150
692 31 32 100
692 31 36 150
692 32 13 150
692 32 15 84
692 32 32 150
692 32 36 100
692 32 38 148
692 37 14 100
692 37 20 100
692 37 21 150
692 37 29 148
692 37 30 100
692 37 36 150
692 37 46 1
692 46 4 150
692 46 18 150
692 46 29 100
692 46 31 148
692 46 37 150
692 46 40 100
692 46 43 148
692 28 3 148
692 28 13 150
692 28 14 42
692 28 26 100
692 28 36 150
692 28 37 99
692 28 38 88
692 27 0 99
692 27 21 99
692 27 23 150
692 30 13 100
692 30 17 100
692 30 18 150
692 30 23 99
692 30 26 100
692 30 30 148
692 30 31 100
692 30 36 150
692 30 37 100
692 30 40 150
692 30 43 100
693 13 3 100
693 13 17 100
693 13 19 150
693 13 21 99
693 13 37 51
693 28 13 150
693 28 20 148
693 28 26 100
693 28 36 150
693 28 41 50
693 24 18 150
693 24 29 100
693 24 30 148
693 24 31 99
693 24 42 100
693 36 23 75
693 36 40 150
693 36 42 99
693 41 10 100
693 41 26 148
693 41 30 99
693 29 3 150
693 29 10 100
693 29 18 148
693 23 0 100
693 23 4 150
693 23 6 1
693 23 29 150
693 23 40 148
693 2 3 150
693 2 17 100
693 2 36 100
693 2 42 148
693 6 0 100
693 6 13 100
693 6 26 150
693 6 29 150
693 6 30 100
693 6 40 150
693 17 4 100
693 17 17 150
693 17 31 150
693 17 40 148
693 17 42 100
693 37 20 100
693 37 21 150
693 37 29 148
693 37 30 100
693 37 36 150
693 31 0 100
693 31 13 100
693 31 21 100
693 31 29 150
693 31 32 100
693 31 36 150
693 33 30 60
693 47 3 100
693 47 17 4
693 47 20 150
693 47 26 100
693 47 31 99
693 47 36 100
693 35 18 148
693 35 19 100
693 35 21 150
693 46 3 99
693 46 4 130
693 46 29 100
693 46 31 148
693 46 40 100
693 46 43 148
694 2 3 150
694 2 36 100
694 2 42 148
694 16 3 150
694 16 10 99
694 16 21 100
694 16 26 150
694 16 30 3
694 16 41 50
694 23 20 100
694 23 29 150
694 23 40 148
694 34 31 100
694 34 32 150
694 34 42 100
694 44 10 150
694 44 20 150
694 44 21 100
694 44 26 150
694 44 31 100
694 32 13 150
694 32 26 150
694 32 32 150
694 32 36 100
694 45 19 150
694 45 26 100
694 45 31 100
694 45 32 150
694 45 36 99
694 45 40 150
694 48 4 1
694 48 26 150
694 48 40 150
694 22 13 100
694 22 29 150
694 22 32 99
694 5 0 100
694 24 18 150
694 24 29 100
694 24 31 99
694 24 42 100
694 27 0 99
694 27 21 99
694 26 13 99
694 26 20 100
694 26 32 148
694 26 36 100
694 26 42 150
694 1 0 100
694 1 13 150
694 1 18 64
694 9 3 100
694 9 32 150
694 4 0 100
694 4 13 100
694 4 19 150
694 4 26 100
694 4 31 148
694 4 42 148
694 4 43 100
695 26 13 99
695 26 20 100
695 26 32 148
695 26 36 100
695 26 41 48
695 9 3 100
695 9 32 150
695 43 0 100
695 43 18 2
695 43 29 150
695 43 31 99
695 43 40 150
695 44 10 150
695 44 20 150
695 44 21 100
695 44 26 150
695 44 31 100
695 39 13 150
695 39 19 148
695 39 31 150
695 39 32 71
695 38 20 100
695 38 36 150
695 23 0 100
695 23 20 100
695 23 29 150
695 23 40 148
695 40 0 100
695 13 3 100
695 13 19 150
695 13 21 99
695 29 3 150
695 29 10 100
695 29 41 2
695 20 3 150
695 20 13 100
695 20 19 100
695 20 26 150
695 20 40 100
695 22 13 100
695 22 29 150
695 6 0 100
695 6 13 100
695 6 26 150
695 6 29 150
695 6 40 150
695 28 3 148
695 28 13 150
695 28 20 148
695 28 26 100
695 28 36 150
695 28 42 100
695 12 0 100
695 12 10 100
695 12 26 100
695 12 29 150
695 12 36 99
695 12 40 99
695 12 43 150
695 30 13 100
695 30 26 100
695 30 31 100
695 30 36 150
695 30 40 150
695 30 43 100
696 5 0 100
696 0 0 100
696 0 10 100
696 0 13 100
696 0 19 150
696 0 21 100
696 0 26 100
696 48 13 99
696 48 26 117
696 48 41 50
696 32 32 12
696 31 0 100
696 31 13 100
696 31 21 100
696 31 29 150
696 31 36 150
696 22 13 100
696 22 29 150
696 4 0 100
696 4 13 100
696 4 19 150
696 4 31 148
696 4 42 148
696 4 43 100
696 12 0 100
696 12 10 100
696 12 29 150
696 12 36 99
696 12 40 99
696 12 43 150
696 3 19 148
696 15 19 150
696 10 3 150
696 10 29 99
696 23 0 100
696 23 20 100
696 23 29 150
696 23 40 148
696 38 20 100
696 38 36 150
696 44 10 150
696 44 20 150
696 44 21 100
696 44 31 100
696 20 0 62
696 20 13 100
696 20 19 100
696 20 40 100
696 39 13 150
696 39 19 148
696 39 31 150
696 39 40 150
697 44 10 150
697 44 12 42
697 44 21 100
697 44 31 56
697 28 13 150
697 28 20 148
697 28 36 150
697 28 42 100
697 34 42 100
697 14 29 150
697 14 36 150
697 12 10 100
697 12 29 150
697 12 36 99
697 12 40 99
697 12 43 150
697 4 0 1
697 4 19 150
697 4 42 148
697 4 43 100
697 36 40 150
697 36 42 99
697 42 10 148
697 42 19 100
697 42 20 150
697 42 21 99
697 42 40 100
697 42 43 150
697 22 13 100
697 22 29 150
697 17 40 148
697 17 42 100
697 18 10 100
697 18 13 100
697 18 19 100
697 18 20 150
697 18 40 99
697 19 13 99
697 19 20 150
697 19 21 100
697 19 43 99
697 37 20 100
697 37 21 150
697 37 29 148
697 37 36 150
697 30 13 100
697 30 36 150
697 30 40 150
697 30 43 100
697 2 3 150
697 2 36 100
697 2 42 148
697 8 10 99
697 8 21 148
697 8 29 150
697 8 36 100
697 8 43 100
698 40 0 20
698 19 20 150
698 19 21 100
698 19 43 99
698 15 19 150
698 15 26 150
698 23 20 100
698 23 29 150
698 23 40 148
698 34 32 12
698 13 3 100
698 13 19 150
698 13 21 99
698 29 3 150
698 29 10 100
698 9 3 100
698 8 10 99
698 8 21 148
698 8 29 150
698 8 36 100
698 8 43 100
698 22 13 100
698 22 29 150
698 42 10 148
698 42 19 100
698 42 20 150
698 42 21 99
698 42 40 100
698 42 43 150
698 2 3 150
698 2 36 100
698 2 42 148
698 48 13 99
698 48 26 45
698 7 19 150
698 7 43 150
698 44 10 150
698 44 20 150
698 44 21 100
698 18 10 100
698 18 13 100
698 18 19 100
698 18 20 150
699 20 0 20
699 20 13 100
699 20 19 100
699 20 32 12
699 47 19 100
699 47 20 150
699 47 23 48
699 44 10 150
699 44 20 150
699 44 21 100
699 25 29 150
699 25 43 100
699 13 3 100
699 13 19 150
699 13 21 99
699 36 40 3
699 29 3 150
699 29 10 100
699 1 13 150
699 1 42 150
699 48 13 99
699 23 20 100
699 23 29 150
699 27 21 99
699 31 13 100
699 31 21 100
699 31 29 150
699 31 36 150
699 39 13 150
699 39 19 148
699 26 13 99
699 26 20 100
699 26 36 100
699 26 42 150
699 41 10 100
700 18 10 100
700 18 13 100
700 18 19 100
700 18 20 150
700 18 40 9
700 31 21 100
700 31 29 150
700 31 32 12
700 41 10 100
700 35 19 88
700 35 41 48
700 19 13 99
700 19 20 150
700 19 21 100
700 19 41 2
700 45 19 1
700 45 40 2
700 44 20 150
700 44 21 100
700 23 20 100
700 23 29 150
700 17 42 100
700 20 3 150
700 20 13 100
700 24 29 100
700 24 42 100
700 28 3 148
700 28 13 150
700 28 20 148
700 28 36 150
700 28 42 100
700 29 3 150
700 29 10 100
700 1 13 150
700 1 42 150
701 15 15 12
701 4 31 24
701 4 43 100
701 2 3 150
701 2 36 76
701 0 10 100
701 0 13 100
701 0 21 100
701 10 3 108
701 28 13 150
701 28 20 148
701 28 36 2
701 17 40 8
701 43 21 100
701 43 29 150
701 43 40 3
701 18 10 100
701 18 13 100
701 18 20 150
701 14 29 150
701 24 29 100
701 24 42 100
701 6 13 100
701 6 29 150
701 23 20 100
701 23 29 150
702 5 0 20
702 16 21 100
702 16 41 50
702 30 40 9
702 17 42 100
702 43 21 100
702 43 29 150
702 23 20 100
702 23 29 150
702 36 40 2
702 13 21 99
702 39 13 150
702 39 32 12
702 10 29 99
702 7 10 100
702 7 43 150
702 28 13 150
702 28 20 148
702 28 42 100
702 49 10 99
702 49 13 100
702 49 29 100
702 49 42 148
703 48 13 99
703 48 40 11
703 25 29 81
703 23 20 100
703 23 29 2
703 19 20 150
703 19 21 100
703 19 43 99
703 46 43 148
703 2 42 148
703 35 21 150
703 29 10 100
703 22 13 100
703 41 10 100
703 43 21 100
703 33 42 100
703 36 42 99
704 37 20 100
704 37 21 150
704 37 29 32
704 31 21 100
704 33 42 100
704 43 12 40
704 43 31 24
704 35 21 150
704 41 10 100
704 13 21 99
704 1 13 150
704 1 42 150
704 49 10 99
704 49 12 2
704 49 29 2
704 22 13 100
704 47 20 150
704 18 10 100
704 18 13 100
704 18 20 150
704 4 13 100
704 4 42 148
704 4 43 100
705 37 20 100
705 37 21 150
705 14 32 12
705 43 40 12
705 8 10 99
705 8 21 148
705 8 43 100
705 35 21 150
705 35 41 48
705 34 42 100
705 30 13 100
705 30 43 100
705 22 13 100
705 20 13 100
705 16 10 99
705 16 21 100
705 16 41 2
705 4 13 100
705 4 42 148
705 4 43 100
705 46 43 148
706 45 31 24
706 28 20 148
706 28 41 50
706 29 10 100
706 0 0 20
706 0 13 100
706 0 21 100
706 4 13 100
706 4 42 148
706 4 43 100
706 47 20 150
706 38 20 100
706 46 29 34
706 44 10 150
706 44 20 150
706 44 21 100
706 32 13 150
706 35 21 150
706 33 42 100
706 12 10 100
706 12 43 150
707 21 31 24
707 34 42 100
707 37 20 100
707 37 21 150
707 45 19 33
707 0 13 100
707 0 21 100
707 20 13 100
707 48 13 99
707 48 41 50
707 44 20 150
707 44 21 100
707 17 42 100
707 43 21 100
707 22 13 100
707 47 20 150
708 7 10 100
708 7 41 48
708 43 0 20
708 43 29 33
708 16 21 100
708 16 41 2
708 42 20 150
708 42 21 99
708 42 40 2
708 48 13 99
708 46 29 1
708 47 20 150
708 25 43 100
708 1 13 150
708 1 42 150
708 23 20 100
708 24 42 100
708 32 13 150
708 34 42 100
708 38 20 100
709 1 0 20
709 1 42 150
709 31 13 100
709 31 21 100
709 31 29 33
709 42 10 148
709 42 20 150
709 42 21 99
709 42 40 10
709 23 20 100
709 23 29 1
709 35 41 48
709 49 3 56
709 49 13 100
709 49 42 148
709 37 20 100
709 37 21 150
709 29 10 100
709 29 41 2
709 4 42 148
709 4 43 100
709 16 10 99
709 16 21 100
709 44 10 150
709 44 20 126
710 14 6 14
710 25 31 24
710 7 10 100
710 7 43 150
710 47 17 32
710 19 21 100
710 19 43 99
710 33 42 100
710 36 40 12
710 42 10 148
710 42 21 99
710 42 43 150
710 49 10 99
710 49 13 100
710 49 42 148
710 41 10 100
710 44 10 150
710 44 21 100
710 13 21 99
710 28 13 150
710 28 42 100
711 0 0 20
711 0 13 100
711 0 21 100
711 42 10 148
711 42 20 39
711 42 32 12
711 24 29 32
711 19 13 99
711 19 21 100
711 19 43 99
711 47 12 42
711 1 42 150
711 27 21 99
711 4 13 100
711 4 42 148
711 4 43 100
711 25 29 3
711 22 13 100
711 13 21 99
711 37 21 150
711 43 21 100
712 28 3 56
712 28 20 40
712 8 10 99
712 8 21 148
712 8 43 100
712 11 19 32
712 31 13 100
712 31 21 100
712 45 19 1
712 29 10 100
712 2 42 148
712 42 10 148
712 42 21 99
712 42 43 150
712 49 10 99
712 49 13 100
712 49 42 148
713 2 42 148
713 39 13 150
713 39 31 24
713 44 20 41
713 31 0 20
713 31 21 100
713 45 40 1
713 6 41 48
713 33 42 100
713 30 13 100
713 30 43 100
713 12 10 100
713 12 43 150
713 8 10 99
713 8 21 148
713 8 43 100
713 37 21 150
713 49 10 99
713 49 13 100
713 49 42 148
713 27 21 99
713 27 41 2
714 42 20 39
714 42 40 10
714 29 3 56
714 29 41 50
714 17 42 100
714 6 0 20
714 6 29 33
714 16 21 100
714 22 13 100
714 28 13 150
714 28 42 100
714 24 42 100
714 37 21 150
714 27 21 99
714 1 13 150
714 1 42 150
714 48 13 99
714 23 29 1
715 20 32 12
715 26 20 41
715 33 34 18
715 17 42 100
715 48 13 99
715 48 40 3
715 6 13 100
715 30 13 100
715 30 43 100
715 27 21 99
715 0 10 100
715 0 13 100
715 0 21 100
715 49 10 99
715 49 13 100
715 49 29 2
715 19 13 99
715 19 21 100
715 19 43 99
715 44 10 150
715 44 21 100
715 1 13 150
715 1 42 150
716 25 12 42
716 1 13 150
716 1 42 150
716 0 10 100
716 0 13 100
716 0 19 33
716 28 13 150
716 28 20 40
716 39 13 150
716 39 40 10
716 18 13 100
716 16 10 99
716 16 21 100
716 32 13 150
716 29 10 100
716 4 13 100
716 4 42 148
716 4 43 100
716 22 13 100
716 46 29 1
716 2 42 148
716 34 42 100
717 2 42 148
717 37 20 40
717 26 13 99
717 26 32 12
717 24 31 24
717 40 0 20
717 28 41 2
717 4 13 100
717 4 42 148
717 4 43 100
717 48 13 99
717 48 40 12
717 12 10 100
717 12 43 150
717 30 13 100
717 30 43 100
717 13 21 99
718 20 13 100
718 20 19 32
718 31 21 100
718 39 13 150
718 39 40 2
718 30 43 100
718 37 20 40
718 8 10 99
718 8 21 148
718 8 43 100
718 43 21 100
718 28 13 150
718 28 41 50
718 19 21 100
718 19 43 99
718 44 10 150
718 44 21 100
719 25 31 24
719 45 19 1
719 12 43 150
719 27 21 99
719 47 20 40
719 16 21 100
719 28 13 150
719 39 13 150
719 19 13 99
719 19 21 100
719 19 43 99
720 11 19 32
720 6 13 100
720 34 31 24
720 46 11 4
720 1 13 150
720 28 13 150
720 28 36 110
720 31 13 100
720 31 21 100
720 25 12 2
720 35 21 150
721 27 21 99
721 27 41 50
721 44 10 150
721 44 21 100
721 44 31 24
721 30 36 1
721 35 19 34
721 41 10 100
721 22 13 100
721 22 32 12
721 32 13 150
721 13 21 99
721 31 13 100
721 31 21 100
722 32 13 150
722 32 32 12
722 2 3 54
722 36 40 1
722 20 3 2
722 29 10 100
722 49 10 99
722 49 13 100
723 35 19 32
723 35 41 48
723 39 40 10
723 13 3 56
723 1 13 150
723 25 41 2
723 0 10 100
723 0 13 100
723 0 21 100
723 28 13 150
723 28 20 40
723 6 13 100
723 6 40 1
724 44 20 40
724 32 13 150
724 40 0 20
724 12 43 150
724 48 13 99
724 48 41 50
724 31 21 100
724 37 21 150
724 9 3 56
724 42 10 148
724 42 21 99
724 42 43 150
724 43 21 60
725 7 10 100
725 7 43 150
725 26 13 99
725 26 42 1
725 20 40 8
725 48 40 3
725 29 10 100
726 49 0 20
726 49 13 100
726 49 31 24
726 48 40 2
726 0 13 100
726 0 21 33
726 23 20 40
726 30 18 1
726 31 13 100
726 28 13 150
726 22 13 100
727 30 13 100
727 30 40 9
727 26 13 99
727 26 20 40
727 42 21 33
727 12 43 150
727 20 13 100
727 28 13 150
727 28 41 2
728 45 36 99
728 45 40 2
728 28 20 40
728 42 43 150
728 49 3 2
728 20 13 100
729 31 13 100
729 31 21 32
729 26 13 99
729 26 20 40
729 4 19 33
729 9 3 2
729 7 43 150
730 44 17 32
730 12 43 150
730 1 13 150
730 23 11 4
730 31 13 100
731 39 11 4
731 39 19 32
731 19 21 32
731 20 13 100
731 48 13 99
731 18 13 100
732 8 21 32
732 7 19 34
732 22 13 100
732 47 20 40
732 18 40 9
732 1 13 150
732 39 13 150
732 39 40 2
732 44 21 2
733 1 34 16
733 48 40 11
733 20 13 100
733 14 36 1
733 4 13 100
733 4 43 100
733 12 43 150
733 0 13 100
733 22 13 100
734 27 0 18
734 26 32 12
734 31 13 100
734 4 13 100
734 4 43 100
734 8 43 100
734 18 13 100
734 19 13 99
734 19 43 99
734 22 13 100
734 48 13 99
734 48 40 2
735 7 41 48
735 47 20 40
735 12 40 9
735 16 41 2
735 30 43 100
735 28 13 150
735 0 13 100
735 0 21 1
736 18 20 40
736 39 31 24
736 30 13 100
736 30 17 32
736 43 21 32
736 6 13 100
736 1 13 150
737 33 41 52
737 32 13 150
737 20 0 20
737 20 40 8
737 1 42 3
737 0 21 34
737 4 43 100
737 36 40 3
737 30 13 100
737 30 43 100
738 36 40 11
738 20 13 100
738 20 32 12
738 16 21 32
738 28 13 150
738 45 19 1
739 45 31 24
739 6 41 48
739 42 20 39
739 18 13 100
739 1 13 150
739 29 41 2
739 26 20 1
739 39 13 150
740 49 0 20
740 49 31 24
740 18 20 40
740 28 41 50
740 19 43 99
740 26 13 99
740 36 40 2
740 12 43 150
740 22 13 100
740 6 13 100
741 23 0 20
741 6 40 3
741 27 21 33
741 25 43 100
741 48 13 99
741 8 43 100
742 6 13 100
742 6 40 11
742 18 13 100
742 20 13 100
742 19 13 99
742 19 21 32
742 46 43 148
742 1 13 150
742 39 13 150
742 22 13 100
742 26 13 99
743 12 0 20
743 4 13 100
743 4 19 1
743 37 20 40
743 32 13 150
743 1 13 150
743 28 13 150
743 20 13 100
744 44 20 40
744 31 32 12
744 8 43 100
744 46 43 148
744 25 43 100
745 16 3 56
745 0 13 100
745 0 21 1
745 28 13 150
745 32 13 150
745 8 43 100
745 19 13 99
745 19 43 99
745 20 13 100
745 30 13 100
745 30 43 100
746 40 0 20
746 25 31 24
746 6 13 100
746 6 40 13
746 18 20 40
746 12 43 150
747 8 0 20
747 30 13 100
747 30 31 24
747 4 13 100
747 4 43 100
747 6 13 100
747 6 40 2
748 28 13 150
748 28 20 80
748 31 21 32
748 4 43 100
748 26 13 99
748 35 21 3
748 39 40 2
748 22 13 100
749 1 13 150
749 7 19 33
749 19 13 99
749 19 20 40
749 48 13 99
749 48 40 11
749 25 43 100
749 13 3 56
750 0 21 2
750 42 20 39
750 30 13 100
750 30 43 100
750 22 13 100
750 1 13 150
750 32 13 150
751 1 13 150
751 30 13 100
751 30 31 24
751 42 21 33
751 17 4 60
751 39 13 150
751 25 43 100
752 23 0 20
752 4 43 100
752 28 13 150
752 6 13 100
752 6 40 3
752 39 13 150
752 39 32 12
752 19 43 99
753 11 19 32
753 26 20 1
753 0 21 1
753 39 40 10
753 6 40 1
753 22 13 100
753 4 13 100
753 4 19 1
753 48 13 99
753 20 3 56
754 36 40 11
754 24 31 24
754 19 13 99
754 19 43 99
754 44 21 1
754 4 43 100
754 18 13 100
754 30 13 100
754 30 43 100
754 48 13 99
755 39 13 150
755 39 31 24
755 6 40 1
755 31 21 32
755 19 13 99
755 19 20 40
755 0 13 100
755 0 21 1
756 43 21 32
756 12 43 150
756 38 20 40
756 0 21 1
757 12 40 9
757 6 13 100
757 6 40 2
757 18 20 40
757 34 31 24
757 7 43 150
757 30 13 100
757 30 43 100
758 18 13 100
758 18 20 40
758 12 43 150
758 1 13 150
758 44 21 1
759 36 40 11
759 27 21 33
759 0 13 100
759 32 13 150
759 8 43 100
759 19 13 99
759 19 20 40
760 19 13 99
760 19 20 40
760 14 36 150
760 17 40 8
760 47 36 60
760 26 42 1
761 25 31 24
761 27 21 33
761 12 43 150
761 42 43 150
762 6 40 11
762 7 43 150
762 43 21 32
763 12 36 99
763 12 40 9
763 44 20 40
763 2 42 104
764 9 3 56
764 18 20 40
764 36 40 2
764 8 43 100
764 46 43 148
765 48 40 11
765 16 21 32
766 17 40 8
766 0 21 34
766 26 42 4
766 18 40 3
766 30 43 100
767 48 40 11
767 20 3 2
767 18 20 40
767 19 43 66
768 2 42 104
770 47 3 56
774 26 20 2
776 39 32 12
777 39 31 24
778 7 32 12
778 45 22 100
778 45 31 24
779 47 20 40
781 42 32 12
782 43 21 32
783 42 32 12
784 24 42 100
784 25 43 30
786 20 32 12
789 49 40 12
797 26 32 12
802 33 42 4
803 19 43 78
805 30 40 9
807 7 43 37
810 8 43 7
812 7 43 87
813 1 42 108
814 32 32 12
818 36 40 11
821 33 42 4
823 4 31 24
825 44 31 24
826 22 32 12
827 48 40 3
829 12 40 9
829 44 20 40
838 27 21 33
839 6 40 1
842 31 21 32
843 0 21 33
844 28 36 150
844 49 36 60
848 42 40 10
865 8 21 32
