5 40 4 99
5 40 5 144
5 40 38 150
8 40 4 99
8 40 5 108
8 40 38 150
14 40 4 99
14 40 5 150
14 40 9 99
14 40 38 150
19 40 4 99
19 40 5 150
19 40 9 99
19 40 38 150
23 40 4 99
23 40 5 150
23 40 9 99
23 40 38 150
24 40 4 99
24 40 5 126
24 40 38 150
26 20 11 100
26 20 13 150
26 20 14 100
26 20 16 150
26 20 20 99
26 20 26 150
26 20 35 99
26 20 40 150
30 40 4 99
30 40 5 150
30 40 9 99
30 40 38 150
38 40 4 99
38 40 5 150
38 40 9 99
38 40 38 150
39 40 4 99
39 40 5 150
39 40 9 99
39 40 38 150
40 40 4 99
40 40 5 126
40 40 38 150
44 40 4 99
44 40 5 144
44 40 38 150
44 20 11 100
44 20 13 90
44 20 16 150
44 20 20 99
44 20 26 150
44 20 35 99
44 20 40 150
47 40 4 99
47 40 5 108
47 40 38 150
53 20 11 100
53 20 13 60
53 20 16 150
53 20 20 99
53 20 26 120
53 20 40 150
56 40 4 99
56 40 5 150
56 40 9 99
56 40 38 150
57 40 4 99
57 40 5 150
57 40 9 99
57 40 38 150
66 40 4 99
66 40 5 150
66 40 9 99
66 40 38 150
71 20 11 100
71 20 13 60
71 20 16 150
71 20 20 99
71 20 26 150
71 20 35 99
71 20 40 150
72 40 4 99
72 40 5 150
72 40 9 99
72 40 38 150
73 40 4 99
73 40 5 150
73 40 9 99
73 40 38 150
74 40 4 99
74 40 5 150
74 40 9 99
74 40 38 150
80 40 4 99
80 40 5 150
80 40 9 99
80 40 38 150
82 40 4 99
82 40 5 150
82 40 9 99
82 40 38 150
88 40 4 99
88 40 5 150
88 40 9 99
88 40 38 150
91 40 4 99
91 40 5 150
91 40 9 99
91 40 38 150
91 20 11 100
91 20 13 120
91 20 16 150
91 20 20 99
91 20 26 150
91 20 35 99
91 20 40 150
93 40 4 99
93 40 5 150
93 40 9 99
93 40 38 150
100 40 4 99
100 40 5 150
100 40 9 99
100 40 38 150
101 40 4 99
101 40 5 144
101 40 38 150
109 40 4 99
109 40 5 150
109 40 9 99
109 40 38 150
111 40 4 99
111 40 5 150
111 40 9 99
111 40 38 150
115 40 4 99
115 40 5 150
115 40 9 99
115 40 38 150
117 40 4 99
117 40 5 126
117 40 38 150
121 20 11 100
121 20 13 150
121 20 14 100
121 20 16 150
121 20 20 99
121 20 26 150
121 20 35 99
121 20 40 150
127 40 4 99
127 40 5 150
127 40 9 99
127 40 38 150
131 40 4 99
131 40 5 150
131 40 9 99
131 40 38 150
134 40 4 99
134 40 5 150
134 40 9 99
134 40 38 150
136 40 4 99
136 40 5 150
136 40 9 99
136 40 38 150
137 40 4 99
137 40 5 120
137 40 38 150
143 20 11 100
143 20 13 150
143 20 14 100
143 20 16 150
143 20 20 99
143 20 26 150
143 20 35 99
143 20 40 150
148 40 4 99
148 40 5 150
148 40 9 99
148 40 38 150
152 40 4 99
152 40 5 150
152 40 9 99
152 40 38 150
155 40 4 99
155 40 5 150
155 40 9 99
155 40 38 150
156 40 4 99
156 40 5 150
156 40 9 99
156 40 38 150
157 1 1 99
157 1 10 150
157 1 11 100
157 1 14 150
157 1 19 100
157 1 22 150
157 1 35 100
157 1 46 148
157 1 48 99
157 40 4 99
157 40 5 120
157 40 38 150
161 1 1 99
161 1 10 150
161 1 11 100
161 1 14 150
161 1 19 100
161 1 22 150
161 1 35 100
161 1 46 148
161 1 48 99
162 1 1 99
162 1 10 150
162 1 11 100
162 1 14 150
162 1 19 100
162 1 22 150
162 1 35 100
162 1 46 148
162 1 48 99
165 40 4 99
165 40 5 150
165 40 9 99
165 40 38 150
166 1 1 99
166 1 10 150
166 1 11 100
166 1 14 150
166 1 19 100
166 1 22 150
166 1 35 100
166 1 46 148
166 1 48 99
167 40 4 99
167 40 5 150
167 40 9 99
167 40 38 150
170 1 1 99
170 1 10 150
170 1 11 100
170 1 14 150
170 1 19 100
170 1 22 150
170 1 35 100
170 1 46 148
170 1 48 99
171 40 4 99
171 40 5 150
171 40 9 99
171 40 38 150
172 40 4 99
172 40 5 90
172 40 38 150
175 40 4 99
175 40 5 108
175 40 38 150
176 1 1 99
176 1 10 150
176 1 11 100
176 1 14 150
176 1 19 100
176 1 22 150
176 1 35 100
176 1 46 148
176 1 48 99
177 1 1 99
177 1 10 150
177 1 11 100
177 1 14 150
177 1 19 100
177 1 22 150
177 1 35 100
177 1 46 148
177 1 48 99
178 1 1 99
178 1 10 150
178 1 11 100
178 1 14 150
178 1 19 100
178 1 22 150
178 1 35 100
178 1 46 148
178 1 48 99
180 1 1 99
180 1 10 150
180 1 11 100
180 1 14 150
180 1 19 100
180 1 22 150
180 1 35 100
180 1 46 148
180 1 48 99
181 40 4 99
181 40 5 150
181 40 9 99
181 40 38 150
182 40 4 99
182 40 5 102
182 40 38 150
182 1 1 99
182 1 10 150
182 1 11 100
182 1 14 150
182 1 19 100
182 1 22 150
182 1 35 100
182 1 46 148
182 1 48 99
183 1 1 99
183 1 10 150
183 1 11 100
183 1 14 150
183 1 19 100
183 1 22 150
183 1 35 100
183 1 46 148
183 1 48 99
184 1 1 99
184 1 10 150
184 1 11 100
184 1 14 150
184 1 19 100
184 1 22 150
184 1 35 100
184 1 46 148
184 1 48 99
185 20 11 100
185 20 13 150
185 20 14 100
185 20 16 150
185 20 20 99
185 20 26 150
185 20 35 99
185 20 40 150
186 1 1 99
186 1 10 150
186 1 11 100
186 1 14 150
186 1 19 100
186 1 22 150
186 1 35 100
186 1 46 148
186 1 48 99
188 40 4 99
188 40 5 150
188 40 9 99
188 40 38 150
191 1 1 99
191 1 10 150
191 1 11 100
191 1 14 150
191 1 19 100
191 1 22 150
191 1 35 100
191 1 46 148
191 1 48 99
193 1 1 99
193 1 10 150
193 1 11 100
193 1 14 150
193 1 19 100
193 1 22 150
193 1 35 100
193 1 46 148
193 1 48 99
194 40 4 99
194 40 5 150
194 40 9 99
194 40 38 150
199 40 4 99
199 40 5 150
199 40 9 99
199 40 38 150
203 1 1 99
203 1 10 150
203 1 11 100
203 1 14 150
203 1 19 100
203 1 22 150
203 1 35 100
203 1 46 148
203 1 48 99
204 40 4 99
204 40 5 150
204 40 9 99
204 40 38 150
206 40 4 99
206 40 5 150
206 40 9 99
206 40 38 150
206 1 1 99
206 1 10 150
206 1 11 100
206 1 14 150
206 1 19 100
206 1 22 150
206 1 35 100
206 1 46 148
206 1 48 99
209 1 1 99
209 1 10 150
209 1 11 100
209 1 14 150
209 1 19 100
209 1 22 150
209 1 35 100
209 1 46 148
209 1 48 99
212 40 4 99
212 40 5 150
212 40 9 99
212 40 38 150
213 20 11 100
213 20 13 150
213 20 14 100
213 20 16 150
213 20 20 99
213 20 26 150
213 20 35 99
213 20 40 150
219 40 4 99
219 40 5 150
219 40 9 99
219 40 38 150
220 40 4 99
220 40 5 150
220 40 9 99
220 40 38 150
225 40 4 99
225 40 5 150
225 40 9 99
225 40 38 150
226 40 4 99
226 40 5 150
226 40 9 99
226 40 38 150
228 40 4 99
228 40 5 150
228 40 9 99
228 40 38 150
231 40 4 99
231 40 5 114
231 40 38 150
234 40 4 99
234 40 5 108
234 40 38 150
237 40 4 99
237 40 5 108
237 40 38 150
237 20 11 100
237 20 13 150
237 20 14 72
237 20 20 99
237 20 26 150
237 20 35 99
237 20 40 150
241 40 4 99
241 40 5 144
241 40 38 150
245 40 4 99
245 40 5 144
245 40 38 150
253 20 11 100
253 20 13 150
253 20 14 28
253 20 20 99
253 20 26 150
253 20 35 99
253 20 40 150
263 40 4 99
263 40 5 150
263 40 9 99
263 40 38 150
264 40 4 99
264 40 5 150
264 40 9 99
264 40 38 150
267 40 4 99
267 40 5 150
267 40 9 99
267 40 38 150
271 40 4 99
271 40 5 150
271 40 9 99
271 40 38 150
272 40 4 99
272 40 5 150
272 40 9 99
272 40 38 150
273 40 4 99
273 40 5 150
273 40 9 99
273 40 38 150
274 40 4 99
274 40 5 144
274 40 38 150
277 40 4 99
277 40 5 108
277 40 38 150
278 20 11 100
278 20 13 150
278 20 14 76
278 20 20 99
278 20 26 150
278 20 35 99
278 20 40 150
280 40 4 99
280 40 5 108
280 40 38 150
283 40 4 99
283 40 5 108
283 40 38 150
287 40 4 99
287 40 5 144
287 40 38 150
290 40 4 99
290 40 5 136
290 40 38 150
292 1 1 99
292 1 10 150
292 1 11 100
292 1 14 150
292 1 19 100
292 1 22 150
292 1 35 100
292 1 46 148
292 1 48 99
292 40 4 99
292 40 5 130
292 40 38 150
293 20 11 100
293 20 13 90
293 20 16 150
293 20 20 99
293 20 26 150
293 20 35 99
293 20 40 150
294 40 4 99
294 40 5 130
294 40 38 150
296 40 4 99
296 40 5 130
296 40 38 150
298 1 1 99
298 1 10 150
298 1 11 100
298 1 14 150
298 1 19 100
298 1 22 150
298 1 35 100
298 1 46 148
298 1 48 99
298 40 4 99
298 40 5 130
298 40 38 150
300 40 4 99
300 40 5 130
300 40 38 150
301 1 1 99
301 1 10 150
301 1 11 100
301 1 14 150
301 1 19 100
301 1 22 150
301 1 35 100
301 1 46 148
301 1 48 99
303 40 4 99
303 40 5 150
303 40 9 99
303 40 38 150
304 40 4 99
304 40 5 110
304 40 38 150
304 28 3 99
304 28 11 150
304 28 14 100
304 28 16 150
304 28 17 99
304 28 20 150
304 28 22 99
304 28 26 150
304 28 35 100
304 28 38 148
304 28 39 100
304 28 40 150
304 28 43 100
305 49 16 99
305 49 23 150
305 49 35 100
305 49 41 148
305 49 48 100
305 49 49 150
307 49 16 99
307 49 23 150
307 49 35 100
307 49 41 148
307 49 48 100
307 49 49 150
309 40 4 99
309 40 5 150
309 40 9 99
309 40 38 150
309 49 16 99
309 49 23 150
309 49 35 100
309 49 41 148
309 49 48 100
309 49 49 150
311 1 1 99
311 1 10 150
311 1 11 100
311 1 14 150
311 1 19 100
311 1 22 150
311 1 35 100
311 1 46 148
311 1 48 99
313 40 4 99
313 40 5 150
313 40 9 99
313 40 38 150
314 1 1 99
314 1 10 150
314 1 11 100
314 1 14 150
314 1 19 100
314 1 22 150
314 1 35 100
314 1 46 148
314 1 48 99
315 40 4 99
315 40 5 150
315 40 9 99
315 40 38 150
315 1 1 99
315 1 10 150
315 1 11 100
315 1 14 150
315 1 19 100
315 1 22 150
315 1 35 100
315 1 46 148
315 1 48 99
317 1 1 99
317 1 10 150
317 1 11 100
317 1 14 150
317 1 19 100
317 1 22 150
317 1 35 100
317 1 46 148
317 1 48 99
319 40 4 99
319 40 5 150
319 40 9 99
319 40 38 150
320 28 3 99
320 28 11 150
320 28 14 100
320 28 16 150
320 28 17 99
320 28 20 150
320 28 22 99
320 28 26 150
320 28 35 100
320 28 38 148
320 28 39 100
320 28 40 150
320 28 43 100
321 49 16 99
321 49 23 150
321 49 35 100
321 49 41 148
321 49 48 100
321 49 49 150
321 40 4 99
321 40 5 150
321 40 9 99
321 40 38 150
322 40 4 99
322 40 5 150
322 40 9 99
322 40 38 150
323 40 4 99
323 40 5 150
323 40 9 99
323 40 38 150
323 49 16 99
323 49 23 150
323 49 35 100
323 49 41 148
323 49 48 100
323 49 49 150
324 1 1 99
324 1 10 150
324 1 11 100
324 1 14 150
324 1 19 100
324 1 22 150
324 1 35 100
324 1 46 148
324 1 48 99
325 40 4 99
325 40 5 150
325 40 9 99
325 40 38 150
326 1 1 99
326 1 10 150
326 1 11 100
326 1 14 150
326 1 19 100
326 1 22 150
326 1 35 100
326 1 46 148
326 1 48 99
329 1 1 99
329 1 10 150
329 1 11 100
329 1 14 150
329 1 19 100
329 1 22 150
329 1 35 100
329 1 46 148
329 1 48 99
329 40 4 99
329 40 5 150
329 40 9 99
329 40 38 150
332 49 16 99
332 49 23 150
332 49 35 100
332 49 41 148
332 49 48 100
332 49 49 150
332 1 1 99
332 1 10 150
332 1 11 100
332 1 14 150
332 1 19 100
332 1 22 150
332 1 35 100
332 1 46 148
332 1 48 99
333 40 4 99
333 40 5 150
333 40 9 99
333 40 38 150
334 28 3 99
334 28 11 150
334 28 14 100
334 28 16 150
334 28 17 99
334 28 20 150
334 28 22 99
334 28 26 150
334 28 35 100
334 28 38 148
334 28 39 100
334 28 40 150
334 28 43 100
334 49 16 99
334 49 23 150
334 49 35 100
334 49 41 148
334 49 48 100
334 49 49 150
336 40 4 99
336 40 5 150
336 40 9 99
336 40 38 150
336 1 1 99
336 1 10 150
336 1 11 100
336 1 14 150
336 1 19 100
336 1 22 150
336 1 35 100
336 1 46 148
336 1 48 99
338 40 4 99
338 40 5 150
338 40 9 99
338 40 38 150
339 49 16 99
339 49 23 150
339 49 35 100
339 49 41 148
339 49 48 100
339 49 49 150
339 40 4 99
339 40 5 150
339 40 9 99
339 40 38 150
340 49 16 99
340 49 23 150
340 49 35 100
340 49 41 148
340 49 48 100
340 49 49 150
340 40 4 99
340 40 5 150
340 40 9 99
340 40 38 150
341 28 3 99
341 28 11 150
341 28 14 100
341 28 16 150
341 28 17 99
341 28 20 150
341 28 22 99
341 28 26 150
341 28 35 100
341 28 38 148
341 28 39 100
341 28 40 150
341 28 43 100
341 1 1 99
341 1 10 150
341 1 11 100
341 1 14 150
341 1 19 100
341 1 22 150
341 1 35 100
341 1 46 148
341 1 48 99
341 49 16 99
341 49 23 150
341 49 35 100
341 49 41 148
341 49 48 100
341 49 49 150
342 40 4 99
342 40 5 150
342 40 9 99
342 40 38 150
343 1 1 99
343 1 10 150
343 1 11 100
343 1 14 150
343 1 19 100
343 1 22 150
343 1 35 100
343 1 46 148
343 1 48 99
343 40 4 99
343 40 5 150
343 40 9 99
343 40 38 150
344 40 4 99
344 40 5 150
344 40 9 99
344 40 38 150
345 40 4 99
345 40 5 116
345 40 38 150
345 1 1 99
345 1 10 150
345 1 11 100
345 1 14 150
345 1 19 100
345 1 22 150
345 1 35 100
345 1 46 148
345 1 48 99
345 49 16 99
345 49 23 150
345 49 35 100
345 49 41 148
345 49 48 100
345 49 49 150
346 49 16 99
346 49 23 150
346 49 35 100
346 49 41 148
346 49 48 100
346 49 49 150
348 1 1 99
348 1 10 150
348 1 11 100
348 1 14 150
348 1 19 100
348 1 22 150
348 1 35 100
348 1 46 148
348 1 48 99
349 28 3 99
349 28 11 150
349 28 14 100
349 28 16 150
349 28 17 99
349 28 20 150
349 28 22 99
349 28 26 150
349 28 35 100
349 28 38 148
349 28 39 100
349 28 40 150
349 28 43 100
350 49 16 99
350 49 23 150
350 49 35 100
350 49 41 148
350 49 48 100
350 49 49 150
352 1 1 99
352 1 10 150
352 1 11 100
352 1 14 150
352 1 19 100
352 1 22 150
352 1 35 100
352 1 46 148
352 1 48 99
354 1 1 99
354 1 10 150
354 1 11 100
354 1 14 150
354 1 19 100
354 1 22 150
354 1 35 100
354 1 46 148
354 1 48 99
355 40 4 99
355 40 5 150
355 40 9 99
355 40 38 150
357 1 1 99
357 1 10 150
357 1 11 100
357 1 14 150
357 1 19 100
357 1 22 150
357 1 35 100
357 1 46 148
357 1 48 99
357 40 4 99
357 40 5 150
357 40 9 99
357 40 38 150
358 1 1 99
358 1 10 150
358 1 11 100
358 1 14 150
358 1 19 100
358 1 22 150
358 1 35 100
358 1 46 148
358 1 48 99
358 40 4 99
358 40 5 150
358 40 9 99
358 40 38 150
360 1 1 99
360 1 10 150
360 1 11 100
360 1 14 150
360 1 19 100
360 1 22 150
360 1 35 100
360 1 46 148
360 1 48 99
362 40 4 99
362 40 5 150
362 40 9 99
362 40 38 150
363 1 1 99
363 1 10 150
363 1 11 100
363 1 14 150
363 1 19 100
363 1 22 150
363 1 35 100
363 1 46 148
363 1 48 99
365 1 1 99
365 1 10 150
365 1 11 100
365 1 14 150
365 1 19 100
365 1 22 150
365 1 35 100
365 1 46 148
365 1 48 99
366 40 4 99
366 40 5 150
366 40 9 99
366 40 38 150
366 1 1 99
366 1 10 150
366 1 11 100
366 1 14 150
366 1 19 100
366 1 22 150
366 1 35 100
366 1 46 148
366 1 48 99
367 40 4 99
367 40 5 150
367 40 9 99
367 40 38 150
369 1 1 99
369 1 10 150
369 1 11 100
369 1 14 150
369 1 19 100
369 1 22 150
369 1 35 100
369 1 46 148
369 1 48 99
371 28 3 99
371 28 11 150
371 28 14 100
371 28 16 150
371 28 17 99
371 28 20 150
371 28 22 99
371 28 26 150
371 28 35 100
371 28 38 148
371 28 39 100
371 28 40 150
371 28 43 100
371 40 4 99
371 40 5 150
371 40 9 99
371 40 38 150
372 1 1 99
372 1 10 150
372 1 11 100
372 1 14 150
372 1 19 100
372 1 22 150
372 1 35 100
372 1 46 148
372 1 48 99
376 1 1 99
376 1 10 150
376 1 11 100
376 1 14 150
376 1 19 100
376 1 22 150
376 1 35 100
376 1 46 148
376 1 48 99
377 40 4 99
377 40 5 150
377 40 9 99
377 40 38 150
378 40 4 99
378 40 5 150
378 40 9 99
378 40 38 150
378 1 1 99
378 1 10 150
378 1 11 100
378 1 14 150
378 1 19 100
378 1 22 150
378 1 35 100
378 1 46 148
378 1 48 99
380 40 4 99
380 40 5 150
380 40 9 99
380 40 38 150
382 1 1 99
382 1 10 150
382 1 11 100
382 1 14 150
382 1 19 100
382 1 22 150
382 1 35 100
382 1 46 148
382 1 48 99
384 40 4 99
384 40 5 150
384 40 9 99
384 40 38 150
386 28 3 99
386 28 11 150
386 28 14 100
386 28 16 150
386 28 17 99
386 28 20 150
386 28 22 99
386 28 26 150
386 28 35 100
386 28 38 148
386 28 39 100
386 28 40 150
386 28 43 100
386 40 4 99
386 40 5 150
386 40 9 99
386 40 38 150
390 28 3 99
390 28 11 150
390 28 14 100
390 28 16 150
390 28 17 99
390 28 20 150
390 28 22 99
390 28 26 150
390 28 35 100
390 28 38 148
390 28 39 100
390 28 40 150
390 28 43 100
392 1 1 99
392 1 10 150
392 1 11 100
392 1 14 150
392 1 19 100
392 1 22 150
392 1 35 100
392 1 46 148
392 1 48 99
392 40 4 99
392 40 5 150
392 40 9 99
392 40 38 150
395 40 4 99
395 40 5 150
395 40 9 99
395 40 38 150
397 28 3 99
397 28 11 150
397 28 14 100
397 28 16 150
397 28 17 99
397 28 20 150
397 28 22 99
397 28 26 150
397 28 35 100
397 28 38 148
397 28 39 100
397 28 40 150
397 28 43 100
398 40 4 99
398 40 5 150
398 40 9 99
398 40 38 150
401 40 4 99
401 40 5 150
401 40 9 99
401 40 38 150
403 1 1 99
403 1 10 150
403 1 11 100
403 1 14 150
403 1 19 100
403 1 22 150
403 1 35 100
403 1 46 148
403 1 48 99
404 28 3 99
404 28 11 150
404 28 14 100
404 28 16 150
404 28 17 99
404 28 20 150
404 28 22 99
404 28 26 150
404 28 35 100
404 28 38 148
404 28 39 100
404 28 40 150
404 28 43 100
405 40 4 99
405 40 5 150
405 40 9 99
405 40 38 150
406 40 4 99
406 40 5 150
406 40 9 99
406 40 38 150
407 40 4 99
407 40 5 150
407 40 9 99
407 40 38 150
407 1 1 99
407 1 10 150
407 1 11 100
407 1 14 150
407 1 19 100
407 1 22 150
407 1 35 100
407 1 46 148
407 1 48 99
408 1 1 99
408 1 10 150
408 1 11 100
408 1 14 150
408 1 19 100
408 1 22 150
408 1 35 100
408 1 46 148
408 1 48 99
409 1 1 99
409 1 10 150
409 1 11 100
409 1 14 150
409 1 19 100
409 1 22 150
409 1 35 100
409 1 46 148
409 1 48 99
410 40 4 99
410 40 5 150
410 40 9 99
410 40 38 150
411 49 16 99
411 49 23 150
411 49 35 100
411 49 41 148
411 49 48 100
411 49 49 150
412 1 1 99
412 1 10 150
412 1 11 100
412 1 14 150
412 1 19 100
412 1 22 150
412 1 35 100
412 1 46 148
412 1 48 99
413 1 1 99
413 1 10 150
413 1 11 100
413 1 14 150
413 1 19 100
413 1 22 150
413 1 35 100
413 1 46 148
413 1 48 99
414 49 16 99
414 49 23 150
414 49 35 100
414 49 41 148
414 49 48 100
414 49 49 150
416 1 1 99
416 1 10 150
416 1 11 100
416 1 14 150
416 1 19 100
416 1 22 150
416 1 35 100
416 1 46 148
416 1 48 99
417 49 16 99
417 49 23 150
417 49 35 100
417 49 41 148
417 49 48 100
417 49 49 150
418 40 4 99
418 40 5 150
418 40 9 99
418 40 38 150
418 1 1 99
418 1 10 150
418 1 11 100
418 1 14 150
418 1 19 100
418 1 22 150
418 1 35 100
418 1 46 148
418 1 48 99
420 1 1 99
420 1 10 150
420 1 11 100
420 1 14 150
420 1 19 100
420 1 22 150
420 1 35 100
420 1 46 148
420 1 48 99
420 49 16 99
420 49 23 150
420 49 35 100
420 49 41 148
420 49 48 100
420 49 49 150
420 40 4 99
420 40 5 150
420 40 9 99
420 40 38 150
421 49 16 99
421 49 23 150
421 49 35 100
421 49 41 148
421 49 48 100
421 49 49 150
421 40 4 99
421 40 5 150
421 40 9 99
421 40 38 150
423 28 3 99
423 28 11 150
423 28 14 100
423 28 16 150
423 28 17 99
423 28 20 150
423 28 22 99
423 28 26 150
423 28 35 100
423 28 38 148
423 28 39 100
423 28 40 150
423 28 43 100
424 49 16 99
424 49 23 150
424 49 35 100
424 49 41 148
424 49 48 100
424 49 49 150
425 49 16 99
425 49 23 150
425 49 35 100
425 49 41 148
425 49 48 100
425 49 49 150
427 1 1 99
427 1 10 150
427 1 11 100
427 1 14 150
427 1 19 100
427 1 22 150
427 1 35 100
427 1 46 148
427 1 48 99
428 49 16 99
428 49 23 150
428 49 35 100
428 49 41 148
428 49 48 100
428 49 49 150
428 40 4 99
428 40 5 150
428 40 9 99
428 40 38 150
429 40 4 99
429 40 5 150
429 40 9 99
429 40 38 150
429 1 1 99
429 1 10 150
429 1 11 100
429 1 14 150
429 1 19 100
429 1 22 150
429 1 35 100
429 1 46 148
429 1 48 99
434 1 1 99
434 1 10 150
434 1 11 100
434 1 14 150
434 1 19 100
434 1 22 150
434 1 35 100
434 1 46 148
434 1 48 99
434 28 3 99
434 28 11 150
434 28 14 100
434 28 16 150
434 28 17 99
434 28 20 150
434 28 22 99
434 28 26 150
434 28 35 100
434 28 38 148
434 28 39 100
434 28 40 150
434 28 43 100
435 40 4 99
435 40 5 150
435 40 9 99
435 40 38 150
437 1 1 99
437 1 10 150
437 1 11 100
437 1 14 150
437 1 19 100
437 1 22 150
437 1 35 100
437 1 46 148
437 1 48 99
438 40 4 99
438 40 5 150
438 40 9 99
438 40 38 150
440 40 4 99
440 40 5 150
440 40 9 99
440 40 38 150
441 1 1 99
441 1 10 150
441 1 11 100
441 1 14 150
441 1 19 100
441 1 22 150
441 1 35 100
441 1 46 148
441 1 48 99
442 1 1 99
442 1 10 150
442 1 11 100
442 1 14 150
442 1 19 100
442 1 22 150
442 1 35 100
442 1 46 148
442 1 48 99
442 40 4 99
442 40 5 150
442 40 9 99
442 40 38 150
443 40 4 99
443 40 5 150
443 40 9 99
443 40 38 150
444 40 4 99
444 40 5 150
444 40 9 99
444 40 38 150
445 40 4 99
445 40 5 150
445 40 9 99
445 40 38 150
446 1 1 99
446 1 10 150
446 1 11 100
446 1 14 150
446 1 19 100
446 1 22 150
446 1 35 100
446 1 46 148
446 1 48 99
447 49 16 99
447 49 23 150
447 49 35 100
447 49 41 148
447 49 48 100
447 49 49 150
449 40 4 99
449 40 5 150
449 40 9 99
449 40 38 150
451 40 4 99
451 40 5 150
451 40 9 99
451 40 38 150
451 49 16 99
451 49 23 150
451 49 35 100
451 49 41 148
451 49 48 100
451 49 49 150
457 40 4 99
457 40 5 150
457 40 9 99
457 40 38 150
460 1 1 99
460 1 10 150
460 1 11 100
460 1 14 150
460 1 19 100
460 1 22 150
460 1 35 100
460 1 46 148
460 1 48 99
461 18 17 100
461 18 23 100
461 18 24 80
461 18 43 150
461 18 46 100
461 18 49 150
461 13 1 100
461 13 4 150
461 13 9 99
461 13 19 100
461 13 26 148
461 13 35 150
461 13 38 150
461 13 39 100
461 13 46 148
461 13 47 100
461 39 1 100
461 39 5 99
461 39 9 100
461 39 38 150
461 39 43 150
461 39 47 110
461 43 5 150
461 43 23 100
461 43 41 150
461 7 3 148
461 7 9 150
461 7 11 100
461 7 16 99
461 7 22 100
461 7 26 150
461 7 46 150
461 7 49 148
461 47 9 150
461 47 11 99
461 47 14 100
461 47 40 150
461 47 41 100
461 47 48 100
461 47 49 148
461 48 1 100
461 48 4 150
461 48 9 148
461 48 39 100
461 48 46 100
461 9 3 100
461 9 4 148
461 9 10 150
461 9 26 100
461 8 3 150
461 8 19 100
461 8 35 99
461 8 38 150
461 8 46 150
461 41 1 100
461 41 4 150
461 41 19 100
461 41 23 150
461 41 41 148
461 2 5 100
461 2 17 150
461 2 22 99
461 2 23 150
461 2 34 100
461 2 43 150
461 2 46 99
461 17 3 148
461 17 11 100
461 17 16 100
461 27 3 150
461 27 23 100
461 27 26 99
461 27 41 100
461 27 49 150
461 4 1 100
461 4 4 148
461 4 19 99
461 4 34 52
461 10 16 100
461 10 17 150
461 10 23 100
461 10 26 100
461 10 35 99
461 10 43 150
461 31 3 100
461 31 10 150
461 31 16 150
461 31 26 100
461 31 46 100
462 22 4 150
462 22 5 99
462 22 20 48
462 22 38 100
462 22 40 148
462 22 41 100
462 22 46 150
462 46 16 148
462 46 19 100
462 46 26 150
462 46 38 148
462 46 39 100
462 46 40 9
462 48 1 100
462 48 4 150
462 48 9 148
462 48 39 100
462 48 46 100
462 39 1 100
462 39 5 99
462 39 9 100
462 39 38 150
462 39 43 150
462 39 48 100
462 6 9 100
462 6 11 150
462 6 23 99
462 6 43 90
462 43 23 100
462 43 41 150
462 8 3 150
462 8 19 100
462 8 35 99
462 8 38 150
462 8 46 150
462 13 1 100
462 13 4 150
462 13 9 99
462 13 19 100
462 13 26 148
462 13 35 150
462 13 38 150
462 13 39 100
462 13 46 148
462 44 5 100
462 44 39 148
462 30 4 100
462 30 9 150
462 30 48 100
462 4 1 100
462 4 4 148
462 4 19 99
462 4 46 150
462 29 1 100
462 29 5 150
462 29 19 100
462 29 22 100
462 29 23 148
462 29 35 100
462 29 39 150
462 29 46 100
462 24 1 100
462 24 3 150
462 24 5 100
462 24 10 99
462 24 11 150
462 24 14 100
462 24 26 148
462 24 35 150
462 24 38 99
462 24 41 150
462 24 48 150
462 7 3 148
462 7 9 150
462 7 11 100
462 7 16 99
462 7 22 100
462 7 26 150
462 7 46 150
462 7 49 148
462 25 3 100
462 25 9 150
462 25 10 100
462 25 14 100
462 25 23 100
462 25 35 148
462 25 38 150
462 25 40 2
462 10 16 100
462 10 17 150
462 10 23 100
462 10 26 100
462 10 35 99
463 20 11 100
463 20 14 100
463 20 16 150
463 20 26 150
463 20 35 99
463 30 4 100
463 30 9 150
463 30 48 100
463 11 4 100
463 11 10 100
463 11 23 150
463 11 35 100
463 11 38 150
463 11 46 100
463 11 48 148
463 27 3 150
463 27 23 100
463 27 26 99
463 27 41 100
463 27 49 56
463 44 39 148
463 10 16 100
463 10 17 150
463 10 23 100
463 10 26 100
463 10 35 99
463 32 1 99
463 32 3 150
463 32 22 100
463 32 48 148
463 49 16 99
463 49 23 150
463 49 35 100
463 49 41 148
463 49 48 100
463 28 3 99
463 28 11 150
463 28 14 100
463 28 16 150
463 28 17 99
463 28 22 99
463 28 26 150
463 28 35 100
463 28 38 148
463 28 39 100
463 31 3 100
463 31 10 150
463 31 16 150
463 31 26 100
463 31 46 100
463 1 1 99
463 1 10 150
463 1 11 100
463 1 14 150
463 1 19 100
463 1 22 150
463 1 35 100
463 1 46 148
463 1 48 99
463 23 19 100
463 23 23 148
463 5 3 150
463 5 9 150
463 5 14 100
463 5 39 100
463 5 41 150
463 15 5 99
463 15 11 99
463 15 23 100
463 15 48 100
463 36 5 150
463 36 9 100
463 36 10 150
463 36 11 100
463 36 39 150
463 8 3 150
463 8 19 100
463 8 35 99
463 8 38 150
463 8 46 150
464 3 4 150
464 3 10 100
464 3 19 100
464 3 35 100
464 3 39 150
464 3 48 100
464 9 3 100
464 9 4 148
464 9 10 150
464 9 26 100
464 39 1 100
464 39 5 99
464 39 9 100
464 39 24 3
464 39 48 100
464 44 5 100
464 44 39 148
464 21 9 150
464 21 10 100
464 21 35 99
464 21 41 100
464 21 46 99
464 37 5 148
464 37 10 100
464 37 11 150
464 37 19 150
464 37 22 100
464 37 23 150
464 37 39 150
464 37 41 100
464 37 46 100
464 16 3 100
464 16 9 100
464 16 17 12
464 16 39 150
464 16 46 100
464 16 48 150
464 42 3 148
464 42 5 100
464 42 10 100
464 42 19 150
464 42 39 99
464 42 40 27
464 27 23 100
464 27 26 99
464 27 41 100
464 45 1 100
464 45 16 100
464 45 35 148
464 35 4 100
464 35 22 100
464 35 35 150
464 35 41 100
464 2 5 100
464 2 22 99
464 2 23 150
464 2 46 99
464 19 1 150
464 19 5 100
464 19 9 150
464 19 19 99
464 19 26 150
464 19 38 54
464 47 11 99
464 47 41 100
464 47 48 100
464 30 4 100
464 30 9 150
464 30 48 100
464 23 19 100
464 23 23 148
465 31 3 100
465 31 10 150
465 31 16 150
465 31 24 5
465 31 46 100
465 34 4 100
465 34 9 100
465 34 11 148
465 34 16 148
465 34 19 150
465 34 26 100
465 34 35 150
465 34 39 100
465 19 1 150
465 19 5 100
465 19 9 150
465 19 19 99
465 19 26 150
465 28 3 99
465 28 11 150
465 28 14 71
465 28 22 99
465 28 26 150
465 28 35 100
465 28 39 100
465 30 4 100
465 30 9 150
465 30 48 100
465 14 10 99
465 14 19 99
465 14 22 100
465 14 35 99
465 14 41 100
465 14 46 100
465 32 1 99
465 32 3 3
465 32 48 148
465 4 1 100
465 4 4 148
465 4 19 99
465 4 46 150
465 8 19 100
465 8 35 99
465 8 46 150
465 20 11 100
465 20 16 150
465 20 26 150
465 20 35 99
465 6 9 100
465 6 11 150
465 6 23 99
465 16 9 100
465 16 19 100
465 16 39 150
465 16 46 100
465 16 48 150
465 38 1 99
465 38 19 100
465 38 35 148
465 38 39 150
465 38 41 100
465 38 46 100
465 46 16 148
465 46 19 100
465 46 26 150
465 46 39 100
465 41 1 100
465 41 4 150
465 41 19 100
465 41 23 150
465 41 41 148
465 35 4 100
465 35 22 100
465 35 35 150
465 35 41 100
466 21 9 150
466 21 10 100
466 21 35 99
466 21 41 100
466 21 46 99
466 11 4 100
466 11 10 100
466 11 23 150
466 11 35 100
466 11 38 1
466 11 48 148
466 3 4 150
466 3 10 100
466 3 19 100
466 3 35 100
466 3 39 150
466 3 48 100
466 20 11 100
466 20 14 68
466 20 26 150
466 20 35 99
466 20 40 27
466 5 14 2
466 5 41 150
466 43 5 150
466 43 23 100
466 43 24 3
466 25 9 150
466 25 10 100
466 25 23 100
466 25 35 148
466 25 46 150
466 9 4 148
466 9 10 150
466 9 26 100
466 14 10 99
466 14 19 99
466 14 22 100
466 14 35 99
466 14 41 100
466 14 46 100
466 32 1 99
466 32 22 100
466 32 24 1
466 34 4 100
466 34 9 100
466 34 11 148
466 34 16 148
466 34 19 150
466 34 26 28
466 34 39 100
466 16 9 100
466 16 19 100
466 16 39 150
466 16 46 100
466 16 48 150
466 41 1 100
466 41 4 150
466 41 19 100
466 41 23 150
466 41 41 148
466 49 16 99
466 49 23 150
466 49 35 100
466 49 41 148
466 49 48 100
466 0 4 100
466 0 5 150
466 0 11 150
466 0 19 100
466 0 35 100
466 0 39 27
466 10 23 100
466 10 35 99
467 33 1 150
467 33 10 100
467 33 46 150
467 19 1 150
467 19 5 100
467 19 9 150
467 19 19 99
467 19 26 43
467 39 5 99
467 39 9 100
467 39 48 100
467 10 16 100
467 10 23 100
467 10 35 99
467 6 9 100
467 6 11 150
467 6 23 99
467 32 1 99
467 32 22 100
467 32 48 148
467 34 4 100
467 34 9 100
467 34 11 148
467 34 16 148
467 34 19 150
467 34 35 150
467 18 17 1
467 18 46 100
467 5 9 150
467 5 14 70
467 13 1 100
467 13 4 150
467 13 9 99
467 13 19 100
467 13 35 150
467 13 46 148
467 16 9 100
467 16 19 100
467 16 46 100
467 16 48 150
467 26 9 150
467 28 11 150
467 28 16 150
467 28 22 99
467 28 35 100
467 4 1 100
467 4 4 148
467 4 19 99
467 4 46 150
467 25 9 150
467 25 10 100
467 25 23 100
467 25 35 148
467 25 46 150
467 7 9 150
467 7 11 100
467 7 16 99
467 7 22 100
467 7 46 150
468 12 1 99
468 12 14 70
468 12 46 150
468 35 4 100
468 35 22 100
468 35 35 150
468 35 41 100
468 26 9 150
468 17 11 100
468 17 16 100
468 27 23 100
468 27 41 100
468 18 23 100
468 18 46 100
468 33 1 150
468 33 10 100
468 33 46 150
468 4 1 100
468 4 4 148
468 4 19 99
468 4 46 150
468 2 5 100
468 2 22 99
468 2 23 150
468 2 46 99
468 13 1 100
468 13 4 150
468 13 9 99
468 13 19 100
468 13 35 150
468 13 46 148
468 47 9 150
468 47 11 99
468 47 41 100
468 47 48 100
468 5 9 150
468 5 41 150
468 3 4 150
468 3 10 100
468 3 19 100
468 3 35 100
468 3 48 100
468 49 16 99
468 49 23 150
468 49 35 100
468 49 41 148
468 49 48 100
468 23 19 100
468 23 23 148
468 41 1 100
468 41 4 150
468 41 19 100
468 41 23 150
468 41 41 148
469 14 10 99
469 14 19 99
469 14 22 100
469 14 35 99
469 14 41 100
469 14 46 100
469 41 1 100
469 41 4 150
469 41 19 100
469 41 23 150
469 41 41 148
469 42 5 68
469 42 19 150
469 5 9 150
469 5 41 150
469 44 24 3
469 45 16 100
469 45 35 148
469 26 9 150
469 30 4 100
469 30 9 150
469 30 48 100
469 38 1 99
469 38 19 100
469 38 35 148
469 38 41 100
469 38 46 100
469 15 11 99
469 15 23 100
469 15 48 100
469 40 4 99
469 40 9 99
469 20 11 100
469 20 16 150
469 20 26 44
469 1 1 99
469 1 10 150
469 1 11 100
469 1 19 100
469 1 22 150
469 1 35 100
469 1 46 148
469 1 48 99
469 8 19 100
469 8 35 99
469 8 46 150
469 19 1 150
469 19 9 150
469 19 19 99
469 48 1 100
469 48 4 150
469 48 9 148
469 48 46 100
470 25 9 150
470 25 10 100
470 25 14 70
470 25 35 148
470 25 46 150
470 14 10 99
470 14 19 99
470 14 22 100
470 14 35 99
470 14 41 100
470 14 46 100
470 33 1 150
470 33 10 100
470 33 46 150
470 15 5 63
470 15 23 100
470 15 48 100
470 13 1 100
470 13 4 150
470 13 9 99
470 13 19 100
470 13 26 40
470 13 46 148
470 45 1 100
470 45 16 100
470 45 35 148
470 5 9 150
470 5 41 150
470 6 9 100
470 6 11 150
470 6 23 99
470 4 1 100
470 4 4 148
470 4 19 99
470 4 46 150
470 9 4 148
470 9 10 150
470 9 26 2
470 23 19 100
470 23 23 148
470 38 1 99
470 38 19 100
470 38 35 148
470 38 41 100
470 38 46 100
470 16 9 100
470 16 19 100
470 16 46 100
470 16 48 150
470 3 4 150
470 3 10 100
470 3 19 100
470 3 35 100
470 3 48 100
470 42 10 100
470 42 19 150
471 26 9 150
471 17 11 100
471 17 16 100
471 33 1 150
471 33 10 100
471 33 46 150
471 38 1 99
471 38 19 100
471 38 35 148
471 38 41 100
471 38 46 100
471 5 9 150
471 5 14 70
471 15 5 66
471 15 23 100
471 15 48 100
471 42 10 100
471 42 19 150
471 42 40 27
471 43 41 150
471 24 1 100
471 24 10 99
471 24 11 150
471 24 35 150
471 24 38 93
471 24 48 150
471 13 1 100
471 13 4 150
471 13 9 99
471 13 19 100
471 13 35 150
471 13 38 2
471 40 4 99
471 40 9 99
471 22 4 150
471 22 23 148
471 22 41 100
471 22 46 150
471 8 19 100
471 8 35 99
471 8 46 150
471 31 10 150
471 31 16 150
471 31 24 1
471 47 9 150
471 47 11 99
471 47 41 100
471 47 48 100
471 11 4 100
471 11 10 100
471 11 23 150
471 11 35 100
471 11 46 100
471 11 48 148
472 40 4 99
472 40 5 64
472 40 38 94
472 8 35 99
472 8 46 150
472 3 4 150
472 3 10 100
472 3 19 100
472 3 35 100
472 3 48 100
472 33 1 150
472 33 10 100
472 33 46 150
472 1 1 99
472 1 10 150
472 1 11 100
472 1 19 100
472 1 22 150
472 1 35 100
472 1 46 148
472 1 48 99
472 14 10 99
472 14 19 99
472 14 22 100
472 14 35 99
472 14 41 100
472 14 46 100
472 32 1 99
472 32 22 100
472 32 48 148
472 41 1 100
472 41 4 150
472 41 19 100
472 41 23 150
472 41 41 148
472 49 16 99
472 49 23 150
472 49 35 100
472 49 41 148
472 49 48 100
472 20 11 100
472 20 16 150
472 20 35 99
472 46 16 148
472 46 19 100
472 15 11 99
472 15 23 100
472 15 48 100
472 9 4 148
472 9 10 150
472 43 5 1
472 43 41 150
472 23 19 100
472 23 23 148
473 46 16 148
473 46 19 100
473 46 38 96
473 21 10 100
473 21 35 99
473 21 41 100
473 21 46 99
473 5 9 150
473 5 14 70
473 41 1 100
473 41 4 150
473 41 19 100
473 41 23 150
473 41 41 148
473 14 10 99
473 14 19 99
473 14 22 100
473 14 35 99
473 14 41 100
473 14 46 100
473 44 5 64
473 33 10 100
473 33 46 150
473 7 9 150
473 7 11 100
473 7 16 99
473 7 22 100
473 7 46 150
473 20 11 100
473 20 16 150
473 20 35 99
473 18 23 100
473 18 46 100
473 3 4 150
473 3 10 100
473 3 19 100
473 3 35 100
473 3 48 100
473 29 1 100
473 29 5 1
473 29 22 100
473 29 23 148
473 29 35 100
473 29 46 100
473 17 11 100
473 17 16 100
473 13 1 100
473 13 4 150
473 13 9 99
473 13 19 100
473 13 35 150
473 13 46 148
473 6 9 100
473 6 11 150
473 6 23 99
473 22 4 150
473 22 23 148
473 22 41 100
473 22 46 150
474 24 1 100
474 24 5 64
474 24 11 150
474 24 14 68
474 24 41 13418
474 40 4 99
474 40 9 99
474 25 9 150
474 25 10 100
474 25 14 2
474 25 35 148
474 25 46 150
474 9 4 148
474 9 10 150
474 9 26 2
474 4 1 100
474 4 4 148
474 4 19 99
474 4 46 150
474 13 1 100
474 13 4 150
474 13 9 99
474 13 19 100
474 13 35 150
474 13 46 148
474 36 9 100
474 36 10 150
474 36 11 100
474 15 11 99
474 15 23 100
474 15 48 100
474 37 10 100
474 37 11 150
474 37 19 150
474 37 22 100
474 37 23 150
474 37 46 100
474 0 4 100
474 0 11 150
474 0 19 100
474 0 35 100
474 35 4 100
474 35 22 100
474 35 35 150
474 6 9 100
474 6 11 150
474 6 23 99
474 10 16 100
474 10 23 100
474 10 35 99
474 33 1 150
474 33 10 100
474 33 46 150
474 5 9 150
475 11 4 100
475 11 10 100
475 11 23 150
475 11 35 100
475 11 38 95
475 11 48 148
475 16 9 100
475 16 14 69
475 16 46 100
475 16 48 150
475 19 1 150
475 19 5 66
475 19 19 99
475 12 1 99
475 12 24 1
475 12 46 150
475 31 10 150
475 31 16 150
475 31 46 100
475 27 23 100
475 30 4 100
475 30 9 150
475 30 48 100
475 39 1 100
475 39 9 100
475 39 48 100
475 28 11 150
475 28 14 1
475 28 22 99
475 28 35 100
475 36 9 100
475 36 10 150
475 36 11 100
475 24 1 100
475 24 10 99
475 24 11 150
475 24 35 150
475 24 41 -13418
475 24 48 15056
475 4 4 148
475 4 19 99
475 4 46 150
475 37 10 100
475 37 11 150
475 37 19 150
475 37 22 100
475 37 23 150
475 37 41 100
475 37 46 100
475 22 4 150
475 22 23 148
475 22 41 100
475 22 46 150
475 21 9 150
475 21 10 100
475 21 35 99
475 21 41 100
475 21 46 99
476 16 9 100
476 16 14 69
476 16 46 100
476 42 5 64
476 42 19 150
476 45 1 100
476 45 16 100
476 45 35 148
476 23 19 100
476 23 23 148
476 23 49 150
476 19 1 150
476 19 9 150
476 19 19 99
476 19 38 94
476 34 9 100
476 34 11 148
476 34 16 148
476 34 19 150
476 34 35 150
476 5 9 150
476 5 41 150
476 49 16 99
476 49 23 150
476 49 35 100
476 49 41 148
476 49 49 150
476 35 4 100
476 35 22 100
476 35 35 150
476 35 41 100
476 29 1 100
476 29 5 1
476 29 22 100
476 29 23 112
476 29 46 100
476 1 1 99
476 1 10 150
476 1 11 100
476 1 14 1
476 1 22 150
476 1 35 100
476 1 46 148
476 38 1 99
476 38 19 100
476 38 35 148
476 38 41 100
476 38 46 100
476 38 49 100
476 4 1 100
476 4 4 148
476 4 19 99
476 4 46 150
476 28 11 150
476 28 16 150
476 28 22 99
476 28 35 100
476 31 10 150
476 31 16 150
476 31 46 100
476 20 11 100
476 20 16 150
476 20 35 99
477 32 1 99
477 32 22 100
477 4 1 100
477 4 4 148
477 4 19 99
477 4 46 150
477 35 4 100
477 35 14 70
477 35 35 150
477 35 41 100
477 6 9 100
477 6 11 150
477 6 23 99
477 13 1 100
477 13 4 150
477 13 9 99
477 13 19 100
477 13 26 40
477 13 38 1
477 5 9 150
477 5 41 150
477 49 16 99
477 49 23 12
477 49 41 148
477 33 1 150
477 33 10 100
477 33 46 150
477 10 16 100
477 10 26 2
477 12 1 99
477 12 35 99
477 12 40 27
477 38 1 99
477 38 19 100
477 38 35 148
477 38 41 100
477 38 46 100
477 22 4 150
477 22 5 63
477 22 46 150
477 29 1 100
477 29 5 2
477 29 22 100
477 29 35 100
477 29 46 100
477 14 10 99
477 14 19 99
477 14 22 100
477 14 35 99
477 14 41 100
477 14 46 100
477 21 9 150
477 21 10 100
477 21 35 99
477 21 41 100
477 21 46 99
477 46 16 148
477 46 19 100
478 7 9 150
478 7 11 100
478 7 16 99
478 7 22 100
478 7 26 42
478 49 16 99
478 49 23 112
478 49 41 148
478 30 4 100
478 30 9 150
478 21 9 150
478 21 10 100
478 21 35 99
478 21 41 100
478 21 46 99
478 13 1 100
478 13 4 150
478 13 9 99
478 13 19 100
478 13 35 150
478 13 46 148
478 36 5 63
478 36 10 150
478 36 11 100
478 17 11 100
478 17 16 100
478 25 9 150
478 25 10 100
478 25 35 148
478 25 46 150
478 1 1 99
478 1 10 92
478 1 19 100
478 1 22 150
478 1 35 100
478 1 46 148
478 8 19 100
478 8 35 99
478 8 46 150
478 41 1 100
478 41 4 150
478 41 19 100
478 41 23 1
478 16 9 100
478 16 19 100
478 16 46 100
478 5 9 150
478 5 41 150
478 28 11 150
478 28 16 150
478 28 22 99
478 28 35 100
478 20 11 100
478 20 16 150
478 20 35 99
478 45 1 100
478 45 16 100
478 45 35 148
479 24 1 8616
479 19 9 150
479 19 19 99
479 19 38 2
479 25 14 2
479 25 46 150
479 9 4 148
479 8 19 100
479 8 46 150
479 27 23 12
479 15 48 100
479 42 10 1
479 43 5 1
479 11 4 100
479 11 35 2
479 11 48 148
479 10 16 100
479 48 4 150
479 48 9 148
479 48 46 100
479 0 4 100
479 0 19 100
480 18 40 27
480 17 11 18
480 8 19 100
480 8 46 150
480 21 9 150
480 21 41 100
480 21 46 99
480 6 9 100
480 6 11 1
480 25 9 150
480 25 46 150
480 26 9 60
480 1 22 150
480 1 46 148
480 1 48 99
480 39 48 100
480 47 41 80
480 27 26 42
480 34 4 100
480 34 16 148
480 34 19 150
480 2 22 99
480 2 46 99
480 24 1 -8616
480 24 5 2
480 24 35 -18162
480 24 41 -11996
480 24 48 14408
481 38 19 100
481 38 35 148
481 38 41 100
481 38 46 100
481 16 14 69
481 16 46 100
481 16 48 1
481 15 23 100
481 24 1 8518
481 25 23 12
481 8 19 100
481 8 38 2
481 33 46 150
481 32 22 100
481 32 48 148
481 47 48 100
481 2 22 99
481 2 46 99
481 40 4 99
481 3 4 150
481 3 19 100
481 3 48 100
481 4 4 148
481 4 19 99
481 4 46 150
481 49 16 99
481 49 35 2
481 45 16 100
482 14 14 69
482 14 22 100
482 14 46 100
482 25 14 2
482 19 5 66
482 19 38 2
482 45 16 100
482 22 4 150
482 22 24 4
482 18 46 100
482 42 19 150
482 11 4 100
482 11 46 100
482 11 48 148
482 38 19 100
482 38 46 100
482 20 11 18
482 0 4 100
482 0 19 100
482 35 4 100
482 35 22 100
482 24 1 -8518
482 24 11 -31926
482 24 35 -18012
482 24 41 -12076
482 24 48 13812
483 32 22 100
483 30 4 100
483 6 11 150
483 16 14 69
483 16 46 100
483 24 1 8418
483 48 4 150
483 48 46 100
483 21 46 99
483 41 4 150
483 41 19 100
483 43 5 1
483 3 19 100
483 3 48 100
483 49 16 99
483 49 48 100
483 1 14 1
483 1 22 150
483 1 46 148
483 1 48 99
483 25 40 27
483 23 19 100
484 47 11 18
484 47 48 100
484 5 41 78
484 46 19 100
484 46 26 44
484 45 35 96
484 8 46 150
484 33 46 150
484 44 5 64
484 32 48 148
484 16 19 100
484 16 46 100
484 16 48 150
484 19 19 99
484 12 46 150
484 35 4 100
484 35 22 100
484 35 35 2
484 25 46 150
484 22 4 150
484 22 23 12
485 46 16 148
485 46 19 100
485 46 26 42
485 14 22 100
485 14 41 100
485 14 46 100
485 40 4 99
485 40 5 66
485 24 11 -31794
485 24 35 -18012
485 24 41 -12256
485 24 48 13114
485 10 24 4
485 36 11 100
485 5 41 150
485 4 1 100
485 4 4 148
485 4 19 99
485 4 46 150
485 6 11 150
485 30 4 100
485 30 48 1
485 38 19 100
485 38 35 148
485 38 41 100
485 38 46 100
485 23 19 100
485 9 4 148
485 25 35 148
485 25 46 150
485 49 16 99
485 49 35 100
485 49 41 148
486 38 1 99
486 38 19 100
486 38 35 148
486 38 41 100
486 38 46 100
486 39 1 100
486 39 5 63
486 4 4 148
486 4 19 99
486 4 46 150
486 40 4 99
486 40 5 2
486 28 14 71
486 28 22 99
486 28 26 42
486 27 23 100
486 27 41 100
486 45 1 100
486 45 16 100
486 45 35 148
486 30 4 100
486 49 16 99
486 49 23 12
486 49 41 148
486 14 19 99
486 14 22 100
486 14 35 99
486 14 41 100
486 14 46 100
486 32 1 99
486 32 22 100
486 11 4 100
486 11 35 100
486 11 46 100
486 24 1 7722
486 8 19 100
486 8 46 150
486 6 11 2
487 47 48 100
487 24 1 -7722
487 24 5 64
487 24 26 40
487 24 41 -11670
487 24 48 13014
487 19 19 99
487 19 26 2
487 8 19 100
487 8 35 99
487 8 46 150
487 39 1 100
487 49 16 99
487 49 23 112
487 49 41 148
487 36 11 100
487 35 4 100
487 35 22 100
487 35 35 150
487 35 41 100
487 12 1 99
487 12 35 99
487 12 46 150
487 5 41 150
487 17 11 100
487 17 16 100
487 37 11 150
487 37 19 150
487 37 22 100
487 37 41 100
487 37 46 100
487 43 5 1
487 2 22 99
487 2 46 99
487 23 19 100
488 28 11 150
488 28 14 70
488 28 22 99
488 28 35 100
488 28 38 92
488 31 46 100
488 48 1 100
488 48 4 150
488 48 46 100
488 20 11 100
488 20 16 150
488 20 35 99
488 17 11 100
488 17 16 100
488 27 23 100
488 27 41 100
488 36 5 63
488 8 19 100
488 8 35 99
488 8 38 2
488 33 1 150
488 33 46 150
488 11 4 100
488 11 23 12
488 11 38 1
488 18 46 100
488 1 1 99
488 1 11 100
488 1 19 100
488 1 22 150
488 1 35 100
488 1 46 148
488 23 19 100
488 16 19 100
488 16 46 100
488 40 4 99
488 40 5 2
488 35 22 100
488 35 35 150
488 35 41 100
489 44 5 64
489 11 23 111
489 11 46 100
489 42 19 129
489 33 46 150
489 7 9 150
489 7 11 100
489 7 16 99
489 7 22 100
489 7 26 42
489 41 1 100
489 41 4 150
489 41 23 1
489 31 16 150
489 31 46 100
489 25 9 6
489 25 46 150
489 9 4 148
489 36 11 100
489 5 41 150
489 19 1 150
489 32 1 99
489 32 22 100
489 47 11 99
489 47 41 100
489 3 4 150
489 3 35 100
489 22 4 150
489 22 41 100
489 22 46 150
490 22 4 150
490 22 5 66
490 22 46 150
490 33 1 150
490 33 46 150
490 34 4 100
490 34 9 100
490 34 11 148
490 34 16 148
490 34 35 150
490 13 1 100
490 13 4 150
490 13 9 99
490 13 35 150
490 13 38 1
490 46 16 148
490 41 1 100
490 41 4 150
490 41 41 148
490 0 4 100
490 0 11 150
490 0 35 100
490 5 9 150
490 5 14 70
490 48 1 100
490 48 4 150
490 48 9 148
490 48 46 100
490 17 11 100
490 17 16 100
490 4 1 100
490 4 4 148
490 4 46 150
490 30 4 100
490 30 9 73
490 32 1 99
490 32 22 100
490 49 16 99
490 49 35 100
490 49 41 148
491 8 35 99
491 8 38 94
491 17 11 100
491 17 16 100
491 0 4 100
491 0 5 64
491 0 35 100
491 41 1 100
491 41 4 150
491 41 41 148
491 18 24 4
491 14 14 69
491 14 35 99
491 14 41 100
491 14 46 100
491 30 4 100
491 28 11 150
491 28 14 1
491 28 22 99
491 28 35 100
491 9 4 148
491 47 11 99
491 47 41 100
491 43 5 1
491 16 46 100
491 15 11 99
491 33 1 150
491 33 46 150
491 45 1 100
491 45 16 100
491 45 35 148
492 41 1 100
492 41 4 150
492 41 41 148
492 12 1 99
492 12 14 70
492 12 46 150
492 32 1 99
492 32 22 100
492 1 1 99
492 1 11 100
492 1 22 150
492 1 35 100
492 1 46 148
492 46 16 148
492 46 26 2
492 8 46 150
492 49 16 99
492 49 35 100
492 49 41 148
492 7 11 100
492 7 16 99
492 7 22 100
492 7 46 150
492 0 4 100
492 0 5 64
492 0 35 100
492 47 11 99
492 47 41 100
492 48 1 100
492 48 4 150
492 48 46 100
492 3 4 150
492 3 35 100
492 14 22 100
492 14 35 99
492 14 41 100
492 14 46 100
492 4 1 100
492 4 4 148
492 4 46 150
492 15 11 99
492 29 1 100
492 29 5 1
492 29 35 100
492 29 46 100
493 13 1 100
493 13 4 150
493 13 9 99
493 13 26 40
493 13 38 1
493 16 9 56
493 15 5 63
493 15 23 100
493 27 23 12
493 46 16 148
493 46 26 2
493 32 22 100
493 40 4 99
493 40 5 2
493 39 9 1
493 7 11 2
493 7 22 100
493 7 46 150
493 18 46 100
493 1 22 150
493 1 46 148
493 1 48 99
493 37 22 100
493 37 46 100
493 2 22 99
493 2 46 99
493 30 4 100
493 30 48 100
494 28 11 18
494 28 22 99
494 28 26 42
494 1 22 150
494 1 46 148
494 1 48 99
494 10 16 100
494 10 23 100
494 31 16 150
494 31 46 100
494 32 22 100
494 32 48 148
494 14 22 100
494 14 46 100
494 3 4 150
494 3 48 100
494 23 23 12
494 30 48 100
494 20 16 150
494 43 5 65
494 29 46 100
494 13 4 150
494 13 35 1
494 18 46 100
495 11 4 100
495 11 23 111
495 11 48 148
495 48 4 150
495 48 9 148
495 48 46 100
495 34 4 100
495 34 9 8
495 34 26 42
495 4 46 150
495 15 5 63
495 35 4 100
495 35 22 100
495 35 41 100
495 14 22 100
495 14 41 80
495 20 11 2
495 22 4 150
495 22 46 150
495 3 4 150
495 3 48 100
495 46 16 148
495 9 4 148
495 2 22 99
495 2 46 99
495 0 4 100
495 0 5 2
495 7 22 100
495 7 46 150
496 46 16 148
496 46 26 42
496 28 22 99
496 28 35 98
496 18 46 100
496 3 4 150
496 3 48 100
496 33 46 150
496 7 16 99
496 7 22 100
496 7 46 150
496 44 5 64
496 41 23 13
496 48 4 150
496 48 46 100
496 21 41 32
496 4 4 148
496 4 46 150
496 32 22 100
496 32 48 148
496 16 46 100
496 16 48 150
496 11 4 100
496 11 46 100
496 11 48 148
497 48 4 150
497 48 46 100
497 20 11 18
497 20 35 96
497 29 23 112
497 9 4 148
497 25 14 2
497 19 38 2
497 35 4 100
497 35 22 100
497 35 35 2
497 4 46 150
497 8 46 150
497 30 4 100
497 30 48 100
498 8 38 94
498 36 5 63
498 36 11 18
498 5 9 56
498 7 16 99
498 7 22 100
498 7 46 150
498 7 49 148
498 34 4 100
498 34 16 148
498 34 40 27
498 31 46 100
498 16 46 100
498 16 48 150
498 21 41 28
498 29 5 2
498 29 46 100
498 25 46 150
498 45 16 100
498 39 48 100
498 35 4 100
498 35 22 100
498 35 41 2
498 32 48 148
499 5 14 70
499 18 46 100
499 18 49 102
499 30 48 100
499 14 22 100
499 14 35 96
499 21 46 99
499 43 5 65
499 15 48 100
499 2 22 99
499 2 46 99
499 33 46 150
499 49 16 99
499 49 35 2
499 20 16 150
499 20 26 42
499 7 22 100
499 7 46 150
499 37 22 100
499 37 46 100
500 32 22 100
500 32 48 148
500 43 5 65
500 46 16 148
500 46 26 42
500 40 4 99
500 17 11 18
500 35 4 100
500 35 14 70
500 35 41 30
500 20 16 150
500 28 16 150
500 28 22 99
500 8 46 150
500 39 48 100
500 15 48 100
500 22 4 150
500 22 46 150
501 31 16 150
501 31 26 40
501 36 5 63
501 47 41 100
501 47 48 100
501 47 49 100
501 13 35 98
501 24 5 2
501 24 35 -13728
501 24 41 -9844
501 24 48 9928
501 35 22 100
501 35 35 150
501 35 41 100
501 37 11 150
501 37 22 100
501 37 41 100
501 15 11 99
501 33 1 150
501 19 1 150
501 19 26 2
501 7 16 99
501 7 22 100
501 30 4 100
501 34 4 100
501 34 11 148
501 34 16 148
501 34 35 150
501 32 1 99
501 32 22 100
501 5 41 150
502 5 14 70
502 43 5 65
502 43 41 150
502 40 4 99
502 23 23 12
502 11 35 100
502 17 11 100
502 17 16 100
502 15 11 99
502 32 1 99
502 32 22 100
502 49 16 99
502 49 35 100
502 49 41 148
502 41 1 100
502 41 4 150
502 41 41 148
502 9 4 148
502 9 26 42
502 19 1 150
502 25 35 148
502 25 46 1
502 10 35 99
503 7 9 150
503 7 11 100
503 7 16 99
503 7 22 100
503 15 5 63
503 28 11 150
503 28 16 150
503 28 22 99
503 28 35 100
503 28 38 92
503 30 4 100
503 30 9 6
503 29 1 100
503 29 5 2
503 29 35 100
503 43 41 150
503 25 10 8
503 25 38 3
503 47 41 100
503 24 1 3682
503 40 4 99
503 9 4 148
503 11 4 100
503 11 35 2
504 43 5 65
504 45 16 100
504 2 22 99
504 49 16 99
504 49 35 2
504 0 4 100
504 35 4 100
504 35 22 100
504 13 4 150
504 13 26 40
504 31 16 150
504 31 24 1
505 21 41 100
505 8 38 94
505 22 23 112
505 42 40 2
505 7 22 100
505 7 26 2
505 34 16 148
505 11 4 100
505 11 38 1
505 14 22 100
505 32 22 100
505 32 48 148
505 10 16 100
505 0 4 100
505 0 5 2
506 45 35 148
506 37 5 64
506 30 4 100
506 30 48 100
506 2 22 99
506 25 14 2
506 28 22 99
506 28 26 42
506 1 48 99
506 7 16 99
506 7 22 100
506 10 16 100
506 24 1 -3682
506 24 11 -27282
506 24 35 -12729
506 24 41 -8908
506 24 48 9034
506 22 41 100
507 24 1 3682
507 24 11 27282
507 35 4 100
507 35 14 2
507 38 49 100
507 23 49 150
507 36 5 27
507 20 16 150
507 20 26 2
507 49 35 1
507 41 4 150
507 39 48 100
507 3 4 150
507 3 48 100
507 14 22 100
507 15 48 100
508 25 14 70
508 25 35 96
508 21 41 28
508 0 4 100
508 0 11 18
508 35 22 100
508 35 35 2
508 30 48 100
508 2 22 99
508 39 48 100
508 17 16 100
508 29 22 100
509 27 26 42
509 41 4 150
509 41 41 80
509 32 48 148
509 14 10 9
509 14 35 96
509 30 4 100
509 30 48 100
509 34 4 100
509 34 16 148
509 11 4 100
509 11 35 2
509 3 4 150
509 3 48 100
509 42 5 64
510 20 11 18
510 20 26 42
510 5 9 150
510 5 14 2
510 49 16 99
510 49 41 28
510 17 16 100
510 46 16 148
510 30 4 100
510 30 9 150
510 30 48 100
510 13 4 150
510 13 9 99
510 37 10 8
510 37 41 2
510 26 9 150
510 24 1 -3682
510 24 11 -27282
510 24 35 -12876
510 24 41 -8988
510 24 48 7738
510 45 1 100
510 45 16 100
510 45 35 148
511 3 4 150
511 3 35 100
511 21 9 1
511 21 41 100
511 18 23 100
511 13 1 100
511 13 4 150
511 13 35 150
511 13 38 95
511 0 5 66
511 0 35 100
511 27 23 12
511 38 1 99
511 38 35 148
511 38 41 100
511 7 11 100
511 7 16 99
511 7 22 100
511 28 11 150
511 28 14 71
511 28 20 150
511 28 22 99
511 28 35 100
511 24 1 3382
511 35 4 100
511 35 20 84
511 35 35 2
511 32 48 148
511 15 48 100
511 47 48 100
512 7 9 150
512 7 11 2
512 7 22 100
512 7 26 42
512 15 48 100
512 29 5 1
512 29 35 64
512 49 35 2
512 49 48 100
512 42 14 68
512 47 14 2
512 10 16 100
512 20 16 150
512 2 22 99
512 32 22 100
512 32 48 148
512 45 16 100
513 49 16 99
513 49 23 112
513 20 11 18
513 20 20 99
513 20 26 42
513 24 5 64
513 24 35 -11979
513 24 41 -8868
513 24 48 6742
513 28 11 150
513 28 16 150
513 28 20 1
513 28 35 100
513 22 4 150
513 22 41 100
513 9 4 148
513 47 11 99
513 47 41 100
513 36 11 100
513 43 5 1
513 11 4 100
513 11 35 100
513 48 1 100
513 48 4 150
513 4 1 100
513 4 4 148
513 17 11 100
513 17 16 100
513 33 1 150
514 27 41 100
514 1 1 99
514 1 10 10
514 1 22 150
514 1 35 100
514 19 1 150
514 19 5 64
514 19 38 94
514 22 20 150
514 22 41 100
514 16 9 4
514 10 35 99
514 28 11 150
514 28 16 150
514 28 20 84
514 28 35 100
514 6 11 150
514 8 35 99
514 26 9 2
514 31 16 150
514 29 1 100
514 29 5 1
514 29 35 100
514 4 1 100
514 4 4 148
515 32 1 99
515 32 22 100
515 32 24 4
515 38 35 148
515 38 41 100
515 29 1 100
515 29 5 65
515 40 4 99
515 40 9 99
515 40 38 96
515 14 14 69
515 14 41 100
515 15 11 99
515 6 9 100
515 6 11 150
515 30 4 100
515 30 9 81
515 10 35 99
515 49 16 99
515 49 35 100
515 49 41 148
515 36 11 100
515 1 1 99
515 1 11 100
515 1 14 1
515 5 41 150
516 26 9 150
516 27 23 100
516 27 26 42
516 14 14 69
516 14 41 100
516 18 23 12
516 11 4 100
516 11 35 100
516 5 9 130
516 15 5 63
516 6 11 150
516 39 1 100
516 4 1 100
516 4 4 148
516 9 4 148
516 29 1 100
516 29 5 2
516 10 16 100
516 10 35 99
516 38 1 99
516 38 35 148
516 38 41 100
516 36 11 100
517 34 4 100
517 34 9 100
517 34 11 148
517 34 16 148
517 34 35 150
517 35 4 100
517 35 35 150
517 35 41 100
517 23 23 112
517 7 11 100
517 7 16 99
517 3 4 150
517 3 35 100
517 37 5 64
517 37 41 100
517 49 16 99
517 49 35 100
517 49 41 148
517 16 9 100
517 48 1 100
517 48 4 150
517 48 9 84
517 47 41 100
517 22 4 150
517 22 38 94
517 39 1 100
517 0 4 100
517 0 11 150
517 0 35 100
517 28 11 150
517 28 14 1
517 28 35 100
517 15 11 99
518 34 4 100
518 34 11 148
518 34 16 148
518 34 26 42
518 28 11 150
518 28 14 70
518 28 20 150
518 28 35 100
518 2 5 64
518 17 16 100
518 49 16 99
518 49 35 100
518 49 41 148
518 46 16 148
518 21 35 99
518 21 41 100
518 48 1 100
518 48 4 150
518 22 4 150
518 22 20 84
518 25 35 148
518 4 1 100
518 4 4 148
518 20 11 100
518 20 16 150
518 20 35 99
518 44 5 2
518 7 11 100
518 7 16 99
519 5 9 150
519 5 14 70
519 32 1 99
519 16 9 100
519 17 11 100
519 17 16 100
519 38 1 99
519 38 35 148
519 38 41 100
519 25 9 30
519 25 35 148
519 25 38 96
519 40 5 64
519 28 11 150
519 28 16 150
519 28 35 100
519 49 16 99
519 49 23 12
519 49 41 148
519 30 4 100
519 43 5 1
519 3 4 150
519 3 35 100
519 48 1 100
519 48 4 150
519 12 1 99
519 12 35 99
519 22 4 132
520 22 4 90
520 22 38 94
520 36 11 100
520 36 14 70
520 12 1 99
520 12 35 99
520 12 40 3
520 5 41 150
520 38 1 99
520 38 35 148
520 38 41 100
520 38 49 100
520 17 11 100
520 17 16 100
520 34 11 148
520 34 16 148
520 34 35 150
520 10 16 100
520 10 35 99
520 18 49 150
520 19 1 150
520 19 5 2
520 21 35 99
520 21 41 100
520 11 35 100
520 11 38 1
521 22 23 112
521 22 41 100
521 25 20 150
521 25 35 148
521 25 38 24
521 38 35 148
521 38 41 100
521 45 1 100
521 45 16 100
521 45 20 18
521 10 16 100
521 10 35 99
521 33 1 57
521 20 16 150
521 20 35 99
521 35 35 150
521 35 41 100
521 11 35 100
521 11 38 1
521 0 5 2
521 0 35 100
521 31 16 150
521 14 35 99
521 14 41 100
522 21 35 99
522 21 41 100
522 38 35 148
522 38 41 100
522 34 4 90
522 34 16 148
522 34 35 150
522 47 11 99
522 47 14 70
522 14 35 99
522 14 41 100
522 29 5 65
522 29 23 112
522 27 41 100
522 43 41 150
522 24 5 -64
522 24 11 22650
522 24 41 4176
522 20 11 2
522 20 20 84
523 46 26 42
523 45 14 68
523 45 20 150
523 0 5 64
523 20 20 84
523 30 48 100
523 39 48 100
524 49 16 99
524 49 35 100
524 49 48 100
524 45 14 68
524 45 20 150
524 45 35 12
524 10 16 100
524 13 35 2
524 7 16 99
524 34 16 148
524 36 14 2
524 28 20 84
525 31 16 150
525 31 26 40
525 25 20 150
525 25 23 100
525 25 35 96
525 45 16 100
525 45 20 84
525 17 16 100
525 16 48 150
525 11 4 2
526 31 10 10
526 31 26 44
526 46 16 148
526 45 16 100
526 45 20 150
526 2 5 64
526 36 9 6
526 3 48 100
527 34 4 90
527 34 16 148
527 34 26 42
527 13 35 1
527 5 14 70
527 17 16 100
527 47 48 100
528 43 5 65
528 15 23 12
528 49 16 99
528 49 48 100
528 11 4 90
528 32 48 148
528 40 9 99
528 12 40 27
528 20 20 99
528 46 16 148
528 5 9 56
529 18 46 1
529 1 35 2
529 10 16 100
529 24 11 -22650
529 24 35 -6156
529 24 41 -4176
529 24 48 4454
529 6 11 150
529 45 16 100
529 45 20 150
529 45 35 148
530 28 3 6
530 28 14 70
530 28 20 150
530 28 26 42
530 28 38 28
530 25 20 150
530 25 23 100
530 25 35 148
530 25 38 3
530 14 35 99
530 14 41 100
530 27 23 12
530 40 5 66
530 15 11 99
530 26 20 100
530 11 35 100
530 1 11 100
530 1 35 100
531 31 3 6
531 31 24 4
531 16 14 69
531 1 14 1
531 17 11 100
531 17 16 100
531 10 16 100
531 10 26 2
531 36 5 63
531 36 11 100
531 3 4 90
531 44 5 2
531 13 38 30
531 28 16 150
531 28 20 53
531 29 35 100
531 38 35 148
531 38 41 100
532 15 5 63
532 36 9 100
532 36 10 10
532 35 4 90
532 35 41 100
532 30 9 150
532 37 11 150
532 37 41 100
532 1 11 100
532 1 35 100
532 21 9 150
532 21 35 99
532 21 41 100
532 7 9 36
532 7 16 99
532 14 35 99
532 14 41 100
532 8 35 99
532 8 38 124
532 13 38 1
532 12 35 99
532 10 16 100
532 10 35 99
532 47 11 99
532 47 41 100
532 34 11 148
532 34 16 148
532 34 35 150
533 4 4 88
533 19 26 42
533 20 11 100
533 20 14 68
533 20 20 99
533 20 35 99
533 21 9 150
533 21 35 99
533 21 41 100
533 16 9 100
533 8 35 99
533 49 16 99
533 49 23 112
533 49 41 148
533 14 35 99
533 14 41 100
533 12 14 2
533 29 5 1
533 36 9 100
533 36 11 100
533 3 4 2
533 47 9 70
533 47 41 100
533 22 41 100
534 24 1 12
534 16 48 150
534 27 23 100
534 9 4 88
534 46 40 27
534 10 16 100
534 29 20 150
534 5 14 2
535 41 4 90
535 26 9 150
535 26 20 84
535 25 9 150
535 25 35 96
535 49 35 2
535 6 9 100
535 10 16 100
535 29 5 2
536 32 3 6
536 12 14 70
536 28 16 150
536 28 35 2
536 47 9 130
536 46 16 148
536 49 16 99
536 49 48 100
536 10 16 100
536 11 38 1
537 30 4 88
537 24 1 -12
537 24 3 6
537 24 11 -20604
537 24 14 68
537 24 38 93
537 24 41 -2828
537 24 48 4014
537 36 14 2
537 27 41 100
537 46 16 148
537 46 38 32
537 7 11 100
537 7 16 99
537 13 4 2
537 16 48 1
537 38 35 148
537 38 41 100
537 37 11 150
537 37 23 1
538 10 16 100
538 10 24 4
538 22 4 90
538 22 38 30
538 7 11 100
538 7 16 99
538 24 11 20154
538 5 14 2
538 34 16 148
538 26 20 84
538 30 48 100
539 10 16 100
539 10 24 4
539 39 9 100
539 39 38 123
539 21 9 30
539 46 40 27
539 49 48 100
539 7 16 99
539 5 14 70
539 24 35 -2022
539 24 41 -2428
539 24 48 4084
540 47 14 70
540 47 48 100
540 46 16 148
540 46 26 42
540 3 48 100
540 21 35 99
540 21 41 100
540 6 11 150
540 32 48 84
540 1 35 100
540 5 41 150
540 30 48 2
540 22 20 132
540 43 41 150
541 7 11 100
541 7 16 99
541 7 49 148
541 4 4 88
541 37 41 100
541 15 11 99
541 15 48 100
541 20 11 100
541 20 14 68
541 20 20 99
541 20 35 99
541 20 40 27
541 0 35 100
541 0 49 100
541 6 11 150
541 29 20 137
541 11 35 100
541 11 38 125
541 32 48 36
541 34 11 148
541 34 16 148
541 34 35 150
541 41 41 148
542 43 23 100
542 43 41 150
542 40 4 90
542 40 38 30
542 20 11 100
542 20 16 150
542 20 20 99
542 20 26 2
542 2 23 12
542 45 16 2
542 25 35 148
542 38 35 148
542 38 41 100
542 32 48 148
542 29 20 1
542 24 11 18807
542 7 11 1
542 42 10 1
543 26 20 100
543 28 16 135
543 25 23 100
543 36 49 2
544 30 4 88
544 30 48 100
544 46 16 132
544 20 16 2
544 32 48 148
544 1 10 10
544 26 9 2
544 13 4 2
544 29 20 35
545 0 4 90
545 48 9 148
545 11 35 14
545 16 9 100
545 16 14 69
545 49 16 99
545 49 48 100
545 19 9 32
546 37 23 112
546 31 26 40
546 13 9 99
546 13 35 2
546 36 9 32
546 34 16 20
547 11 4 90
547 27 3 2
547 39 48 100
547 47 48 100
547 16 48 150
547 45 16 100
547 45 20 150
548 41 4 90
548 24 14 68
548 24 38 30
548 24 48 3392
548 25 14 2
548 31 16 150
548 20 11 100
548 20 16 22
548 3 35 100
548 8 35 81
548 39 9 100
548 6 9 28
548 36 9 2
548 30 48 1
549 26 9 150
549 45 14 68
549 45 35 96
549 32 48 136
549 47 9 130
549 47 14 2
549 28 11 150
549 28 16 33
550 26 9 150
550 16 3 6
550 16 14 69
550 28 11 150
550 28 14 1
550 47 41 100
550 47 49 148
550 8 38 2
550 10 16 2
550 46 49 150
550 14 41 100
550 24 11 17607
550 24 41 682
551 23 23 112
551 9 26 42
551 25 20 150
551 25 40 27
551 11 48 148
552 8 27 48
552 22 27 2
552 46 16 136
552 20 16 2
553 32 48 148
553 7 9 150
553 7 16 99
553 7 26 42
553 22 38 30
553 44 27 1
553 48 9 4
554 7 9 150
554 7 16 99
554 45 14 68
554 1 14 2
554 24 11 -17607
554 24 41 -682
554 24 48 3390
555 15 23 100
555 15 48 100
555 22 4 90
555 22 23 12
555 29 20 84
555 36 14 70
555 10 26 42
555 34 16 32
555 7 11 100
555 7 16 3
556 5 14 70
556 30 4 88
556 31 16 134
556 40 38 124
556 38 35 12
557 11 4 90
557 49 16 81
557 25 14 70
557 25 40 27
557 3 48 100
557 10 16 1
557 16 48 150
558 1 14 70
558 9 4 88
558 21 9 150
558 34 4 2
558 30 9 30
558 28 20 69
558 24 11 -17160
558 24 41 -582
558 24 48 2934
559 35 35 98
559 23 23 112
559 3 48 100
559 26 20 100
559 7 11 100
559 7 16 99
559 7 26 42
559 47 11 99
559 47 41 100
559 47 48 100
559 0 11 150
559 27 41 100
559 1 11 100
559 1 48 84
560 37 23 1
560 7 16 99
560 9 4 88
560 49 16 72
560 47 11 99
560 47 14 2
560 32 24 1
560 19 38 100
560 8 38 24
561 46 16 136
561 34 4 2
561 34 35 96
561 22 38 2
561 30 48 100
561 15 11 99
561 15 48 36
562 21 35 99
562 34 11 148
562 34 16 132
562 36 14 70
562 8 38 124
562 31 13 100
562 31 16 2
562 24 11 15465
562 6 11 2
562 37 13 150
562 49 35 1
563 1 14 71
563 35 13 148
563 35 20 99
563 49 16 99
563 49 23 112
563 25 20 150
563 25 38 126
563 37 13 150
563 10 16 37
564 10 23 100
564 10 26 42
564 34 16 32
564 11 38 30
564 42 14 68
564 45 16 2
564 5 14 2
564 3 48 100
564 16 48 150
564 39 48 100
564 29 13 100
564 29 20 150
565 49 16 99
565 49 35 16
565 46 16 36
565 45 13 100
565 45 20 86
565 35 13 148
565 37 13 150
565 29 13 100
565 29 20 1
566 9 10 9
566 49 48 100
566 7 16 36
566 32 48 148
566 45 13 100
566 45 20 150
566 10 16 1
566 8 38 30
567 8 38 30
567 28 26 42
567 15 23 100
567 15 48 100
567 27 23 12
567 42 10 1
568 19 13 99
568 19 26 42
568 45 16 100
568 45 20 150
568 45 35 96
568 31 16 34
568 20 20 99
568 16 48 150
568 47 13 150
568 47 48 100
568 29 13 100
568 29 20 3
568 37 23 1
568 8 13 100
569 7 9 150
569 7 16 99
569 37 13 150
569 22 24 4
569 22 40 24
569 30 9 130
569 25 14 70
569 20 16 36
570 11 13 100
570 11 23 111
570 32 48 148
570 46 16 148
570 46 40 27
570 47 14 70
570 31 13 100
570 31 16 68
570 26 20 100
570 28 20 134
571 22 20 150
571 22 24 4
571 47 13 150
571 47 48 100
571 8 13 100
571 8 35 96
571 49 35 2
571 30 48 100
571 11 13 100
571 11 48 148
571 15 48 100
571 9 26 42
572 46 26 42
572 1 14 70
572 27 23 12
572 47 48 100
572 8 13 100
572 22 20 150
572 35 13 148
572 35 20 84
573 29 20 150
573 49 16 99
573 49 48 100
573 5 14 70
573 31 16 60
573 20 20 84
573 24 38 30
573 1 11 100
573 47 11 99
573 47 13 150
574 28 3 6
574 28 14 70
574 1 48 99
574 16 9 100
574 16 48 150
574 45 13 100
574 40 9 99
574 40 38 2
574 37 13 150
574 19 13 99
574 30 48 36
575 6 23 99
575 35 13 148
575 35 14 70
575 12 26 40
575 17 16 100
575 39 38 30
575 15 11 99
575 15 48 100
575 31 13 100
575 31 16 34
575 47 11 99
575 47 13 150
575 47 48 84
576 47 13 150
576 47 14 70
576 46 16 136
576 17 3 4
576 0 11 150
576 0 35 96
576 35 13 148
576 35 35 2
576 24 48 -2120
576 29 13 100
576 49 48 100
576 37 13 150
576 28 38 28
577 45 13 100
577 45 16 100
577 49 16 33
577 36 11 1
577 11 13 100
577 11 38 128
577 10 16 2
578 1 48 99
578 29 13 100
578 8 13 100
578 42 10 1
578 11 48 148
578 45 13 100
578 31 13 100
579 1 48 99
579 49 48 100
579 35 13 148
579 24 11 -13518
579 24 48 1312
579 47 11 99
579 47 13 150
579 16 48 1
580 0 11 150
580 28 11 150
580 35 13 148
580 36 11 100
580 47 11 99
580 47 13 150
580 8 13 100
581 15 11 99
581 31 13 100
581 7 11 100
581 24 11 12573
581 19 13 99
581 37 13 150
581 39 48 100
581 29 13 100
581 1 48 99
581 49 48 100
582 31 13 100
582 30 48 100
582 3 48 100
582 37 13 150
582 29 13 100
582 16 48 150
582 15 48 100
582 20 13 150
583 39 48 100
583 31 13 100
583 29 13 100
583 49 48 100
583 32 48 148
583 24 11 -12573
583 24 48 214
583 8 13 100
584 1 11 100
584 8 13 100
584 17 11 100
584 29 13 100
584 37 11 150
584 37 13 150
584 11 13 100
584 36 11 100
585 15 11 99
585 35 13 148
585 0 11 150
585 6 11 150
585 31 13 100
585 20 11 100
585 20 13 150
585 1 11 100
585 37 11 150
585 37 13 150
586 1 11 100
586 8 13 100
586 20 11 100
586 20 13 150
586 24 11 11025
586 35 13 148
586 49 48 100
586 7 11 1
587 24 48 114
587 20 13 150
587 35 13 148
587 19 13 99
587 17 11 100
587 1 11 100
588 29 13 100
588 24 11 10725
588 49 48 100
588 3 48 12
589 16 48 2
589 37 13 150
589 47 13 150
590 31 13 100
591 31 13 100
591 20 13 150
591 35 13 148
591 47 13 150
591 11 13 100
591 19 13 99
591 29 13 100
591 37 13 150
592 31 13 100
592 35 13 148
592 19 13 99
593 45 13 100
593 37 13 150
593 31 13 100
593 8 13 100
594 47 13 150
594 31 13 100
594 45 13 100
594 11 13 100
595 35 13 148
595 24 11 -10725
595 0 11 150
595 36 11 100
595 37 11 150
595 37 13 150
596 45 13 100
596 17 11 100
596 0 11 150
596 8 13 100
596 11 13 100
596 15 11 99
596 6 11 150
596 24 11 9825
597 35 13 148
597 19 13 99
597 31 13 100
597 11 13 100
597 37 13 150
597 24 11 -9825
598 24 11 9825
598 37 13 150
598 7 11 1
598 35 13 148
599 20 13 150
599 31 13 100
599 37 13 150
599 24 11 -9825
599 11 13 100
599 28 11 150
600 29 13 100
600 0 11 150
600 31 13 100
600 24 11 9525
601 29 13 100
601 20 13 150
602 29 13 100
602 35 13 148
602 24 11 -9525
602 1 11 100
602 47 11 99
602 47 13 150
602 19 13 99
603 24 11 9324
604 35 13 148
604 37 13 150
604 31 13 100
605 31 13 100
605 37 13 150
605 20 13 150
605 19 13 99
606 8 13 100
606 29 13 100
606 11 13 100
607 8 13 100
607 35 13 148
607 24 11 -9324
607 19 13 99
608 11 13 100
608 15 11 99
608 45 13 100
608 29 13 100
608 6 11 150
609 34 11 148
609 37 11 150
609 37 13 150
609 35 13 148
609 47 11 99
609 47 13 150
609 24 11 8676
610 47 13 150
610 29 13 100
610 19 13 99
610 8 13 100
610 24 11 -8676
611 0 11 150
611 37 11 150
611 37 13 150
611 6 11 150
611 47 11 99
611 47 13 150
611 17 11 100
611 45 13 100
611 24 11 8025
612 45 13 100
612 24 11 -8025
612 35 13 148
612 29 13 4
612 28 11 150
613 17 11 100
613 20 11 100
613 37 11 150
613 6 11 150
613 28 11 150
614 6 11 150
614 7 11 100
614 47 11 99
614 20 11 100
614 36 11 100
615 34 11 148
615 24 11 6429
616 17 11 100
616 47 11 99
616 28 11 150
617 36 11 100
617 20 11 100
617 28 11 150
617 15 11 99
618 20 11 100
618 17 11 100
618 0 11 150
618 34 11 148
618 7 11 100
619 37 11 150
619 28 11 150
619 17 11 100
620 34 11 148
620 6 11 150
620 24 11 4335
625 17 11 100
625 0 11 150
625 36 11 100
625 47 11 99
625 6 11 150
626 37 11 150
626 1 11 100
627 24 11 3486
631 1 11 100
632 36 11 100
632 0 11 150
632 37 11 150
632 15 11 99
632 1 11 100
633 1 11 100
633 15 11 99
633 47 11 99
633 37 11 150
633 7 11 100
634 34 11 148
634 7 11 100
634 47 11 99
635 0 11 150
635 37 11 150
635 47 11 99
635 20 11 100
635 7 11 100
636 28 11 150
636 6 11 150
636 36 11 100
636 37 11 150
636 17 11 100
637 1 11 100
637 47 11 99
637 36 11 100
638 34 11 148
638 20 11 100
638 1 11 96
