33 0 0 100
33 0 3 144
33 0 16 150
33 0 19 99
33 0 25 150
33 0 26 100
33 0 27 150
33 0 42 100
33 0 44 150
45 0 0 100
45 0 3 150
45 0 6 100
45 0 16 150
45 0 19 99
45 0 25 150
45 0 26 100
45 0 27 150
45 0 42 100
45 0 44 150
69 0 0 100
69 0 3 150
69 0 6 100
69 0 16 150
69 0 19 99
69 0 25 150
69 0 26 100
69 0 27 150
69 0 42 100
69 0 44 150
78 3 7 100
78 3 17 150
78 3 29 99
78 3 30 150
78 3 37 100
78 3 39 148
78 3 45 39
91 32 11 150
91 32 24 100
91 32 25 150
91 32 26 99
91 32 28 150
91 32 30 100
91 32 31 150
91 32 34 100
91 32 40 150
91 32 46 99
91 32 48 150
91 32 49 100
96 3 7 100
96 3 17 150
96 3 29 99
96 3 30 150
96 3 37 100
96 3 39 148
96 3 45 72
102 32 11 150
102 32 24 100
102 32 25 150
102 32 26 99
102 32 28 150
102 32 30 100
102 32 31 150
102 32 34 100
102 32 40 150
102 32 46 99
102 32 48 150
102 32 49 100
105 0 0 100
105 0 3 150
105 0 6 100
105 0 16 150
105 0 19 99
105 0 25 150
105 0 26 100
105 0 27 150
105 0 42 100
105 0 44 150
122 0 0 100
122 0 3 150
122 0 6 100
122 0 16 150
122 0 19 99
122 0 25 150
122 0 26 100
122 0 27 150
122 0 42 100
122 0 44 150
136 32 1 100
136 32 11 150
136 32 24 100
136 32 25 150
136 32 26 99
136 32 28 150
136 32 30 100
136 32 31 150
136 32 34 100
136 32 40 150
136 32 46 99
136 32 48 150
136 32 49 100
141 0 0 100
141 0 3 150
141 0 6 100
141 0 16 150
141 0 19 99
141 0 25 150
141 0 26 100
141 0 27 150
141 0 42 100
141 0 44 150
154 9 0 100
154 9 5 54
154 9 29 148
154 9 36 48
154 9 40 100
154 9 44 150
154 9 46 99
154 9 48 150
163 0 0 100
163 0 3 150
163 0 6 100
163 0 16 150
163 0 19 99
163 0 25 150
163 0 26 100
163 0 27 150
163 0 42 100
163 0 44 150
187 0 0 100
187 0 3 150
187 0 6 100
187 0 16 150
187 0 19 99
187 0 25 150
187 0 26 100
187 0 27 150
187 0 42 100
187 0 44 150
190 32 1 100
190 32 11 150
190 32 24 100
190 32 25 150
190 32 26 99
190 32 28 150
190 32 30 100
190 32 31 150
190 32 34 100
190 32 40 150
190 32 46 99
190 32 48 150
190 32 49 100
230 3 7 100
230 3 17 150
230 3 29 99
230 3 30 150
230 3 37 100
230 3 39 148
230 3 45 99
233 0 0 100
233 0 3 150
233 0 6 100
233 0 16 150
233 0 19 99
233 0 25 150
233 0 26 100
233 0 27 150
233 0 42 100
233 0 44 150
264 32 1 100
264 32 11 150
264 32 24 100
264 32 25 150
264 32 26 99
264 32 28 150
264 32 30 100
264 32 31 150
264 32 34 100
264 32 40 150
264 32 46 99
264 32 48 150
264 32 49 100
270 3 7 100
270 3 17 150
270 3 29 99
270 3 30 150
270 3 37 100
270 3 39 148
270 3 45 99
273 13 11 100
273 13 13 150
273 13 14 100
273 13 16 148
273 13 34 100
273 13 42 150
273 13 48 100
279 32 1 100
279 32 11 150
279 32 24 70
279 32 26 99
279 32 28 150
279 32 30 100
279 32 31 150
279 32 34 100
279 32 40 150
279 32 46 99
279 32 48 150
279 32 49 100
281 13 11 100
281 13 13 150
281 13 14 100
281 13 16 148
281 13 34 100
281 13 42 150
281 13 48 100
298 0 0 100
298 0 3 150
298 0 6 100
298 0 16 150
298 0 19 99
298 0 25 150
298 0 26 100
298 0 27 150
298 0 42 100
298 0 44 150
304 0 0 100
304 0 3 150
304 0 6 100
304 0 16 150
304 0 19 99
304 0 25 150
304 0 26 100
304 0 27 150
304 0 42 100
304 0 44 150
306 32 1 100
306 32 11 150
306 32 24 100
306 32 25 150
306 32 26 99
306 32 28 150
306 32 30 100
306 32 31 150
306 32 34 100
306 32 40 150
306 32 46 99
306 32 48 150
306 32 49 100
325 0 0 100
325 0 3 150
325 0 6 100
325 0 16 150
325 0 19 99
325 0 25 150
325 0 26 100
325 0 27 150
325 0 42 100
325 0 44 150
331 9 0 100
331 9 5 57
331 9 29 148
331 9 36 99
331 9 39 150
331 9 40 100
331 9 44 150
331 9 46 99
331 9 48 150
340 3 7 100
340 3 17 150
340 3 29 99
340 3 30 150
340 3 37 100
340 3 39 148
340 3 45 99
342 48 0 42
342 48 24 100
342 48 38 44
342 48 45 148
342 48 49 99
354 0 0 100
354 0 3 150
354 0 6 100
354 0 16 150
354 0 19 99
354 0 25 150
354 0 26 100
354 0 27 150
354 0 42 100
354 0 44 150
357 32 1 100
357 32 11 150
357 32 24 100
357 32 25 150
357 32 26 99
357 32 28 150
357 32 30 100
357 32 31 150
357 32 34 100
357 32 40 150
357 32 46 99
357 32 48 150
357 32 49 100
372 34 3 100
372 34 5 150
372 34 9 100
372 34 17 150
372 34 18 100
372 34 19 150
372 34 20 100
372 34 23 148
372 34 29 99
372 34 33 150
372 34 34 100
372 34 37 150
372 34 39 100
372 34 40 148
372 34 42 100
372 34 47 148
372 34 48 100
373 0 0 100
373 0 3 150
373 0 6 100
373 0 16 150
373 0 19 99
373 0 25 150
373 0 26 100
373 0 27 150
373 0 42 100
373 0 44 150
385 0 0 100
385 0 3 150
385 0 6 100
385 0 16 150
385 0 19 99
385 0 25 150
385 0 26 100
385 0 27 150
385 0 42 100
385 0 44 150
392 32 1 100
392 32 11 150
392 32 24 100
392 32 25 150
392 32 26 99
392 32 28 150
392 32 30 100
392 32 31 150
392 32 34 100
392 32 40 150
392 32 46 99
392 32 48 150
392 32 49 100
405 0 0 100
405 0 3 150
405 0 6 100
405 0 16 150
405 0 19 99
405 0 25 150
405 0 26 100
405 0 27 150
405 0 42 100
405 0 44 150
421 34 3 100
421 34 5 150
421 34 9 100
421 34 17 150
421 34 18 92
421 34 20 100
421 34 23 148
421 34 29 99
421 34 33 106
421 34 37 150
421 34 39 100
421 34 40 148
421 34 42 100
421 34 47 148
421 34 48 100
423 48 0 96
423 48 24 100
423 48 38 40
423 48 45 148
423 48 49 99
433 0 0 100
433 0 3 150
433 0 6 100
433 0 16 150
433 0 19 99
433 0 25 150
433 0 26 100
433 0 27 150
433 0 42 100
433 0 44 150
439 32 1 100
439 32 11 150
439 32 24 100
439 32 25 150
439 32 26 99
439 32 28 150
439 32 30 100
439 32 31 150
439 32 34 100
439 32 40 150
439 32 46 99
439 32 48 150
439 32 49 100
455 0 0 100
455 0 3 150
455 0 6 100
455 0 16 150
455 0 19 99
455 0 25 150
455 0 26 100
455 0 27 150
455 0 42 100
455 0 44 150
457 3 7 100
457 3 17 150
457 3 29 99
457 3 30 150
457 3 37 100
457 3 39 148
457 3 45 99
458 32 1 100
458 32 11 150
458 32 24 100
458 32 25 150
458 32 26 99
458 32 28 150
458 32 30 100
458 32 31 150
458 32 34 100
458 32 40 150
458 32 46 99
458 32 48 150
458 32 49 100
464 0 0 100
464 0 3 150
464 0 6 100
464 0 16 150
464 0 19 99
464 0 25 150
464 0 26 100
464 0 27 150
464 0 42 100
464 0 44 150
474 0 0 100
474 0 3 150
474 0 6 100
474 0 16 150
474 0 19 99
474 0 25 150
474 0 26 100
474 0 27 150
474 0 42 100
474 0 44 150
486 0 0 100
486 0 3 150
486 0 6 100
486 0 16 150
486 0 19 99
486 0 25 150
486 0 26 100
486 0 27 150
486 0 42 100
486 0 44 150
490 32 1 100
490 32 11 150
490 32 24 100
490 32 25 150
490 32 26 99
490 32 28 150
490 32 30 100
490 32 31 150
490 32 34 100
490 32 40 150
490 32 46 99
490 32 48 150
490 32 49 100
500 3 7 100
500 3 17 150
500 3 29 99
500 3 30 150
500 3 37 100
500 3 39 148
500 3 45 99
505 0 0 100
505 0 3 150
505 0 6 100
505 0 16 150
505 0 19 99
505 0 25 150
505 0 26 100
505 0 27 150
505 0 42 100
505 0 44 150
524 0 0 100
524 0 3 150
524 0 6 100
524 0 16 150
524 0 19 99
524 0 25 150
524 0 26 100
524 0 27 150
524 0 42 100
524 0 44 150
535 32 1 100
535 32 11 150
535 32 24 100
535 32 25 150
535 32 26 99
535 32 28 150
535 32 30 100
535 32 31 150
535 32 34 100
535 32 40 150
535 32 46 99
535 32 48 150
535 32 49 100
538 0 0 100
538 0 3 150
538 0 6 100
538 0 16 150
538 0 19 99
538 0 25 150
538 0 26 100
538 0 27 150
538 0 42 100
538 0 44 150
540 32 1 100
540 32 11 150
540 32 24 100
540 32 25 150
540 32 26 99
540 32 28 150
540 32 30 100
540 32 31 150
540 32 34 100
540 32 40 150
540 32 46 99
540 32 48 150
540 32 49 100
542 0 0 100
542 0 3 150
542 0 6 100
542 0 16 150
542 0 19 99
542 0 25 150
542 0 26 100
542 0 27 150
542 0 42 100
542 0 44 150
550 0 0 100
550 0 3 150
550 0 6 100
550 0 16 150
550 0 19 99
550 0 25 150
550 0 26 100
550 0 27 150
550 0 42 100
550 0 44 150
561 0 0 100
561 0 3 150
561 0 6 100
561 0 16 150
561 0 19 99
561 0 25 150
561 0 26 100
561 0 27 150
561 0 42 100
561 0 44 150
561 3 7 100
561 3 17 150
561 3 29 99
561 3 30 150
561 3 37 100
561 3 39 148
561 3 45 99
576 32 1 100
576 32 11 150
576 32 24 100
576 32 25 150
576 32 26 99
576 32 28 150
576 32 30 100
576 32 31 150
576 32 34 100
576 32 40 150
576 32 46 99
576 32 48 150
576 32 49 100
592 9 0 100
592 9 5 150
592 9 7 100
592 9 29 148
592 9 36 99
592 9 39 150
592 9 40 100
592 9 44 150
592 9 46 99
592 9 48 150
608 32 1 100
608 32 11 150
608 32 24 100
608 32 25 150
608 32 26 99
608 32 28 150
608 32 30 100
608 32 31 150
608 32 34 100
608 32 40 150
608 32 46 99
608 32 48 150
608 32 49 100
609 9 0 100
609 9 5 81
609 9 29 148
609 9 36 99
609 9 39 150
609 9 40 100
609 9 44 150
609 9 46 99
609 9 48 150
615 0 0 100
615 0 3 150
615 0 6 100
615 0 16 150
615 0 19 99
615 0 25 150
615 0 26 100
615 0 27 150
615 0 42 100
615 0 44 150
620 13 11 100
620 13 13 150
620 13 14 100
620 13 16 148
620 13 34 100
620 13 42 150
620 13 48 100
639 0 0 100
639 0 3 150
639 0 6 100
639 0 16 150
639 0 19 99
639 0 25 150
639 0 26 100
639 0 27 150
639 0 42 100
639 0 44 150
646 3 7 100
646 3 17 150
646 3 29 99
646 3 30 150
646 3 37 100
646 3 39 148
646 3 45 99
648 13 11 100
648 13 13 150
648 13 14 100
648 13 16 148
648 13 34 100
648 13 42 150
648 13 48 100
663 13 11 100
663 13 13 150
663 13 14 100
663 13 16 148
663 13 34 100
663 13 42 150
663 13 48 100
673 0 0 100
673 0 3 150
673 0 6 100
673 0 16 150
673 0 19 99
673 0 25 150
673 0 26 100
673 0 27 150
673 0 42 100
673 0 44 150
676 32 1 100
676 32 11 150
676 32 24 100
676 32 25 150
676 32 26 99
676 32 28 150
676 32 30 100
676 32 31 150
676 32 34 100
676 32 40 150
676 32 46 99
676 32 48 150
676 32 49 100
678 13 11 100
678 13 13 150
678 13 14 100
678 13 16 148
678 13 34 100
678 13 42 150
678 13 48 100
692 21 7 100
692 21 9 138
692 21 18 36
692 21 33 100
692 21 43 148
692 29 0 100
692 29 1 148
692 29 6 99
692 29 13 150
692 29 26 100
692 29 28 148
692 29 36 100
692 29 38 24
692 1 3 99
692 1 11 150
692 1 15 99
692 1 25 150
692 1 28 100
692 1 36 150
692 1 39 150
692 1 42 100
692 1 44 150
692 28 3 100
692 28 14 24
692 28 27 150
692 28 30 99
692 28 34 150
692 28 45 100
692 28 46 150
692 28 48 100
692 39 0 10
692 39 13 30
692 39 34 150
692 39 37 46
692 39 44 150
692 39 45 100
692 39 46 148
692 39 47 99
692 39 49 4
692 48 24 100
692 48 40 100
692 48 45 148
692 45 6 100
692 45 7 150
692 45 15 150
692 45 16 100
692 45 17 150
692 45 20 16
692 45 34 99
692 45 36 150
692 45 42 100
692 45 43 148
692 42 8 48
692 42 19 100
692 42 23 100
692 42 24 150
692 42 25 100
692 42 26 150
692 42 30 11
692 42 34 100
692 42 36 150
692 42 47 132
692 41 15 150
692 41 16 100
692 41 29 100
692 41 34 100
692 41 36 150
692 41 39 100
692 41 40 150
692 6 1 100
692 6 3 99
692 6 6 150
692 6 9 2
692 6 24 100
692 6 25 148
692 6 26 100
692 6 27 150
692 6 28 99
692 6 33 150
692 6 34 100
692 6 39 150
692 6 40 100
692 6 44 148
692 35 5 2
692 35 23 100
692 35 26 150
692 35 28 100
692 35 31 150
692 35 34 100
692 35 39 100
692 35 48 148
692 27 16 99
692 27 24 100
692 27 25 150
692 27 28 100
692 27 33 100
692 46 1 150
692 46 11 100
692 46 15 4
692 46 27 150
692 46 38 2
692 46 46 100
692 8 3 100
692 8 23 150
692 8 24 99
692 8 25 150
692 8 27 100
692 8 33 100
692 8 34 148
692 8 48 100
692 2 1 100
692 2 3 150
692 2 11 99
692 2 20 2
692 2 27 100
692 2 33 150
692 2 45 100
692 26 3 150
692 26 7 100
692 26 17 148
692 26 24 100
692 26 25 150
692 26 28 100
692 26 31 148
692 26 42 148
692 26 45 100
692 26 46 148
693 9 7 100
693 9 29 148
693 9 36 99
693 9 39 150
693 9 40 100
693 9 44 150
693 9 46 99
693 9 48 150
693 16 1 100
693 16 3 148
693 16 6 150
693 16 27 150
693 16 31 100
693 16 39 100
693 16 43 150
693 0 3 150
693 0 6 100
693 0 16 150
693 0 19 99
693 0 25 150
693 0 26 100
693 0 27 150
693 0 42 100
693 0 44 150
693 11 3 100
693 11 17 150
693 11 24 99
693 11 36 104
693 11 44 150
693 11 45 100
693 11 48 150
693 2 1 100
693 2 3 150
693 2 11 99
693 2 25 150
693 2 27 100
693 2 33 150
693 2 45 100
693 33 1 100
693 33 3 150
693 33 7 100
693 33 15 8
693 33 17 150
693 33 19 99
693 33 24 100
693 33 28 150
693 33 39 150
693 33 43 100
693 33 44 150
693 33 45 99
693 17 23 100
693 17 29 150
693 17 31 100
693 17 34 99
693 17 48 150
693 48 16 148
693 48 24 100
693 48 40 100
693 48 45 148
693 7 11 150
693 7 17 150
693 7 25 100
693 7 26 150
693 7 40 148
693 7 43 100
693 7 45 150
693 6 1 100
693 6 3 96
693 6 24 100
693 6 25 148
693 6 26 100
693 6 27 150
693 6 28 99
693 6 33 150
693 6 34 100
693 6 39 150
693 6 40 100
693 6 44 148
693 35 16 99
693 35 23 100
693 35 26 150
693 35 28 100
693 35 31 150
693 35 34 100
693 35 39 100
693 35 48 148
693 39 28 100
693 39 34 150
693 39 43 100
693 39 44 150
693 39 45 100
693 39 46 148
693 13 11 100
693 13 16 148
693 13 34 100
693 13 42 150
693 13 48 100
693 29 1 148
693 29 6 99
693 29 26 100
693 29 28 148
693 29 46 150
693 28 23 100
693 28 27 150
693 28 34 150
693 28 45 100
693 28 46 150
693 28 48 100
693 8 23 150
693 8 24 99
693 8 25 150
693 8 27 100
693 8 33 100
693 8 34 148
693 8 48 100
694 9 7 100
694 9 29 148
694 9 39 150
694 9 40 100
694 9 44 150
694 9 46 99
694 9 48 150
694 47 6 99
694 47 7 150
694 47 17 100
694 47 43 100
694 16 1 100
694 16 3 72
694 16 27 150
694 16 31 100
694 16 39 100
694 16 43 150
694 17 23 100
694 17 29 150
694 17 31 100
694 17 34 99
694 17 48 150
694 6 1 100
694 6 6 150
694 6 15 8
694 6 25 148
694 6 26 100
694 6 27 150
694 6 28 99
694 6 33 150
694 6 34 100
694 6 39 150
694 6 40 100
694 6 44 148
694 20 19 150
694 20 24 150
694 20 31 100
694 20 33 130
694 41 15 3
694 41 29 100
694 41 34 100
694 41 39 100
694 41 40 150
694 38 11 148
694 38 39 148
694 19 31 100
694 19 45 100
694 35 16 99
694 35 23 100
694 35 26 150
694 35 28 100
694 35 31 150
694 35 34 100
694 35 39 100
694 35 48 148
694 14 1 100
694 14 7 100
694 14 11 100
694 14 23 99
694 14 26 150
694 14 34 100
694 14 39 150
694 14 42 99
694 14 46 150
694 46 1 150
694 46 11 100
694 46 24 100
694 46 27 150
694 46 40 150
694 46 46 100
694 34 17 150
694 34 19 150
694 34 23 148
694 34 29 99
694 34 34 100
694 34 39 100
694 34 40 148
694 34 42 100
694 34 48 100
694 3 7 22
694 3 39 148
694 3 45 99
694 1 11 150
694 1 25 150
694 1 28 100
694 1 39 150
694 1 42 100
694 1 44 150
694 27 16 99
694 27 24 100
694 27 25 150
694 27 28 77
695 31 13 108
695 31 31 52
695 31 36 100
695 31 42 100
695 47 6 99
695 47 18 12
695 21 7 1
695 2 1 100
695 2 11 99
695 2 25 150
695 2 27 100
695 2 45 68
695 12 23 100
695 12 25 150
695 12 29 81
695 1 11 150
695 1 25 150
695 1 39 36
695 1 44 150
695 39 34 150
695 39 43 100
695 39 44 150
695 39 46 148
695 23 6 150
695 23 26 100
695 36 1 99
695 36 11 100
695 36 25 100
695 36 26 150
695 36 43 120
695 37 19 100
695 37 25 148
695 37 40 148
695 37 44 100
695 37 46 150
695 34 19 150
695 34 23 148
695 34 34 100
695 34 39 2
695 34 48 100
695 24 1 100
695 24 26 100
695 24 27 150
695 24 34 99
695 24 46 100
695 24 47 1
695 11 44 150
695 11 48 150
695 0 6 100
695 0 16 150
695 0 19 99
695 0 25 150
695 0 26 100
695 0 27 150
695 0 42 100
695 0 44 150
695 16 1 100
695 16 6 150
695 16 27 150
695 33 1 100
695 33 16 100
695 33 19 99
695 33 24 37
696 19 49 30
696 45 15 8
696 45 26 150
696 45 34 99
696 45 42 100
696 0 6 100
696 0 16 150
696 0 19 99
696 0 25 150
696 0 26 100
696 0 27 150
696 0 42 100
696 0 44 150
696 43 16 100
696 43 29 2
696 20 19 150
696 34 19 150
696 34 23 148
696 34 34 100
696 34 37 15
696 34 48 100
696 1 11 150
696 1 25 150
696 1 42 100
696 1 44 150
696 37 19 100
696 37 25 96
696 37 46 150
696 4 11 100
696 4 16 150
696 4 27 148
696 4 46 100
696 6 1 100
696 6 6 150
696 6 26 100
696 6 27 150
696 6 34 100
696 6 44 148
696 12 11 100
696 12 23 100
696 12 34 150
696 33 1 100
696 33 16 100
696 33 19 99
696 33 44 150
696 29 1 148
696 29 6 99
696 29 26 100
696 29 46 150
696 48 16 148
696 39 34 150
696 39 37 1
696 39 46 148
697 39 34 141
697 39 45 8
697 27 16 99
697 27 24 8
697 18 29 12
697 18 48 150
697 37 19 100
697 37 44 100
697 37 46 150
697 16 1 100
697 16 6 150
697 16 27 150
697 2 1 100
697 2 11 99
697 2 25 1
697 9 44 150
697 9 46 99
697 9 48 150
697 22 6 100
697 22 16 99
697 22 23 100
697 22 42 150
697 38 11 148
697 45 6 100
697 45 16 100
697 45 26 150
697 45 42 100
697 15 16 100
697 15 26 150
697 15 42 148
697 15 44 150
697 0 6 100
697 0 16 150
697 0 19 99
697 0 26 100
697 0 27 150
697 0 42 100
697 0 44 150
697 35 16 99
697 35 23 100
697 35 26 150
697 35 48 148
697 10 6 99
697 4 11 100
697 4 16 150
697 4 27 148
697 4 46 100
698 48 16 148
698 48 24 10
698 15 26 150
698 15 29 12
698 15 43 34
698 22 16 39
698 22 42 150
698 14 1 100
698 14 11 100
698 14 23 81
698 14 34 2
698 14 46 150
698 42 19 100
698 42 26 150
698 42 31 1
698 25 48 150
698 33 1 100
698 33 7 3
698 8 27 100
698 8 48 100
698 7 26 150
698 49 1 148
698 49 46 148
698 29 1 148
698 29 6 99
698 29 26 100
698 29 46 150
698 6 1 100
698 6 6 150
698 6 26 100
698 6 27 150
698 24 1 100
698 24 26 100
698 24 27 150
698 24 46 100
698 45 6 100
698 45 26 150
698 45 42 100
699 42 19 100
699 42 24 9
699 42 31 11
699 29 1 148
699 29 6 99
699 29 26 100
699 29 46 150
699 17 48 150
699 1 11 12
699 41 29 2
699 16 1 100
699 16 6 150
699 16 27 150
699 47 6 99
699 6 1 100
699 6 6 150
699 6 26 100
699 6 27 150
699 9 46 99
699 9 48 150
699 22 6 100
699 22 42 150
699 26 42 148
699 26 46 148
699 46 1 150
699 46 27 150
699 46 46 100
699 31 1 99
699 31 42 100
700 48 16 60
700 10 6 99
700 10 33 64
700 7 26 150
700 7 40 48
700 37 25 40
700 13 42 150
700 13 48 100
700 26 25 2
700 26 46 148
700 47 6 99
700 33 1 100
700 33 19 99
700 32 1 100
700 32 26 99
700 32 40 2
700 32 48 150
700 18 19 100
700 18 48 150
700 29 1 148
700 29 6 99
700 29 26 100
700 29 46 150
700 2 1 100
700 2 25 1
700 4 27 148
700 4 46 100
701 14 1 100
701 14 11 12
701 14 42 99
701 14 46 150
701 31 1 27
701 44 6 100
701 44 46 150
701 34 19 150
701 34 37 15
701 34 48 100
701 16 6 150
701 16 27 150
701 33 15 8
701 33 24 9
701 6 26 100
701 6 27 150
701 11 48 150
701 49 46 148
701 42 19 100
701 42 26 150
701 39 46 148
701 10 6 99
701 37 19 100
701 37 46 150
702 1 11 12
702 8 27 100
702 8 48 100
702 18 19 100
702 18 48 150
702 15 16 60
702 15 42 148
702 15 43 34
702 39 46 148
702 6 6 150
702 6 26 100
702 6 27 150
702 42 19 100
702 42 26 150
702 35 26 150
702 35 48 148
702 30 26 148
702 30 42 99
702 29 6 99
702 29 26 100
702 29 46 150
702 46 27 150
702 46 46 100
702 31 42 100
702 26 42 148
702 26 46 148
702 7 26 150
703 34 3 72
703 34 42 100
703 34 48 100
703 15 26 150
703 15 42 148
703 15 43 34
703 4 46 22
703 28 48 100
703 19 31 8
703 7 26 150
703 5 26 100
703 0 6 100
703 0 19 99
703 0 26 100
703 0 27 150
703 0 42 100
703 24 26 100
703 24 27 150
703 31 42 100
703 47 6 9
704 20 24 9
704 32 26 99
704 32 34 48
704 31 36 100
704 7 26 150
704 7 45 8
704 8 27 100
704 8 48 100
704 33 19 99
704 25 26 150
704 25 48 150
704 45 26 150
704 45 42 100
704 11 48 50
705 42 24 1
705 22 6 18
705 18 19 100
705 37 19 100
705 37 46 60
705 8 27 100
705 45 26 150
705 45 42 100
705 34 19 150
705 34 42 100
705 2 27 100
705 5 26 100
705 20 19 150
705 35 26 150
706 37 19 100
706 37 44 100
706 37 46 60
706 20 19 150
706 44 30 52
706 13 42 150
706 13 48 20
706 1 44 150
706 45 26 150
706 45 42 100
706 6 26 100
706 6 27 150
706 6 44 36
706 36 26 150
707 10 6 18
707 2 1 18
707 8 24 9
707 8 48 20
707 0 26 100
707 0 27 150
707 0 42 100
707 33 15 8
707 7 13 8
707 5 26 100
707 5 30 2
707 24 27 150
707 32 26 99
707 14 26 150
707 14 42 99
708 23 26 100
708 33 1 18
708 33 24 9
708 9 44 140
708 6 26 100
708 6 27 150
708 32 26 99
708 13 42 150
708 36 26 150
708 8 27 100
708 38 20 18
708 7 26 150
708 18 19 100
708 46 27 150
709 4 11 12
709 4 33 64
709 42 19 100
709 42 24 1
709 2 27 100
709 32 26 99
709 28 27 82
709 30 26 148
709 30 42 99
709 30 43 1
709 41 29 1
710 0 27 78
710 34 29 12
710 34 42 1
710 42 24 1
710 37 19 100
711 24 1 18
711 24 46 60
711 42 19 100
711 42 31 1
712 14 42 39
712 34 19 150
712 30 26 84
712 42 24 1
713 23 6 18
714 43 43 33
714 33 24 1
715 34 19 150
715 34 34 48
715 24 26 84
716 7 11 12
716 42 24 1
716 25 48 20
717 42 19 100
717 42 31 3
718 34 48 20
718 33 24 1
719 45 15 8
719 33 19 99
720 49 1 16
720 0 6 18
720 0 27 78
720 24 1 2
729 46 15 8
736 41 36 100
741 25 31 10
742 49 44 100
742 1 15 6
743 35 26 84
748 6 26 84
749 42 31 1
749 25 48 20
753 0 27 78
753 28 27 2
757 1 42 4
758 9 48 20
764 8 27 80
765 45 6 18
773 27 28 38
775 1 11 12
775 15 26 33
777 18 48 20
778 32 40 2
782 19 45 8
787 19 31 8
788 34 29 12
788 34 48 20
790 39 43 34
792 46 1 18
795 37 44 100
795 40 6 18
795 28 27 80
797 43 29 1
799 8 3 72
800 42 31 12
801 22 42 39
801 8 27 80
802 17 31 8
808 32 48 18
808 18 48 2
810 42 31 11
818 18 48 20
819 20 19 34
821 25 28 36
825 39 13 8
828 18 48 20
830 44 30 52
841 4 13 8
841 7 40 48
842 34 42 39
844 36 1 18
844 5 44 39
846 22 42 39
849 37 19 36
849 8 24 9
856 11 45 8
856 44 6 16
