2 10 20 100
2 44 29 100
2 42 20 99
2 28 20 100
3 9 29 150
4 28 20 100
4 39 29 100
4 49 29 150
4 10 20 100
4 40 6 100
4 40 20 100
5 11 37 100
5 9 20 100
5 9 29 150
5 14 6 100
6 6 29 100
6 9 29 150
6 9 38 99
7 25 37 150
7 4 42 150
7 6 29 100
7 15 42 99
7 47 20 150
7 9 20 100
8 9 20 100
8 9 29 150
8 16 29 100
8 0 28 99
8 49 37 100
8 42 20 99
8 14 6 100
8 40 20 100
9 40 20 100
9 43 34 100
9 44 29 100
9 7 29 100
10 16 29 100
10 24 6 100
10 6 29 100
10 38 20 150
11 7 29 100
12 30 28 100
12 42 20 99
12 42 29 148
12 42 42 150
12 4 6 100
12 4 42 150
12 40 20 100
12 39 29 100
12 41 42 99
12 19 21 99
13 7 29 100
14 4 6 100
14 4 38 100
14 30 40 100
14 47 16 99
14 47 29 150
15 49 29 150
15 42 29 148
16 14 6 100
16 3 36 148
16 9 29 150
17 11 37 100
17 16 29 100
18 10 20 100
18 26 20 100
18 44 29 100
18 49 29 150
18 49 49 100
18 41 6 100
18 28 20 100
19 10 20 100
19 10 42 100
19 11 37 100
19 15 42 99
19 38 20 150
19 38 29 100
19 38 42 100
19 12 20 100
19 16 29 100
20 29 3 100
20 29 37 100
20 40 20 100
20 16 29 100
20 42 20 99
20 4 38 100
20 7 29 100
20 7 34 100
21 22 15 150
21 40 20 100
21 42 20 99
21 42 29 148
21 42 37 100
21 42 42 150
21 44 29 100
21 4 15 99
21 4 42 150
21 26 20 100
21 28 20 100
22 44 29 100
22 42 20 99
22 42 37 100
22 9 20 100
23 35 6 148
23 39 29 100
23 42 20 99
23 42 29 148
23 47 20 150
24 13 36 150
24 6 29 100
24 10 20 100
24 7 29 100
24 46 21 100
25 16 29 100
25 6 29 100
26 3 37 100
26 6 29 100
26 41 6 100
26 36 40 100
27 0 36 100
27 6 29 100
27 16 29 100
28 9 20 100
28 9 29 150
28 48 42 150
28 32 42 100
28 47 20 150
28 47 42 100
28 24 6 100
28 42 20 99
28 28 20 100
29 46 38 99
29 9 20 100
29 9 29 150
29 7 29 100
29 42 20 99
30 49 29 150
30 28 20 100
30 37 22 99
30 37 44 100
30 12 20 100
31 49 29 150
31 12 20 100
31 14 6 100
32 16 29 100
32 14 34 99
32 40 20 100
32 40 28 100
32 24 37 150
32 26 20 100
32 44 29 100
33 36 36 100
33 36 40 100
33 44 29 100
33 33 6 100
33 30 37 100
33 39 29 100
33 10 20 100
33 40 20 100
34 24 3 100
34 24 6 100
34 11 37 100
34 42 29 148
34 36 36 100
35 30 37 100
35 1 36 99
35 7 29 100
35 7 49 100
35 49 29 150
35 18 7 100
36 35 21 100
36 39 29 100
36 40 20 100
36 42 20 99
36 12 20 100
37 39 29 100
37 41 6 100
37 0 38 100
37 47 20 150
37 47 29 150
37 28 20 100
38 38 16 99
38 38 20 150
38 38 29 100
38 10 20 100
38 12 20 100
38 28 20 100
38 9 20 100
39 30 37 100
39 48 29 150
39 7 29 100
39 28 20 100
39 9 20 100
39 26 20 100
40 12 37 99
40 38 29 100
40 6 29 100
40 14 34 99
40 14 48 99
41 14 6 100
41 30 40 100
41 42 29 148
42 44 29 100
42 3 37 100
42 16 29 100
42 24 6 100
42 25 38 100
43 49 29 150
43 49 37 100
43 18 7 100
44 48 29 150
45 42 29 148
45 21 23 100
45 7 29 100
45 39 43 100
45 4 6 100
45 27 36 150
46 6 29 100
46 25 38 100
47 11 37 100
47 4 6 100
47 48 29 150
47 6 29 100
48 49 29 150
49 7 29 100
49 26 6 150
49 38 29 100
50 0 3 99
50 0 36 100
50 0 37 150
50 39 29 100
50 23 40 99
50 7 29 100
51 43 34 100
51 48 29 150
51 12 20 100
51 12 37 99
51 41 24 99
51 28 20 100
52 10 20 100
52 16 29 100
52 30 37 100
52 42 20 99
52 42 29 148
52 46 38 99
53 7 29 100
53 7 49 100
53 40 6 100
54 47 29 150
54 19 21 99
54 6 29 100
54 40 6 100
55 44 29 100
55 1 36 99
56 46 38 99
56 39 29 100
56 12 20 100
56 47 16 99
56 47 20 150
56 47 29 150
56 47 42 100
56 26 20 100
56 41 42 99
57 47 29 150
57 47 42 100
57 4 6 100
58 38 20 150
58 38 22 100
58 38 29 100
58 38 36 100
58 38 42 100
58 20 40 99
58 28 20 100
58 26 20 100
58 41 42 99
58 39 29 100
59 10 20 100
59 10 42 100
59 39 29 100
59 26 20 100
59 42 20 99
59 42 42 150
59 36 42 148
59 41 42 99
60 42 20 99
60 42 29 148
60 42 37 100
60 42 42 150
60 17 42 150
60 47 20 150
60 9 20 100
61 37 15 148
61 34 15 150
61 32 42 100
61 44 29 100
61 41 42 99
61 48 29 150
61 10 42 100
62 30 37 100
62 0 38 100
62 48 29 150
62 7 29 100
62 19 21 99
63 33 6 100
63 33 29 150
63 37 36 100
63 27 34 99
63 27 37 100
63 26 20 100
63 47 20 150
63 10 20 100
64 9 20 100
64 9 29 150
64 12 20 100
64 10 20 100
64 29 3 100
64 42 20 99
64 20 7 100
65 10 20 100
65 13 44 150
65 7 29 100
65 28 20 100
65 47 20 150
65 39 29 100
66 26 20 100
66 39 29 100
66 12 20 100
66 12 37 99
66 42 20 99
67 2 38 99
67 23 40 99
67 23 42 100
67 33 29 150
67 32 42 100
67 36 42 148
67 44 29 100
68 33 6 100
68 33 29 150
68 47 20 150
68 49 37 100
69 49 29 150
69 38 20 150
69 38 29 100
69 23 28 100
69 12 20 100
70 14 6 100
70 39 29 100
71 9 29 150
71 9 49 100
71 16 29 100
71 5 37 100
72 36 36 100
72 39 29 100
72 7 29 100
72 7 34 100
72 40 6 100
72 40 20 100
72 8 16 100
73 26 20 100
73 42 20 99
73 42 29 148
73 4 38 100
74 46 6 150
74 46 21 100
74 41 36 100
74 33 29 150
75 36 37 150
75 6 29 100
76 7 29 100
76 29 37 100
76 41 36 100
76 44 29 100
76 47 29 150
76 23 40 99
77 39 29 100
77 33 6 100
77 2 15 100
77 37 15 148
77 34 37 99
78 44 29 100
78 6 29 100
78 26 20 100
78 42 20 99
78 29 23 100
78 47 20 150
79 46 7 100
79 4 6 100
79 9 29 150
79 7 29 100
79 15 48 100
80 34 3 100
80 34 22 99
80 42 29 148
81 47 29 150
81 33 6 100
81 2 38 99
81 19 21 99
82 13 15 148
82 4 15 99
82 48 29 150
83 23 40 99
83 36 36 100
83 43 34 100
83 48 29 150
83 6 29 100
84 30 37 100
84 22 7 100
84 28 20 100
84 39 29 100
84 38 20 150
84 38 29 100
85 38 6 150
85 38 20 150
85 38 29 100
86 1 36 99
86 44 29 100
86 10 20 100
86 27 37 100
86 49 29 150
86 12 20 100
86 38 20 150
87 12 20 100
87 36 42 148
87 28 20 100
87 23 42 100
87 9 20 100
87 9 29 150
87 9 38 99
87 15 42 99
88 47 20 150
88 47 29 150
88 47 49 100
88 42 20 99
88 42 37 100
88 40 20 100
89 32 42 100
89 11 37 100
89 36 42 148
89 42 29 148
90 41 6 100
91 38 10 100
91 38 20 150
91 38 29 100
91 16 29 100
91 25 38 100
91 48 29 150
91 12 20 100
91 26 20 100
92 46 21 100
92 28 20 100
92 28 40 100
92 16 29 100
92 1 36 99
92 4 6 100
92 48 29 150
92 12 20 100
93 42 20 99
93 42 29 148
93 44 29 100
93 38 36 100
94 48 29 150
94 33 6 100
94 11 37 100
94 40 20 100
94 9 20 100
95 10 20 100
95 29 3 100
95 33 29 150
96 16 29 100
96 12 20 100
96 8 16 100
96 26 20 100
96 33 29 150
96 25 30 100
96 28 20 100
96 47 20 150
97 10 20 100
97 4 6 100
97 9 20 100
97 9 29 150
97 11 37 100
97 14 34 99
98 45 38 100
98 42 20 99
98 42 29 148
98 21 23 100
98 40 20 100
98 12 20 100
98 12 37 99
99 41 6 100
99 9 20 100
99 9 29 150
99 26 20 100
99 38 20 150
99 40 20 100
100 23 28 100
100 25 37 150
100 42 20 99
100 42 29 148
100 7 29 100
100 41 6 100
101 11 37 100
101 9 29 150
102 44 29 100
102 18 7 100
102 6 29 100
103 36 40 100
103 14 6 100
103 42 29 148
104 7 29 100
104 11 37 100
104 39 29 100
104 13 36 150
104 35 21 100
105 20 6 150
105 20 49 100
105 34 37 99
105 24 43 100
105 4 38 100
105 38 29 100
106 38 29 100
106 12 37 99
106 47 29 150
107 48 29 150
107 34 37 99
107 7 34 100
108 39 29 100
108 49 29 150
108 33 6 100
108 28 20 100
109 43 38 99
109 39 29 100
109 17 40 100
109 12 20 100
110 39 29 100
110 16 3 100
110 16 29 100
110 40 20 100
110 40 28 100
110 38 20 150
110 9 20 100
110 29 37 100
110 42 20 99
111 19 7 100
111 37 36 100
111 42 20 99
111 42 29 148
111 42 37 100
111 6 29 100
112 39 29 100
112 29 37 100
112 24 6 100
113 38 20 150
113 38 29 100
113 16 29 100
113 26 20 100
113 40 20 100
114 4 6 100
114 49 29 150
115 49 29 150
115 40 20 100
115 30 40 100
115 14 34 99
115 47 20 150
115 9 20 100
115 6 29 100
116 14 6 100
116 10 22 100
116 13 28 100
116 6 29 100
116 16 29 100
117 16 29 100
117 38 37 150
117 9 38 99
117 40 6 100
118 9 29 150
118 49 29 150
118 49 37 100
118 26 36 100
119 3 37 100
119 47 20 150
119 47 29 150
119 47 42 100
119 40 20 100
119 42 20 99
119 42 42 150
119 36 42 148
119 36 46 100
119 0 46 100
119 8 46 100
120 14 6 100
120 40 20 100
120 40 28 100
120 20 46 150
120 0 46 100
120 6 29 100
120 10 20 100
120 26 20 100
121 6 29 100
121 37 15 148
121 19 21 99
121 49 29 150
121 30 15 148
122 11 37 100
122 40 6 100
122 14 34 99
123 33 6 100
123 33 29 150
123 26 36 100
123 39 29 100
123 42 29 148
124 2 3 100
124 36 36 100
124 36 40 100
124 39 29 100
124 20 49 100
125 38 29 100
125 40 6 100
125 44 29 100
126 16 29 100
126 12 20 100
126 12 37 99
126 26 20 100
126 38 20 150
126 38 29 100
127 49 29 150
127 19 21 99
128 18 7 100
128 33 29 150
128 26 20 100
128 40 20 100
128 38 20 150
128 38 29 100
129 28 28 100
129 28 37 99
129 47 29 150
129 33 6 100
130 4 38 100
130 4 42 150
130 47 29 150
130 47 42 100
130 28 40 100
131 26 20 100
131 42 20 99
131 42 29 148
131 7 29 100
131 35 48 148
131 28 20 100
131 12 20 100
132 40 20 100
132 47 16 99
132 47 20 150
132 47 29 150
132 28 20 100
132 7 34 100
132 0 36 100
133 39 29 100
133 26 20 100
133 6 29 100
133 4 6 100
133 40 20 100
133 12 20 100
134 33 29 150
134 45 15 150
134 40 20 100
134 49 37 100
134 43 15 148
134 47 20 150
135 9 20 100
135 9 29 150
135 41 6 100
136 48 29 150
136 38 29 100
136 30 28 100
136 30 37 100
137 29 37 100
137 30 40 100
137 16 29 100
137 33 6 100
137 0 38 100
137 38 29 100
138 34 37 99
138 42 29 148
138 42 42 150
138 36 42 148
138 38 29 100
138 38 42 100
139 49 29 150
140 26 20 100
140 26 36 100
140 42 20 99
140 42 29 148
140 10 20 100
140 24 6 100
140 48 2 100
141 21 23 100
141 6 29 100
141 6 49 99
142 9 20 100
142 9 29 150
142 24 3 100
142 24 6 100
142 19 21 99
142 7 29 100
142 0 36 100
143 49 29 150
143 28 40 100
143 7 29 100
144 40 6 100
144 6 29 100
144 20 37 148
144 41 24 99
145 44 29 100
145 33 29 150
145 18 7 100
145 18 34 99
146 7 28 148
146 7 29 100
146 49 37 100
147 38 29 100
147 38 42 100
147 3 37 100
147 45 38 100
147 36 42 148
147 40 6 100
147 39 29 100
148 6 29 100
148 16 29 100
148 26 16 100
149 12 37 99
149 16 29 100
149 40 6 100
150 9 29 150
150 9 38 99
150 16 29 100
151 30 40 100
151 5 36 150
151 49 29 150
151 10 20 100
152 35 6 148
152 16 29 100
152 40 20 100
152 38 20 150
152 38 29 100
153 18 7 100
153 18 34 99
153 6 29 100
153 48 29 150
154 44 29 100
154 23 42 100
154 32 42 100
154 36 10 100
154 36 42 148
154 45 16 99
155 7 29 100
155 9 29 150
155 42 37 100
155 41 6 100
155 24 3 100
156 39 29 100
156 40 20 100
156 0 36 100
156 28 20 100
156 28 37 99
156 9 20 100
157 34 37 99
157 2 38 99
157 39 29 100
157 33 6 100
157 33 29 150
157 10 42 100
157 4 42 150
157 41 42 99
158 23 40 99
158 37 36 100
158 47 29 150
158 12 37 99
159 6 29 100
159 6 49 99
159 33 29 150
159 12 20 100
159 28 20 100
159 38 20 150
160 22 15 150
160 48 29 150
160 48 41 99
160 48 42 150
160 47 20 150
160 47 42 100
160 42 20 99
160 42 37 100
160 9 20 100
160 37 15 148
160 23 42 100
161 12 37 99
161 42 29 148
161 4 6 100
162 47 29 150
162 35 21 100
162 0 28 99
162 16 29 100
162 7 34 100
163 7 29 100
163 38 20 150
163 42 20 99
163 12 20 100
163 34 44 100
164 38 29 100
164 38 37 150
164 40 6 100
164 9 29 150
164 28 40 100
165 42 29 148
165 23 28 100
166 35 6 148
166 24 16 100
166 0 36 100
166 39 29 100
166 7 29 100
167 41 36 100
167 47 20 150
167 47 29 150
167 22 7 100
167 28 20 100
167 12 20 100
168 29 37 100
168 40 20 100
168 33 29 150
168 26 20 100
169 6 29 100
169 7 29 100
169 34 37 99
169 28 20 100
169 40 20 100
170 46 38 99
170 7 29 100
170 10 20 100
170 38 20 150
170 38 29 100
170 12 20 100
171 46 6 150
171 24 3 100
171 6 29 100
171 17 40 100
171 13 36 150
171 39 29 100
172 44 29 100
172 7 29 100
172 7 34 100
173 11 37 100
173 9 29 150
173 24 6 100
174 1 36 99
174 35 21 100
174 22 7 100
174 48 29 150
174 44 29 100
175 0 36 100
175 41 6 100
175 38 20 150
175 38 22 100
175 38 29 100
175 40 20 100
176 49 29 150
176 39 29 100
176 7 23 100
176 26 20 100
177 16 29 100
177 40 20 100
178 6 29 100
178 4 6 100
178 26 20 100
178 47 20 150
178 47 29 150
179 14 6 100
179 47 29 150
179 47 49 100
179 27 37 100
179 35 21 100
180 47 29 150
180 25 38 100
180 12 37 99
181 28 40 100
181 14 34 99
181 48 29 150
182 22 7 100
182 0 28 99
182 7 29 100
182 49 29 150
182 20 30 100
182 42 20 99
183 10 20 100
183 29 37 100
183 9 20 100
183 9 29 150
183 36 36 100
184 42 29 148
184 31 43 100
184 36 36 100
184 44 29 100
184 24 6 100
185 49 29 150
185 24 3 100
185 38 20 150
185 40 20 100
185 47 20 150
186 39 29 100
186 19 21 99
186 24 6 100
186 28 15 150
186 22 15 150
186 7 29 100
187 43 36 148
187 6 29 100
187 24 6 100
187 28 37 99
187 39 29 100
188 44 29 100
188 36 10 100
189 17 40 100
189 47 20 150
189 47 29 150
189 42 20 99
189 10 20 100
190 38 20 150
190 38 29 100
190 38 36 100
190 44 29 100
190 10 20 100
190 24 6 100
190 40 20 100
190 7 29 100
191 47 20 150
191 47 29 150
191 7 34 100
191 26 20 100
191 42 20 99
192 13 28 100
192 14 48 99
192 7 29 100
192 38 29 100
192 38 42 100
192 15 42 99
192 47 42 100
193 40 6 100
193 48 29 150
193 46 21 100
194 29 37 100
194 49 29 150
194 45 38 100
195 3 37 100
195 7 29 100
195 18 7 100
195 44 29 100
196 26 6 150
196 9 29 150
196 9 49 100
196 6 29 100
197 13 15 148
197 39 29 100
197 23 40 99
197 7 15 100
197 7 29 100
197 40 20 100
197 38 20 150
198 16 29 100
198 34 44 100
198 12 20 100
199 26 36 100
199 49 29 150
199 49 37 100
199 39 29 100
199 43 3 100
200 45 15 150
200 16 29 100
200 37 15 148
200 24 6 100
201 44 29 100
201 9 20 100
201 9 29 150
201 9 38 99
201 42 20 99
201 47 20 150
202 18 34 99
202 22 15 150
202 39 29 100
202 37 15 148
202 38 20 150
202 38 29 100
202 38 42 100
202 46 21 100
202 15 42 99
202 26 20 100
202 4 42 150
203 42 20 99
203 42 29 148
203 14 6 100
203 14 48 99
204 44 29 100
204 42 20 99
204 42 29 148
204 47 20 150
204 0 36 100
205 7 29 100
205 27 37 100
205 9 20 100
205 33 6 100
206 42 20 99
206 42 29 148
206 17 40 100
206 6 29 100
206 47 20 150
206 40 20 100
207 7 29 100
207 4 38 100
207 23 0 100
207 35 21 100
207 36 0 99
207 39 0 99
207 39 29 100
207 20 7 100
207 8 0 100
208 7 29 100
208 17 0 100
208 9 20 100
208 29 0 99
208 0 16 100
208 38 20 150
208 38 29 100
208 46 0 100
208 26 20 100
208 22 0 99
209 24 6 100
209 22 0 99
209 33 29 150
209 25 0 100
209 20 23 100
209 37 0 100
210 49 29 150
210 24 6 100
210 37 0 100
210 19 0 100
210 25 0 100
210 25 38 100
210 23 0 100
210 17 0 100
211 37 0 100
211 22 0 99
211 8 0 100
211 46 0 100
211 29 0 99
211 29 37 100
211 6 0 99
211 6 29 100
211 23 0 100
211 36 0 99
211 38 29 100
212 5 37 100
212 7 29 100
212 7 34 100
212 26 20 100
212 26 36 100
212 48 29 150
212 39 0 99
212 37 0 100
212 12 20 100
212 33 6 100
212 28 20 100
213 15 0 100
213 23 0 100
213 11 37 100
213 46 0 100
213 25 0 100
213 17 0 100
213 42 0 100
213 42 29 148
213 8 0 100
214 3 49 100
214 22 0 99
214 7 29 100
214 4 6 100
214 26 20 100
214 16 29 100
214 17 0 100
215 16 29 100
215 20 37 148
215 20 46 150
215 32 36 150
215 26 20 100
215 23 0 100
215 23 46 100
215 19 0 100
215 37 0 100
215 36 0 99
215 36 46 100
215 15 0 100
215 29 0 99
215 39 0 99
215 39 29 100
216 25 0 100
216 29 0 99
216 29 15 100
216 39 0 99
216 39 29 100
216 38 20 150
216 38 29 100
216 47 20 150
216 23 0 100
216 23 40 99
216 23 46 100
216 26 20 100
216 17 0 100
216 24 6 100
216 24 46 150
216 7 15 100
216 6 0 99
216 37 0 100
216 9 20 100
217 37 0 100
217 36 0 99
217 15 28 100
217 47 20 150
217 47 29 150
217 9 20 100
217 40 20 100
218 38 20 150
218 38 22 100
218 38 29 100
218 39 29 100
218 42 20 99
219 35 21 100
219 39 29 100
219 9 20 100
219 4 6 100
219 6 29 100
219 12 20 100
220 16 3 100
220 16 29 100
220 9 20 100
220 26 20 100
220 12 20 100
220 43 34 100
220 24 6 100
221 47 29 150
221 44 29 100
221 23 28 100
221 5 37 100
222 12 37 99
222 6 29 100
222 16 29 100
222 45 15 150
222 2 15 100
222 33 6 100
222 29 15 100
223 29 15 100
223 29 37 100
223 38 29 100
223 39 29 100
223 30 15 148
224 17 40 100
224 7 29 100
224 44 29 100
225 43 38 99
225 7 29 100
225 35 6 148
226 28 37 99
226 6 29 100
226 46 7 100
226 7 29 100
226 16 29 100
227 42 29 148
227 0 28 99
227 4 6 100
227 35 21 100
228 48 29 150
228 29 36 150
229 30 37 100
229 6 29 100
229 38 20 150
229 38 29 100
229 24 6 100
229 9 20 100
229 12 20 100
229 27 34 99
230 36 40 100
230 0 38 100
230 47 29 150
231 42 20 99
231 42 29 148
231 39 29 100
231 26 20 100
231 12 20 100
232 48 29 150
232 38 20 150
232 28 20 100
232 42 20 99
233 33 6 100
233 33 29 150
233 3 49 100
233 43 15 148
233 2 15 100
233 39 29 100
233 19 21 99
234 16 29 100
234 16 42 150
234 7 15 100
234 42 20 99
234 42 37 100
234 42 42 150
234 34 15 150
234 38 20 150
234 2 15 100
235 25 37 150
235 42 20 99
235 42 29 148
235 16 29 100
235 40 6 100
236 49 29 150
236 49 37 100
236 43 43 100
236 23 40 99
237 7 29 100
237 5 36 150
237 5 37 100
237 6 29 100
237 10 20 100
237 12 20 100
237 40 20 100
238 38 29 100
238 42 20 99
238 34 44 100
238 28 28 100
238 39 29 100
239 4 6 100
239 7 29 100
239 7 34 100
239 47 20 150
239 42 20 99
239 40 20 100
239 26 36 100
240 34 3 100
240 34 15 150
240 4 15 99
240 9 29 150
240 7 29 100
241 38 7 99
241 38 20 150
241 38 29 100
241 13 15 148
241 4 6 100
241 4 15 99
241 10 20 100
241 40 20 100
242 36 40 100
242 46 21 100
242 7 15 100
242 7 29 100
242 47 29 150
242 22 15 150
242 12 37 99
243 38 20 150
243 38 29 100
243 16 29 100
243 5 37 100
243 40 20 100
243 10 20 100
243 4 15 99
244 36 10 100
244 44 29 100
244 24 6 100
245 47 29 150
245 27 37 100
245 25 38 100
245 41 6 100
245 6 29 100
246 48 29 150
246 0 36 100
247 39 29 100
247 16 29 100
247 40 6 100
247 43 34 100
248 3 37 100
248 42 29 148
249 47 29 150
249 24 6 100
250 9 29 150
250 9 38 99
250 7 29 100
250 28 40 100
250 22 7 100
250 24 43 100
250 15 48 100
251 16 29 100
251 10 10 100
251 44 29 100
251 24 6 100
252 39 29 100
252 40 20 100
252 46 21 100
252 28 20 100
252 28 37 99
252 26 20 100
253 12 20 100
253 12 37 99
253 40 20 100
253 40 28 100
253 49 29 150
253 7 29 100
253 28 20 100
254 33 29 150
254 7 34 100
254 7 49 100
255 49 29 150
255 47 20 150
255 44 29 100
255 23 28 100
255 26 20 100
256 38 20 150
256 38 22 100
256 38 29 100
256 38 36 100
256 24 6 100
256 9 20 100
256 35 21 100
256 28 20 100
257 39 29 100
257 16 29 100
257 38 7 99
257 38 20 150
257 38 36 100
257 23 40 99
258 6 29 100
258 48 29 150
258 10 20 100
258 47 20 150
258 5 37 100
258 28 20 100
259 20 3 100
259 20 37 148
259 4 6 100
259 6 29 100
259 16 29 100
260 22 7 100
260 6 29 100
260 3 37 100
261 6 29 100
261 2 38 99
261 7 29 100
262 12 20 100
262 48 29 150
262 7 29 100
262 13 36 150
262 36 40 100
262 28 20 100
262 9 20 100
262 9 24 100
263 46 6 150
263 10 20 100
264 34 37 99
264 38 29 100
264 20 23 100
264 20 46 150
264 6 29 100
264 15 28 100
264 8 46 100
265 39 29 100
265 49 29 150
265 49 37 100
265 33 6 100
265 38 29 100
265 35 46 100
265 0 46 100
265 14 34 99
265 48 46 100
266 45 38 100
266 48 29 150
266 48 46 100
266 19 21 99
267 38 20 150
267 38 29 100
267 9 20 100
267 9 29 150
267 33 6 100
267 10 20 100
268 10 20 100
268 26 16 100
268 26 20 100
268 12 20 100
268 47 29 150
269 27 37 100
269 33 29 150
270 4 6 100
270 39 29 100
270 20 40 99
270 16 29 100
271 7 29 100
271 27 36 150
271 24 6 100
271 6 29 100
272 39 12 99
272 39 29 100
272 28 37 99
272 16 29 100
273 20 49 100
273 39 29 100
273 11 37 100
273 28 20 100
273 43 34 100
273 44 29 100
273 9 20 100
273 33 6 100
273 12 20 100
274 2 44 99
274 28 20 100
274 38 29 100
274 38 36 100
274 39 29 100
275 42 29 148
275 2 3 100
276 6 29 100
276 42 20 99
276 37 15 148
276 39 29 100
276 46 7 100
277 32 36 150
277 49 29 150
277 28 20 100
277 28 40 100
277 42 6 150
277 42 20 99
277 29 15 100
277 35 21 100
278 6 29 100
278 13 28 100
278 7 29 100
279 42 29 148
280 42 29 148
280 33 6 100
281 43 36 148
281 7 29 100
281 42 29 148
281 19 21 99
282 16 29 100
282 42 20 99
282 46 7 100
282 46 38 99
282 47 20 150
282 36 10 100
283 41 6 100
283 33 29 150
283 10 20 100
283 44 29 100
284 10 20 100
284 6 29 100
284 26 20 100
284 26 28 100
284 38 20 150
284 38 29 100
284 7 34 100
285 44 29 100
285 41 6 100
285 3 37 100
286 17 37 148
286 17 40 100
286 6 29 100
286 49 29 150
287 35 21 100
287 9 29 150
288 25 38 100
288 40 6 100
288 40 20 100
288 12 20 100
288 26 20 100
288 10 20 100
288 9 29 150
289 9 29 150
289 39 29 100
290 49 29 150
291 16 29 100
291 10 20 100
291 9 20 100
291 5 37 100
291 26 20 100
291 43 23 100
292 44 29 100
292 37 36 100
292 46 6 150
292 34 3 100
292 25 30 100
292 7 29 100
293 22 7 100
293 16 29 100
293 6 29 100
293 31 43 100
293 46 21 100
293 40 20 100
293 40 28 100
293 28 20 100
294 34 37 99
294 34 44 100
294 33 29 150
294 7 29 100
294 7 49 100
294 47 20 150
295 48 29 150
295 18 34 99
295 32 36 150
296 10 42 100
296 28 40 100
296 24 6 100
296 6 29 100
296 39 29 100
296 15 42 99
296 36 42 148
297 0 38 100
297 19 7 100
297 47 29 150
298 4 15 99
298 27 37 100
298 7 15 100
298 7 29 100
298 44 29 100
299 48 29 150
299 49 37 100
299 14 6 100
299 43 36 148
299 7 15 100
300 26 20 100
300 28 20 100
300 12 20 100
300 46 21 100
300 49 29 150
300 9 20 100
301 4 6 100
302 9 10 100
302 9 29 150
302 47 29 150
302 49 29 150
303 6 29 100
303 5 37 100
303 4 6 100
303 39 29 100
304 6 29 100
304 41 36 100
304 29 37 100
305 4 6 100
305 49 29 150
305 7 29 100
305 7 34 100
305 9 20 100
305 38 20 150
305 40 20 100
306 33 29 150
306 30 37 100
306 30 40 100
306 1 36 99
307 27 37 100
307 35 6 148
307 39 29 100
307 6 29 100
308 33 29 150
308 0 28 99
309 46 21 100
309 46 38 99
309 38 29 100
309 44 29 100
310 47 29 150
310 4 6 100
310 36 36 100
310 36 37 150
311 9 29 150
311 4 3 100
311 4 42 150
311 47 42 100
311 44 29 100
312 29 37 100
312 49 29 150
312 12 20 100
312 9 20 100
312 9 24 100
312 10 20 100
313 42 20 99
313 42 29 148
313 28 20 100
313 10 20 100
313 47 49 100
313 26 20 100
314 22 7 100
314 2 38 99
314 38 20 150
314 38 29 100
314 47 20 150
314 14 34 99
315 44 29 100
315 6 29 100
316 23 40 99
316 20 7 100
316 14 6 100
316 27 37 100
316 19 21 99
316 2 15 100
316 9 29 150
316 30 15 148
316 38 29 100
317 11 37 100
317 33 29 150
318 49 29 150
318 43 43 100
318 7 29 100
318 30 28 100
319 9 29 150
319 36 36 100
319 37 44 100
320 1 16 100
320 16 29 100
320 18 34 99
320 46 6 150
320 47 20 150
320 6 29 100
321 28 20 100
321 28 40 100
321 10 20 100
321 49 29 150
321 40 20 100
321 12 20 100
322 38 20 150
322 38 29 100
322 38 42 100
322 41 42 99
322 0 38 100
322 17 42 150
323 27 37 100
323 16 29 100
323 41 6 100
323 44 29 100
324 33 29 150
324 19 7 100
324 6 29 100
324 9 20 100
324 15 28 100
324 42 20 99
324 47 20 150
325 16 29 100
325 39 29 100
325 35 21 100
326 48 29 150
326 48 42 150
326 10 42 100
326 24 3 100
327 11 37 100
327 7 29 100
327 6 29 100
327 41 42 99
327 2 38 99
327 23 42 100
327 17 42 150
328 12 37 99
328 32 42 100
328 23 28 100
328 4 6 100
328 38 29 100
328 44 29 100
328 27 34 99
329 30 37 100
329 49 29 150
329 40 20 100
329 47 20 150
329 38 20 150
330 9 29 150
330 9 49 100
330 13 28 100
330 40 6 100
331 34 15 150
331 6 29 100
331 39 29 100
331 22 15 150
331 33 6 100
332 16 29 100
332 39 29 100
333 10 20 100
333 47 20 150
333 47 29 150
333 3 37 100
333 24 6 100
333 9 20 100
334 21 23 100
334 30 40 100
334 44 29 100
334 6 29 100
335 48 29 150
335 24 6 100
336 0 38 100
336 44 29 100
336 23 0 100
336 37 0 100
336 38 7 99
336 38 29 100
336 8 0 100
336 22 0 99
336 46 0 100
336 46 21 100
337 22 0 99
337 27 37 100
337 37 0 100
337 36 0 99
337 6 0 99
337 6 29 100
337 42 0 100
337 42 20 99
337 42 29 148
337 24 6 100
337 9 20 100
338 9 20 100
338 9 29 150
338 3 36 148
338 15 0 100
338 15 48 100
338 17 0 100
338 39 0 99
339 7 29 100
339 23 0 100
339 39 0 99
339 39 29 100
339 36 0 99
339 41 6 100
339 17 0 100
339 18 30 99
339 19 0 100
340 16 29 100
340 37 0 100
340 29 0 99
340 29 37 100
340 6 0 99
340 6 29 100
340 30 40 100
340 8 0 100
340 15 0 100
341 37 0 100
341 39 0 99
341 39 29 100
341 25 0 100
341 25 38 100
341 8 0 100
341 19 0 100
341 34 3 100
341 42 0 100
341 42 20 99
341 23 0 100
341 29 0 99
342 18 34 99
342 10 20 100
342 36 0 99
342 36 37 150
342 9 20 100
342 9 29 150
342 46 0 100
342 23 0 100
342 29 0 99
342 12 20 100
342 22 0 99
342 39 0 99
342 39 29 100
342 25 0 100
343 10 20 100
343 17 0 100
343 4 6 100
343 4 15 99
343 46 0 100
343 46 21 100
343 36 0 99
343 15 0 100
343 40 20 100
343 19 0 100
343 42 0 100
343 42 20 99
343 42 29 148
343 12 20 100
344 4 6 100
344 4 15 99
344 30 37 100
344 6 0 99
344 6 29 100
344 29 0 99
344 29 15 100
344 15 0 100
344 7 29 100
344 36 0 99
345 26 20 100
345 26 28 100
345 17 0 100
345 6 0 99
345 6 29 100
345 27 37 100
345 22 0 99
346 29 37 100
346 47 20 150
346 47 29 150
346 40 6 100
346 40 20 100
347 32 42 100
347 39 29 100
347 48 29 150
347 48 42 150
347 42 20 99
347 30 28 100
348 30 37 100
348 30 40 100
348 16 29 100
348 37 22 99
348 47 20 150
348 47 49 100
348 40 20 100
348 42 20 99
348 42 29 148
348 38 20 150
349 26 20 100
349 12 37 99
349 4 6 100
349 4 38 100
349 9 29 150
350 38 29 100
350 27 34 99
350 44 29 100
351 11 37 100
351 48 29 150
351 41 6 100
352 7 29 100
353 34 37 99
353 28 20 100
353 16 29 100
353 9 20 100
353 9 29 150
353 40 6 100
353 40 20 100
354 43 3 100
354 43 36 148
354 3 37 100
354 6 29 100
354 7 29 100
355 47 20 150
355 47 29 150
355 40 6 100
355 40 20 100
355 17 40 100
355 26 20 100
356 30 28 100
356 48 29 150
357 6 29 100
357 35 21 100
357 38 7 99
357 38 29 100
357 4 38 100
358 28 20 100
358 40 20 100
358 33 29 150
358 32 42 100
358 16 29 100
358 16 42 150
358 47 20 150
358 47 42 100
359 3 37 100
359 31 43 100
359 9 29 150
360 7 29 100
360 7 34 100
360 14 6 100
360 30 37 100
360 39 29 100
361 23 42 100
361 45 38 100
361 32 42 100
361 39 29 100
361 7 29 100
362 49 29 150
362 16 42 150
362 38 16 99
362 38 42 100
362 17 40 100
362 17 42 150
362 14 6 100
363 17 37 148
363 9 29 150
363 39 12 99
363 23 42 100
364 41 36 100
364 7 29 100
364 7 49 100
364 33 29 150
364 42 20 99
364 38 20 150
364 9 20 100
364 46 21 100
365 32 36 150
365 32 42 100
365 10 42 100
365 15 42 99
365 39 29 100
366 10 24 100
366 6 29 100
366 9 29 150
366 24 6 100
367 38 20 150
367 38 29 100
367 39 29 100
367 9 20 100
367 47 20 150
367 43 34 100
368 11 37 100
368 12 20 100
368 42 20 99
368 42 29 148
368 47 20 150
368 40 6 100
368 40 28 100
369 49 29 150
369 47 20 150
369 28 20 100
369 9 20 100
370 5 37 100
370 29 3 100
370 38 7 99
370 38 29 100
371 19 6 150
371 19 21 99
371 2 44 99
371 44 29 100
371 33 29 150
371 11 37 100
371 23 28 100
372 4 15 99
372 43 15 148
372 44 29 100
372 7 29 100
373 33 29 150
373 26 20 100
373 42 20 99
373 9 20 100
373 9 38 99
373 36 40 100
373 38 29 100
374 33 29 150
374 28 20 100
374 28 37 99
374 38 20 150
375 5 37 100
375 16 29 100
375 38 20 150
375 38 29 100
375 43 34 100
376 24 6 100
376 6 29 100
376 7 29 100
376 40 20 100
377 7 29 100
377 46 38 99
377 20 37 148
377 9 20 100
377 10 20 100
378 16 29 100
378 29 37 100
378 13 28 100
378 7 29 100
379 47 29 150
379 12 37 99
379 24 6 100
379 28 40 100
379 7 29 100
379 13 36 150
380 6 29 100
380 44 29 100
380 33 6 100
381 18 34 99
381 48 29 150
381 7 49 100
382 7 29 100
382 6 29 100
382 34 37 99
382 40 6 100
383 14 6 100
383 38 29 100
384 28 37 99
384 16 29 100
384 44 29 100
384 46 7 100
385 39 29 100
385 28 20 100
385 7 29 100
385 43 38 99
385 47 20 150
385 15 48 100
385 35 21 100
385 42 20 99
386 16 29 100
386 40 6 100
386 7 29 100
387 33 29 150
387 14 34 99
387 27 37 100
387 43 3 100
388 26 20 100
388 20 40 99
388 45 38 100
388 9 20 100
388 9 29 150
388 36 42 148
388 32 42 100
388 12 20 100
388 41 42 99
389 49 29 150
389 49 37 100
389 42 20 99
389 16 29 100
389 28 20 100
389 28 28 100
389 38 20 150
390 46 6 150
390 16 29 100
390 9 20 100
390 7 29 100
391 32 42 100
391 48 29 150
391 48 42 150
391 36 0 99
391 35 21 100
391 42 0 100
392 37 0 100
392 3 37 100
392 23 0 100
392 6 0 99
392 6 29 100
392 44 29 100
392 19 0 100
392 17 0 100
392 29 0 99
393 8 0 100
393 8 23 100
393 14 6 100
393 40 20 100
393 42 0 100
393 42 20 99
393 42 29 148
393 42 42 150
393 45 15 150
393 19 0 100
393 36 0 99
393 36 42 148
393 32 42 100
393 23 0 100
393 2 15 100
393 37 0 100
394 38 20 150
394 38 29 100
394 38 42 100
394 19 0 100
394 46 0 100
394 46 38 99
394 5 37 100
394 20 40 99
394 36 0 99
394 36 42 148
394 17 0 100
395 38 29 100
395 48 29 150
395 37 0 100
395 29 0 99
395 36 0 99
395 6 0 99
396 18 7 100
396 23 0 100
396 6 0 99
396 6 29 100
396 22 0 99
396 0 36 100
396 8 0 100
396 44 29 100
397 24 6 100
397 24 43 100
397 48 29 150
397 3 37 100
397 38 20 150
397 6 0 99
397 39 0 99
397 26 20 100
397 10 20 100
397 17 0 100
398 38 29 100
398 38 36 100
398 46 0 100
398 3 49 100
398 37 0 100
398 19 0 100
398 36 0 99
398 47 29 150
399 38 29 100
399 38 37 150
399 27 34 99
399 42 0 100
399 45 38 100
399 29 0 99
399 4 6 100
399 23 0 100
399 6 0 99
400 35 21 100
400 38 29 100
400 38 36 100
400 42 0 100
400 42 29 148
400 8 0 100
400 29 0 99
401 48 29 150
401 23 0 100
401 23 40 99
401 26 6 150
401 28 37 99
401 46 0 100
402 7 29 100
402 40 20 100
402 26 20 100
402 25 0 100
402 44 29 100
402 9 20 100
402 39 0 99
402 46 0 100
403 47 20 150
403 47 29 150
403 28 20 100
403 39 0 99
403 22 0 99
403 26 20 100
403 26 44 100
404 16 29 100
404 22 0 99
404 19 0 100
404 42 0 100
404 42 29 148
404 8 0 100
405 28 28 100
405 6 29 100
405 43 3 100
405 14 6 100
406 39 29 100
406 38 29 100
406 35 21 100
406 18 34 99
407 12 20 100
407 44 29 100
407 46 7 100
407 6 29 100
407 10 20 100
408 33 6 100
408 33 29 150
408 9 20 100
409 47 16 99
409 47 29 150
409 6 29 100
409 5 28 148
409 42 20 99
410 24 6 100
410 49 29 150
411 38 29 100
411 33 6 100
411 4 38 100
411 6 29 100
412 35 21 100
412 43 34 100
412 43 36 148
412 44 29 100
412 47 20 150
412 10 20 100
412 40 20 100
412 16 29 100
413 9 29 150
413 34 37 99
413 32 42 100
413 10 42 100
413 36 42 148
414 38 29 100
414 38 36 100
414 41 6 100
414 6 29 100
414 23 40 99
415 44 29 100
415 22 15 150
415 29 15 100
415 24 6 100
415 20 49 100
416 49 29 150
416 32 42 100
416 19 21 99
416 44 29 100
416 43 15 148
416 41 42 99
416 22 15 150
416 38 42 100
417 5 37 100
417 44 29 100
417 39 29 100
417 38 20 150
418 4 3 100
418 4 6 100
418 16 29 100
419 25 30 100
419 41 42 99
419 20 40 99
419 6 29 100
419 40 20 100
419 44 29 100
419 23 42 100
419 26 20 100
420 48 29 150
420 48 42 150
420 9 10 100
420 5 37 100
420 26 28 100
421 44 29 100
421 18 34 99
421 0 38 100
421 47 29 150
421 41 6 100
422 38 7 99
422 38 29 100
422 3 37 100
422 16 29 100
423 6 29 100
423 40 20 100
423 12 20 100
424 6 29 100
424 11 37 100
424 10 20 100
424 49 29 150
424 9 38 99
425 47 29 150
425 3 37 100
425 33 6 100
426 39 29 100
426 44 29 100
426 12 37 99
427 6 29 100
427 23 28 100
427 23 40 99
427 38 29 100
427 14 6 100
427 34 37 99
428 40 6 100
428 47 29 150
429 7 15 100
429 7 29 100
429 19 21 99
429 6 29 100
429 37 15 148
429 29 15 100
429 12 20 100
430 6 29 100
430 38 20 150
430 47 20 150
431 41 24 99
431 4 38 100
431 14 34 99
431 16 29 100
431 48 29 150
432 47 29 150
432 0 3 99
432 33 6 100
432 26 44 100
433 9 29 150
433 42 42 150
433 47 42 100
433 23 40 99
433 23 42 100
434 46 7 100
434 46 21 100
434 42 29 148
434 7 29 100
434 7 49 100
435 0 38 100
435 40 6 100
435 40 20 100
435 16 29 100
435 42 20 99
435 47 20 150
436 6 29 100
436 40 20 100
436 42 20 99
436 42 29 148
436 38 20 150
437 0 37 150
437 10 20 100
437 12 20 100
437 7 29 100
437 38 20 150
437 38 29 100
438 35 6 148
438 48 29 150
438 41 36 100
439 12 37 99
439 12 43 100
439 48 29 150
439 17 40 100
440 39 29 100
440 22 15 150
440 43 34 100
440 9 29 150
441 20 7 100
441 48 29 150
441 29 15 100
441 41 36 100
442 4 6 100
442 0 28 99
442 42 29 148
442 42 37 100
443 15 16 100
443 16 29 100
443 38 29 100
444 40 6 100
444 9 29 150
444 35 21 100
444 37 22 99
445 16 29 100
445 16 42 150
445 26 20 100
445 26 28 100
445 12 20 100
445 47 20 150
445 47 29 150
445 47 42 100
445 10 42 100
446 1 36 99
446 9 29 150
447 39 29 100
447 29 3 100
447 29 37 100
447 41 6 100
447 23 40 99
447 9 20 100
447 28 20 100
448 26 20 100
448 6 29 100
448 27 34 99
448 27 37 100
448 45 38 100
448 48 29 150
449 38 29 100
449 14 6 100
449 39 29 100
450 3 37 100
450 44 29 100
450 7 29 100
451 6 29 100
451 6 49 99
451 24 6 100
451 38 29 100
451 29 23 100
452 42 29 148
452 9 38 99
453 35 21 100
453 33 29 150
453 12 20 100
453 19 7 100
453 10 20 100
454 40 20 100
454 17 40 100
454 47 29 150
454 9 20 100
455 16 29 100
455 39 29 100
455 29 15 100
455 29 37 100
455 33 6 100
455 30 15 148
456 39 29 100
456 4 6 100
456 16 29 100
456 12 20 100
457 17 42 150
457 23 42 100
457 9 20 100
457 9 29 150
457 37 15 148
457 34 15 150
457 34 37 99
457 10 20 100
458 44 29 100
458 40 28 100
458 39 29 100
459 35 6 148
459 45 38 100
459 6 29 100
459 43 34 100
459 9 29 150
460 8 16 100
460 39 29 100
460 49 37 100
460 27 36 150
461 41 6 100
461 43 3 100
461 7 29 100
461 48 29 150
462 10 10 100
462 10 20 100
462 28 20 100
462 9 20 100
462 9 29 150
462 42 20 99
463 16 29 100
463 18 7 100
463 7 29 100
464 48 29 150
464 25 38 100
465 24 6 100
465 24 37 150
465 37 36 100
465 46 21 100
465 12 20 100
465 28 20 100
465 38 20 150
465 38 29 100
466 29 15 100
466 7 29 100
466 48 29 150
466 26 20 100
466 9 20 100
466 10 20 100
467 16 29 100
467 20 6 150
467 44 29 100
468 6 29 100
468 12 20 100
468 12 37 99
468 20 40 99
468 47 20 150
468 16 29 100
468 9 20 100
469 44 29 100
469 43 34 100
469 16 29 100
470 38 20 150
470 38 29 100
470 40 20 100
470 40 28 100
470 6 49 99
470 10 20 100
470 10 24 100
471 11 37 100
471 19 21 99
471 49 29 150
471 36 36 100
471 26 20 100
471 9 20 100
471 16 29 100
472 48 29 150
472 26 20 100
472 9 20 100
472 47 20 150
472 12 20 100
472 40 6 100
472 40 20 100
473 5 37 100
473 46 38 99
473 34 44 100
473 33 29 150
474 43 3 100
474 47 29 150
474 30 28 100
474 41 6 100
474 44 29 100
475 12 37 99
475 24 6 100
475 7 29 100
476 33 29 150
476 44 29 100
476 27 34 99
476 20 7 100
476 37 36 100
476 10 20 100
476 9 20 100
477 44 29 100
477 42 20 99
477 40 20 100
478 28 20 100
478 28 37 99
478 28 40 100
478 16 29 100
478 39 29 100
478 47 20 150
478 19 21 99
479 14 6 100
479 48 29 150
480 28 28 100
480 9 29 150
480 19 7 100
481 47 29 150
481 41 6 100
481 38 29 100
481 42 37 100
481 0 38 100
482 27 37 100
482 39 29 100
482 7 29 100
482 26 36 100
483 39 29 100
483 44 29 100
483 18 34 99
483 41 6 100
484 7 29 100
484 27 37 100
484 44 29 100
485 26 16 100
485 33 6 100
485 33 29 150
486 7 15 100
486 7 29 100
486 45 15 150
486 28 20 100
486 44 29 100
487 42 20 99
487 42 29 148
487 42 37 100
487 43 43 100
487 30 40 100
487 12 20 100
488 29 36 150
488 47 20 150
488 47 29 150
488 47 49 100
488 12 20 100
488 42 20 99
488 28 20 100
489 40 6 100
489 40 28 100
489 47 29 150
489 16 29 100
489 20 7 100
490 42 29 148
490 4 6 100
491 9 29 150
491 9 38 99
491 18 34 99
491 38 29 100
492 29 3 100
492 29 37 100
492 9 29 150
492 35 21 100
492 40 6 100
493 20 30 100
493 6 29 100
493 38 20 150
493 38 29 100
493 10 20 100
494 20 40 99
494 10 20 100
494 48 29 150
494 12 20 100
494 38 20 150
495 10 20 100
495 13 28 100
495 39 29 100
495 33 6 100
495 7 23 100
495 7 29 100
496 49 29 150
496 49 37 100
496 30 15 148
496 29 15 100
496 12 20 100
496 20 7 100
496 47 20 150
497 49 29 150
497 14 6 100
497 28 20 100
498 48 29 150
498 24 37 150
498 39 29 100
498 47 16 99
499 2 38 99
499 38 22 100
499 38 29 100
499 29 37 100
500 6 29 100
500 38 6 150
500 38 29 100
500 20 40 99
500 29 37 100
501 6 29 100
501 38 29 100
501 49 37 100
502 42 29 148
502 42 37 100
502 13 36 150
503 33 29 150
503 47 20 150
503 26 20 100
503 38 29 100
503 18 34 99
503 4 38 100
503 29 37 100
504 28 20 100
504 28 37 99
504 2 3 100
504 6 29 100
504 6 49 99
504 15 48 100
504 41 6 100
505 10 20 100
505 40 20 100
505 38 7 99
505 38 20 150
505 38 29 100
505 16 29 100
506 24 37 150
506 41 36 100
506 20 40 99
506 40 20 100
506 44 29 100
506 26 20 100
506 28 20 100
507 48 29 150
507 39 29 100
507 30 37 100
508 32 42 100
508 33 6 100
508 33 29 150
508 15 42 99
508 17 42 150
509 38 29 100
509 44 29 100
510 16 29 100
510 33 6 100
510 33 29 150
510 41 36 100
510 46 21 100
511 38 7 99
511 38 20 150
511 38 29 100
511 23 1 150
511 26 20 100
511 8 1 148
511 3 37 100
511 44 29 100
512 43 34 100
512 44 29 100
512 14 1 100
512 13 28 100
512 39 29 100
513 4 6 100
513 4 38 100
513 10 20 100
513 39 29 100
513 30 37 100
513 30 40 100
514 29 37 100
515 16 29 100
515 9 20 100
515 9 29 150
515 6 29 100
516 16 29 100
516 16 42 150
516 23 42 100
516 14 6 100
516 15 42 99
516 7 29 100
516 28 20 100
516 28 37 99
516 10 20 100
516 40 20 100
517 29 37 100
517 45 38 100
517 9 29 150
517 33 6 100
517 6 29 100
518 30 37 100
518 48 29 150
519 11 37 100
519 47 29 150
519 14 6 100
520 37 36 100
520 23 42 100
520 15 42 99
520 36 42 148
520 38 29 100
520 16 29 100
521 41 6 100
521 48 29 150
522 7 29 100
522 33 29 150
522 30 28 100
522 24 3 100
523 23 40 99
523 28 37 99
523 48 29 150
523 7 49 100
523 35 21 100
524 30 28 100
524 49 29 150
524 40 6 100
525 27 34 99
525 38 7 99
525 38 29 100
525 39 29 100
526 15 42 99
526 48 29 150
526 48 42 150
526 25 38 100
527 47 20 150
527 47 29 150
527 47 42 100
527 40 20 100
527 40 28 100
527 20 37 148
527 32 42 100
527 41 42 99
527 44 29 100
527 42 20 99
527 23 42 100
528 36 0 99
528 48 29 150
528 38 6 150
528 23 0 100
528 46 0 100
528 6 0 99
528 8 0 100
528 31 43 100
528 17 0 100
528 25 0 100
529 25 0 100
529 38 29 100
529 8 0 100
529 23 0 100
529 36 0 99
530 9 29 150
530 6 0 99
530 6 29 100
530 26 36 100
530 39 0 99
530 42 0 100
530 42 37 100
530 15 0 100
530 29 0 99
531 28 40 100
531 38 6 150
531 38 29 100
531 17 0 100
531 33 29 150
531 46 0 100
531 46 21 100
531 25 0 100
531 8 0 100
532 16 29 100
532 6 0 99
532 39 0 99
532 29 0 99
532 37 0 100
532 37 16 100
532 23 0 100
533 4 6 100
533 4 38 100
533 8 0 100
533 40 20 100
533 16 29 100
533 46 0 100
533 30 48 99
533 23 0 100
533 48 29 150
534 41 42 99
534 14 34 99
534 13 28 100
534 39 0 99
534 39 29 100
534 40 20 100
534 10 20 100
534 10 42 100
534 6 0 99
534 6 29 100
534 3 37 100
534 22 0 99
534 37 0 100
534 29 0 99
535 38 29 100
535 38 42 100
535 39 0 99
535 37 0 100
535 19 0 100
535 3 37 100
535 25 0 100
535 22 0 99
536 9 20 100
536 9 29 150
536 47 20 150
536 36 0 99
536 12 20 100
536 17 0 100
536 22 0 99
536 16 29 100
536 42 0 100
537 22 0 99
537 46 0 100
537 7 29 100
537 48 42 150
537 16 42 150
537 15 0 100
538 17 0 100
538 29 0 99
538 29 3 100
538 29 36 150
538 46 0 100
538 46 6 150
538 46 21 100
538 8 0 100
538 48 29 150
538 44 29 100
539 29 0 99
539 10 42 100
539 38 29 100
539 38 42 100
539 8 0 100
539 32 42 100
539 16 29 100
540 26 44 100
540 4 38 100
540 22 7 100
540 16 29 100
540 49 49 100
541 8 0 100
541 34 15 150
541 41 6 100
541 13 15 148
541 48 29 150
541 29 0 99
541 33 29 150
541 1 36 99
541 22 0 99
541 25 0 100
541 19 0 100
542 17 0 100
542 25 0 100
542 48 29 150
542 12 20 100
542 26 20 100
542 6 0 99
542 38 20 150
543 25 0 100
543 46 0 100
543 46 6 150
543 46 21 100
543 7 29 100
543 7 34 100
543 42 0 100
543 38 29 100
543 19 0 100
544 38 29 100
544 30 40 100
544 23 0 100
544 20 23 100
544 8 0 100
545 13 36 150
545 39 0 99
545 39 29 100
545 14 6 100
545 6 0 99
545 6 29 100
545 23 0 100
545 29 0 99
545 29 37 100
545 37 0 100
545 46 0 100
546 29 0 99
546 29 37 100
546 7 29 100
546 39 0 99
546 39 29 100
546 23 0 100
546 6 0 99
547 15 0 100
547 24 6 100
547 16 29 100
547 6 0 99
547 6 29 100
547 23 0 100
547 22 0 99
548 46 0 100
548 10 42 100
548 32 36 150
548 32 42 100
548 17 0 100
548 17 42 150
548 47 29 150
548 5 37 100
548 6 0 99
548 25 0 100
549 41 6 100
549 33 29 150
549 22 0 99
549 25 0 100
549 15 0 100
550 47 20 150
550 47 29 150
550 0 28 99
550 9 10 100
550 9 20 100
550 40 20 100
550 5 37 100
550 6 0 99
550 6 29 100
550 39 0 99
550 22 0 99
551 16 29 100
551 40 20 100
551 25 0 100
551 25 30 100
551 25 38 100
551 44 29 100
551 26 20 100
551 46 0 100
551 46 21 100
551 10 20 100
552 36 0 99
552 14 6 100
552 48 29 150
552 28 20 100
552 8 0 100
552 17 0 100
552 42 0 100
552 46 0 100
552 19 0 100
552 29 0 99
552 37 0 100
553 14 34 99
553 17 0 100
553 6 0 99
553 6 29 100
553 15 0 100
553 28 37 99
553 7 29 100
553 19 0 100
553 46 0 100
554 46 0 100
554 46 7 100
554 42 0 100
554 42 29 148
554 15 0 100
554 6 0 99
554 23 0 100
554 23 40 99
555 42 0 100
555 42 29 148
555 24 3 100
555 24 6 100
555 15 0 100
555 43 38 99
556 6 0 99
556 6 29 100
556 22 0 99
556 46 0 100
556 17 0 100
556 47 29 150
557 47 29 150
557 47 49 100
557 25 0 100
557 25 37 150
557 6 0 99
557 29 0 99
557 29 36 150
557 15 0 100
557 46 0 100
557 23 0 100
557 14 6 100
557 39 0 99
558 25 0 100
558 20 7 100
558 39 0 99
558 39 29 100
558 38 22 100
558 38 29 100
558 19 0 100
558 19 21 99
558 23 0 100
559 10 20 100
559 10 24 100
559 46 0 100
559 49 29 150
559 49 37 100
559 38 20 150
559 8 0 100
559 26 20 100
559 25 0 100
560 49 29 150
560 49 37 100
560 23 0 100
560 41 6 100
560 22 0 99
560 10 20 100
560 6 0 99
560 19 0 100
560 47 20 150
560 37 0 100
560 12 20 100
560 36 0 99
561 3 37 100
561 42 0 100
561 42 20 99
561 42 29 148
561 2 38 99
561 46 0 100
561 36 0 99
561 23 0 100
561 40 20 100
561 19 0 100
561 44 29 100
562 19 0 100
562 38 20 150
562 38 29 100
562 38 42 100
562 25 0 100
562 39 0 99
562 42 0 100
562 42 42 150
562 28 40 100
562 37 0 100
563 30 37 100
563 19 0 100
563 2 44 99
563 36 0 99
563 4 6 100
563 9 29 150
563 39 0 99
563 39 29 100
563 8 0 100
563 38 42 100
563 25 0 100
564 36 0 99
564 12 20 100
564 2 38 99
564 49 29 150
564 23 0 100
564 18 34 99
564 25 0 100
564 9 20 100
564 15 0 100
565 44 29 100
565 28 20 100
565 6 29 100
565 10 20 100
565 47 20 150
565 42 20 99
566 19 21 99
566 49 29 150
566 24 6 100
566 24 43 100
566 7 15 100
566 30 15 148
567 7 29 100
567 39 29 100
567 24 6 100
568 26 20 100
568 26 28 100
568 26 36 100
568 33 29 150
568 42 20 99
569 12 20 100
569 43 3 100
569 43 36 148
569 7 29 100
569 26 20 100
570 28 20 100
570 44 29 100
570 39 29 100
570 38 7 99
570 38 20 150
570 38 29 100
570 10 20 100
571 7 29 100
571 30 37 100
571 30 40 100
571 4 6 100
571 39 29 100
571 46 21 100
572 33 6 100
572 33 29 150
572 47 23 99
573 16 29 100
573 42 20 99
573 42 37 100
573 47 20 150
573 44 29 100
573 5 36 150
573 9 10 100
573 9 20 100
574 0 28 99
574 42 29 148
575 16 29 100
575 39 29 100
575 46 6 150
576 49 29 150
576 42 20 99
576 43 36 148
577 49 49 100
577 42 20 99
577 26 20 100
578 36 42 148
578 4 42 150
578 44 29 100
578 19 21 99
578 9 20 100
578 9 29 150
578 40 20 100
579 16 29 100
579 28 20 100
579 10 20 100
579 20 7 100
579 44 29 100
579 12 20 100
579 9 20 100
580 49 29 150
580 23 40 99
580 23 42 100
580 23 46 100
580 0 46 100
580 41 42 99
580 28 20 100
580 9 20 100
580 42 20 99
580 42 42 150
580 24 46 150
580 35 46 100
580 20 46 150
581 44 29 100
581 27 37 100
581 42 20 99
581 42 29 148
581 28 20 100
582 47 20 150
582 47 29 150
582 47 42 100
582 12 20 100
582 16 42 150
582 32 36 150
582 7 34 100
582 41 2 99
582 41 42 99
582 28 20 100
583 16 29 100
583 5 37 100
583 42 20 99
583 42 29 148
583 10 1 99
583 10 20 100
583 9 20 100
583 25 1 148
584 39 29 100
584 29 1 150
584 33 29 150
584 41 36 100
584 28 20 100
584 26 20 100
585 44 29 100
585 26 20 100
585 6 29 100
585 10 10 100
585 10 20 100
585 10 42 100
585 32 42 100
586 26 20 100
586 26 36 100
586 44 29 100
586 40 20 100
586 41 42 99
586 38 20 150
586 38 29 100
586 23 40 99
586 43 3 100
587 41 36 100
587 41 42 99
587 16 29 100
587 16 42 150
587 49 29 150
587 49 37 100
587 47 42 100
587 37 22 99
588 25 37 150
588 44 29 100
588 39 29 100
588 0 36 100
588 47 42 100
588 48 42 150
589 4 23 100
589 4 42 150
589 10 42 100
589 14 48 99
589 36 42 148
589 0 16 100
589 48 29 150
590 18 7 100
590 3 36 148
590 16 29 100
590 39 29 100
591 32 42 100
591 9 29 150
591 12 37 99
591 38 29 100
591 38 42 100
591 35 21 100
591 23 40 99
591 23 42 100
592 28 37 99
592 1 36 99
592 9 29 150
593 48 29 150
593 11 37 100
593 38 20 150
593 38 29 100
593 26 20 100
593 26 28 100
593 42 20 99
593 9 24 100
594 7 29 100
594 28 20 100
594 28 37 99
594 39 29 100
594 36 42 148
594 32 42 100
594 12 20 100
595 48 29 150
595 16 29 100
595 26 20 100
595 12 20 100
595 47 20 150
595 47 42 100
595 28 20 100
596 36 0 99
596 36 10 100
596 18 34 99
596 33 29 150
596 22 0 99
596 37 0 100
597 23 0 100
597 23 40 99
597 19 0 100
597 19 7 100
597 12 20 100
597 12 37 99
597 22 0 99
597 42 0 100
597 42 20 99
597 0 36 100
597 25 0 100
597 6 0 99
598 28 20 100
598 8 0 100
598 8 16 100
598 49 29 150
598 17 0 100
598 43 43 100
598 19 0 100
598 22 0 99
598 0 36 100
598 38 29 100
598 37 0 100
599 47 42 100
599 36 0 99
599 36 36 100
599 36 42 148
599 17 0 100
599 28 20 100
599 23 0 100
599 39 0 99
599 34 3 100
599 29 0 99
600 16 29 100
600 19 0 100
600 38 20 150
600 38 29 100
600 40 20 100
600 10 20 100
600 17 0 100
600 8 0 100
600 27 37 100
600 25 0 100
600 22 0 99
601 29 0 99
601 29 37 100
601 22 0 99
601 16 29 100
601 19 0 100
601 37 0 100
601 49 29 150
601 18 34 99
601 46 0 100
601 15 0 100
602 11 37 100
602 41 42 99
602 25 0 100
602 48 29 150
602 48 42 150
602 32 42 100
602 17 0 100
602 17 40 100
602 37 0 100
603 15 0 100
603 5 36 150
603 7 29 100
603 23 0 100
603 49 29 150
603 46 0 100
603 46 21 100
603 19 0 100
604 7 29 100
604 7 49 100
604 25 0 100
604 8 0 100
604 17 0 100
604 16 29 100
604 41 24 99
604 29 0 99
605 15 0 100
605 20 7 100
605 20 37 148
605 39 0 99
605 47 20 150
605 29 0 99
605 37 0 100
605 26 20 100
605 25 0 100
605 42 0 100
605 42 20 99
605 8 0 100
606 29 0 99
606 15 0 100
606 15 48 100
606 36 0 99
606 36 10 100
606 4 38 100
606 38 29 100
607 44 29 100
608 7 29 100
608 38 20 150
608 38 29 100
608 26 20 100
608 10 20 100
608 39 29 100
608 23 40 99
609 48 29 150
609 48 42 150
609 34 37 99
609 20 23 100
609 15 42 99
609 43 36 148
609 10 42 100
610 20 7 100
610 48 27 100
610 48 29 150
610 10 10 100
610 10 20 100
610 40 20 100
610 7 29 100
611 1 16 100
611 34 3 100
611 12 20 100
611 47 29 150
611 7 29 100
612 19 21 99
612 39 29 100
612 38 29 100
613 26 20 100
613 26 36 100
613 40 20 100
613 18 34 99
613 38 20 150
613 45 15 150
614 6 29 100
614 7 29 100
615 16 29 100
615 22 7 100
615 23 40 99
615 9 20 100
615 9 24 100
615 28 20 100
615 12 20 100
615 7 29 100
615 40 20 100
616 41 2 99
616 41 42 99
616 40 20 100
616 39 29 100
616 6 29 100
616 9 20 100
616 9 38 99
616 17 42 150
616 47 20 150
616 47 42 100
617 43 3 100
617 9 29 150
617 39 29 100
618 39 29 100
618 7 29 100
618 46 7 100
619 35 21 100
619 35 46 100
619 44 29 100
619 10 20 100
619 7 29 100
619 9 20 100
619 48 46 100
619 26 20 100
619 13 46 100
620 9 29 150
620 13 46 100
620 17 27 100
620 17 40 100
620 30 46 100
621 40 20 100
621 4 23 100
621 38 20 150
621 38 29 100
621 48 29 150
621 48 46 100
621 42 20 99
622 27 36 150
622 39 29 100
622 44 29 100
623 3 37 100
623 32 42 100
623 36 42 148
623 44 29 100
623 6 29 100
624 28 37 99
624 26 36 100
624 16 29 100
624 7 29 100
625 42 29 148
625 42 37 100
625 0 10 150
625 0 36 100
625 20 7 100
625 38 22 100
625 38 29 100
625 15 48 100
626 44 29 100
626 26 36 100
626 3 37 100
626 39 29 100
626 17 40 100
627 45 38 100
627 19 7 100
627 48 29 150
627 28 20 100
627 47 20 150
627 9 20 100
627 15 48 100
628 48 29 150
628 7 29 100
628 10 20 100
628 37 16 100
628 38 20 150
628 28 20 100
629 40 20 100
629 16 29 100
629 47 20 150
630 18 34 99
630 5 9 100
630 39 29 100
630 27 9 99
630 38 20 150
630 38 29 100
630 9 24 100
631 32 42 100
631 9 20 100
631 9 29 150
631 23 42 100
631 48 29 150
631 48 42 150
631 5 37 100
631 40 20 100
632 30 37 100
632 30 40 100
632 36 36 100
632 12 20 100
632 20 7 100
632 20 49 100
632 10 20 100
632 47 20 150
632 47 29 150
632 6 29 100
633 4 42 150
633 3 37 100
633 16 29 100
633 16 42 150
633 7 29 100
634 44 29 100
634 38 10 100
634 38 20 150
634 38 29 100
634 10 20 100
635 29 37 100
635 48 29 150
635 48 42 150
635 7 29 100
635 0 28 99
635 10 20 100
635 10 42 100
635 47 20 150
635 47 42 100
635 28 20 100
635 12 20 100
636 24 37 150
636 16 29 100
636 44 29 100
636 40 20 100
636 12 20 100
636 0 38 100
637 28 20 100
637 40 20 100
637 39 29 100
637 34 22 99
637 9 20 100
638 48 29 150
638 17 40 100
638 44 29 100
638 9 20 100
638 10 20 100
638 19 7 100
638 40 20 100
638 38 36 100
639 9 29 150
639 28 37 99
639 7 29 100
639 2 3 100
640 28 20 100
640 39 29 100
640 36 36 100
640 36 42 148
640 16 29 100
640 16 42 150
640 1 27 100
640 12 20 100
640 18 34 99
640 42 20 99
641 15 42 99
641 12 20 100
641 12 37 99
641 12 43 100
641 16 3 100
641 16 29 100
641 16 42 150
641 4 42 150
641 38 29 100
642 44 29 100
642 36 36 100
642 37 16 100
642 6 29 100
643 29 37 100
643 30 40 100
643 9 29 150
643 20 7 100
644 1 36 99
644 9 29 150
644 7 29 100
645 36 0 99
645 42 0 100
645 42 29 148
645 42 37 100
645 37 0 100
645 39 0 99
645 8 0 100
645 19 0 100
645 17 0 100
646 39 0 99
646 39 29 100
646 17 0 100
646 35 48 148
646 1 36 99
646 6 0 99
646 6 29 100
646 41 24 99
646 25 0 100
646 8 0 100
646 19 0 100
647 22 0 99
647 44 29 100
647 10 10 100
647 10 42 100
647 3 37 100
647 36 0 99
647 36 42 148
647 38 29 100
647 35 21 100
647 32 9 99
647 8 0 100
647 7 29 100
647 39 0 99
648 1 36 99
648 47 20 150
648 47 29 150
648 22 0 99
648 12 20 100
648 40 20 100
648 6 0 99
648 36 0 99
649 49 29 150
649 29 0 99
649 44 29 100
649 20 7 100
649 19 0 100
649 40 28 100
649 46 0 100
649 15 0 100
649 39 0 99
649 42 0 100
650 6 0 99
650 6 29 100
650 15 0 100
650 12 20 100
650 9 20 100
650 18 34 99
650 22 0 99
650 36 0 99
650 36 36 100
650 36 40 100
650 46 0 100
650 10 20 100
650 17 0 100
651 42 0 100
651 42 29 148
651 44 29 100
651 25 0 100
651 36 0 99
651 37 0 100
651 46 0 100
652 47 23 99
652 47 29 150
652 37 0 100
652 49 29 150
652 49 37 100
652 39 0 99
652 15 0 100
652 8 0 100
653 34 15 150
653 34 37 99
653 41 42 99
653 36 0 99
653 36 42 148
653 10 42 100
653 19 0 100
653 19 7 100
653 16 29 100
653 22 0 99
653 22 15 150
653 38 29 100
653 42 0 100
653 15 0 100
654 27 37 100
654 33 29 150
654 25 0 100
654 29 0 99
654 15 0 100
655 46 0 100
655 36 0 99
655 36 40 100
655 36 42 148
655 30 48 99
655 16 29 100
655 16 42 150
655 39 29 100
656 29 36 150
656 33 29 150
656 47 29 150
657 18 34 99
657 15 16 100
657 15 48 100
657 2 38 99
657 6 29 100
657 36 10 100
657 16 29 100
658 47 29 150
658 0 37 150
658 10 24 100
659 39 29 100
659 34 37 99
659 38 29 100
659 20 49 100
660 38 20 150
660 38 29 100
660 49 29 150
660 49 37 100
660 40 20 100
660 26 20 100
661 9 20 100
661 9 29 150
661 23 40 99
661 40 20 100
661 42 20 99
662 40 20 100
662 16 29 100
662 16 42 150
662 38 29 100
662 38 42 100
662 6 29 100
662 27 37 100
662 10 42 100
663 41 42 99
663 15 42 99
663 46 21 100
664 4 15 99
664 4 42 150
664 48 29 150
664 22 7 100
664 22 15 150
664 37 22 99
665 29 3 100
665 29 37 100
665 2 38 99
665 44 29 100
666 5 37 100
666 6 29 100
666 38 29 100
666 38 42 100
666 47 42 100
666 20 40 99
666 4 42 150
666 14 48 99
667 33 29 150
667 49 37 100
667 7 29 100
667 28 20 100
667 47 20 150
667 47 42 100
667 10 20 100
667 10 42 100
667 23 42 100
668 5 37 100
668 16 29 100
668 36 10 100
668 6 29 100
669 10 1 99
669 10 20 100
669 10 42 100
669 39 29 100
669 44 29 100
669 5 2 100
669 9 20 100
669 32 42 100
669 1 1 99
669 14 1 100
669 41 42 99
669 4 23 100
670 10 1 99
670 10 20 100
670 10 42 100
670 16 29 100
670 16 42 150
670 15 42 99
670 41 36 100
671 23 42 100
671 44 29 100
671 38 29 100
671 38 42 100
671 3 37 100
671 39 29 100
671 42 42 150
672 12 20 100
672 26 20 100
672 14 34 99
672 42 20 99
672 42 29 148
672 19 7 100
672 19 21 99
672 44 29 100
673 26 20 100
673 24 10 148
673 15 48 100
673 7 29 100
673 36 40 100
673 4 38 100
673 39 29 100
674 16 29 100
674 28 20 100
674 19 7 100
674 6 29 100
674 8 2 100
675 41 42 99
675 23 42 100
675 15 42 99
675 38 20 150
675 38 29 100
675 26 20 100
676 1 36 99
676 48 29 150
676 38 20 150
676 38 29 100
676 38 37 150
676 28 20 100
676 42 20 99
677 37 44 100
677 12 20 100
677 12 37 99
677 16 29 100
677 30 28 100
677 47 20 150
677 47 29 150
677 9 20 100
677 9 24 100
678 20 40 99
678 20 46 150
678 0 46 100
678 3 37 100
678 42 29 148
678 6 29 100
678 8 46 100
678 24 46 150
679 23 46 100
679 1 27 100
679 1 36 99
679 22 7 100
679 39 29 100
680 0 36 100
680 27 9 99
680 18 30 99
680 44 29 100
680 33 29 150
681 15 16 100
681 16 29 100
681 42 29 148
681 29 23 100
682 16 29 100
682 47 20 150
682 47 29 150
682 12 20 100
682 40 20 100
683 27 9 99
683 27 36 150
683 48 42 150
683 36 42 148
684 11 37 100
684 49 29 150
684 47 20 150
684 42 20 99
684 44 29 100
685 29 37 100
685 38 7 99
685 38 20 150
685 38 29 100
685 9 20 100
685 6 29 100
685 47 20 150
686 13 36 150
686 42 20 99
686 42 29 148
686 42 37 100
686 12 20 100
686 23 40 99
686 28 20 100
687 34 37 99
687 26 20 100
688 43 36 148
688 39 29 100
688 10 10 100
688 10 20 100
688 10 42 100
688 44 29 100
688 23 42 100
688 30 48 99
688 36 42 148
688 26 20 100
689 9 20 100
689 9 29 150
689 40 20 100
689 39 29 100
689 46 7 100
689 37 15 148
689 11 37 100
689 6 49 99
689 23 40 99
689 10 20 100
689 34 15 150
690 4 15 99
690 45 15 150
690 24 43 100
690 12 20 100
690 12 37 99
690 47 29 150
690 26 20 100
691 17 42 150
691 39 29 100
691 30 37 100
691 30 48 99
691 49 29 150
691 16 42 150
692 19 7 100
692 19 21 99
692 40 20 100
692 27 34 99
692 7 29 100
692 28 20 100
692 49 29 150
692 42 20 99
693 7 23 100
693 7 29 100
693 4 38 100
694 44 29 100
694 17 42 150
694 26 20 100
694 10 20 100
694 10 42 100
694 49 29 150
694 47 20 150
694 47 42 100
695 36 40 100
695 16 29 100
695 10 20 100
695 10 24 100
695 15 28 100
695 40 20 100
696 11 37 100
696 12 20 100
696 26 20 100
696 36 42 148
696 28 20 100
696 44 29 100
696 10 20 100
696 10 42 100
696 7 29 100
697 37 16 100
697 37 36 100
697 7 29 100
697 26 20 100
697 49 29 150
697 42 20 99
697 42 42 150
697 39 29 100
697 16 42 150
697 32 42 100
698 23 42 100
698 6 29 100
698 7 29 100
698 30 2 100
698 30 48 99
698 12 20 100
698 9 10 100
698 9 20 100
698 28 20 100
699 33 29 150
699 30 37 100
699 26 20 100
699 38 20 150
699 38 29 100
699 38 42 100
699 10 20 100
699 10 42 100
699 32 42 100
699 4 42 150
700 40 20 100
700 5 37 100
700 26 20 100
700 36 42 148
700 47 20 150
700 47 29 150
700 47 42 100
700 16 42 150
701 9 29 150
701 27 36 150
701 27 39 99
701 6 29 100
702 0 37 150
702 17 40 100
702 20 7 100
702 7 29 100
702 9 20 100
702 42 20 99
702 44 29 100
702 47 20 150
703 5 36 150
703 5 37 100
703 7 29 100
703 40 20 100
703 16 29 100
703 10 20 100
703 10 22 100
703 9 20 100
704 9 29 150
704 2 3 100
704 46 7 100
705 16 29 100
705 16 42 150
705 38 20 150
705 38 29 100
705 38 36 100
705 38 42 100
705 11 37 100
705 26 20 100
705 47 20 150
705 47 42 100
706 42 29 148
706 42 37 100
706 41 36 100
706 20 40 99
706 9 29 150
707 6 29 100
707 12 20 100
707 12 37 99
707 39 29 100
708 37 36 100
708 33 29 150
708 26 20 100
708 11 37 100
708 15 42 99
708 38 20 150
708 38 29 100
708 38 42 100
708 36 42 148
708 28 20 100
709 8 23 100
709 16 29 100
709 47 20 150
709 38 20 150
709 38 29 100
709 38 36 100
709 12 20 100
710 45 38 100
710 40 20 100
710 6 29 100
710 14 34 99
710 14 48 99
710 20 7 100
710 10 10 100
710 10 20 100
711 10 20 100
711 6 29 100
711 3 37 100
711 38 20 150
711 38 29 100
711 42 20 99
711 17 27 100
712 33 29 150
712 23 28 100
712 23 42 100
712 36 37 150
712 36 42 148
712 42 29 148
713 39 29 100
713 28 20 100
713 28 40 100
713 47 20 150
713 47 29 150
714 13 36 150
714 46 7 100
714 16 29 100
714 40 20 100
714 38 29 100
715 5 37 100
715 27 37 100
715 7 49 100
716 12 20 100
716 36 42 148
716 36 46 100
716 23 42 100
716 23 46 100
716 26 20 100
716 7 29 100
716 15 42 99
716 44 29 100
716 47 20 150
716 35 21 100
716 35 46 100
717 42 20 99
717 42 29 148
717 0 46 100
717 48 46 100
717 23 46 100
717 28 20 100
718 20 3 100
718 20 40 99
718 1 16 100
718 48 29 150
718 16 29 100
718 36 10 100
718 47 20 150
718 43 34 100
718 39 29 100
719 33 29 150
719 30 37 100
719 16 42 150
719 4 42 150
720 16 29 100
720 41 24 99
720 12 37 99
720 6 29 100
721 29 37 100
721 15 42 99
721 9 29 150
721 39 29 100
721 16 42 150
721 4 42 150
722 45 38 100
722 12 20 100
722 26 20 100
722 49 29 150
722 40 20 100
723 5 36 150
723 5 37 100
723 33 29 150
723 38 29 100
723 14 48 99
724 49 29 150
724 49 37 100
724 40 20 100
724 38 7 99
724 38 20 150
724 38 29 100
724 23 40 99
724 26 20 100
725 38 20 150
725 38 29 100
725 38 42 100
725 7 29 100
725 0 28 99
725 26 20 100
725 16 42 150
725 47 20 150
726 39 29 100
726 38 29 100
726 2 3 100
727 48 29 150
727 41 36 100
727 17 37 148
727 43 34 100
727 16 29 100
728 48 29 150
728 41 24 99
728 42 20 99
728 47 20 150
729 27 36 150
729 20 7 100
729 47 29 150
729 6 29 100
729 9 20 100
730 27 37 100
730 9 29 150
730 17 40 100
731 3 37 100
731 33 29 150
731 15 48 100
732 49 29 150
732 10 20 100
732 44 29 100
733 29 23 100
733 10 20 100
733 8 16 100
733 44 29 100
733 47 20 150
733 46 21 100
734 19 7 100
734 43 36 148
734 39 29 100
734 7 29 100
735 48 29 150
735 7 29 100
735 2 3 100
735 2 38 99
736 42 29 148
736 0 16 100
736 10 10 100
737 26 20 100
737 47 20 150
737 47 29 150
737 44 29 100
737 23 40 99
738 27 34 99
738 27 37 100
738 28 20 100
738 26 20 100
738 7 29 100
738 7 49 100
738 12 20 100
739 49 29 150
739 49 37 100
739 20 7 100
739 13 15 148
739 47 20 150
739 47 29 150
739 37 15 148
739 9 24 100
740 38 29 100
740 6 29 100
741 23 46 100
741 6 29 100
741 15 48 100
741 44 29 100
741 3 36 148
741 3 37 100
741 0 46 100
741 35 46 100
741 24 46 150
742 10 42 100
742 44 29 100
742 6 29 100
742 41 42 99
742 42 42 150
742 36 40 100
742 36 46 100
743 32 36 150
743 3 37 100
743 19 7 100
743 39 29 100
743 44 29 100
744 39 29 100
744 11 37 100
744 42 29 148
744 42 42 150
744 23 42 100
744 38 42 100
745 38 10 100
745 38 29 100
745 38 36 100
745 38 42 100
745 42 37 100
745 42 42 150
745 10 42 100
745 44 29 100
745 43 43 100
746 40 20 100
746 2 38 99
746 4 23 100
746 10 20 100
746 49 27 100
747 8 2 100
747 28 20 100
747 26 20 100
748 28 20 100
748 28 40 100
748 49 29 150
748 24 3 100
748 7 29 100
748 9 20 100
748 26 20 100
749 23 42 100
749 39 29 100
749 15 42 99
749 3 37 100
749 48 29 150
749 10 42 100
750 29 36 150
750 43 34 100
750 47 29 150
750 41 24 99
751 22 0 99
751 24 46 150
751 42 0 100
751 42 29 148
751 42 42 150
751 13 46 100
751 47 42 100
751 14 48 99
751 29 0 99
751 16 29 100
751 10 42 100
751 15 0 100
752 20 7 100
752 20 46 150
752 29 0 99
752 16 29 100
752 39 0 99
752 39 29 100
752 12 20 100
752 38 20 150
752 26 20 100
752 35 46 100
752 25 0 100
753 26 20 100
753 25 0 100
753 39 0 99
753 39 29 100
753 22 0 99
753 7 29 100
753 40 20 100
753 17 0 100
753 17 40 100
753 29 0 99
753 24 46 150
753 12 20 100
754 37 0 100
754 37 22 99
754 37 36 100
754 6 0 99
754 6 29 100
754 28 37 99
754 48 29 150
754 19 0 100
754 17 0 100
755 15 0 100
755 36 0 99
755 36 10 100
755 36 36 100
755 36 37 150
755 5 9 100
755 25 0 100
755 39 0 99
755 39 29 100
755 29 0 99
755 6 0 99
755 46 0 100
756 26 36 100
756 8 0 100
756 39 0 99
756 39 29 100
756 36 0 99
756 36 42 148
756 42 0 100
756 42 29 148
756 42 42 150
756 22 0 99
757 6 0 99
757 6 29 100
757 36 0 99
757 7 29 100
757 28 20 100
757 2 3 100
757 26 20 100
757 9 20 100
757 42 0 100
757 42 20 99
757 19 0 100
757 19 7 100
758 39 0 99
758 39 29 100
758 46 0 100
758 23 0 100
758 22 0 99
758 22 15 150
758 12 37 99
758 36 0 99
758 36 10 100
758 49 29 150
758 29 0 99
758 29 15 100
758 42 0 100
758 19 0 100
759 37 0 100
759 37 16 100
759 4 15 99
759 29 0 99
759 16 29 100
759 25 0 100
759 19 0 100
759 36 0 99
759 36 40 100
759 40 20 100
759 40 28 100
759 28 20 100
759 44 29 100
760 29 0 99
760 15 0 100
760 28 20 100
760 36 0 99
760 46 0 100
760 46 21 100
760 33 29 150
760 22 0 99
760 8 0 100
761 42 20 99
761 42 29 148
761 42 37 100
761 18 7 100
761 18 34 99
761 39 29 100
761 45 38 100
761 12 20 100
762 12 20 100
762 12 37 99
762 26 20 100
762 38 20 150
762 38 29 100
762 28 20 100
762 42 20 99
762 42 29 148
763 38 20 150
763 38 29 100
763 38 36 100
763 9 20 100
764 7 29 100
764 23 40 99
764 26 20 100
764 26 36 100
764 46 7 100
764 39 29 100
764 16 29 100
765 36 36 100
765 36 37 150
765 29 23 100
765 44 29 100
765 48 29 150
765 38 20 150
766 40 20 100
766 48 29 150
766 49 37 100
766 10 20 100
766 10 24 100
767 33 29 150
767 1 36 99
767 43 34 100
767 23 42 100
767 25 37 150
767 16 29 100
767 16 42 150
767 15 42 99
768 12 20 100
768 39 29 100
768 42 20 99
768 38 10 100
768 38 20 150
768 38 29 100
769 44 29 100
769 46 7 100
769 9 20 100
769 7 29 100
770 20 40 99
770 38 20 150
770 38 29 100
770 40 20 100
770 33 29 150
771 47 20 150
771 47 29 150
771 47 42 100
771 4 42 150
771 19 21 99
771 40 20 100
772 47 29 150
772 47 49 100
772 0 36 100
772 42 20 99
772 30 48 99
772 39 29 100
773 10 20 100
773 10 42 100
773 47 20 150
773 47 42 100
773 25 37 150
773 15 42 99
773 49 27 100
773 12 20 100
773 0 36 100
774 32 42 100
774 5 37 100
774 26 36 100
775 30 15 148
775 30 37 100
775 30 40 100
775 44 7 150
775 44 29 100
775 38 29 100
776 23 0 100
776 23 28 100
776 23 42 100
776 11 37 100
776 28 20 100
776 6 0 99
776 6 29 100
776 22 0 99
776 10 20 100
776 10 42 100
776 46 0 100
776 40 20 100
776 47 29 150
776 47 42 100
776 36 0 99
777 33 29 150
777 4 15 99
777 8 0 100
777 36 0 99
777 23 0 100
778 36 0 99
778 36 42 148
778 46 0 100
778 17 0 100
778 17 42 150
778 20 3 100
778 29 0 99
778 38 29 100
778 44 29 100
779 39 0 99
779 39 29 100
779 23 0 100
779 49 37 100
779 18 34 99
779 1 36 99
779 15 0 100
780 30 37 100
780 39 0 99
780 39 29 100
780 38 10 100
780 38 29 100
781 39 0 99
781 39 29 100
781 25 0 100
781 25 38 100
781 15 0 100
781 11 37 100
781 19 0 100
781 19 7 100
781 46 0 100
781 29 0 99
781 37 0 100
781 38 29 100
781 36 0 99
782 6 0 99
782 6 29 100
782 27 37 100
782 7 29 100
782 10 24 100
782 15 0 100
782 15 48 100
782 42 0 100
782 29 0 99
782 23 0 100
782 23 40 99
782 46 0 100
783 35 2 100
783 19 0 100
783 49 29 150
783 23 0 100
783 23 1 150
783 36 0 99
783 14 1 100
783 8 0 100
783 8 1 148
783 17 0 100
783 16 29 100
783 38 20 150
784 7 29 100
784 28 20 100
784 15 0 100
784 37 0 100
784 37 22 99
784 39 0 99
784 39 29 100
784 23 0 100
784 17 0 100
784 12 20 100
784 10 20 100
784 19 0 100
785 37 0 100
785 37 36 100
785 47 20 150
785 47 29 150
785 47 42 100
785 6 0 99
785 6 29 100
785 34 3 100
785 22 0 99
785 28 20 100
785 17 0 100
785 17 42 150
785 42 0 100
786 18 34 99
786 23 0 100
786 23 42 100
786 1 36 99
786 46 0 100
786 12 20 100
786 12 37 99
786 8 0 100
786 10 10 100
786 10 20 100
786 48 29 150
786 40 20 100
787 48 29 150
787 37 0 100
787 37 36 100
787 44 29 100
787 19 0 100
787 12 20 100
787 12 37 99
787 10 20 100
788 16 29 100
788 33 16 100
788 38 7 99
788 38 20 150
788 38 29 100
788 36 40 100
788 40 20 100
789 23 0 100
789 19 0 100
789 47 29 150
789 25 0 100
789 22 0 99
789 7 29 100
789 36 0 99
790 49 37 100
790 40 20 100
790 17 0 100
790 22 0 99
790 8 0 100
790 12 20 100
790 39 0 99
791 28 20 100
791 28 37 99
791 17 0 100
791 6 0 99
791 6 29 100
791 38 10 100
791 38 29 100
791 8 0 100
791 35 21 100
791 46 0 100
791 42 0 100
791 22 0 99
792 23 0 100
792 23 42 100
792 9 24 100
792 3 36 148
792 37 0 100
792 10 42 100
792 13 48 150
792 36 0 99
792 36 42 148
792 22 0 99
793 9 29 150
793 28 40 100
793 44 29 100
793 23 0 100
793 39 0 99
794 9 10 100
794 9 29 150
794 15 0 100
794 15 48 100
794 46 0 100
794 46 7 100
794 6 0 99
794 34 44 100
794 37 0 100
794 8 0 100
795 13 15 148
795 5 37 100
795 38 29 100
795 38 42 100
795 19 0 100
795 48 29 150
795 48 42 150
795 34 15 150
795 6 0 99
795 15 0 100
795 37 0 100
796 16 29 100
796 25 0 100
796 25 37 150
796 1 36 99
796 17 0 100
796 29 0 99
796 22 0 99
796 6 0 99
796 6 29 100
796 19 0 100
796 42 0 100
796 42 20 99
797 23 0 100
797 48 29 150
797 43 16 100
797 43 23 100
797 7 29 100
797 10 20 100
797 22 0 99
797 22 7 100
797 19 0 100
797 15 0 100
798 17 0 100
798 9 20 100
798 9 29 150
798 39 0 99
798 19 0 100
798 23 0 100
798 15 0 100
798 28 20 100
798 40 20 100
798 10 20 100
799 3 36 148
799 40 20 100
799 48 29 150
799 48 42 150
799 26 20 100
799 42 0 100
799 42 20 99
799 42 42 150
799 16 29 100
799 39 0 99
799 46 0 100
800 12 20 100
800 12 37 99
800 48 29 150
800 48 39 99
800 37 0 100
800 39 0 99
800 18 7 100
800 46 0 100
801 45 38 100
801 28 20 100
801 28 40 100
801 16 29 100
801 26 20 100
801 9 20 100
801 40 20 100
802 37 36 100
802 16 29 100
802 36 46 100
802 44 29 100
802 13 46 100
802 29 37 100
803 11 37 100
803 7 29 100
803 7 34 100
803 7 49 100
803 36 46 100
803 36 48 150
803 44 29 100
803 0 46 100
803 18 7 100
804 29 37 100
804 36 36 100
804 36 46 100
804 10 22 100
804 49 29 150
804 13 46 100
804 39 29 100
805 37 36 100
805 11 37 100
805 12 43 100
805 44 29 100
805 9 10 100
806 39 29 100
806 7 29 100
806 38 7 99
806 38 20 150
806 38 29 100
806 28 20 100
806 28 40 100
806 12 20 100
807 32 36 150
807 32 42 100
807 29 0 99
807 25 0 100
807 41 42 99
807 38 42 100
807 36 0 99
807 46 0 100
807 22 0 99
808 30 28 100
808 10 42 100
808 42 0 100
808 42 29 148
808 36 0 99
808 38 29 100
808 46 0 100
808 19 0 100
808 17 0 100
808 6 0 99
808 29 0 99
809 26 20 100
809 27 37 100
809 10 20 100
809 10 42 100
809 32 42 100
809 9 20 100
809 9 29 150
809 15 0 100
809 15 42 99
809 28 20 100
809 22 0 99
809 37 0 100
810 3 37 100
810 15 0 100
810 15 42 99
810 46 0 100
810 37 0 100
810 22 0 99
810 6 0 99
810 39 0 99
811 22 0 99
811 32 42 100
811 27 37 100
811 23 0 100
811 23 42 100
811 35 21 100
811 19 0 100
811 9 29 150
811 44 29 100
812 34 37 99
812 49 29 150
812 6 0 99
812 2 30 100
812 20 40 99
812 19 0 100
812 17 0 100
813 4 42 150
813 36 0 99
813 36 42 148
813 33 29 150
813 16 29 100
813 49 27 100
813 28 20 100
813 9 20 100
814 0 36 100
814 22 0 99
814 47 20 150
814 47 29 150
814 23 0 100
814 16 29 100
814 12 20 100
814 6 0 99
814 40 20 100
815 2 38 99
815 12 20 100
815 12 37 99
815 39 0 99
815 39 29 100
815 44 29 100
815 46 0 100
815 40 20 100
815 38 20 150
815 38 42 100
815 17 0 100
815 17 42 150
815 16 42 150
815 7 23 100
816 10 20 100
816 10 24 100
816 10 42 100
816 38 29 100
816 38 37 150
816 38 42 100
816 27 34 99
816 8 0 100
816 46 0 100
816 37 0 100
816 9 29 150
816 19 0 100
816 39 0 99
817 48 29 150
817 38 20 150
817 38 36 100
817 38 42 100
817 49 37 100
817 15 0 100
817 25 0 100
817 42 0 100
817 42 20 99
817 23 0 100
817 23 40 99
818 23 0 100
818 7 29 100
818 17 0 100
818 38 7 99
818 38 20 150
818 38 29 100
818 37 0 100
818 29 0 99
818 29 3 100
818 8 0 100
819 43 16 100
819 39 0 99
819 39 29 100
819 49 29 150
819 10 10 100
819 10 20 100
819 10 42 100
819 26 20 100
819 42 0 100
819 42 20 99
819 42 42 150
819 37 0 100
820 39 29 100
820 12 20 100
820 16 29 100
820 41 42 99
820 26 20 100
821 42 20 99
821 42 29 148
821 42 42 150
821 26 20 100
821 26 28 100
821 48 42 150
821 6 29 100
822 0 16 100
822 30 48 99
822 9 20 100
822 9 29 150
822 40 20 100
822 37 22 99
823 12 20 100
823 36 40 100
823 36 42 148
823 6 29 100
823 4 42 150
823 48 29 150
823 35 21 100
824 15 42 99
824 34 37 99
824 6 29 100
824 4 42 150
824 23 42 100
824 12 20 100
825 34 37 99
825 26 20 100
825 26 36 100
825 40 20 100
825 6 29 100
825 14 48 99
825 39 29 100
825 42 20 99
826 27 37 100
826 48 29 150
826 40 20 100
826 28 20 100
827 41 36 100
827 42 20 99
827 42 29 148
827 16 29 100
827 46 7 100
827 6 29 100
827 28 20 100
828 10 20 100
828 47 20 150
828 47 29 150
828 25 37 150
828 26 20 100
829 46 38 99
829 44 29 100
829 10 20 100
829 34 37 99
829 30 40 100
829 16 29 100
829 3 49 100
830 11 37 100
830 27 34 99
830 48 29 150
830 48 42 150
830 44 29 100
830 42 20 99
830 42 42 150
830 36 10 100
830 30 48 99
830 40 20 100
831 42 29 148
831 42 37 100
831 36 36 100
831 41 24 99
831 10 9 150
831 39 29 100
832 39 29 100
832 5 36 150
833 44 29 100
833 3 37 100
833 7 29 100
833 47 29 150
833 20 7 100
834 14 48 99
834 6 29 100
834 25 38 100
834 20 40 99
835 4 23 100
835 42 29 148
835 42 37 100
835 49 29 150
836 35 2 100
836 6 29 100
836 22 7 100
837 46 21 100
837 39 29 100
838 10 10 100
838 10 20 100
838 10 24 100
838 44 29 100
839 47 20 150
839 40 20 100
839 38 20 150
839 9 20 100
839 12 20 100
840 10 20 100
840 30 37 100
840 12 20 100
840 9 20 100
840 26 20 100
841 39 29 100
841 32 36 150
841 23 40 99
841 40 20 100
841 43 16 100
841 47 20 150
842 47 20 150
842 26 20 100
842 42 20 99
842 22 7 100
842 1 27 100
843 14 48 99
843 26 20 100
843 26 36 100
843 34 37 99
844 27 37 100
844 26 28 100
845 19 7 100
845 22 15 150
845 43 15 148
845 7 29 100
845 15 48 100
846 38 36 100
847 38 37 150
847 38 42 100
847 23 42 100
847 47 42 100
848 26 20 100
848 40 20 100
848 49 37 100
848 39 29 100
848 17 40 100
848 28 20 100
848 38 10 100
849 3 37 100
849 18 34 99
849 9 20 100
849 4 42 150
849 41 36 100
849 41 42 99
849 32 42 100
849 26 20 100
849 40 20 100
850 9 20 100
851 40 39 100
851 2 3 100
851 5 37 100
851 47 23 99
851 7 29 100
852 13 7 150
852 12 20 100
852 38 20 150
852 6 0 99
852 22 0 99
852 36 0 99
852 37 0 100
852 19 0 100
852 19 21 99
853 42 0 100
853 42 20 99
853 42 42 150
853 27 36 150
853 4 42 150
853 36 0 99
853 23 0 100
853 39 0 99
854 1 16 100
854 1 36 99
854 17 0 100
854 17 40 100
854 36 0 99
854 44 29 100
854 28 20 100
854 22 0 99
854 6 0 99
854 10 20 100
854 23 0 100
854 12 20 100
854 37 0 100
855 39 0 99
855 33 6 100
855 12 20 100
855 12 37 99
855 35 6 148
855 47 20 150
855 23 0 100
855 45 38 100
855 37 0 100
855 36 0 99
855 20 6 150
855 46 0 100
855 46 6 150
856 28 20 100
856 29 0 99
856 4 6 100
856 25 0 100
856 25 49 100
856 46 0 100
856 46 7 100
856 15 0 100
857 49 37 100
857 18 34 99
857 23 0 100
857 17 0 100
857 29 0 99
857 22 0 99
857 19 0 100
858 14 6 100
858 22 0 99
858 36 0 99
858 17 0 100
858 38 6 150
858 38 29 100
858 8 0 100
858 10 24 100
858 23 0 100
858 6 0 99
858 35 6 148
859 8 0 100
859 29 0 99
859 29 37 100
859 33 6 100
859 6 0 99
859 28 28 100
859 39 0 99
860 42 0 100
860 24 3 100
860 6 0 99
860 22 0 99
860 22 7 100
860 46 0 100
861 8 0 100
861 27 37 100
861 43 38 99
861 42 0 100
861 42 20 99
861 46 0 100
861 28 20 100
861 2 44 99
861 29 0 99
861 47 20 150
861 23 0 100
862 28 37 99
862 28 40 100
862 29 0 99
862 29 23 100
862 9 10 100
862 9 29 150
862 15 0 100
862 14 6 100
862 8 0 100
862 24 6 100
862 35 6 148
863 12 20 100
863 38 6 150
863 38 20 150
863 42 20 99
863 33 6 100
865 5 37 100
865 10 42 100
865 14 48 99
865 38 42 100
865 4 42 150
