5 5 28 100
5 49 27 100
5 1 38 100
6 4 20 150
6 29 46 100
7 16 41 99
7 17 19 100
9 5 28 100
9 5 46 99
9 11 4 100
10 39 20 100
11 37 38 100
12 32 31 99
12 32 41 100
12 4 14 100
13 10 18 100
13 25 46 100
14 9 19 100
14 8 25 100
15 17 46 100
15 11 41 100
16 9 48 100
17 37 38 100
17 9 28 99
18 17 46 100
18 11 4 100
18 46 43 99
19 30 43 100
19 4 20 150
19 36 13 100
19 36 43 148
19 17 19 100
19 45 43 100
19 1 43 148
19 10 43 150
20 16 47 99
20 6 25 100
20 28 43 150
20 27 35 100
21 32 6 100
21 32 31 99
21 32 41 100
21 28 27 100
22 33 38 100
22 16 28 99
23 47 21 99
23 17 27 100
23 27 21 150
23 28 27 100
24 24 18 99
24 15 18 148
24 5 46 99
25 37 41 100
25 17 19 100
26 9 28 99
27 30 38 100
27 5 46 99
27 25 25 100
27 7 3 150
27 27 3 150
28 48 27 150
29 20 31 100
29 39 20 100
29 33 20 100
30 47 20 148
30 20 19 99
31 37 41 100
31 8 25 100
31 34 35 150
31 1 28 100
32 16 13 100
32 24 35 150
33 25 46 100
34 2 4 150
34 25 48 100
35 33 38 100
35 41 41 100
36 13 19 100
37 17 27 100
37 16 47 99
37 7 35 100
37 8 25 100
38 39 20 100
38 39 28 100
38 5 46 99
38 2 16 100
38 12 20 100
39 47 4 150
40 12 47 99
40 34 35 150
40 16 13 100
41 44 35 150
41 43 19 99
42 22 38 100
42 12 20 100
42 32 6 100
43 25 48 100
43 11 27 100
43 23 31 99
43 20 27 99
44 16 41 99
44 11 27 100
45 2 3 100
45 20 27 99
45 11 27 100
46 19 39 148
46 43 26 100
46 17 26 150
46 28 26 150
46 28 39 100
46 4 26 100
46 4 39 100
47 30 41 99
47 5 13 100
48 27 4 99
48 7 19 99
48 20 46 100
48 25 25 100
50 0 38 99
50 25 48 100
50 2 16 100
51 2 26 100
51 29 26 100
51 29 46 100
51 1 26 148
51 25 18 150
51 30 26 100
52 0 15 148
52 39 28 100
52 41 41 100
53 36 31 100
54 46 19 99
54 46 38 99
54 20 46 100
55 18 12 100
56 20 41 99
57 20 46 100
57 3 25 100
57 3 47 100
57 46 48 100
58 45 12 100
58 45 27 148
59 0 38 99
60 43 19 99
60 46 48 100
60 34 16 100
61 11 41 100
61 25 46 100
62 46 6 100
62 46 36 150
62 15 36 150
62 24 13 99
64 35 28 99
64 3 4 148
64 19 20 100
64 39 20 100
65 46 19 99
65 32 31 99
65 17 46 100
66 3 25 100
66 32 41 100
67 17 46 100
67 37 3 100
68 1 26 148
68 7 26 100
68 22 18 150
68 22 26 100
68 5 18 100
68 4 26 100
68 47 26 100
69 11 38 99
70 44 16 100
70 17 27 100
70 30 41 99
71 12 25 100
71 12 47 99
71 29 46 100
71 46 48 100
72 15 28 100
72 18 20 100
72 20 19 99
73 18 20 100
74 36 31 100
74 19 39 148
74 20 39 150
74 0 38 99
74 14 39 150
75 30 41 99
75 46 48 100
75 24 13 99
76 24 35 150
77 25 46 100
77 43 19 99
78 22 38 100
78 25 25 100
78 25 48 100
79 11 4 100
80 39 20 100
80 29 46 100
81 2 16 100
82 35 28 99
82 35 31 99
82 20 41 99
83 20 46 100
83 34 38 99
84 16 47 99
84 9 19 100
86 29 46 100
86 26 6 100
86 47 20 148
87 9 48 100
87 3 25 100
87 3 38 100
87 27 4 99
88 30 41 99
88 11 27 100
89 23 18 100
89 46 19 99
89 30 18 99
89 20 27 99
90 3 3 100
90 20 46 100
91 44 35 150
91 12 25 100
92 15 38 100
92 29 26 100
92 22 26 100
92 44 26 100
92 3 31 100
92 45 26 100
92 45 27 148
92 11 41 100
93 49 27 100
93 10 47 99
93 43 26 100
93 16 13 100
93 46 48 100
94 48 27 150
96 29 19 100
96 34 25 100
97 46 48 100
97 30 35 150
98 6 18 150
98 11 4 100
98 28 24 100
98 17 46 100
98 4 20 150
99 32 41 100
99 37 12 100
99 17 27 100
100 36 25 100
101 41 13 100
101 39 28 100
101 20 19 99
101 20 31 100
102 41 41 100
102 15 18 148
102 15 38 100
102 7 35 100
102 0 18 100
103 29 46 100
104 28 12 100
104 9 16 100
105 35 28 99
105 37 41 100
105 11 27 100
106 28 27 100
107 25 46 100
107 3 3 100
107 20 19 99
109 34 25 100
109 16 28 99
110 16 41 99
110 15 12 99
111 22 38 100
111 5 46 99
111 20 31 100
112 43 19 99
113 9 41 99
113 25 25 100
114 37 46 100
114 32 6 100
115 48 43 100
115 30 38 100
115 30 43 100
115 38 47 99
115 5 28 100
115 14 43 99
115 10 43 150
115 45 43 100
116 9 48 100
116 24 13 99
116 28 43 150
116 46 43 99
116 36 43 148
117 20 41 99
117 20 46 100
117 35 28 99
117 35 31 99
118 18 20 100
118 4 20 150
118 4 39 100
118 40 39 100
118 38 39 150
119 31 38 100
119 17 19 100
119 12 16 100
119 4 39 100
119 11 4 100
119 11 39 148
119 38 39 150
120 4 39 100
121 46 48 100
121 7 35 100
121 8 41 100
122 34 25 100
123 29 46 100
124 33 38 100
125 46 19 99
125 1 28 100
125 47 20 148
125 7 35 100
126 11 41 100
126 35 31 99
126 35 35 148
127 14 39 150
127 38 39 150
128 20 46 100
128 41 13 100
128 41 39 100
129 32 35 148
129 33 20 100
130 12 16 100
130 12 25 100
131 9 19 100
131 9 28 99
131 9 41 99
132 46 48 100
132 11 27 100
132 49 27 100
133 32 6 100
134 16 47 99
134 31 38 100
134 29 46 100
135 20 31 100
135 20 41 99
135 6 25 100
136 46 19 99
137 5 46 99
137 11 4 100
138 9 28 99
139 32 16 99
139 32 41 100
139 43 3 100
140 2 39 99
140 38 39 150
140 3 38 100
140 1 39 150
141 17 46 100
141 3 25 100
141 5 13 100
142 25 48 100
142 23 31 99
143 0 15 148
143 0 18 100
143 0 38 99
143 41 41 100
143 31 15 150
143 13 19 100
143 10 18 100
144 9 28 99
145 11 27 100
146 5 46 99
146 35 38 100
146 8 41 100
148 4 39 100
148 41 39 100
148 9 4 150
148 9 39 150
148 28 39 100
149 46 19 99
149 4 20 150
149 41 13 100
149 11 27 100
150 25 46 100
151 44 16 100
151 9 12 148
151 9 41 99
151 49 27 100
151 4 31 100
152 37 38 100
152 45 27 148
153 16 28 99
153 34 25 100
154 43 19 99
154 6 35 150
154 14 32 99
154 41 41 100
155 4 20 150
155 33 20 100
155 0 6 99
155 11 4 100
156 48 27 150
156 46 48 100
157 29 46 100
158 12 25 100
158 30 41 99
159 24 13 99
159 9 48 100
160 22 19 100
160 11 27 100
161 0 38 99
161 27 35 100
162 44 16 100
162 17 46 100
162 40 3 100
163 27 4 99
164 23 31 99
164 11 41 100
165 38 19 100
165 29 46 100
166 8 25 100
166 1 28 100
167 18 20 100
167 28 27 100
167 0 18 100
167 37 18 100
168 32 35 148
168 32 41 100
168 1 38 100
169 17 27 100
170 44 26 100
170 8 25 100
170 47 26 100
170 5 46 99
170 22 26 100
170 28 26 150
170 25 48 100
171 20 41 99
171 46 38 99
172 7 19 99
173 15 38 100
173 11 39 148
173 25 48 100
173 9 39 150
173 23 31 99
173 2 39 99
174 17 46 100
174 38 47 99
175 28 27 100
175 39 28 100
176 6 18 150
176 3 6 100
176 11 27 100
177 9 19 100
177 9 41 99
177 28 27 100
177 25 25 100
178 24 13 99
179 25 46 100
179 37 38 100
179 32 16 99
179 39 28 100
180 8 41 100
181 35 31 99
181 49 27 100
182 2 26 100
182 28 26 150
182 29 26 100
183 11 38 99
183 11 41 100
183 37 46 100
183 45 26 100
184 26 6 100
184 30 26 100
184 11 4 100
184 46 48 100
185 22 19 100
185 1 25 100
185 28 24 100
185 47 20 148
187 20 26 148
187 20 46 100
187 40 3 100
187 45 26 100
187 17 26 150
187 24 26 100
188 36 35 150
188 9 28 99
188 9 48 100
189 44 18 100
189 24 18 99
189 16 41 99
189 49 27 100
189 20 27 99
190 39 20 100
190 19 20 100
191 12 31 99
191 20 19 99
192 24 13 99
192 37 38 100
192 37 46 100
192 20 16 100
193 18 20 100
194 11 41 100
194 19 20 100
195 28 27 100
195 4 20 150
196 7 38 100
196 17 46 100
196 3 31 100
197 34 25 100
198 25 48 100
198 16 28 99
198 16 41 99
199 20 19 99
199 20 46 100
199 33 38 100
200 27 21 150
200 24 21 100
200 47 21 99
201 32 35 148
202 12 25 100
202 9 41 99
203 25 46 100
203 35 28 99
203 38 47 99
203 44 16 100
204 46 4 150
204 46 19 99
204 41 13 100
206 15 38 100
206 17 46 100
206 9 48 100
207 3 31 100
208 30 35 150
208 30 41 99
210 36 25 100
210 15 6 100
210 18 20 100
210 46 19 99
210 46 48 100
210 29 46 100
211 9 28 99
211 45 27 148
211 34 20 148
212 27 4 99
213 3 3 100
214 16 41 99
214 25 25 100
214 49 27 100
214 17 27 100
215 20 19 99
215 20 27 99
215 46 38 99
215 39 28 100
216 25 46 100
217 24 13 99
217 24 18 99
217 33 18 150
217 30 41 99
218 3 31 100
219 12 16 100
220 46 48 100
221 41 46 150
221 5 18 100
221 7 19 99
221 7 38 100
221 24 18 99
222 9 41 99
222 27 4 99
223 36 25 100
223 17 27 100
224 20 27 99
224 1 28 100
224 19 20 100
224 33 20 100
224 3 6 100
225 3 15 100
225 5 15 150
225 5 46 99
226 47 20 148
226 46 19 99
226 46 43 99
226 43 43 150
226 1 43 148
226 20 43 150
226 36 43 148
226 28 43 150
227 12 20 100
227 49 43 100
227 46 48 100
228 1 38 100
228 33 20 100
228 23 31 99
228 5 46 99
228 19 20 100
229 30 41 99
229 32 16 99
229 16 28 99
230 20 27 99
231 24 13 99
231 18 20 100
232 17 46 100
232 28 24 100
232 18 20 100
233 7 19 99
233 7 38 100
233 37 41 100
234 26 18 100
234 34 25 100
234 3 3 100
234 48 27 150
234 45 18 100
235 23 31 99
235 12 16 100
236 11 4 100
237 32 41 100
237 17 27 100
237 16 28 99
238 30 35 150
238 20 19 99
239 1 38 100
239 3 47 100
239 45 27 148
240 25 46 100
240 25 48 100
241 22 18 150
241 38 35 150
241 4 7 100
242 16 41 99
242 36 35 150
242 44 16 100
243 32 35 148
243 12 25 100
243 11 4 100
243 11 38 99
244 39 28 100
244 7 19 99
245 26 18 100
245 24 13 99
245 24 18 99
245 41 41 100
246 17 46 100
247 6 18 150
247 37 18 100
247 4 31 100
248 31 15 150
248 47 15 100
249 27 4 99
249 6 25 100
249 4 20 150
249 3 38 100
249 46 19 99
249 17 46 100
250 18 20 100
250 16 28 99
250 19 20 100
250 49 27 100
250 17 27 100
251 48 27 150
251 44 16 100
251 41 41 100
252 25 48 100
253 47 21 99
253 37 38 100
253 18 21 150
254 29 46 100
255 7 19 99
255 7 38 100
255 32 41 100
255 9 28 99
256 11 27 100
256 15 6 100
256 15 18 148
256 36 13 100
257 27 4 99
258 35 31 99
258 25 18 150
258 25 25 100
258 25 46 100
258 12 20 100
258 26 18 100
259 20 41 99
259 5 28 100
260 0 38 99
260 38 19 100
260 45 27 148
261 27 35 100
261 5 18 100
261 37 18 100
262 5 35 100
262 36 25 100
262 27 35 100
263 22 38 100
263 8 41 100
264 39 20 100
264 4 20 150
264 5 46 99
264 11 4 100
265 22 32 100
266 43 19 99
266 28 39 100
266 46 39 148
266 46 48 100
266 12 16 100
266 4 39 100
267 46 38 99
267 30 41 99
268 17 46 100
268 15 28 100
269 30 18 99
269 44 18 100
269 23 31 99
269 49 3 100
269 19 25 100
270 11 4 100
271 25 46 100
271 41 41 100
271 35 38 100
271 20 19 99
272 22 26 100
272 24 26 100
272 9 26 150
273 28 26 150
273 11 4 100
274 8 25 100
275 31 38 100
275 25 46 100
275 25 48 100
275 9 41 99
278 20 19 99
278 20 41 99
278 20 46 100
278 35 28 99
279 8 25 100
279 25 33 100
279 7 35 100
280 27 35 100
281 36 31 100
282 34 20 148
282 33 20 100
283 8 21 100
283 20 16 100
283 20 26 148
283 20 46 100
283 20 48 150
283 1 26 148
283 27 21 150
283 4 26 100
283 44 26 100
284 25 25 100
284 46 19 99
284 46 38 99
284 8 21 100
285 30 41 99
285 15 6 100
286 29 46 100
286 27 4 99
287 9 48 100
287 16 13 100
287 37 38 100
289 43 26 100
289 43 43 150
289 48 25 100
289 48 43 100
289 36 43 148
289 26 43 150
289 14 43 99
289 45 26 100
289 45 43 100
289 29 26 100
289 17 26 150
290 37 46 100
290 10 43 150
290 12 20 100
290 39 20 100
290 39 28 100
290 45 43 100
291 23 31 99
291 8 41 100
291 27 35 100
292 36 35 150
292 22 18 150
292 22 19 100
293 27 35 100
294 25 48 100
295 28 12 100
295 45 36 100
295 46 32 99
295 37 46 100
296 27 12 100
296 4 20 150
296 25 25 100
297 47 20 148
297 2 16 100
298 44 18 100
298 7 19 99
298 25 18 150
298 25 46 100
299 34 38 99
299 36 31 100
299 17 40 99
301 8 41 100
301 20 46 100
301 17 32 99
302 36 25 100
303 44 26 100
303 44 35 150
303 36 13 100
303 17 26 150
303 33 20 100
303 1 26 148
303 20 26 148
303 12 20 100
303 19 14 100
304 9 35 150
304 21 24 100
304 35 38 100
304 22 32 100
305 33 20 100
306 34 12 100
306 20 26 148
306 20 27 99
306 5 28 100
306 30 26 100
306 28 26 150
306 28 27 100
306 4 26 100
307 6 5 100
307 23 31 99
307 41 41 100
307 9 19 100
307 49 29 99
308 34 20 148
308 33 20 100
308 17 46 100
309 3 25 100
309 28 12 100
309 34 20 148
310 36 35 150
310 25 48 100
311 37 7 99
311 13 32 100
311 24 13 99
312 25 18 150
312 7 19 99
312 7 35 100
312 32 16 99
313 15 12 99
313 17 46 100
314 30 18 99
314 30 35 150
314 44 18 100
314 34 20 148
315 4 26 100
315 24 26 100
315 31 38 100
315 2 26 100
315 44 26 100
315 47 26 100
316 16 41 99
316 23 31 99
316 37 30 100
317 37 46 100
317 31 29 100
317 39 20 100
318 7 12 100
318 18 20 100
318 2 32 100
319 24 35 150
319 13 19 100
320 17 27 100
320 1 25 100
320 6 17 100
321 30 38 100
321 33 20 100
321 5 28 100
321 2 16 100
322 29 46 100
323 24 35 150
323 18 12 100
324 38 10 100
324 19 20 100
324 32 31 99
324 46 19 99
324 12 20 100
326 24 13 99
326 15 38 100
326 33 29 100
326 37 41 100
326 37 46 100
328 36 5 100
328 2 32 100
329 26 43 150
329 5 46 99
329 1 43 148
329 45 43 100
329 36 43 148
329 20 43 150
330 25 25 100
330 14 43 99
330 20 43 150
331 22 19 100
331 22 32 100
331 41 41 100
332 22 14 99
332 22 38 100
332 47 20 148
332 17 46 100
333 9 16 100
333 35 31 99
333 28 27 100
333 39 20 100
333 11 27 100
334 38 12 150
334 16 28 99
334 33 20 100
334 12 20 100
335 3 25 100
336 5 46 99
337 47 20 148
337 48 32 100
337 22 19 100
338 11 38 99
338 13 29 99
339 3 25 100
339 41 39 100
339 6 5 100
339 33 39 150
339 1 39 150
339 28 39 100
340 33 14 150
341 35 31 99
341 13 32 100
341 17 46 100
342 25 18 150
342 20 41 99
342 0 18 100
343 31 38 100
343 43 19 99
343 45 27 148
344 34 25 100
345 41 13 100
345 20 46 100
346 7 26 100
346 6 17 100
346 45 24 100
346 45 26 100
346 28 26 150
346 44 26 100
346 49 29 99
347 9 12 148
348 2 16 100
348 37 18 100
348 5 18 100
348 5 35 100
349 25 46 100
349 25 48 100
349 9 41 99
350 18 20 100
350 19 20 100
350 9 19 100
350 3 31 100
350 39 32 100
351 36 25 100
352 37 46 100
353 31 38 100
353 44 36 100
353 45 36 100
354 33 7 99
354 33 20 100
354 19 20 100
354 24 13 99
355 20 19 99
355 20 46 100
356 46 32 99
356 33 20 100
356 19 25 100
358 4 31 100
358 25 46 100
359 49 10 100
359 36 5 100
359 30 41 99
360 17 32 99
360 34 12 100
360 34 20 148
361 34 20 148
361 34 25 100
361 9 19 100
361 9 48 100
361 37 46 100
361 41 13 100
362 6 5 100
363 35 38 100
363 17 27 100
365 25 46 100
365 29 40 99
365 19 20 100
365 18 20 100
366 2 16 100
366 45 12 100
366 35 31 99
367 4 20 150
368 5 28 100
368 5 35 100
368 7 35 100
369 6 25 100
369 45 12 100
370 29 26 100
370 29 46 100
370 24 26 100
370 48 32 100
370 8 41 100
370 20 26 148
370 44 26 100
370 34 38 99
370 30 26 100
371 38 19 100
371 38 35 150
372 19 20 100
372 6 35 150
372 14 29 150
372 33 20 100
373 14 32 99
373 14 39 150
373 42 17 100
373 2 39 99
373 46 39 148
374 48 27 150
374 15 38 100
374 24 13 99
375 34 16 100
375 34 20 148
375 36 31 100
376 19 25 100
376 19 40 100
376 39 32 100
377 25 46 100
377 2 5 100
378 32 35 148
379 43 19 99
379 2 32 100
380 15 38 100
380 12 20 100
381 33 20 100
381 18 20 100
381 5 46 99
382 37 18 100
382 33 20 100
382 33 29 100
382 26 18 100
383 20 26 148
383 20 31 100
383 12 20 100
383 29 26 100
384 49 27 100
384 44 16 100
384 44 26 100
384 35 28 99
384 4 26 100
384 28 27 100
385 36 25 100
385 9 19 100
385 25 46 100
385 27 12 100
386 31 12 100
386 48 32 100
387 24 13 99
388 46 38 99
388 46 48 100
388 9 41 99
388 17 46 100
389 42 7 100
390 22 32 100
390 19 20 100
390 1 43 148
391 5 46 99
391 28 43 150
391 36 43 148
391 49 43 100
391 46 43 99
391 14 43 99
391 20 43 150
392 27 12 100
392 2 16 100
392 4 31 100
392 45 43 100
393 20 19 99
393 42 17 100
394 6 25 100
394 6 35 150
394 36 13 100
395 25 46 100
395 30 41 99
396 27 12 100
397 17 32 99
397 37 38 100
398 2 29 100
398 37 46 100
398 38 47 99
399 33 12 99
399 33 20 100
399 33 40 100
399 27 35 100
399 16 28 99
399 19 20 100
400 39 20 100
400 39 32 100
400 38 19 100
400 31 24 100
400 33 20 100
401 23 31 99
401 48 25 100
402 19 39 148
402 36 13 100
402 4 39 100
402 20 39 150
403 20 46 100
404 3 38 100
404 18 14 148
405 40 39 100
405 4 39 100
405 38 39 150
405 36 5 100
406 49 29 99
406 49 43 100
406 36 43 148
406 2 16 100
406 2 32 100
406 2 39 99
406 13 19 100
406 1 43 148
407 48 25 100
407 48 43 100
407 1 43 148
407 34 12 100
407 43 43 150
407 14 43 99
408 37 12 100
408 37 41 100
408 37 46 100
408 48 43 100
410 12 31 99
410 22 32 100
411 11 38 99
411 29 46 100
412 6 17 100
412 6 35 150
412 7 19 99
413 48 25 100
413 48 27 150
413 4 20 150
413 10 30 100
414 5 13 100
414 49 10 100
415 13 32 100
415 32 35 148
415 33 38 100
416 11 27 100
417 15 38 100
417 17 32 99
418 28 27 100
418 20 19 99
418 20 27 99
418 20 31 100
418 20 41 99
419 29 46 100
420 40 3 100
420 24 35 150
420 2 3 100
421 13 32 100
421 34 25 100
422 6 5 100
423 1 28 100
423 5 46 99
424 38 19 100
424 24 18 99
424 30 18 99
424 41 7 100
425 36 25 100
425 1 38 100
426 25 46 100
426 5 13 100
426 46 32 99
426 47 20 148
426 35 31 99
427 20 27 99
428 4 26 100
428 11 41 100
428 28 26 150
428 43 26 100
428 20 16 100
428 20 26 148
429 1 26 148
429 45 26 100
429 4 26 100
429 9 26 150
429 22 32 100
430 1 25 100
430 1 38 100
430 29 46 100
433 7 19 99
433 26 43 150
433 6 5 100
433 5 46 99
433 45 43 100
433 32 41 100
433 36 43 148
433 48 43 100
434 28 24 100
434 28 43 150
434 49 29 99
434 49 43 100
434 17 32 99
435 25 25 100
435 43 43 150
436 12 31 99
436 28 27 100
436 39 17 100
437 5 46 99
437 13 32 100
437 17 26 150
437 44 26 100
437 9 26 150
438 41 7 100
438 24 26 100
439 11 41 100
439 20 19 99
440 20 16 100
440 20 46 100
441 25 25 100
442 34 38 99
442 46 32 99
443 28 27 100
443 19 40 100
443 49 27 100
444 46 48 100
444 39 20 100
445 17 46 100
445 39 20 100
445 20 31 100
446 12 25 100
446 33 38 100
446 16 41 99
446 22 32 100
447 17 19 100
448 4 20 150
448 5 13 100
448 5 28 100
448 5 46 99
449 34 16 100
450 43 26 100
450 13 32 100
450 20 26 148
450 4 26 100
450 22 26 100
451 17 46 100
451 2 26 100
452 32 31 99
452 4 20 150
452 8 25 100
452 6 5 100
452 39 32 100
453 11 38 99
453 9 18 150
453 47 20 148
454 44 35 150
454 38 19 100
455 2 26 100
455 24 26 100
455 24 35 150
455 22 26 100
455 20 26 148
456 11 38 99
456 33 20 100
456 29 46 100
456 39 20 100
457 32 16 99
458 49 29 99
458 24 21 100
458 47 21 99
459 39 20 100
459 4 12 150
459 47 21 99
460 16 41 99
460 29 46 100
460 25 25 100
460 2 32 100
460 28 27 100
461 0 38 99
461 47 20 148
461 31 24 100
462 43 19 99
462 47 20 148
462 4 31 100
463 9 18 150
463 23 18 100
463 37 46 100
463 16 13 100
464 47 20 148
464 12 20 100
465 15 12 99
465 38 10 100
465 38 35 150
466 34 25 100
466 34 35 150
466 29 40 99
466 47 17 100
468 20 27 99
468 20 41 99
468 25 48 100
468 39 20 100
468 39 32 100
468 1 38 100
468 49 27 100
469 7 19 99
469 5 46 99
470 8 25 100
470 39 20 100
470 4 31 100
471 6 18 150
471 49 27 100
471 18 20 100
472 14 39 150
472 38 39 150
472 28 24 100
472 28 39 100
473 41 13 100
474 17 46 100
475 38 19 100
475 5 28 100
476 22 32 100
476 29 12 100
476 3 25 100
477 32 41 100
477 7 12 100
478 11 38 99
478 46 32 99
478 37 46 100
478 35 31 99
479 44 16 100
480 1 29 148
481 37 46 100
482 29 19 100
482 30 38 100
482 30 41 99
482 6 25 100
483 22 32 100
484 29 46 100
485 35 38 100
485 18 20 100
486 18 20 100
486 4 20 150
486 33 38 100
486 35 31 99
487 46 19 99
487 33 7 99
487 33 18 150
487 1 25 100
487 45 18 100
487 25 46 100
489 27 12 100
489 8 41 100
490 17 46 100
490 41 10 99
490 41 13 100
491 16 28 99
492 12 16 100
492 13 17 100
493 46 19 99
493 5 46 99
494 17 32 99
494 21 24 100
495 32 31 99
495 32 41 100
495 36 25 100
495 45 12 100
496 10 30 100
496 4 20 150
496 37 46 100
496 16 13 100
497 46 38 99
498 0 18 100
498 17 19 100
498 30 35 150
498 39 28 100
499 26 14 100
500 31 29 100
500 9 5 99
500 9 39 150
500 9 41 99
500 20 39 150
500 12 25 100
501 44 26 100
501 44 35 150
501 22 26 100
501 7 26 100
501 45 26 100
501 4 26 100
501 4 39 100
502 18 12 100
502 9 48 100
503 29 46 100
503 35 31 99
503 27 35 100
504 11 27 100
504 11 38 99
504 12 25 100
504 17 27 100
505 45 12 100
506 22 19 100
507 18 20 100
507 20 18 150
507 26 18 100
508 25 46 100
508 17 32 99
508 17 40 99
508 32 16 99
508 34 20 148
509 20 41 99
510 33 12 99
510 33 20 100
510 6 25 100
510 10 14 100
511 3 31 100
511 18 20 100
511 20 27 99
512 22 5 100
512 29 46 100
513 9 48 100
514 38 19 100
514 36 13 100
515 11 27 100
515 6 25 100
515 20 27 99
516 37 41 100
516 37 46 100
518 15 12 99
518 39 20 100
518 39 32 100
518 19 20 100
519 37 46 100
519 8 25 100
520 34 38 99
520 20 31 100
520 1 28 100
521 14 32 99
522 30 18 99
522 30 35 150
522 12 20 100
522 5 18 100
522 22 19 100
522 45 24 100
523 35 5 99
523 9 41 99
523 5 46 99
524 6 17 100
524 20 39 150
524 1 39 150
525 12 25 100
525 36 13 100
526 17 19 100
526 32 16 99
526 40 39 100
527 46 48 100
527 5 46 99
528 36 35 150
529 40 7 100
529 36 31 100
529 9 26 150
529 47 26 100
529 14 32 99
529 7 26 100
529 28 26 150
530 18 12 100
530 34 25 100
531 24 35 150
531 31 29 100
532 37 41 100
532 37 46 100
533 13 33 150
533 45 26 100
533 44 26 100
533 29 26 100
533 20 26 148
533 7 26 100
534 20 19 99
534 22 32 100
535 29 46 100
535 36 5 100
536 19 20 100
536 39 20 100
537 37 38 100
537 32 31 99
537 36 13 100
537 36 25 100
538 5 46 99
538 2 16 100
539 11 41 100
539 1 28 100
539 7 19 99
540 41 10 99
542 0 38 99
542 9 12 148
542 9 41 99
542 29 46 100
543 36 25 100
544 14 32 99
544 17 27 100
544 20 27 99
544 4 20 150
545 47 20 148
545 22 5 100
545 32 31 99
546 28 24 100
546 22 19 100
546 22 32 100
546 5 46 99
547 18 20 100
548 17 40 99
548 19 20 100
548 32 16 99
548 32 41 100
549 41 13 100
549 37 46 100
550 6 25 100
550 48 32 100
552 38 12 150
552 20 46 100
552 18 20 100
553 48 27 150
553 48 32 100
554 37 7 99
554 13 19 100
554 35 31 99
554 35 35 148
554 19 20 100
555 39 5 100
555 39 20 100
555 9 18 150
555 9 41 99
555 7 38 100
556 49 43 100
556 10 43 150
556 24 35 150
556 30 43 100
556 20 43 150
556 6 25 100
556 45 43 100
557 43 43 150
557 26 43 150
557 45 43 100
557 18 20 100
558 20 46 100
558 14 32 99
558 18 20 100
559 35 12 150
560 20 19 99
560 13 32 100
560 34 25 100
561 25 46 100
562 19 20 100
562 39 20 100
562 12 20 100
563 22 38 100
563 32 31 99
563 32 41 100
563 36 13 100
564 47 12 148
564 29 46 100
565 46 32 99
566 12 25 100
567 0 38 99
567 42 17 100
567 25 46 100
568 9 19 100
568 9 41 99
568 19 40 100
569 31 29 100
569 39 20 100
569 5 35 100
569 9 48 100
569 36 25 100
570 20 16 100
570 7 38 100
570 4 20 150
571 22 5 100
571 22 32 100
571 23 31 99
572 39 20 100
572 17 46 100
573 29 19 100
573 49 27 100
574 35 35 148
574 9 41 99
574 19 25 100
574 16 13 100
575 47 20 148
576 28 27 100
576 35 10 99
577 49 27 100
578 19 5 99
578 49 3 100
578 49 33 150
578 16 47 99
578 2 3 100
578 37 3 100
578 11 0 100
578 5 46 99
578 8 33 150
578 25 33 100
579 30 14 148
579 3 3 100
579 28 24 100
579 18 20 100
580 26 18 100
580 26 33 100
580 0 18 100
580 4 12 150
580 21 30 150
580 13 33 150
580 9 33 150
580 49 3 100
581 8 0 100
581 10 3 148
581 10 47 99
582 12 47 99
582 21 24 100
583 35 3 150
583 31 12 100
583 27 3 150
584 7 12 100
584 4 14 100
584 18 20 100
584 12 47 99
585 30 0 99
585 49 3 100
585 31 24 100
585 40 3 100
586 44 33 99
586 9 5 99
586 9 33 150
586 22 33 150
587 30 14 148
587 42 30 100
587 3 47 100
588 18 0 100
588 20 43 150
588 14 43 99
588 37 30 100
588 30 43 100
588 48 43 100
588 1 43 148
588 49 43 100
589 1 43 148
589 2 3 100
589 48 43 100
589 4 20 150
589 31 24 100
589 43 3 100
590 6 5 100
590 19 14 100
590 38 47 99
591 29 12 100
591 29 30 150
592 24 37 100
592 38 47 99
592 28 24 100
593 44 16 100
593 37 30 100
594 27 12 100
594 45 18 100
594 16 47 99
594 13 18 150
595 2 5 100
595 8 0 100
595 21 24 100
595 33 20 100
596 12 47 99
596 49 3 100
596 49 33 150
596 43 3 100
596 43 33 99
596 40 33 100
596 45 12 100
596 10 30 100
596 7 33 100
597 42 30 100
597 23 14 99
598 24 14 150
598 12 47 99
598 2 5 100
598 21 24 100
599 40 3 100
599 23 3 150
599 23 18 100
599 19 20 100
599 30 18 99
599 42 30 100
600 12 47 99
600 45 24 100
601 9 18 150
602 9 5 99
602 2 30 150
602 24 37 100
602 23 14 99
602 12 47 99
603 31 24 100
603 12 16 100
604 4 14 100
604 49 43 100
604 3 47 100
604 48 43 100
604 14 43 99
604 30 43 100
605 42 30 100
605 24 33 100
605 1 43 148
605 35 3 150
605 35 5 99
605 48 43 100
605 9 33 150
605 13 33 150
605 36 43 148
605 40 3 100
605 20 43 150
606 30 0 99
606 39 20 100
606 8 25 100
606 12 20 100
606 12 47 99
607 6 18 150
607 37 18 100
607 45 24 100
608 7 12 100
608 29 30 150
609 9 5 99
609 3 47 100
610 31 24 100
611 16 47 99
611 30 0 99
611 22 33 150
611 37 12 100
611 25 33 100
611 43 33 99
611 40 33 100
612 29 14 150
612 9 5 99
612 9 16 100
612 14 43 99
612 10 43 150
613 3 47 100
613 48 43 100
613 1 43 148
614 12 37 100
614 19 14 100
614 21 24 100
614 28 43 150
614 7 3 150
614 7 33 100
614 14 43 99
614 24 33 100
614 8 33 150
614 43 43 150
614 48 43 100
615 23 14 99
615 38 47 99
615 10 30 100
616 7 3 150
616 49 3 100
616 24 14 150
616 6 5 100
617 4 20 150
617 10 30 100
617 10 47 99
618 19 24 148
619 2 3 100
619 35 3 150
619 35 12 150
619 10 47 99
620 6 5 100
621 19 14 100
621 21 24 100
621 2 3 100
621 37 3 100
622 7 3 150
622 7 47 150
622 13 18 150
623 47 12 148
623 18 14 148
623 10 30 100
623 37 3 100
624 28 24 100
624 13 18 150
624 13 37 100
624 0 18 100
624 38 47 99
625 39 17 100
625 8 33 150
625 31 12 100
625 26 18 100
625 26 33 100
625 37 18 100
625 37 30 100
625 44 33 99
626 42 30 100
626 26 33 100
627 17 5 99
628 27 3 150
628 19 20 100
628 19 47 150
629 18 14 148
629 42 30 100
629 31 24 100
630 22 5 100
630 20 16 100
630 13 0 100
631 12 47 99
632 22 5 100
632 22 14 99
632 37 30 100
632 36 25 100
632 45 24 100
632 24 37 100
632 38 47 99
633 22 14 99
633 2 3 100
634 43 3 100
634 37 3 100
634 38 47 99
634 23 0 100
635 31 24 100
635 17 5 99
635 10 14 100
636 16 47 99
636 28 12 100
636 42 30 100
637 27 3 150
637 28 24 100
638 22 33 150
638 18 33 100
638 16 47 99
638 44 33 99
638 43 33 99
638 42 30 100
639 30 0 99
639 21 24 100
640 47 12 148
641 22 33 150
641 10 30 100
641 10 33 150
641 10 37 100
641 10 47 99
641 40 33 100
642 21 24 100
642 9 16 100
643 3 47 100
643 9 5 99
643 12 20 100
644 29 0 100
644 29 30 150
645 18 0 100
645 10 47 99
646 2 5 100
646 19 24 148
647 16 47 99
647 26 14 100
647 18 20 100
648 43 5 100
648 1 14 150
649 28 24 100
649 10 30 100
649 10 47 99
650 42 30 100
650 47 20 148
651 39 5 100
651 39 20 100
651 42 30 100
652 4 12 150
652 21 0 99
652 21 37 100
652 42 30 100
652 25 47 150
654 1 25 100
654 28 24 100
654 12 20 100
654 22 18 150
655 13 17 100
655 37 30 100
656 13 18 150
656 45 18 100
656 42 30 100
656 12 47 99
656 35 5 99
657 49 12 150
657 29 14 150
657 28 24 100
658 32 16 99
658 19 20 100
659 33 20 100
659 36 43 148
659 49 43 100
659 16 47 99
660 21 24 100
660 44 16 100
660 43 5 100
660 43 43 150
660 1 43 148
660 48 43 100
661 16 47 99
661 14 43 99
661 30 43 100
661 49 43 100
661 10 30 100
662 9 5 99
662 23 3 150
662 2 3 100
663 27 3 150
663 18 20 100
664 18 0 100
664 45 24 100
664 43 3 100
664 10 47 99
665 13 30 148
666 36 5 100
666 26 14 100
666 28 24 100
666 24 37 100
666 16 47 99
667 28 12 100
668 3 47 100
668 18 12 100
669 28 24 100
670 12 20 100
670 12 47 99
670 18 0 100
671 23 12 150
671 21 30 150
672 31 24 100
672 44 16 100
673 30 18 99
673 35 5 99
673 35 30 148
673 24 18 99
673 24 47 148
674 11 0 100
674 45 24 100
675 34 20 148
675 10 14 100
675 10 47 99
676 26 14 100
676 25 30 150
676 25 37 99
676 33 20 100
677 28 24 100
677 38 14 99
677 38 47 99
677 23 14 99
678 12 20 100
678 44 18 100
678 44 36 100
678 24 18 99
678 19 5 99
679 38 47 99
679 31 24 100
680 24 18 99
680 37 18 100
680 17 5 99
680 20 16 100
681 16 47 99
681 25 25 100
681 23 14 99
682 42 30 100
682 45 12 100
682 45 24 100
683 13 0 100
683 3 47 100
683 10 30 100
683 28 12 100
683 18 20 100
684 30 14 148
684 29 46 100
685 19 5 99
685 19 14 100
685 13 33 150
685 16 47 99
685 22 33 150
685 24 33 100
686 20 18 150
686 35 3 150
686 35 24 150
686 39 20 100
686 37 12 100
686 37 30 100
687 11 0 100
687 3 47 100
687 12 20 100
688 23 3 150
688 34 16 100
688 10 3 148
689 33 12 99
689 33 18 150
689 37 18 100
689 13 33 150
689 10 33 150
689 10 47 99
689 25 33 100
689 21 24 100
690 33 20 100
690 39 17 100
690 29 30 150
691 19 5 99
692 21 0 99
692 21 24 100
692 21 37 100
692 47 20 148
692 27 3 150
692 12 47 99
693 19 14 100
694 20 16 100
694 43 5 100
694 38 47 99
695 0 14 100
695 28 24 100
696 25 33 100
696 36 33 148
696 24 33 100
696 18 33 100
697 27 12 100
697 21 30 150
697 18 20 100
697 7 47 150
698 47 20 148
698 19 5 99
698 29 0 100
698 28 24 100
699 12 20 100
699 12 37 100
700 37 18 100
700 37 30 100
700 9 5 99
700 38 47 99
700 19 20 100
700 23 18 100
701 37 30 100
701 28 24 100
702 28 12 100
702 34 20 148
702 43 3 100
702 23 3 150
703 25 47 150
704 22 18 150
705 9 16 100
705 29 12 100
705 38 47 99
705 21 24 100
706 31 12 100
706 25 25 100
706 10 30 100
707 16 47 99
707 2 5 100
707 31 24 100
707 0 23 100
707 25 37 99
709 5 18 100
709 16 47 99
709 23 18 100
709 21 30 150
710 44 18 100
710 24 18 99
711 0 14 100
711 46 24 150
711 17 5 99
711 35 30 148
711 3 47 100
712 30 14 148
713 38 47 99
713 7 3 150
714 6 5 100
714 37 3 100
714 45 24 100
714 21 37 100
715 37 30 100
715 41 23 100
715 12 47 99
716 22 5 100
716 13 23 100
717 30 14 148
717 12 16 100
717 12 47 99
717 28 24 100
717 10 30 100
718 0 18 100
718 25 18 150
718 42 30 100
719 39 5 100
719 10 47 99
719 21 24 100
720 37 12 100
720 37 18 100
720 0 18 100
720 0 23 100
721 17 0 99
721 13 37 100
722 39 17 100
722 21 24 100
722 21 30 150
722 19 14 100
723 6 5 100
723 49 23 100
723 10 47 99
724 27 0 100
724 27 12 100
724 37 30 100
724 49 23 100
726 39 24 150
726 27 12 100
726 37 18 100
726 37 30 100
726 5 18 100
727 42 30 100
728 24 47 148
729 2 5 100
729 2 16 100
730 43 43 150
730 14 43 99
730 38 47 99
730 34 25 100
730 18 0 100
730 1 43 148
730 46 43 99
730 26 43 150
731 20 43 150
731 27 3 150
731 27 35 100
731 39 5 100
731 21 24 100
731 46 43 99
732 42 17 100
732 42 30 100
732 1 14 150
732 45 43 100
733 13 18 150
733 13 23 100
733 9 28 99
734 7 3 150
734 43 3 100
734 37 30 100
734 10 47 99
735 0 14 100
735 19 5 99
735 12 37 100
735 45 24 100
736 24 14 150
736 12 47 99
737 25 30 150
738 3 47 100
738 21 24 100
738 35 5 99
739 19 14 100
739 0 23 100
740 20 18 150
740 5 18 100
740 28 12 100
740 28 24 100
740 38 47 99
741 19 14 100
741 45 12 100
741 3 3 100
742 16 47 99
742 49 3 100
742 49 23 100
742 22 30 150
743 45 24 100
743 3 38 100
744 27 12 100
744 19 14 100
744 16 47 99
744 20 16 100
744 13 37 100
744 42 30 100
745 20 18 150
745 42 30 100
746 28 24 100
746 41 23 100
746 2 5 100
747 45 12 100
747 45 47 148
747 4 14 100
747 10 30 100
748 34 25 100
748 0 14 100
748 37 30 100
749 43 3 100
749 12 47 99
749 22 14 99
749 37 3 100
749 10 0 100
749 45 24 100
750 7 3 150
750 49 3 100
750 19 5 99
750 19 14 100
751 12 47 99
752 49 3 100
752 49 23 100
752 31 12 100
752 31 24 100
752 7 3 150
753 36 5 100
753 0 23 100
753 35 30 148
754 10 47 99
754 28 24 100
755 12 37 100
755 4 14 100
756 1 14 150
756 17 5 99
757 42 30 100
757 12 47 99
758 34 16 100
758 39 24 150
759 12 47 99
759 17 5 99
760 21 30 150
761 16 47 99
761 18 12 100
761 37 3 100
761 7 3 150
761 21 24 100
762 25 25 100
762 11 0 100
762 27 12 100
763 13 23 100
763 16 47 99
763 35 3 150
764 45 24 100
765 38 47 99
766 2 3 100
766 2 5 100
766 10 3 148
766 10 30 100
766 21 0 99
767 0 14 100
767 45 24 100
768 25 37 99
768 13 17 100
768 4 12 150
768 4 14 100
768 34 16 100
769 30 18 99
769 38 47 99
769 9 5 99
769 0 18 100
770 37 30 100
770 21 24 100
771 16 47 99
772 29 14 150
773 38 47 99
773 36 5 100
773 31 24 100
773 37 30 100
775 42 30 100
775 28 24 100
776 40 3 100
776 10 3 148
776 10 30 100
776 10 47 99
776 6 5 100
777 41 23 100
777 24 37 100
778 32 16 99
778 0 23 100
779 13 30 148
779 43 5 100
779 16 47 99
779 19 24 148
780 7 12 100
781 16 22 100
781 16 47 99
781 45 12 100
781 45 22 150
781 29 22 100
781 11 22 150
781 9 22 100
782 26 22 100
782 29 12 100
782 29 22 100
782 29 30 150
782 17 22 150
782 43 22 148
783 21 22 148
783 21 24 100
783 26 22 100
783 16 47 99
785 17 5 99
785 17 23 100
785 3 47 100
785 42 30 100
786 33 12 99
786 24 24 148
786 42 30 100
787 25 37 99
787 18 12 100
787 38 47 99
789 28 24 100
789 49 23 100
789 29 30 150
790 38 47 99
790 19 5 99
791 10 30 100
791 10 47 99
792 47 17 100
792 47 49 99
792 28 24 100
793 44 16 100
794 35 12 150
794 35 30 148
794 3 47 100
794 31 24 100
794 41 23 100
795 2 5 100
795 10 37 100
796 6 25 100
796 3 47 100
797 40 3 100
797 43 3 100
797 28 24 100
798 12 47 99
800 31 12 100
800 31 24 100
800 13 30 148
801 6 5 100
802 22 30 150
802 28 24 100
802 15 49 99
803 6 5 100
804 42 30 100
804 40 3 100
804 27 3 150
804 12 37 100
805 0 49 100
806 12 24 148
807 33 12 99
807 42 30 100
808 10 30 100
808 6 5 100
809 37 30 100
809 45 24 100
810 34 12 100
811 10 30 100
812 27 3 150
813 24 24 148
813 35 5 99
813 25 46 100
813 37 30 100
814 10 3 148
814 20 41 99
814 37 3 100
815 37 12 100
815 38 37 100
816 29 12 100
816 44 16 100
816 28 24 100
816 37 30 100
817 42 30 100
818 17 5 99
819 10 30 100
819 31 24 100
821 3 21 99
821 47 49 99
821 10 30 100
822 45 24 100
822 19 5 99
823 14 43 99
823 48 43 100
823 10 43 150
823 36 43 148
824 2 30 150
824 33 12 99
824 45 43 100
824 49 43 100
824 43 43 150
825 14 43 99
825 31 12 100
825 31 24 100
826 15 12 99
826 36 43 148
826 30 43 100
826 10 43 150
826 43 43 150
826 28 43 150
827 30 43 100
827 35 5 99
827 20 43 150
828 10 30 100
829 33 12 99
829 21 24 100
829 34 16 100
829 24 21 100
831 23 3 150
832 47 21 99
832 49 3 100
832 18 12 100
832 31 24 100
833 35 5 99
834 42 30 100
835 8 41 100
835 28 24 100
836 11 22 150
836 21 22 148
836 26 22 100
836 45 22 150
836 16 22 100
836 23 22 150
837 23 22 150
837 13 22 150
837 35 22 100
837 9 22 100
838 47 49 99
838 9 5 99
838 9 16 100
838 12 24 148
838 42 30 100
841 35 5 99
841 35 12 150
841 10 30 100
842 40 3 100
842 31 24 100
842 37 3 100
844 4 12 150
844 31 24 100
844 3 21 99
846 21 24 100
847 47 21 99
847 42 30 100
847 39 5 100
848 20 16 100
849 49 3 100
849 49 27 100
849 31 24 100
849 3 3 100
851 25 30 150
851 19 5 99
852 21 24 100
852 4 12 150
852 47 21 99
853 33 49 100
853 28 43 150
853 49 43 100
853 30 43 100
853 1 43 148
854 37 30 100
854 14 43 99
854 10 43 150
854 36 43 148
854 47 21 99
855 32 41 100
856 21 24 100
856 21 30 150
856 17 5 99
857 49 27 100
858 21 24 100
859 39 5 100
859 42 30 100
861 21 24 100
862 23 12 150
862 37 30 100
863 43 5 100
863 47 21 99
864 33 49 100
865 42 30 100
865 22 38 100
