2 26 23 100
2 41 6 100
2 41 25 150
2 11 20 148
2 36 6 99
2 36 22 100
2 1 22 100
2 42 22 150
2 48 25 100
3 12 7 150
3 12 25 148
3 6 20 150
3 3 23 100
3 47 12 99
3 31 7 100
3 49 25 100
3 44 23 150
3 24 25 100
4 38 20 150
4 38 28 100
4 6 22 150
4 20 28 100
4 40 25 100
4 48 25 100
4 48 37 100
4 30 37 150
4 16 22 150
4 16 37 150
4 46 25 100
4 46 37 100
4 12 25 148
4 47 12 99
5 39 23 150
5 3 20 150
5 7 6 150
5 49 6 150
5 49 22 100
5 49 25 100
5 49 37 150
5 12 22 150
5 23 20 100
5 40 25 100
6 23 20 100
6 41 6 100
6 41 37 100
6 36 6 99
6 36 12 150
6 36 22 100
6 31 6 148
6 1 22 100
6 18 20 99
6 18 22 148
6 18 37 100
6 30 37 150
6 46 37 100
6 17 22 150
7 1 12 100
7 1 20 150
7 1 22 100
7 8 37 99
7 47 12 99
7 42 22 150
7 45 23 99
7 41 37 100
7 36 22 100
7 18 23 100
8 15 6 100
8 7 6 150
8 26 23 100
8 1 12 100
8 1 20 150
8 1 22 100
8 36 22 100
8 32 22 100
9 19 7 100
9 20 20 148
9 20 23 150
9 6 22 150
9 23 7 100
9 47 12 99
9 45 23 99
9 7 7 99
9 42 22 150
10 16 22 150
10 16 37 150
10 17 22 150
10 45 20 100
10 21 20 150
10 13 12 148
10 12 22 150
11 11 20 148
11 11 23 100
11 24 37 150
11 1 6 99
11 1 12 100
11 41 6 100
11 41 37 100
11 30 37 150
11 48 37 100
11 21 23 100
12 18 6 100
12 18 12 150
12 18 20 99
12 18 28 150
12 18 37 100
12 16 37 150
12 49 12 100
12 49 37 150
12 38 28 100
12 27 20 99
12 8 37 99
12 41 37 100
13 11 20 148
13 49 12 100
13 46 37 100
14 24 37 150
14 15 6 100
14 21 20 150
14 27 12 148
14 42 22 150
14 6 22 150
14 18 6 100
14 18 37 100
14 29 37 148
14 48 37 100
15 48 37 100
15 20 20 148
15 42 22 150
15 30 37 150
15 9 6 100
15 49 6 150
15 49 12 100
15 49 22 100
15 49 37 150
15 24 37 150
15 15 6 100
15 16 22 150
15 16 37 150
16 44 23 150
16 46 6 100
16 46 37 100
16 3 20 150
16 3 28 100
16 23 20 100
16 29 12 100
16 29 28 100
16 18 6 100
17 30 37 150
17 47 12 99
17 18 6 100
17 18 20 99
17 18 22 148
17 18 37 100
17 27 20 99
17 6 22 150
17 29 37 148
18 11 20 148
18 6 22 150
18 9 6 100
18 1 6 99
18 1 12 100
18 1 22 100
18 30 37 150
18 41 6 100
18 41 37 100
18 29 12 100
18 29 37 148
18 34 22 100
18 8 37 99
19 3 20 150
19 8 37 99
19 16 22 150
19 16 37 150
19 41 6 100
19 41 37 100
19 12 22 150
19 46 6 100
19 46 37 100
19 1 6 99
19 1 12 100
19 1 22 100
20 0 6 150
20 0 12 148
20 0 23 150
20 42 22 150
20 49 22 100
20 38 20 150
20 6 22 150
20 36 6 99
20 45 20 100
21 8 37 99
21 15 3 100
21 20 20 148
21 35 12 150
21 46 37 100
21 36 22 100
21 48 37 100
21 18 22 148
21 18 37 100
21 32 22 100
22 49 6 150
22 49 12 100
22 49 22 100
22 49 37 150
22 12 22 150
22 34 20 150
22 34 22 100
22 34 23 150
22 3 23 100
22 18 6 100
22 18 37 100
23 20 20 148
23 20 23 150
23 20 28 100
23 33 7 148
23 33 28 150
23 1 12 100
23 10 7 150
24 49 12 100
24 27 12 148
24 27 20 99
24 1 20 150
25 48 23 150
25 49 6 150
25 49 12 100
25 49 22 100
25 42 22 150
25 9 6 100
25 38 20 150
25 32 22 100
25 46 6 100
26 8 37 99
26 1 6 99
26 1 12 100
26 1 20 150
26 1 22 100
26 12 22 150
26 32 22 100
26 0 6 150
26 29 37 148
27 17 6 148
27 23 20 100
27 0 6 150
27 0 23 150
27 46 37 100
27 29 12 100
27 29 37 148
27 49 37 150
27 21 20 150
28 9 6 100
28 47 12 99
28 21 20 150
28 21 23 100
28 17 6 148
28 17 22 150
28 48 23 150
28 1 22 100
29 48 23 150
29 13 12 148
29 17 22 150
29 6 20 150
29 6 22 150
29 23 20 100
29 49 22 100
30 38 20 150
30 12 22 150
30 21 23 100
30 3 23 100
30 0 12 148
30 36 22 100
30 49 22 100
31 20 20 148
31 36 6 99
31 36 12 150
31 36 22 100
31 46 6 100
31 46 37 100
31 17 6 148
32 48 37 100
32 11 20 148
32 36 22 100
32 29 37 148
32 17 22 150
32 34 22 100
32 27 20 99
33 45 20 100
33 34 22 100
33 24 37 150
33 1 22 100
33 32 22 100
34 17 6 148
34 29 12 100
34 29 37 148
34 0 23 150
34 23 20 100
34 9 6 100
34 49 37 150
34 18 20 99
34 18 37 100
34 27 20 99
34 48 37 100
34 30 37 150
35 27 12 148
35 27 20 99
35 34 22 100
35 34 23 150
35 12 22 150
35 18 22 148
35 18 37 100
35 24 37 150
36 41 6 100
36 47 12 99
36 16 22 150
36 31 6 148
36 31 12 99
36 21 20 150
36 21 23 100
36 17 22 150
36 11 23 100
37 46 6 100
37 4 23 148
37 17 6 148
37 17 28 150
37 6 20 150
37 20 28 100
37 9 6 100
37 21 23 100
38 0 6 150
38 0 12 148
38 48 37 100
38 7 6 150
38 49 22 100
38 49 37 150
38 8 37 99
38 6 20 150
38 6 22 150
38 11 20 148
38 36 22 100
38 30 37 150
39 9 6 100
39 35 12 150
39 41 6 100
39 41 37 100
39 3 20 150
39 3 23 100
40 38 20 150
40 46 6 100
40 13 12 148
40 32 22 100
40 23 20 100
41 18 6 100
41 18 20 99
41 18 22 148
41 18 23 100
41 20 23 150
41 11 5 100
41 31 6 148
41 32 22 100
41 12 25 148
41 27 25 100
42 0 6 150
42 0 12 148
42 0 23 150
42 40 25 100
42 48 25 100
42 45 20 100
42 7 6 150
42 36 22 100
42 27 20 99
42 27 25 100
43 0 12 148
43 11 20 148
43 24 25 100
43 24 37 150
43 8 37 99
43 30 37 150
44 48 25 100
44 48 37 100
44 26 37 100
44 40 25 100
44 35 12 150
44 34 20 150
44 34 22 100
44 32 22 100
44 27 20 99
44 27 25 100
44 18 22 148
44 18 37 100
45 30 23 148
45 30 37 150
45 16 37 150
45 26 37 100
45 7 6 150
45 20 20 148
45 41 6 100
45 41 25 150
45 41 37 100
45 34 12 100
45 48 25 100
45 48 37 100
46 48 23 150
46 48 25 100
46 48 37 100
46 45 20 100
46 45 23 99
46 47 12 99
46 29 12 100
46 23 20 100
46 32 22 100
46 34 22 100
46 6 22 150
47 6 20 150
47 6 22 150
47 18 6 100
47 18 12 150
47 18 22 148
47 18 23 100
47 15 6 100
47 41 6 100
47 46 6 100
47 17 6 148
48 7 6 150
48 30 23 148
48 47 12 99
48 9 6 100
48 11 20 148
48 11 23 100
48 12 22 150
49 27 12 148
49 27 20 99
49 30 37 150
49 12 22 150
49 16 22 150
49 16 37 150
49 24 37 150
49 49 6 150
49 49 37 150
49 0 6 150
50 26 37 100
50 30 37 150
50 15 6 100
50 23 20 100
50 3 20 150
50 8 37 99
50 36 6 99
50 36 12 150
50 36 22 100
50 32 22 100
50 31 6 148
51 38 20 150
51 29 12 100
51 29 37 148
51 15 6 100
51 42 22 150
51 17 6 148
51 17 22 150
51 6 22 150
51 30 37 150
52 47 12 99
52 38 20 150
52 29 12 100
52 29 37 148
52 32 22 100
52 7 6 150
52 48 37 100
52 34 22 100
52 31 6 148
52 36 22 100
52 18 20 99
52 18 37 100
53 27 12 148
53 27 20 99
53 7 6 150
53 7 28 148
53 42 22 150
53 29 28 100
53 29 37 148
53 16 22 150
53 16 37 150
53 8 37 99
53 46 6 100
53 44 23 150
53 49 22 100
54 4 23 148
54 3 20 150
54 32 22 100
54 12 22 150
54 36 6 99
54 36 22 100
54 1 6 99
54 1 12 100
55 15 6 100
55 17 22 150
55 3 20 150
55 11 20 148
55 0 12 148
56 9 6 100
56 23 20 100
56 17 6 148
56 17 22 150
56 16 22 150
56 16 37 150
56 32 22 100
56 47 12 99
56 24 37 150
56 29 37 148
56 34 22 100
57 29 12 100
57 29 37 148
57 11 20 148
57 11 23 100
57 26 23 100
57 31 6 148
57 27 20 99
57 32 22 100
57 18 6 100
57 18 22 148
57 42 22 150
58 36 6 99
58 36 12 150
58 36 22 100
58 44 23 150
58 11 20 148
58 49 22 100
58 32 22 100
59 15 6 100
59 48 37 100
59 26 37 100
59 0 6 150
59 20 20 148
59 24 37 150
59 17 22 150
59 29 37 148
59 36 22 100
59 34 22 100
59 16 37 150
60 27 20 99
60 31 6 148
60 8 37 99
60 46 6 100
60 30 23 148
60 36 6 99
60 36 22 100
60 16 22 150
60 42 22 150
60 38 20 150
61 36 22 100
61 23 20 100
61 18 20 99
61 18 22 148
61 18 23 100
61 49 22 100
62 6 20 150
62 41 6 100
62 26 23 100
62 13 12 148
62 7 6 150
62 27 20 99
62 45 23 99
63 4 23 148
63 41 6 100
63 0 6 150
63 0 12 148
63 12 22 150
63 6 20 150
63 6 22 150
63 32 22 100
64 46 6 100
64 39 23 150
64 32 22 100
64 47 12 99
64 42 22 150
64 16 22 150
64 26 26 148
64 9 6 100
64 6 26 150
65 29 12 100
65 29 37 148
65 48 37 100
65 45 20 100
65 42 22 150
65 11 20 148
65 12 22 150
65 34 12 100
65 36 6 99
65 16 37 150
65 1 6 99
66 23 20 100
66 16 22 150
66 16 37 150
66 31 6 148
66 31 12 99
66 17 6 148
66 17 22 150
66 29 37 148
66 34 22 100
66 0 6 150
66 30 37 150
66 36 6 99
66 41 37 100
66 46 37 100
67 28 28 100
67 38 20 150
67 38 28 100
67 31 6 148
67 32 22 100
67 29 37 148
67 12 22 150
67 46 6 100
67 46 37 100
67 3 20 150
67 3 23 100
68 9 6 100
68 11 20 148
68 11 23 100
68 24 37 150
68 31 6 148
68 31 12 99
68 29 37 148
68 34 22 100
68 14 26 100
68 18 22 148
68 18 37 100
69 32 22 100
69 48 23 150
69 48 37 100
69 23 20 100
69 36 6 99
69 36 12 150
69 36 22 100
69 46 6 100
69 46 37 100
69 0 6 150
69 26 37 100
69 47 12 99
70 15 6 100
70 44 23 150
70 29 12 100
70 45 20 100
70 45 23 99
70 38 20 150
70 0 6 150
71 11 20 148
71 11 23 100
71 41 6 100
71 15 6 100
71 12 22 150
71 35 12 150
71 9 6 100
71 36 22 100
72 38 20 150
72 13 12 148
72 1 6 99
72 1 22 100
72 32 22 100
72 21 23 100
72 11 23 100
72 41 6 100
72 27 20 99
73 29 28 100
73 12 22 150
73 21 20 150
73 21 23 100
73 38 28 100
73 15 6 100
73 3 23 100
73 3 28 100
73 34 22 100
73 49 6 150
73 49 22 100
73 32 22 100
73 18 6 100
73 18 22 148
74 4 23 148
74 38 20 150
74 47 12 99
74 1 6 99
74 1 12 100
74 46 6 100
74 41 6 100
75 46 6 100
75 23 20 100
75 35 12 150
75 44 23 150
75 41 6 100
75 36 6 99
75 18 20 99
75 18 23 100
76 27 20 99
76 0 6 150
76 0 23 150
76 20 20 148
76 34 12 100
76 34 22 100
76 36 6 99
76 36 22 100
76 18 22 148
77 6 20 150
77 6 22 150
77 4 23 148
77 12 22 150
77 15 6 100
77 41 6 100
77 35 12 150
77 17 6 148
77 1 22 100
78 38 20 150
78 45 23 99
78 21 23 100
78 31 12 99
79 45 20 100
79 45 23 99
79 15 6 100
79 46 6 100
79 29 12 100
79 49 12 100
79 49 22 100
79 1 22 100
79 12 22 150
79 18 20 99
79 18 23 100
80 26 23 100
80 23 20 100
80 21 23 100
80 6 22 150
80 18 20 99
80 18 22 148
81 49 12 100
81 49 22 100
81 6 20 150
81 6 22 150
81 0 23 150
81 12 22 150
82 39 23 150
82 31 6 148
82 11 20 148
82 16 22 150
82 32 22 100
82 17 6 148
82 49 22 100
82 18 20 99
83 18 6 100
83 18 20 99
83 18 22 148
83 18 37 100
83 32 22 100
83 8 37 99
83 46 6 100
83 46 37 100
83 1 6 99
83 1 22 100
83 27 20 99
83 16 37 150
84 39 23 150
84 34 12 100
84 34 20 150
84 34 22 100
84 48 37 100
84 16 22 150
84 1 6 99
84 31 6 148
84 11 23 100
85 11 20 148
85 49 6 150
85 49 12 100
85 49 37 150
85 36 6 99
85 16 37 150
85 9 6 100
85 18 20 99
85 18 37 100
85 13 12 148
85 48 37 100
86 26 23 100
86 26 37 100
86 13 12 148
86 8 37 99
87 31 12 99
87 30 23 148
87 36 22 100
87 17 22 150
87 26 23 100
87 45 20 100
87 27 20 99
88 21 20 150
88 21 23 100
88 34 7 150
88 34 12 100
88 34 20 150
88 34 22 100
88 42 22 150
88 36 22 100
88 49 7 100
88 49 22 100
89 49 6 150
89 49 12 100
89 49 22 100
89 4 23 148
89 38 20 150
89 47 12 99
89 46 6 100
89 42 22 150
89 36 22 100
90 45 20 100
90 45 23 99
90 0 12 148
90 0 23 150
91 39 23 150
91 36 3 99
91 38 20 150
91 23 20 100
92 49 22 100
92 39 23 150
92 21 20 150
92 21 23 100
92 42 22 150
92 36 22 100
93 3 20 150
93 3 23 100
93 34 20 150
93 0 5 100
94 17 6 148
94 17 22 150
94 23 20 100
94 34 12 100
94 34 22 100
94 12 25 148
94 41 6 100
94 41 25 150
94 41 37 100
94 31 12 99
95 34 12 100
95 34 20 150
95 34 22 100
95 29 25 150
95 29 37 148
95 23 20 100
95 27 25 100
95 12 22 150
95 12 25 148
95 24 25 100
95 24 37 150
95 40 25 100
95 6 22 150
95 0 6 150
96 7 6 150
96 7 7 99
96 36 22 100
96 44 7 150
96 1 20 150
96 1 22 100
96 17 22 150
96 26 37 100
96 49 25 100
96 49 37 150
96 27 25 100
96 46 25 100
96 46 37 100
97 30 23 148
97 30 37 150
97 36 6 99
97 36 12 150
97 36 22 100
97 1 6 99
97 1 20 150
97 1 22 100
97 48 37 100
97 31 6 148
97 49 22 100
97 49 37 150
97 29 37 148
97 21 23 100
97 23 20 100
98 29 12 100
98 29 37 148
98 16 37 150
98 30 23 148
98 30 37 150
98 26 37 100
98 7 6 150
98 48 37 100
98 6 20 150
98 17 6 148
99 17 22 150
99 49 12 100
99 49 22 100
99 49 37 150
99 3 20 150
99 42 22 150
99 47 12 99
100 26 37 100
100 21 20 150
100 16 22 150
100 16 37 150
100 1 22 100
100 23 20 100
100 18 37 100
100 49 22 100
100 49 25 100
100 49 37 150
101 45 20 100
101 1 6 99
101 1 12 100
101 7 6 150
101 8 37 99
101 27 25 100
101 46 25 100
101 46 37 100
101 48 25 100
101 48 37 100
102 38 20 150
102 7 6 150
102 17 6 148
102 16 37 150
102 39 23 150
102 30 37 150
102 31 12 99
102 46 25 100
102 46 37 100
102 45 20 100
102 40 25 100
103 31 6 148
103 31 12 99
103 39 23 150
103 26 23 100
103 26 37 100
103 1 6 99
103 1 20 150
103 27 25 100
103 49 25 100
103 29 25 150
104 7 6 150
104 18 6 100
104 18 20 99
104 18 22 148
104 18 23 100
104 34 20 150
104 34 22 100
104 26 23 100
104 36 6 99
104 36 22 100
105 40 25 100
105 21 20 150
105 47 12 99
105 46 25 100
106 41 25 150
106 41 37 100
106 38 20 150
106 16 37 150
106 31 12 99
106 13 12 148
107 34 12 100
107 34 20 150
107 34 22 100
107 34 23 150
107 24 37 150
107 49 22 100
107 49 37 150
107 30 37 150
107 23 20 100
107 16 22 150
108 42 22 150
108 16 22 150
108 47 12 99
108 29 12 100
108 36 6 99
108 0 6 150
108 0 23 150
108 1 20 150
109 31 6 148
109 31 12 99
109 21 20 150
109 21 23 100
109 46 6 100
109 34 22 100
109 6 22 150
109 49 22 100
109 11 23 100
110 26 23 100
110 0 6 150
110 0 12 148
110 36 6 99
110 36 22 100
110 27 20 99
110 46 6 100
110 34 22 100
110 6 22 150
111 17 6 148
111 17 22 150
111 16 22 150
111 4 23 148
111 39 23 150
111 31 6 148
111 31 12 99
111 11 20 148
112 46 6 100
112 46 25 100
112 3 20 150
112 3 23 100
112 7 6 150
112 42 22 150
112 20 20 148
112 27 25 100
112 12 22 150
112 12 25 148
112 41 25 150
113 27 12 148
113 27 20 99
113 27 25 100
113 45 20 100
113 45 23 99
113 3 23 100
113 6 22 150
113 29 25 150
113 7 6 150
113 34 22 100
113 0 6 150
114 34 20 150
114 34 22 100
114 34 23 150
114 18 6 100
114 18 22 148
114 48 25 100
114 31 6 148
114 42 22 150
114 36 22 100
115 0 12 148
115 0 23 150
115 18 20 99
115 18 23 100
115 45 20 100
115 48 25 100
115 41 25 150
116 24 25 100
116 34 3 100
116 34 12 100
116 34 20 150
116 34 23 150
116 46 25 100
116 1 12 100
117 16 22 150
117 49 6 150
117 49 12 100
117 49 22 100
117 18 6 100
117 18 20 99
117 41 6 100
117 11 20 148
118 36 6 99
118 36 12 150
118 36 22 100
118 18 6 100
118 18 20 99
118 18 22 148
118 18 23 100
118 12 22 150
118 26 23 100
119 48 23 150
119 31 6 148
119 34 20 150
119 34 22 100
119 12 22 150
119 21 20 150
119 36 6 99
119 36 22 100
120 11 20 148
120 11 23 100
120 9 6 100
120 17 22 150
120 12 22 150
121 32 22 100
121 21 20 150
121 21 23 100
121 8 37 99
121 48 37 100
121 1 6 99
121 1 12 100
121 15 6 100
121 30 37 150
121 36 6 99
121 24 37 150
122 9 6 100
122 39 23 150
122 12 22 150
122 34 12 100
122 34 20 150
122 34 22 100
122 36 6 99
122 36 22 100
122 18 6 100
122 18 20 99
122 18 37 100
122 47 12 99
123 49 6 150
123 49 12 100
123 9 6 100
123 20 20 148
124 35 12 150
124 11 20 148
124 11 23 100
124 39 23 150
124 1 6 99
124 1 12 100
124 31 6 148
125 18 6 100
125 18 12 150
125 18 20 99
125 18 37 100
125 41 6 100
125 41 37 100
125 48 37 100
125 46 6 100
125 46 37 100
125 20 20 148
125 29 37 148
125 8 37 99
126 9 6 100
126 23 20 100
126 26 37 100
126 41 6 100
126 41 37 100
126 0 12 148
126 36 6 99
126 36 22 100
126 8 37 99
126 18 22 148
126 18 37 100
126 46 37 100
127 15 6 100
127 26 23 100
127 26 37 100
127 8 37 99
127 7 6 150
127 36 22 100
127 23 20 100
127 18 20 99
127 18 22 148
127 47 12 99
127 1 22 100
128 0 6 150
128 34 20 150
128 8 37 99
128 16 37 150
128 18 6 100
128 18 20 99
128 18 37 100
128 24 37 150
129 41 6 100
129 41 37 100
129 9 6 100
129 35 12 150
129 46 6 100
129 46 37 100
129 4 23 148
129 1 6 99
129 1 20 150
129 11 23 100
130 29 12 100
130 18 20 99
130 18 22 148
130 18 23 100
130 45 20 100
130 32 22 100
130 16 22 150
131 3 20 150
131 3 23 100
131 1 6 99
131 1 12 100
131 0 6 150
131 0 12 148
131 0 23 150
132 13 12 148
132 20 20 148
132 20 23 150
132 1 6 99
132 1 22 100
132 18 6 100
132 18 22 148
132 41 6 100
133 17 6 148
133 17 22 150
133 41 6 100
133 11 20 148
133 11 23 100
133 26 23 100
133 6 22 150
133 23 20 100
134 49 7 100
134 49 12 100
134 49 22 100
134 18 20 99
134 2 7 99
134 11 7 148
134 45 20 100
135 16 22 150
135 46 6 100
135 23 20 100
135 44 23 150
135 42 22 150
135 49 6 150
135 49 12 100
135 49 22 100
136 36 6 99
136 36 12 150
136 36 22 100
136 16 22 150
136 16 37 150
136 41 6 100
136 41 37 100
136 0 6 150
136 3 20 150
136 27 20 99
136 26 37 100
136 24 37 150
137 47 12 99
137 21 20 150
137 21 23 100
137 7 6 150
137 45 23 99
137 29 12 100
137 29 37 148
137 46 6 100
137 36 22 100
137 12 22 150
138 39 23 150
138 7 6 150
138 16 22 150
138 46 6 100
138 23 20 100
138 34 12 100
138 34 22 100
138 42 22 150
139 48 23 150
139 36 6 99
139 36 12 150
139 36 22 100
139 32 22 100
139 38 20 150
139 3 23 100
139 6 22 150
139 1 22 100
139 23 20 100
140 29 12 100
140 3 20 150
140 3 23 100
140 47 12 99
140 17 5 100
141 32 22 100
141 6 20 150
141 6 22 150
141 9 6 100
141 34 12 100
141 34 22 100
141 34 23 150
141 45 20 100
141 45 23 99
141 49 6 150
142 26 23 100
142 18 12 150
142 18 20 99
143 24 37 150
143 31 12 99
143 12 22 150
143 11 20 148
143 34 22 100
143 46 37 100
144 6 20 150
144 6 22 150
144 49 12 100
144 49 22 100
144 49 37 150
144 31 12 99
144 46 37 100
144 48 37 100
144 23 20 100
144 41 37 100
145 36 22 100
145 6 20 150
145 6 22 150
145 2 44 100
145 42 22 150
145 32 22 100
145 1 12 100
146 41 37 100
146 34 12 100
146 34 20 150
146 34 22 100
146 6 22 150
146 46 37 100
146 36 22 100
146 18 37 100
146 16 37 150
147 9 6 100
147 32 22 100
147 6 20 150
147 6 22 150
147 27 12 148
147 27 20 99
147 16 37 150
147 44 23 150
147 41 6 100
147 41 37 100
147 8 37 99
147 15 6 100
147 26 23 100
147 26 37 100
148 47 12 99
148 12 22 150
148 24 37 150
148 48 23 150
148 48 37 100
148 32 22 100
148 18 6 100
148 18 20 99
148 18 22 148
148 18 37 100
149 27 12 148
149 27 20 99
149 7 6 150
149 39 23 150
149 1 20 150
149 1 22 100
149 30 3 100
149 16 22 150
150 45 20 100
150 45 23 99
150 48 23 150
150 42 22 150
150 7 6 150
150 15 6 100
150 16 22 150
151 3 20 150
151 3 23 100
151 7 6 150
151 38 20 150
151 1 6 99
151 1 12 100
151 1 22 100
151 46 6 100
152 18 6 100
152 18 20 99
152 18 22 148
152 18 23 100
152 18 37 100
152 31 6 148
152 31 12 99
152 29 37 148
152 16 22 150
152 16 37 150
153 47 12 99
153 34 20 150
153 34 22 100
153 32 22 100
153 17 6 148
153 17 22 150
153 7 6 150
153 48 37 100
153 36 22 100
153 41 37 100
154 12 22 150
154 23 20 100
154 0 12 148
154 0 23 150
154 30 37 150
154 45 20 100
154 42 22 150
154 27 20 99
155 27 12 148
155 27 20 99
155 48 37 100
155 32 22 100
155 16 22 150
155 16 37 150
155 8 37 99
155 26 37 100
155 41 6 100
155 41 37 100
156 11 20 148
156 11 23 100
156 9 6 100
156 27 12 148
156 27 20 99
156 17 22 150
156 42 22 150
156 48 37 100
156 6 22 150
157 7 6 150
157 15 6 100
157 20 20 148
157 20 23 150
157 42 22 150
157 27 12 148
157 17 6 148
157 17 22 150
158 31 6 148
158 31 12 99
158 3 20 150
158 3 23 100
158 12 22 150
158 26 37 100
158 7 6 150
158 46 37 100
158 36 22 100
158 1 22 100
159 35 12 150
159 8 37 99
159 45 20 100
159 45 23 99
159 3 20 150
159 3 23 100
159 15 6 100
159 49 6 150
159 49 37 150
159 48 37 100
159 18 37 100
160 35 12 150
160 38 20 150
160 34 22 100
161 15 6 100
161 34 20 150
161 34 22 100
161 34 23 150
161 49 6 150
161 49 22 100
162 27 20 99
162 17 6 148
162 17 22 150
162 1 6 99
162 1 20 150
162 1 22 100
162 42 22 150
162 41 6 100
162 41 37 100
162 49 37 150
162 30 37 150
163 34 12 100
163 34 20 150
163 34 23 150
163 41 25 150
163 41 37 100
163 24 25 100
163 24 37 150
163 12 25 148
164 46 6 100
164 46 25 100
164 0 6 150
164 0 23 150
164 42 22 150
164 18 20 99
164 18 22 148
164 18 23 100
164 11 20 148
164 49 25 100
164 24 25 100
165 42 22 150
165 30 23 148
165 27 20 99
165 27 25 100
165 24 25 100
165 41 6 100
165 41 25 150
165 46 6 100
165 46 25 100
165 32 22 100
165 17 22 150
165 18 6 100
165 18 20 99
166 49 12 100
166 49 25 100
166 30 23 148
166 23 20 100
166 18 20 99
167 49 12 100
167 49 22 100
167 30 23 148
167 34 20 150
167 34 22 100
167 6 22 150
168 6 5 100
168 6 26 150
168 26 23 100
168 26 26 148
168 36 12 150
168 0 23 150
168 1 12 100
169 4 23 148
169 20 20 148
169 41 6 100
169 16 22 150
169 23 20 100
169 15 6 100
169 42 22 150
170 45 20 100
170 27 20 99
170 15 6 100
170 7 6 150
170 26 37 100
170 8 37 99
170 47 12 99
170 49 6 150
170 49 22 100
170 49 37 150
171 18 20 99
171 18 22 148
171 18 37 100
171 27 20 99
171 10 3 99
171 41 37 100
171 17 22 150
171 48 37 100
171 12 22 150
171 34 22 100
172 48 37 100
172 36 6 99
172 36 12 150
172 1 6 99
172 1 20 150
172 14 26 100
172 41 37 100
172 24 37 150
172 18 20 99
172 18 37 100
173 3 20 150
173 3 23 100
173 8 37 99
173 32 22 100
173 47 12 99
173 29 37 148
173 49 22 100
174 15 6 100
174 46 6 100
174 9 6 100
174 12 22 150
174 13 12 148
174 6 20 150
174 6 22 150
174 26 23 100
174 17 22 150
174 3 23 100
174 11 23 100
174 1 22 100
175 20 20 148
175 20 23 150
175 42 22 150
175 36 12 150
175 36 22 100
175 34 7 150
175 34 22 100
175 19 7 100
176 11 20 148
176 11 23 100
176 26 23 100
176 6 22 150
176 17 22 150
176 36 12 150
177 30 23 148
177 38 20 150
177 6 22 150
177 49 6 150
177 49 12 100
177 49 22 100
177 9 6 100
177 45 20 100
178 29 12 100
178 29 37 148
178 34 12 100
178 34 20 150
178 34 22 100
178 8 37 99
178 30 37 150
178 1 6 99
178 41 6 100
178 41 37 100
178 49 6 150
178 49 37 150
179 44 23 150
179 18 6 100
179 18 20 99
179 18 23 100
179 21 20 150
179 0 6 150
180 18 12 150
180 18 20 99
180 18 22 148
180 18 37 100
180 27 20 99
180 1 22 100
180 24 37 150
181 32 22 100
181 39 23 150
181 18 6 100
181 18 20 99
181 18 22 148
181 18 37 100
181 24 37 150
181 17 6 148
181 17 22 150
181 26 37 100
181 8 37 99
182 0 6 150
182 0 12 148
182 0 23 150
182 23 20 100
182 9 6 100
182 21 20 150
182 49 6 150
182 49 22 100
182 32 22 100
183 21 20 150
183 21 23 100
183 36 6 99
183 36 12 150
183 36 22 100
183 6 22 150
183 18 6 100
183 18 22 148
183 18 23 100
183 42 22 150
184 21 20 150
184 18 20 99
184 18 22 148
184 18 37 100
184 46 37 100
184 24 37 150
184 29 12 100
184 29 37 148
184 30 37 150
185 39 23 150
185 35 12 150
185 42 22 150
185 15 6 100
185 31 6 148
185 18 6 100
185 18 20 99
186 15 6 100
186 4 23 148
186 32 22 100
186 6 20 150
186 6 22 150
186 0 6 150
186 0 12 148
186 21 23 100
187 45 20 100
187 6 20 150
187 15 6 100
187 34 22 100
187 1 6 99
187 30 37 150
188 48 37 100
188 6 20 150
188 6 22 150
188 46 6 100
188 46 37 100
188 15 6 100
188 12 22 150
188 17 6 148
188 24 37 150
188 18 12 150
188 18 37 100
188 49 37 150
189 23 20 100
189 9 6 100
189 6 20 150
189 6 22 150
189 49 6 150
189 49 12 100
189 49 22 100
189 49 37 150
189 44 23 150
189 34 22 100
189 48 37 100
189 1 6 99
189 8 37 99
190 21 20 150
190 21 23 100
190 48 37 100
190 41 6 100
190 41 37 100
190 46 6 100
190 0 12 148
190 36 6 99
191 18 12 150
191 18 20 99
191 18 22 148
191 18 23 100
191 12 22 150
191 36 22 100
192 23 20 100
192 9 6 100
192 6 20 150
192 17 6 148
193 6 20 150
193 23 20 100
193 15 6 100
193 9 6 100
193 21 23 100
193 36 6 99
193 36 12 150
193 1 12 100
194 23 20 100
194 4 23 148
194 15 6 100
194 6 22 150
194 41 6 100
194 18 6 100
194 18 22 148
194 18 23 100
194 1 12 100
195 11 20 148
195 11 23 100
195 38 20 150
195 32 22 100
195 0 6 150
195 46 6 100
195 42 22 150
195 45 23 99
196 21 20 150
196 21 23 100
196 18 12 150
196 18 22 148
196 36 22 100
196 49 22 100
196 1 22 100
197 23 20 100
197 3 23 100
197 21 23 100
197 36 12 150
198 38 20 150
198 15 6 100
198 34 12 100
198 34 22 100
198 27 20 99
198 48 37 100
198 6 22 150
198 7 6 150
198 29 37 148
198 16 37 150
198 8 37 99
198 49 22 100
198 49 37 150
199 1 6 99
199 1 12 100
199 1 20 150
199 34 12 100
199 34 23 150
199 7 6 150
200 11 20 148
200 6 22 150
200 15 6 100
200 17 22 150
200 18 20 99
200 18 37 100
201 21 20 150
201 21 23 100
201 8 37 99
201 41 37 100
201 46 37 100
201 6 22 150
201 16 22 150
201 16 37 150
201 49 37 150
201 20 23 150
202 12 22 150
202 42 22 150
202 32 22 100
202 20 20 148
202 20 23 150
202 34 12 100
202 36 6 99
202 49 6 150
202 23 20 100
203 11 20 148
203 11 23 100
203 12 22 150
203 1 6 99
203 1 12 100
203 1 22 100
203 32 22 100
203 21 23 100
203 36 6 99
203 31 6 148
203 31 12 99
204 45 20 100
204 49 6 150
204 49 12 100
204 49 22 100
204 49 37 150
204 29 37 148
204 16 22 150
204 16 37 150
204 24 37 150
204 48 37 100
204 36 6 99
204 36 22 100
205 34 20 150
205 49 37 150
205 23 20 100
205 18 37 100
206 6 5 100
206 6 20 150
206 39 23 150
206 41 37 100
206 8 37 99
206 31 12 99
206 1 12 100
206 24 37 150
207 37 3 99
207 21 20 150
207 21 23 100
207 48 37 100
207 3 20 150
207 3 23 100
208 0 6 150
208 0 12 148
208 0 23 150
208 38 20 150
208 9 6 100
208 18 22 148
209 30 23 148
209 46 6 100
209 32 22 100
209 36 6 99
209 36 12 150
209 36 22 100
209 26 23 100
209 41 6 100
209 17 22 150
209 49 22 100
209 18 20 99
209 23 20 100
210 18 6 100
210 18 12 150
210 18 20 99
210 18 22 148
210 46 6 100
210 15 6 100
210 49 22 100
211 1 6 99
211 1 20 150
211 1 22 100
211 9 6 100
211 21 20 150
211 21 23 100
211 18 6 100
212 41 37 100
212 24 37 150
212 36 12 150
212 36 22 100
212 27 20 99
212 12 22 150
212 17 22 150
212 48 37 100
212 16 37 150
213 38 20 150
213 41 37 100
213 20 23 150
213 17 22 150
213 23 20 100
213 45 23 99
213 12 22 150
213 47 12 99
214 27 12 148
214 27 20 99
214 41 6 100
214 49 6 150
214 49 22 100
214 21 23 100
214 42 22 150
214 17 22 150
215 0 6 150
215 0 12 148
215 0 23 150
215 1 6 99
215 1 20 150
215 36 6 99
215 21 23 100
216 21 20 150
216 21 23 100
216 18 6 100
216 18 12 150
216 18 20 99
216 18 22 148
216 18 23 100
216 6 22 150
216 36 6 99
217 49 6 150
217 49 12 100
217 49 22 100
217 34 20 150
217 34 22 100
217 34 23 150
217 7 6 150
217 36 22 100
218 48 23 150
218 42 22 150
218 45 20 100
218 13 12 148
218 41 6 100
218 6 22 150
218 17 6 148
219 32 22 100
219 49 12 100
219 49 22 100
219 16 22 150
219 41 6 100
219 26 23 100
219 11 20 148
219 11 23 100
219 38 20 150
220 46 6 100
220 29 12 100
220 32 22 100
220 15 6 100
220 21 20 150
220 47 12 99
221 34 7 150
221 34 12 100
221 34 20 150
221 34 23 150
221 44 7 150
221 1 12 100
222 30 37 150
222 9 6 100
222 23 20 100
222 47 12 99
222 8 37 99
222 17 6 148
222 6 22 150
222 46 6 100
222 46 37 100
222 12 22 150
223 8 37 99
223 17 6 148
223 26 37 100
223 38 20 150
223 13 12 148
223 48 37 100
223 34 20 150
223 36 6 99
224 7 6 150
224 0 6 150
224 0 12 148
224 0 23 150
224 45 20 100
224 45 23 99
224 23 20 100
224 36 22 100
224 16 22 150
224 16 37 150
224 48 37 100
224 1 22 100
224 46 37 100
225 26 37 100
225 6 20 150
225 6 22 150
225 1 6 99
225 1 22 100
225 36 6 99
225 36 22 100
225 48 37 100
225 29 37 148
225 30 37 150
226 1 6 99
226 1 12 100
226 1 20 150
226 1 22 100
226 24 37 150
226 48 23 150
226 48 37 100
226 16 22 150
226 16 37 150
226 34 22 100
227 23 20 100
227 46 6 100
227 46 37 100
227 12 22 150
227 35 12 150
227 21 20 150
227 21 23 100
227 32 22 100
227 3 23 100
227 17 6 148
227 34 22 100
228 20 20 148
228 20 23 150
228 16 22 150
228 49 6 150
228 49 12 100
228 49 22 100
228 46 6 100
228 1 6 99
228 1 22 100
229 18 12 150
229 18 20 99
229 27 20 99
230 44 23 150
230 34 12 100
230 34 20 150
230 34 22 100
230 49 6 150
230 49 12 100
230 49 22 100
230 7 6 150
230 18 22 148
231 45 20 100
231 45 23 99
231 49 6 150
231 49 12 100
231 49 22 100
231 0 23 150
231 12 22 150
231 46 6 100
231 27 20 99
232 44 23 150
232 45 20 100
232 32 22 100
232 13 12 148
232 18 20 99
232 18 22 148
232 12 22 150
233 0 6 150
233 0 12 148
233 38 20 150
233 29 37 148
233 9 6 100
233 49 22 100
233 49 37 150
233 36 22 100
233 46 37 100
233 30 37 150
233 12 22 150
234 6 20 150
234 6 22 150
234 8 37 99
234 15 6 100
234 49 6 150
234 49 12 100
234 49 22 100
234 49 37 150
234 30 37 150
234 41 6 100
234 41 37 100
234 26 37 100
234 36 22 100
235 15 6 100
235 6 20 150
235 6 22 150
235 41 6 100
235 41 37 100
235 1 12 100
235 1 22 100
235 26 37 100
236 30 23 148
236 27 12 148
236 27 20 99
236 20 20 148
236 49 12 100
236 49 22 100
237 18 6 100
237 18 12 150
237 18 20 99
237 18 23 100
237 41 6 100
237 36 6 99
237 21 23 100
238 26 23 100
238 11 20 148
238 11 23 100
238 31 6 148
238 34 22 100
238 41 6 100
238 12 22 150
238 23 20 100
239 9 6 100
239 49 12 100
239 49 22 100
239 0 23 150
239 38 20 150
239 32 22 100
239 1 22 100
240 38 20 150
240 21 23 100
240 11 23 100
240 46 6 100
240 31 6 148
240 31 12 99
240 47 12 99
240 49 22 100
241 7 6 150
241 48 23 150
241 9 6 100
241 31 12 99
241 45 20 100
241 3 20 150
242 17 6 148
242 23 20 100
242 48 23 150
242 1 6 99
242 1 22 100
242 18 6 100
242 18 20 99
242 18 22 148
242 18 23 100
242 32 22 100
242 34 22 100
243 44 23 150
243 13 12 148
243 41 6 100
243 16 22 150
243 20 20 148
243 18 6 100
243 49 22 100
244 47 12 99
244 48 23 150
244 18 6 100
244 18 20 99
244 18 22 148
244 16 22 150
244 6 5 100
244 23 20 100
245 35 12 150
245 18 6 100
245 18 20 99
245 18 22 148
245 18 23 100
245 1 6 99
245 1 22 100
245 6 22 150
245 45 20 100
245 45 23 99
246 41 6 100
246 9 6 100
246 23 20 100
246 18 6 100
246 18 20 99
247 17 6 148
247 23 20 100
247 27 12 148
247 27 20 99
247 31 6 148
247 18 22 148
247 18 23 100
247 32 22 100
248 45 20 100
248 45 23 99
248 30 23 148
248 32 22 100
248 41 6 100
248 15 6 100
248 6 22 150
248 46 6 100
249 46 6 100
249 16 22 150
249 11 20 148
249 11 23 100
249 0 6 150
249 21 20 150
249 21 23 100
250 42 22 150
250 32 22 100
250 1 12 100
250 1 20 150
250 1 22 100
250 31 12 99
251 11 20 148
251 11 23 100
251 49 6 150
251 49 22 100
251 49 25 100
251 16 22 150
251 26 23 100
251 27 25 100
251 1 6 99
251 1 22 100
251 36 6 99
252 42 22 150
252 15 6 100
252 13 12 148
252 31 6 148
252 32 22 100
252 3 20 150
252 3 23 100
252 36 22 100
252 29 25 150
252 40 25 100
252 23 20 100
253 45 20 100
253 45 23 99
253 13 12 148
253 40 25 100
253 1 6 99
253 1 22 100
253 48 23 150
253 48 25 100
253 7 6 150
253 41 25 150
253 16 22 150
254 11 20 148
254 11 23 100
254 23 20 100
254 26 23 100
254 40 25 100
254 36 6 99
254 36 22 100
254 41 25 150
254 34 22 100
254 46 25 100
255 42 22 150
255 30 23 148
255 41 25 150
255 18 20 99
255 18 22 148
255 36 22 100
255 45 20 100
255 32 22 100
255 47 12 99
256 13 12 148
256 34 20 150
256 34 22 100
256 34 23 150
256 12 22 150
256 36 6 99
256 36 22 100
256 46 6 100
257 0 23 150
257 27 20 99
257 1 20 150
258 20 20 148
258 20 23 150
258 9 6 100
258 31 6 148
258 31 12 99
258 3 23 100
258 49 12 100
259 41 6 100
259 7 6 150
259 38 20 150
259 0 6 150
259 0 12 148
259 36 22 100
259 49 22 100
260 36 12 150
260 36 22 100
260 38 20 150
260 2 44 100
260 27 20 99
260 32 22 100
261 45 20 100
261 46 6 100
261 47 12 99
261 12 22 150
261 42 22 150
262 3 20 150
262 3 23 100
262 46 6 100
262 0 6 150
262 0 12 148
262 6 22 150
262 23 20 100
262 11 23 100
262 42 22 150
263 0 6 150
263 0 23 150
263 11 20 148
263 18 6 100
263 18 22 148
263 34 22 100
263 6 22 150
263 9 6 100
264 16 3 100
264 16 22 150
264 1 6 99
264 1 12 100
264 1 20 150
264 1 22 100
264 48 23 150
264 49 22 100
265 47 12 99
265 32 22 100
265 30 37 150
265 21 20 150
265 42 22 150
265 46 37 100
265 16 37 150
266 16 22 150
266 16 37 150
266 24 37 150
266 34 12 100
266 34 20 150
266 34 22 100
266 34 23 150
266 38 20 150
266 12 22 150
266 18 23 100
267 49 12 100
267 49 22 100
267 49 37 150
267 46 37 100
267 20 20 148
267 8 37 99
267 34 22 100
267 24 37 150
267 30 37 150
267 1 22 100
268 3 20 150
268 3 23 100
268 6 22 150
268 36 22 100
269 1 12 100
269 1 20 150
269 1 22 100
269 3 20 150
269 29 37 148
269 12 22 150
269 34 22 100
269 26 37 100
269 48 37 100
269 36 22 100
270 30 37 150
270 18 20 99
270 18 22 148
270 18 37 100
270 8 37 99
270 12 22 150
270 27 20 99
270 1 22 100
271 16 22 150
271 16 37 150
271 45 20 100
271 45 23 99
271 26 23 100
271 26 37 100
271 29 12 100
271 29 37 148
271 24 37 150
271 6 22 150
271 47 12 99
271 18 37 100
272 47 12 99
272 20 20 148
272 20 23 150
272 12 22 150
272 32 22 100
272 36 22 100
273 30 23 148
273 6 20 150
273 20 20 148
274 44 23 150
274 30 23 148
274 11 20 148
274 27 12 148
275 46 37 100
275 12 22 150
275 11 20 148
275 49 12 100
275 49 22 100
275 49 37 150
275 31 12 99
275 18 37 100
275 34 22 100
275 29 37 148
275 30 37 150
276 47 12 99
276 38 20 150
276 18 20 99
277 18 12 150
277 18 20 99
277 18 22 148
277 18 23 100
277 36 22 100
277 1 22 100
278 32 22 100
278 1 12 100
278 1 20 150
278 1 22 100
278 11 23 100
278 21 23 100
278 18 20 99
278 18 22 148
279 42 22 150
279 31 12 99
279 21 20 150
279 21 23 100
279 12 22 150
279 3 23 100
279 49 12 100
280 32 22 100
280 34 20 150
280 34 22 100
280 34 23 150
280 6 22 150
280 24 25 100
281 18 12 150
281 18 20 99
281 18 22 148
281 18 23 100
281 1 22 100
281 21 23 100
281 40 25 100
281 32 22 100
281 48 25 100
281 12 25 148
281 27 20 99
281 27 25 100
282 40 25 100
282 23 20 100
282 47 12 99
282 34 22 100
282 18 20 99
282 18 22 148
282 27 25 100
282 41 25 150
282 49 22 100
282 49 25 100
283 49 22 100
283 49 25 100
283 39 23 150
283 24 25 100
283 27 20 99
283 27 25 100
283 34 22 100
283 36 22 100
283 45 20 100
284 27 12 148
284 27 20 99
284 44 23 150
284 3 23 100
285 18 12 150
285 18 20 99
285 18 22 148
285 18 37 100
285 46 37 100
285 29 37 148
285 27 20 99
285 48 37 100
286 47 12 99
286 4 23 148
286 23 20 100
286 45 20 100
286 29 37 148
286 8 37 99
287 16 22 150
287 11 20 148
287 11 23 100
287 6 22 150
287 42 22 150
288 39 23 150
288 0 12 148
288 0 23 150
288 32 22 100
288 38 20 150
288 18 20 99
288 18 22 148
289 32 22 100
289 23 20 100
289 6 22 150
289 18 22 148
290 48 23 150
290 49 12 100
290 49 22 100
290 27 20 99
290 40 42 100
290 18 20 99
290 1 12 100
291 11 20 148
291 11 23 100
291 34 12 100
291 34 22 100
291 6 22 150
291 45 23 99
291 32 22 100
292 32 22 100
292 39 23 150
292 18 12 150
292 18 20 99
292 18 22 148
292 18 42 150
293 20 20 148
293 20 23 150
293 1 12 100
293 1 22 100
293 27 20 99
293 3 42 99
293 6 22 150
294 45 20 100
294 45 23 99
294 44 23 150
294 20 42 148
294 0 12 148
294 49 22 100
295 8 37 99
295 27 12 148
295 27 20 99
295 16 22 150
295 16 37 150
295 48 37 100
295 23 20 100
295 30 37 150
295 40 42 100
296 35 12 150
296 48 37 100
296 1 20 150
296 1 22 100
296 23 20 100
296 32 22 100
297 20 20 148
297 20 23 150
297 20 42 148
297 36 22 100
298 34 12 100
298 34 20 150
298 34 22 100
298 34 23 150
298 45 20 100
298 1 12 100
298 1 22 100
298 3 42 99
298 36 22 100
299 18 12 150
299 18 20 99
299 18 23 100
299 18 42 150
299 11 23 100
300 48 37 100
300 24 37 150
300 26 37 100
300 12 22 150
300 46 37 100
300 46 42 99
300 34 12 100
300 34 20 150
300 34 22 100
300 8 37 99
300 16 22 150
300 16 37 150
300 29 12 100
301 26 23 100
301 45 20 100
301 45 23 99
301 10 42 150
301 16 22 150
301 23 20 100
301 34 12 100
301 34 22 100
302 35 12 150
302 3 20 150
302 3 23 100
302 3 42 99
302 26 23 100
302 32 22 100
302 1 22 100
302 42 22 150
303 31 12 99
303 31 42 150
303 16 22 150
303 16 37 150
303 11 20 148
303 18 20 99
303 18 22 148
303 18 37 100
303 34 22 100
303 48 37 100
304 29 12 100
304 29 37 148
304 23 20 100
304 27 20 99
304 24 37 150
304 21 42 100
304 8 37 99
304 46 37 100
304 47 12 99
305 3 20 150
305 3 42 99
305 32 22 100
305 18 22 148
305 18 37 100
305 29 37 148
305 16 37 150
305 48 37 100
306 21 20 150
306 21 23 100
306 21 42 100
306 45 20 100
306 32 22 100
306 18 22 148
306 1 12 100
306 1 22 100
306 49 22 100
306 46 42 99
307 6 20 150
307 6 22 150
307 34 22 100
307 30 37 150
307 14 42 100
308 43 42 100
308 49 12 100
308 49 22 100
308 49 37 150
308 1 20 150
308 1 22 100
308 32 22 100
308 16 22 150
308 16 37 150
308 26 37 100
309 22 42 150
309 21 20 150
309 21 23 100
309 16 22 150
309 16 37 150
309 8 37 99
309 44 23 150
309 13 12 148
309 24 37 150
309 42 22 150
309 30 37 150
310 47 12 99
310 16 37 150
310 3 20 150
310 3 42 99
310 24 37 150
310 1 12 100
310 29 37 148
311 23 20 100
311 23 42 150
311 30 37 150
311 21 20 150
311 49 12 100
311 49 37 150
311 18 37 100
311 41 37 100
312 35 12 150
312 1 20 150
312 1 22 100
312 22 42 150
312 24 37 150
312 44 23 150
312 42 22 150
313 47 12 99
313 39 23 150
313 20 20 148
313 6 22 150
313 24 37 150
313 48 37 100
313 1 12 100
313 1 22 100
313 34 22 100
313 21 42 100
314 32 22 100
314 14 42 100
314 29 12 100
314 29 37 148
314 18 20 99
314 18 22 148
314 18 23 100
314 18 37 100
314 49 22 100
314 0 23 150
314 38 20 150
315 10 42 150
315 29 12 100
315 49 22 100
315 18 20 99
315 18 23 100
316 12 22 150
316 40 42 100
316 44 23 150
316 16 22 150
316 11 20 148
316 11 23 100
316 31 12 99
316 23 20 100
317 32 22 100
317 49 12 100
317 49 22 100
317 49 42 148
317 45 20 100
317 16 22 150
318 5 42 150
318 20 20 148
318 31 12 99
318 16 37 150
318 41 37 100
318 46 37 100
318 45 20 100
318 8 37 99
319 35 12 150
319 31 12 99
319 18 20 99
319 18 37 100
319 29 12 100
319 29 37 148
319 41 37 100
319 14 42 100
320 46 37 100
320 46 42 99
320 8 37 99
320 18 20 99
320 18 23 100
320 18 37 100
320 27 20 99
320 6 20 150
320 41 37 100
320 48 37 100
321 34 12 100
321 34 20 150
321 34 22 100
321 34 23 150
321 20 42 148
321 12 22 150
321 3 23 100
321 32 22 100
322 18 20 99
322 18 23 100
322 18 42 150
322 45 20 100
322 45 23 99
322 49 12 100
323 6 20 150
323 46 42 99
323 18 12 150
324 47 12 99
324 21 20 150
324 21 23 100
324 21 42 100
324 49 12 100
325 36 12 150
325 4 23 148
325 14 42 100
325 20 20 148
325 27 20 99
325 26 23 100
326 30 23 148
326 0 42 150
326 20 20 148
326 32 22 100
326 47 12 99
327 11 20 148
327 11 23 100
327 6 22 150
327 42 22 150
327 49 12 100
327 49 22 100
327 49 42 148
327 45 23 99
327 32 22 100
328 10 42 150
328 29 12 100
328 20 20 148
328 49 22 100
329 14 42 100
329 3 20 150
329 3 23 100
329 23 20 100
329 45 23 99
329 32 22 100
329 6 22 150
329 47 12 99
330 1 20 150
330 1 22 100
330 1 41 150
331 36 12 150
331 36 22 100
331 38 20 150
331 29 37 148
331 27 20 99
331 18 22 148
331 18 37 100
331 18 42 150
331 49 22 100
331 49 37 150
331 48 37 100
331 1 22 100
331 26 37 100
332 41 37 100
332 6 20 150
332 6 22 150
332 36 12 150
332 36 22 100
332 43 42 100
332 1 22 100
332 16 22 150
332 11 23 100
333 6 20 150
333 39 23 150
333 36 12 150
333 49 42 148
334 44 23 150
334 48 23 150
334 1 12 100
334 1 20 150
334 21 42 100
335 36 12 150
335 36 22 100
335 32 22 100
335 38 20 150
335 22 42 150
335 26 23 100
335 18 20 99
335 18 22 148
336 39 23 150
336 22 42 150
336 49 12 100
336 49 22 100
336 32 22 100
336 16 22 150
336 21 20 150
336 21 23 100
337 12 22 150
337 6 20 150
337 6 22 150
337 43 42 100
337 1 12 100
337 1 22 100
337 47 12 99
337 30 37 150
337 49 37 150
337 8 37 99
338 6 20 150
338 30 23 148
338 30 37 150
338 0 12 148
338 0 42 150
338 27 20 99
338 18 37 100
339 44 23 150
339 49 12 100
339 46 42 99
339 27 20 99
339 1 12 100
340 6 20 150
340 6 22 150
340 14 42 100
340 32 22 100
340 34 12 100
340 34 22 100
340 27 20 99
341 13 12 148
341 40 42 100
341 27 20 99
341 46 37 100
341 26 37 100
341 6 22 150
341 36 22 100
341 8 37 99
342 49 12 100
342 49 22 100
342 49 37 150
342 49 42 148
342 30 23 148
342 30 37 150
342 42 22 150
342 21 20 150
342 21 23 100
342 1 22 100
342 27 20 99
343 1 12 100
343 1 20 150
343 5 42 150
343 46 37 100
343 26 37 100
343 16 37 150
343 18 37 100
344 49 12 100
344 49 22 100
344 49 37 150
344 49 42 148
344 27 20 99
344 41 37 100
344 42 22 150
344 18 20 99
344 18 22 148
344 18 37 100
344 46 37 100
344 16 37 150
345 13 12 148
345 39 23 150
345 36 22 100
345 40 42 100
345 1 12 100
345 1 20 150
345 1 22 100
345 16 22 150
345 16 37 150
346 44 23 150
346 22 42 150
346 29 12 100
346 29 37 148
346 38 20 150
346 6 22 150
346 16 22 150
347 39 23 150
347 11 20 148
347 11 23 100
347 5 42 150
347 49 12 100
347 49 22 100
347 6 22 150
348 45 20 100
348 45 23 99
348 46 42 99
348 3 20 150
348 13 12 148
348 1 12 100
348 1 22 100
349 39 23 150
349 11 20 148
349 11 23 100
349 40 42 100
349 18 22 148
349 42 22 150
350 27 12 148
350 27 20 99
350 18 20 99
350 18 22 148
350 18 42 150
350 47 12 99
350 16 22 150
350 1 22 100
351 32 22 100
351 18 12 150
351 18 20 99
351 18 22 148
351 18 23 100
351 18 42 150
351 1 22 100
351 45 20 100
352 39 23 150
352 45 20 100
352 45 23 99
352 3 42 99
352 12 22 150
352 32 22 100
353 46 42 99
353 42 22 150
353 34 12 100
353 34 20 150
353 34 22 100
354 42 22 150
354 21 20 150
354 21 23 100
354 29 12 100
354 3 23 100
354 32 22 100
354 35 12 150
355 44 23 150
355 6 20 150
355 6 22 150
355 43 42 100
355 32 22 100
355 21 20 150
355 31 12 99
355 36 22 100
355 1 22 100
356 16 22 150
356 13 12 148
356 0 23 150
356 1 20 150
356 1 22 100
356 32 22 100
357 47 12 99
357 34 12 100
357 34 20 150
357 34 22 100
357 34 23 150
357 32 22 100
357 3 42 99
357 21 42 100
357 49 22 100
357 1 22 100
358 21 20 150
358 21 23 100
358 21 42 100
358 44 23 150
358 29 12 100
359 30 37 150
359 31 12 99
359 31 42 150
359 16 22 150
359 16 37 150
359 6 20 150
359 6 22 150
359 49 22 100
359 49 37 150
359 32 22 100
359 1 22 100
359 24 37 150
359 46 37 100
360 49 12 100
360 49 22 100
360 21 20 150
360 21 42 100
360 21 44 100
360 32 22 100
360 45 20 100
360 16 22 150
361 22 42 150
361 27 20 99
361 38 20 150
361 4 23 148
361 34 22 100
361 18 22 148
361 16 22 150
361 49 22 100
362 45 20 100
362 45 23 99
362 43 42 100
362 47 12 99
362 27 20 99
362 21 23 100
363 36 12 150
363 36 22 100
363 14 42 100
363 12 22 150
363 24 37 150
363 8 37 99
364 3 20 150
364 3 23 100
364 3 42 99
364 1 12 100
364 1 20 150
364 1 22 100
364 11 23 100
364 32 22 100
364 30 37 150
364 8 37 99
365 5 42 150
365 31 12 99
365 46 37 100
365 30 37 150
365 32 22 100
365 34 20 150
365 34 22 100
365 6 5 100
365 6 22 150
365 18 22 148
365 18 37 100
365 26 37 100
366 39 23 150
366 1 20 150
366 1 22 100
366 32 22 100
366 42 22 150
366 14 42 100
366 8 37 99
366 34 20 150
367 49 12 100
367 49 22 100
367 49 37 150
367 41 37 100
367 40 42 100
367 44 23 150
367 42 22 150
367 23 20 100
368 45 20 100
368 43 42 100
368 16 22 150
368 21 20 150
368 34 12 100
368 34 22 100
368 6 22 150
369 16 3 100
369 16 22 150
369 27 20 99
369 39 23 150
369 5 42 150
369 31 12 99
369 32 22 100
369 42 22 150
369 26 23 100
370 30 23 148
370 27 12 148
370 27 20 99
370 46 6 100
370 46 42 99
370 11 20 148
370 18 6 100
371 21 20 150
371 21 23 100
371 21 42 100
371 16 22 150
371 31 6 148
371 23 20 100
372 27 12 148
372 27 20 99
372 34 22 100
372 34 23 150
372 11 23 100
372 42 22 150
372 3 42 99
373 18 12 150
373 18 20 99
373 18 22 148
373 18 37 100
373 18 42 150
373 8 37 99
373 34 20 150
373 34 22 100
373 16 22 150
373 16 37 150
373 42 22 150
374 6 20 150
374 6 22 150
374 5 42 150
374 35 12 150
374 12 22 150
374 3 23 100
374 30 37 150
374 1 22 100
374 8 37 99
374 26 23 100
374 26 37 100
375 4 23 148
375 0 6 150
375 42 22 150
375 36 6 99
375 36 22 100
375 23 20 100
375 49 12 100
375 49 22 100
376 23 20 100
376 23 42 150
376 13 12 148
376 44 23 150
376 21 20 150
376 49 6 150
376 49 22 100
376 36 6 99
376 36 22 100
376 12 22 150
377 6 20 150
377 6 22 150
377 46 42 99
377 13 12 148
377 16 22 150
377 48 23 150
378 34 12 100
378 34 20 150
378 34 22 100
378 34 23 150
378 45 23 99
378 36 22 100
378 0 42 150
378 12 22 150
379 4 23 148
379 38 20 150
379 49 12 100
380 35 12 150
380 10 3 99
380 12 22 150
380 11 20 148
380 11 23 100
380 20 20 148
380 20 23 150
380 42 22 150
380 43 42 100
381 43 42 100
381 1 6 99
381 1 12 100
381 1 20 150
381 1 22 100
381 12 22 150
381 49 6 150
381 49 12 100
381 49 22 100
381 46 6 100
382 4 23 148
382 29 12 100
382 18 20 99
382 18 22 148
382 18 42 150
382 16 22 150
382 27 20 99
383 11 5 100
383 11 20 148
383 11 23 100
383 46 42 99
383 45 23 99
383 12 22 150
383 6 22 150
384 23 20 100
384 23 42 150
384 1 12 100
384 1 22 100
384 3 23 100
384 36 22 100
384 49 22 100
385 23 20 100
385 23 42 150
385 1 12 100
385 1 20 150
385 1 22 100
385 12 22 150
385 6 22 150
385 32 22 100
385 47 12 99
385 26 23 100
386 31 12 99
386 36 22 100
386 12 22 150
386 32 22 100
386 20 20 148
386 20 23 150
386 20 42 148
386 34 23 150
387 36 12 150
387 21 20 150
387 21 23 100
387 21 42 100
387 45 20 100
387 45 23 99
388 38 20 150
388 23 42 150
388 0 12 148
388 0 23 150
388 1 22 100
388 49 22 100
388 12 22 150
389 13 12 148
389 11 20 148
389 40 42 100
389 36 22 100
389 16 22 150
389 1 22 100
390 11 20 148
390 13 12 148
390 40 42 100
391 13 12 148
391 36 22 100
391 8 37 99
391 14 42 100
391 20 20 148
391 26 37 100
391 30 37 150
391 49 22 100
391 49 37 150
391 34 22 100
391 18 20 99
391 18 37 100
391 41 37 100
392 29 12 100
392 29 37 148
392 10 42 150
392 49 37 150
392 0 5 100
392 18 20 99
392 18 37 100
393 12 22 150
393 39 23 150
393 26 23 100
393 26 37 100
393 48 37 100
393 10 42 150
393 42 22 150
393 13 12 148
393 6 20 150
393 1 22 100
394 20 20 148
394 20 23 150
394 20 42 148
394 42 22 150
394 11 20 148
395 42 22 150
395 32 22 100
395 36 12 150
395 36 22 100
395 49 22 100
395 40 42 100
396 26 23 100
396 1 6 99
396 1 12 100
396 1 20 150
396 1 22 100
396 32 22 100
396 43 42 100
396 21 20 150
396 21 23 100
396 18 6 100
396 18 20 99
396 18 22 148
397 1 12 100
397 1 20 150
397 1 22 100
397 36 22 100
397 42 22 150
397 34 12 100
397 34 23 150
397 46 42 99
398 18 20 99
398 18 22 148
398 18 23 100
398 18 42 150
398 47 12 99
398 21 23 100
398 23 20 100
398 32 22 100
398 16 22 150
399 46 6 100
399 48 23 150
399 20 20 148
399 35 12 150
399 42 22 150
399 41 6 100
399 49 6 150
399 49 22 100
399 32 22 100
400 4 23 148
400 0 42 150
400 18 20 99
400 18 22 148
400 5 41 100
400 1 22 100
400 1 41 150
400 45 20 100
400 49 22 100
401 10 42 150
401 34 12 100
401 34 20 150
401 34 22 100
401 34 23 150
401 11 23 100
401 32 22 100
402 21 20 150
402 21 23 100
402 21 42 100
402 12 22 150
402 47 12 99
402 49 22 100
402 32 22 100
403 42 22 150
403 40 42 100
403 16 22 150
403 0 5 100
403 0 12 148
403 0 23 150
403 11 20 148
403 11 23 100
403 6 22 150
404 18 12 150
404 18 20 99
404 18 23 100
404 18 42 150
404 34 20 150
405 13 12 148
405 43 42 100
405 1 12 100
405 1 20 150
405 48 23 150
405 45 23 99
406 40 42 100
406 3 20 150
406 8 37 99
406 31 12 99
406 34 22 100
406 26 37 100
406 1 22 100
406 46 37 100
407 32 22 100
407 44 23 150
407 22 42 150
407 27 12 148
407 27 20 99
407 34 20 150
407 29 37 148
407 18 37 100
407 49 37 150
408 20 20 148
408 49 12 100
408 31 12 99
409 36 22 100
409 0 42 150
409 16 22 150
409 34 12 100
409 34 20 150
409 34 22 100
410 45 20 100
410 3 42 99
410 35 12 150
410 32 22 100
410 49 22 100
410 23 20 100
411 22 42 150
411 42 22 150
411 6 20 150
411 6 22 150
411 34 22 100
411 30 37 150
411 26 37 100
412 44 23 150
412 30 37 150
412 14 42 100
412 42 22 150
412 47 12 99
412 20 20 148
412 3 23 100
412 18 20 99
412 18 22 148
412 18 37 100
412 29 37 148
413 13 12 148
413 22 42 150
413 0 5 100
413 0 23 150
413 45 20 100
413 36 22 100
414 5 42 150
414 30 3 100
414 30 23 148
414 13 12 148
414 42 22 150
415 40 42 100
415 12 22 150
415 27 12 148
415 27 20 99
415 24 37 150
415 1 20 150
415 1 22 100
415 46 37 100
415 16 37 150
416 31 12 99
416 31 42 150
416 45 20 100
416 45 23 99
416 21 20 150
416 21 23 100
416 34 12 100
416 34 22 100
416 46 37 100
416 32 22 100
416 6 22 150
417 16 37 150
417 45 20 100
417 45 23 99
417 3 20 150
417 3 23 100
417 3 42 99
417 47 12 99
418 11 20 148
418 14 42 100
418 36 12 150
418 36 22 100
418 6 22 150
419 3 20 150
419 3 42 99
419 14 42 100
419 0 12 148
420 20 20 148
420 20 23 150
420 45 20 100
420 31 12 99
420 1 12 100
421 48 23 150
421 31 12 99
421 20 20 148
421 11 5 100
422 18 12 150
422 18 20 99
422 18 22 148
422 18 23 100
422 18 42 150
422 45 20 100
422 45 23 99
422 21 42 100
422 36 22 100
422 49 22 100
423 20 20 148
423 20 23 150
423 27 12 148
423 14 42 100
424 18 12 150
424 18 20 99
424 18 22 148
424 18 37 100
424 18 42 150
424 32 22 100
424 12 22 150
424 36 22 100
424 45 20 100
424 6 22 150
425 26 23 100
425 26 37 100
425 14 42 100
425 18 12 150
425 18 20 99
425 18 22 148
425 18 23 100
425 18 37 100
425 30 37 150
425 16 22 150
425 16 37 150
425 8 37 99
425 32 22 100
426 6 20 150
426 6 22 150
426 23 20 100
426 23 42 150
426 3 23 100
426 20 23 150
426 34 12 100
426 34 22 100
427 32 22 100
427 47 12 99
427 6 20 150
427 21 23 100
427 21 42 100
427 29 12 100
427 0 6 150
427 9 6 100
428 0 12 148
428 0 23 150
428 0 42 150
428 38 20 150
428 45 20 100
428 45 23 99
429 11 20 148
429 11 23 100
429 16 22 150
429 32 22 100
430 21 20 150
430 21 23 100
430 21 42 100
430 3 23 100
430 12 22 150
430 47 12 99
430 16 22 150
431 45 20 100
431 47 12 99
431 11 20 148
431 40 42 100
431 6 22 150
432 23 20 100
432 23 42 150
432 45 23 99
432 35 12 150
432 39 23 150
432 42 22 150
432 16 22 150
433 27 12 148
433 27 20 99
433 6 5 100
433 6 20 150
433 6 22 150
433 45 23 99
433 42 22 150
433 16 49 99
434 29 12 100
434 41 6 100
434 3 20 150
434 3 23 100
434 30 23 148
434 36 6 99
434 36 22 100
434 32 22 100
434 7 6 150
435 5 42 150
435 16 22 150
435 44 23 150
435 47 12 99
435 35 12 150
435 34 20 150
435 34 22 100
435 36 22 100
436 30 23 148
436 1 12 100
436 1 20 150
436 1 22 100
436 3 42 99
436 34 22 100
436 23 20 100
437 42 22 150
437 45 20 100
437 45 23 99
437 43 42 100
437 16 22 150
437 36 12 150
437 36 22 100
437 49 22 100
437 44 23 150
437 12 22 150
438 20 20 148
438 20 23 150
438 20 42 148
438 36 3 99
438 36 12 150
438 45 20 100
439 30 23 148
439 38 20 150
439 31 12 99
439 31 42 150
440 21 20 150
440 21 23 100
440 21 42 100
440 48 23 150
440 49 22 100
440 42 22 150
441 39 23 150
441 5 42 150
441 47 12 99
441 20 20 148
441 23 20 100
441 42 22 150
441 18 22 148
442 39 23 150
442 46 42 99
442 13 12 148
442 32 22 100
442 36 22 100
442 1 12 100
442 1 20 150
442 1 22 100
442 34 22 100
443 27 20 99
443 32 22 100
443 30 37 150
443 20 20 148
443 20 42 148
443 41 37 100
443 18 22 148
443 18 37 100
443 12 22 150
444 12 22 150
444 27 20 99
444 29 12 100
444 29 37 148
444 41 37 100
444 42 22 150
444 6 5 100
444 23 42 150
444 11 44 100
444 36 22 100
445 49 12 100
445 49 22 100
445 49 37 150
445 46 37 100
445 46 42 99
445 6 20 150
445 6 22 150
445 45 20 100
445 24 37 150
445 1 22 100
446 40 42 100
446 12 22 150
446 39 23 150
446 35 12 150
446 32 22 100
446 48 37 100
446 6 20 150
447 21 20 150
447 21 23 100
447 21 42 100
447 32 22 100
447 1 12 100
447 4 23 148
447 18 37 100
448 45 20 100
448 33 3 99
448 31 12 99
448 31 42 150
448 24 37 150
448 12 22 150
448 0 12 148
448 32 22 100
448 27 20 99
448 48 37 100
448 26 37 100
448 18 37 100
449 42 22 150
449 18 20 99
449 18 22 148
449 18 37 100
449 18 42 150
449 36 22 100
449 38 20 150
449 46 37 100
449 49 37 150
450 42 22 150
450 41 37 100
450 12 22 150
450 11 20 148
450 34 12 100
450 8 37 99
450 46 37 100
450 26 37 100
451 3 20 150
451 3 42 99
451 18 12 150
451 18 22 148
451 18 37 100
451 36 22 100
451 32 22 100
451 46 37 100
451 30 37 150
452 12 22 150
452 10 42 150
452 13 12 148
452 26 37 100
452 46 37 100
452 34 20 150
452 34 22 100
452 41 37 100
452 42 22 150
452 29 37 148
453 43 42 100
453 11 20 148
453 16 37 150
453 45 20 100
453 46 37 100
453 13 12 148
454 49 12 100
454 49 37 150
454 49 42 148
454 1 20 150
454 34 23 150
454 24 37 150
455 46 37 100
455 46 42 99
455 30 37 150
455 6 20 150
455 6 22 150
455 34 12 100
455 34 22 100
456 49 12 100
456 49 22 100
456 49 37 150
456 36 22 100
456 23 20 100
456 27 20 99
456 17 5 100
456 39 23 150
456 42 22 150
456 34 12 100
456 46 37 100
456 26 37 100
457 35 12 150
457 34 20 150
457 34 23 150
457 43 42 100
457 14 42 100
457 8 37 99
458 34 20 150
458 34 22 100
458 34 23 150
458 40 42 100
458 32 22 100
458 18 20 99
458 18 22 148
458 18 23 100
458 18 37 100
458 41 37 100
459 18 12 150
459 18 20 99
459 18 22 148
459 18 37 100
459 18 42 150
459 12 22 150
459 23 20 100
459 41 37 100
459 30 37 150
460 11 20 148
460 11 23 100
460 6 22 150
460 40 42 100
460 24 37 150
460 13 12 148
460 12 22 150
460 21 23 100
461 12 22 150
461 18 12 150
461 18 20 99
461 18 22 148
461 18 37 100
461 18 42 150
461 6 22 150
461 49 37 150
461 48 37 100
461 30 37 150
461 26 37 100
461 16 37 150
462 18 20 99
462 18 22 148
462 18 23 100
462 18 37 100
462 3 20 150
462 3 23 100
462 34 12 100
462 34 22 100
463 36 12 150
463 36 22 100
463 42 22 150
463 30 23 148
463 20 20 148
463 18 22 148
463 46 42 99
464 44 23 150
464 34 12 100
464 34 20 150
464 34 22 100
464 3 42 99
464 36 22 100
465 4 23 148
465 14 42 100
465 27 12 148
465 27 20 99
465 0 5 100
465 26 23 100
465 45 20 100
465 18 22 148
466 47 12 99
466 22 42 150
466 34 20 150
466 34 22 100
466 42 22 150
467 32 22 100
467 0 12 148
467 0 23 150
467 0 42 150
467 11 20 148
467 12 22 150
467 6 22 150
467 49 22 100
468 38 20 150
468 21 20 150
468 21 23 100
468 21 42 100
468 29 12 100
468 6 22 150
468 47 12 99
469 14 42 100
469 26 23 100
469 27 20 99
469 0 23 150
469 34 12 100
469 34 22 100
470 42 22 150
470 39 23 150
470 16 22 150
470 1 12 100
470 1 20 150
470 1 22 100
470 45 20 100
470 47 12 99
471 18 20 99
471 18 22 148
471 18 23 100
471 18 42 150
471 30 3 100
471 30 23 148
471 36 22 100
472 32 22 100
472 38 20 150
472 31 12 99
472 27 12 148
472 27 20 99
472 39 23 150
473 46 42 99
473 44 23 150
473 34 12 100
473 34 20 150
473 34 22 100
474 12 22 150
474 40 42 100
474 21 20 150
474 21 42 100
474 16 22 150
474 34 12 100
474 34 22 100
474 32 22 100
475 26 23 100
475 27 12 148
475 27 20 99
475 6 5 100
475 6 22 150
475 18 20 99
475 18 22 148
475 18 23 100
475 32 22 100
475 49 12 100
476 16 22 150
476 16 37 150
476 41 37 100
476 32 22 100
476 3 20 150
476 3 42 99
476 46 37 100
476 8 37 99
477 5 42 150
477 20 20 148
477 20 23 150
477 24 37 150
477 47 12 99
477 48 37 100
477 13 12 148
477 17 3 100
477 34 22 100
477 36 22 100
478 43 42 100
478 36 12 150
478 36 22 100
478 39 23 150
478 20 20 148
478 42 22 150
478 23 20 100
479 31 12 99
479 31 42 150
479 12 22 150
479 21 20 150
479 21 23 100
479 8 37 99
479 29 37 148
479 34 22 100
479 49 22 100
479 49 37 150
480 29 12 100
480 29 37 148
480 32 22 100
480 12 22 150
480 11 20 148
480 11 23 100
480 31 42 150
480 46 37 100
480 18 22 148
480 6 22 150
481 12 22 150
481 47 12 99
481 23 20 100
481 14 42 100
481 27 20 99
481 16 37 150
481 8 37 99
481 48 37 100
482 0 12 148
482 0 23 150
482 0 42 150
482 36 22 100
482 24 37 150
482 48 37 100
482 42 22 150
482 46 37 100
482 3 20 150
482 3 23 100
482 47 12 99
483 40 42 100
483 1 12 100
483 1 20 150
483 1 22 100
483 21 23 100
483 27 20 99
483 32 22 100
483 18 22 148
484 18 12 150
484 18 20 99
484 18 23 100
484 18 42 150
484 17 3 100
484 0 23 150
485 6 20 150
485 6 22 150
485 49 22 100
485 40 42 100
486 0 12 148
486 0 42 150
486 49 22 100
486 23 20 100
486 3 20 150
487 40 42 100
487 29 12 100
487 11 20 148
487 6 22 150
488 45 20 100
488 49 12 100
488 49 22 100
488 49 42 148
488 32 22 100
488 42 22 150
488 47 12 99
488 11 20 148
489 32 22 100
489 6 5 100
489 6 20 150
489 6 22 150
489 21 42 100
489 27 12 148
489 18 22 148
489 18 37 100
489 42 22 150
489 26 37 100
490 3 20 150
490 3 23 100
490 3 42 99
490 32 22 100
490 1 12 100
490 1 22 100
490 8 37 99
490 24 37 150
491 47 12 99
491 16 22 150
491 16 37 150
491 3 20 150
491 3 23 100
491 3 42 99
491 21 23 100
491 42 22 150
491 12 22 150
492 18 12 150
492 18 20 99
492 18 23 100
492 18 42 150
492 48 23 150
492 6 20 150
493 49 12 100
493 49 22 100
493 49 42 148
493 6 20 150
493 6 22 150
493 0 23 150
493 29 12 100
493 34 22 100
494 6 20 150
494 6 22 150
494 29 12 100
494 29 28 100
494 5 42 150
494 45 23 99
494 30 7 100
494 18 22 148
494 18 23 100
494 41 28 100
494 2 7 99
495 2 7 99
495 40 42 100
495 39 23 150
495 23 20 100
495 31 12 99
495 20 20 148
495 32 22 100
495 42 22 150
496 29 12 100
496 14 42 100
496 45 20 100
496 6 22 150
496 34 12 100
496 34 22 100
496 16 22 150
496 36 22 100
497 6 20 150
497 6 22 150
497 42 22 150
497 20 23 150
497 29 12 100
498 22 42 150
498 31 12 99
498 36 22 100
498 32 22 100
498 11 20 148
498 11 23 100
498 21 23 100
498 45 20 100
499 34 12 100
499 34 20 150
499 34 22 100
499 34 23 150
499 1 12 100
499 1 22 100
499 18 22 148
499 18 42 150
499 49 22 100
499 11 5 100
500 30 23 148
500 27 20 99
500 34 20 150
500 34 22 100
500 43 42 100
500 18 22 148
500 18 23 100
501 32 22 100
501 41 37 100
501 23 20 100
501 48 37 100
501 16 22 150
501 16 37 150
501 42 22 150
502 27 12 148
502 27 20 99
502 16 37 150
502 23 20 100
502 23 42 150
502 21 23 100
502 31 12 99
502 29 37 148
502 49 22 100
502 3 23 100
503 6 20 150
503 6 22 150
503 4 23 148
503 34 12 100
503 34 22 100
503 1 12 100
503 1 22 100
503 1 28 100
503 23 20 100
503 18 28 150
504 30 37 150
504 43 42 100
504 38 20 150
504 16 22 150
504 16 37 150
504 42 22 150
505 30 37 150
505 11 20 148
505 12 22 150
505 24 37 150
505 18 12 150
505 18 22 148
505 18 37 100
505 18 42 150
505 36 22 100
506 4 23 148
506 34 12 100
506 34 20 150
506 34 22 100
506 40 42 100
506 0 12 148
506 18 22 148
506 36 22 100
507 8 37 99
507 31 6 148
507 31 12 99
507 31 42 150
507 36 6 99
507 36 22 100
507 23 20 100
507 20 20 148
507 48 37 100
507 30 37 150
508 35 12 150
508 20 20 148
508 20 42 148
508 6 22 150
508 49 22 100
508 49 37 150
508 41 37 100
508 26 37 100
509 0 5 100
509 0 12 148
509 3 20 150
509 3 42 99
509 18 22 148
509 18 37 100
509 26 37 100
509 16 22 150
509 16 37 150
509 41 37 100
509 36 22 100
509 49 22 100
509 49 37 150
510 39 23 150
510 17 3 100
510 17 28 150
510 23 20 100
510 23 42 150
510 6 22 150
510 18 20 99
510 18 22 148
510 18 23 100
510 1 12 100
510 1 22 100
510 1 28 100
511 32 22 100
511 46 42 99
511 3 20 150
511 29 12 100
511 28 11 99
512 5 42 150
512 5 44 99
512 36 12 150
512 3 20 150
512 23 20 100
513 34 12 100
513 34 20 150
513 34 22 100
513 34 23 150
513 32 22 100
513 42 22 150
513 47 12 99
514 14 42 100
514 13 12 148
514 1 20 150
514 1 22 100
514 42 22 150
514 44 23 150
515 26 23 100
515 34 12 100
515 34 20 150
515 34 22 100
515 14 42 100
515 18 23 100
516 49 22 100
516 49 42 148
516 11 20 148
516 27 20 99
516 42 22 150
516 36 22 100
517 3 20 150
517 3 42 99
517 24 37 150
517 26 37 100
517 6 22 150
517 16 22 150
517 16 37 150
517 49 12 100
517 49 37 150
518 34 12 100
518 34 20 150
518 34 22 100
518 20 42 148
518 13 12 148
518 1 22 100
518 48 37 100
518 32 22 100
518 18 37 100
519 38 20 150
519 21 23 100
519 21 42 100
519 16 37 150
519 13 12 148
519 29 37 148
519 7 6 150
519 49 6 150
519 49 37 150
519 26 23 100
519 26 37 100
519 41 37 100
520 0 5 100
520 0 23 150
520 0 42 150
520 29 12 100
520 38 20 150
520 16 22 150
520 36 22 100
520 34 22 100
521 29 12 100
521 34 12 100
521 34 20 150
521 43 42 100
521 18 20 99
522 30 23 148
522 45 20 100
522 5 42 150
522 20 20 148
523 17 28 150
523 20 20 148
523 20 28 100
523 20 42 148
523 29 12 100
523 6 22 150
523 49 12 100
523 49 22 100
523 34 22 100
524 34 12 100
524 34 20 150
524 34 22 100
524 34 23 150
524 10 42 150
524 21 23 100
524 49 22 100
524 18 22 148
525 32 22 100
525 34 20 150
525 34 22 100
525 34 23 150
525 22 49 100
525 6 20 150
525 6 22 150
526 20 20 148
526 20 23 150
526 42 22 150
526 0 11 100
526 12 22 150
527 47 12 99
527 34 12 100
527 34 20 150
527 40 42 100
527 49 42 148
528 23 20 100
528 36 12 150
528 36 22 100
528 3 23 100
528 3 42 99
528 20 23 150
528 45 20 100
528 29 12 100
529 45 20 100
529 0 5 100
529 0 42 150
529 27 20 99
529 29 12 100
529 32 22 100
529 34 22 100
530 21 20 150
530 21 23 100
530 21 42 100
530 13 12 148
530 1 22 100
531 5 42 150
531 47 12 99
531 20 20 148
531 20 23 150
531 26 23 100
531 18 22 148
531 6 22 150
532 18 12 150
532 18 20 99
532 18 23 100
532 43 42 100
532 23 20 100
532 1 12 100
533 46 42 99
533 49 12 100
533 49 22 100
533 36 22 100
533 11 20 148
533 6 22 150
534 34 3 100
534 34 12 100
534 34 20 150
534 34 22 100
534 34 23 150
534 6 22 150
534 46 42 99
534 26 23 100
534 32 22 100
534 43 42 100
535 7 6 150
535 27 12 148
535 27 20 99
535 26 23 100
535 41 6 100
535 18 20 99
535 18 23 100
535 14 42 100
536 32 22 100
536 18 12 150
536 18 20 99
536 18 22 148
536 18 23 100
536 18 28 150
536 18 42 150
536 20 20 148
536 6 22 150
537 45 20 100
537 45 23 99
537 7 28 148
537 18 12 150
537 18 22 148
537 18 23 100
537 18 28 150
537 32 22 100
537 43 42 100
538 18 12 150
538 18 20 99
538 18 22 148
538 18 37 100
538 42 22 150
538 1 20 150
538 1 22 100
538 26 37 100
539 29 12 100
539 29 28 100
539 29 37 148
539 35 28 100
539 23 20 100
539 23 42 150
539 48 37 100
539 46 37 100
539 24 37 150
539 16 37 150
540 7 28 148
540 1 12 100
540 1 20 150
540 1 22 100
540 1 28 100
540 36 22 100
540 18 20 99
540 18 22 148
540 18 23 100
540 18 37 100
540 40 42 100
540 6 5 100
540 45 23 99
540 16 37 150
541 29 12 100
541 29 37 148
541 14 42 100
541 3 20 150
541 27 12 148
541 46 37 100
541 18 22 148
541 34 22 100
542 46 42 99
542 36 22 100
542 28 11 99
542 1 12 100
542 1 20 150
542 1 22 100
542 3 23 100
542 11 23 100
542 49 22 100
542 6 22 150
543 48 23 150
543 16 22 150
543 32 22 100
543 34 12 100
543 34 20 150
543 34 22 100
543 10 42 150
544 6 20 150
544 20 23 150
544 20 42 148
544 36 12 150
545 29 12 100
545 20 20 148
545 20 23 150
545 20 42 148
545 9 6 100
545 16 22 150
545 41 6 100
545 15 6 100
545 3 23 100
545 32 22 100
545 45 20 100
546 30 23 148
546 31 12 99
546 38 20 150
546 32 22 100
546 47 12 99
546 12 22 150
546 34 22 100
547 36 22 100
547 23 20 100
547 23 42 150
547 1 20 150
547 1 22 100
547 49 22 100
547 32 22 100
547 44 23 150
547 21 42 100
548 40 42 100
548 0 12 148
548 0 23 150
548 45 20 100
548 45 23 99
548 16 22 150
548 32 22 100
549 48 23 150
549 35 12 150
549 32 22 100
549 45 20 100
549 46 42 99
549 1 20 150
549 1 22 100
549 16 22 150
550 48 23 150
550 21 20 150
550 21 42 100
550 32 22 100
550 42 22 150
550 49 12 100
550 49 22 100
550 1 22 100
551 6 5 100
551 6 20 150
551 6 22 150
551 34 12 100
551 34 22 100
551 34 23 150
551 3 42 99
551 1 22 100
551 40 42 100
552 34 12 100
552 34 20 150
552 34 23 150
552 23 20 100
552 46 42 99
552 3 23 100
553 7 28 148
553 35 28 100
553 48 37 100
553 21 20 150
553 21 42 100
553 16 22 150
553 16 37 150
553 49 12 100
553 49 22 100
553 49 37 150
553 8 37 99
554 23 20 100
554 23 42 150
554 49 12 100
554 49 22 100
554 49 37 150
554 11 20 148
554 6 22 150
554 12 22 150
554 46 6 100
554 46 37 100
555 39 23 150
555 12 22 150
555 20 20 148
555 20 42 148
555 46 6 100
555 46 37 100
555 0 12 148
555 8 37 99
556 23 20 100
556 23 42 150
556 27 12 148
556 27 20 99
556 18 6 100
556 18 22 148
556 18 37 100
556 49 6 150
556 49 22 100
556 49 37 150
556 8 37 99
557 45 20 100
557 8 37 99
557 27 12 148
557 17 6 148
557 17 28 150
557 41 28 100
557 41 37 100
557 32 22 100
557 1 22 100
557 3 42 99
557 48 37 100
557 42 22 150
558 36 12 150
558 36 22 100
558 43 42 100
558 42 22 150
558 20 20 148
558 28 11 99
558 34 22 100
558 1 22 100
558 46 37 100
559 49 22 100
559 49 37 150
559 49 42 148
559 4 23 148
559 29 37 148
559 21 20 150
559 20 20 148
560 17 6 148
560 6 20 150
560 6 29 100
560 34 12 100
560 34 23 150
560 20 42 148
560 21 23 100
561 45 20 100
561 42 22 150
561 15 6 100
561 38 20 150
561 12 22 150
561 6 5 100
562 41 6 100
562 34 12 100
562 34 20 150
562 34 22 100
562 34 23 150
562 13 12 148
562 5 42 150
562 40 42 100
563 15 6 100
563 49 37 150
563 21 20 150
563 21 42 100
563 27 20 99
563 16 37 150
563 18 37 100
564 31 42 150
564 8 37 99
564 27 20 99
564 30 37 150
564 23 20 100
564 49 22 100
564 49 37 150
564 24 37 150
564 41 37 100
565 47 12 99
565 29 12 100
565 29 37 148
565 9 6 100
565 32 22 100
565 21 20 150
565 6 22 150
565 18 6 100
565 18 37 100
566 32 22 100
566 16 22 150
566 16 37 150
566 47 12 99
566 40 42 100
566 41 6 100
566 41 37 100
566 24 37 150
566 21 20 150
566 29 37 148
567 11 20 148
567 41 6 100
567 41 37 100
567 21 42 100
567 42 22 150
567 27 12 148
567 16 22 150
567 16 37 150
568 20 20 148
568 20 42 148
568 9 6 100
568 26 37 100
568 26 44 100
568 45 20 100
568 34 12 100
568 34 22 100
569 32 22 100
569 10 42 150
569 20 20 148
569 8 37 99
569 0 12 148
570 40 42 100
570 2 3 99
570 26 23 100
570 26 37 100
570 47 12 99
570 38 20 150
570 38 28 100
570 6 22 150
570 17 6 148
570 17 28 150
570 46 37 100
570 32 22 100
570 45 23 99
571 10 42 150
571 7 6 150
571 0 5 100
571 0 12 148
571 12 22 150
571 29 37 148
571 34 20 150
571 34 22 100
571 8 37 99
572 45 20 100
572 8 37 99
572 46 6 100
572 46 37 100
572 46 42 99
572 35 12 150
572 30 37 150
572 6 20 150
572 6 22 150
572 41 37 100
573 47 12 99
573 49 22 100
573 49 37 150
573 49 42 148
573 11 20 148
573 36 22 100
573 32 22 100
573 27 11 99
574 44 23 150
574 41 6 100
574 34 12 100
574 34 20 150
574 34 22 100
574 6 22 150
574 46 42 99
574 18 20 99
574 18 22 148
574 36 22 100
575 23 20 100
575 23 42 150
575 34 12 100
575 34 22 100
575 34 23 150
575 49 22 100
575 14 31 100
576 46 42 99
576 35 12 150
576 27 20 99
576 44 23 150
576 23 20 100
576 11 23 100
577 31 12 99
577 31 42 150
577 49 22 100
577 27 20 99
577 1 22 100
578 6 22 150
