49 43 3 100
49 43 15 148
49 43 16 100
49 43 21 150
49 43 23 100
49 43 28 150
49 43 34 100
49 43 36 148
49 43 38 99
49 43 40 148
49 43 43 100
49 43 49 150
114 43 3 100
114 43 15 148
114 43 16 100
114 43 21 150
114 43 23 100
114 43 28 150
114 43 34 100
114 43 36 148
114 43 38 99
114 43 40 148
114 43 43 100
114 43 49 150
186 43 3 100
186 43 15 148
186 43 16 100
186 43 21 150
186 43 23 100
186 43 28 150
186 43 34 100
186 43 36 148
186 43 38 99
186 43 40 148
186 43 43 100
186 43 49 150
207 36 0 99
207 36 7 150
207 36 10 100
207 36 24 150
207 36 36 100
207 36 37 150
207 36 40 100
207 36 42 148
207 36 46 100
207 36 48 150
217 42 0 100
217 42 6 150
217 42 20 99
217 42 29 148
217 42 37 100
217 42 42 150
218 42 0 100
218 42 6 150
218 42 20 99
218 42 29 148
218 42 37 100
218 42 42 150
220 42 0 100
220 42 6 150
220 42 20 99
220 42 29 148
220 42 37 100
220 42 42 150
221 42 0 100
221 42 6 150
221 42 20 99
221 42 29 148
221 42 37 100
221 42 42 150
224 42 0 100
224 42 6 150
224 42 20 99
224 42 29 148
224 42 37 100
224 42 42 150
226 42 0 100
226 42 6 150
226 42 20 99
226 42 29 148
226 42 37 100
226 42 42 150
227 42 0 100
227 42 6 150
227 42 20 99
227 42 29 148
227 42 37 100
227 42 42 150
233 42 0 100
233 42 6 150
233 42 20 99
233 42 29 148
233 42 37 100
233 42 42 150
237 43 3 100
237 43 15 148
237 43 16 100
237 43 21 150
237 43 23 100
237 43 28 150
237 43 34 100
237 43 36 148
237 43 38 99
237 43 40 148
237 43 43 100
237 43 49 150
243 42 0 100
243 42 6 150
243 42 20 99
243 42 29 148
243 42 37 100
243 42 42 150
249 42 0 100
249 42 6 150
249 42 20 99
249 42 29 148
249 42 37 100
249 42 42 150
250 43 3 100
250 43 15 148
250 43 16 100
250 43 21 150
250 43 23 100
250 43 28 150
250 43 34 100
250 43 36 148
250 43 38 99
250 43 40 148
250 43 43 100
250 43 49 150
250 42 0 100
250 42 6 150
250 42 20 99
250 42 29 148
250 42 37 100
250 42 42 150
258 42 0 100
258 42 6 150
258 42 20 99
258 42 29 148
258 42 37 100
258 42 42 150
262 42 0 100
262 42 6 150
262 42 20 99
262 42 29 148
262 42 37 100
262 42 42 150
265 42 0 100
265 42 6 150
265 42 20 99
265 42 29 148
265 42 37 100
265 42 42 150
266 42 0 100
266 42 6 150
266 42 20 99
266 42 29 148
266 42 37 100
266 42 42 150
267 42 0 100
267 42 6 150
267 42 20 99
267 42 29 148
267 42 37 100
267 42 42 150
269 42 0 100
269 42 6 150
269 42 20 99
269 42 29 148
269 42 37 100
269 42 42 150
275 42 0 100
275 42 6 150
275 42 20 99
275 42 29 148
275 42 37 100
275 42 42 150
279 42 0 100
279 42 6 150
279 42 20 99
279 42 29 148
279 42 37 100
279 42 42 150
280 42 0 100
280 42 6 150
280 42 20 99
280 42 29 148
280 42 37 100
280 42 42 150
282 42 0 100
282 42 6 150
282 42 20 99
282 42 29 148
282 42 37 100
282 42 42 150
283 42 0 100
283 42 6 150
283 42 20 99
283 42 29 148
283 42 37 100
283 42 42 150
285 36 0 99
285 36 7 150
285 36 10 100
285 36 24 150
285 36 36 100
285 36 37 150
285 36 40 100
285 36 42 148
285 36 46 100
285 36 48 150
288 42 0 100
288 42 6 150
288 42 20 99
288 42 29 148
288 42 37 100
288 42 42 150
290 42 0 100
290 42 6 150
290 42 20 99
290 42 29 148
290 42 37 100
290 42 42 150
292 42 0 100
292 42 6 150
292 42 20 99
292 42 29 148
292 42 37 100
292 42 42 150
293 42 0 100
293 42 6 150
293 42 20 99
293 42 29 148
293 42 37 100
293 42 42 150
294 42 0 100
294 42 6 150
294 42 20 99
294 42 29 148
294 42 37 100
294 42 42 150
296 43 3 100
296 43 15 148
296 43 16 100
296 43 21 150
296 43 23 100
296 43 28 150
296 43 34 100
296 43 36 148
296 43 38 99
296 43 40 148
296 43 43 100
296 43 49 150
297 42 0 100
297 42 6 150
297 42 20 99
297 42 29 148
297 42 37 100
297 42 42 150
298 42 0 100
298 42 6 150
298 42 20 99
298 42 29 148
298 42 37 100
298 42 42 150
300 42 0 100
300 42 6 150
300 42 20 99
300 42 29 148
300 42 37 100
300 42 42 150
301 42 0 100
301 42 6 150
301 42 20 99
301 42 29 148
301 42 37 100
301 42 42 150
303 42 0 100
303 42 6 150
303 42 20 99
303 42 29 148
303 42 37 100
303 42 42 150
304 42 0 100
304 42 6 150
304 42 20 99
304 42 29 148
304 42 37 100
304 42 42 150
311 42 0 100
311 42 6 150
311 42 20 99
311 42 29 148
311 42 37 100
311 42 42 150
318 42 0 100
318 42 6 150
318 42 20 99
318 42 29 148
318 42 37 100
318 42 42 150
319 43 3 100
319 43 15 148
319 43 16 100
319 43 21 150
319 43 23 100
319 43 28 150
319 43 34 100
319 43 36 148
319 43 38 99
319 43 40 148
319 43 43 100
319 43 49 150
321 42 0 100
321 42 6 150
321 42 20 99
321 42 29 148
321 42 37 100
321 42 42 150
325 42 0 100
325 42 6 150
325 42 20 99
325 42 29 148
325 42 37 100
325 42 42 150
326 42 0 100
326 42 6 150
326 42 20 99
326 42 29 148
326 42 37 100
326 42 42 150
327 42 0 100
327 42 6 150
327 42 20 99
327 42 29 148
327 42 37 100
327 42 42 150
330 42 0 100
330 42 6 150
330 42 20 99
330 42 29 148
330 42 37 100
330 42 42 150
341 42 0 100
341 42 6 150
341 42 20 99
341 42 29 148
341 42 37 100
341 42 42 150
344 42 0 100
344 42 6 150
344 42 20 99
344 42 29 148
344 42 37 100
344 42 42 150
345 42 0 100
345 42 6 150
345 42 20 99
345 42 29 148
345 42 37 100
345 42 42 150
349 42 0 100
349 42 6 150
349 42 20 99
349 42 29 148
349 42 37 100
349 42 42 150
350 42 0 100
350 42 6 150
350 42 20 99
350 42 29 148
350 42 37 100
350 42 42 150
350 36 0 99
350 36 7 150
350 36 10 100
350 36 24 150
350 36 36 100
350 36 37 150
350 36 40 100
350 36 42 148
350 36 46 100
350 36 48 150
352 42 0 100
352 42 6 150
352 42 20 99
352 42 29 148
352 42 37 100
352 42 42 150
357 42 0 100
357 42 6 150
357 42 20 99
357 42 29 148
357 42 37 100
357 42 42 150
358 42 0 100
358 42 6 150
358 42 20 99
358 42 29 148
358 42 37 100
358 42 42 150
359 43 3 100
359 43 15 148
359 43 16 100
359 43 21 150
359 43 23 100
359 43 28 150
359 43 34 100
359 43 36 148
359 43 38 99
359 43 40 148
359 43 43 100
359 43 49 150
362 42 0 100
362 42 6 150
362 42 20 99
362 42 29 148
362 42 37 100
362 42 42 150
363 42 0 100
363 42 6 150
363 42 20 99
363 42 29 148
363 42 37 100
363 42 42 150
366 42 0 100
366 42 6 150
366 42 20 99
366 42 29 148
366 42 37 100
366 42 42 150
367 42 0 100
367 42 6 150
367 42 20 99
367 42 29 148
367 42 37 100
367 42 42 150
370 42 0 100
370 42 6 150
370 42 20 99
370 42 29 148
370 42 37 100
370 42 42 150
371 42 0 100
371 42 6 150
371 42 20 99
371 42 29 148
371 42 37 100
371 42 42 150
372 42 0 100
372 42 6 150
372 42 20 99
372 42 29 148
372 42 37 100
372 42 42 150
373 42 0 100
373 42 6 150
373 42 20 99
373 42 29 148
373 42 37 100
373 42 42 150
374 42 0 100
374 42 6 150
374 42 20 99
374 42 29 148
374 42 37 100
374 42 42 150
376 42 0 100
376 42 6 150
376 42 20 99
376 42 29 148
376 42 37 100
376 42 42 150
377 42 0 100
377 42 6 150
377 42 20 99
377 42 29 148
377 42 37 100
377 42 42 150
389 42 0 100
389 42 6 150
389 42 20 99
389 42 29 148
389 42 37 100
389 42 42 150
399 42 0 100
399 42 6 150
399 42 20 99
399 42 29 148
399 42 37 100
399 42 42 150
400 43 3 100
400 43 15 148
400 43 16 100
400 43 21 150
400 43 23 100
400 43 28 150
400 43 34 100
400 43 36 148
400 43 38 99
400 43 40 148
400 43 43 100
400 43 49 150
401 42 0 100
401 42 6 150
401 42 20 99
401 42 29 148
401 42 37 100
401 42 42 150
403 42 0 100
403 42 6 150
403 42 20 99
403 42 29 148
403 42 37 100
403 42 42 150
406 42 0 100
406 42 6 150
406 42 20 99
406 42 29 148
406 42 37 100
406 42 42 150
408 42 0 100
408 42 6 150
408 42 20 99
408 42 29 148
408 42 37 100
408 42 42 150
411 42 0 100
411 42 6 150
411 42 20 99
411 42 29 148
411 42 37 100
411 42 42 150
412 42 0 100
412 42 6 150
412 42 20 99
412 42 29 148
412 42 37 100
412 42 42 150
415 42 0 100
415 42 6 150
415 42 20 99
415 42 29 148
415 42 37 100
415 42 42 150
416 42 0 100
416 42 6 150
416 42 20 99
416 42 29 148
416 42 37 100
416 42 42 150
417 42 0 100
417 42 6 150
417 42 20 99
417 42 29 148
417 42 37 100
417 42 42 150
419 42 0 100
419 42 6 150
419 42 20 99
419 42 29 148
419 42 37 100
419 42 42 150
428 42 0 100
428 42 6 150
428 42 20 99
428 42 29 148
428 42 37 100
428 42 42 150
431 42 0 100
431 42 6 150
431 42 20 99
431 42 29 148
431 42 37 100
431 42 42 150
432 42 0 100
432 42 6 150
432 42 20 99
432 42 29 148
432 42 37 100
432 42 42 150
434 36 0 99
434 36 7 150
434 36 10 100
434 36 24 150
434 36 36 100
434 36 37 150
434 36 40 100
434 36 42 148
434 36 46 100
434 36 48 150
436 42 0 100
436 42 6 150
436 42 20 99
436 42 29 148
436 42 37 100
436 42 42 150
440 43 3 100
440 43 15 148
440 43 16 100
440 43 21 150
440 43 23 100
440 43 28 150
440 43 34 100
440 43 36 148
440 43 38 99
440 43 40 148
440 43 43 100
440 43 49 150
442 42 0 100
442 42 6 150
442 42 20 99
442 42 29 148
442 42 37 100
442 42 42 150
446 42 0 100
446 42 6 150
446 42 20 99
446 42 29 148
446 42 37 100
446 42 42 150
448 42 0 100
448 42 6 150
448 42 20 99
448 42 29 148
448 42 37 100
448 42 42 150
452 42 0 100
452 42 6 150
452 42 20 99
452 42 29 148
452 42 37 100
452 42 42 150
453 42 0 100
453 42 6 150
453 42 20 99
453 42 29 148
453 42 37 100
453 42 42 150
460 42 0 100
460 42 6 150
460 42 20 99
460 42 29 148
460 42 37 100
460 42 42 150
464 42 0 100
464 42 6 150
464 42 20 99
464 42 29 148
464 42 37 100
464 42 42 150
466 42 0 100
466 42 6 150
466 42 20 99
466 42 29 148
466 42 37 100
466 42 42 150
472 42 0 100
472 42 6 150
472 42 20 99
472 42 29 148
472 42 37 100
472 42 42 150
477 42 0 100
477 42 6 150
477 42 20 99
477 42 29 148
477 42 37 100
477 42 42 150
483 42 0 100
483 42 6 150
483 42 20 99
483 42 29 148
483 42 37 100
483 42 42 150
484 42 0 100
484 42 6 150
484 42 20 99
484 42 29 148
484 42 37 100
484 42 42 150
485 42 0 100
485 42 6 150
485 42 20 99
485 42 29 148
485 42 37 100
485 42 42 150
487 43 3 100
487 43 15 148
487 43 16 100
487 43 21 150
487 43 23 100
487 43 28 150
487 43 34 100
487 43 36 148
487 43 38 99
487 43 40 148
487 43 43 100
487 43 49 150
509 42 0 100
509 42 6 150
509 42 20 99
509 42 29 148
509 42 37 100
509 42 42 150
511 42 0 100
511 42 6 150
511 42 20 99
511 42 29 148
511 42 37 100
511 42 42 150
515 42 0 100
515 42 6 150
515 42 20 99
515 42 29 148
515 42 37 100
515 42 42 150
518 42 0 100
518 42 6 150
518 42 20 99
518 42 29 148
518 42 37 100
518 42 42 150
523 42 0 100
523 42 6 150
523 42 20 99
523 42 29 148
523 42 37 100
523 42 42 150
528 42 0 100
528 42 6 150
528 42 20 99
528 42 29 148
528 42 37 100
528 42 42 150
528 43 3 100
528 43 15 148
528 43 16 100
528 43 21 150
528 43 23 100
528 43 28 150
528 43 34 100
528 43 36 148
528 43 38 99
528 43 40 148
528 43 43 100
528 43 49 150
529 42 0 100
529 42 6 150
529 42 20 99
529 42 29 148
529 42 37 100
529 42 42 150
531 42 0 100
531 42 6 150
531 42 20 99
531 42 29 148
531 42 37 100
531 42 42 150
533 42 0 100
533 42 6 150
533 42 20 99
533 42 29 148
533 42 37 100
533 42 42 150
538 42 0 100
538 42 6 150
538 42 20 99
538 42 29 148
538 42 37 100
538 42 42 150
539 42 0 100
539 42 6 150
539 42 20 99
539 42 29 148
539 42 37 100
539 42 42 150
540 36 0 99
540 36 7 150
540 36 10 100
540 36 24 150
540 36 36 100
540 36 37 150
540 36 40 100
540 36 42 148
540 36 46 100
540 36 48 150
541 42 0 100
541 42 6 150
541 42 20 99
541 42 29 148
541 42 37 100
541 42 42 150
542 42 0 100
542 42 6 150
542 42 20 99
542 42 29 148
542 42 37 100
542 42 42 150
543 42 0 100
543 42 6 150
543 42 20 99
543 42 29 148
543 42 37 100
543 42 42 150
544 42 0 100
544 42 6 150
544 42 20 99
544 42 29 148
544 42 37 100
544 42 42 150
550 42 0 100
550 42 6 150
550 42 20 99
550 42 29 148
550 42 37 100
550 42 42 150
551 42 0 100
551 42 6 150
551 42 20 99
551 42 29 148
551 42 37 100
551 42 42 150
555 42 0 100
555 42 6 150
555 42 20 99
555 42 29 148
555 42 37 100
555 42 42 150
556 42 0 100
556 42 6 150
556 42 20 99
556 42 29 148
556 42 37 100
556 42 42 150
564 42 0 100
564 42 6 150
564 42 20 99
564 42 29 148
564 42 37 100
564 42 42 150
565 42 0 100
565 42 6 150
565 42 20 99
565 42 29 148
565 42 37 100
565 42 42 150
568 43 3 100
568 43 15 148
568 43 16 100
568 43 21 150
568 43 23 100
568 43 28 150
568 43 34 100
568 43 36 148
568 43 38 99
568 43 40 148
568 43 43 100
568 43 49 150
580 42 0 100
580 42 6 150
580 42 20 99
580 42 29 148
580 42 37 100
580 42 42 150
582 42 0 100
582 42 6 150
582 42 20 99
582 42 29 148
582 42 37 100
582 42 42 150
583 42 0 100
583 42 6 150
583 42 20 99
583 42 29 148
583 42 37 100
583 42 42 150
586 42 0 100
586 42 6 150
586 42 20 99
586 42 29 148
586 42 37 100
586 42 42 150
588 42 0 100
588 42 6 150
588 42 20 99
588 42 29 148
588 42 37 100
588 42 42 150
589 42 0 100
589 42 6 150
589 42 20 99
589 42 29 148
589 42 37 100
589 42 42 150
590 42 0 100
590 42 6 150
590 42 20 99
590 42 29 148
590 42 37 100
590 42 42 150
594 42 0 100
594 42 6 150
594 42 20 99
594 42 29 148
594 42 37 100
594 42 42 150
596 42 0 100
596 42 6 150
596 42 20 99
596 42 29 148
596 42 37 100
596 42 42 150
596 36 0 99
596 36 7 150
596 36 10 100
596 36 24 150
596 36 36 100
596 36 37 150
596 36 40 100
596 36 42 148
596 36 46 100
596 36 48 150
598 42 0 100
598 42 6 150
598 42 20 99
598 42 29 148
598 42 37 100
598 42 42 150
600 43 3 100
600 43 15 148
600 43 16 100
600 43 21 150
600 43 23 100
600 43 28 150
600 43 34 100
600 43 36 148
600 43 38 99
600 43 40 148
600 43 43 100
600 43 49 150
601 42 0 100
601 42 6 150
601 42 20 99
601 42 29 148
601 42 37 100
601 42 42 150
603 42 0 100
603 42 6 150
603 42 20 99
603 42 29 148
603 42 37 100
603 42 42 150
608 42 0 100
608 42 6 150
608 42 20 99
608 42 29 148
608 42 37 100
608 42 42 150
609 42 0 100
609 42 6 150
609 42 20 99
609 42 29 148
609 42 37 100
609 42 42 150
611 42 0 100
611 42 6 150
611 42 20 99
611 42 29 148
611 42 37 100
611 42 42 150
611 36 0 99
611 36 7 150
611 36 10 100
611 36 24 150
611 36 36 100
611 36 37 150
611 36 40 100
611 36 42 148
611 36 46 100
611 36 48 150
614 42 0 100
614 42 6 150
614 42 20 99
614 42 29 148
614 42 37 100
614 42 42 150
616 42 0 100
616 42 6 150
616 42 20 99
616 42 29 148
616 42 37 100
616 42 42 150
623 42 0 100
623 42 6 150
623 42 20 99
623 42 29 148
623 42 37 100
623 42 42 150
626 42 0 100
626 42 6 150
626 42 20 99
626 42 29 148
626 42 37 100
626 42 42 150
629 42 0 100
629 42 6 150
629 42 20 99
629 42 29 148
629 42 37 100
629 42 42 150
637 42 0 100
637 42 6 150
637 42 20 99
637 42 29 148
637 42 37 100
637 42 42 150
639 42 0 100
639 42 6 150
639 42 20 99
639 42 29 148
639 42 37 100
639 42 42 150
641 36 0 99
641 36 7 150
641 36 10 100
641 36 24 150
641 36 36 100
641 36 37 150
641 36 40 100
641 36 42 148
641 36 46 100
641 36 48 150
642 43 3 100
642 43 15 148
642 43 16 100
642 43 21 150
642 43 23 100
642 43 28 150
642 43 34 100
642 43 36 148
642 43 38 99
642 43 40 148
642 43 43 100
642 43 49 150
642 42 0 100
642 42 6 150
642 42 20 99
642 42 29 148
642 42 37 100
642 42 42 150
643 42 0 100
643 42 6 150
643 42 20 99
643 42 29 148
643 42 37 100
643 42 42 150
649 42 0 100
649 42 6 150
649 42 20 99
649 42 29 148
649 42 37 100
649 42 42 150
656 42 0 100
656 42 6 150
656 42 20 99
656 42 29 148
656 42 37 100
656 42 42 150
657 42 0 100
657 42 6 150
657 42 20 99
657 42 29 148
657 42 37 100
657 42 42 150
658 36 0 99
658 36 7 150
658 36 10 100
658 36 24 150
658 36 36 100
658 36 37 150
658 36 40 100
658 36 42 148
658 36 46 100
658 36 48 150
658 42 0 100
658 42 6 150
658 42 20 99
658 42 29 148
658 42 37 100
658 42 42 150
670 42 0 100
670 42 6 150
670 42 20 99
670 42 29 148
670 42 37 100
670 42 42 150
675 42 0 100
675 42 6 150
675 42 20 99
675 42 29 148
675 42 37 100
675 42 42 150
679 42 0 100
679 42 6 150
679 42 20 99
679 42 29 148
679 42 37 100
679 42 42 150
680 42 0 100
680 42 6 150
680 42 20 99
680 42 29 148
680 42 37 100
680 42 42 150
681 36 0 99
681 36 7 150
681 36 10 100
681 36 24 150
681 36 36 100
681 36 37 150
681 36 40 100
681 36 42 148
681 36 46 100
681 36 48 150
682 42 0 100
682 42 6 150
682 42 20 99
682 42 29 148
682 42 37 100
682 42 42 150
687 42 0 100
687 42 6 150
687 42 20 99
687 42 29 148
687 42 37 100
687 42 42 150
691 43 3 100
691 43 15 148
691 43 16 100
691 43 21 150
691 43 23 100
691 43 28 150
691 43 34 100
691 43 36 148
691 43 38 99
691 43 40 148
691 43 43 100
691 43 49 150
692 45 15 150
692 45 16 99
692 45 21 150
692 45 38 100
692 2 3 100
692 2 7 148
692 2 15 100
692 2 22 150
692 2 30 100
692 2 34 150
692 2 38 99
692 2 41 144
692 13 7 150
692 13 9 100
692 13 15 148
692 13 28 100
692 13 36 150
692 13 39 96
692 13 46 100
692 13 48 150
692 10 1 99
692 10 9 150
692 10 10 100
692 10 20 100
692 10 21 150
692 10 22 100
692 10 23 148
692 10 24 72
692 10 42 100
692 10 49 148
692 22 0 99
692 22 3 150
692 22 7 100
692 22 15 150
692 22 38 150
692 22 47 24
692 27 2 100
692 27 7 148
692 27 9 99
692 27 34 99
692 27 36 150
692 27 37 100
692 27 38 150
692 1 1 99
692 1 16 100
692 1 27 100
692 1 36 99
692 1 47 2
692 40 3 150
692 40 6 100
692 40 20 100
692 40 24 2
692 40 30 150
692 40 38 150
692 40 44 150
692 49 22 150
692 49 27 100
692 49 29 150
692 49 37 100
692 49 49 100
692 33 6 100
692 33 16 100
692 33 29 150
692 0 3 99
692 0 10 150
692 0 16 100
692 0 28 99
692 0 36 100
692 0 37 150
692 0 38 100
692 0 40 148
692 0 43 2
692 28 10 148
692 28 12 100
692 28 15 150
692 28 20 100
692 28 28 100
692 28 37 99
692 28 40 100
692 4 3 100
692 4 6 100
692 4 7 148
692 4 15 99
692 4 22 148
692 4 23 100
692 4 30 150
692 4 34 148
692 4 38 100
692 4 42 150
692 17 0 100
692 17 3 150
692 17 7 150
692 17 23 150
692 17 27 100
692 17 37 148
692 17 40 100
692 17 42 150
692 47 16 99
692 47 20 150
692 47 23 90
692 47 42 100
692 47 49 100
692 38 6 150
692 38 7 99
692 38 9 150
692 38 10 100
692 38 12 126
692 38 20 150
692 38 22 100
692 38 29 100
692 38 36 100
692 38 37 150
692 38 42 100
693 8 0 100
693 8 1 148
693 8 2 100
693 8 9 71
693 8 22 150
693 8 23 12
693 8 40 150
693 8 46 100
693 43 3 100
693 43 15 148
693 43 16 100
693 43 21 150
693 43 28 150
693 43 34 100
693 43 36 148
693 43 38 99
693 43 40 148
693 43 49 150
693 12 20 100
693 12 37 99
693 12 44 150
693 39 0 99
693 39 7 150
693 39 28 150
693 39 29 100
693 39 34 148
693 39 38 150
693 29 0 99
693 29 1 150
693 29 3 100
693 29 15 100
693 29 21 150
693 29 36 150
693 29 37 100
693 16 3 100
693 16 10 150
693 16 29 100
693 16 42 150
693 0 3 99
693 0 10 150
693 0 16 100
693 0 28 99
693 0 36 100
693 0 37 150
693 0 38 100
693 0 40 148
693 0 46 100
693 4 3 100
693 4 6 100
693 4 7 148
693 4 15 99
693 4 22 148
693 4 30 150
693 4 34 148
693 4 38 100
693 4 42 150
693 15 0 100
693 15 3 150
693 15 16 100
693 15 28 100
693 15 42 99
693 15 48 100
693 48 2 100
693 48 29 150
693 48 30 96
693 48 40 150
693 48 42 150
693 48 46 100
693 48 48 150
693 13 7 150
693 13 15 148
693 13 28 100
693 13 36 150
693 13 44 150
693 13 46 100
693 13 48 150
693 33 6 100
693 33 16 63
693 32 36 150
693 32 42 100
693 32 44 150
693 31 30 2
693 31 49 150
693 7 1 100
693 7 15 100
693 7 28 148
693 7 29 100
693 7 34 100
693 7 49 100
693 3 36 148
693 3 37 100
693 3 44 150
693 3 49 100
694 14 1 100
694 14 6 100
694 14 7 150
694 14 34 99
694 14 44 100
694 14 48 99
694 23 0 100
694 23 1 150
694 23 10 150
694 23 22 148
694 23 28 100
694 23 34 150
694 23 40 99
694 23 42 100
694 23 46 100
694 39 0 99
694 39 7 150
694 39 28 150
694 39 29 100
694 39 34 148
694 39 38 150
694 4 3 100
694 4 6 100
694 4 7 148
694 4 15 99
694 4 22 148
694 4 23 12
694 4 38 100
694 4 42 150
694 20 3 100
694 20 6 150
694 20 7 100
694 20 37 148
694 20 40 99
694 20 46 150
694 20 49 100
694 29 0 99
694 29 1 150
694 29 3 100
694 29 15 100
694 29 21 150
694 29 36 150
694 29 37 100
694 22 0 99
694 22 3 150
694 22 7 100
694 22 15 150
694 22 38 150
694 22 49 120
694 0 10 150
694 0 16 28
694 0 36 100
694 0 37 150
694 0 38 100
694 0 40 148
694 0 46 100
694 40 1 100
694 40 3 150
694 40 6 100
694 40 20 100
694 40 28 100
694 40 38 150
694 40 44 150
694 18 7 100
694 18 34 99
694 42 0 100
694 42 6 150
694 42 20 99
694 42 29 148
694 42 37 100
694 42 42 150
694 6 0 99
694 6 2 150
694 6 10 150
694 6 29 100
694 35 2 100
694 35 6 148
694 35 21 100
694 35 46 100
694 35 48 100
694 24 6 100
694 24 10 132
694 24 37 150
694 24 46 150
694 17 0 100
694 17 3 150
694 17 7 150
694 17 37 148
694 17 40 100
694 17 42 150
694 44 7 150
694 44 29 100
694 44 38 150
695 30 2 10
695 30 15 148
695 30 21 150
695 30 28 100
695 30 37 100
695 30 38 150
695 30 40 100
695 30 46 100
695 7 1 24
695 7 28 148
695 7 29 100
695 7 34 100
695 7 49 8
695 40 6 100
695 40 20 100
695 40 24 26
695 40 38 150
695 40 44 150
695 46 0 100
695 46 6 150
695 46 7 100
695 46 21 100
695 46 38 99
695 46 44 150
695 17 0 100
695 17 3 138
695 17 27 16
695 17 40 100
695 17 42 150
695 10 20 100
695 10 21 150
695 10 22 100
695 10 42 100
695 38 6 34
695 38 20 150
695 38 22 100
695 38 29 100
695 38 36 100
695 38 37 150
695 38 42 100
695 19 0 100
695 19 7 100
695 19 21 99
695 20 7 100
695 20 37 148
695 20 40 99
695 20 43 18
695 48 27 2
695 48 38 150
695 48 40 150
695 48 42 150
695 48 46 100
695 48 48 1
695 3 36 148
695 3 37 100
695 3 44 18
695 36 7 150
695 36 36 100
695 36 37 150
695 36 40 100
695 36 42 148
695 36 46 100
695 29 0 99
695 29 3 1
695 29 21 150
695 29 36 150
695 29 37 100
695 43 15 148
695 43 21 150
695 43 28 150
695 43 34 100
695 43 36 148
695 43 38 99
695 43 40 148
696 10 20 100
696 10 21 150
696 10 22 100
696 10 23 12
696 10 49 4
696 15 28 100
696 15 42 99
696 38 7 99
696 38 20 150
696 38 22 20
696 38 36 100
696 38 37 150
696 38 42 100
696 13 7 150
696 13 15 148
696 13 28 100
696 13 36 150
696 13 44 1
696 40 20 100
696 40 28 100
696 40 38 150
696 3 36 148
696 3 37 100
696 3 49 2
696 5 36 150
696 5 37 100
696 5 38 150
696 37 0 100
696 37 15 148
696 37 34 150
696 37 36 100
696 37 40 150
696 28 15 150
696 28 20 100
696 28 28 100
696 28 37 99
696 28 40 100
696 8 0 100
696 8 22 2
696 8 46 100
696 9 7 150
696 9 20 100
696 9 29 150
696 9 38 99
696 9 40 150
696 26 20 100
696 26 28 100
696 26 36 100
696 17 0 100
696 17 7 150
696 17 37 148
696 17 40 100
696 17 42 150
696 22 0 99
696 22 7 100
696 22 15 150
696 22 38 150
696 33 29 150
696 25 0 100
696 25 7 150
696 25 37 150
696 25 38 100
696 25 40 150
697 15 0 100
697 15 16 28
697 15 42 99
697 9 7 150
697 9 10 30
697 9 29 150
697 9 38 99
697 9 40 150
697 40 20 100
697 40 28 100
697 40 38 150
697 18 7 100
697 18 34 99
697 23 0 100
697 23 28 100
697 23 34 150
697 23 40 99
697 23 42 100
697 23 46 100
697 1 36 99
697 3 36 148
697 3 37 100
697 2 7 148
697 2 15 100
697 2 34 150
697 2 38 99
697 38 7 99
697 38 20 150
697 38 29 100
697 38 36 100
697 38 37 150
697 38 42 100
697 28 15 150
697 28 20 100
697 28 28 100
697 28 37 99
697 28 40 100
697 5 28 148
697 5 36 150
697 5 37 100
697 5 38 150
697 20 7 100
697 20 37 148
697 20 40 99
697 20 46 150
697 7 15 100
697 7 28 148
697 7 29 100
697 7 34 100
697 48 29 150
697 48 38 150
697 48 40 150
697 48 42 150
697 48 46 100
697 11 7 148
697 11 37 100
697 11 40 148
698 23 0 100
698 23 28 100
698 23 34 150
698 23 40 99
698 23 42 100
698 23 46 100
698 11 7 148
698 11 37 100
698 11 40 148
698 46 0 100
698 46 7 100
698 46 21 100
698 46 38 99
698 14 7 150
698 14 34 99
698 14 48 48
698 6 2 40
698 6 49 6
698 40 28 100
698 40 38 150
698 45 15 150
698 45 21 150
698 45 38 100
698 29 0 99
698 29 15 100
698 29 21 150
698 29 23 12
698 29 37 100
698 13 7 150
698 13 15 148
698 13 28 100
698 13 36 150
698 13 46 100
698 13 48 2
698 27 34 99
698 27 36 150
698 27 37 100
698 27 38 150
698 3 36 148
698 3 37 100
698 10 20 100
698 10 21 150
698 10 42 100
698 1 36 99
698 20 7 100
698 20 37 148
698 20 40 99
698 20 46 150
698 25 0 100
698 25 7 62
698 25 38 100
698 25 40 150
698 26 20 100
698 26 28 100
698 26 36 100
699 43 15 148
699 43 21 150
699 43 23 12
699 43 36 148
699 43 38 99
699 43 40 148
699 43 49 6
699 6 29 100
699 33 29 150
699 1 36 99
699 47 20 150
699 47 29 150
699 47 42 100
699 8 0 100
699 8 40 150
699 8 46 50
699 41 42 99
699 25 0 100
699 25 37 150
699 25 38 100
699 25 40 150
699 27 34 99
699 27 36 150
699 27 37 100
699 27 38 150
699 20 37 148
699 20 40 99
699 7 15 100
699 7 29 100
699 7 34 100
699 19 0 100
699 19 21 99
699 48 29 150
699 48 38 150
699 48 40 150
699 48 42 150
699 34 15 150
699 34 21 150
699 34 37 99
699 34 40 150
699 49 29 150
699 49 37 100
700 33 29 150
700 16 23 12
700 16 42 150
700 48 29 150
700 48 38 150
700 48 40 150
700 48 42 150
700 30 15 148
700 30 21 150
700 30 28 48
700 30 38 150
700 30 40 100
700 14 34 99
700 20 37 148
700 20 40 99
700 20 49 4
700 45 21 150
700 45 38 100
700 2 15 100
700 2 34 150
700 2 38 99
700 24 34 150
700 24 37 150
700 4 15 99
700 4 34 148
700 4 38 100
700 4 42 150
700 31 40 150
700 31 49 2
700 29 15 100
700 29 21 150
700 29 36 150
700 29 37 100
700 10 20 100
700 10 21 150
700 10 42 100
700 27 34 99
700 27 36 150
700 27 37 100
700 27 38 150
700 44 29 100
700 44 38 150
700 39 0 99
700 39 29 100
700 39 34 148
700 39 38 150
701 41 2 39
701 41 42 99
701 41 49 6
701 30 21 150
701 30 37 100
701 30 38 150
701 30 40 100
701 27 34 99
701 27 36 150
701 27 37 100
701 27 38 150
701 27 39 15
701 5 37 100
701 5 38 150
701 43 15 148
701 43 21 150
701 43 34 100
701 43 36 148
701 43 38 99
701 43 40 84
701 11 37 100
701 28 15 150
701 28 20 100
701 28 37 99
701 28 40 3
701 7 29 100
701 7 34 100
701 2 15 100
701 2 34 150
701 2 38 39
701 48 42 150
701 47 20 150
701 47 29 150
701 47 42 100
701 39 0 99
701 39 29 100
701 39 34 148
701 0 36 100
701 0 37 150
701 49 29 150
701 49 37 100
702 25 0 100
702 25 7 40
702 25 40 18
702 32 42 100
702 2 15 100
702 2 22 33
702 10 20 100
702 10 21 150
702 10 42 100
702 35 21 100
702 6 0 99
702 6 29 100
702 14 34 99
702 27 34 99
702 27 36 150
702 27 37 100
702 17 0 100
702 17 37 148
702 17 42 150
702 33 29 150
702 43 15 148
702 43 21 150
702 43 34 100
702 43 36 148
702 43 43 18
702 23 34 150
702 23 42 100
702 28 15 150
702 28 20 100
702 28 37 99
702 44 29 100
702 37 0 100
702 37 15 148
702 37 34 150
702 37 36 100
703 1 36 99
703 33 29 150
703 4 7 40
703 4 34 112
703 34 10 30
703 34 21 150
703 34 37 99
703 34 40 18
703 36 36 100
703 36 37 150
703 36 42 148
703 19 0 100
703 19 21 99
703 8 0 100
703 8 39 1
703 47 29 150
703 47 42 100
703 20 37 148
703 22 0 99
703 22 15 150
703 32 36 150
703 32 42 100
703 44 29 100
703 39 0 99
703 39 29 100
703 15 0 100
703 15 42 99
703 29 0 99
703 29 15 100
703 29 21 150
703 29 36 150
703 29 37 100
704 20 3 36
704 20 40 18
704 5 37 100
704 37 0 100
704 37 15 148
704 37 34 19
704 39 0 99
704 39 29 100
704 29 0 99
704 29 15 100
704 29 21 150
704 29 36 150
704 29 37 100
704 2 15 100
704 48 27 2
704 48 42 150
704 41 22 1
704 41 42 99
704 41 49 2
704 6 29 100
704 9 20 100
704 9 29 150
704 47 20 150
704 47 29 150
704 47 42 100
704 30 15 148
704 30 21 129
704 11 37 100
705 5 36 150
705 5 37 100
705 9 20 100
705 9 23 12
705 9 40 18
705 26 36 100
705 2 15 100
705 45 15 150
705 45 21 2
705 41 36 100
705 41 42 99
705 10 20 100
705 10 42 100
705 20 37 148
705 49 29 150
705 49 37 100
705 1 36 99
705 16 29 100
705 16 42 150
705 28 15 150
705 28 20 100
705 28 37 99
705 39 0 99
705 39 29 100
706 2 7 40
706 8 0 100
706 8 23 12
706 0 37 150
706 4 15 99
706 4 42 150
706 19 0 100
706 31 49 6
706 27 37 100
706 33 29 150
706 12 20 100
706 12 37 99
706 43 15 148
706 43 36 148
706 49 29 150
706 49 37 100
706 42 0 100
706 42 20 99
706 42 29 148
706 42 37 100
706 42 42 150
706 17 0 100
706 17 37 148
706 17 42 150
706 46 0 100
706 39 0 99
706 39 29 100
707 2 15 100
707 2 30 18
707 12 24 24
707 37 0 100
707 37 15 148
707 37 36 100
707 41 36 100
707 41 42 99
707 44 29 100
707 9 20 100
707 9 24 1
707 32 32 4
707 32 42 100
707 13 15 148
707 13 36 150
707 13 48 50
707 7 29 100
707 27 36 150
707 27 37 100
707 22 0 99
707 22 15 150
707 36 0 99
707 36 36 100
707 36 37 150
707 36 42 12
707 0 37 150
707 45 15 150
707 17 0 100
707 17 37 148
707 17 42 3
708 32 42 100
708 44 29 100
708 1 36 99
708 19 0 100
708 19 30 1
708 10 23 12
708 39 0 99
708 39 29 100
708 39 38 1
708 28 15 150
708 28 20 100
708 28 37 99
708 28 40 18
708 30 37 100
708 33 29 150
708 4 15 99
708 4 42 124
708 34 37 99
708 0 36 100
708 0 37 150
708 26 20 100
708 26 36 100
708 3 36 148
708 3 37 100
709 27 7 40
709 27 37 100
709 38 20 150
709 38 23 12
709 38 36 100
709 38 37 150
709 41 27 18
709 41 49 6
709 40 20 100
709 9 20 100
709 9 29 150
709 9 40 18
709 26 36 100
709 39 0 99
709 39 29 100
709 30 15 8
709 46 0 100
709 24 37 150
709 37 0 100
709 37 36 100
709 36 0 99
709 36 36 100
709 36 37 150
709 47 20 150
709 47 29 150
709 23 0 100
710 10 10 30
710 39 0 99
710 39 7 40
710 39 34 16
710 29 36 150
710 29 37 100
710 1 36 99
710 28 20 100
710 28 37 99
710 28 40 18
710 47 29 150
710 19 0 100
710 3 36 148
710 3 37 100
710 7 29 100
710 44 29 100
710 15 0 100
710 15 48 2
710 26 36 100
710 9 20 100
710 9 29 150
711 9 7 39
711 9 23 12
711 9 38 27
711 30 37 100
711 30 38 1
711 3 37 100
711 20 37 148
711 11 37 100
711 26 20 100
711 26 36 100
711 27 36 150
711 27 37 100
711 42 0 100
711 42 20 99
711 42 29 148
711 42 37 100
711 13 36 150
711 43 36 148
711 49 29 150
711 49 37 100
711 34 37 99
712 13 28 48
712 13 39 15
712 39 7 1
712 39 34 16
712 38 29 100
712 38 36 100
712 38 37 150
712 38 42 100
712 1 36 36
712 9 29 150
712 9 40 18
712 19 0 100
712 25 0 100
712 25 37 150
712 18 39 1
712 32 36 2
712 40 20 100
712 5 37 100
712 16 29 100
712 16 42 124
713 19 0 100
713 1 16 28
713 25 10 28
713 40 24 24
713 22 15 1
713 8 23 12
713 9 24 1
713 10 20 100
713 6 0 99
713 6 29 100
714 27 7 40
714 17 40 2
714 6 0 99
714 6 29 100
714 6 49 6
714 7 29 100
714 25 0 100
714 33 29 150
714 8 0 100
714 49 29 150
715 5 37 92
715 25 10 28
715 49 37 1
715 6 10 2
715 31 24 24
715 9 20 100
715 9 24 1
715 8 0 100
715 39 0 99
715 39 29 100
715 45 21 2
716 15 0 100
716 15 42 99
716 38 20 150
716 38 29 100
716 38 42 100
716 10 20 100
716 10 21 30
716 33 29 150
716 29 0 99
716 29 21 2
716 13 46 100
716 36 0 99
716 36 40 2
716 9 20 100
716 9 29 150
716 22 0 99
717 18 34 18
717 28 40 18
717 0 46 100
717 8 0 100
717 8 46 100
717 33 29 150
717 13 46 100
717 22 0 99
717 22 49 4
718 28 28 48
718 29 3 36
718 22 0 99
718 43 16 28
718 47 29 150
718 47 42 1
718 16 29 100
718 25 0 100
718 36 0 99
718 36 24 1
719 37 34 16
719 36 37 3
719 36 48 2
719 42 20 99
719 42 29 148
719 42 42 150
719 12 20 100
719 16 29 100
719 16 42 26
719 22 49 4
719 6 0 99
719 6 29 100
719 41 49 2
720 40 3 36
720 40 24 24
720 6 29 100
720 6 49 6
720 8 23 12
720 17 37 92
720 9 24 1
720 16 29 100
720 38 20 150
720 38 29 100
720 38 37 3
720 39 29 100
720 36 0 99
720 25 0 100
720 37 0 100
721 36 0 99
721 36 37 95
721 44 29 100
721 33 29 150
721 7 23 12
721 7 34 16
721 29 21 32
721 17 0 100
721 17 42 24
721 38 29 100
721 27 34 3
721 48 29 150
721 48 42 2
721 46 0 100
722 22 0 99
722 22 7 40
722 17 27 16
722 6 29 100
722 39 0 99
722 39 29 100
722 39 34 16
722 47 29 150
722 47 49 2
722 40 20 100
722 10 20 100
723 27 34 15
723 36 24 25
723 22 49 4
723 17 0 100
723 42 0 100
723 42 20 99
723 42 29 148
723 49 27 2
723 49 49 2
723 12 20 100
723 33 29 150
723 28 20 100
723 6 0 99
723 6 29 100
723 16 29 100
724 15 0 100
724 15 23 12
724 10 49 4
724 28 37 93
724 25 7 40
724 37 34 1
724 38 20 150
724 38 29 100
724 31 49 2
724 40 20 100
725 19 0 100
725 19 30 19
725 33 16 28
725 28 20 100
725 28 28 48
725 36 42 148
725 42 0 100
725 42 20 99
725 42 29 148
725 42 42 76
725 47 20 150
725 47 29 150
725 37 0 100
725 25 0 100
726 2 3 36
726 49 37 95
726 47 29 150
726 45 21 32
726 11 40 16
726 19 0 100
726 39 0 99
726 39 29 100
726 23 0 100
726 10 20 100
726 17 0 100
726 17 40 2
726 12 20 100
727 49 29 150
727 49 37 95
727 28 40 18
727 40 24 24
727 16 29 100
727 22 0 99
727 44 29 100
727 15 0 100
727 39 0 99
727 39 29 100
728 22 0 99
728 22 49 4
728 48 40 2
728 8 23 12
728 38 29 100
728 16 29 100
728 9 20 100
728 9 24 2
728 5 28 48
728 25 0 100
728 44 29 100
729 7 29 100
729 7 34 16
729 17 7 40
729 23 10 30
729 49 43 16
729 42 20 99
729 42 29 148
729 31 43 2
729 22 0 99
729 32 36 78
729 8 16 28
729 9 29 150
729 44 29 100
729 36 0 99
729 36 48 2
730 40 20 100
730 40 38 28
730 48 40 18
730 20 37 92
730 38 29 100
730 38 37 3
730 47 20 150
730 47 29 150
730 28 20 100
731 15 0 100
731 15 48 50
731 18 34 15
731 34 37 3
731 39 29 100
731 8 0 100
731 40 20 100
731 40 24 2
732 20 7 40
732 38 29 100
732 46 0 100
732 46 38 27
732 40 38 1
732 47 20 150
732 47 29 150
732 47 49 2
732 19 0 100
732 17 0 100
732 8 0 100
732 16 29 100
732 48 29 150
732 39 0 99
732 39 29 100
732 39 34 16
733 24 16 28
733 39 7 40
733 26 20 100
733 10 20 100
733 10 21 30
733 17 40 18
733 25 0 100
733 34 21 2
733 43 16 1
734 42 20 99
734 42 29 148
734 5 36 78
734 37 34 1
734 9 20 100
734 9 29 150
734 9 49 2
734 12 20 100
734 15 0 100
735 2 3 36
735 17 23 12
735 15 16 28
735 9 29 150
735 37 0 100
735 35 32 4
735 48 38 1
735 6 0 99
735 6 29 100
735 12 20 100
735 26 20 100
735 33 29 150
736 22 0 99
736 22 3 36
736 12 24 24
736 37 16 28
736 28 43 2
736 25 0 100
737 46 0 100
737 15 0 100
737 37 0 100
737 37 36 78
737 6 0 99
737 6 2 40
737 6 49 6
737 33 29 150
737 43 49 2
737 19 30 1
737 7 29 100
737 47 20 150
737 47 29 150
738 3 37 94
738 49 37 1
738 36 0 99
738 36 24 51
738 8 0 100
738 46 0 100
738 46 21 32
738 40 20 100
739 27 7 40
739 43 3 36
739 17 40 2
739 49 37 3
739 7 29 100
739 15 0 100
739 40 20 100
739 29 0 99
739 26 20 100
739 46 0 100
739 46 10 2
739 42 20 99
739 42 29 148
740 3 49 6
740 28 40 18
740 22 7 40
740 9 23 12
740 26 20 100
740 37 0 100
740 37 34 20
740 39 29 100
740 40 20 100
740 44 27 16
740 17 0 100
740 8 0 100
740 33 29 150
740 19 0 100
741 12 20 100
741 12 37 93
741 35 48 48
741 28 40 2
741 17 0 100
741 38 20 150
741 38 22 32
741 24 37 2
741 48 27 2
741 48 46 100
741 48 48 2
741 16 29 100
741 8 0 100
741 8 22 2
741 49 29 150
741 20 46 50
742 27 36 78
742 8 0 100
742 8 23 12
742 17 40 2
742 14 48 48
742 42 20 99
742 42 29 148
742 42 42 150
742 32 36 2
742 6 29 100
742 15 0 100
742 15 48 2
742 23 0 100
743 9 7 39
743 9 23 12
743 9 40 18
743 46 7 1
743 40 39 16
743 22 0 99
743 24 37 3
743 39 0 99
743 39 29 100
743 36 0 99
744 17 0 100
744 17 37 92
744 43 34 32
744 39 29 100
744 39 38 1
744 15 42 99
744 42 0 100
744 42 20 99
744 42 29 148
744 42 37 3
744 12 20 100
744 44 29 100
744 40 20 100
744 47 20 150
744 47 29 150
745 7 23 12
745 7 34 16
745 39 29 100
745 39 43 18
745 15 42 99
745 38 10 30
745 38 29 100
745 38 37 3
745 31 40 2
745 6 0 99
745 6 29 100
745 42 0 100
745 42 20 99
745 42 29 148
745 42 42 26
745 27 34 3
746 40 20 100
746 40 24 24
746 20 27 16
746 22 0 99
746 17 0 100
746 36 0 99
746 36 10 30
746 39 29 100
746 44 29 100
746 16 29 100
747 25 0 100
747 25 10 28
747 39 29 100
747 48 2 40
747 9 10 2
747 9 24 1
747 47 20 150
747 47 29 150
747 12 20 100
747 33 29 150
747 37 0 100
747 37 22 33
747 38 20 150
747 38 29 100
747 7 29 100
748 22 0 99
748 22 3 36
748 38 20 150
748 38 29 100
748 3 49 2
748 11 40 16
748 17 0 100
748 17 40 2
748 39 29 100
749 6 0 99
749 6 29 100
749 6 49 6
749 36 0 99
749 36 37 3
749 48 29 150
749 48 42 150
749 2 34 18
749 9 23 12
749 32 42 26
749 39 29 100
749 46 0 100
749 7 29 100
750 9 20 100
750 9 23 12
750 9 40 18
750 1 16 28
750 37 34 1
750 6 0 99
750 6 29 100
750 19 0 100
750 12 20 100
750 38 20 150
750 38 29 100
750 7 29 100
751 31 40 18
751 32 42 100
751 17 0 100
751 17 42 123
751 35 48 48
751 23 42 2
751 33 29 150
751 40 20 100
751 10 20 100
751 29 0 99
751 29 21 2
751 22 0 99
751 25 0 100
752 6 0 99
752 6 2 40
752 21 23 12
752 42 20 99
752 42 29 148
752 46 0 100
752 46 7 40
752 15 48 2
752 26 20 100
752 49 29 150
752 40 20 100
752 40 38 1
752 44 29 100
752 11 40 16
753 35 46 100
753 9 7 39
753 9 29 150
753 9 49 6
753 48 46 100
753 16 29 100
753 28 20 100
753 3 36 76
753 7 34 16
753 44 29 100
753 37 0 100
753 37 36 2
753 38 29 100
753 46 0 100
753 46 7 1
754 29 0 99
754 29 3 36
754 43 40 16
754 37 40 2
754 23 10 30
754 16 29 100
754 42 0 100
754 42 20 99
754 42 29 148
754 38 20 150
754 38 29 100
755 32 9 99
755 32 36 78
755 12 37 93
755 8 9 21
755 25 0 100
755 25 7 40
755 31 43 2
755 23 34 16
755 6 29 100
755 42 0 100
755 42 20 99
755 42 29 148
755 48 29 150
755 19 0 100
755 47 20 150
755 47 29 150
755 36 0 99
755 36 24 1
756 44 16 28
756 49 22 1
756 40 20 100
756 17 0 100
756 17 42 150
756 36 0 99
756 36 42 148
756 4 42 26
756 6 29 100
756 8 0 100
756 33 29 150
757 22 0 99
757 22 7 40
757 36 0 99
757 49 29 150
757 7 29 100
757 7 34 16
757 12 20 100
757 44 29 100
758 27 7 40
758 7 23 12
758 36 0 99
758 36 10 30
758 29 15 100
758 6 0 99
758 6 29 100
758 42 0 100
758 42 20 99
758 42 29 148
758 38 20 150
758 38 29 100
758 37 0 100
758 37 15 80
758 15 39 1
759 13 28 48
759 42 20 99
759 42 29 148
759 43 16 28
759 37 0 100
759 37 40 2
759 17 0 100
759 19 0 100
759 36 0 99
759 36 24 25
759 26 20 100
759 6 0 99
759 6 29 100
760 23 0 100
760 23 40 18
760 6 29 100
760 6 49 6
760 36 0 99
760 36 24 1
760 19 21 30
760 37 0 100
760 40 20 100
760 47 20 150
760 47 29 150
761 25 0 100
761 25 7 40
761 6 29 100
761 29 0 33
761 10 20 100
761 2 34 2
761 47 20 150
761 47 29 150
761 33 29 150
761 26 20 100
762 44 7 40
762 44 38 28
762 10 49 4
762 43 49 2
763 10 23 12
763 26 20 100
763 16 29 100
763 42 20 99
763 42 29 148
764 47 20 150
764 47 23 12
764 47 49 6
765 15 23 12
765 9 24 25
765 9 40 18
765 47 29 150
765 29 36 78
765 28 37 3
765 42 29 148
765 40 20 100
765 38 20 150
765 38 29 100
766 39 28 48
766 39 34 32
766 42 29 148
766 6 29 100
766 28 20 100
766 16 29 100
767 39 29 100
767 39 34 36
767 10 42 100
767 34 37 93
767 23 42 100
767 44 29 100
767 1 36 78
768 12 20 100
768 9 7 39
768 9 24 1
768 9 40 18
768 39 34 16
768 16 29 100
768 48 29 150
768 48 42 1
769 21 23 12
769 12 37 93
769 3 37 2
769 9 20 100
769 9 29 150
770 38 7 39
770 38 23 12
770 27 39 15
770 0 40 16
770 16 29 100
770 35 21 32
770 49 49 6
770 37 40 2
771 31 40 18
771 16 23 12
771 16 42 150
771 40 20 100
771 19 21 30
771 41 42 72
771 9 29 150
772 5 36 78
772 42 29 148
772 42 42 2
772 28 40 18
772 1 27 16
772 10 20 100
772 10 49 4
772 48 27 2
772 48 48 50
772 38 29 100
773 26 20 100
773 26 36 78
773 7 29 100
773 7 34 16
773 10 42 100
773 48 29 150
773 48 42 74
773 49 29 150
773 49 37 3
773 42 29 148
774 43 3 36
774 34 37 93
774 7 29 100
774 40 20 100
774 9 20 100
774 9 29 150
774 37 34 1
775 10 10 30
775 6 29 100
775 29 15 100
775 29 37 92
775 2 34 16
775 45 15 80
775 47 20 150
775 47 29 150
775 14 48 48
776 29 37 96
776 32 42 100
776 0 28 48
776 12 20 100
776 10 20 100
776 10 42 100
776 10 49 4
776 40 20 100
776 48 29 150
776 48 40 2
776 47 29 150
776 47 49 2
777 15 0 100
777 15 3 36
777 12 20 100
777 12 24 24
777 10 49 4
777 31 49 2
777 22 0 99
777 36 0 99
777 36 24 1
778 48 40 18
778 37 0 100
778 37 3 36
778 10 21 30
778 10 49 4
778 9 29 150
778 9 49 2
778 40 20 100
778 45 21 2
778 47 29 150
778 47 42 74
778 12 20 100
778 44 29 100
779 40 20 100
779 37 0 100
779 37 22 33
779 13 7 40
779 41 22 1
779 47 29 150
779 38 20 150
779 38 29 100
779 33 29 150
779 8 0 100
780 8 0 100
780 8 23 12
780 36 10 30
780 26 28 48
780 9 20 100
780 9 29 150
780 19 0 100
780 12 20 100
780 38 20 150
780 38 29 100
780 15 0 100
780 46 0 100
780 39 0 99
780 39 29 100
781 25 0 100
781 25 7 40
781 42 20 99
781 42 29 148
781 42 37 1
781 47 20 150
781 47 29 150
781 47 49 2
781 18 34 18
781 6 29 100
781 4 22 32
781 7 29 100
781 9 20 100
781 9 29 150
782 0 10 30
782 42 0 100
782 42 20 99
782 42 29 148
782 37 0 100
782 37 34 17
782 49 22 2
782 7 29 100
782 44 29 100
782 26 20 100
782 40 20 100
782 40 24 24
783 29 1 150
783 47 20 150
783 47 29 150
783 47 49 6
783 0 40 16
783 44 29 100
783 23 0 100
783 23 1 150
783 23 34 16
783 40 20 100
783 8 0 100
783 8 1 8
783 36 0 99
783 36 24 1
784 39 29 100
784 39 38 28
784 48 24 24
784 48 40 2
784 40 20 100
784 16 29 100
784 44 29 100
784 9 20 100
784 9 24 1
785 17 0 100
785 17 3 36
785 13 36 78
785 8 2 40
785 47 20 150
785 47 29 150
785 47 42 100
785 40 20 100
785 6 0 99
785 6 10 30
785 10 20 100
785 10 42 74
785 27 34 15
785 19 0 100
785 39 0 99
785 39 29 100
786 19 0 100
786 19 7 40
786 12 37 93
786 37 34 17
786 39 29 100
786 6 0 99
786 6 10 2
786 40 20 100
786 10 20 100
786 46 0 100
786 8 0 100
787 39 0 99
787 39 29 100
787 3 36 76
787 8 22 34
787 21 24 24
787 16 10 2
787 9 20 100
787 9 24 1
788 47 16 27
788 47 29 150
788 47 49 6
788 46 7 40
788 36 36 80
788 42 20 99
788 42 29 148
788 7 29 100
789 35 30 1
789 49 37 95
789 44 29 100
789 44 38 28
789 6 29 100
789 8 0 100
789 8 40 18
789 47 29 150
789 19 0 100
789 25 0 100
789 38 20 150
789 38 29 100
789 36 0 99
789 36 24 1
790 43 21 30
790 40 30 18
790 25 0 100
790 49 29 150
790 16 29 100
790 28 20 100
790 28 40 2
790 47 20 150
790 47 29 150
790 45 21 2
791 29 0 99
791 29 21 32
791 36 10 30
791 10 22 32
791 47 20 150
791 47 29 150
791 37 0 100
791 6 0 99
791 6 29 100
791 39 0 99
791 39 29 100
791 39 43 2
791 9 20 100
791 9 29 150
792 29 0 99
792 29 36 78
792 9 29 150
792 9 40 18
792 15 0 100
792 15 42 99
792 15 48 50
792 8 0 100
792 8 22 2
792 48 42 150
792 23 0 100
792 23 34 16
792 36 0 99
792 6 0 99
792 6 29 100
792 25 0 100
793 17 0 100
793 17 7 40
793 37 16 28
793 6 10 30
793 40 20 100
793 10 20 100
793 48 29 150
793 48 48 50
793 42 20 99
793 42 29 148
793 15 0 100
793 44 29 100
794 18 7 40
794 12 44 28
794 13 48 2
794 48 29 150
794 7 29 100
794 24 16 28
794 10 20 100
795 31 40 18
795 37 3 36
795 37 34 17
795 45 15 132
795 48 42 150
795 17 0 100
795 17 37 92
795 29 0 99
795 12 20 100
795 12 37 3
795 23 0 100
795 23 42 24
795 39 0 99
795 39 29 100
795 49 29 150
796 2 7 40
796 17 23 12
796 3 37 2
796 49 37 1
796 26 20 100
796 33 29 150
796 46 0 100
797 36 0 99
797 36 7 39
797 47 16 27
797 47 29 150
797 47 49 6
797 38 29 100
797 7 29 100
797 15 0 100
797 15 16 1
797 33 29 150
797 46 0 100
797 46 7 1
798 18 7 40
798 48 40 18
798 40 20 100
798 49 29 150
798 49 49 6
798 9 29 150
798 19 0 100
798 47 20 150
798 47 29 150
798 28 20 100
799 21 23 12
799 47 29 150
799 47 32 4
799 47 49 6
799 23 42 100
799 48 27 18
799 48 42 124
799 33 29 150
799 1 36 78
799 9 29 150
799 10 20 100
799 19 0 100
799 7 29 100
800 20 7 40
800 23 10 30
800 37 34 1
800 44 39 16
800 0 37 3
800 47 20 150
800 47 29 150
800 7 29 100
800 15 0 100
800 29 0 15
801 47 23 12
801 47 49 6
801 11 40 16
801 44 29 100
801 44 38 28
801 9 29 150
801 9 40 2
801 39 29 100
801 8 0 1
802 35 46 100
802 35 48 48
802 39 34 16
802 28 37 93
802 23 46 100
802 37 36 78
802 9 20 100
802 9 29 150
802 13 46 100
802 13 48 2
802 49 29 150
802 49 37 2
803 26 49 4
803 48 40 2
803 48 48 50
803 33 29 150
803 47 20 150
803 47 29 150
803 47 49 2
804 6 10 30
804 48 29 150
804 48 40 18
804 42 29 148
804 40 20 100
804 20 46 2
804 38 20 150
804 38 29 100
805 18 34 18
805 13 36 78
805 49 37 1
805 10 24 24
805 36 24 1
806 42 29 148
806 8 16 28
806 37 36 78
806 20 7 40
806 38 29 100
806 26 20 100
806 43 49 2
806 9 29 150
807 36 0 99
807 36 36 76
807 36 48 50
807 15 42 99
807 17 0 100
807 17 42 75
807 43 49 6
807 26 20 100
807 26 36 2
807 48 29 150
807 48 42 2
807 8 0 100
808 16 29 100
808 0 28 48
808 22 7 40
808 6 29 100
808 17 0 100
808 17 40 2
808 8 0 100
808 47 20 150
808 47 29 150
808 42 0 100
808 42 20 99
808 42 29 148
809 7 29 100
809 47 20 150
809 47 29 150
809 47 42 100
809 49 22 34
809 49 37 95
809 17 40 18
809 32 42 74
809 25 10 28
809 36 10 2
809 38 20 150
809 38 29 100
809 30 21 30
810 10 20 100
810 10 23 12
810 47 20 150
810 47 29 150
810 47 42 100
810 8 0 100
810 24 37 2
810 23 0 100
810 23 28 48
810 41 42 24
810 19 0 100
811 33 29 150
811 33 39 16
811 26 43 16
811 31 24 24
811 25 37 2
811 29 0 99
811 48 29 150
811 36 0 99
811 36 24 1
811 39 0 99
811 39 29 100
811 42 0 100
811 42 20 99
811 42 29 148
812 28 20 100
812 28 37 93
812 6 29 100
812 6 49 6
812 42 20 99
812 42 29 148
812 42 37 2
812 47 29 150
812 33 29 150
812 8 0 100
812 15 0 100
812 29 0 99
812 44 29 100
812 31 30 18
813 36 0 99
813 36 24 1
813 39 0 99
813 39 29 100
813 39 38 1
813 42 20 99
813 42 29 148
813 42 42 150
813 48 27 18
813 48 42 26
813 17 23 12
813 10 21 30
813 9 29 150
813 22 0 99
813 34 21 2
814 22 49 4
814 47 29 150
814 47 49 2
814 33 29 150
814 25 0 100
814 44 29 100
814 28 20 100
814 28 40 2
815 36 24 1
815 47 20 150
815 47 23 12
815 47 42 100
815 22 0 99
815 22 38 28
815 23 0 100
815 23 42 76
815 8 0 100
815 29 0 99
815 9 20 100
815 9 29 150
815 40 20 100
815 49 29 150
816 4 34 16
816 35 39 16
816 8 40 18
816 37 36 78
816 42 20 99
816 42 29 148
816 42 37 95
816 10 20 100
816 10 42 24
816 16 29 100
816 48 29 150
816 28 20 100
816 26 20 100
817 15 0 1
817 30 37 94
817 32 36 78
817 47 29 150
817 47 49 6
818 23 40 18
818 40 20 100
818 41 27 2
818 9 29 150
818 38 20 150
818 38 29 100
819 11 40 16
819 47 20 150
819 47 29 150
819 47 42 100
819 36 40 2
819 9 29 150
819 5 38 1
820 16 29 100
820 10 20 100
820 26 20 100
820 48 29 150
820 48 42 1
820 12 20 100
821 36 10 30
821 36 48 50
821 40 20 100
821 40 28 48
821 38 20 150
821 38 29 100
821 38 42 76
822 12 20 100
822 12 24 24
822 48 38 28
822 36 10 30
822 38 29 100
822 26 20 100
823 13 48 50
823 15 16 28
823 15 43 18
823 23 42 100
823 36 40 2
823 26 49 4
823 48 42 1
824 4 22 32
824 2 22 3
824 10 42 74
824 9 20 100
824 9 29 150
824 9 49 2
825 33 29 150
825 40 20 100
825 30 37 2
825 12 20 100
826 30 28 48
826 48 40 2
826 26 20 100
826 37 34 1
826 38 29 100
827 20 7 40
827 33 29 150
827 36 24 1
828 28 37 3
828 47 20 150
828 47 29 150
828 47 49 2
828 42 29 148
829 43 23 12
829 38 20 150
829 38 29 100
829 26 20 100
829 47 20 150
829 47 29 150
830 46 10 30
830 9 23 12
830 9 40 18
830 16 42 150
830 25 37 2
830 48 42 150
830 48 48 50
830 26 20 100
830 7 29 100
830 37 34 1
830 6 29 100
830 15 42 24
831 20 23 12
831 12 24 24
831 42 29 148
831 42 37 1
831 38 29 100
831 38 36 76
831 26 20 100
831 26 36 2
832 9 10 30
832 9 23 12
832 9 40 18
832 47 29 150
832 16 29 100
832 7 29 100
832 7 34 16
832 44 29 100
832 13 36 2
833 33 29 150
833 31 40 18
833 42 29 148
833 42 37 95
833 9 29 150
833 49 29 150
833 30 48 48
834 9 29 150
834 9 49 6
834 8 27 18
835 43 23 12
835 24 37 3
835 36 24 25
836 28 40 2
836 48 2 1
836 19 21 30
836 10 20 100
837 12 20 100
837 12 24 24
837 10 22 32
837 8 22 2
837 38 20 150
837 38 29 100
837 36 24 1
838 11 47 24
838 38 10 30
838 38 29 100
838 36 24 1
838 44 29 100
838 32 47 2
838 9 20 100
838 9 29 150
839 10 10 30
839 10 21 30
839 46 21 2
839 42 29 148
839 47 20 150
839 47 29 150
839 40 20 100
839 38 20 150
839 38 29 100
839 48 29 150
839 44 29 100
840 42 20 99
840 42 29 148
840 42 37 95
840 38 29 100
840 41 49 6
840 49 29 150
840 7 29 100
840 36 24 1
841 47 29 150
841 47 49 2
841 44 29 100
841 48 29 150
841 48 40 18
842 47 29 150
842 32 36 78
842 39 29 100
842 33 29 150
842 16 29 100
843 30 37 94
843 42 29 148
843 42 37 1
843 47 29 150
843 47 49 6
843 39 34 16
843 26 20 100
843 26 36 2
843 38 29 100
843 15 48 2
844 47 29 150
844 47 49 6
844 49 37 3
844 33 29 150
844 16 29 100
844 6 29 100
845 34 7 40
845 34 27 18
845 42 29 148
845 48 29 150
845 48 48 100
845 47 29 150
845 44 29 100
845 40 20 100
845 6 29 100
845 22 15 130
846 49 29 150
846 49 37 95
846 40 24 2
846 6 29 100
846 10 20 100
846 38 20 150
846 38 29 100
847 12 20 100
847 12 37 93
847 39 38 1
847 38 23 12
847 38 42 100
847 32 42 100
847 43 40 16
847 0 37 2
847 9 20 100
847 9 29 150
847 9 40 2
848 12 37 3
848 47 29 150
848 47 42 25
848 38 29 100
848 33 29 150
848 48 29 150
848 9 20 100
848 9 29 150
849 12 20 100
849 12 37 93
849 38 20 150
849 38 29 100
849 38 36 76
849 42 20 99
849 42 29 148
849 42 37 2
849 36 40 18
849 16 42 2
850 32 36 80
850 27 7 40
850 38 29 100
850 35 30 1
850 49 29 150
851 3 37 94
851 49 29 150
851 49 37 1
851 28 20 100
851 16 29 100
852 0 10 30
852 6 29 100
852 25 0 100
852 25 7 40
852 12 39 1
852 9 29 150
852 9 40 2
852 15 27 18
852 26 20 100
852 46 0 100
852 10 20 100
852 39 0 99
852 39 29 100
852 37 0 100
853 37 0 100
853 37 16 28
853 9 29 150
853 9 49 6
853 15 42 99
853 36 0 99
853 36 42 148
853 8 0 100
853 6 0 99
853 6 29 100
853 29 0 99
853 49 29 150
853 39 0 99
853 39 29 100
854 42 0 100
854 42 20 99
854 42 29 148
854 42 42 77
854 36 0 99
854 36 10 30
854 17 0 100
854 17 23 12
854 25 0 100
854 26 20 100
854 40 20 100
855 0 16 1
855 39 7 40
855 47 20 150
855 47 23 12
855 47 49 6
855 36 40 2
855 12 20 100
855 49 29 150
855 10 20 100
855 29 0 99
855 44 29 100
855 6 0 99
855 6 29 100
856 38 6 150
856 38 7 39
856 38 23 12
856 11 40 16
856 6 29 100
856 12 20 100
856 26 6 150
856 26 20 100
856 27 34 18
856 10 20 100
856 10 21 30
856 25 7 1
856 47 29 150
856 37 0 100
856 37 16 1
856 33 29 150
856 36 0 99
857 9 20 100
857 9 24 25
857 9 38 27
857 6 29 100
857 23 0 100
857 4 6 54
857 0 37 3
857 38 20 150
857 38 29 100
857 16 29 100
858 22 0 99
858 22 3 36
858 10 21 30
858 12 43 16
858 38 6 150
858 38 20 150
858 38 29 100
858 16 29 100
858 11 40 16
858 36 24 1
858 9 29 150
858 9 49 2
858 28 20 100
858 6 0 99
858 6 29 100
858 35 6 148
859 42 0 100
859 42 6 150
859 42 20 99
859 42 29 148
859 42 37 95
859 26 28 48
859 48 38 1
859 46 21 2
859 6 0 99
859 6 29 100
859 12 20 100
859 40 20 100
859 8 0 100
859 49 29 150
859 22 0 99
859 44 29 100
860 0 3 36
860 29 0 99
860 29 23 12
860 42 0 100
860 42 20 99
860 42 29 148
860 7 29 100
860 33 29 150
860 25 0 100
860 46 0 100
860 28 20 100
861 7 23 12
861 7 49 4
861 12 37 93
861 47 29 150
861 47 49 2
861 14 7 40
861 15 0 100
861 26 20 100
861 10 20 100
861 33 29 150
861 37 0 100
862 6 0 99
862 6 10 30
862 23 0 100
862 23 40 18
862 24 37 97
862 39 0 99
862 39 7 40
862 48 29 150
862 48 39 15
862 29 23 12
862 8 39 1
862 10 20 100
862 42 0 100
862 42 6 150
862 42 20 99
862 42 29 148
862 46 0 24
863 7 23 12
863 45 16 27
863 38 20 150
863 38 29 100
863 38 36 76
863 9 24 25
863 9 40 2
864 38 16 27
864 38 29 100
864 33 16 1
864 31 24 24
864 48 29 150
864 48 48 2
864 16 29 100
865 28 20 100
865 28 37 93
865 38 29 100
865 38 42 100
865 23 42 100
865 16 29 100
865 16 42 124
865 6 29 100
865 40 20 100
865 40 30 2
866 25 30 1
866 6 29 100
866 12 20 100
866 38 20 150
866 38 29 100
866 36 24 1
867 44 29 100
867 48 29 150
867 42 20 99
867 42 29 148
867 40 20 100
868 28 20 100
868 26 20 100
868 6 29 100
868 33 29 150
868 40 20 100
868 48 29 150
869 12 20 100
869 10 20 100
869 26 20 100
869 16 29 100
870 28 20 100
870 40 20 100
870 42 20 99
870 42 29 148
870 44 29 100
870 49 29 150
870 47 20 150
870 47 29 150
870 10 20 100
871 12 20 100
871 7 29 100
871 49 29 150
871 16 29 100
872 39 29 100
872 40 20 100
872 10 20 100
872 26 20 100
872 44 29 100
873 10 20 100
873 16 29 100
873 38 20 150
873 38 29 100
873 33 29 150
873 48 29 150
873 40 20 100
874 7 29 100
874 12 20 100
874 9 20 100
874 9 29 150
874 49 29 150
874 26 20 100
874 16 29 100
874 33 29 150
875 12 20 100
875 47 20 150
875 47 29 150
875 7 29 100
875 10 20 100
875 33 29 150
876 26 20 100
876 6 29 100
876 16 29 100
877 48 29 150
877 12 20 100
877 39 29 100
877 44 29 100
877 38 20 150
877 38 29 100
878 16 29 100
878 38 20 150
878 38 29 100
878 7 29 100
878 47 20 150
878 47 29 150
878 26 20 100
878 9 20 100
878 9 29 150
879 40 20 100
879 26 20 100
879 39 29 100
879 16 29 100
879 38 20 150
879 38 29 100
879 49 29 150
880 10 20 100
880 38 20 150
880 38 29 100
880 49 29 150
880 47 20 150
880 47 29 150
880 40 20 100
881 47 20 150
881 47 29 150
881 6 29 100
881 9 20 100
881 9 29 150
881 42 20 99
881 42 29 148
881 33 29 150
882 6 29 100
882 47 20 150
882 47 29 150
882 49 29 150
882 26 20 100
882 7 29 100
883 39 29 100
883 38 20 150
883 38 29 100
883 7 29 100
883 6 29 100
883 28 20 100
883 33 29 150
883 49 29 150
884 6 29 100
884 12 20 100
884 16 29 100
884 9 20 100
884 9 29 150
884 40 20 100
884 26 20 100
884 39 29 100
884 28 20 100
885 40 20 100
885 28 20 100
885 42 20 99
885 42 29 148
885 6 29 100
885 48 29 150
885 39 29 100
886 6 29 100
886 48 29 150
886 49 29 150
886 44 29 100
886 9 20 100
886 9 29 150
886 39 29 100
887 40 20 100
887 39 29 100
887 44 29 100
887 16 29 100
887 10 20 100
888 6 29 100
888 38 20 150
888 38 29 100
888 48 29 150
888 44 29 100
888 47 20 150
888 47 29 150
888 39 29 100
888 10 20 100
888 33 29 150
889 33 29 150
889 40 20 100
889 49 29 150
889 42 20 99
889 42 29 148
889 39 29 100
890 28 20 100
890 6 29 100
890 42 20 99
890 42 29 148
890 44 29 100
890 39 29 100
891 38 20 150
891 38 29 100
891 33 29 150
891 49 29 150
891 26 20 100
891 28 20 100
891 10 20 100
891 48 29 150
892 44 29 100
892 28 20 100
892 40 20 100
892 6 29 100
892 39 29 100
892 9 20 100
892 9 29 150
892 42 20 99
892 42 29 148
893 44 29 100
893 47 20 150
893 47 29 150
893 48 29 150
893 10 20 100
893 16 29 100
893 7 29 100
894 39 29 100
894 44 29 100
894 38 20 150
894 38 29 100
894 6 29 100
894 16 29 100
895 7 29 100
895 16 29 100
895 39 29 100
895 28 20 100
895 40 20 100
896 9 20 100
896 9 29 150
896 49 29 150
896 47 20 150
896 47 29 150
896 12 20 100
896 48 29 150
896 16 29 100
896 33 29 150
896 6 29 100
897 9 20 100
897 9 29 150
897 40 20 100
897 28 20 100
897 44 29 100
897 33 29 150
898 26 20 100
898 40 20 100
898 49 29 150
898 42 20 99
898 42 29 148
898 9 20 100
898 9 29 150
899 39 29 100
899 26 20 100
899 16 29 100
899 48 29 150
899 38 20 150
899 38 29 100
899 6 29 100
899 42 20 99
899 42 29 148
900 7 29 100
900 28 20 100
900 40 20 100
900 33 29 150
900 16 29 100
901 44 29 100
901 10 20 100
901 33 29 150
901 26 20 100
901 40 20 100
902 16 29 100
902 47 20 150
902 47 29 150
902 26 20 100
902 40 20 100
903 28 20 100
903 44 29 100
903 10 20 100
903 40 20 100
904 16 29 100
904 33 29 150
904 26 20 100
904 7 29 100
904 44 29 100
905 44 29 100
905 7 29 100
906 28 20 100
906 12 20 100
906 49 29 150
906 10 20 100
906 38 20 150
906 38 29 100
907 47 20 150
907 47 29 150
907 7 29 100
907 28 20 100
907 42 20 99
907 42 29 148
908 9 20 100
908 9 29 150
908 12 20 100
908 42 20 99
908 42 29 148
908 38 20 150
908 38 29 100
908 39 29 100
909 33 29 150
909 48 29 150
909 47 20 150
909 47 29 150
909 39 29 100
909 40 20 100
910 39 29 100
910 49 29 150
910 44 29 100
910 42 20 99
910 42 29 148
910 48 29 150
910 12 20 100
911 44 29 100
911 26 20 100
911 39 29 100
911 47 20 150
911 47 29 150
912 26 20 100
912 40 20 100
912 10 20 100
912 44 29 100
912 12 20 100
913 28 20 100
913 10 20 100
913 40 20 100
913 47 20 150
913 47 29 150
913 6 29 100
914 10 20 100
914 28 20 100
914 26 20 100
914 47 20 150
914 47 29 150
914 6 29 100
914 12 20 100
915 38 20 150
915 38 29 100
915 49 29 150
915 39 29 100
915 44 29 100
915 12 20 100
915 42 20 99
915 42 29 148
915 7 29 100
916 6 29 100
916 38 20 150
916 38 29 100
916 47 20 150
916 47 29 150
916 16 29 100
917 40 20 100
917 16 29 100
917 38 20 150
917 38 29 100
917 49 29 150
917 33 29 150
917 39 29 100
917 9 20 100
917 9 29 150
918 7 29 100
918 33 29 150
918 48 29 150
918 40 20 100
919 38 20 150
919 38 29 100
919 7 29 100
919 48 29 150
919 49 29 150
919 40 20 100
919 16 29 100
919 42 20 99
919 42 29 148
920 42 20 99
920 42 29 148
920 40 20 100
920 49 29 150
920 39 29 100
920 7 29 100
920 10 20 100
921 12 20 100
921 33 29 150
921 48 29 150
921 47 20 150
921 47 29 150
921 49 29 150
921 6 29 100
922 49 29 150
922 47 20 150
922 47 29 150
922 12 20 100
922 33 29 150
922 44 29 100
922 38 20 150
922 38 29 100
923 6 29 100
923 12 20 100
923 33 29 150
924 28 20 100
924 6 29 100
924 49 29 150
924 42 20 99
924 42 29 148
924 12 20 100
924 40 20 100
924 10 20 100
924 26 20 100
925 12 20 100
925 49 29 150
925 42 20 99
925 42 29 148
925 39 29 100
925 40 20 100
925 10 20 100
926 28 20 100
926 38 20 150
926 38 29 100
926 6 29 100
926 47 20 150
926 47 29 150
926 12 20 100
926 16 29 100
927 48 29 150
927 6 29 100
927 44 29 100
927 7 29 100
927 49 29 150
927 9 20 100
927 9 29 150
928 39 29 100
928 33 29 150
928 44 29 100
928 38 20 150
928 38 29 100
928 40 20 100
929 9 20 100
929 9 29 150
929 40 20 100
929 6 29 100
929 38 20 150
929 38 29 100
929 16 29 100
929 10 20 100
929 49 29 150
929 42 20 99
929 42 29 148
930 9 20 100
930 9 29 150
930 38 20 150
930 38 29 100
930 12 20 100
930 44 29 100
930 47 20 150
930 47 29 150
930 39 29 100
931 38 20 150
931 38 29 100
931 49 29 150
931 7 29 100
931 39 29 100
931 6 29 100
932 33 29 150
932 10 20 100
932 16 29 100
932 28 20 100
932 47 20 150
932 47 29 150
932 39 29 100
932 7 29 100
932 44 29 100
933 7 29 100
933 12 20 100
933 48 29 150
933 39 29 100
933 40 20 100
934 9 20 100
934 9 29 150
934 7 29 100
934 33 29 150
934 39 29 100
934 49 29 150
934 6 29 100
934 16 29 100
935 12 20 100
935 40 20 100
935 10 20 100
935 38 20 150
935 38 29 100
936 12 20 100
936 48 29 150
936 28 20 100
936 6 29 100
936 38 20 150
936 38 29 100
936 9 20 100
936 9 29 150
936 26 20 100
936 49 29 150
937 44 29 100
937 40 20 100
937 47 20 150
937 47 29 150
937 6 29 100
937 42 20 99
937 42 29 148
937 26 20 100
937 33 29 150
938 9 20 100
938 9 29 150
938 6 29 100
938 42 20 99
938 42 29 148
938 49 29 150
938 28 20 100
939 10 20 100
939 9 20 100
939 9 29 150
939 47 20 150
939 47 29 150
939 49 29 150
940 42 20 99
940 42 29 148
940 48 29 150
940 39 29 100
940 9 20 100
940 9 29 150
940 12 20 100
940 16 29 100
941 40 20 100
941 49 29 150
941 7 29 100
941 10 20 100
941 38 20 150
941 38 29 100
941 47 20 150
941 47 29 150
942 12 20 100
942 10 20 100
942 39 29 100
942 16 29 100
942 6 29 100
942 33 29 150
943 26 20 100
943 12 20 100
943 38 20 150
943 38 29 100
943 39 29 100
943 33 29 150
944 16 29 100
944 40 20 100
944 9 20 100
944 9 29 150
944 49 29 150
944 47 20 150
944 47 29 150
944 28 20 100
945 49 29 150
945 7 29 100
945 44 29 100
945 9 20 100
945 9 29 150
946 9 20 100
946 9 29 150
946 42 20 99
946 42 29 148
946 40 20 100
946 48 29 150
946 38 20 150
946 38 29 100
947 9 20 100
947 9 29 150
947 28 20 100
947 40 20 100
947 44 29 100
947 7 29 100
947 16 29 100
947 10 20 100
948 38 20 150
948 38 29 100
948 10 20 100
948 49 29 150
948 42 20 99
948 42 29 148
948 28 20 100
948 9 20 100
948 9 29 150
949 26 20 100
949 33 29 150
949 28 20 100
949 47 20 150
949 47 29 150
949 7 29 100
949 9 20 100
949 9 29 150
949 42 20 99
949 42 29 148
949 40 20 100
950 42 20 99
950 42 29 148
950 48 29 150
950 40 20 100
950 10 20 100
950 33 29 150
950 49 29 150
950 12 20 100
950 28 20 100
950 44 29 100
950 7 29 100
951 48 29 150
951 28 20 100
951 7 29 100
951 44 29 100
952 44 29 100
952 16 29 100
952 9 20 100
952 9 29 150
953 47 20 150
953 47 29 150
953 12 20 100
953 7 29 100
953 33 29 150
953 38 20 150
953 38 29 100
953 28 20 100
954 16 29 100
954 7 29 100
954 49 29 150
954 28 20 100
954 33 29 150
954 44 29 100
954 38 20 150
954 38 29 100
955 49 29 150
955 39 29 100
955 33 29 150
955 44 29 100
956 6 29 100
956 12 20 100
956 40 20 100
956 47 20 150
956 47 29 150
956 48 29 150
956 26 20 100
956 10 20 100
957 44 29 100
957 16 29 100
957 40 20 100
957 6 29 100
957 49 29 150
957 7 29 100
957 39 29 100
958 6 29 100
958 44 29 100
958 48 29 150
958 39 29 100
958 12 20 100
959 28 20 100
959 26 20 100
959 49 29 150
959 10 20 100
959 6 29 100
959 48 29 150
960 42 20 99
960 42 29 148
960 38 20 150
960 38 29 100
960 16 29 100
960 26 20 100
960 6 29 100
960 12 20 100
961 26 20 100
961 47 20 150
961 47 29 150
961 38 20 150
961 38 29 100
961 33 29 150
961 40 20 100
961 48 29 150
962 7 29 100
962 39 29 100
962 49 29 150
963 12 20 100
963 47 20 150
963 47 29 150
963 6 29 100
963 38 20 150
963 38 29 100
963 9 20 100
963 9 29 150
963 44 29 100
963 42 20 99
963 42 29 148
964 39 29 100
964 38 20 150
964 38 29 100
964 48 29 150
964 28 20 100
964 33 29 150
964 44 29 100
965 39 29 100
965 47 20 150
965 47 29 150
965 33 29 150
965 48 29 150
965 49 29 150
966 42 20 99
966 42 29 148
966 16 29 100
966 47 20 150
966 47 29 150
966 48 29 150
966 49 29 150
966 6 29 100
966 40 20 100
967 28 20 100
967 38 20 150
967 38 29 100
967 10 20 100
967 7 29 100
967 48 29 150
967 9 20 100
967 9 29 150
968 47 20 150
968 47 29 150
968 42 20 99
968 42 29 148
968 33 29 150
968 26 20 100
968 12 20 100
968 6 29 100
969 38 20 150
969 38 29 100
969 26 20 100
969 48 29 150
969 6 29 100
969 12 20 100
969 42 20 99
969 42 29 44
969 47 20 150
970 48 29 2
970 47 20 150
971 12 20 100
971 10 20 100
971 9 20 100
972 38 20 150
972 9 20 100
973 42 20 99
973 28 20 100
974 10 20 100
975 10 20 100
976 40 20 100
976 26 20 100
977 9 20 100
977 12 20 100
977 28 20 100
978 42 20 99
979 12 20 100
979 38 20 150
979 10 20 100
980 9 20 100
980 26 20 100
981 12 20 100
981 47 20 150
982 12 20 100
982 10 20 100
983 26 20 100
983 28 20 100
984 12 20 70
