6 2 41 100
7 43 13 100
7 41 42 100
7 1 37 100
8 37 47 100
9 32 13 100
11 46 24 100
11 46 47 100
12 37 37 99
13 47 4 99
15 20 41 100
16 20 47 100
17 10 42 100
17 43 13 100
18 45 37 100
19 49 24 100
19 10 8 100
19 10 12 99
20 1 11 100
20 46 47 100
21 12 37 100
22 2 41 100
23 8 36 99
24 28 42 100
24 1 37 100
24 37 47 100
26 1 27 150
26 1 42 100
26 32 27 100
27 49 24 100
28 6 4 100
28 46 47 100
30 20 41 100
32 12 37 100
32 48 13 100
33 49 24 100
33 20 47 100
35 30 41 100
35 41 19 100
36 37 37 99
36 46 13 99
37 48 4 100
38 27 24 100
38 4 12 100
39 33 28 99
40 48 13 100
40 46 42 100
40 46 47 100
40 25 8 100
41 49 24 100
42 12 37 100
43 40 42 100
44 20 41 100
44 32 13 100
45 46 47 100
46 43 4 100
47 4 24 100
47 38 11 100
48 48 27 100
48 34 27 100
48 46 27 100
49 20 47 100
50 4 24 100
50 46 13 99
51 22 37 100
52 40 42 100
53 20 47 100
54 34 4 100
56 30 41 100
56 1 42 100
56 33 36 100
57 20 47 100
57 45 37 100
57 48 24 100
58 48 13 100
60 12 37 100
60 4 12 100
61 38 47 150
62 18 8 100
62 43 13 100
62 30 41 100
64 16 13 150
64 39 37 100
65 46 42 100
66 18 8 100
67 2 41 100
68 22 37 100
69 1 11 100
69 1 47 148
71 32 13 100
72 20 41 100
72 1 4 100
73 48 24 100
73 11 42 99
73 46 47 100
74 1 37 100
74 21 28 100
77 11 8 100
77 37 47 100
78 32 13 100
78 30 12 100
78 22 37 100
79 23 42 99
80 20 41 100
82 37 37 99
82 10 42 100
83 46 47 100
83 30 41 100
84 45 4 100
85 27 11 100
88 22 37 100
88 46 13 99
88 46 24 100
88 46 47 100
88 11 8 100
92 49 24 100
92 43 4 100
93 20 41 100
93 20 47 100
93 28 42 100
94 43 13 100
95 4 24 100
96 31 19 100
96 10 36 100
97 14 8 100
97 30 12 100
97 38 11 100
98 49 24 100
99 37 37 99
100 28 42 100
100 1 4 100
100 37 47 100
101 24 24 100
102 43 13 100
104 20 47 100
104 1 24 99
106 48 11 100
107 13 37 148
107 8 24 100
108 48 13 100
109 46 47 100
110 2 41 100
110 46 42 100
111 37 37 99
113 49 24 100
113 30 28 100
113 20 47 100
114 1 37 100
115 6 4 100
115 11 42 99
116 16 12 100
116 33 36 100
117 20 47 100
118 25 24 100
118 43 13 100
120 41 37 150
121 20 41 100
121 4 24 100
121 14 8 100
123 17 13 148
123 20 47 100
125 1 37 100
126 46 42 100
128 11 42 99
128 20 41 100
128 20 47 100
129 46 24 100
129 36 11 100
129 39 37 100
130 8 27 150
130 48 27 100
131 37 37 99
133 40 13 148
134 41 42 100
134 1 4 100
134 1 24 99
134 46 47 100
135 9 27 150
135 24 27 100
135 32 27 100
136 48 13 100
137 49 24 100
137 46 42 100
137 33 36 100
138 18 8 100
139 30 12 100
140 8 24 100
140 20 47 100
140 45 37 100
142 30 41 100
142 46 47 100
143 47 4 99
143 46 42 100
144 7 32 100
144 46 13 99
146 4 24 100
147 43 13 100
147 45 37 100
148 30 41 100
148 20 47 100
149 48 13 100
150 46 24 100
151 22 37 100
153 41 19 100
153 43 13 100
153 23 11 100
154 24 24 100
154 46 47 100
155 2 12 99
156 11 4 100
157 37 37 99
157 32 13 100
158 37 47 100
159 25 24 100
159 46 42 100
160 32 13 100
160 22 37 100
161 21 8 100
162 20 41 100
162 20 47 100
163 4 24 100
164 30 28 100
164 1 11 100
165 33 36 100
165 46 47 100
166 18 13 150
166 12 37 100
169 20 41 100
169 20 47 100
170 34 12 100
170 1 37 100
171 4 24 100
172 43 4 100
172 43 13 100
172 28 42 100
173 37 47 100
174 40 42 100
175 30 41 100
177 39 37 100
177 27 24 100
178 32 13 100
178 37 47 100
180 48 4 100
181 8 24 100
181 37 47 100
183 22 37 100
183 23 11 100
185 4 24 100
185 20 47 100
186 46 13 99
187 37 37 99
187 2 41 100
188 17 12 100
191 25 8 100
191 20 41 100
191 20 47 100
192 48 4 100
192 48 11 100
193 39 37 100
193 41 32 100
193 41 42 100
194 12 24 100
194 46 13 99
196 8 36 99
197 49 24 100
198 24 27 100
198 20 47 100
198 11 27 100
198 34 27 100
199 28 8 100
199 45 37 100
200 4 24 100
201 23 42 99
201 33 28 99
201 20 47 100
202 0 4 100
204 28 42 100
205 43 13 100
206 30 41 100
207 44 4 100
207 48 47 150
208 17 12 100
209 22 37 100
209 10 42 100
209 49 24 100
210 5 11 100
212 16 13 150
212 2 41 100
213 39 37 100
214 37 47 100
214 27 24 100
214 23 42 99
215 36 19 100
215 11 8 100
216 4 32 100
217 37 47 100
217 27 24 100
219 39 37 100
222 20 41 100
223 16 13 150
223 12 24 100
224 12 37 100
224 46 47 100
225 30 12 100
226 11 4 100
227 4 24 100
228 41 36 100
228 37 47 100
229 1 37 100
229 48 13 100
230 20 41 100
233 37 37 99
233 21 28 100
233 38 11 100
234 1 24 99
234 37 47 100
235 1 42 100
235 41 19 100
236 25 8 100
236 13 27 99
236 46 27 100
236 16 27 100
238 21 32 100
238 46 47 100
239 5 27 150
239 6 27 148
239 12 37 100
240 12 24 100
241 34 4 100
241 30 41 100
241 23 11 100
242 46 42 100
242 46 47 100
243 16 12 100
243 32 13 100
244 32 13 100
245 8 24 100
246 28 8 100
246 22 37 100
247 40 42 100
247 20 41 100
247 20 47 100
248 5 13 150
248 5 46 100
250 1 37 100
251 6 4 100
251 4 24 100
252 48 13 100
252 37 47 100
254 4 46 99
254 20 41 100
254 1 37 100
255 3 36 99
256 23 42 99
256 37 47 100
257 39 37 100
259 43 13 100
260 10 12 99
260 23 11 100
261 20 41 100
261 20 47 100
261 37 37 99
262 3 46 100
262 24 24 100
263 46 47 100
265 37 37 99
267 27 24 100
268 30 41 100
268 5 11 100
269 39 37 100
270 48 13 100
270 32 46 99
270 28 42 100
270 37 47 100
273 12 24 100
273 12 37 100
274 48 13 100
274 48 47 150
275 14 8 100
276 46 42 100
276 39 37 100
276 36 46 100
276 2 41 100
277 8 27 150
277 33 28 99
277 24 27 100
277 2 12 99
277 1 24 99
279 41 19 100
279 41 42 100
279 39 37 100
280 47 4 99
281 20 47 100
281 46 13 99
281 46 24 100
282 11 42 99
282 32 46 99
283 12 37 100
284 37 47 100
286 25 24 100
286 27 11 100
286 15 31 100
287 46 42 100
287 45 37 100
289 2 41 100
290 3 36 99
290 3 46 100
290 48 13 100
291 41 42 100
291 20 47 100
291 4 24 100
292 22 37 100
293 46 42 100
294 46 47 100
296 43 4 100
296 43 13 100
296 28 42 100
296 20 41 100
297 32 46 99
298 5 32 100
298 32 13 100
298 46 42 100
299 48 24 100
299 20 47 100
300 1 11 100
300 1 37 100
301 48 13 100
302 25 8 100
302 41 42 100
303 5 46 100
304 20 41 100
304 20 47 100
304 41 42 100
305 8 24 100
306 1 37 100
306 32 13 100
308 1 42 100
309 6 4 100
309 1 47 148
309 23 46 100
310 41 42 100
312 39 37 100
312 2 41 100
313 20 47 100
313 10 42 100
313 24 24 100
314 48 11 100
315 43 13 100
315 5 46 100
316 46 42 100
317 43 4 100
317 3 36 99
318 43 13 100
318 27 24 100
318 39 37 100
318 2 41 100
318 20 47 100
319 30 28 100
320 43 13 100
321 46 42 100
321 41 46 100
322 45 37 100
322 46 13 99
324 24 24 100
324 10 42 100
324 20 47 100
325 1 37 100
325 43 13 100
325 20 41 100
327 32 46 99
327 1 42 100
328 48 24 100
329 43 13 100
329 47 4 99
330 40 42 100
331 38 47 150
332 39 37 100
333 20 41 100
333 46 42 100
333 4 46 99
334 11 8 100
335 46 13 99
335 24 35 100
336 46 24 100
336 46 42 100
336 46 47 100
337 5 11 100
338 12 37 100
339 1 4 100
339 1 42 100
340 3 46 100
340 48 13 100
341 20 41 100
341 20 47 100
341 28 42 100
342 22 37 100
342 25 24 100
344 11 8 100
344 11 42 99
344 48 13 100
344 37 47 100
345 16 27 100
345 48 27 100
345 46 27 100
346 40 42 100
346 31 19 100
346 5 46 100
347 33 36 100
348 49 24 100
348 45 37 100
349 46 13 99
349 46 42 100
349 46 47 100
351 1 24 99
351 1 42 100
352 3 46 100
352 20 41 100
353 32 13 100
353 37 37 99
354 40 42 100
355 20 47 100
355 32 13 100
356 28 42 100
357 9 27 150
357 39 27 100
357 39 37 100
358 46 24 100
358 1 4 100
358 32 46 99
359 32 32 99
359 41 42 100
360 30 41 100
360 14 8 100
361 28 42 100
361 28 47 150
362 1 24 99
364 39 37 100
364 38 11 100
364 48 13 100
364 36 46 100
365 46 42 100
366 30 41 100
367 43 13 100
367 40 42 100
368 37 47 100
368 34 4 100
368 48 24 100
368 30 28 100
369 12 37 100
370 48 13 100
370 36 46 100
370 23 42 99
371 31 8 100
372 28 42 100
373 37 47 100
374 8 24 100
374 46 13 99
375 10 42 100
375 2 41 100
376 43 13 100
376 21 32 100
376 41 46 100
377 10 42 100
377 43 4 100
378 12 24 100
379 48 13 100
379 20 47 100
380 41 32 100
381 4 46 99
381 10 42 100
382 1 37 100
384 43 13 100
384 30 41 100
384 41 36 100
385 1 37 100
385 37 47 100
386 1 11 100
386 1 42 100
387 48 13 100
387 48 24 100
387 36 46 100
388 44 4 100
389 20 39 150
389 20 47 100
390 14 8 100
391 27 24 100
391 28 42 100
391 46 13 99
391 2 41 100
393 10 42 100
393 22 37 100
393 23 46 100
396 48 13 100
396 48 47 150
397 11 42 99
397 24 24 100
398 0 4 100
399 1 37 100
399 20 41 100
399 36 46 100
401 1 42 100
401 46 13 99
402 20 47 100
402 28 8 100
402 48 24 100
403 48 13 100
403 39 37 100
404 23 42 99
405 1 11 100
405 4 46 99
406 1 42 100
407 45 37 100
407 37 47 100
408 20 41 100
408 21 28 100
408 24 24 100
409 46 42 100
410 20 47 100
411 28 42 100
411 36 46 100
411 48 4 100
411 48 13 100
412 37 37 99
413 49 24 100
414 41 42 100
415 32 13 100
415 37 47 100
416 25 24 100
416 23 42 99
417 8 46 100
418 17 13 148
419 41 42 100
419 14 8 100
419 47 4 99
419 20 41 100
421 1 37 100
421 1 42 100
421 20 47 100
422 4 46 99
423 24 24 100
424 39 37 100
424 46 13 99
425 20 47 100
425 11 42 99
427 23 42 99
427 30 41 100
427 43 13 100
428 32 46 99
429 48 11 100
429 48 24 100
429 20 47 100
430 23 42 99
430 1 37 100
432 37 37 99
432 40 42 100
433 25 24 100
433 44 4 100
434 32 27 100
434 32 46 99
434 24 27 100
434 46 27 100
436 37 47 100
436 12 24 100
436 3 36 99
437 45 37 100
438 31 8 100
438 32 13 100
439 48 24 100
440 30 41 100
440 3 46 100
440 48 13 100
441 13 32 99
441 20 47 100
442 31 19 100
443 48 13 100
444 22 37 100
445 49 24 100
445 20 47 100
445 30 28 100
446 41 46 100
448 44 4 100
449 30 41 100
449 46 47 100
450 48 13 100
451 4 24 100
452 31 8 100
452 3 46 100
454 11 4 100
454 5 11 100
454 46 47 100
455 37 37 99
456 24 24 100
456 20 41 100
457 32 27 100
457 24 27 100
457 9 27 150
458 3 46 100
458 39 37 100
460 17 13 148
460 20 47 100
460 24 24 100
462 39 37 100
463 27 32 100
463 5 13 150
463 32 46 99
464 8 24 100
465 13 36 100
465 20 47 100
466 32 13 100
467 1 24 99
467 37 47 100
468 2 41 100
469 41 46 100
469 22 37 100
470 1 4 100
471 20 47 100
471 43 13 100
473 48 13 100
473 48 24 100
473 1 37 100
475 48 11 100
475 36 46 100
475 30 41 100
476 46 47 100
478 32 13 100
478 37 37 99
479 20 47 100
481 2 41 100
481 41 46 100
482 37 37 99
482 18 8 100
482 49 24 100
483 20 47 100
485 36 11 100
486 37 37 99
486 37 47 100
487 4 46 99
487 21 28 100
489 13 32 99
489 32 13 100
489 20 41 100
491 24 24 100
492 37 47 100
492 43 4 100
492 43 13 100
493 41 19 100
493 41 46 100
493 37 37 99
495 46 13 99
496 27 32 100
496 2 41 100
497 46 27 100
497 40 27 99
497 48 27 100
499 8 24 100
499 8 46 100
499 46 47 100
500 44 4 100
501 39 37 100
502 48 24 100
503 37 47 100
504 5 13 150
504 1 37 100
505 23 46 100
505 20 41 100
506 31 8 100
507 46 47 100
508 36 11 100
509 1 24 99
510 23 46 100
512 24 24 100
512 12 37 100
513 30 41 100
514 45 37 100
514 13 36 100
515 48 11 100
515 48 47 150
516 41 46 100
519 22 37 100
520 20 41 100
521 20 47 100
521 37 37 99
521 21 28 100
522 23 46 100
523 30 41 100
523 32 13 100
524 49 24 100
524 45 37 100
525 46 47 100
526 44 4 100
527 5 11 100
528 41 46 100
528 43 13 100
529 20 47 100
529 48 13 100
530 18 8 100
530 4 24 100
531 30 41 100
531 11 4 100
534 1 24 99
534 1 37 100
534 41 46 100
536 40 13 148
536 46 47 100
537 39 37 100
538 25 24 100
538 48 13 100
540 32 46 99
540 38 11 100
541 1 24 99
541 1 37 100
541 46 13 99
541 46 47 100
543 30 41 100
543 46 13 99
543 7 32 100
545 45 37 100
546 4 46 99
546 28 47 150
547 46 13 99
548 49 27 100
548 48 27 100
548 40 27 99
548 2 41 100
549 45 37 100
549 24 24 100
550 46 13 99
552 8 46 100
552 41 19 100
553 46 13 99
553 46 47 100
553 39 37 100
554 41 36 100
554 44 4 100
555 20 41 100
557 45 37 100
557 27 24 100
558 36 46 100
558 20 47 100
558 32 13 100
560 5 11 100
560 28 8 100
562 39 37 100
563 30 13 150
563 30 41 100
564 4 46 99
565 46 47 100
566 32 13 100
566 8 24 100
567 45 37 100
567 2 41 100
568 46 13 99
570 3 46 100
570 46 24 100
570 46 47 100
571 39 37 100
572 32 32 99
574 44 4 100
574 48 11 100
574 48 27 100
574 13 27 99
574 32 27 100
575 43 13 100
576 23 46 100
576 46 47 100
576 20 41 100
577 4 24 100
577 21 28 100
577 37 37 99
578 20 47 100
580 19 36 150
581 15 31 100
582 21 8 100
582 37 44 100
583 11 25 100
584 46 47 100
584 44 22 100
585 23 38 100
585 1 24 99
585 0 34 100
587 32 13 100
587 44 22 100
587 18 31 99
588 15 44 100
589 6 25 100
591 22 17 100
591 22 37 100
591 38 26 100
591 38 44 99
592 3 22 100
592 20 6 100
594 46 47 100
595 30 41 100
595 37 44 100
597 1 24 99
597 11 25 100
598 30 41 100
598 45 31 100
599 46 13 99
599 44 22 100
600 33 28 99
600 5 27 150
601 11 4 100
601 11 8 100
601 7 48 100
601 12 31 99
602 15 17 99
603 26 22 100
603 37 44 100
603 37 47 100
604 30 41 100
605 34 34 99
605 11 25 100
606 26 39 100
606 38 26 100
606 18 39 150
607 36 11 100
607 19 17 100
608 41 14 100
608 41 46 100
608 48 24 100
609 37 47 100
609 44 22 100
609 2 41 100
611 45 6 100
611 41 36 100
612 38 44 99
612 48 13 100
612 34 34 99
613 0 26 100
614 15 44 100
614 37 47 100
615 29 17 99
616 1 24 99
616 35 38 150
617 40 25 150
619 21 8 100
619 44 22 100
619 8 36 99
619 46 47 100
620 22 37 100
620 48 13 100
621 28 48 100
622 26 34 100
622 20 41 100
623 20 47 100
624 3 46 100
624 34 4 100
625 15 17 99
625 2 41 100
626 1 24 99
626 30 28 100
626 45 31 100
627 11 35 100
627 5 44 148
627 44 22 100
628 41 26 99
629 25 17 100
631 23 41 150
632 34 34 99
632 33 6 100
632 33 17 100
632 33 36 100
632 46 47 100
633 32 13 100
633 32 36 148
635 10 8 100
635 10 36 100
635 12 31 99
636 33 36 100
636 26 22 100
636 38 44 99
637 24 6 100
637 24 24 100
638 25 17 100
638 33 36 100
638 8 36 99
638 45 37 100
639 38 26 100
640 6 25 100
640 44 22 100
641 11 38 150
641 32 46 99
642 37 14 100
642 37 47 100
642 11 35 100
643 48 13 100
644 27 6 100
644 12 48 99
644 29 17 99
644 15 44 100
645 37 37 99
646 11 25 100
646 3 22 100
647 39 17 99
647 29 35 100
648 6 48 99
649 26 17 100
649 33 28 99
650 44 22 100
650 38 44 99
650 37 47 100
651 46 24 100
652 37 44 100
652 30 41 100
653 5 46 100
654 32 13 100
654 14 8 100
655 48 38 100
655 42 41 150
656 37 47 100
657 25 17 100
657 19 31 99
657 11 25 100
657 26 22 100
657 20 26 100
658 37 23 100
659 34 34 99
660 20 6 100
661 30 41 100
662 20 47 100
663 28 25 99
663 2 41 100
663 15 6 99
664 12 31 99
664 26 39 100
664 20 39 150
664 23 11 100
664 15 44 100
665 1 24 99
665 5 46 100
666 25 34 100
666 48 13 100
668 48 4 100
668 44 22 100
668 20 39 150
668 3 39 150
669 37 44 100
669 37 47 100
670 30 28 100
671 3 36 99
673 48 25 150
673 37 47 100
674 6 17 99
674 23 46 100
675 1 24 99
676 21 8 100
677 27 6 100
677 2 41 100
677 3 22 100
678 18 35 100
678 18 39 150
678 2 39 100
678 11 14 100
679 12 36 150
679 20 6 100
679 20 47 100
679 48 13 100
681 33 31 100
682 0 26 100
682 37 37 99
682 37 44 100
682 15 25 99
683 12 24 100
683 8 46 100
685 11 4 100
686 14 17 100
686 3 22 100
687 8 44 148
688 6 25 100
688 43 13 100
689 6 48 99
689 46 47 100
690 45 6 100
690 18 39 150
690 34 34 99
690 33 36 100
691 3 22 100
691 12 31 99
692 25 8 100
692 30 28 100
693 34 27 100
693 6 27 148
693 3 36 99
693 8 24 100
694 28 36 150
694 20 26 100
695 11 25 100
696 39 37 100
697 33 6 100
697 28 25 99
698 15 44 100
698 44 22 100
700 48 11 100
701 20 41 100
702 16 17 100
702 36 46 100
702 15 44 100
702 37 47 100
703 49 27 100
703 11 25 100
703 11 27 100
703 46 13 99
704 44 17 100
704 3 36 99
705 15 31 100
706 25 8 100
706 37 47 100
707 26 22 100
707 11 25 100
708 39 6 100
708 27 24 100
709 38 44 99
710 12 31 99
710 26 22 100
711 34 4 100
711 41 26 99
711 20 6 100
711 12 48 99
712 15 39 100
712 18 39 150
712 39 34 99
713 22 17 100
713 2 41 100
714 30 28 100
715 43 13 100
716 49 24 100
717 3 22 100
718 19 31 99
719 18 35 100
719 37 47 100
720 28 25 99
720 28 48 100
722 15 6 99
722 15 44 100
722 2 41 100
722 37 37 99
723 4 46 99
724 45 6 100
725 41 34 99
725 26 22 100
725 6 25 100
725 43 13 100
726 47 23 100
726 48 24 100
727 37 44 100
728 38 26 100
728 18 43 100
729 20 47 100
729 11 8 100
730 0 34 100
730 15 25 99
731 12 31 99
731 3 22 100
732 0 17 100
733 38 44 99
733 45 6 100
733 24 35 100
734 20 41 100
734 9 33 100
735 32 13 100
735 32 46 99
736 39 6 100
736 22 14 100
737 8 36 99
737 15 17 99
737 18 35 100
737 21 28 100
738 27 24 100
739 11 25 100
739 26 22 100
740 28 25 99
740 46 47 100
742 48 11 100
742 22 39 148
742 3 39 150
742 5 44 148
743 2 41 100
743 26 22 100
743 45 31 100
744 47 4 99
745 41 26 99
745 15 25 99
746 48 13 100
747 45 6 100
747 26 22 100
748 28 48 100
748 4 46 99
748 24 35 100
749 26 34 100
749 15 25 99
749 15 44 100
749 20 47 100
751 16 17 100
751 15 31 100
752 21 35 100
752 8 24 100
753 26 22 100
754 37 47 100
756 14 26 100
756 11 25 100
756 1 37 100
758 18 8 100
758 43 13 100
759 2 41 100
759 44 22 100
759 24 24 100
760 12 31 99
760 12 36 150
760 37 44 100
760 33 28 99
763 42 25 148
763 15 48 100
763 20 47 100
764 15 6 99
765 26 22 100
765 38 44 99
766 13 36 100
766 11 35 100
766 2 41 100
768 38 26 100
768 41 34 99
769 24 6 100
769 1 4 100
769 3 22 100
770 48 13 100
770 48 24 100
770 38 44 99
772 44 17 100
772 46 47 100
773 15 17 99
774 8 27 150
774 8 46 100
775 24 6 100
776 21 8 100
776 36 11 100
776 24 24 100
776 15 44 100
777 44 22 100
778 18 31 99
778 25 17 100
779 2 34 100
779 46 13 99
781 37 44 100
782 7 26 99
782 7 48 100
782 26 22 100
782 20 41 100
784 37 47 100
784 11 25 100
784 30 28 100
785 0 17 100
786 30 6 99
786 45 31 100
786 8 24 100
786 6 48 99
787 22 37 100
787 20 41 100
788 4 46 99
788 44 22 100
789 48 13 100
790 33 17 100
791 46 47 100
792 38 8 148
792 20 6 100
792 4 24 100
793 47 4 99
795 11 25 100
796 1 11 100
796 26 22 100
797 13 36 100
797 37 44 100
799 29 23 99
800 12 31 99
800 5 46 100
800 28 42 100
800 15 44 100
801 37 47 100
801 11 25 100
801 38 26 100
802 44 22 100
802 27 6 100
803 1 42 100
803 48 13 100
803 11 35 100
804 12 48 99
804 42 15 100
805 22 39 148
805 27 24 100
805 15 39 100
805 30 41 100
806 33 6 100
806 26 34 100
807 12 36 150
807 29 17 99
807 29 35 100
807 33 28 99
807 18 15 100
808 37 47 100
810 39 17 99
810 26 22 100
810 32 46 99
810 18 15 100
811 15 6 99
811 15 44 100
811 30 41 100
811 29 36 150
812 6 42 150
812 28 8 100
813 29 17 99
813 28 25 99
813 46 47 100
814 23 42 99
814 32 13 100
815 44 22 100
815 8 24 100
816 40 42 100
817 12 48 99
818 26 34 100
818 18 15 100
818 38 26 100
819 18 31 99
819 38 44 99
820 8 24 100
820 23 42 99
821 18 15 100
821 34 34 99
822 26 22 100
822 32 13 100
822 32 46 99
823 24 6 100
823 46 47 100
825 1 37 100
825 1 42 100
825 48 25 150
826 42 15 100
827 40 42 100
827 27 24 100
827 26 17 100
827 46 47 100
828 10 8 100
828 2 39 100
829 19 31 99
829 15 39 100
829 15 44 100
830 28 42 100
830 28 48 100
830 43 13 100
831 27 6 100
832 40 42 100
832 26 22 100
833 33 28 99
833 33 32 148
834 45 15 100
834 11 25 100
834 2 41 100
835 12 14 100
835 49 27 100
835 28 42 100
835 40 27 99
835 44 22 100
836 1 42 100
836 28 25 99
836 38 44 99
837 30 41 100
837 14 26 100
837 45 4 100
838 33 31 100
838 37 47 100
839 1 24 99
839 1 42 100
840 32 46 99
840 49 11 100
840 38 44 99
841 18 15 100
842 11 8 100
842 20 47 100
843 11 42 99
844 20 41 100
844 38 44 99
844 32 13 100
844 28 25 99
845 18 15 100
845 44 22 100
846 20 26 100
847 46 24 100
847 46 42 100
848 39 6 100
848 31 19 100
848 14 15 99
850 40 42 100
850 37 44 100
850 3 22 100
851 46 47 100
852 11 25 100
853 25 8 100
853 30 28 100
853 45 15 100
853 8 36 99
854 34 34 99
855 12 24 100
855 12 31 99
855 11 42 99
855 3 22 100
856 4 46 99
857 33 6 100
857 48 13 100
857 7 26 99
858 14 15 99
858 23 42 99
859 31 19 100
859 37 47 100
859 12 31 99
859 2 41 100
860 10 42 100
860 12 48 99
861 3 22 100
861 37 44 100
861 39 34 99
862 15 6 99
862 14 15 99
862 8 36 99
863 20 41 100
864 25 24 100
865 27 11 100
865 39 37 100
