8 4 11 99
8 4 13 148
8 4 28 100
9 4 11 99
9 4 13 148
9 4 28 100
10 4 11 99
10 4 13 148
10 4 28 100
18 4 11 99
18 4 13 148
18 4 28 100
21 4 11 99
21 4 13 148
21 4 28 100
26 4 11 99
26 4 13 148
26 4 28 100
27 4 11 99
27 4 13 148
27 4 28 100
32 4 11 99
32 4 13 148
32 4 28 100
34 4 11 99
34 4 13 148
34 4 28 100
35 4 11 99
35 4 13 148
35 4 28 100
37 4 11 99
37 4 13 148
37 4 28 100
43 4 11 99
43 4 13 148
43 4 28 100
44 4 11 99
44 4 13 148
44 4 28 100
47 4 11 99
47 4 13 148
47 4 28 100
49 4 11 99
49 4 13 148
49 4 28 100
52 4 11 99
52 4 13 148
52 4 28 100
56 4 11 99
56 4 13 148
56 4 28 100
62 4 11 99
62 4 13 148
62 4 28 100
63 4 11 99
63 4 13 148
63 4 28 100
66 4 11 99
66 4 13 148
66 4 28 100
72 4 11 99
72 4 13 148
72 4 28 100
74 4 11 99
74 4 13 148
74 4 28 100
79 4 11 99
79 4 13 148
79 4 28 100
87 4 11 99
87 4 13 148
87 4 28 100
89 4 11 99
89 4 13 148
89 4 28 100
91 4 11 99
91 4 13 148
91 4 28 100
95 4 11 99
95 4 13 148
95 4 28 100
101 4 11 99
101 4 13 148
101 4 28 100
103 4 11 99
103 4 13 148
103 4 28 100
108 4 11 99
108 4 13 148
108 4 28 100
109 4 11 99
109 4 13 148
109 4 28 100
113 4 11 99
113 4 13 148
113 4 28 100
114 4 11 99
114 4 13 148
114 4 28 100
117 4 11 99
117 4 13 148
117 4 28 100
118 4 11 99
118 4 13 148
118 4 28 100
121 4 11 99
121 4 13 148
121 4 28 100
122 4 11 99
122 4 13 148
122 4 28 100
123 4 11 99
123 4 13 148
123 4 28 100
124 4 11 99
124 4 13 148
124 4 28 100
126 4 11 99
126 4 13 148
126 4 28 100
133 4 11 99
133 4 13 148
133 4 28 100
135 4 11 99
135 4 13 148
135 4 28 100
138 4 11 99
138 4 13 148
138 4 28 100
140 4 11 99
140 4 13 148
140 4 28 100
142 4 11 99
142 4 13 148
142 4 28 100
145 4 11 99
145 4 13 148
145 4 28 100
146 4 11 99
146 4 13 148
146 4 28 100
147 4 11 99
147 4 13 148
147 4 28 100
148 4 11 99
148 4 13 148
148 4 28 100
153 4 11 99
153 4 13 148
153 4 28 100
154 4 11 99
154 4 13 148
154 4 28 100
155 4 11 99
155 4 13 148
155 4 28 100
160 4 11 99
160 4 13 148
160 4 28 100
161 4 11 99
161 4 13 148
161 4 28 100
162 4 11 99
162 4 13 148
162 4 28 100
164 4 11 99
164 4 13 148
164 4 28 100
167 4 11 99
167 4 13 148
167 4 28 100
170 4 11 99
170 4 13 148
170 4 28 100
176 4 11 99
176 4 13 148
176 4 28 100
178 4 11 99
178 4 13 148
178 4 28 100
186 4 11 99
186 4 13 148
186 4 28 100
199 4 11 99
199 4 13 148
199 4 28 100
203 4 11 99
203 4 13 148
203 4 28 100
204 4 11 99
204 4 13 148
204 4 28 100
207 4 11 99
207 4 13 148
207 4 28 100
209 4 11 99
209 4 13 148
209 4 28 100
211 4 11 99
211 4 13 148
211 4 28 100
213 4 11 99
213 4 13 148
213 4 28 100
216 4 11 99
216 4 13 148
216 4 28 100
220 4 11 99
220 4 13 148
220 4 28 100
224 4 11 99
224 4 13 148
224 4 28 100
228 4 11 99
228 4 13 148
228 4 28 100
229 4 11 99
229 4 13 148
229 4 28 100
231 4 11 99
231 4 13 148
231 4 28 100
236 4 11 99
236 4 13 148
236 4 28 100
242 4 11 99
242 4 13 148
242 4 28 100
243 4 11 99
243 4 13 148
243 4 28 100
248 4 11 99
248 4 13 148
248 4 28 100
260 4 11 99
260 4 13 148
260 4 28 100
263 4 11 99
263 4 13 148
263 4 28 100
264 4 11 99
264 4 13 148
264 4 28 100
265 4 11 99
265 4 13 148
265 4 28 100
269 4 11 99
269 4 13 148
269 4 28 100
270 4 11 99
270 4 13 148
270 4 28 100
275 4 11 99
275 4 13 148
275 4 28 100
278 4 11 99
278 4 13 148
278 4 28 100
279 4 11 99
279 4 13 148
279 4 28 100
283 4 11 99
283 4 13 148
283 4 28 100
285 4 11 99
285 4 13 148
285 4 28 100
286 4 11 99
286 4 13 148
286 4 28 100
287 4 11 99
287 4 13 148
287 4 28 100
288 4 11 99
288 4 13 148
288 4 28 100
291 4 11 99
291 4 13 148
291 4 28 100
292 4 11 99
292 4 13 148
292 4 28 100
293 4 11 99
293 4 13 148
293 4 28 100
294 4 11 99
294 4 13 148
294 4 28 100
305 4 11 99
305 4 13 148
305 4 28 100
307 4 11 99
307 4 13 148
307 4 28 100
308 4 11 99
308 4 13 148
308 4 28 100
319 4 11 99
319 4 13 148
319 4 28 100
322 4 11 99
322 4 13 148
322 4 28 100
330 4 11 99
330 4 13 148
330 4 28 100
336 4 11 99
336 4 13 148
336 4 28 100
341 4 11 99
341 4 13 148
341 4 28 100
345 4 11 99
345 4 13 148
345 4 28 100
349 4 11 99
349 4 13 148
349 4 28 100
355 4 11 99
355 4 13 148
355 4 28 100
356 4 11 99
356 4 13 148
356 4 28 100
357 4 11 99
357 4 13 148
357 4 28 100
359 4 11 99
359 4 13 148
359 4 28 100
365 4 11 99
365 4 13 148
365 4 28 100
366 4 11 99
366 4 13 148
366 4 28 100
368 4 11 99
368 4 13 148
368 4 28 100
369 4 11 99
369 4 13 148
369 4 28 100
370 4 11 99
370 4 13 148
370 4 28 100
372 4 11 99
372 4 13 148
372 4 28 100
373 4 11 99
373 4 13 148
373 4 28 100
376 4 11 99
376 4 13 148
376 4 28 100
380 4 11 99
380 4 13 148
380 4 28 100
382 4 11 99
382 4 13 148
382 4 28 100
385 4 11 99
385 4 13 148
385 4 28 100
389 4 11 99
389 4 13 148
389 4 28 100
394 4 11 99
394 4 13 148
394 4 28 100
397 4 11 99
397 4 13 148
397 4 28 100
405 4 11 99
405 4 13 148
405 4 28 100
412 4 11 99
412 4 13 148
412 4 28 100
418 4 11 99
418 4 13 148
418 4 28 100
425 4 11 99
425 4 13 148
425 4 28 100
430 4 11 99
430 4 13 148
430 4 28 100
431 4 11 99
431 4 13 148
431 4 28 100
435 4 11 99
435 4 13 148
435 4 28 100
436 4 11 99
436 4 13 148
436 4 28 100
440 4 11 99
440 4 13 148
440 4 28 100
461 17 28 96
461 17 35 99
461 5 4 99
461 5 24 72
461 5 34 100
461 5 40 100
461 23 11 100
461 23 17 150
461 23 19 99
461 23 34 150
461 23 45 99
461 23 48 64
461 1 37 100
461 1 45 100
461 43 13 148
461 43 19 150
461 43 22 100
461 43 34 44
461 43 43 78
461 33 1 150
461 33 25 75
461 33 37 100
461 33 40 99
461 13 11 150
461 13 17 100
461 13 33 100
461 13 35 100
461 30 11 148
461 30 19 150
461 30 33 99
461 30 37 150
461 30 40 100
461 30 43 2
461 45 4 3
461 45 19 100
461 45 22 69
461 45 40 150
461 45 48 2
461 41 17 100
461 41 40 148
461 46 13 150
461 46 21 12
461 18 37 100
461 18 45 100
461 27 1 100
461 27 33 150
461 27 35 100
461 0 1 100
461 0 11 100
461 0 17 150
461 0 19 100
461 37 11 99
461 37 19 148
461 37 22 1
461 37 45 150
462 49 33 100
462 49 35 150
462 41 1 148
462 41 17 100
462 41 40 148
462 43 13 148
462 43 19 150
462 43 40 100
462 43 45 100
462 27 1 100
462 27 33 150
462 27 35 100
462 9 19 150
462 9 35 100
462 9 40 100
462 47 13 100
462 8 17 99
462 8 35 150
462 38 1 99
462 38 11 148
462 38 17 150
462 38 19 100
462 45 11 99
462 45 19 100
462 45 35 150
462 45 40 150
462 13 11 150
462 13 17 100
462 13 33 100
462 13 35 100
462 2 13 150
462 22 11 100
462 22 33 150
462 23 11 100
462 23 17 150
462 23 19 99
462 23 45 99
462 11 1 150
462 11 35 148
462 35 11 100
462 35 19 150
462 35 33 150
462 35 35 100
462 35 40 99
462 35 45 150
463 29 1 100
463 29 17 100
463 29 19 150
463 29 35 100
463 43 13 148
463 43 19 150
463 43 40 100
463 43 45 100
463 16 11 100
463 16 33 148
463 9 19 150
463 9 35 100
463 9 40 100
463 25 19 99
463 25 33 148
463 25 45 100
463 17 33 150
463 17 35 99
463 4 11 99
463 4 13 148
463 23 11 100
463 23 17 150
463 23 19 99
463 23 45 99
463 37 11 99
463 37 19 148
463 37 35 100
463 37 45 150
463 18 1 99
463 18 37 100
463 18 45 100
463 2 13 150
463 26 1 100
463 26 11 100
463 26 19 99
463 26 45 99
463 31 11 100
463 31 33 100
463 31 40 150
463 11 1 150
463 11 35 148
463 46 13 150
463 45 11 99
463 45 19 100
463 45 35 150
463 45 40 150
464 44 40 150
464 2 13 150
464 14 11 150
464 14 13 99
464 14 33 100
464 14 35 150
464 14 40 150
464 26 1 100
464 26 11 100
464 26 19 99
464 26 45 99
464 21 11 100
464 21 13 150
464 29 1 100
464 29 17 100
464 29 19 150
464 29 35 100
464 47 13 100
464 20 11 100
464 20 13 148
464 20 17 100
464 20 19 148
464 38 1 99
464 38 11 148
464 38 17 150
464 38 19 100
464 30 11 148
464 30 19 150
464 30 33 99
464 30 37 150
464 30 40 100
464 46 13 150
464 27 1 100
464 27 33 150
464 27 35 100
464 19 45 150
464 40 11 99
464 40 13 100
464 40 17 150
464 40 35 150
464 40 45 100
465 13 11 150
465 13 17 100
465 13 33 100
465 13 35 100
465 48 11 100
465 32 11 100
465 32 45 100
465 17 33 150
465 17 35 99
465 18 1 99
465 18 37 100
465 18 45 100
465 38 1 99
465 38 11 148
465 38 17 150
465 38 19 100
465 41 1 148
465 41 17 100
465 41 40 148
465 6 1 100
465 6 17 150
465 6 19 100
465 6 33 150
465 6 35 100
465 6 37 150
465 6 40 100
465 6 45 99
465 31 11 100
465 31 33 100
465 31 40 150
465 44 40 150
465 16 11 100
465 16 33 148
465 28 13 99
465 49 33 100
465 49 35 150
466 29 1 100
466 29 17 100
466 29 19 150
466 29 35 100
466 45 11 99
466 45 19 100
466 45 35 150
466 45 40 150
466 16 11 100
466 16 33 148
466 48 11 100
466 46 13 150
466 17 33 150
466 17 35 99
466 8 17 99
466 8 35 150
466 10 33 148
466 10 35 100
466 10 40 148
466 32 11 100
466 32 45 100
466 31 11 100
466 31 33 100
466 31 40 150
466 22 11 100
466 22 33 150
466 35 11 100
466 35 19 150
466 35 33 150
466 35 35 100
466 35 40 99
466 35 45 150
466 20 11 100
466 20 13 148
466 20 17 100
466 20 19 148
466 37 11 99
466 37 19 148
466 37 35 100
466 37 45 150
466 18 1 99
466 18 37 100
466 18 45 100
467 13 11 150
467 13 17 100
467 13 33 100
467 13 35 100
467 40 11 99
467 40 13 100
467 40 17 150
467 40 35 150
467 40 45 100
467 19 45 150
467 45 11 99
467 45 19 100
467 45 35 150
467 45 40 150
467 17 33 150
467 17 35 99
467 16 11 100
467 16 33 148
467 0 1 100
467 0 11 100
467 0 17 150
467 0 19 100
467 33 1 150
467 33 35 150
467 33 37 100
467 33 40 99
467 14 11 150
467 14 13 99
467 14 33 100
467 14 35 150
467 14 40 150
467 32 11 100
467 32 45 100
467 2 13 150
467 31 11 100
467 31 33 100
467 31 40 150
467 6 1 100
467 6 17 150
467 6 19 100
467 6 33 150
467 6 35 100
467 6 37 150
467 6 40 100
467 6 45 99
467 36 33 148
467 36 40 150
467 25 19 99
467 25 33 148
467 25 45 100
468 35 11 100
468 35 19 150
468 35 33 150
468 35 35 100
468 35 40 99
468 35 45 150
468 4 11 99
468 4 13 148
468 49 33 100
468 49 35 150
468 21 11 100
468 21 13 150
468 25 19 99
468 25 33 148
468 25 45 100
468 40 11 99
468 40 13 100
468 40 17 150
468 40 35 150
468 40 45 100
468 10 33 148
468 10 35 100
468 10 40 148
468 27 1 100
468 27 33 150
468 27 35 100
468 31 11 100
468 31 33 100
468 31 40 150
468 30 11 148
468 30 19 150
468 30 33 99
468 30 37 150
468 30 40 100
468 29 1 100
468 29 17 100
468 29 19 150
468 29 35 100
468 45 11 99
468 45 19 100
468 45 35 150
468 45 40 150
468 7 11 150
468 7 45 100
469 35 11 100
469 35 19 150
469 35 33 150
469 35 35 100
469 35 40 99
469 35 45 150
469 5 33 150
469 5 40 100
469 14 11 150
469 14 13 99
469 14 33 100
469 14 35 150
469 14 40 150
469 11 1 150
469 11 35 148
469 19 45 150
469 43 13 148
469 43 19 150
469 43 40 100
469 43 45 100
469 21 11 100
469 21 13 150
469 29 1 100
469 29 17 100
469 29 19 150
469 29 35 100
469 15 11 100
469 15 19 100
469 45 11 99
469 45 19 100
469 45 35 150
469 45 40 150
469 9 19 150
469 9 35 100
469 9 40 100
469 44 40 150
469 38 1 99
469 38 11 148
469 38 17 150
469 38 19 100
470 27 1 100
470 27 33 150
470 27 35 100
470 28 13 99
470 19 45 150
470 41 1 148
470 41 17 100
470 41 40 148
470 5 33 150
470 5 40 100
470 31 11 100
470 31 33 100
470 31 40 150
470 49 33 100
470 49 35 150
470 25 19 99
470 25 33 148
470 25 45 100
470 0 1 100
470 0 11 100
470 0 17 150
470 0 19 100
470 44 40 150
470 36 33 148
470 36 40 150
470 2 13 150
470 40 11 99
470 40 13 100
470 40 17 150
470 40 35 150
470 40 45 100
470 16 11 100
470 16 33 148
470 13 11 150
470 13 17 100
470 13 33 100
470 13 35 100
471 40 11 99
471 40 13 100
471 40 17 150
471 40 35 150
471 40 45 100
471 19 45 150
471 1 1 148
471 1 37 100
471 1 45 100
471 18 1 99
471 18 37 100
471 18 45 100
471 9 19 150
471 9 35 100
471 9 40 100
471 35 11 100
471 35 19 150
471 35 33 150
471 35 35 100
471 35 40 99
471 35 45 150
471 23 11 100
471 23 17 150
471 23 19 99
471 23 45 99
471 45 11 99
471 45 19 100
471 45 35 150
471 45 40 150
471 4 11 99
471 4 13 148
471 33 1 150
471 33 35 150
471 33 37 100
471 33 40 99
471 43 13 148
471 43 19 150
471 43 40 100
471 43 45 100
471 28 13 99
471 31 11 100
471 31 33 100
471 31 40 150
471 0 1 100
471 0 11 100
471 0 17 150
471 0 19 100
471 10 33 148
471 10 35 100
471 10 40 148
471 8 17 99
471 8 35 150
472 27 1 100
472 27 33 150
472 27 35 100
472 6 1 100
472 6 17 150
472 6 19 100
472 6 33 150
472 6 35 100
472 6 37 150
472 6 40 100
472 6 45 99
472 31 11 100
472 31 33 100
472 31 40 150
472 49 33 100
472 49 35 150
472 38 1 99
472 38 11 148
472 38 17 150
472 38 19 100
472 37 11 99
472 37 19 148
472 37 35 100
472 37 45 150
472 44 40 150
472 48 11 100
472 36 33 148
472 36 40 150
472 33 1 150
472 33 35 150
472 33 37 100
472 33 40 99
472 28 13 99
472 29 1 100
472 29 17 100
472 29 19 150
472 29 35 100
472 8 17 99
472 8 35 150
472 5 33 150
472 5 40 100
472 30 11 148
472 30 19 150
472 30 33 99
472 30 37 150
472 30 40 100
473 5 33 150
473 5 40 100
473 7 11 150
473 7 45 100
473 18 1 99
473 18 37 100
473 18 45 100
473 38 1 99
473 38 11 148
473 38 17 150
473 38 19 100
473 38 43 80
473 21 11 100
473 21 13 150
473 28 13 99
473 36 33 148
473 36 40 150
473 23 11 100
473 23 17 150
473 23 19 99
473 23 45 99
473 26 1 100
473 26 11 100
473 26 19 99
473 26 45 99
473 33 1 150
473 33 35 87
473 33 40 99
473 29 1 100
473 29 17 100
473 29 19 150
473 1 1 148
473 1 37 100
473 1 45 100
473 34 13 150
473 34 40 150
473 41 1 148
473 41 17 100
473 41 40 148
474 33 1 150
474 33 37 100
474 33 40 99
474 31 11 100
474 31 33 100
474 31 40 150
474 43 13 148
474 43 19 150
474 43 40 100
474 43 45 100
474 19 45 150
474 9 19 150
474 9 40 100
474 35 11 100
474 35 19 150
474 35 33 150
474 35 40 99
474 35 45 150
474 0 1 100
474 0 11 100
474 0 17 150
474 0 19 100
474 44 40 150
474 21 11 100
474 21 13 150
474 29 1 100
474 29 17 100
474 29 19 150
474 15 11 100
474 15 19 100
474 11 1 150
474 7 11 150
474 7 45 100
474 41 1 148
474 41 17 100
474 41 40 148
475 33 1 150
475 33 37 100
475 33 40 99
475 28 13 99
475 4 11 99
475 4 13 148
475 14 11 150
475 14 13 99
475 14 33 100
475 14 40 150
475 26 1 100
475 26 11 100
475 26 19 99
475 26 45 99
475 2 13 150
475 5 33 150
475 5 40 100
475 6 1 100
475 6 17 150
475 6 19 100
475 6 33 150
475 6 37 150
475 6 40 100
475 6 45 99
475 19 45 150
475 47 13 100
475 23 11 100
475 23 17 150
475 23 19 99
475 23 45 99
475 22 11 100
475 22 33 150
475 41 1 148
475 41 17 100
475 41 40 148
475 27 1 100
475 27 33 150
475 27 43 80
475 16 33 148
475 29 1 100
475 29 17 100
475 29 19 150
476 40 11 99
476 40 13 100
476 40 17 150
476 40 45 100
476 13 11 150
476 13 17 100
476 13 33 100
476 28 13 99
476 14 11 150
476 14 13 99
476 14 33 100
476 14 40 150
476 49 33 100
476 32 11 100
476 32 45 100
476 33 1 150
476 33 37 100
476 33 40 99
476 29 1 100
476 29 17 100
476 29 19 150
476 9 19 150
476 9 40 100
476 43 13 148
476 43 19 150
476 43 40 100
476 43 45 100
476 26 1 100
476 26 11 100
476 26 19 99
476 26 45 99
476 31 11 100
476 31 33 100
476 31 40 150
476 4 11 99
476 4 13 148
476 23 11 100
476 23 17 150
476 23 19 99
476 23 45 99
476 45 11 99
476 45 19 100
476 45 40 150
476 30 11 148
476 30 19 150
476 30 33 99
476 30 37 150
476 30 40 100
477 45 11 99
477 45 19 100
477 45 40 150
477 9 19 150
477 9 40 100
477 26 1 100
477 26 11 100
477 26 19 99
477 26 45 99
477 18 1 99
477 18 37 100
477 18 45 100
477 7 11 150
477 7 45 100
477 33 1 150
477 33 37 100
477 33 40 99
477 43 13 148
477 43 19 150
477 43 40 100
477 43 45 100
477 22 11 100
477 22 33 150
477 17 33 150
477 37 11 99
477 37 19 148
477 37 45 150
477 48 11 100
477 40 11 99
477 40 13 100
477 40 17 150
477 40 45 100
477 10 33 148
477 10 40 148
478 26 1 100
478 26 11 100
478 26 19 99
478 26 45 99
478 32 11 100
478 32 45 100
478 0 1 100
478 0 11 100
478 0 17 150
478 0 19 100
478 43 13 148
478 43 19 150
478 43 40 100
478 43 45 100
478 37 11 99
478 37 19 148
478 37 45 150
478 28 13 99
478 45 11 99
478 45 19 100
478 45 40 150
478 48 11 100
478 10 33 148
478 10 40 148
478 5 33 150
478 5 40 100
478 47 13 100
478 18 1 99
478 18 37 100
478 18 45 100
478 38 1 99
478 38 11 148
478 38 17 150
478 38 19 100
479 18 1 99
479 18 37 100
479 18 45 100
479 37 11 99
479 37 19 148
479 37 45 150
479 19 45 150
479 2 13 150
479 0 1 100
479 0 11 100
479 0 17 150
479 0 19 100
479 41 1 148
479 41 17 100
479 41 40 148
479 13 11 150
479 13 17 100
479 13 33 100
479 33 1 150
479 33 37 100
479 33 40 99
479 32 11 100
479 32 45 100
479 17 33 150
479 25 19 99
479 25 33 148
479 25 45 100
479 36 33 148
479 36 40 150
479 4 11 99
479 4 13 148
480 26 1 100
480 26 11 100
480 26 19 99
480 26 45 99
480 8 17 99
480 10 33 148
480 10 40 148
480 35 11 100
480 35 19 150
480 35 33 150
480 35 40 99
480 35 45 150
480 41 1 148
480 41 17 100
480 41 40 148
480 49 33 100
480 28 13 99
480 7 11 150
480 7 45 100
480 13 11 150
480 13 17 100
480 13 33 100
480 32 11 100
480 32 45 100
480 34 13 150
480 34 40 150
480 45 11 99
480 45 19 100
480 45 40 150
480 1 1 148
480 1 37 100
480 1 45 100
480 33 1 150
480 33 37 100
480 33 40 99
480 14 11 150
480 14 13 99
480 14 33 100
480 14 40 150
481 7 11 150
481 7 45 100
481 21 11 100
481 21 13 150
481 38 1 99
481 38 11 148
481 38 17 150
481 38 19 100
481 48 11 100
481 34 13 150
481 34 40 150
481 19 45 150
481 36 33 148
481 36 40 150
481 9 19 150
481 9 40 100
481 44 40 150
481 17 33 150
481 45 11 99
481 45 19 100
481 45 40 150
481 14 11 150
481 14 13 99
481 14 33 100
481 14 40 150
481 15 11 100
481 15 19 100
481 0 1 100
481 0 11 100
481 0 17 150
481 0 19 100
482 25 19 99
482 25 33 148
482 25 45 100
482 14 11 150
482 14 13 99
482 14 33 100
482 14 40 150
482 2 13 150
482 19 45 150
482 7 11 150
482 7 45 100
482 15 11 100
482 15 19 100
482 1 1 148
482 1 37 100
482 1 45 100
482 22 11 100
482 22 33 150
482 43 13 148
482 43 19 150
482 43 40 100
482 43 45 100
482 36 33 148
482 36 40 150
482 45 11 99
482 45 19 100
482 45 40 150
482 49 33 100
482 29 1 100
482 29 17 100
482 29 19 150
482 9 19 150
482 9 40 100
482 37 11 99
482 37 19 148
482 37 45 150
483 7 11 150
483 7 45 100
483 23 11 100
483 23 17 150
483 23 19 99
483 23 45 99
483 4 11 99
483 4 13 148
483 16 11 100
483 16 33 148
483 1 1 148
483 1 37 100
483 1 45 100
483 36 33 148
483 36 40 150
483 28 13 99
483 15 11 100
483 15 19 100
483 10 33 148
483 10 40 148
483 8 17 99
483 6 1 100
483 6 17 150
483 6 19 100
483 6 33 150
483 6 37 150
483 6 40 100
483 6 45 99
483 44 40 150
483 49 33 100
483 43 13 148
483 43 19 150
483 43 40 100
483 43 45 100
484 17 33 150
484 47 13 100
484 32 11 100
484 32 45 100
484 20 11 100
484 20 13 148
484 20 17 100
484 20 19 148
484 26 1 100
484 26 11 100
484 26 19 99
484 26 45 99
484 48 11 100
484 13 11 150
484 13 17 100
484 13 33 100
484 37 11 99
484 37 19 148
484 37 45 150
484 43 13 148
484 43 19 150
484 43 40 100
484 43 45 100
484 5 33 150
484 5 40 100
484 21 11 100
484 21 13 150
484 40 11 99
484 40 13 100
484 40 17 150
484 40 45 100
484 19 45 150
484 0 1 100
484 0 11 100
484 0 17 150
484 0 19 100
485 2 13 150
485 37 11 99
485 37 19 148
485 37 45 150
485 7 11 150
485 7 45 100
485 33 1 150
485 33 37 100
485 33 40 99
485 10 33 148
485 10 40 148
485 0 1 100
485 0 11 100
485 0 17 150
485 0 19 100
485 27 1 100
485 27 33 150
485 47 13 100
485 32 11 100
485 32 45 100
485 19 45 150
485 28 13 99
485 17 33 150
485 49 33 100
485 9 19 150
485 9 40 100
485 4 11 99
485 4 13 148
486 36 33 148
486 36 40 150
486 26 1 100
486 26 11 100
486 26 19 99
486 26 45 99
486 1 1 148
486 1 37 100
486 1 45 100
486 5 33 150
486 5 40 100
486 16 11 100
486 16 33 148
486 34 13 150
486 34 40 150
486 21 11 100
486 21 13 150
486 49 33 100
486 37 11 99
486 37 19 148
486 37 45 150
486 19 45 150
486 22 11 100
486 22 33 150
486 8 17 99
486 28 13 99
487 30 11 148
487 30 19 150
487 30 33 99
487 30 37 150
487 30 40 100
487 33 1 150
487 33 37 100
487 33 40 99
487 48 11 100
487 41 1 148
487 41 17 100
487 41 40 148
487 19 45 150
487 10 33 148
487 10 40 148
487 47 13 100
487 1 1 148
487 1 37 100
487 1 45 100
487 8 17 99
487 31 11 100
487 31 33 100
487 31 40 150
487 20 11 100
487 20 13 148
487 20 17 100
487 20 19 148
487 36 33 148
487 36 40 150
488 47 13 100
488 34 13 150
488 34 40 150
488 0 1 100
488 0 11 100
488 0 17 150
488 0 19 100
488 9 19 150
488 9 40 100
488 6 1 100
488 6 17 150
488 6 19 100
488 6 33 150
488 6 37 150
488 6 40 100
488 6 45 99
488 27 1 100
488 27 33 150
488 30 11 148
488 30 19 150
488 30 33 99
488 30 37 150
488 30 40 100
488 18 1 99
488 18 37 100
488 18 45 100
488 23 11 100
488 23 17 150
488 23 19 99
488 23 45 99
488 46 13 150
488 35 11 100
488 35 19 150
488 35 33 150
488 35 40 99
488 35 45 150
488 2 13 150
488 33 1 150
488 33 37 100
488 33 40 99
488 31 11 100
488 31 33 100
488 31 40 150
488 28 13 99
488 26 1 100
488 26 11 100
488 26 19 99
488 26 45 99
489 34 13 150
489 34 40 150
489 7 11 150
489 7 45 100
489 47 13 100
489 25 19 99
489 25 22 34
489 25 45 100
489 4 11 99
489 4 13 148
489 0 1 100
489 0 11 100
489 0 17 150
489 0 19 100
489 31 11 100
489 31 33 100
489 31 40 150
489 17 33 150
489 10 33 148
489 10 40 148
489 41 1 148
489 41 17 100
489 41 40 148
489 19 45 150
489 33 1 150
489 33 37 100
489 33 40 99
489 6 1 100
489 6 17 150
489 6 19 100
489 6 33 150
489 6 37 150
489 6 40 100
489 6 45 99
489 43 13 148
489 43 19 150
489 43 40 100
489 43 45 100
490 25 19 99
490 25 33 148
490 25 45 100
490 41 1 148
490 41 17 100
490 41 40 148
490 16 11 100
490 16 33 148
490 8 17 99
490 40 11 99
490 40 13 100
490 40 17 150
490 40 45 100
490 4 11 99
490 4 13 148
490 48 11 100
490 11 1 150
490 2 13 150
490 10 33 148
490 10 40 148
490 9 19 150
490 9 40 100
490 45 11 99
490 45 19 100
490 45 40 150
490 19 45 150
490 35 11 100
490 35 19 150
490 35 33 150
490 35 40 99
490 35 45 150
490 21 11 100
490 21 13 150
491 31 11 100
491 31 33 76
491 18 1 99
491 18 37 100
491 18 45 100
491 23 11 100
491 23 17 150
491 23 19 99
491 23 45 99
491 38 1 99
491 38 11 148
491 38 17 150
491 38 19 100
491 16 11 100
491 27 1 100
491 40 11 99
491 40 13 100
491 40 17 150
491 40 45 100
491 32 11 100
491 32 45 100
491 44 40 150
491 28 13 99
491 22 11 100
491 36 40 150
491 46 13 150
491 0 1 100
491 0 11 100
491 0 17 150
491 0 19 100
492 0 1 100
492 0 11 100
492 0 17 150
492 0 19 100
492 8 17 99
492 15 11 100
492 15 19 100
492 41 1 148
492 41 17 100
492 41 40 148
492 11 1 150
492 47 13 100
492 34 13 150
492 34 40 150
492 2 13 150
492 45 11 99
492 45 19 100
492 45 40 150
492 22 11 100
492 18 1 99
492 18 37 100
492 18 45 100
492 26 1 100
492 26 11 100
492 26 19 99
492 26 45 99
492 46 13 150
493 19 45 150
493 1 1 148
493 1 37 100
493 1 45 100
493 31 11 100
493 31 40 150
493 45 11 99
493 45 19 100
493 45 40 150
493 15 11 100
493 15 19 100
493 48 11 100
493 18 1 99
493 18 37 100
493 18 45 100
493 28 13 99
493 29 1 100
493 29 17 100
493 29 19 150
493 32 11 100
493 32 45 100
493 10 40 148
493 30 11 148
493 30 19 150
493 30 37 150
493 30 40 100
493 16 11 100
493 8 17 99
494 46 13 150
494 41 1 148
494 41 17 100
494 41 40 148
494 8 17 99
494 32 11 100
494 32 45 100
494 27 1 100
494 35 11 100
494 35 19 150
494 35 40 99
494 35 45 150
494 40 11 99
494 40 13 100
494 40 17 150
494 40 45 100
494 28 13 99
494 36 40 150
494 22 11 100
494 38 1 99
494 38 11 148
494 38 17 150
494 38 19 100
494 6 1 100
494 6 17 150
494 6 19 100
494 6 37 150
494 6 40 100
494 6 45 99
494 45 11 99
494 45 19 100
494 45 40 150
494 19 45 150
494 30 11 148
494 30 19 150
494 30 37 150
494 30 40 100
495 41 1 148
495 41 17 100
495 41 40 148
495 0 1 100
495 0 11 100
495 0 17 150
495 0 19 100
495 29 1 100
495 29 17 100
495 29 19 150
495 43 13 148
495 43 19 150
495 43 40 100
495 43 45 100
495 21 11 100
495 21 13 150
495 31 11 100
495 31 40 150
495 34 13 150
495 34 40 150
495 26 1 100
495 26 11 100
495 26 19 99
495 26 45 99
495 15 11 100
495 15 19 100
495 27 1 100
495 37 11 99
495 37 19 148
495 37 45 150
495 9 19 150
495 9 40 100
496 33 1 150
496 33 37 100
496 33 40 99
496 7 11 150
496 7 45 100
496 22 11 100
496 13 11 150
496 13 17 100
496 48 11 100
496 9 19 150
496 9 40 100
496 18 1 99
496 18 37 100
496 18 45 100
496 11 1 150
496 29 1 100
496 29 17 100
496 29 19 150
496 47 13 100
496 15 11 100
496 15 19 100
496 5 33 1
496 19 45 150
496 2 13 150
496 30 11 148
496 30 19 150
496 30 37 150
496 30 40 100
497 27 1 100
497 40 11 99
497 40 13 100
497 40 17 150
497 40 45 100
497 48 11 100
497 38 1 99
497 38 11 148
497 38 17 150
497 38 19 100
497 37 11 99
497 37 19 148
497 37 45 150
497 28 13 99
497 45 11 99
497 45 19 100
497 45 40 150
497 32 11 100
497 32 45 100
497 11 1 150
497 5 40 100
497 29 1 100
497 29 17 100
497 29 19 150
497 9 19 150
497 9 40 100
497 34 13 150
497 34 40 150
497 41 1 148
497 41 17 100
497 41 40 148
497 21 11 100
497 21 13 150
497 7 11 150
497 7 45 100
498 3 22 34
498 6 17 150
498 6 19 100
498 6 37 150
498 6 40 100
498 6 45 99
498 28 13 99
498 33 1 150
498 33 37 100
498 33 40 99
498 38 1 99
498 38 11 148
498 38 17 150
498 38 19 100
498 26 1 100
498 26 11 100
498 26 19 99
498 26 45 99
498 2 13 150
498 16 11 100
498 35 11 100
498 35 19 150
498 35 40 99
498 35 45 150
498 14 11 150
498 14 13 99
498 14 40 150
498 10 40 148
498 31 11 100
498 31 40 150
498 23 11 100
498 23 17 150
498 23 19 99
498 23 45 99
498 34 13 150
498 34 40 150
498 43 13 148
498 43 19 150
498 43 40 100
498 43 45 100
499 11 1 150
499 45 11 99
499 45 19 100
499 45 40 150
499 4 11 99
499 4 13 148
499 31 11 100
499 31 40 150
499 16 11 100
499 34 13 150
499 34 40 150
499 46 13 150
499 9 19 150
499 9 40 100
499 48 11 100
499 0 1 100
499 0 11 100
499 0 17 150
499 0 19 100
499 32 11 100
499 32 45 100
499 33 1 150
499 33 37 100
499 33 40 99
499 5 40 100
499 2 13 150
500 6 1 100
500 6 17 150
500 6 19 100
500 6 37 150
500 6 40 100
500 6 45 99
500 48 11 100
500 46 13 150
500 0 1 100
500 0 11 100
500 0 17 150
500 0 19 100
500 21 11 100
500 21 13 150
500 38 1 99
500 38 11 148
500 38 17 150
500 38 19 100
500 44 40 150
500 20 11 100
500 20 13 148
500 20 17 100
500 20 19 148
500 22 11 100
500 47 13 100
500 14 11 150
500 14 13 99
500 14 40 150
500 31 11 100
500 31 40 150
500 29 1 100
500 29 17 100
500 29 19 150
500 30 11 148
500 30 19 150
500 30 37 150
500 30 40 100
501 29 1 100
501 29 17 100
501 29 19 150
501 30 11 148
501 30 19 150
501 30 37 150
501 30 40 100
501 32 11 100
501 32 45 100
501 33 1 150
501 33 37 100
501 33 40 99
501 11 1 150
501 46 13 150
501 14 11 150
501 14 13 99
501 14 40 150
501 19 45 150
501 28 13 99
501 35 11 100
501 35 19 150
501 35 40 99
501 35 45 150
501 9 19 150
501 9 40 100
501 23 11 100
501 23 17 150
501 23 19 99
501 23 45 99
501 27 1 100
501 21 11 100
501 21 13 150
502 33 1 150
502 33 37 100
502 33 40 99
502 2 13 150
502 5 40 100
502 35 11 100
502 35 19 150
502 35 40 90
502 48 11 100
502 22 11 100
502 11 1 150
502 47 13 100
502 7 11 150
502 7 45 100
502 19 45 150
502 4 11 99
502 4 13 148
502 18 1 99
502 18 37 100
502 18 45 100
503 21 11 100
503 21 13 150
503 33 1 150
503 33 37 100
503 29 1 100
503 29 17 100
503 29 19 150
503 13 11 150
503 13 17 100
503 34 13 150
503 19 45 150
503 14 11 150
503 14 13 99
503 37 11 99
503 37 19 148
503 37 45 150
503 45 11 99
503 45 19 100
503 11 1 150
503 15 11 100
503 15 19 100
504 2 13 150
504 11 1 150
504 11 22 34
504 6 17 150
504 6 19 100
504 6 37 150
504 6 45 99
504 48 11 100
504 32 11 100
504 32 45 100
504 20 11 100
504 20 13 148
504 20 17 100
504 20 19 148
504 27 1 100
504 23 11 100
504 23 17 150
504 23 19 99
504 23 45 99
504 9 19 150
504 29 1 100
504 29 17 100
504 29 19 150
504 22 11 100
504 26 1 100
504 26 11 100
504 26 19 99
504 26 45 99
504 25 19 99
504 25 45 100
505 48 11 100
505 34 13 150
505 29 1 100
505 29 17 92
505 22 11 100
505 45 11 99
505 45 19 100
505 16 11 100
505 19 45 150
505 1 1 148
505 1 37 100
505 1 45 100
505 27 1 100
505 47 13 100
505 18 1 99
505 18 37 100
505 18 45 100
505 26 1 100
505 26 11 100
505 26 19 99
505 26 45 99
505 9 19 150
506 47 13 100
506 14 11 150
506 14 13 99
506 33 1 150
506 33 37 100
506 7 11 150
506 7 45 100
506 2 13 150
506 37 11 99
506 37 19 148
506 37 45 150
506 21 11 100
506 21 13 150
506 22 11 100
506 27 1 100
506 4 11 99
506 4 13 148
506 11 1 150
506 32 11 100
506 32 45 100
506 46 13 150
507 30 11 148
507 30 19 150
507 30 37 150
507 16 11 100
507 1 1 84
507 1 45 100
507 32 11 100
507 32 45 100
507 35 11 100
507 35 19 150
507 35 45 150
507 34 13 150
507 43 13 148
507 43 19 150
507 43 45 100
507 6 19 100
507 6 37 150
507 6 45 99
507 33 37 100
507 47 13 100
508 22 11 100
508 30 11 148
508 30 19 150
508 30 37 150
508 6 19 100
508 6 37 150
508 6 45 99
508 40 11 99
508 40 13 100
508 40 45 100
508 31 11 100
508 2 13 150
508 37 11 99
508 37 19 148
508 37 45 150
508 28 13 99
508 18 37 100
508 18 45 100
508 21 11 100
508 21 13 150
508 35 11 100
508 35 19 150
508 35 45 150
509 6 19 100
509 6 37 150
509 6 45 99
509 9 19 150
509 33 37 100
509 35 11 100
509 35 19 150
509 35 45 150
509 7 11 150
509 7 45 100
509 25 19 99
509 25 45 100
509 28 13 99
509 31 11 100
509 16 11 100
509 23 11 100
509 23 19 99
509 23 45 99
509 45 11 99
509 45 19 100
510 22 11 100
510 16 11 100
510 48 11 100
510 30 11 148
510 30 19 150
510 30 37 150
510 23 11 100
510 23 19 99
510 23 45 99
510 29 19 150
510 32 11 100
510 32 45 100
510 43 13 148
510 43 19 150
510 43 45 100
510 38 11 148
510 38 19 100
510 2 13 150
510 46 13 150
510 20 11 100
510 20 13 148
510 20 19 148
510 9 19 150
511 33 37 100
511 19 45 150
511 22 11 100
511 29 19 150
511 37 11 99
511 37 19 148
511 37 45 150
511 32 11 100
511 32 45 100
511 20 11 100
511 20 13 148
511 20 19 148
511 7 11 150
511 7 45 100
511 16 11 100
511 13 11 150
511 28 13 99
512 30 11 148
512 30 19 150
512 30 37 150
512 47 13 60139
512 22 11 100
512 6 19 100
512 6 37 150
512 6 45 99
512 32 11 100
512 32 45 100
512 13 11 150
512 19 45 150
513 40 11 99
513 40 13 100
513 40 45 100
513 37 11 99
513 37 19 148
513 37 45 150
513 0 11 100
513 0 19 100
513 15 11 100
513 15 19 100
513 13 11 150
513 35 11 100
513 35 19 150
513 35 45 150
513 4 11 99
513 4 13 108
513 26 11 100
513 26 19 99
513 26 45 99
513 46 13 150
514 4 11 99
514 4 13 148
514 31 11 100
514 19 45 150
514 25 19 99
514 25 45 100
514 28 13 99
514 34 13 150
514 46 13 150
514 18 37 100
514 18 45 100
514 35 11 100
514 35 19 150
514 35 45 150
514 43 13 148
514 43 19 150
514 43 45 100
514 26 11 100
514 26 19 99
514 26 45 99
515 35 4 51
515 35 19 150
515 35 45 150
515 21 11 100
515 21 13 150
515 34 13 150
515 28 13 99
515 40 11 99
515 40 13 100
515 40 45 100
515 30 11 148
515 30 19 150
515 30 37 150
515 15 11 100
515 15 19 100
515 20 11 100
515 20 13 148
515 20 19 148
515 46 13 150
515 2 13 150
515 23 11 100
515 23 19 99
515 23 45 99
516 2 13 150
516 7 11 150
516 7 45 100
516 20 11 100
516 20 13 148
516 20 19 148
516 43 13 148
516 43 19 150
516 43 45 100
516 45 11 99
516 45 19 100
516 31 11 100
516 0 11 100
516 0 19 100
516 40 11 99
516 40 13 100
516 40 45 100
516 47 13 58433
517 14 11 150
517 14 13 99
517 48 11 100
517 30 11 148
517 30 19 150
517 30 37 150
517 21 11 100
517 21 13 111
517 26 19 99
517 26 45 99
517 9 19 150
517 19 45 150
517 6 19 100
517 6 37 150
517 6 45 99
517 32 11 100
517 32 45 100
517 29 19 150
517 31 11 100
518 32 11 100
518 32 45 100
518 34 13 150
518 35 11 100
518 35 19 150
518 35 45 150
518 37 11 99
518 37 19 148
518 37 45 150
518 20 11 100
518 20 13 60
518 4 11 99
518 16 11 100
518 40 11 99
518 40 45 100
518 13 11 150
518 43 19 150
518 43 45 100
518 47 13 -58433
519 6 19 100
519 6 37 150
519 6 45 99
519 14 11 150
519 14 13 99
519 22 11 100
519 30 11 148
519 30 19 150
519 30 37 150
519 2 13 150
519 48 11 100
519 21 11 100
519 21 13 150
519 33 37 100
519 16 11 100
519 19 45 150
519 34 13 150
519 20 11 100
519 20 13 148
519 20 19 148
519 18 37 100
519 18 45 100
520 16 11 100
520 45 11 99
520 45 19 100
520 33 37 100
520 18 37 100
520 18 45 100
520 35 11 100
520 35 19 150
520 35 45 150
520 21 11 100
520 21 13 150
520 22 11 100
520 38 11 148
520 38 19 100
520 48 11 100
520 20 11 100
520 20 13 148
520 20 19 148
520 19 45 150
520 25 19 99
520 25 45 100
520 13 11 150
521 19 45 54
521 33 37 100
521 26 11 100
521 26 19 99
521 48 11 100
521 20 11 100
521 20 13 148
521 20 19 148
521 32 11 100
522 48 11 100
522 4 11 99
522 4 13 148
522 22 11 100
522 6 1 100
522 6 19 100
522 6 37 150
522 43 13 148
522 43 19 150
522 45 11 99
522 45 19 100
522 18 1 99
522 18 37 100
522 16 11 100
522 27 1 100
522 25 19 99
522 47 13 57792
523 20 11 100
523 20 13 148
523 20 19 148
523 34 13 60
523 27 1 26
523 35 19 150
523 31 11 100
523 7 11 150
523 2 13 2
523 26 19 99
523 43 19 150
524 34 13 150
524 37 11 99
524 37 19 148
524 43 13 16
524 14 11 150
524 33 37 100
524 13 11 150
524 32 11 100
524 20 11 100
524 20 19 148
524 18 37 100
524 7 11 150
524 25 19 99
525 16 11 100
525 22 11 100
525 47 13 -57792
525 23 11 100
525 23 19 99
525 29 19 150
525 20 11 100
525 20 13 148
525 20 19 148
525 6 19 100
525 6 37 150
525 14 11 150
525 14 13 99
525 37 11 99
525 37 19 148
525 34 13 150
526 32 11 100
526 34 13 150
526 4 11 99
526 4 13 148
526 9 19 150
526 38 11 148
526 38 19 100
526 33 37 100
526 48 11 100
526 46 13 150
526 20 11 100
526 20 13 148
526 20 19 148
527 13 11 150
527 14 11 150
527 14 13 99
527 43 13 148
527 43 19 150
527 6 19 100
527 6 37 150
527 7 11 150
527 26 11 100
527 26 19 99
527 30 11 148
527 30 19 150
527 30 37 150
527 16 11 100
527 38 11 148
527 38 19 100
527 23 11 100
527 23 19 99
528 34 13 150
528 21 11 100
528 21 13 150
528 9 19 150
528 22 11 100
528 45 11 99
528 45 19 100
528 48 11 100
528 31 11 100
528 18 37 100
528 1 37 100
528 32 11 100
528 4 11 99
528 4 13 148
528 46 13 150
529 43 13 148
529 43 19 150
529 47 13 56816
529 15 19 100
529 14 11 150
529 35 11 100
529 35 19 150
529 35 25 12
529 48 11 100
529 38 11 148
529 38 19 100
530 22 11 100
530 29 19 150
530 34 13 150
530 33 37 100
530 31 11 100
530 46 13 60
530 15 19 100
530 38 11 148
530 38 19 100
530 7 11 150
530 23 11 100
530 23 19 99
530 20 11 100
530 20 19 148
530 21 11 100
531 21 11 100
531 21 13 150
531 29 19 150
531 2 13 60
531 35 19 150
531 48 11 100
531 14 11 150
531 37 11 99
531 37 19 148
531 18 37 100
531 7 11 150
531 47 13 -56816
531 30 11 148
531 30 19 150
531 30 37 150
531 0 11 100
531 0 19 100
532 47 13 56984
532 0 1 100
532 0 11 100
532 0 19 100
532 13 11 150
532 32 11 100
532 15 11 100
532 15 19 100
532 29 1 100
532 29 19 150
532 1 1 124
532 30 11 148
532 30 19 150
532 30 37 150
532 31 11 100
532 38 1 3
532 38 19 100
533 47 13 -56984
533 34 13 150
533 0 11 100
533 0 19 100
533 48 11 100
533 14 11 150
533 14 13 99
533 28 13 99
533 26 11 100
533 26 19 99
533 46 13 150
533 21 11 100
533 21 13 150
534 25 19 99
534 23 11 100
534 23 19 99
534 29 19 150
534 9 19 150
534 0 11 100
534 0 19 100
534 20 11 100
534 20 13 148
534 20 19 148
534 35 11 100
534 35 19 150
534 4 11 99
534 4 13 148
534 26 11 100
534 26 19 99
534 38 11 148
534 38 19 100
535 0 11 100
535 0 19 100
535 40 11 99
535 40 13 100
535 9 19 150
535 18 37 100
535 29 19 150
535 30 11 148
535 30 19 150
535 30 37 150
535 33 37 100
535 32 11 100
535 4 11 99
535 4 13 148
535 16 11 100
535 14 11 150
535 14 13 99
535 46 13 150
536 4 11 99
536 4 13 148
536 29 19 150
536 34 13 150
536 45 11 99
536 45 19 100
536 32 11 100
536 28 13 99
536 1 37 100
536 40 11 99
536 40 13 100
536 14 11 150
536 14 13 99
536 30 11 148
536 30 19 150
536 30 37 150
536 25 19 99
537 45 11 99
537 45 19 100
537 16 11 100
537 32 11 100
537 14 11 150
537 14 13 99
537 7 11 150
537 26 11 100
537 26 19 99
537 4 11 99
537 4 13 148
537 37 11 99
537 37 19 148
537 43 13 148
537 43 19 150
537 29 19 150
537 46 13 150
537 2 13 150
538 4 11 99
538 4 13 148
538 45 11 99
538 45 19 100
538 46 13 150
538 37 11 99
538 37 19 148
538 25 19 99
538 34 13 150
538 1 37 100
538 31 11 100
538 15 11 100
538 15 19 100
538 13 11 150
538 18 37 100
539 0 11 100
539 0 19 100
539 4 11 99
539 4 13 148
539 9 19 150
539 7 11 150
539 46 13 150
539 29 19 150
539 6 19 100
539 6 37 150
539 25 19 99
539 47 13 54934
540 21 11 100
540 21 13 150
540 13 11 150
540 23 11 100
540 23 19 99
540 27 1 100
540 38 1 99
540 38 11 148
540 38 19 100
540 37 11 99
540 37 19 148
540 43 13 16
540 11 1 150
540 45 11 99
540 45 19 100
540 40 11 99
540 40 13 2
540 1 37 100
541 48 11 100
541 7 11 150
541 25 19 99
541 0 11 100
541 0 19 100
541 34 13 150
541 32 11 100
541 23 11 100
541 23 19 99
541 9 19 150
541 26 11 100
541 26 19 99
541 30 11 148
541 30 19 150
541 30 37 150
542 16 11 100
542 21 11 100
542 21 13 150
542 9 19 150
542 18 37 100
542 7 11 150
542 23 11 100
542 23 19 99
542 32 11 100
542 35 11 100
542 35 19 150
543 4 11 99
543 4 13 148
543 7 11 150
543 18 37 100
543 1 37 100
543 2 13 150
543 22 11 100
543 20 11 100
543 20 13 32
543 32 11 100
543 15 11 100
543 15 19 100
543 43 19 150
544 21 11 100
544 21 13 150
544 13 11 150
544 31 11 100
544 6 19 100
544 6 37 150
544 28 13 60
544 30 37 150
544 38 19 100
544 47 13 -54934
545 15 11 100
545 15 19 100
545 45 11 57
545 4 13 148
545 0 19 100
545 28 13 99
545 23 11 2
546 33 37 100
546 18 37 100
546 34 13 150
546 15 11 100
546 15 19 100
546 35 11 30
546 4 13 148
546 37 19 148
546 23 19 99
546 45 19 100
546 29 19 150
547 0 11 100
547 0 19 100
547 43 13 148
547 43 19 150
547 14 11 56
547 30 19 150
547 30 37 150
547 6 19 100
547 6 37 150
547 33 37 100
547 28 13 99
548 30 11 148
548 30 19 150
548 30 37 150
548 13 11 8
548 2 13 150
548 29 19 150
548 15 19 100
548 35 19 150
548 40 13 100
548 46 13 150
548 18 37 100
549 34 13 150
549 14 11 130
549 4 13 148
549 35 19 150
549 29 19 150
549 30 19 150
549 30 37 150
549 40 13 100
549 26 19 99
550 20 11 100
550 20 13 148
550 20 19 148
550 47 13 54216
550 35 19 150
550 45 19 100
550 29 19 150
550 38 19 100
551 22 11 100
551 13 11 30
551 6 19 100
551 6 37 150
551 20 13 16
551 9 19 150
551 18 37 100
551 37 19 148
551 23 19 99
552 16 11 100
552 20 11 56
552 20 19 148
552 33 37 100
552 35 19 150
552 43 13 20
552 26 19 99
552 38 19 100
553 13 11 150
553 47 13 -54216
553 29 19 150
553 30 11 4
553 30 37 150
553 18 37 100
553 23 11 2
553 28 13 99
553 34 13 150
553 45 19 100
554 18 37 100
554 25 19 99
554 6 19 100
554 6 37 150
554 14 11 130
554 43 13 148
554 43 19 150
554 4 13 148
554 29 19 150
554 45 19 100
554 38 19 100
555 47 13 54204
555 45 11 30
555 18 37 100
556 2 13 150
556 23 11 20
556 43 13 60
556 43 43 78
557 12 43 2
557 35 11 30
557 21 13 150
557 46 13 60
558 7 11 156
558 20 13 108
559 30 37 150
559 21 11 8
559 43 13 60
559 33 37 100
560 47 13 -54204
560 11 22 34
560 26 11 100
560 20 11 30
560 14 13 99
560 1 37 100
560 21 13 150
561 35 11 100
561 34 13 150
561 0 11 56
561 33 37 100
561 40 13 100
562 26 11 100
562 13 11 30
562 40 13 100
562 21 13 150
563 15 11 100
563 41 1 148
563 32 11 28
563 26 11 2
563 30 37 150
563 40 13 100
563 4 13 148
564 1 1 148
564 1 37 100
564 18 1 78
564 4 11 99
564 4 13 148
564 47 13 53471
565 45 11 99
565 18 37 100
565 2 13 150
565 46 13 60
565 6 37 150
566 22 11 100
566 33 1 1
566 31 11 30
567 7 11 -156
567 16 11 100
567 0 11 100
567 0 19 100
567 14 11 86
567 34 13 150
567 25 19 99
567 29 19 150
567 45 19 100
567 30 19 150
567 30 37 150
568 14 11 110
568 5 4 51
568 30 37 150
568 2 13 150
568 46 13 90
569 18 37 100
569 35 11 100
569 37 11 54
569 2 13 150
569 20 13 148
570 18 37 100
570 23 11 100
570 30 11 56
570 34 13 150
570 46 13 150
570 1 37 100
570 43 13 148
570 20 13 148
571 14 11 150
571 14 13 99
571 34 13 150
571 30 11 4
571 22 11 2
571 43 13 148
571 47 13 52662
572 7 11 30
572 21 13 60
572 33 37 100
572 47 13 -52662
572 4 13 148
572 2 13 150
572 18 37 100
573 6 37 150
573 1 37 100
573 13 11 130
573 20 13 148
573 7 11 -30
573 31 11 30
574 15 11 30
574 20 11 1
574 18 37 100
574 2 13 150
575 0 11 100
575 43 13 148
575 37 11 30
575 34 13 150
576 26 11 100
576 34 13 150
576 28 13 99
576 43 13 148
576 31 11 30
577 14 11 30
578 18 37 100
579 33 37 100
580 6 37 150
580 18 37 100
580 33 37 100
581 30 37 150
582 33 37 100
582 1 37 100
582 30 37 150
583 47 13 -51531
583 6 37 150
583 40 13 100
583 21 13 150
583 1 37 100
583 33 37 100
584 28 13 99
584 33 37 100
584 40 13 100
584 34 13 150
584 2 13 150
585 14 13 99
585 28 13 99
585 18 37 100
585 21 13 150
585 2 13 150
586 2 13 150
586 14 13 99
586 4 13 148
586 33 37 100
587 14 13 99
587 46 13 150
587 2 13 150
588 21 13 150
588 47 13 49338
589 30 37 150
589 6 37 150
590 6 37 150
591 18 37 100
591 6 37 150
592 6 37 150
592 18 37 100
593 47 13 -49338
593 14 13 99
593 4 13 148
593 40 13 100
593 46 13 150
593 34 13 150
594 40 13 100
594 18 37 100
594 14 13 99
595 30 37 150
595 33 37 100
595 2 13 150
595 18 37 100
595 28 13 99
595 43 13 148
595 20 13 148
596 28 13 99
596 14 13 99
596 40 13 100
596 47 13 47649
597 30 37 150
597 33 37 100
598 18 37 100
600 33 37 100
600 1 37 100
601 18 37 100
601 33 37 100
602 30 37 150
603 18 37 100
603 33 37 100
603 47 13 -47649
604 2 13 150
604 47 13 47499
605 1 37 100
605 6 37 150
606 33 37 100
606 47 13 -47499
607 47 13 47499
609 33 37 100
609 1 37 100
609 47 13 -47499
610 43 13 148
610 46 13 150
610 33 37 100
610 18 37 100
610 2 13 150
610 6 37 88
611 40 13 100
611 20 13 148
611 2 13 150
612 43 13 148
613 21 13 150
613 40 13 100
613 47 13 46155
618 43 13 148
619 34 13 150
620 47 13 45857
626 2 13 150
626 46 13 150
626 43 13 148
626 21 13 150
627 34 13 150
627 43 13 148
627 40 13 100
628 21 13 150
628 2 13 150
628 46 13 150
629 21 13 150
629 47 13 44261
639 47 13 44261
641 20 13 148
641 46 13 150
642 34 13 150
642 43 13 148
642 47 13 43665
643 34 13 150
643 46 13 150
644 21 13 150
644 46 13 150
644 2 13 150
645 2 13 150
645 28 13 99
645 43 13 148
646 20 13 148
646 46 13 150
646 21 13 150
646 2 13 150
646 14 13 99
646 47 13 41821
653 2 13 150
653 46 13 150
653 34 13 150
653 47 13 41371
654 14 13 99
654 4 13 148
655 2 13 150
655 40 13 100
655 34 13 150
655 47 13 40724
656 20 13 148
656 14 13 99
657 40 13 100
657 14 13 99
658 43 13 148
658 28 13 99
658 34 13 150
659 43 13 148
660 46 13 150
660 21 13 150
660 2 13 150
661 43 13 148
661 2 13 150
661 28 13 99
661 40 13 100
661 14 13 99
661 34 13 150
662 47 13 38537
664 21 13 150
664 47 13 38387
668 46 13 150
669 20 13 148
670 4 13 148
670 21 13 150
670 34 13 150
670 46 13 150
670 20 13 148
670 40 13 100
671 46 13 150
671 2 13 150
671 4 13 148
672 47 13 36795
674 40 13 100
675 43 13 148
675 20 13 148
676 28 13 99
676 34 13 150
676 43 13 148
677 43 13 148
677 46 13 150
677 28 13 99
677 21 13 150
677 2 13 150
678 40 13 100
678 34 13 150
678 4 13 148
678 2 13 150
678 47 13 34757
681 2 13 150
681 28 13 99
682 40 13 100
682 21 13 150
682 14 13 99
682 47 13 34159
687 34 13 150
687 14 13 99
687 2 13 150
687 20 13 148
687 40 13 100
688 14 13 99
688 47 13 33413
694 4 13 148
695 14 13 99
696 28 13 99
696 43 13 148
696 34 13 150
696 40 13 100
696 4 13 148
698 14 13 99
698 47 13 32422
699 4 13 148
700 20 13 148
701 43 13 148
701 28 13 99
701 47 13 31879
703 2 13 150
704 34 13 150
704 46 13 150
704 47 13 31429
713 46 13 150
713 34 13 150
714 34 13 150
714 47 13 30979
