461 40 25 100
461 40 26 150
461 40 41 148
461 40 42 100
461 40 49 100
461 48 3 150
461 48 23 150
461 48 25 100
461 48 26 150
461 48 32 48
461 48 44 150
461 48 47 72
461 0 5 100
461 0 6 150
461 0 12 148
461 0 23 150
461 0 26 148
461 0 42 150
461 19 7 100
461 32 22 100
461 32 44 99
461 7 3 150
461 7 6 150
461 7 7 99
461 7 28 148
461 14 26 100
461 14 28 148
461 14 42 100
461 37 3 99
461 37 49 28
461 22 42 150
461 45 20 100
461 45 23 99
461 26 5 150
461 26 23 100
461 26 26 148
461 26 37 100
461 26 44 100
461 6 5 100
461 6 20 150
461 6 22 150
461 6 26 144
461 44 23 150
461 1 6 99
461 1 12 100
461 1 20 150
461 1 22 100
461 1 28 100
461 1 41 150
461 31 3 100
461 31 6 148
461 31 7 100
461 31 12 99
461 31 42 150
461 3 3 100
461 3 20 150
461 3 23 100
461 3 28 100
461 3 42 99
462 18 6 100
462 18 12 150
462 18 20 99
462 18 22 148
462 18 23 100
462 18 28 150
462 18 37 100
462 18 42 150
462 31 3 100
462 31 6 148
462 31 7 100
462 31 12 99
462 31 42 150
462 46 6 100
462 46 25 100
462 46 37 100
462 46 41 2
462 46 49 8
462 12 7 150
462 12 22 150
462 12 25 148
462 2 3 99
462 2 5 148
462 2 7 99
462 2 44 67
462 17 3 100
462 17 5 100
462 17 6 148
462 17 22 150
462 17 28 150
462 25 3 100
462 28 28 100
462 47 12 99
462 29 3 80
462 29 25 150
462 29 28 100
462 29 37 148
462 4 23 148
462 8 37 99
462 32 22 100
462 43 42 100
462 5 42 150
463 22 42 150
463 21 20 150
463 21 23 100
463 21 42 100
463 23 3 3
463 23 20 100
463 23 42 150
463 24 25 100
463 24 37 150
463 44 7 150
463 44 23 150
463 35 12 150
463 35 28 100
463 41 6 100
463 41 25 150
463 41 28 100
463 41 37 100
463 10 7 150
463 10 42 150
463 11 5 100
463 11 7 148
463 11 20 148
463 11 23 100
463 34 7 150
463 34 12 100
463 34 20 150
463 34 22 100
463 34 23 150
463 4 23 148
463 32 22 100
463 17 5 100
463 17 6 148
463 17 22 150
463 17 28 150
463 20 5 150
463 20 20 148
463 20 23 150
463 20 28 100
463 20 42 148
463 12 7 150
463 12 22 150
463 12 25 148
463 6 5 100
463 6 20 150
463 6 22 150
464 21 20 150
464 21 23 100
464 21 42 100
464 31 6 148
464 31 7 100
464 31 12 99
464 31 42 150
464 11 5 100
464 11 7 148
464 11 20 148
464 11 23 100
464 41 6 100
464 41 25 150
464 41 28 100
464 41 37 100
464 44 7 150
464 44 23 150
464 9 6 100
464 47 12 99
464 35 12 150
464 35 28 100
464 46 6 100
464 46 25 100
464 46 37 100
464 46 42 99
464 45 20 100
464 45 23 99
464 23 7 100
464 23 20 100
464 23 42 150
464 15 6 100
464 30 7 100
464 30 23 148
464 30 37 150
464 36 6 99
464 36 12 150
464 36 22 100
464 17 5 100
464 17 6 148
464 17 22 150
464 17 28 150
464 43 42 100
465 15 6 100
465 42 22 150
465 26 5 150
465 26 23 100
465 26 37 100
465 39 23 150
465 34 7 36
465 34 20 150
465 34 22 100
465 34 23 150
465 36 6 99
465 36 12 150
465 36 22 100
465 30 23 148
465 30 37 150
465 46 6 100
465 46 25 100
465 46 37 100
465 46 42 99
465 11 5 100
465 11 20 148
465 11 23 100
465 20 5 110
465 20 23 150
465 20 28 100
465 20 42 148
465 0 6 150
465 0 12 148
465 0 23 150
465 0 42 150
465 21 20 150
465 21 23 100
465 21 42 100
465 38 20 150
465 38 28 8
465 12 22 150
465 12 25 148
466 38 20 150
466 9 6 100
466 9 44 8
466 47 12 99
466 22 42 150
466 40 25 100
466 40 42 100
466 20 5 12
466 20 23 150
466 20 42 148
466 4 23 148
466 27 12 148
466 27 20 99
466 27 25 100
466 8 37 99
466 7 6 150
466 42 22 150
466 35 12 150
466 34 12 100
466 34 20 150
466 34 22 100
466 34 23 150
467 40 25 100
467 40 42 100
467 4 23 148
467 20 5 12
467 20 23 150
467 20 42 148
467 35 12 150
467 15 6 100
467 43 42 100
467 30 23 148
467 30 37 150
467 23 20 100
467 23 42 150
467 7 6 150
467 14 42 100
467 16 22 150
467 16 37 150
467 44 23 150
467 39 23 150
468 49 6 150
468 49 12 100
468 49 22 100
468 49 25 100
468 49 37 150
468 49 42 148
468 1 6 99
468 1 12 100
468 1 20 150
468 1 22 100
468 29 12 100
468 29 25 150
468 29 37 148
468 20 5 12
468 20 23 150
468 20 42 148
468 42 22 150
468 40 25 100
468 40 42 100
468 47 12 99
468 35 12 150
468 43 42 100
468 4 23 148
468 21 20 150
468 21 23 100
468 21 42 100
468 44 23 150
468 12 22 150
468 12 25 148
468 15 6 100
469 39 23 150
469 4 23 148
469 30 23 148
469 30 37 150
469 7 6 150
469 34 12 100
469 34 20 150
469 34 22 100
469 34 23 150
469 12 22 150
469 12 25 148
469 27 12 148
469 27 20 99
469 27 25 100
469 24 25 100
469 24 37 150
469 14 42 100
469 10 42 150
469 17 5 12
469 17 22 150
469 11 20 148
469 11 23 100
469 23 20 100
469 23 42 150
469 42 22 150
469 15 6 100
470 49 6 150
470 49 12 100
470 49 22 100
470 49 25 100
470 49 37 150
470 49 42 148
470 49 49 8
470 41 25 150
470 41 37 100
470 48 23 150
470 48 25 100
470 48 37 100
470 39 23 150
470 38 20 150
470 27 12 148
470 27 20 99
470 27 25 100
470 31 6 148
470 31 12 99
470 31 42 150
470 14 42 100
470 10 42 150
470 13 12 148
470 46 6 100
470 46 25 100
470 46 37 100
470 46 42 99
470 9 6 100
470 15 6 100
470 16 22 150
470 16 37 150
470 40 25 100
470 40 42 100
471 32 22 100
471 39 23 150
471 22 42 150
471 26 5 12
471 26 37 100
471 7 3 32
471 4 23 148
471 1 6 99
471 1 12 100
471 1 20 150
471 1 22 100
471 15 6 100
471 42 22 150
471 34 12 100
471 34 20 150
471 34 22 100
471 34 23 150
471 41 6 100
471 41 25 150
471 41 37 100
471 8 37 99
471 23 20 100
471 23 42 150
471 17 6 148
471 17 22 150
472 49 6 150
472 49 12 100
472 49 22 100
472 49 25 100
472 49 37 150
472 49 42 148
472 49 49 8
472 23 42 150
472 48 23 150
472 48 25 100
472 48 37 100
472 10 42 150
472 8 37 99
472 44 23 150
472 6 5 12
472 6 22 150
472 14 42 100
472 17 6 148
472 17 22 150
472 43 42 100
472 27 12 148
472 27 20 99
472 27 25 100
472 13 12 148
472 21 20 150
472 21 23 100
472 21 42 100
472 22 42 150
472 4 23 148
472 41 6 100
472 41 25 150
472 41 37 100
473 29 3 32
473 29 25 150
473 29 37 148
473 8 37 99
473 13 12 148
473 21 20 150
473 21 23 100
473 21 42 100
473 31 6 148
473 31 12 99
473 31 42 150
473 48 23 150
473 48 25 100
473 48 37 100
473 32 22 100
473 34 12 100
473 34 20 150
473 34 22 100
473 34 23 150
473 44 23 150
473 39 23 150
473 22 42 150
473 12 22 150
473 12 25 148
473 40 25 100
473 40 42 100
473 20 20 148
473 20 23 150
473 20 42 148
474 30 23 148
474 30 37 150
474 10 42 150
474 5 42 150
474 5 44 6
474 18 6 100
474 18 12 150
474 18 20 99
474 18 22 148
474 18 23 100
474 18 37 100
474 18 42 150
474 20 5 12
474 20 23 150
474 20 42 148
474 49 6 150
474 49 12 100
474 49 22 100
474 49 25 100
474 49 37 150
474 49 42 148
474 44 23 150
474 6 20 150
474 6 22 150
474 21 20 150
474 21 23 100
474 21 42 100
474 21 44 2
474 7 6 150
474 12 22 150
474 12 25 148
474 31 6 148
474 31 12 99
474 31 42 150
474 23 20 100
474 23 42 150
475 37 49 8
475 0 12 148
475 0 23 150
475 0 42 150
475 23 20 100
475 23 42 150
475 16 22 150
475 16 37 150
475 6 20 150
475 6 22 150
475 14 42 100
475 21 20 150
475 21 23 100
475 21 42 100
475 10 42 150
475 7 6 150
475 1 6 99
475 1 12 100
475 1 20 150
475 1 22 100
475 11 20 148
475 11 23 100
475 12 22 150
475 12 25 148
475 36 6 99
475 36 12 150
475 36 22 100
475 40 25 100
475 40 42 100
476 12 3 32
476 12 25 148
476 13 12 148
476 46 6 100
476 46 25 100
476 46 37 100
476 46 42 99
476 10 42 150
476 3 20 150
476 3 23 100
476 3 42 99
476 30 23 148
476 30 37 150
476 34 12 100
476 34 20 150
476 34 22 100
476 34 23 150
476 8 37 99
476 47 12 99
476 36 6 99
476 36 12 150
476 36 22 100
476 42 22 150
476 17 6 148
476 17 22 150
476 35 12 150
476 43 42 100
477 14 42 100
477 6 20 150
477 6 22 150
477 18 6 100
477 18 12 150
477 18 20 99
477 18 22 148
477 18 23 100
477 18 37 100
477 18 42 150
477 15 3 32
477 16 22 150
477 16 37 150
477 44 23 150
477 48 23 150
477 48 25 100
477 48 37 100
477 45 20 100
477 45 23 99
477 41 6 100
477 41 25 150
477 41 37 100
477 39 23 150
477 47 12 99
477 22 42 150
477 7 6 150
478 42 22 150
478 27 12 148
478 27 20 99
478 27 25 100
478 26 23 100
478 26 37 100
478 44 23 150
478 7 3 32
478 30 23 148
478 30 37 150
478 32 22 100
478 14 42 100
478 49 6 150
478 49 12 100
478 49 22 100
478 49 25 100
478 49 37 150
478 49 42 148
478 5 42 150
478 34 12 100
478 34 20 150
478 34 22 100
478 34 23 150
478 13 12 148
478 40 25 100
478 40 42 100
478 3 20 150
478 3 23 100
478 3 42 99
479 24 25 100
479 24 37 150
479 10 42 150
479 11 5 12
479 11 23 100
479 35 12 150
479 8 37 99
479 3 20 150
479 3 23 100
479 3 42 99
479 6 20 150
479 6 22 150
479 1 6 99
479 1 12 100
479 1 20 150
479 1 22 100
479 46 6 100
479 46 25 100
479 46 37 100
479 46 42 99
479 0 6 150
479 0 12 148
479 0 23 150
479 0 42 150
479 15 6 100
479 5 42 150
479 4 23 148
479 13 12 148
480 40 25 100
480 40 42 100
480 7 6 150
480 49 6 150
480 49 12 100
480 49 22 100
480 49 25 100
480 49 37 150
480 49 42 148
480 2 5 12
480 13 12 148
480 22 42 150
480 6 20 150
480 6 22 150
480 48 23 150
480 48 25 100
480 48 37 100
480 17 6 148
480 17 22 150
480 36 6 99
480 36 12 150
480 36 22 100
480 10 42 150
480 32 22 100
480 21 20 150
480 21 23 100
480 21 42 100
480 15 6 100
481 17 3 32
481 17 22 150
481 23 20 100
481 23 42 150
481 32 22 100
481 26 23 100
481 26 37 100
481 21 20 150
481 21 23 100
481 21 42 100
481 4 23 148
481 30 23 148
481 30 37 150
481 12 22 150
481 12 25 148
481 13 12 148
481 16 22 150
481 16 37 150
481 40 25 100
481 40 42 100
481 38 20 150
481 42 22 150
481 11 20 148
481 11 23 100
481 47 12 99
481 45 20 100
481 45 23 99
482 5 42 150
482 41 6 100
482 41 25 150
482 41 37 100
482 44 23 150
482 48 23 150
482 48 25 100
482 48 37 100
482 2 5 12
482 45 23 99
482 47 12 99
482 7 6 150
482 32 22 100
482 14 42 100
482 1 6 99
482 1 12 100
482 1 20 150
482 1 22 100
482 46 6 100
482 46 25 100
482 46 37 100
482 46 42 99
482 39 23 150
482 18 6 100
482 18 12 150
482 18 20 99
482 18 22 148
482 18 23 100
482 18 37 100
482 18 42 150
483 48 23 150
483 48 25 100
483 48 37 100
483 29 12 100
483 29 25 150
483 29 37 148
483 27 12 148
483 27 20 99
483 27 25 100
483 42 22 150
483 36 6 99
483 36 12 150
483 36 22 100
483 0 5 12
483 0 12 148
483 0 23 150
483 0 42 150
483 41 6 100
483 41 25 150
483 41 37 100
483 45 20 100
483 45 23 99
483 3 20 150
483 3 23 100
483 3 42 99
483 20 20 148
483 20 23 150
483 20 42 148
483 24 25 100
483 24 37 150
484 16 3 32
484 16 37 150
484 4 23 148
484 44 23 150
484 41 6 100
484 41 25 150
484 41 37 100
484 17 6 148
484 17 22 150
484 5 42 150
484 32 22 100
484 20 20 148
484 20 23 150
484 20 42 148
484 39 23 150
484 7 6 150
484 3 20 150
484 3 23 100
484 3 42 99
484 31 6 148
484 31 12 99
484 31 42 150
484 23 20 100
484 23 42 150
484 27 12 148
484 27 20 99
484 27 25 100
484 29 12 100
484 29 25 150
484 29 37 148
484 36 6 99
484 36 12 150
484 36 22 100
485 31 6 148
485 31 12 99
485 31 42 150
485 11 5 12
485 11 23 100
485 11 44 8
485 29 25 150
485 29 37 148
485 32 22 100
485 35 12 150
485 12 22 150
485 12 25 148
485 24 25 100
485 24 37 150
485 38 20 150
485 22 42 150
485 13 12 148
485 45 20 100
485 45 23 99
485 15 6 100
485 34 12 100
485 34 20 150
485 34 22 100
485 34 23 150
486 27 12 148
486 27 20 99
486 27 25 100
486 36 6 99
486 36 12 150
486 36 22 100
486 13 12 148
486 15 6 100
486 42 22 150
486 20 5 12
486 20 23 150
486 20 42 148
486 22 42 150
486 38 20 150
486 46 6 100
486 46 25 100
486 46 37 100
486 46 42 99
486 3 20 150
486 3 23 100
486 3 42 99
486 39 23 150
486 17 6 148
486 17 22 150
486 49 6 150
486 49 12 100
486 49 22 100
486 49 25 100
486 49 37 150
486 49 42 148
486 34 12 100
486 34 20 150
486 34 22 100
486 34 23 150
486 6 20 150
486 6 22 150
487 42 22 150
487 14 42 100
487 33 3 30
487 23 20 100
487 23 42 150
487 48 23 150
487 48 25 100
487 48 37 100
487 48 44 15
487 27 20 99
487 27 25 100
487 16 3 2
487 16 37 150
487 20 20 148
487 20 23 150
487 20 42 148
487 40 25 100
487 40 42 100
487 34 12 100
487 34 20 150
487 34 22 100
487 34 23 150
487 21 20 150
487 21 23 100
487 21 42 100
487 2 44 1
487 26 23 100
487 26 37 100
487 24 25 100
487 24 37 150
488 2 5 12
488 21 23 100
488 21 42 100
488 7 6 150
488 20 20 148
488 20 23 150
488 20 42 148
488 3 20 150
488 3 23 100
488 3 42 99
488 40 25 100
488 40 42 100
488 32 22 100
488 43 42 100
488 41 6 100
488 41 25 150
488 41 37 100
488 1 6 99
488 1 12 100
488 1 20 150
488 1 22 100
488 23 20 100
488 23 42 150
488 26 23 100
488 26 37 100
488 34 12 100
488 34 20 150
488 34 22 100
488 34 23 150
488 29 12 100
488 29 25 150
488 29 37 148
488 27 12 148
488 27 20 99
488 27 25 100
489 32 22 100
489 7 6 150
489 4 23 148
489 2 5 12
489 20 20 148
489 20 23 150
489 20 42 148
489 40 25 100
489 40 42 100
489 26 23 100
489 26 37 100
489 17 6 148
489 17 22 150
489 16 22 150
489 16 37 150
489 11 20 148
489 11 23 100
489 18 6 100
489 18 12 150
489 18 20 99
489 18 22 148
489 18 23 100
489 18 37 100
489 18 42 150
489 10 42 150
489 49 6 150
489 49 12 100
489 49 22 100
489 49 25 100
489 49 37 150
489 49 42 148
490 40 25 100
490 40 42 100
490 47 12 99
490 43 42 100
490 8 37 99
490 16 22 150
490 16 37 150
490 42 22 150
490 29 12 100
490 29 25 150
490 29 37 148
490 0 5 12
490 0 12 148
490 0 23 150
490 0 42 150
490 12 22 150
490 12 25 148
490 21 20 150
490 21 23 100
490 21 42 100
490 24 25 100
490 24 37 150
490 41 6 100
490 41 25 124
490 30 23 148
490 30 37 150
490 11 20 148
490 11 23 100
491 44 23 150
491 17 5 12
491 17 22 150
491 27 12 148
491 27 20 99
491 47 12 99
491 5 42 150
491 34 12 100
491 34 20 150
491 34 22 100
491 34 23 150
491 22 42 150
491 43 42 100
491 7 6 150
491 32 22 100
491 6 20 150
491 6 22 150
491 11 20 148
491 11 23 100
491 30 23 148
491 30 37 150
492 21 20 150
492 21 23 100
492 21 42 100
492 42 22 150
492 1 6 99
492 1 12 100
492 1 20 150
492 1 22 100
492 20 5 12
492 20 23 150
492 20 42 148
492 35 12 150
492 4 23 148
492 17 6 148
492 17 22 150
492 10 42 150
492 44 23 150
492 36 6 99
492 36 12 150
492 36 22 100
492 47 12 99
492 49 6 150
492 49 12 100
492 49 22 100
492 49 37 150
492 49 42 148
492 11 20 148
492 11 23 100
492 29 12 100
492 29 37 148
492 38 20 150
493 41 6 100
493 41 37 100
493 39 23 150
493 11 5 12
493 11 23 100
493 14 42 100
493 22 42 150
493 23 20 100
493 23 42 150
493 5 42 150
493 34 12 100
493 34 20 150
493 34 22 100
493 34 23 150
493 10 42 150
493 15 6 100
493 42 22 150
493 26 23 100
493 26 37 100
493 48 23 150
493 48 37 100
494 35 12 150
494 35 28 100
494 42 22 150
494 26 23 100
494 26 37 100
494 0 6 150
494 0 12 148
494 0 23 150
494 0 42 150
494 8 37 99
494 32 22 100
494 34 7 150
494 34 12 100
494 34 20 150
494 34 22 100
494 34 23 150
494 43 42 100
494 29 12 100
494 29 28 100
494 29 37 148
494 15 6 100
494 44 7 135
494 14 28 36
494 40 42 100
494 49 6 150
494 49 12 100
494 49 22 100
494 49 37 150
494 49 42 148
494 1 6 99
494 1 12 100
494 1 20 150
494 1 22 100
494 1 28 2
495 21 23 100
495 21 42 100
495 24 37 150
495 30 23 148
495 30 37 150
495 1 6 99
495 1 12 100
495 1 20 150
495 1 22 100
495 35 12 150
495 42 22 150
495 7 6 150
495 40 42 100
495 9 6 100
495 10 42 150
495 13 12 148
495 17 5 12
495 17 11 8
495 48 23 150
495 48 37 100
495 31 6 148
495 31 12 99
495 31 42 150
495 5 42 150
496 32 22 100
496 32 44 6
496 34 20 150
496 34 22 100
496 34 23 150
496 39 23 150
496 28 11 6
496 3 20 150
496 3 23 100
496 3 42 99
496 0 5 12
496 0 12 148
496 0 23 150
496 0 42 150
496 36 6 99
496 36 12 150
496 36 22 100
496 46 6 100
496 46 37 100
496 46 42 99
496 7 6 150
496 38 20 150
496 35 12 150
496 44 23 150
496 2 44 2
497 47 11 8
497 49 6 150
497 49 12 100
497 49 22 100
497 49 37 150
497 49 42 148
497 49 49 8
497 18 12 150
497 18 20 99
497 18 22 148
497 18 23 100
497 18 37 100
497 18 42 150
497 39 23 150
497 45 20 100
497 45 23 99
497 46 6 100
497 46 37 100
497 46 42 99
497 3 20 150
497 3 23 100
497 3 42 99
497 32 22 100
497 6 5 12
497 6 22 150
497 11 20 148
497 11 23 100
497 9 6 100
497 24 37 150
497 22 42 150
497 23 20 100
497 23 42 150
498 39 23 150
498 13 12 148
498 28 11 6
498 21 23 100
498 21 42 100
498 2 5 12
498 18 12 150
498 18 20 99
498 18 22 148
498 18 23 100
498 18 37 100
498 18 42 150
498 48 23 150
498 48 37 100
498 20 20 148
498 20 23 150
498 20 42 148
498 36 6 99
498 36 12 150
498 36 22 100
498 0 6 150
498 0 12 148
498 0 23 150
498 0 42 150
498 1 6 99
498 1 12 100
498 1 20 150
498 1 22 100
498 35 12 150
498 45 20 100
498 45 23 99
498 7 6 150
498 12 22 150
499 28 11 9
499 1 6 99
499 1 12 100
499 1 20 150
499 1 22 100
499 15 6 100
499 10 42 150
499 32 22 100
499 38 20 150
499 41 6 100
499 41 37 100
499 13 12 148
499 7 6 150
499 45 20 100
499 45 23 99
499 35 12 150
499 0 5 12
499 0 12 148
499 0 23 150
499 0 42 150
499 26 23 100
499 26 37 100
499 46 6 100
499 46 37 100
499 46 42 99
500 44 23 150
500 39 23 150
500 38 20 150
500 0 5 12
500 0 11 8
500 0 23 150
500 0 42 150
500 6 20 150
500 6 22 150
500 29 12 100
500 29 37 148
500 15 6 100
500 14 11 1
500 42 22 150
500 5 42 150
500 11 20 148
500 11 23 100
500 46 6 100
500 46 37 100
500 46 42 99
500 18 6 100
500 18 12 150
500 18 20 99
500 18 22 148
500 18 23 100
500 18 37 100
500 18 42 150
500 9 6 100
500 41 6 100
500 41 37 100
500 3 20 150
500 3 23 100
500 3 42 99
501 47 11 8
501 8 37 99
501 11 5 12
501 11 23 100
501 27 12 148
501 27 20 99
501 9 6 100
501 29 12 100
501 29 37 148
501 49 6 150
501 49 12 100
501 49 22 100
501 49 37 150
501 49 42 148
501 49 49 8
501 26 37 100
501 21 20 150
501 21 23 100
501 21 42 17
501 34 20 150
501 34 22 100
501 34 23 150
501 7 6 150
501 23 20 100
501 44 23 150
501 30 23 148
501 30 37 150
501 45 20 100
501 45 23 99
502 5 29 60
502 20 20 148
502 20 23 150
502 32 22 100
502 39 23 150
502 44 23 150
502 7 3 32
502 6 20 150
502 6 22 150
502 9 6 100
502 49 6 150
502 49 12 100
502 49 22 100
502 49 37 150
502 41 6 100
502 41 37 100
502 17 6 148
502 17 22 150
502 4 23 148
503 24 37 150
503 24 49 8
503 6 5 12
503 6 22 150
503 3 20 150
503 3 23 100
503 3 28 100
503 7 6 150
503 7 28 136
503 26 23 100
503 26 37 100
503 4 23 148
503 33 28 2
503 21 23 100
503 17 6 148
503 17 22 150
503 29 12 100
503 29 37 148
503 34 12 100
503 34 20 150
503 34 22 100
503 34 23 150
504 39 23 150
504 18 6 100
504 18 12 150
504 18 20 99
504 18 22 148
504 18 23 100
504 18 37 100
504 18 42 126
504 38 20 150
504 17 5 12
504 17 11 8
504 49 6 150
504 49 12 100
504 49 22 100
504 49 37 150
504 6 20 150
504 6 22 150
504 15 6 100
504 48 23 150
504 48 37 100
504 34 12 100
504 34 20 150
504 34 22 100
504 34 23 150
504 21 20 150
504 21 23 100
504 13 12 148
505 1 6 99
505 1 12 100
505 1 20 150
505 1 22 100
505 41 6 100
505 41 37 100
505 7 6 150
505 16 11 6
505 16 37 150
505 30 23 148
505 30 37 150
505 39 23 150
505 13 12 148
505 38 20 150
505 34 12 100
505 34 20 150
505 34 22 100
505 34 23 150
505 32 22 100
505 32 44 6
505 18 12 150
505 18 20 99
505 18 22 148
505 18 23 100
505 18 37 100
505 18 42 126
505 11 23 100
505 11 44 2
505 36 12 150
505 36 22 100
505 44 23 150
505 49 6 150
505 49 12 100
505 49 22 100
505 49 37 150
506 3 20 150
506 3 23 100
506 3 42 99
506 32 22 100
506 14 11 10
506 34 20 150
506 34 22 100
506 34 23 150
506 21 20 150
506 21 23 100
506 21 42 1
506 31 12 99
506 18 6 100
506 18 12 150
506 18 20 99
506 18 22 148
506 18 23 100
506 18 37 100
506 27 12 148
506 27 20 99
506 30 23 148
506 30 37 150
506 35 12 150
506 49 6 150
506 49 12 100
506 49 22 100
506 49 37 150
506 47 12 99
506 2 5 12
506 16 37 150
507 24 37 150
507 41 6 100
507 41 37 100
507 3 20 150
507 3 23 100
507 3 42 99
507 1 6 99
507 1 12 100
507 1 20 150
507 1 22 100
507 46 6 100
507 46 37 100
507 46 42 27
507 29 37 148
507 12 22 150
507 9 6 100
507 47 12 99
507 13 12 148
507 27 12 148
507 27 20 99
508 34 12 100
508 34 20 150
508 34 22 100
508 34 23 150
508 43 42 100
508 43 44 6
508 11 23 100
508 11 44 2
508 0 12 148
508 0 23 150
508 0 42 24
508 29 37 148
508 45 20 100
508 45 23 99
508 12 22 150
508 24 37 150
508 17 6 148
508 17 22 150
508 16 22 150
508 16 37 150
508 31 6 148
508 31 12 99
508 31 42 2
508 7 6 150
508 27 12 148
508 27 20 99
509 5 42 126
509 21 23 100
509 2 5 12
509 17 22 150
509 12 22 150
509 44 23 150
509 32 22 100
509 4 23 148
509 48 23 150
509 48 37 100
509 13 12 148
509 36 6 99
509 36 12 150
509 36 22 100
509 20 20 148
509 20 23 150
509 18 6 100
509 18 12 150
509 18 20 99
509 18 22 148
509 18 23 100
509 18 37 100
510 31 3 32
510 31 12 99
510 31 42 126
510 3 20 150
510 3 23 100
510 3 28 100
510 41 6 100
510 41 28 100
510 41 37 100
510 9 6 100
510 17 6 148
510 17 22 150
510 17 28 38
510 15 6 100
510 27 12 148
510 27 20 99
510 13 12 148
510 35 12 150
510 26 23 100
510 26 37 100
510 11 20 148
510 11 23 100
510 21 20 150
510 21 23 100
511 11 5 12
511 11 23 100
511 11 44 8
511 30 37 150
511 27 11 6
511 27 20 99
511 20 20 148
511 20 23 150
511 20 42 124
511 31 11 2
511 31 42 2
511 49 6 150
511 49 12 100
511 49 22 100
511 49 37 150
511 1 6 99
511 1 12 100
511 1 20 150
511 1 22 100
511 16 22 150
511 16 37 150
511 24 37 150
511 42 22 150
511 8 37 99
511 4 23 148
511 21 20 150
511 21 23 100
511 13 12 148
512 49 6 150
512 49 12 100
512 49 22 100
512 49 37 150
512 49 42 124
512 1 12 100
512 1 20 150
512 1 22 100
512 25 44 8
512 20 23 150
512 35 12 150
512 6 20 150
512 6 22 150
512 40 42 2
512 41 37 100
512 2 11 8
512 3 20 150
512 3 23 100
512 13 12 148
512 32 22 100
512 30 23 148
512 30 37 150
512 0 6 150
512 0 12 148
512 0 23 150
513 18 6 100
513 18 12 150
513 18 20 99
513 18 22 148
513 18 23 100
513 18 37 100
513 26 5 12
513 26 37 100
513 9 6 100
513 14 11 8
513 24 49 8
513 16 22 150
513 16 37 150
513 7 6 150
513 47 12 99
513 39 23 150
513 35 12 150
514 8 11 8
514 9 6 100
514 46 6 100
514 46 37 100
514 46 42 99
514 2 5 12
514 39 23 150
514 42 22 150
514 22 42 1
514 34 20 150
514 34 22 100
514 34 23 150
514 1 6 99
514 1 12 100
514 1 20 150
514 1 22 100
514 4 23 148
514 24 37 150
515 11 5 12
515 11 23 100
515 26 23 100
515 26 37 100
515 30 23 148
515 30 37 150
515 15 6 100
515 24 37 150
515 39 23 150
515 43 42 100
515 5 42 24
515 16 37 150
515 48 23 150
515 48 37 100
515 3 20 150
515 3 23 100
515 35 12 150
515 17 6 148
515 17 22 150
515 12 22 150
516 0 5 12
516 0 11 8
516 0 23 150
516 0 42 126
516 26 37 100
516 26 44 8
516 16 37 150
516 49 6 150
516 49 12 100
516 49 22 100
516 49 37 150
516 13 12 148
516 36 6 99
516 36 12 150
516 36 22 100
516 12 22 150
516 32 22 100
516 18 6 100
516 18 12 150
516 18 20 99
516 18 22 148
516 18 23 100
516 18 37 100
516 35 12 150
516 11 20 148
516 11 23 100
516 29 12 100
516 29 37 148
517 10 42 126
517 36 6 99
517 36 12 150
517 36 22 100
517 4 23 148
517 3 20 150
517 3 23 100
517 49 6 150
517 49 12 100
517 49 22 100
517 49 37 150
517 45 20 100
517 45 23 99
517 46 6 100
517 46 37 100
517 30 23 148
517 30 37 150
517 48 23 150
517 48 37 100
517 23 20 100
517 11 5 12
517 11 23 100
517 35 12 150
517 44 23 150
517 42 22 150
517 16 22 150
517 16 37 150
518 33 3 30
518 15 3 2
518 30 23 148
518 30 37 150
518 5 42 126
518 49 12 100
518 49 22 100
518 49 37 150
518 26 23 100
518 26 37 100
518 35 12 150
518 47 12 99
518 11 20 148
518 11 23 100
518 4 23 148
518 46 6 100
518 46 37 100
518 32 22 100
518 21 20 150
518 21 23 100
519 21 20 150
519 21 23 100
519 21 42 100
519 13 12 148
519 44 23 150
519 9 6 100
519 32 22 100
519 42 22 150
519 11 20 148
519 11 23 100
519 28 11 6
519 27 20 99
519 35 12 150
519 20 20 148
519 20 23 150
519 20 42 24
519 26 37 100
519 8 11 2
519 49 6 150
519 49 12 100
519 49 22 100
519 49 37 150
519 16 22 150
519 16 37 150
519 7 6 150
520 14 11 8
520 12 22 150
520 43 42 28
520 18 12 150
520 18 20 99
520 18 22 148
520 18 23 100
520 18 37 100
520 34 12 100
520 34 20 150
520 34 22 100
520 34 23 150
520 16 22 150
520 16 37 150
520 35 12 150
520 6 5 12
520 6 22 150
520 23 20 100
520 7 6 150
520 38 20 150
520 17 6 148
520 17 22 150
520 26 23 100
520 26 37 100
520 44 23 150
521 15 6 100
521 4 11 6
521 4 44 6
521 26 5 12
521 26 37 100
521 6 20 150
521 6 22 150
521 21 20 150
521 21 23 100
521 21 42 100
521 21 44 2
521 46 37 100
521 47 12 99
521 39 23 150
521 34 12 100
521 34 20 150
521 34 22 100
521 34 23 150
522 15 6 100
522 18 6 100
522 18 12 150
522 18 20 99
522 18 22 148
522 18 23 100
522 18 37 100
522 18 42 128
522 14 11 8
522 4 23 148
522 41 6 100
522 41 37 100
522 45 20 100
522 45 23 99
522 24 37 150
522 23 20 100
522 34 12 100
522 34 20 150
522 34 22 100
522 34 23 150
522 31 6 148
522 31 12 99
522 3 20 150
522 3 23 100
523 34 12 100
523 34 20 150
523 34 22 100
523 34 23 150
523 35 12 150
523 35 28 100
523 10 42 126
523 49 12 100
523 49 22 100
523 49 37 150
523 39 23 150
523 46 6 100
523 46 37 100
523 41 6 100
523 41 28 100
523 41 37 100
523 38 20 150
523 38 28 36
523 26 37 100
523 26 44 8
523 16 28 2
523 23 20 100
524 20 5 12
524 20 23 150
524 20 42 124
524 31 11 8
524 31 42 2
524 21 20 150
524 21 23 100
524 36 6 99
524 36 12 150
524 36 22 100
524 13 12 148
524 12 22 150
524 47 12 99
524 8 37 99
524 34 12 100
524 34 20 150
524 34 22 100
524 34 23 150
524 42 22 150
524 27 12 148
524 27 20 99
525 48 23 150
525 48 37 100
525 34 12 100
525 34 20 150
525 34 22 100
525 34 23 150
525 5 49 6
525 29 37 148
525 17 5 12
525 17 11 8
525 11 20 148
525 11 23 100
525 3 20 150
525 3 23 100
525 3 49 2
525 39 23 150
525 24 37 150
525 41 6 100
525 41 37 100
525 6 20 150
525 6 22 150
525 0 6 150
525 0 12 148
525 0 23 150
525 35 12 150
525 4 23 148
526 24 37 150
526 39 23 150
526 32 22 100
526 21 20 150
526 21 23 100
526 21 42 100
526 44 23 150
526 40 42 26
526 31 11 8
526 45 20 100
526 45 23 99
526 4 23 148
526 47 12 99
526 29 12 100
526 29 37 148
526 41 6 100
526 41 37 100
526 35 12 150
526 49 6 150
526 49 12 100
526 49 22 100
526 49 37 150
527 46 6 100
527 46 37 100
527 46 42 99
527 10 42 27
527 6 22 150
527 14 11 8
527 0 12 148
527 0 23 150
527 18 6 100
527 18 12 150
527 18 20 99
527 18 22 148
527 18 23 100
527 18 37 100
527 35 12 150
527 7 6 150
527 5 44 6
527 16 37 150
527 13 12 148
527 42 22 150
527 32 22 100
527 29 12 100
527 29 37 148
527 11 20 148
527 11 23 100
527 11 44 2
527 17 22 150
528 31 6 148
528 31 12 99
528 31 42 126
528 48 37 100
528 2 5 12
528 6 22 150
528 44 23 150
528 9 6 100
528 41 6 100
528 41 37 100
528 1 6 99
528 1 12 100
528 1 20 150
528 1 22 100
528 18 6 100
528 18 12 150
528 18 20 99
528 18 22 148
528 18 23 100
528 18 37 100
528 45 20 100
528 45 23 99
528 12 22 150
528 16 22 150
528 16 37 150
528 15 6 100
529 38 20 150
529 12 22 150
529 48 23 150
529 48 37 100
529 48 44 6
529 3 23 100
529 3 42 99
529 35 12 150
529 29 12 100
529 29 37 148
529 22 42 27
529 17 5 12
529 17 11 8
529 7 6 150
529 49 6 150
529 49 12 100
529 49 22 100
529 49 37 150
529 26 23 100
529 26 37 100
529 41 6 100
529 41 37 100
529 34 12 100
529 34 20 150
529 34 22 100
529 34 23 150
529 32 22 100
530 31 3 32
530 31 11 8
530 31 42 126
530 21 23 100
530 21 44 2
530 17 6 148
530 17 22 150
530 6 20 150
530 6 22 150
530 49 6 150
530 49 12 100
530 49 22 100
530 49 37 150
530 7 6 150
530 41 6 100
530 41 37 100
530 12 22 150
530 46 6 100
530 46 37 100
530 4 23 148
530 35 12 150
530 39 23 150
531 16 11 6
531 16 37 150
531 36 6 99
531 36 12 150
531 36 22 100
531 3 20 150
531 3 23 100
531 3 42 99
531 34 12 100
531 34 20 150
531 34 22 100
531 34 23 150
531 43 42 26
531 45 20 100
531 45 23 99
531 8 11 2
531 41 6 100
531 41 37 100
531 49 6 150
531 49 12 100
531 49 22 100
531 49 37 150
531 38 20 150
531 1 6 99
531 1 12 100
531 1 20 150
531 1 22 100
531 13 12 148
531 32 22 100
532 42 22 150
532 20 5 24
532 20 23 150
532 20 42 124
532 49 12 100
532 49 22 100
532 49 37 150
532 36 6 99
532 36 12 150
532 36 22 100
532 46 6 100
532 46 37 100
532 46 42 3
532 17 22 150
532 8 37 99
532 13 12 148
532 30 23 148
532 30 37 150
532 26 23 100
532 26 37 100
532 31 6 148
532 31 12 99
532 11 20 148
532 11 23 100
532 1 6 99
532 1 12 100
532 1 20 150
532 1 22 100
533 31 6 148
533 31 11 8
533 31 42 126
533 27 20 99
533 16 22 150
533 16 37 150
533 35 12 150
533 8 37 99
533 17 5 12
533 17 22 150
533 9 6 100
533 9 44 8
533 11 20 148
533 11 23 100
533 41 6 100
533 41 37 100
533 23 20 100
533 44 23 150
534 9 6 100
534 32 22 100
534 47 11 8
534 14 42 100
534 23 3 30
534 23 42 26
534 29 12 100
534 29 37 148
534 24 37 150
534 0 6 150
534 0 12 148
534 0 23 150
534 11 20 148
534 11 23 100
534 49 6 150
534 49 12 100
534 49 22 100
534 49 37 150
534 6 20 150
534 6 22 150
534 16 3 2
534 16 37 150
534 15 6 100
535 41 6 100
535 41 37 100
535 4 11 6
535 48 23 150
535 48 37 100
535 15 6 100
535 27 12 148
535 27 20 99
535 36 6 99
535 36 12 150
535 36 22 100
535 47 12 99
535 0 6 150
535 0 12 148
535 0 23 150
535 0 42 126
535 34 12 100
535 34 20 150
535 34 22 100
535 34 23 150
535 1 6 99
535 1 12 100
535 1 20 150
535 1 22 100
535 44 23 150
535 7 6 150
535 35 12 150
535 3 20 150
535 3 23 100
536 2 5 12
536 48 23 150
536 48 37 100
536 17 6 148
536 17 11 2
536 17 28 150
536 7 6 150
536 7 28 88
536 21 20 150
536 21 23 100
536 21 42 100
536 9 6 100
536 40 42 26
536 27 20 99
536 36 6 99
536 36 12 150
536 36 22 100
536 31 6 148
536 31 12 99
536 30 23 148
536 30 37 150
536 39 23 150
537 12 22 150
537 20 5 12
537 20 23 150
537 20 28 100
537 20 42 124
537 27 20 99
537 35 12 150
537 35 28 100
537 29 12 100
537 29 28 36
537 49 6 150
537 49 12 100
537 49 22 100
537 49 37 150
537 10 42 2
537 30 37 150
537 24 37 150
537 3 20 150
537 3 23 100
537 3 28 2
537 46 37 100
537 9 6 100
537 38 20 150
537 31 6 148
537 31 12 99
538 24 37 150
538 24 49 8
538 0 11 8
538 0 23 150
538 9 6 100
538 30 23 148
538 30 37 150
538 27 12 148
538 27 20 99
538 45 20 100
538 45 23 99
538 42 22 150
538 38 20 150
538 8 37 99
538 32 22 100
538 18 6 100
538 18 12 150
538 18 20 99
538 18 22 148
538 18 23 100
538 18 37 100
538 29 12 100
538 29 37 148
538 46 6 100
538 46 37 100
539 39 23 150
539 23 20 100
539 23 42 126
539 0 12 148
539 0 23 150
539 9 6 100
539 1 6 99
539 1 12 100
539 1 20 150
539 1 22 100
539 1 28 100
539 42 22 150
539 36 6 99
539 36 12 150
539 36 22 100
539 6 20 150
539 6 22 150
539 21 20 150
539 21 23 100
539 8 37 99
539 45 20 100
539 45 23 99
539 24 37 150
539 16 22 150
539 16 28 138
539 35 12 150
540 45 20 100
540 45 23 99
540 4 23 148
540 31 6 148
540 31 12 99
540 31 42 126
540 30 23 148
540 30 37 150
540 41 6 100
540 41 28 100
540 41 37 100
540 24 37 150
540 18 6 100
540 18 12 150
540 18 20 99
540 18 22 148
540 18 23 100
540 18 28 138
540 21 20 150
540 21 23 100
540 8 37 99
540 48 23 150
540 48 37 100
540 12 22 150
540 42 22 150
540 49 6 150
540 49 12 100
540 49 22 100
540 49 37 150
541 15 6 100
541 4 11 6
541 4 44 6
541 11 23 100
541 11 44 2
541 13 12 148
541 5 42 24
541 26 37 100
541 47 12 99
541 16 22 150
541 16 37 150
541 42 22 150
541 38 20 150
541 29 12 100
541 29 37 148
541 17 6 148
541 17 22 150
542 32 22 100
542 5 42 126
542 45 23 99
542 38 20 150
542 29 12 100
542 29 37 148
542 23 20 100
542 34 12 100
542 34 20 150
542 34 22 100
542 34 23 150
542 13 12 148
542 36 6 99
542 36 12 150
542 36 22 100
542 31 6 148
542 31 11 8
542 24 37 150
542 2 5 12
542 0 12 148
542 0 23 150
543 34 3 32
543 34 20 150
543 34 22 100
543 34 23 150
543 45 20 100
543 45 23 99
543 43 42 100
543 16 11 6
543 16 37 150
543 39 23 150
543 8 11 2
543 17 6 148
543 17 22 150
543 47 12 99
543 9 6 100
543 10 42 26
543 46 6 100
543 46 37 100
543 41 6 100
543 41 37 100
544 1 6 99
544 1 12 100
544 1 20 150
544 1 22 100
544 31 6 148
544 31 12 99
544 31 42 126
544 30 37 150
544 45 20 100
544 45 23 99
544 24 37 150
544 0 5 12
544 0 12 148
544 0 23 150
544 32 22 100
544 11 20 148
544 11 23 100
544 39 23 150
544 12 22 150
544 8 37 99
544 48 23 150
544 48 37 100
545 36 6 99
545 36 12 150
545 36 22 100
545 24 37 150
545 27 11 6
545 27 20 99
545 15 6 100
545 29 12 100
545 29 37 148
545 14 11 2
545 30 23 148
545 30 37 150
545 9 6 100
545 10 42 26
545 41 37 100
545 46 6 100
545 46 37 100
545 7 6 150
546 3 20 150
546 3 23 100
546 3 42 99
546 26 5 12
546 26 37 100
546 4 11 6
546 1 6 99
546 1 12 100
546 1 20 150
546 1 22 100
546 14 11 2
546 49 12 100
546 49 22 100
546 49 37 150
546 45 20 100
546 45 23 99
546 31 6 148
546 31 12 99
546 34 12 100
546 34 20 150
546 34 22 100
546 34 23 150
546 11 20 148
546 11 23 100
546 42 22 150
546 17 6 148
546 17 22 94630
546 44 23 150
546 22 42 1
547 48 3 30
547 48 37 100
547 49 6 150
547 49 12 100
547 49 22 100
547 49 37 150
547 49 42 24
547 45 20 100
547 45 23 99
547 18 6 100
547 18 12 150
547 18 20 99
547 18 22 88
547 18 37 100
547 47 11 8
547 4 23 148
547 31 6 148
547 31 12 99
547 29 12 100
547 29 37 148
547 13 12 148
547 7 6 150
547 35 12 150
548 41 6 100
548 41 37 100
548 13 12 148
548 30 23 148
548 30 37 150
548 12 22 150
548 5 42 126
548 31 11 8
548 44 23 150
548 0 5 12
548 0 12 148
548 0 23 150
548 34 12 100
548 34 20 150
548 34 22 100
548 34 23 150
548 45 20 100
548 45 23 99
548 4 23 148
548 7 6 150
548 18 6 100
548 18 12 150
548 18 20 99
548 18 22 92
548 18 37 100
548 47 12 99
549 40 42 100
549 6 5 12
549 6 22 150
549 47 11 8
549 36 6 99
549 36 12 150
549 36 22 100
549 39 23 150
549 49 6 150
549 49 12 100
549 49 22 88
549 49 42 24
549 14 42 2
549 20 23 150
549 38 20 150
549 16 22 2
549 0 6 150
549 0 12 148
549 0 23 150
549 26 23 100
549 26 37 100
549 48 23 150
549 48 37 100
550 20 5 12
550 20 23 150
550 20 42 124
550 36 12 150
550 36 22 100
550 23 20 100
550 23 42 2
550 29 12 100
550 29 37 148
550 17 6 148
550 17 22 -94630
550 7 6 150
550 6 20 150
550 6 22 150
550 38 20 150
550 31 6 148
550 31 12 99
550 3 20 150
550 3 23 100
550 16 22 150
550 16 37 150
550 49 6 150
550 49 12 100
550 49 22 100
550 49 37 150
550 27 12 148
550 27 20 99
551 32 22 100
551 13 12 148
551 16 11 6
551 16 37 150
551 27 12 148
551 27 20 99
551 14 11 2
551 17 5 12
551 17 22 94572
551 30 37 150
551 6 20 150
551 26 23 100
551 26 37 100
551 0 6 150
551 0 12 148
551 0 23 150
551 0 42 24
551 34 20 150
551 34 23 150
551 47 12 99
551 44 23 150
551 9 6 100
552 20 5 12
552 20 23 150
552 20 42 128
552 46 6 100
552 46 37 100
552 0 6 150
552 0 11 8
552 0 23 150
552 41 6 100
552 41 37 100
552 36 6 99
552 36 12 150
552 31 6 148
552 31 12 99
552 29 12 100
552 29 37 148
552 27 12 148
552 27 20 99
552 48 23 150
552 48 37 100
552 49 6 150
552 49 12 100
552 49 37 150
552 26 23 100
552 26 37 100
552 38 20 150
552 21 20 150
552 21 23 100
553 25 31 18
553 26 37 100
553 40 31 1
553 11 20 148
553 11 23 100
553 30 23 148
553 30 37 150
553 7 6 150
553 7 28 148
553 9 6 100
553 1 6 99
553 1 12 100
553 1 20 150
553 1 22 100
553 1 28 90
553 10 42 26
553 45 23 99
553 49 6 150
553 49 12 100
553 49 22 100
553 49 37 150
553 29 12 100
553 29 37 148
554 42 22 150
554 17 5 12
554 17 11 8
554 14 42 100
554 24 37 150
554 3 20 150
554 3 23 100
554 3 42 24
554 49 6 150
554 49 12 100
554 49 22 100
554 49 37 150
554 46 6 100
554 46 37 100
554 15 6 100
554 4 23 148
554 44 23 150
555 10 42 128
555 46 37 100
555 0 5 12
555 0 11 8
555 0 23 150
555 8 37 99
555 49 6 150
555 49 12 100
555 49 22 100
555 49 37 150
555 21 20 150
555 21 23 100
555 7 6 150
555 45 20 100
555 45 23 99
555 16 22 150
555 16 37 150
555 24 37 150
555 23 20 100
555 26 23 100
555 26 37 100
556 42 22 150
556 24 31 18
556 41 6 100
556 41 37 100
556 25 44 8
556 27 20 99
556 49 6 150
556 49 12 100
556 49 22 100
556 49 37 150
556 49 42 124
556 21 20 150
556 21 23 100
556 21 42 2
556 16 37 150
556 20 20 148
556 20 23 150
556 46 6 100
556 46 37 100
556 8 11 2
556 30 23 148
556 30 37 150
556 32 22 100
556 35 12 150
557 26 5 12
557 26 37 100
557 0 6 150
557 0 12 148
557 0 23 150
557 0 42 126
557 31 12 99
557 35 12 150
557 35 28 100
557 6 20 150
557 6 22 150
557 6 31 1
557 21 23 100
557 36 6 99
557 36 12 150
557 36 22 100
557 4 23 148
557 29 12 100
557 29 28 100
557 29 37 148
557 33 28 38
557 39 23 150
558 43 42 100
558 43 44 6
558 47 31 18
558 17 22 95012
558 20 23 150
558 20 42 24
558 41 37 100
558 15 6 100
558 27 12 148
558 27 20 99
558 23 20 100
558 23 42 2
558 35 12 150
558 38 20 150
558 44 23 150
558 13 12 148
558 4 23 148
558 11 20 148
558 11 23 100
558 11 44 2
559 30 37 150
559 26 5 12
559 26 37 100
559 27 11 6
559 27 20 99
559 10 42 126
559 34 12 100
559 34 20 150
559 34 23 150
559 49 6 150
559 49 12 100
559 49 37 150
559 40 31 1
559 46 37 100
559 47 12 99
559 17 6 148
559 17 11 2
560 4 23 148
560 3 20 150
560 3 23 100
560 3 29 60
560 15 6 100
560 12 22 150
560 16 22 150
560 16 37 150
560 8 37 99
560 45 20 100
560 45 23 99
560 17 5 12
560 17 22 94712
560 20 23 150
560 13 12 148
560 26 23 100
560 26 37 100
560 44 23 150
561 40 42 100
561 11 5 12
561 11 23 100
561 11 44 8
561 24 37 150
561 22 42 27
561 27 20 99
561 26 23 100
561 26 37 100
561 47 12 99
561 7 6 150
561 41 6 100
561 41 37 100
561 23 20 100
561 1 6 99
561 1 12 100
561 1 20 150
561 1 22 100
561 32 22 100
561 20 20 148
561 20 23 150
562 30 23 148
562 30 37 150
562 32 22 100
562 21 20 150
562 21 23 100
562 21 42 100
562 18 6 100
562 18 12 150
562 18 20 99
562 18 22 40
562 18 37 100
562 18 42 26
562 3 20 150
562 3 23 100
562 1 6 99
562 1 12 100
562 1 20 150
562 7 6 150
562 27 11 6
562 27 20 99
562 41 6 100
562 41 37 100
562 38 20 150
562 23 20 100
562 15 6 100
562 45 20 100
562 45 23 99
563 5 29 60
563 41 37 100
563 15 6 100
563 1 6 99
563 1 12 100
563 1 20 150
563 29 12 100
563 29 37 148
563 45 20 100
563 45 23 99
563 44 23 150
563 39 23 150
563 27 12 148
563 27 20 99
563 7 6 150
564 7 6 150
564 32 22 100
564 1 6 99
564 1 12 100
564 1 20 150
564 1 22 100
564 42 22 140
564 41 37 100
564 21 20 150
564 21 23 100
564 35 12 150
564 48 23 150
564 48 37 100
564 18 6 100
564 18 12 150
564 18 20 99
564 18 23 100
564 18 37 100
564 47 11 8
564 47 31 18
564 20 5 12
564 20 23 150
564 24 37 150
564 12 31 1
565 1 12 100
565 1 20 150
565 40 49 8
565 29 37 148
565 20 20 148
565 20 23 150
565 4 23 148
565 45 20 100
565 45 23 99
565 6 20 150
565 46 6 100
565 46 37 100
565 13 12 148
565 38 20 150
565 41 6 100
565 41 37 100
565 24 37 150
566 15 6 100
566 12 22 150
566 3 20 150
566 3 23 100
566 3 42 99
566 14 11 8
566 48 23 150
566 48 37 100
566 42 22 150
566 22 42 1
566 34 20 150
566 34 22 40
566 38 20 150
566 49 6 150
566 49 12 100
566 49 37 150
566 41 6 100
566 41 37 100
567 22 42 126
567 0 5 24
567 0 11 8
567 0 23 150
567 3 20 150
567 3 23 100
567 23 20 100
567 48 23 150
567 48 37 100
567 38 20 150
567 8 37 99
567 46 6 100
567 46 37 100
567 13 12 148
567 20 20 148
567 20 23 150
567 24 37 150
567 31 6 148
567 31 12 99
567 44 23 150
567 35 12 150
568 48 23 150
568 48 37 100
568 48 44 6
568 3 20 150
568 3 23 100
568 3 42 24
568 12 22 150
568 4 23 148
568 2 5 12
568 13 12 148
568 23 20 100
568 23 42 2
568 26 23 100
568 26 37 100
568 27 12 148
568 27 20 99
569 10 3 30
569 27 20 99
569 41 6 100
569 41 37 100
569 47 12 99
569 18 6 100
569 18 12 150
569 18 20 99
569 18 22 148
569 18 23 100
569 18 37 100
569 44 23 150
569 17 3 2
569 17 11 2
569 13 12 148
569 1 6 99
569 1 12 100
569 1 20 150
569 1 22 100
569 0 6 150
569 0 12 148
569 0 23 150
569 45 20 100
569 45 23 99
569 29 12 100
569 29 37 148
569 46 6 100
569 46 37 100
569 11 20 148
569 11 23 100
569 21 20 150
569 21 23 100
569 35 12 150
570 26 23 100
570 26 37 100
570 16 3 32
570 16 28 150
570 16 37 150
570 6 20 150
570 6 22 150
570 32 22 100
570 13 12 148
570 24 37 150
570 29 12 100
570 29 28 88
570 15 6 100
570 20 20 148
570 20 23 150
570 20 42 124
570 1 12 100
570 1 20 150
570 1 22 100
570 0 6 150
570 0 12 148
570 0 23 150
570 47 12 99
570 14 42 2
570 42 22 150
571 38 20 150
571 31 6 148
571 31 11 8
571 31 42 126
571 16 37 150
571 32 22 100
571 32 44 6
571 34 12 100
571 34 20 150
571 34 22 100
571 34 23 150
571 17 5 12
571 17 22 94524
571 26 37 100
571 29 12 100
571 29 37 148
571 8 37 99
571 21 20 150
571 21 23 100
571 21 44 2
571 4 23 148
571 3 20 150
571 3 23 100
572 14 11 8
572 38 20 150
572 8 37 99
572 48 23 150
572 48 37 100
572 48 44 6
572 6 22 150
572 15 6 100
572 0 6 150
572 0 12 148
572 0 23 150
572 27 12 148
572 27 20 99
572 44 23 150
572 16 22 150
572 16 37 150
572 45 20 100
572 45 23 99
572 36 6 99
572 36 12 150
572 36 22 40
572 30 37 150
573 25 31 18
573 0 11 8
573 0 23 150
573 0 42 126
573 7 6 150
573 21 20 150
573 21 23 100
573 21 44 2
573 11 23 100
573 16 22 150
573 16 37 150
573 39 23 150
573 23 20 100
573 49 6 150
573 49 12 100
573 49 22 100
573 49 37 150
573 30 23 148
573 30 37 150
573 44 23 150
573 45 20 100
573 45 23 99
574 3 20 150
574 3 23 100
574 3 42 99
574 23 20 100
574 23 42 26
574 30 37 150
574 32 22 88
574 34 20 150
574 34 23 150
574 20 5 12
574 20 23 150
574 16 11 6
574 47 12 99
574 21 20 150
574 21 23 100
574 21 42 1
574 6 31 1
574 29 37 148
574 0 6 150
574 0 12 148
574 0 23 150
574 24 37 150
574 14 11 2
575 21 20 150
575 21 23 100
575 21 42 100
575 30 23 148
575 30 37 150
575 22 42 26
575 17 11 8
575 15 6 100
575 36 6 99
575 36 12 150
575 36 22 100
575 41 6 100
575 41 37 100
575 48 23 150
575 48 37 100
575 27 12 148
575 27 20 99
575 45 20 100
575 45 23 99
575 29 12 100
575 29 37 148
575 46 6 100
575 46 31 18
576 22 42 126
576 12 31 1
576 29 37 148
576 41 6 100
576 41 37 100
576 39 23 150
576 28 11 6
576 30 37 150
576 14 11 2
576 31 6 148
576 31 12 99
576 1 6 99
576 1 12 100
576 1 20 150
576 1 22 100
576 46 6 100
576 46 37 100
576 18 6 100
576 18 12 150
576 18 20 99
576 18 22 148
576 18 23 100
576 18 37 100
577 40 42 100
577 32 22 100
577 10 42 26
577 3 20 150
577 3 23 100
577 39 23 20
577 49 12 100
577 49 22 100
577 49 37 150
577 18 6 100
577 18 12 150
577 18 20 99
577 18 22 148
577 18 37 100
577 47 12 99
577 26 37 100
577 20 20 148
578 21 20 150
578 30 37 150
578 31 6 148
578 31 12 99
578 9 6 100
578 12 22 150
578 48 37 100
578 46 6 100
578 46 37 100
578 34 12 100
578 34 20 150
578 34 22 100
578 0 6 150
578 0 12 148
578 18 6 100
578 18 12 150
578 18 20 99
578 18 22 148
578 18 37 100
579 7 6 150
579 49 6 150
579 49 12 100
579 49 22 100
579 49 37 150
579 20 20 148
579 29 12 100
579 29 37 148
579 16 22 150
579 16 37 150
579 3 20 150
579 32 22 100
579 41 6 100
579 41 37 100
579 6 20 150
579 6 22 150
579 0 6 150
579 0 12 148
579 11 20 148
580 35 12 150
580 47 12 99
580 15 6 100
580 48 37 100
580 34 12 100
580 34 20 150
580 34 22 100
580 30 37 150
580 38 20 150
580 29 12 100
580 29 37 148
580 11 20 148
580 26 37 100
580 45 20 100
580 1 6 99
580 1 12 100
580 1 20 150
580 1 22 100
580 42 22 150
581 26 37 100
581 11 20 148
581 23 20 100
581 21 20 150
581 8 37 99
581 13 12 148
581 31 6 148
581 31 12 99
581 34 12 100
581 34 20 150
581 34 22 100
581 7 6 150
581 6 20 150
581 6 22 150
581 24 37 150
581 36 6 99
581 36 12 150
581 36 22 100
582 46 6 84
582 17 22 92420
582 35 12 150
582 11 20 148
582 34 12 100
582 34 20 150
583 38 20 150
583 23 20 100
583 27 12 148
583 27 20 99
583 20 20 148
583 34 12 100
583 34 20 150
583 29 12 100
583 29 37 148
583 48 37 100
583 41 37 100
583 30 37 150
584 26 37 100
584 31 12 99
584 29 12 100
584 29 37 148
584 23 20 100
584 1 12 100
584 1 20 150
584 6 20 150
584 24 37 150
584 27 12 148
584 27 20 99
585 29 12 100
585 29 37 148
585 31 12 99
585 6 20 150
585 24 37 150
585 21 20 150
585 45 20 100
585 23 20 100
586 34 12 100
586 34 20 150
586 26 37 100
586 35 12 150
586 21 20 150
586 3 20 150
586 18 12 150
586 18 20 99
586 18 37 100
586 16 37 150
586 23 20 100
586 36 12 150
586 47 12 99
587 23 20 100
587 26 37 100
587 29 12 100
587 29 37 148
587 31 12 99
587 49 12 100
587 49 37 150
587 35 12 150
587 13 12 148
587 18 12 150
587 18 20 99
587 18 37 100
587 8 37 99
587 16 37 150
587 20 20 148
587 27 12 148
587 27 20 99
588 18 12 150
588 18 20 99
588 18 37 100
588 34 12 100
588 34 20 150
588 35 12 150
588 21 20 150
588 16 37 150
588 24 37 150
588 6 20 150
588 3 20 150
588 41 37 100
589 16 37 150
589 46 37 100
589 35 12 150
589 30 37 150
589 20 20 148
589 48 37 100
589 27 12 148
589 27 20 99
589 31 12 99
590 48 37 100
590 26 37 100
590 27 12 148
590 27 20 99
590 8 37 99
590 46 37 100
590 45 20 100
590 41 37 100
590 11 20 148
590 24 37 150
591 35 12 150
591 29 12 100
591 29 37 148
591 20 20 148
591 23 20 100
591 47 12 99
591 45 20 100
591 30 37 150
591 48 37 100
591 8 37 99
592 47 12 99
592 13 12 148
592 20 20 148
592 36 12 150
592 49 12 100
592 49 37 150
592 38 20 150
593 34 12 100
593 34 20 150
593 36 12 150
593 0 12 148
593 29 12 100
593 29 37 148
593 17 22 -92420
593 47 12 99
593 13 12 148
594 31 12 99
594 41 37 100
594 38 20 150
594 23 20 100
594 36 12 150
594 36 22 100
594 24 37 150
594 20 20 148
594 0 12 148
594 34 12 100
594 34 20 150
594 34 22 100
594 11 20 148
594 12 22 150
594 21 20 150
595 17 22 92070
595 34 12 100
595 34 20 150
595 18 12 150
595 18 20 99
595 18 37 100
595 31 12 99
595 41 37 100
596 17 22 -92070
596 38 20 150
596 6 20 150
596 6 22 150
596 41 37 100
596 23 20 100
596 45 20 100
596 32 22 100
596 30 37 150
596 36 12 150
596 36 22 100
596 0 12 148
597 21 20 150
597 46 37 100
597 32 22 100
597 27 12 148
597 27 20 99
597 26 37 100
597 12 22 150
597 45 20 100
597 13 12 148
597 24 37 150
597 41 37 100
597 38 20 150
597 35 12 150
598 32 22 100
598 46 37 100
598 1 12 100
598 1 20 150
598 1 22 100
598 27 12 148
598 27 20 99
598 23 20 100
598 48 37 100
598 30 37 150
598 21 20 150
598 38 20 150
598 49 12 100
598 49 22 100
598 49 37 150
598 11 20 148
598 29 12 100
598 29 37 148
598 20 20 148
599 38 20 150
599 35 12 150
599 30 37 150
599 23 20 100
599 24 37 150
599 0 12 148
599 12 22 150
599 48 37 100
599 34 12 100
599 34 20 150
599 34 22 100
599 1 12 100
599 1 20 150
599 1 22 100
599 41 37 100
599 45 20 100
599 49 12 100
599 49 22 100
599 49 37 150
600 23 20 100
600 49 12 100
600 49 22 100
600 49 37 150
600 27 12 148
600 27 20 99
600 30 37 150
600 17 22 90620
600 6 20 150
600 45 20 100
600 20 20 148
601 30 37 150
601 6 20 150
601 49 12 100
601 49 37 150
601 8 37 99
601 20 20 148
601 0 12 148
601 11 20 148
601 26 37 100
601 3 20 150
602 17 22 -90620
602 36 12 150
602 36 22 100
602 42 22 150
602 46 37 100
602 47 12 99
602 38 20 150
602 41 37 100
602 49 12 100
602 49 22 100
602 49 37 150
602 35 12 150
603 31 12 99
603 34 12 100
603 34 20 150
603 34 22 100
603 1 12 100
603 1 20 150
603 1 22 100
603 18 12 150
603 18 20 99
603 18 22 148
603 18 37 100
603 16 22 150
603 16 37 150
603 0 12 148
603 46 37 100
603 11 20 148
603 23 20 100
603 48 37 100
603 36 12 150
603 36 22 100
603 6 20 150
603 6 22 150
603 24 37 150
604 13 12 148
604 45 20 100
604 16 22 150
604 16 37 150
604 12 22 150
604 41 37 100
604 3 20 150
604 49 12 100
604 49 22 100
604 49 37 150
604 26 37 100
604 21 20 150
604 1 12 100
604 1 20 150
604 1 22 100
605 0 12 148
605 21 20 150
605 38 20 150
605 42 22 150
605 30 37 150
605 46 37 100
605 48 37 100
605 20 20 148
606 27 12 148
606 27 20 99
606 6 20 150
606 6 22 150
606 26 37 100
606 36 12 150
606 36 22 100
606 42 22 150
606 48 37 100
606 3 20 150
606 11 20 148
606 23 20 100
606 17 22 88472
606 16 37 150
606 13 12 148
607 41 37 100
607 17 22 -88472
607 26 37 100
607 23 20 100
607 3 20 150
607 47 12 18
607 1 22 100
608 36 22 100
608 11 20 148
608 3 20 150
608 46 37 100
608 42 22 150
608 41 37 100
608 18 20 99
608 18 22 148
608 18 37 100
608 8 37 99
608 29 37 148
609 12 22 150
609 38 20 150
609 17 22 87824
609 24 37 150
609 11 20 148
609 23 20 100
610 6 20 150
610 17 22 -87824
610 32 22 100
610 29 37 148
610 42 22 150
610 3 20 150
610 21 20 150
610 45 20 100
611 26 37 100
611 30 37 150
611 38 20 150
611 1 20 150
611 1 22 100
611 6 20 150
611 6 22 150
611 23 20 100
611 3 20 150
611 16 22 150
611 16 37 150
612 48 37 100
612 34 20 150
612 34 22 100
612 32 22 100
612 21 20 150
612 41 37 100
612 1 20 150
612 1 22 100
612 46 37 100
612 16 22 150
612 16 37 150
612 45 20 100
612 38 20 150
613 1 20 150
613 1 22 100
613 46 37 100
613 34 20 150
613 34 22 100
613 18 20 99
613 18 22 148
613 18 37 100
613 49 22 100
613 49 37 150
613 16 22 150
613 16 37 150
613 48 37 100
613 27 20 99
613 26 37 100
614 46 37 100
614 42 22 150
614 3 20 150
614 29 37 148
614 48 37 100
614 6 20 150
614 6 22 150
614 34 20 150
614 34 22 100
614 12 22 150
614 17 22 85576
615 48 37 100
615 41 37 100
615 46 37 100
615 1 20 150
615 29 37 148
616 3 20 150
616 34 20 150
616 11 20 148
616 23 20 100
616 48 37 100
616 27 20 99
616 21 20 150
616 17 22 -85576
616 32 22 100
617 24 37 150
617 8 37 99
617 30 37 150
617 32 22 100
617 49 22 100
617 49 37 150
617 41 37 100
617 27 20 99
617 6 20 150
617 6 22 150
617 1 20 150
617 1 22 100
617 29 37 148
618 20 20 148
618 34 20 150
618 34 22 100
618 41 37 100
618 17 22 84926
618 11 20 148
618 30 37 150
618 23 20 100
618 18 20 99
618 18 37 100
619 8 37 99
619 38 20 150
619 46 37 100
619 49 37 150
619 34 20 150
619 24 37 150
620 3 20 150
620 29 37 148
620 48 37 100
620 1 20 150
620 27 20 99
620 8 37 99
620 21 20 150
620 49 37 150
621 21 20 150
621 48 37 100
621 26 37 100
621 30 37 150
621 34 20 150
621 49 37 150
621 45 20 100
621 38 20 150
622 49 37 150
622 21 20 150
622 41 37 100
622 3 20 150
622 34 20 150
622 24 37 150
622 30 37 150
623 49 37 150
623 24 37 150
623 27 20 99
623 46 37 100
623 16 37 150
623 38 20 150
623 1 20 150
623 18 20 99
623 18 37 100
624 49 37 150
624 46 37 100
624 18 20 99
624 18 37 100
624 24 37 150
624 8 37 99
624 20 20 148
624 48 37 100
624 26 37 100
624 6 20 150
624 29 37 148
624 30 37 150
625 49 37 150
625 21 20 150
625 11 20 148
625 20 20 148
625 1 20 150
625 46 37 100
625 3 20 150
626 11 20 148
626 21 20 150
626 27 20 99
626 18 20 99
626 18 37 100
626 3 20 150
626 30 37 150
626 16 37 150
626 17 22 -84926
626 24 37 150
626 29 37 148
626 41 37 100
627 32 22 100
627 3 20 150
627 48 37 100
627 12 22 150
627 24 37 150
627 46 37 100
627 1 20 150
627 1 22 100
627 20 20 148
628 6 20 150
628 6 22 150
628 26 37 100
628 12 22 150
628 1 20 150
628 1 22 100
628 20 20 148
628 29 37 148
628 3 20 150
628 8 37 99
628 42 22 150
628 45 20 100
629 18 20 99
629 18 22 148
629 18 37 100
629 12 22 150
629 48 37 100
629 32 22 100
629 8 37 99
629 21 20 150
629 23 20 100
629 49 22 100
629 49 37 150
629 46 37 100
629 29 37 148
630 12 22 150
630 16 22 150
630 16 37 150
630 48 37 100
630 45 20 100
630 32 22 100
630 41 37 100
630 27 20 99
630 29 37 148
630 3 20 150
630 42 22 150
630 8 37 99
630 49 22 100
630 49 37 150
630 34 20 150
630 34 22 100
631 41 37 100
631 21 20 150
631 38 20 150
631 42 22 150
631 48 37 100
631 24 37 150
631 36 22 100
631 17 22 82528
631 1 20 150
632 20 20 148
632 46 37 100
632 26 37 100
632 16 37 150
633 18 20 99
633 18 37 100
633 3 20 150
633 21 20 150
633 38 20 150
633 24 37 150
633 49 37 150
633 16 37 150
633 48 37 100
633 46 37 100
634 21 20 150
634 45 20 100
634 8 37 99
634 16 37 150
634 27 20 99
634 17 22 -82528
634 36 22 100
634 32 22 100
635 48 37 100
635 1 20 150
635 1 22 100
635 32 22 100
635 42 22 150
635 23 20 100
635 26 37 100
635 38 20 150
635 46 37 100
635 18 20 99
635 18 22 148
635 18 37 100
635 17 22 81830
636 17 22 -81830
636 42 22 150
636 20 20 148
636 36 22 100
636 46 37 100
636 1 20 150
636 1 22 100
636 11 20 148
636 30 37 150
637 34 20 150
637 34 22 100
637 24 37 150
637 16 22 150
637 16 37 150
637 36 22 100
637 29 37 148
637 46 37 100
637 38 20 150
638 36 22 100
638 16 22 150
638 16 37 150
638 3 20 150
638 30 37 150
638 32 22 100
638 26 37 100
639 11 20 148
639 41 37 100
639 1 20 150
639 1 22 100
639 18 20 99
639 18 22 148
639 18 37 100
639 21 20 150
639 27 20 99
639 29 37 148
640 21 20 150
640 42 22 150
640 8 37 99
640 11 20 148
640 16 22 150
640 16 37 150
640 20 20 148
640 18 20 99
640 18 22 148
640 18 37 100
640 3 20 150
640 1 20 150
640 1 22 100
641 20 20 148
641 26 37 100
641 38 20 150
641 32 22 100
641 49 22 100
641 49 37 150
641 21 20 150
641 12 22 150
641 41 37 100
642 21 20 150
642 38 20 150
642 32 22 100
642 46 37 100
642 1 20 150
642 1 22 100
642 8 37 93
642 49 37 2
643 32 22 100
643 17 22 79234
643 21 20 150
643 6 20 150
643 11 20 148
644 6 20 150
645 38 20 150
645 3 20 150
645 20 20 148
646 34 20 150
646 38 20 150
646 21 20 150
646 27 20 99
647 23 20 100
647 1 20 150
647 38 20 150
647 20 20 148
647 45 20 100
647 21 20 150
648 34 20 150
648 20 20 148
648 21 20 150
648 27 20 99
648 6 20 150
649 3 20 150
649 38 20 150
649 45 20 100
649 11 20 148
649 17 22 -79234
650 32 22 100
650 45 20 100
650 21 20 150
650 6 20 150
650 6 22 150
650 11 20 148
651 36 22 100
651 23 20 100
651 3 20 150
651 38 20 150
651 17 22 78884
651 27 20 99
651 6 20 150
652 45 20 100
652 20 20 148
652 17 22 -78884
652 1 20 150
652 1 22 100
652 34 20 150
652 34 22 100
652 42 22 150
653 20 20 148
653 42 22 150
653 32 22 100
653 23 20 100
653 18 20 99
653 18 22 148
653 27 20 99
653 16 22 150
654 20 20 148
654 21 20 150
654 16 22 150
654 1 20 150
654 1 22 100
655 18 20 99
655 18 22 148
655 21 20 150
655 38 20 150
655 49 22 100
655 12 22 150
655 36 22 100
655 32 22 100
655 20 20 148
655 16 22 150
656 12 22 150
656 21 20 150
656 1 20 150
656 1 22 100
656 3 20 150
656 20 20 148
657 36 22 100
657 23 20 100
657 49 22 100
657 21 20 150
658 6 20 150
658 6 22 150
658 12 22 150
658 42 22 150
658 49 22 100
658 16 22 150
659 20 20 148
659 18 20 99
659 18 22 148
659 32 22 100
659 27 20 99
659 36 22 100
659 3 20 150
660 20 20 148
660 17 22 75490
660 11 20 148
660 18 20 99
660 23 20 100
660 38 20 150
661 3 20 150
661 17 22 -75490
661 42 22 150
661 45 20 100
661 27 20 99
661 20 20 148
661 34 20 150
661 34 22 100
661 1 20 150
661 1 22 100
661 21 20 150
662 18 20 99
662 18 22 148
662 27 20 99
662 32 22 100
662 12 22 150
662 21 20 150
663 6 20 150
663 6 22 150
663 23 20 100
663 18 20 99
663 18 22 148
663 38 20 150
663 32 22 100
663 17 22 74344
664 45 20 100
664 11 20 148
664 34 20 150
665 45 20 100
665 6 20 150
666 18 20 99
666 21 20 150
666 45 20 100
666 3 20 150
666 38 20 150
666 11 20 148
666 20 20 148
667 45 20 100
667 20 20 148
667 6 20 150
667 23 20 100
667 3 20 150
667 38 20 150
667 17 22 -74344
667 1 20 150
667 1 22 100
668 16 22 150
668 42 22 150
668 38 20 132
668 32 22 100
668 18 22 148
669 18 22 148
669 1 22 100
669 17 22 73348
671 12 22 150
671 49 22 100
672 18 22 148
672 17 22 72950
675 32 22 100
676 17 22 72850
678 36 22 100
679 17 22 72750
683 42 22 150
683 6 22 150
683 16 22 150
684 17 22 72300
690 12 22 150
690 36 22 100
690 6 22 150
691 32 22 100
691 16 22 150
691 36 22 100
691 18 22 148
692 1 22 100
692 12 22 150
693 49 22 100
693 12 22 150
693 36 22 100
694 18 22 148
694 42 22 150
694 34 22 100
694 32 22 100
694 36 22 100
695 6 22 150
695 18 22 148
695 34 22 100
695 49 22 100
695 17 22 69706
700 36 22 100
701 16 22 150
701 6 22 150
701 42 22 150
702 32 22 100
702 34 22 100
702 36 22 100
702 18 22 148
702 16 22 150
702 49 22 100
703 34 22 100
703 17 22 68358
707 12 22 150
707 6 22 150
707 42 22 150
707 36 22 100
708 32 22 100
708 6 22 150
708 34 22 100
708 17 22 67458
710 6 22 150
711 1 22 100
711 42 22 150
711 12 22 150
711 18 22 148
711 34 22 100
712 1 22 100
712 32 22 100
713 42 22 150
713 18 22 148
713 6 22 150
714 42 22 150
714 12 22 150
714 16 22 150
715 32 22 100
715 17 22 65462
