461 30 3 100
461 30 7 100
461 30 23 148
461 30 37 150
461 29 3 148
461 29 12 100
461 29 25 150
461 29 28 100
461 29 32 48
461 1 6 99
461 1 12 100
461 1 20 150
461 1 22 100
461 1 28 100
461 1 41 150
461 28 28 100
461 28 49 128
461 9 6 100
461 9 44 150
461 23 3 150
461 23 7 100
461 23 20 100
461 23 41 99
461 23 42 150
461 38 20 150
461 38 28 100
461 17 3 100
461 17 5 100
461 17 6 148
461 17 22 150
461 17 26 150
461 17 28 150
461 17 41 100
461 17 47 72
461 7 3 150
461 7 6 150
461 7 7 99
461 7 28 148
461 12 3 100
461 12 7 150
461 12 22 150
461 12 25 148
461 37 3 99
461 2 3 99
461 2 5 148
461 2 7 99
461 2 44 100
461 31 3 100
461 31 6 148
461 31 7 100
461 31 12 99
461 31 26 148
461 31 42 150
461 25 3 100
461 25 26 150
461 25 44 100
462 24 25 100
462 24 37 150
462 24 49 8
462 15 6 100
462 15 26 148
462 20 5 150
462 20 20 148
462 20 23 150
462 20 28 100
462 20 42 148
462 5 26 148
462 5 41 1
462 5 44 66
462 45 23 99
462 2 3 33
462 2 7 99
462 43 42 100
462 48 23 150
462 48 25 100
462 48 26 96
462 9 6 100
462 33 7 148
462 33 28 150
462 40 25 100
462 40 42 100
462 28 28 100
462 27 12 148
462 27 20 99
462 27 25 100
462 32 22 100
462 13 12 148
462 4 23 148
463 24 25 100
463 24 37 150
463 15 3 1
463 23 7 100
463 23 20 100
463 23 42 150
463 6 5 100
463 6 20 150
463 6 22 150
463 8 37 99
463 14 28 148
463 14 42 100
463 1 6 99
463 1 12 100
463 1 20 150
463 1 22 100
463 1 28 100
463 2 5 148
463 2 7 99
463 49 6 150
463 49 7 100
463 49 12 100
463 49 22 100
463 49 25 100
463 49 37 150
463 49 42 148
463 5 42 150
463 19 7 100
463 33 7 148
463 33 28 150
463 45 20 100
463 45 23 99
463 18 6 100
463 18 12 150
463 18 20 99
463 18 22 148
463 18 23 100
463 18 28 150
463 18 37 100
463 18 42 150
463 35 12 150
463 35 28 100
463 17 5 100
463 17 6 148
463 17 22 150
463 17 28 150
464 15 6 100
464 27 12 148
464 27 20 99
464 27 25 100
464 19 7 100
464 5 42 150
464 43 42 100
464 36 6 99
464 36 12 150
464 36 22 100
464 7 6 150
464 7 7 99
464 7 28 56
464 33 7 148
464 33 28 2
464 29 25 150
464 29 37 148
464 39 23 150
464 4 23 148
464 6 5 100
464 6 20 150
464 6 22 150
464 17 5 100
464 17 6 148
464 17 22 150
465 5 42 150
465 33 7 148
465 31 6 148
465 31 7 100
465 31 12 99
465 31 42 150
465 30 7 100
465 30 23 148
465 30 37 150
465 13 12 148
465 27 12 148
465 27 20 99
465 27 25 100
465 34 7 143
465 34 20 150
465 34 22 100
465 34 23 150
465 41 6 100
465 41 25 150
465 41 37 100
465 9 6 100
465 36 6 99
465 36 12 150
465 36 22 100
465 32 22 100
465 6 5 100
465 6 20 150
465 6 22 150
465 45 20 100
465 45 23 99
465 18 6 100
465 18 12 150
465 18 20 99
465 18 22 148
465 18 23 100
465 18 37 100
465 18 42 150
466 12 22 150
466 12 25 148
466 30 23 148
466 30 37 150
466 48 23 150
466 48 25 100
466 48 37 100
466 48 44 6
466 1 6 99
466 1 12 100
466 1 20 150
466 1 22 100
466 26 5 150
466 26 23 100
466 26 37 100
466 47 12 99
466 10 42 150
466 38 20 150
466 34 12 100
466 34 20 150
466 34 22 100
466 34 23 150
466 29 12 100
466 29 25 150
466 29 37 148
466 39 23 150
466 23 20 100
466 23 42 150
466 13 12 148
466 40 25 100
466 40 42 100
467 36 6 99
467 36 12 150
467 36 22 100
467 47 12 99
467 40 25 100
467 40 42 100
467 20 5 150
467 20 20 148
467 20 23 150
467 20 42 148
467 39 23 150
467 18 6 100
467 18 12 150
467 18 20 99
467 18 22 148
467 18 23 100
467 18 37 100
467 18 42 150
467 29 12 100
467 29 25 150
467 29 37 148
467 42 22 150
467 8 37 99
467 49 6 150
467 49 12 100
467 49 22 100
467 49 25 100
467 49 37 150
467 49 42 148
467 14 42 100
467 7 6 150
467 45 20 100
467 45 23 99
468 31 6 148
468 31 12 99
468 31 42 150
468 2 5 148
468 2 44 2
468 36 6 99
468 36 12 150
468 36 22 100
468 12 22 150
468 12 25 148
468 49 6 150
468 49 12 100
468 49 22 100
468 49 25 100
468 49 37 150
468 49 42 148
468 42 22 150
468 5 42 150
468 41 6 100
468 41 25 150
468 41 37 100
468 1 6 99
468 1 12 100
468 1 20 150
468 1 22 100
468 34 12 100
468 34 20 150
468 34 22 100
468 34 23 150
468 46 6 100
468 46 25 100
468 46 37 100
468 46 42 99
468 14 42 100
468 4 23 148
469 29 12 100
469 29 25 150
469 29 37 148
469 38 20 150
469 1 6 99
469 1 12 100
469 1 20 150
469 1 22 100
469 36 6 99
469 36 12 150
469 36 22 100
469 0 5 14
469 0 12 148
469 0 23 150
469 0 42 150
469 45 20 100
469 45 23 99
469 20 20 148
469 20 23 150
469 20 42 148
469 22 42 150
469 5 42 150
469 7 6 150
469 11 20 148
469 11 23 100
469 16 22 150
469 16 37 150
469 46 6 100
469 46 25 100
469 46 37 100
469 46 42 99
469 24 25 100
469 24 37 150
469 6 20 150
469 6 22 150
470 10 42 150
470 45 20 100
470 45 23 99
470 48 23 150
470 48 25 100
470 48 37 100
470 24 25 100
470 24 37 150
470 24 49 8
470 3 23 100
470 3 42 99
470 0 5 12
470 0 12 148
470 0 23 150
470 0 42 150
470 36 6 99
470 36 12 150
470 36 22 100
470 22 42 150
470 1 6 99
470 1 12 100
470 1 20 150
470 1 22 100
470 43 42 100
470 34 12 100
470 34 20 150
470 34 22 100
470 34 23 150
470 39 23 150
470 47 12 99
470 13 12 148
470 27 12 148
470 27 20 99
470 27 25 100
471 15 3 32
471 41 6 100
471 41 25 150
471 41 37 100
471 0 6 150
471 0 12 148
471 0 23 150
471 0 42 150
471 10 42 150
471 32 22 100
471 48 23 150
471 48 25 100
471 48 37 100
471 42 22 150
471 20 20 148
471 20 23 150
471 20 42 148
471 5 42 150
471 18 6 100
471 18 12 150
471 18 20 99
471 18 22 148
471 18 23 100
471 18 37 100
471 18 42 150
471 23 20 100
471 23 42 150
471 44 23 150
471 24 25 100
471 24 37 150
471 30 23 148
471 30 37 150
471 16 22 150
471 16 37 150
471 17 6 148
471 17 22 150
472 24 25 100
472 24 37 150
472 24 49 8
472 20 23 150
472 20 42 148
472 47 12 99
472 41 6 100
472 41 25 150
472 41 37 100
472 31 6 148
472 31 12 99
472 31 42 150
472 5 42 150
472 3 20 150
472 3 23 100
472 3 42 99
472 7 6 150
472 15 6 100
472 11 20 148
472 11 23 100
472 23 20 100
472 23 42 150
472 35 12 150
472 0 6 150
472 0 12 148
472 0 23 150
472 0 42 150
473 37 3 30
473 26 37 100
473 49 6 150
473 49 12 100
473 49 22 100
473 49 25 100
473 49 37 150
473 49 42 148
473 16 3 2
473 16 37 150
473 13 12 148
473 5 42 150
473 39 23 150
473 41 6 100
473 41 25 150
473 41 37 100
473 31 6 148
473 31 12 99
473 31 42 150
473 45 20 100
473 45 23 99
473 22 42 150
473 12 22 150
473 12 25 148
473 21 20 150
473 21 23 100
473 21 42 100
473 24 25 100
473 24 37 150
474 15 6 100
474 35 12 150
474 18 6 100
474 18 12 150
474 18 20 99
474 18 22 148
474 18 23 100
474 18 37 100
474 18 42 150
474 8 37 99
474 30 23 148
474 30 37 150
474 6 5 12
474 6 22 150
474 3 20 150
474 3 23 100
474 3 42 99
474 14 42 100
474 26 23 100
474 26 37 100
474 26 44 8
474 31 12 99
474 31 42 150
474 40 25 100
474 40 42 100
474 38 20 150
474 4 23 148
474 42 22 150
474 49 6 150
474 49 12 100
474 49 22 100
474 49 25 100
474 49 37 150
474 49 42 148
474 32 22 100
475 2 5 12
475 5 42 150
475 5 49 6
475 21 23 100
475 21 42 100
475 41 6 100
475 41 25 150
475 41 37 100
475 0 6 150
475 0 12 148
475 0 23 150
475 0 42 150
475 35 12 150
475 37 49 2
475 16 22 150
475 16 37 150
475 39 23 150
475 26 23 100
475 26 37 100
475 34 12 100
475 34 20 150
475 34 22 100
475 34 23 150
475 23 20 100
475 23 42 150
475 30 23 148
475 30 37 150
475 11 20 148
475 11 23 100
476 43 42 100
476 18 6 100
476 18 12 150
476 18 20 99
476 18 22 148
476 18 23 100
476 18 37 100
476 18 42 150
476 41 6 100
476 41 25 150
476 41 37 100
476 26 23 100
476 26 37 100
476 11 20 148
476 11 23 100
476 36 3 30
476 36 12 150
476 36 22 100
476 22 42 150
476 20 20 148
476 20 23 150
476 20 42 148
476 30 3 2
476 30 37 150
476 16 22 150
476 16 37 150
477 41 6 100
477 41 25 150
477 41 37 100
477 45 20 100
477 45 23 99
477 39 23 150
477 44 23 150
477 35 12 150
477 38 20 150
477 12 3 32
477 12 25 148
477 34 12 100
477 34 20 150
477 34 22 100
477 34 23 150
477 29 12 100
477 29 25 150
477 29 37 148
477 21 20 150
477 21 23 100
477 21 42 100
477 10 42 150
477 43 42 100
477 22 42 150
478 25 3 32
478 35 12 150
478 49 6 150
478 49 12 100
478 49 22 100
478 49 25 100
478 49 37 150
478 49 42 148
478 17 6 148
478 17 22 150
478 34 12 100
478 34 20 150
478 34 22 100
478 34 23 150
478 43 42 100
478 38 20 150
478 30 23 148
478 30 37 150
478 40 25 100
478 40 42 100
478 44 23 150
478 11 20 148
478 11 23 100
478 27 12 148
478 27 20 99
478 27 25 100
479 47 12 99
479 32 22 100
479 40 25 100
479 40 42 100
479 14 42 100
479 36 6 99
479 36 12 150
479 36 22 100
479 16 22 150
479 16 37 150
479 39 23 150
479 4 23 148
479 17 5 12
479 17 22 150
479 49 6 150
479 49 12 100
479 49 22 100
479 49 25 100
479 49 37 150
479 49 42 148
479 21 20 150
479 21 23 100
479 21 42 100
479 44 23 150
479 46 6 100
479 46 25 100
479 46 37 100
479 46 42 99
479 6 20 150
479 6 22 150
479 15 6 100
480 36 6 99
480 36 12 150
480 36 22 100
480 3 20 150
480 3 23 100
480 3 42 99
480 2 5 12
480 34 20 150
480 34 22 100
480 34 23 150
480 14 42 100
480 47 12 99
480 29 12 100
480 29 25 150
480 29 37 148
480 45 20 100
480 45 23 99
480 22 42 150
480 6 20 150
480 6 22 150
480 42 22 150
480 30 23 148
480 30 37 150
480 12 22 150
480 12 25 148
480 48 23 150
480 48 25 100
480 48 37 100
480 44 23 150
481 46 6 100
481 46 25 100
481 46 37 100
481 46 42 99
481 29 3 32
481 29 25 150
481 29 37 148
481 14 42 100
481 15 6 100
481 35 12 150
481 49 6 150
481 49 12 100
481 49 22 100
481 49 25 100
481 49 37 150
481 49 42 148
481 9 6 100
481 17 6 148
481 17 22 150
481 43 42 100
481 12 22 150
481 12 25 148
481 3 20 150
481 3 23 100
481 3 42 99
481 30 23 148
481 30 37 150
481 39 23 150
481 47 12 99
481 42 22 150
482 43 42 100
482 47 12 99
482 8 37 99
482 16 22 150
482 16 37 150
482 17 5 12
482 17 22 150
482 1 6 99
482 1 12 100
482 1 20 150
482 1 22 100
482 23 20 100
482 23 42 150
482 4 23 148
482 0 6 150
482 0 12 148
482 0 23 150
482 0 42 150
482 21 20 150
482 21 23 100
482 21 42 100
482 46 6 100
482 46 25 100
482 46 37 100
482 46 42 99
482 22 42 150
482 11 20 148
482 11 23 100
482 3 20 150
482 3 23 100
482 3 42 99
482 35 12 150
483 12 22 150
483 12 25 148
483 4 23 148
483 6 5 12
483 6 22 150
483 17 6 148
483 17 22 150
483 42 22 150
483 5 42 150
483 15 6 100
483 35 12 150
483 48 23 150
483 48 25 100
483 48 37 100
483 10 42 150
483 29 12 100
483 29 25 150
483 29 37 148
483 26 23 100
483 26 37 100
484 9 6 100
484 8 37 99
484 29 3 32
484 29 25 150
484 29 37 148
484 13 12 148
484 47 12 99
484 34 12 100
484 34 20 150
484 34 22 100
484 34 23 150
484 31 6 148
484 31 12 99
484 31 42 150
484 48 23 150
484 48 25 100
484 48 37 100
484 30 23 148
484 30 37 150
484 7 6 150
484 26 23 100
484 26 37 100
484 43 42 100
484 20 20 148
484 20 23 150
484 20 42 148
484 40 25 100
484 40 42 100
484 22 42 150
485 20 5 12
485 20 23 150
485 20 42 148
485 46 6 100
485 46 25 100
485 46 37 100
485 46 42 99
485 32 22 100
485 32 44 6
485 24 37 150
485 43 42 100
485 13 12 148
485 30 23 148
485 30 37 150
485 38 20 150
485 26 23 100
485 26 37 100
485 2 44 2
485 18 6 100
485 18 12 150
485 18 20 99
485 18 22 148
485 18 23 100
485 18 37 100
485 18 42 150
485 21 20 150
485 21 23 100
485 21 42 100
486 31 6 148
486 31 12 99
486 31 42 150
486 36 6 99
486 36 12 150
486 36 22 100
486 21 20 150
486 21 23 100
486 21 42 100
486 21 44 8
486 24 25 100
486 24 37 150
486 9 6 100
486 22 42 150
486 2 5 12
486 8 37 99
486 10 42 150
486 32 22 100
486 42 22 150
486 49 6 150
486 49 12 100
486 49 22 100
486 49 25 100
486 49 37 150
486 49 42 148
487 33 3 30
487 17 22 150
487 23 20 100
487 23 42 150
487 43 42 100
487 43 44 6
487 9 6 100
487 9 44 2
487 21 23 100
487 21 42 100
487 5 42 150
487 45 20 100
487 45 23 99
487 34 12 100
487 34 20 150
487 34 22 100
487 34 23 150
487 22 42 150
487 18 6 100
487 18 12 150
487 18 20 99
487 18 22 148
487 18 23 100
487 18 37 100
487 18 42 150
487 41 6 100
487 41 25 150
487 41 37 100
487 49 6 150
487 49 12 100
487 49 22 100
487 49 25 100
487 49 37 150
487 49 42 148
487 48 23 150
487 48 25 100
487 48 37 100
488 44 23 150
488 6 5 12
488 6 22 150
488 36 6 99
488 36 12 150
488 36 22 100
488 1 6 99
488 1 12 100
488 1 20 150
488 1 22 100
488 47 12 99
488 24 25 100
488 24 37 150
488 18 6 100
488 18 12 150
488 18 20 99
488 18 22 148
488 18 23 100
488 18 37 100
488 18 42 150
488 31 6 148
488 31 12 99
488 31 42 150
488 43 42 100
488 43 44 6
488 34 20 150
488 34 22 100
488 34 23 150
488 41 6 100
488 41 25 150
488 41 37 100
488 22 42 150
488 39 23 150
488 17 6 148
488 17 22 150
489 12 22 150
489 12 25 148
489 5 42 150
489 13 12 148
489 30 23 148
489 30 37 150
489 44 23 150
489 1 6 99
489 1 12 100
489 1 20 150
489 1 22 100
489 35 12 150
489 39 23 150
489 49 6 150
489 49 12 100
489 49 22 100
489 49 25 100
489 49 37 150
489 49 42 148
489 26 5 12
489 26 37 100
489 4 23 148
489 31 6 148
489 31 12 99
489 31 42 150
489 18 6 100
489 18 12 150
489 18 20 99
489 18 22 148
489 18 23 100
489 18 37 100
489 18 42 150
489 14 42 100
489 42 22 150
489 8 37 99
490 44 23 150
490 6 5 12
490 6 22 150
490 4 23 148
490 23 20 100
490 23 42 150
490 40 25 100
490 40 42 100
490 42 22 150
490 18 6 100
490 18 12 150
490 18 20 99
490 18 22 148
490 18 23 100
490 18 37 100
490 18 42 150
490 27 12 148
490 27 20 99
490 27 25 100
490 20 20 148
490 20 23 150
490 20 42 148
490 12 22 150
490 12 25 148
490 16 22 150
490 16 37 150
490 1 6 99
490 1 12 100
490 1 20 150
490 1 22 100
490 29 12 100
490 29 25 150
490 29 37 148
490 36 6 99
490 36 12 150
490 36 22 100
491 40 25 100
491 40 42 100
491 4 23 148
491 32 22 100
491 9 6 100
491 9 44 2
491 26 37 100
491 11 20 148
491 11 23 100
491 23 20 100
491 23 42 150
491 46 6 100
491 46 25 100
491 46 37 100
491 46 42 99
491 31 6 148
491 31 12 99
491 31 42 150
491 18 6 100
491 18 12 150
491 18 20 99
491 18 22 148
491 18 23 100
491 18 37 100
491 18 42 150
491 42 22 150
491 8 37 99
491 10 42 150
491 21 20 150
491 21 23 100
491 21 42 100
492 13 12 148
492 43 42 100
492 22 42 150
492 36 6 99
492 36 12 150
492 36 22 100
492 12 22 150
492 12 25 148
492 34 12 100
492 34 20 150
492 34 22 100
492 34 23 150
492 8 37 99
492 5 42 150
492 14 42 100
492 40 25 100
492 40 42 100
492 17 5 12
492 17 22 150
492 4 23 148
492 46 6 100
492 46 25 100
492 46 37 100
492 46 42 99
493 12 22 150
493 12 25 120
493 20 23 150
493 20 42 148
493 39 23 150
493 40 42 100
493 6 20 150
493 6 22 150
493 26 23 100
493 26 37 100
493 9 6 100
493 48 23 150
493 48 25 2
493 10 42 150
493 16 22 150
493 16 37 150
493 36 6 99
493 36 12 150
493 36 22 100
493 27 12 148
493 27 20 99
493 38 20 150
493 42 22 150
494 16 7 148
494 16 22 150
494 16 28 150
494 16 37 150
494 33 7 136
494 46 6 100
494 46 37 100
494 46 42 99
494 0 6 150
494 0 12 148
494 0 23 150
494 0 42 150
494 44 7 1
494 32 22 100
494 11 20 148
494 11 23 100
494 13 12 148
494 35 12 150
494 31 6 148
494 31 12 99
494 31 42 150
494 22 42 150
494 18 6 100
494 18 12 150
494 18 20 99
494 18 22 148
494 18 23 100
494 18 37 100
494 18 42 150
494 38 20 150
494 9 6 100
494 6 20 150
494 6 22 150
495 20 5 12
495 20 23 150
495 20 42 148
495 15 6 100
495 41 6 100
495 41 37 100
495 45 20 100
495 45 23 99
495 24 37 150
495 49 6 150
495 49 12 100
495 49 22 100
495 49 37 150
495 49 42 148
495 46 6 100
495 46 37 100
495 46 42 99
495 22 42 150
495 13 12 148
495 3 20 150
495 3 23 100
495 3 42 99
495 11 20 148
495 11 23 100
495 31 6 148
495 31 11 8
495 31 42 150
495 48 23 150
495 48 37 100
495 44 23 150
495 47 12 99
496 0 5 12
496 0 11 8
496 0 23 150
496 0 42 150
496 14 42 100
496 30 23 148
496 30 37 150
496 15 6 100
496 13 12 148
496 26 23 100
496 26 37 100
496 26 44 8
496 16 37 150
496 46 6 100
496 46 37 100
496 46 42 99
496 21 20 150
496 21 23 100
496 21 42 100
496 39 23 150
496 49 6 150
496 49 12 100
496 49 22 100
496 49 37 150
496 49 42 148
496 41 6 100
496 41 37 100
496 29 12 100
496 29 37 148
496 23 20 100
496 23 42 150
496 48 23 150
496 48 37 100
497 13 12 148
497 1 6 99
497 1 12 100
497 1 20 150
497 1 22 100
497 42 22 150
497 29 12 100
497 29 37 148
497 35 12 150
497 41 6 100
497 41 37 100
497 32 22 100
497 18 6 100
497 18 12 150
497 18 20 99
497 18 22 148
497 18 23 100
497 18 37 100
497 18 42 150
497 36 6 99
497 36 12 150
497 36 22 100
497 38 20 150
497 40 42 100
497 40 49 8
497 48 37 100
497 10 42 150
498 15 6 100
498 7 6 150
498 20 5 12
498 20 23 150
498 20 42 148
498 5 42 150
498 10 42 150
498 18 6 100
498 18 12 150
498 18 20 99
498 18 22 148
498 18 23 100
498 18 37 100
498 18 42 150
498 48 23 150
498 48 37 100
498 32 22 100
498 29 12 100
498 29 37 148
498 3 20 150
498 3 23 100
498 3 42 99
498 41 6 100
498 41 37 100
498 34 12 100
498 34 20 150
498 34 22 100
498 34 23 150
498 28 11 6
498 31 11 2
499 45 20 100
499 45 23 99
499 49 6 150
499 49 12 100
499 49 22 100
499 49 37 150
499 49 42 124
499 26 37 100
499 35 12 150
499 38 20 150
499 14 11 8
499 22 42 1
499 3 23 100
499 34 12 100
499 34 20 150
499 34 22 100
499 34 23 150
499 11 20 148
499 11 23 100
499 23 20 100
499 36 6 99
499 36 12 150
499 36 22 100
500 44 23 150
500 38 20 150
500 35 12 150
500 14 11 8
500 6 5 12
500 6 22 150
500 22 42 26
500 46 37 100
500 9 6 100
500 32 22 100
500 47 12 99
500 39 23 150
500 24 37 150
501 35 12 150
501 17 5 12
501 17 11 8
501 42 22 150
501 47 12 99
501 3 20 150
501 3 23 100
501 3 49 8
501 34 12 100
501 34 20 150
501 34 22 100
501 34 23 150
501 44 23 150
501 16 22 150
501 16 37 150
501 1 6 99
501 1 12 100
501 1 20 150
501 1 22 100
501 41 6 100
501 41 37 100
501 31 6 148
501 31 12 99
502 39 23 150
502 36 3 30
502 36 12 150
502 36 22 100
502 10 42 126
502 11 23 100
502 16 3 2
502 16 37 150
502 20 20 148
502 20 23 150
502 6 20 150
502 6 22 150
502 6 29 60
502 1 6 99
502 1 12 100
502 1 20 150
502 1 22 100
502 18 6 100
502 18 12 150
502 18 20 99
502 18 22 148
502 18 23 100
502 18 37 100
502 47 12 99
502 3 20 150
502 3 23 100
502 32 22 100
502 48 23 150
502 48 37 100
503 39 23 150
503 39 49 8
503 17 22 150
503 17 28 150
503 13 12 148
503 4 23 148
503 16 22 150
503 16 28 88
503 49 6 150
503 49 12 100
503 49 22 100
503 49 37 150
503 26 23 100
503 26 37 100
503 1 6 99
503 1 12 100
503 1 20 150
503 1 22 100
503 11 20 148
503 11 23 100
503 8 37 99
503 32 22 100
503 9 6 100
503 23 20 100
503 0 6 150
503 0 12 148
503 0 23 150
504 31 6 148
504 31 11 8
504 31 42 126
504 48 37 100
504 0 5 12
504 0 12 148
504 0 23 150
504 18 6 100
504 18 12 150
504 18 20 99
504 18 22 148
504 18 23 100
504 18 37 100
504 12 22 150
504 32 22 100
504 8 37 99
504 35 12 150
504 6 20 150
504 6 22 150
504 3 20 150
504 3 23 100
504 39 23 150
504 15 6 100
504 49 6 150
504 49 12 100
504 49 22 100
504 49 37 150
504 44 23 150
505 38 20 150
505 10 42 126
505 45 20 100
505 45 23 99
505 11 5 12
505 11 23 100
505 11 44 8
505 21 23 100
505 4 11 6
505 30 23 148
505 30 37 150
505 16 22 150
505 16 37 150
505 3 20 150
505 3 23 100
505 32 22 100
505 14 11 2
505 49 6 150
505 49 12 100
505 49 22 100
505 49 37 150
506 35 12 150
506 5 42 126
506 2 5 12
506 32 22 100
506 16 22 150
506 16 37 150
506 13 12 148
506 23 20 100
506 26 23 100
506 26 37 100
506 36 6 99
506 36 12 150
506 36 22 100
506 14 11 2
506 48 23 150
506 48 37 100
506 30 23 148
506 30 37 150
506 49 6 150
506 49 12 100
506 49 22 100
506 49 37 150
507 16 11 6
507 16 37 150
507 29 12 100
507 29 37 148
507 9 6 100
507 5 42 126
507 41 37 100
507 45 20 100
507 45 23 99
507 26 23 100
507 26 37 100
507 6 20 150
507 6 22 150
507 49 6 150
507 49 12 100
507 49 22 100
507 49 37 150
507 21 20 150
507 21 23 100
507 18 6 100
507 18 12 150
507 18 20 99
507 18 22 148
507 18 23 100
507 18 37 100
507 32 22 100
507 15 6 100
507 48 23 150
507 48 37 100
508 20 5 12
508 20 23 150
508 20 42 124
508 7 6 150
508 39 23 150
508 2 44 8
508 34 12 100
508 34 20 150
508 34 22 100
508 34 23 150
508 41 6 100
508 41 37 100
508 17 6 148
508 17 11 2
508 21 20 150
508 21 23 100
508 6 20 150
508 6 22 150
509 49 6 150
509 49 12 100
509 49 22 100
509 49 37 150
509 49 42 124
509 46 37 100
509 20 5 12
509 20 23 150
509 43 42 2
509 11 23 100
509 44 23 150
509 1 6 99
509 1 12 100
509 1 20 150
509 1 22 100
509 41 6 100
509 41 37 100
509 8 11 8
509 47 12 99
509 4 23 148
509 3 20 150
509 3 23 100
509 39 23 150
509 6 20 150
509 6 22 150
510 15 3 32
510 38 20 150
510 38 28 100
510 5 42 126
510 35 12 150
510 35 28 38
510 11 23 100
510 34 12 100
510 34 20 150
510 34 22 100
510 34 23 150
510 32 22 100
510 30 23 148
510 30 37 150
510 31 6 148
510 31 12 99
510 29 12 100
510 29 37 148
510 16 22 150
510 16 37 150
511 6 5 12
511 6 22 150
511 24 37 150
511 39 23 150
511 4 11 6
511 4 44 6
511 9 6 100
511 9 44 2
511 17 11 2
511 48 23 150
511 48 37 100
511 15 6 100
511 7 6 150
511 11 20 148
511 11 23 100
511 18 6 100
511 18 12 150
511 18 20 99
511 18 22 148
511 18 23 100
511 18 37 100
511 18 42 126
511 1 6 99
511 1 12 100
511 1 20 150
511 1 22 100
512 15 6 100
512 7 6 150
512 44 23 150
512 18 6 100
512 18 12 150
512 18 20 99
512 18 22 148
512 18 23 100
512 18 37 100
512 18 42 126
512 6 22 150
512 35 12 150
512 20 20 148
512 20 23 150
512 25 44 8
512 31 11 8
512 41 6 100
512 41 37 100
512 34 12 100
512 34 20 150
512 34 22 100
512 34 23 150
512 16 22 150
512 16 37 150
513 46 6 100
513 46 37 100
513 46 49 8
513 30 37 150
513 18 6 100
513 18 12 150
513 18 20 99
513 18 22 148
513 18 23 100
513 18 37 100
513 34 12 100
513 34 20 150
513 34 22 100
513 34 23 150
513 44 23 150
513 29 12 100
513 29 37 148
513 47 11 8
513 3 20 150
513 3 23 100
513 42 22 150
513 17 5 12
513 17 22 150
513 4 23 148
513 12 22 150
513 24 37 150
513 11 20 148
513 11 23 100
513 16 22 150
513 16 37 150
514 48 23 150
514 48 37 100
514 31 6 148
514 31 11 8
514 31 42 126
514 45 23 99
514 11 5 12
514 11 23 100
514 47 12 99
514 17 6 148
514 17 22 150
514 4 23 148
514 3 20 150
514 3 23 100
514 35 12 150
514 36 6 99
514 36 12 150
514 36 22 100
514 38 20 150
514 32 22 100
514 12 22 150
514 26 23 100
514 26 37 100
514 1 6 99
514 1 12 100
514 1 20 150
514 1 22 100
515 20 5 12
515 20 23 150
515 20 42 124
515 16 37 150
515 40 42 2
515 30 37 150
515 15 6 100
515 31 6 148
515 31 11 2
515 9 6 100
515 24 37 150
515 41 6 100
515 41 37 100
515 17 6 148
515 17 22 150
515 4 23 148
515 36 6 99
515 36 12 150
515 36 22 100
516 26 5 12
516 26 37 100
516 26 44 8
516 20 23 150
516 20 42 124
516 36 6 99
516 36 12 150
516 36 22 100
516 9 6 100
516 14 11 8
516 4 23 148
516 44 23 150
516 3 20 150
516 3 23 100
516 18 6 100
516 18 12 150
516 18 20 99
516 18 22 148
516 18 23 100
516 18 37 100
516 46 6 100
516 46 37 100
516 48 23 150
516 48 37 100
516 17 6 148
516 17 22 150
517 10 42 126
517 20 23 150
517 18 6 100
517 18 12 150
517 18 20 99
517 18 22 148
517 18 23 100
517 18 37 100
517 4 11 6
517 38 20 150
517 45 20 100
517 45 23 99
517 41 6 100
517 41 37 100
517 34 12 100
517 34 20 150
517 34 22 100
517 34 23 150
517 44 23 150
517 47 12 99
517 6 20 150
517 6 22 150
517 16 22 150
517 16 37 150
517 12 22 150
517 3 20 150
517 3 23 100
518 48 3 30
518 48 37 100
518 39 23 150
518 12 3 2
518 30 23 148
518 30 37 150
518 16 11 9
518 16 37 150
518 32 22 100
518 1 6 99
518 1 12 100
518 1 20 150
518 1 22 100
518 47 12 99
518 20 20 148
518 20 23 150
518 20 42 124
518 45 20 100
518 45 23 99
518 31 6 148
518 31 11 1
518 31 42 2
518 0 12 148
518 0 23 150
518 27 12 148
518 27 20 99
519 15 6 100
519 41 6 100
519 41 37 100
519 32 22 100
519 4 11 6
519 36 6 99
519 36 12 150
519 36 22 100
519 40 42 100
519 26 23 100
519 26 37 100
519 38 20 150
519 27 12 148
519 27 20 99
519 44 23 150
519 48 23 150
519 48 37 100
519 47 12 99
519 1 6 99
519 1 12 100
519 1 20 150
519 1 22 100
519 16 22 150
519 16 37 150
520 7 6 150
520 41 6 100
520 41 37 100
520 39 23 150
520 34 12 100
520 34 20 150
520 34 22 100
520 34 23 150
520 0 5 12
520 0 11 8
520 0 23 150
520 0 42 150
520 3 20 150
520 3 23 100
520 11 20 148
520 11 23 100
520 42 22 150
520 12 22 150
520 8 11 2
520 35 12 150
520 36 6 99
520 36 12 150
520 36 22 100
520 31 6 148
520 31 12 99
520 31 42 2
521 41 37 100
521 29 12 100
521 29 37 148
521 45 20 100
521 45 23 99
521 31 6 148
521 31 11 8
521 31 42 126
521 36 12 150
521 36 22 100
521 3 20 150
521 3 23 100
521 46 6 100
521 46 37 100
521 23 20 100
521 1 6 99
521 1 12 100
521 1 20 150
521 1 22 100
521 15 6 100
521 20 5 12
521 20 23 150
521 38 20 150
521 0 6 150
521 0 12 148
521 0 23 150
522 25 44 8
522 34 20 150
522 34 22 100
522 34 23 150
522 40 42 100
522 6 5 12
522 6 22 150
522 41 6 100
522 41 37 100
522 4 11 6
522 5 42 24
522 35 12 150
522 10 42 2
522 16 22 150
522 16 37 150
522 24 37 150
522 47 12 99
523 3 20 150
523 3 23 100
523 3 28 100
523 3 42 99
523 20 5 12
523 20 23 150
523 20 28 100
523 20 42 24
523 11 23 100
523 11 44 8
523 15 6 100
523 30 23 148
523 30 37 150
523 36 6 99
523 36 12 150
523 36 22 100
523 24 37 150
523 4 23 148
523 10 42 3
523 1 12 100
523 1 20 150
523 1 22 100
523 1 28 38
523 29 37 148
523 44 23 150
523 7 6 150
524 36 6 99
524 36 12 150
524 36 22 100
524 8 11 10
524 26 5 12
524 26 37 100
524 15 6 100
524 5 42 126
524 34 12 100
524 34 20 150
524 34 22 100
524 34 23 150
524 42 22 150
524 41 6 100
524 41 37 100
524 9 6 100
524 11 20 148
524 11 23 100
524 38 20 150
525 3 20 150
525 3 23 100
525 3 49 8
525 11 5 12
525 11 23 100
525 16 11 6
525 16 37 150
525 46 6 100
525 46 37 100
525 1 6 99
525 1 12 100
525 1 20 150
525 1 22 100
525 8 11 2
525 9 6 100
525 49 6 150
525 49 12 100
525 49 22 100
525 49 37 150
525 17 6 148
525 17 22 150
525 26 23 100
525 26 37 100
525 12 22 150
525 21 20 150
525 21 23 100
525 36 6 99
525 36 12 150
525 36 22 100
526 48 23 150
526 48 37 100
526 31 6 148
526 31 11 8
526 31 42 126
526 0 5 12
526 0 12 148
526 0 23 150
526 35 12 150
526 32 22 100
526 3 20 150
526 3 23 100
526 39 23 150
526 20 20 148
526 20 23 150
526 13 12 148
526 24 37 150
526 7 6 150
527 41 6 100
527 41 37 100
527 42 22 150
527 28 11 6
527 36 12 150
527 36 22 100
527 0 5 12
527 0 12 148
527 0 23 150
527 0 42 126
527 14 11 2
527 2 44 8
527 18 6 100
527 18 12 150
527 18 20 99
527 18 22 148
527 18 23 100
527 18 37 100
527 48 23 150
527 48 37 100
527 35 12 150
527 12 22 150
528 46 6 100
528 46 37 100
528 46 42 99
528 36 6 99
528 36 12 150
528 36 22 100
528 21 20 150
528 21 23 100
528 21 42 27
528 7 6 150
528 6 5 12
528 6 22 150
528 0 6 150
528 0 12 148
528 0 23 150
528 48 23 150
528 48 37 100
528 42 22 150
528 35 12 150
528 32 22 100
528 15 6 100
529 11 5 12
529 11 23 100
529 11 44 8
529 47 11 8
529 10 42 26
529 16 37 150
529 41 6 100
529 41 37 100
529 9 6 100
529 7 6 150
529 6 20 150
529 6 22 150
529 44 23 150
529 27 12 148
529 27 20 99
529 39 23 150
530 39 23 150
530 9 6 100
530 42 22 150
530 13 12 148
530 46 6 100
530 46 37 100
530 46 42 99
530 44 23 150
530 0 3 30
530 0 11 8
530 0 23 150
530 0 42 27
530 30 37 150
530 21 20 150
530 21 23 100
530 27 12 148
530 27 20 99
530 15 6 100
530 7 6 150
530 36 6 99
530 36 12 150
530 36 22 100
530 20 20 148
530 20 23 150
530 32 22 100
531 17 5 12
531 17 11 8
531 41 6 100
531 41 37 100
531 13 12 148
531 16 22 150
531 16 37 150
531 3 20 150
531 3 23 100
531 3 42 99
531 7 6 150
531 38 20 150
531 48 23 150
531 48 37 100
531 11 20 148
531 11 23 100
531 15 6 100
531 23 20 100
531 23 42 26
531 36 12 150
531 36 22 100
531 24 37 150
531 42 22 150
531 20 20 148
531 20 23 150
532 38 20 150
532 16 11 6
532 16 37 150
532 42 22 150
532 21 20 150
532 21 23 100
532 21 42 100
532 46 6 100
532 46 37 100
532 46 42 27
532 18 6 100
532 18 12 150
532 18 20 99
532 18 22 148
532 18 23 100
532 18 37 100
532 3 20 150
532 3 23 100
532 2 5 12
532 49 12 100
532 49 22 100
532 49 37 150
532 4 23 148
532 47 12 99
532 13 12 148
532 17 6 148
532 17 11 2
533 41 6 100
533 41 37 100
533 6 5 12
533 6 22 150
533 29 12 100
533 29 37 148
533 8 11 8
533 24 37 150
533 45 20 100
533 45 23 99
533 42 22 150
533 21 20 150
533 21 23 100
533 21 42 100
533 21 44 8
533 3 23 100
533 3 42 24
533 30 37 150
533 13 12 148
533 40 42 2
534 24 37 150
534 10 3 30
534 6 20 150
534 6 22 150
534 11 20 148
534 11 23 100
534 18 6 100
534 18 12 150
534 18 20 99
534 18 22 148
534 18 23 100
534 18 37 100
534 39 23 150
534 49 6 150
534 49 12 100
534 49 22 100
534 49 37 150
534 27 12 148
534 27 20 99
534 17 6 148
534 17 11 2
534 7 6 150
535 7 6 150
535 22 42 126
535 17 6 148
535 17 11 8
535 39 23 150
535 32 22 100
535 12 22 150
535 38 20 150
535 48 23 150
535 48 37 100
535 31 6 148
535 31 12 99
535 8 37 99
536 13 12 148
536 3 20 150
536 3 23 100
536 3 28 100
536 3 42 99
536 2 5 12
536 17 22 150
536 17 28 138
536 6 22 150
536 34 12 100
536 34 20 150
536 34 22 100
536 34 23 150
536 20 20 148
536 20 23 150
536 20 42 24
536 12 22 150
536 47 12 99
536 45 20 100
536 45 23 99
536 39 23 150
536 10 42 3
536 41 37 100
537 45 20 100
537 45 23 99
537 8 37 99
537 11 5 12
537 11 23 100
537 40 42 100
537 48 23 150
537 48 37 100
537 23 20 100
537 23 42 26
537 26 37 100
537 17 6 148
537 17 22 150
537 17 28 150
537 35 12 150
537 35 28 88
537 1 12 100
537 1 20 150
537 1 22 100
537 24 37 150
537 32 22 100
537 6 20 150
537 6 22 150
538 2 5 12
538 7 6 150
538 3 20 150
538 3 23 100
538 3 49 8
538 9 6 100
538 11 20 148
538 11 23 100
538 29 12 100
538 29 37 148
538 21 20 150
538 21 23 100
538 13 12 148
538 24 37 150
538 48 23 150
538 48 37 100
538 12 22 150
538 46 6 100
538 46 37 100
539 3 20 150
539 3 23 100
539 3 28 100
539 3 42 99
539 49 6 150
539 49 12 100
539 49 22 100
539 49 37 150
539 49 42 24
539 21 23 100
539 21 42 3
539 34 20 150
539 34 22 100
539 34 23 150
539 20 5 12
539 20 23 150
539 20 28 100
539 29 12 100
539 29 28 36
539 16 22 150
539 16 28 2
539 9 6 100
539 38 20 150
539 46 6 100
539 46 37 100
539 26 23 100
539 26 37 100
539 11 20 148
539 11 23 100
539 31 6 148
539 31 12 99
539 12 22 150
539 23 20 100
540 33 28 150
540 5 42 126
540 26 37 100
540 48 23 150
540 48 37 100
540 17 6 148
540 17 22 150
540 17 28 88
540 20 23 150
540 45 20 100
540 45 23 99
540 9 6 100
540 42 22 150
540 18 6 100
540 18 12 150
540 18 20 99
540 18 22 148
540 18 23 100
540 18 37 100
540 32 22 100
540 38 20 150
540 29 12 100
540 29 37 148
541 18 6 100
541 18 12 150
541 18 20 99
541 18 22 148
541 18 23 100
541 18 37 100
541 18 42 126
541 21 23 100
541 21 44 8
541 46 37 100
541 31 6 148
541 31 11 8
541 34 12 100
541 34 20 150
541 34 22 100
541 34 23 150
541 3 20 150
541 3 23 100
541 44 23 150
541 49 6 150
541 49 12 100
541 49 22 100
541 49 37 150
541 45 20 100
541 45 23 99
541 12 22 150
541 30 23 148
541 30 37 150
541 39 23 150
542 0 5 24
542 0 11 8
542 0 23 150
542 0 42 126
542 45 20 100
542 45 23 99
542 7 6 150
542 34 12 100
542 34 20 150
542 34 22 100
542 34 23 150
542 12 22 150
542 29 12 100
542 29 37 148
542 9 6 100
542 3 20 150
542 3 23 100
542 13 12 148
542 18 6 100
542 18 12 150
542 18 20 99
542 18 22 148
542 18 23 100
542 18 37 100
542 21 20 150
542 21 23 100
542 16 22 150
542 16 37 150
543 43 42 100
543 30 3 32
543 30 37 150
543 44 23 150
543 38 20 150
543 2 11 8
543 48 23 150
543 48 37 100
543 6 20 150
543 6 22 150
543 32 22 100
543 27 12 148
543 27 20 99
543 39 23 150
543 29 12 100
543 29 37 148
543 42 22 150
543 17 6 148
543 17 22 150
543 35 12 150
544 35 12 150
544 15 6 100
544 34 12 100
544 34 20 150
544 34 22 100
544 34 23 150
544 39 23 150
544 24 37 150
544 40 42 100
544 3 20 150
544 3 23 100
544 3 42 51
544 17 22 150
544 27 12 148
544 27 20 99
544 9 6 100
544 20 20 148
544 20 23 150
545 23 20 100
545 23 42 126
545 30 37 150
545 7 6 150
545 20 20 148
545 20 23 150
545 1 6 99
545 1 12 100
545 1 20 150
545 1 22 100
545 26 23 100
545 26 37 100
545 41 6 100
545 41 37 100
545 36 6 99
545 36 12 150
545 36 22 100
545 28 11 6
545 22 42 1
545 13 12 148
545 38 20 150
546 27 11 9
546 27 20 99
546 15 6 100
546 9 6 100
546 47 12 99
546 8 37 99
546 43 42 100
546 3 20 150
546 3 23 100
546 3 42 24
546 23 42 2
546 20 23 150
546 0 6 150
546 0 12 148
546 0 23 150
546 49 6 150
546 49 12 100
546 49 22 100
546 49 37 150
546 31 6 148
546 31 11 1
546 11 20 148
546 11 23 100
546 24 37 150
547 38 20 150
547 22 42 126
547 29 37 148
547 12 22 150
547 34 12 100
547 34 20 150
547 34 22 100
547 34 23 150
547 27 11 6
547 27 20 99
547 48 23 150
547 48 37 100
547 21 20 150
547 21 23 100
547 31 6 148
547 31 11 2
547 23 20 100
547 26 23 100
547 26 37 100
547 15 6 100
547 9 6 100
548 4 11 6
548 10 42 126
548 49 12 100
548 49 22 100
548 49 37 150
548 48 23 150
548 48 37 100
548 13 12 148
548 39 23 150
548 47 12 99
548 11 5 12
548 11 23 100
548 35 12 150
548 46 6 100
548 46 37 100
548 12 22 150
548 27 12 148
548 27 20 99
548 42 22 150
548 31 6 148
548 31 11 2
548 17 6 148
548 17 22 150
549 1 6 99
549 1 12 100
549 1 20 150
549 1 22 100
549 21 20 150
549 21 23 100
549 21 42 100
549 6 5 12
549 6 22 150
549 46 6 100
549 46 37 100
549 46 42 24
549 3 23 100
549 26 23 100
549 26 37 100
549 16 11 6
549 16 37 150
549 10 42 2
549 31 6 148
549 31 11 2
549 8 37 99
549 29 12 100
549 29 37 148
549 24 37 150
550 10 42 126
550 3 23 100
550 30 23 148
550 30 37 150
550 49 6 150
550 49 12 100
550 49 22 100
550 49 37 150
550 4 23 148
550 36 6 99
550 36 12 150
550 36 22 100
550 12 22 150
550 48 23 150
550 48 37 100
550 8 37 99
550 0 6 150
550 0 12 148
550 0 23 150
551 2 5 12
551 48 23 150
551 48 37 100
551 3 20 150
551 3 23 100
551 3 42 99
551 34 12 100
551 34 20 150
551 34 22 100
551 34 23 150
551 24 37 150
551 27 12 148
551 27 20 99
551 39 23 150
551 0 6 150
551 0 12 148
551 0 23 150
551 0 42 27
551 31 12 99
551 13 12 148
551 46 6 100
551 46 37 100
551 11 20 148
551 11 23 100
551 36 6 99
551 36 12 150
551 36 22 100
551 21 20 150
551 21 23 100
552 47 11 8
552 12 22 150
552 31 6 148
552 31 12 99
552 31 42 126
552 6 22 150
552 45 20 100
552 45 23 99
552 21 20 150
552 21 23 100
552 30 23 148
552 30 37 150
552 23 20 100
552 4 23 148
552 7 6 150
552 16 22 150
552 16 37 150
553 49 6 150
553 49 12 100
553 49 22 100
553 49 37 150
553 49 42 124
553 29 28 100
553 29 37 148
553 10 42 2
553 7 28 136
553 36 12 150
553 36 22 100
553 34 12 100
553 34 20 150
553 34 22 100
553 34 23 150
553 9 6 100
553 9 31 19
553 3 23 100
553 3 28 2
553 20 23 150
553 1 6 99
553 1 12 100
553 1 20 150
553 1 22 100
553 27 12 148
553 27 20 99
553 32 22 100
553 41 6 100
553 41 37 100
553 39 23 150
554 36 6 99
554 36 12 150
554 36 22 100
554 16 11 6
554 16 37 150
554 27 12 148
554 27 20 99
554 2 5 12
554 34 12 100
554 34 20 150
554 34 22 100
554 34 23 150
554 42 22 150
554 47 12 99
554 7 6 150
554 13 12 148
554 20 20 148
554 20 23 150
554 20 42 24
554 8 11 2
554 39 23 150
555 20 5 12
555 20 23 150
555 20 42 128
555 30 23 148
555 30 37 150
555 32 22 100
555 42 22 150
555 41 6 100
555 41 37 100
555 34 12 100
555 34 20 150
555 34 22 100
555 34 23 150
555 4 23 148
555 21 20 150
555 21 23 100
555 8 37 99
556 25 31 18
556 11 20 148
556 11 23 100
556 45 20 100
556 45 23 99
556 0 6 150
556 0 11 8
556 0 23 150
556 0 42 126
556 26 37 100
556 13 12 148
556 14 31 1
556 15 6 100
556 35 12 150
556 49 6 150
556 49 12 100
556 49 22 100
556 49 37 150
556 24 37 150
556 7 6 150
556 12 22 150
557 43 42 100
557 41 6 100
557 41 28 100
557 41 37 100
557 42 22 150
557 33 28 138
557 36 12 150
557 36 22 100
557 15 6 100
557 40 42 26
557 11 23 100
557 1 6 99
557 1 12 100
557 1 20 150
557 1 22 100
557 20 20 148
557 20 23 150
557 39 23 150
557 8 37 99
557 46 6 100
557 46 37 100
557 6 20 150
557 6 22 150
557 4 23 148
558 13 12 148
558 28 11 6
558 27 20 99
558 40 31 19
558 10 42 26
558 30 23 148
558 30 37 150
558 18 6 100
558 18 12 150
558 18 20 99
558 18 22 148
558 18 23 100
558 18 37 100
558 12 22 150
558 48 23 150
558 48 37 100
558 48 44 6
558 9 44 2
558 26 37 100
558 41 6 100
558 41 37 100
558 47 12 99
558 8 11 2
559 7 6 150
559 12 22 150
559 15 6 100
559 29 12 100
559 29 37 148
559 6 5 12
559 6 22 150
559 36 6 99
559 36 12 150
559 36 22 100
559 46 6 100
559 46 37 100
559 46 42 99
559 30 23 148
559 30 37 150
559 41 6 100
559 41 37 100
559 48 23 150
559 48 37 100
559 4 11 6
559 27 12 148
559 27 20 99
559 38 20 150
559 3 20 150
559 3 23 100
559 3 42 27
560 46 6 100
560 46 37 100
560 46 42 99
560 25 29 60
560 18 12 150
560 18 20 99
560 18 22 148
560 18 23 100
560 18 37 100
560 18 42 26
560 16 37 150
560 24 37 150
560 30 23 148
560 30 37 150
560 34 12 100
560 34 20 150
560 34 22 100
560 34 23 150
560 13 12 148
560 32 22 100
560 44 23 150
560 17 5 12
560 17 22 150
560 10 42 1
561 18 6 100
561 18 12 150
561 18 20 99
561 18 22 148
561 18 23 100
561 18 37 100
561 18 42 126
561 32 44 6
561 27 11 6
561 27 20 99
561 12 22 150
561 16 22 150
561 16 37 150
561 44 23 150
561 38 20 150
561 39 23 150
561 24 37 150
561 21 20 150
561 21 23 100
561 21 44 2
561 26 37 100
561 8 11 2
561 13 12 148
561 29 12 100
561 29 37 148
562 20 5 12
562 20 23 150
562 20 42 124
562 0 11 8
562 0 23 150
562 4 23 148
562 40 42 2
562 38 20 150
562 36 6 99
562 36 12 150
562 36 22 100
562 39 23 150
562 16 22 150
562 16 37 150
562 42 22 150
562 18 6 100
562 18 12 150
562 18 20 99
562 18 22 148
562 18 23 100
562 18 37 100
562 35 12 150
562 26 23 100
562 26 37 100
562 47 12 99
562 8 37 99
563 19 29 60
563 39 23 150
563 32 22 100
563 31 6 148
563 31 12 99
563 31 42 126
563 36 12 150
563 36 22 100
563 11 5 12
563 11 23 100
563 27 12 148
563 27 20 99
563 8 37 99
563 13 12 148
563 16 22 150
563 16 37 150
563 45 20 100
563 45 23 99
563 29 12 100
563 29 37 148
563 3 20 150
563 3 23 100
564 39 23 150
564 22 42 126
564 8 11 8
564 34 12 100
564 34 20 150
564 34 22 100
564 34 23 150
564 46 6 100
564 46 31 18
564 29 12 100
564 29 37 148
564 21 20 150
564 21 23 100
564 4 23 148
564 12 22 150
564 12 31 1
564 1 6 99
564 1 12 100
564 1 20 150
564 1 22 100
565 6 5 24
565 6 22 150
565 42 22 150
565 47 11 8
565 28 49 8
565 30 37 150
565 35 12 150
565 20 20 148
565 20 23 150
565 44 23 150
565 1 6 99
565 1 12 100
565 1 20 150
565 1 22 100
565 29 12 100
565 29 37 148
565 15 6 100
565 0 6 150
565 0 12 148
565 0 23 150
565 27 12 148
565 27 20 99
566 0 5 12
566 0 11 8
566 0 23 150
566 0 42 126
566 30 23 148
566 30 37 150
566 24 37 150
566 16 22 150
566 16 37 150
566 47 12 99
566 7 6 150
566 49 6 150
566 49 12 100
566 49 22 100
566 49 37 150
566 46 6 100
566 46 37 100
566 5 44 6
566 3 23 100
566 29 12 100
566 29 37 148
567 4 11 6
567 48 23 150
567 48 37 100
567 39 23 150
567 13 12 148
567 27 12 148
567 27 20 99
567 31 6 148
567 31 11 2
567 31 42 126
567 30 37 150
567 1 6 99
567 1 12 100
567 1 20 150
567 1 22 100
567 15 6 100
567 24 37 150
567 32 22 100
567 23 20 100
568 42 22 150
568 48 23 150
568 48 37 100
568 48 44 9
568 8 11 8
568 10 42 126
568 3 23 100
568 17 5 24
568 17 22 89358
568 45 23 99
568 27 12 148
568 27 20 99
568 6 20 150
568 23 20 100
568 34 12 100
568 34 20 150
568 34 23 150
568 36 6 99
568 36 12 150
569 33 3 30
569 21 20 150
569 21 23 100
569 21 42 26
569 11 23 100
569 24 37 150
569 4 23 148
569 30 3 2
569 30 37 150
569 47 12 99
569 34 12 100
569 34 20 150
569 34 22 100
569 34 23 150
569 0 6 150
569 0 12 148
569 0 23 150
569 18 6 100
569 18 12 150
569 18 20 99
569 18 22 148
569 18 23 100
569 18 37 100
569 48 23 150
569 48 37 100
570 34 3 32
570 34 20 150
570 34 22 92
570 49 6 150
570 49 12 100
570 49 37 150
570 49 42 124
570 27 20 99
570 8 37 99
570 16 28 150
570 16 37 150
570 10 42 2
570 31 12 99
570 23 20 100
570 24 37 150
570 38 20 150
570 38 28 88
570 48 37 100
570 11 20 148
570 11 23 100
571 25 44 8
571 40 42 100
571 49 6 150
571 49 12 100
571 49 22 100
571 49 37 150
571 49 42 24
571 41 37 100
571 27 11 6
571 27 20 99
571 20 5 12
571 20 23 150
571 42 22 150
571 32 22 88
571 34 20 150
571 34 23 150
571 11 20 148
571 11 23 100
571 9 6 100
571 24 37 150
571 48 23 150
571 48 37 100
572 10 42 126
572 26 37 100
572 26 44 8
572 0 11 8
572 0 23 150
572 35 12 150
572 49 6 150
572 49 12 100
572 49 22 100
572 49 37 150
572 45 20 100
572 45 23 99
572 12 22 150
572 15 6 100
572 7 6 150
572 17 6 148
572 17 22 -89358
572 9 6 100
572 18 6 100
572 18 12 150
572 18 20 99
572 18 22 148
572 18 23 100
572 18 37 100
572 47 12 99
573 47 11 8
573 47 31 18
573 48 37 100
573 48 44 6
573 14 31 1
573 3 20 150
573 3 23 100
573 3 42 24
573 16 37 150
573 43 42 2
573 2 5 12
573 29 12 100
573 29 37 148
573 41 6 100
573 41 37 100
573 17 6 148
573 17 22 89492
574 22 42 126
574 14 11 8
574 31 6 148
574 31 12 99
574 34 12 100
574 34 20 150
574 34 23 150
574 49 6 150
574 49 12 100
574 49 37 150
574 3 20 150
574 3 23 100
574 24 37 150
574 29 12 100
574 29 37 148
574 18 6 100
574 18 12 150
574 18 20 99
574 18 23 100
574 18 37 100
575 31 6 148
575 31 11 8
575 31 42 126
575 30 37 150
575 21 20 150
575 21 23 100
575 49 6 150
575 49 12 100
575 49 37 150
575 38 20 150
575 34 12 100
575 34 20 150
575 34 23 150
575 7 6 150
575 20 5 24
575 20 23 150
575 17 6 148
575 17 22 -89492
575 4 23 148
575 8 37 99
575 45 20 100
575 45 23 99
576 12 22 150
576 12 31 19
576 26 37 100
576 44 23 150
576 10 42 126
576 36 12 150
576 36 22 100
576 35 12 150
576 0 6 150
576 0 11 8
576 0 23 150
576 41 6 100
576 41 37 100
576 30 23 148
576 30 37 150
576 8 37 99
576 4 23 148
576 38 20 150
576 13 12 148
576 21 20 150
576 21 23 100
577 13 12 148
577 44 23 150
577 29 12 100
577 29 37 148
577 4 23 148
577 3 20 150
577 3 23 100
577 3 42 99
577 16 22 150
577 16 37 150
577 43 42 26
577 11 20 148
577 11 23 100
577 9 6 100
578 23 20 100
578 45 20 100
578 45 23 9
578 11 20 148
578 11 23 1
578 36 12 150
578 36 22 100
578 15 6 100
578 32 22 100
578 27 12 148
578 27 20 99
578 49 6 150
578 49 12 100
578 49 22 100
578 49 37 150
578 16 22 150
578 16 37 150
578 13 12 148
578 10 42 1
579 42 22 150
579 36 6 99
579 36 12 150
579 36 22 100
579 48 37 100
579 20 20 148
579 34 12 100
579 34 20 150
579 34 22 100
579 41 6 100
579 41 37 100
579 6 20 150
579 6 22 150
579 38 20 150
579 0 6 150
579 0 12 148
579 24 37 150
579 46 6 100
579 46 37 100
580 16 22 150
580 16 37 150
580 0 6 150
580 0 12 148
580 35 12 150
580 23 20 100
580 24 37 150
580 47 12 99
580 38 20 150
580 48 37 100
580 34 12 100
580 34 20 150
580 34 22 100
580 11 20 148
580 13 12 148
580 49 6 150
580 49 12 100
580 49 22 100
580 49 37 150
580 36 6 99
580 36 12 150
580 36 22 100
581 35 12 150
581 23 20 100
581 15 6 100
581 31 6 148
581 31 12 99
581 27 12 148
581 27 20 99
581 16 22 150
581 16 37 150
581 26 37 100
581 13 12 148
581 41 6 100
581 41 37 100
581 46 6 100
581 46 37 100
581 29 12 100
581 29 37 148
581 38 20 150
582 41 6 100
582 41 37 100
582 47 12 99
582 23 20 100
582 34 12 100
582 34 20 150
582 34 22 100
582 11 20 148
582 15 6 100
582 32 22 100
582 20 20 148
583 20 20 148
583 21 20 150
583 27 12 148
583 27 20 99
583 8 37 99
583 23 20 100
583 35 12 150
583 7 6 150
583 36 6 99
583 36 12 150
583 36 22 100
583 17 6 148
583 17 22 87582
584 49 6 150
584 49 12 100
584 49 37 150
584 11 20 148
584 18 6 100
584 18 12 150
584 18 20 99
584 18 37 100
584 31 6 148
584 31 12 99
584 13 12 148
584 23 20 100
584 26 37 100
584 6 20 150
584 21 20 150
584 34 12 100
584 34 20 150
585 6 20 150
585 20 20 148
585 24 37 150
585 34 12 100
585 34 20 150
585 17 6 148
585 17 22 -87582
585 21 20 150
585 1 6 99
585 1 12 100
585 1 20 150
585 1 22 100
585 8 37 99
585 12 22 150
585 48 37 100
585 36 6 99
585 36 12 150
585 36 22 100
586 7 6 150
586 3 20 150
586 29 12 100
586 29 37 148
586 41 6 100
586 41 37 100
586 12 22 150
586 31 6 148
586 31 12 99
586 34 12 100
586 34 20 150
586 34 22 100
586 16 22 150
586 16 37 150
586 30 37 150
586 32 22 100
586 13 12 148
587 30 37 150
587 48 37 100
587 21 20 150
587 3 20 150
587 47 12 99
587 8 37 99
587 6 20 150
587 6 22 150
587 15 6 100
587 11 20 148
587 49 6 150
587 49 12 100
587 49 22 100
587 49 37 150
587 38 20 150
587 18 6 100
587 18 12 150
587 18 20 99
587 18 22 148
587 18 37 100
587 16 22 150
587 16 37 150
587 23 20 100
588 42 22 150
588 41 6 100
588 41 37 100
588 38 20 150
588 30 37 150
588 6 20 150
588 6 22 150
588 8 37 99
588 13 12 148
588 47 12 99
588 12 22 150
588 45 20 100
589 41 6 100
589 41 37 100
589 42 22 150
589 26 37 100
589 49 6 150
589 49 12 100
589 49 22 100
589 49 37 150
589 34 12 100
589 34 20 150
589 34 22 100
589 13 12 148
589 21 20 150
589 32 22 100
589 24 37 150
589 48 37 100
590 27 12 148
590 27 20 99
590 36 6 99
590 36 12 150
590 36 22 100
590 17 6 148
590 17 22 85184
590 20 20 148
590 29 12 100
590 29 37 148
590 8 37 99
590 31 6 148
590 31 12 99
590 1 6 3
590 1 20 150
590 7 6 2
591 20 20 148
591 11 20 148
591 36 12 150
591 0 12 148
591 27 12 148
591 27 20 99
591 24 37 150
591 38 20 150
591 18 12 150
591 18 20 99
591 18 37 100
592 6 20 150
592 24 37 150
592 20 20 148
592 11 20 148
592 8 37 99
592 21 20 150
592 13 12 148
592 16 37 150
593 13 12 148
593 24 37 150
593 3 20 150
593 16 37 150
593 0 12 148
593 8 37 99
593 41 37 100
593 38 20 150
593 48 37 100
594 45 20 100
594 16 37 150
594 29 12 100
594 29 37 148
594 46 37 100
594 3 20 150
594 36 12 150
594 0 12 148
594 27 12 148
594 27 20 99
594 24 37 150
594 31 12 99
594 34 12 100
594 34 20 150
594 6 20 150
594 1 12 100
594 1 20 150
595 11 20 148
595 18 12 150
595 18 20 99
595 18 37 100
595 45 20 100
595 13 12 148
595 26 37 100
595 6 20 150
595 17 22 -85184
595 32 22 100
595 8 37 99
595 16 22 150
595 16 37 150
595 1 12 100
595 1 20 150
595 1 22 100
596 32 22 100
596 45 20 100
596 24 37 150
596 29 12 100
596 29 37 148
596 27 12 148
596 27 20 99
596 35 12 150
596 36 12 150
596 36 22 100
597 23 20 100
597 18 12 150
597 18 20 99
597 18 22 148
597 18 37 100
597 35 12 150
597 13 12 148
597 21 20 150
597 27 12 148
597 27 20 99
597 31 12 99
597 11 20 148
597 47 12 99
597 36 12 150
597 36 22 100
597 46 37 100
598 1 12 100
598 1 20 150
598 1 22 100
598 34 12 100
598 34 20 150
598 34 22 100
598 27 12 148
598 27 20 99
598 38 20 150
598 41 37 100
598 35 12 150
598 30 37 150
599 12 22 150
599 18 12 150
599 18 20 99
599 18 22 148
599 18 37 100
599 1 12 100
599 1 20 150
599 1 22 100
599 32 22 100
599 17 22 83688
599 46 37 100
599 35 12 150
599 34 12 100
599 34 20 150
599 3 20 150
600 21 20 150
600 31 12 99
600 24 37 150
600 26 37 100
600 3 20 150
600 29 12 100
600 29 37 148
600 18 12 150
600 18 20 99
600 18 37 100
600 23 20 100
601 41 37 100
601 1 12 100
601 1 20 150
601 23 20 100
601 46 37 100
601 6 20 150
601 18 12 150
601 18 20 99
601 18 37 100
601 27 12 148
601 27 20 99
601 11 20 148
602 45 20 100
602 46 37 100
602 17 22 -83688
602 34 12 100
602 34 20 150
602 34 22 100
602 23 20 100
602 47 12 99
602 42 22 150
602 24 37 150
602 27 12 148
602 27 20 99
602 41 37 100
603 36 12 150
603 36 22 100
603 29 12 100
603 29 37 148
603 38 20 150
603 27 12 148
603 27 20 99
603 41 37 100
603 16 22 150
603 16 37 150
603 1 12 100
603 1 20 150
603 1 22 100
603 31 12 99
603 8 37 99
603 32 22 100
604 36 12 150
604 36 22 100
604 48 37 100
604 38 20 150
604 41 37 100
604 26 37 100
604 0 12 148
604 30 37 150
604 32 22 100
604 3 20 150
604 13 12 148
604 31 12 99
604 34 12 100
604 34 20 150
604 34 22 100
604 35 12 150
605 34 12 100
605 34 20 150
605 34 22 100
605 16 22 150
605 16 37 150
605 46 37 100
605 23 20 100
605 32 22 100
605 21 20 150
605 6 20 150
605 6 22 150
605 30 37 150
605 12 22 150
606 3 20 150
606 36 12 150
606 36 22 100
606 12 22 150
606 27 12 4
606 11 20 148
606 8 37 99
606 21 20 150
606 31 12 3
606 46 37 100
607 12 22 150
607 18 20 99
607 18 22 148
607 18 37 100
607 30 37 150
607 24 37 150
607 41 37 100
607 26 37 100
607 49 22 100
607 49 37 150
607 16 22 150
607 16 37 150
608 1 20 150
608 1 22 100
608 11 20 148
608 21 20 150
608 49 22 100
608 49 37 150
608 38 20 150
608 27 20 99
608 42 22 150
608 34 20 150
608 34 22 100
608 48 37 100
609 21 20 150
609 17 22 80790
609 49 37 150
609 18 20 99
609 18 37 100
609 24 37 150
609 46 37 100
609 26 37 100
610 20 20 148
610 41 37 100
610 1 20 150
610 45 20 100
610 24 37 150
610 48 37 100
610 16 37 150
610 49 37 150
611 17 22 -80790
611 32 22 100
611 3 20 150
611 11 20 148
611 34 20 150
611 34 22 100
611 23 20 100
611 38 20 150
611 16 22 150
611 16 37 150
611 18 20 99
611 18 22 148
611 18 37 100
611 45 20 100
611 48 37 100
612 24 37 150
612 45 20 100
612 16 22 150
612 16 37 150
612 17 22 80142
612 26 37 100
612 48 37 100
613 16 37 150
613 6 20 150
613 45 20 100
613 3 20 150
613 49 37 150
614 20 20 148
614 49 37 150
614 26 37 100
614 48 37 100
614 21 20 150
614 46 37 100
614 29 37 148
614 34 20 150
614 17 22 -80142
615 21 20 150
615 27 20 99
615 42 22 150
615 23 20 100
615 8 37 99
615 38 20 150
615 17 22 79992
615 49 37 150
615 30 37 150
615 3 20 150
615 26 37 100
616 17 22 -79992
616 36 22 100
616 3 20 150
616 21 20 150
616 38 20 150
616 11 20 148
616 34 20 150
616 34 22 100
616 24 37 150
617 26 37 100
617 32 22 100
617 8 37 99
617 34 20 150
617 34 22 100
617 6 20 150
617 6 22 150
617 23 20 100
617 24 37 150
617 45 20 100
617 48 37 100
617 11 20 148
617 46 37 100
617 30 37 150
618 8 37 99
618 12 22 150
618 38 20 150
618 21 20 150
618 6 20 150
618 6 22 150
618 3 20 150
618 29 37 148
618 24 37 150
618 27 20 99
618 48 37 100
619 45 20 100
619 26 37 100
619 11 20 148
619 42 22 150
619 20 20 148
619 32 22 100
619 23 20 100
619 21 20 150
619 17 22 78892
620 30 37 150
620 23 20 100
620 18 20 99
620 18 37 100
620 26 37 100
620 38 20 150
620 21 20 150
621 29 37 148
621 17 22 -78892
621 23 20 100
621 21 20 150
621 32 22 100
621 8 37 99
621 6 20 150
621 6 22 150
621 1 20 150
621 1 22 100
621 24 37 150
621 38 20 150
621 41 37 100
622 17 22 78542
622 49 37 150
622 11 20 148
622 48 37 100
622 21 20 150
622 8 37 99
622 3 20 150
623 45 20 100
623 20 20 148
623 16 37 150
623 8 37 99
623 18 20 99
623 18 37 100
623 26 37 100
624 11 20 148
624 49 37 150
624 29 37 148
624 48 37 100
624 24 37 150
624 38 20 150
625 45 20 100
625 38 20 150
625 20 20 148
625 17 22 -78542
625 36 22 100
625 3 20 150
625 16 22 150
625 16 37 150
625 1 20 150
625 1 22 100
625 34 20 150
625 34 22 100
626 32 22 100
626 20 20 148
626 16 22 150
626 16 37 150
626 38 20 150
626 1 20 150
626 1 22 100
626 49 22 100
626 49 37 150
626 42 22 150
626 24 37 150
626 29 37 148
627 3 20 150
627 17 22 77492
627 18 37 100
627 23 20 100
627 38 20 150
627 27 20 99
627 6 20 150
627 30 37 150
628 17 22 -77492
628 41 37 100
628 3 20 150
628 26 37 100
628 21 20 150
628 18 20 99
628 18 22 148
628 18 37 100
628 20 20 148
629 16 22 150
629 16 37 150
629 6 20 150
629 6 22 150
629 11 20 148
629 36 22 100
629 23 20 100
629 8 37 99
629 20 20 148
629 1 20 150
629 1 22 100
629 32 22 100
629 3 20 150
629 49 22 100
629 49 37 150
629 12 22 150
630 36 22 100
630 30 37 150
630 45 20 100
630 32 22 100
630 26 37 100
630 3 20 150
630 24 37 150
630 16 22 150
630 16 37 150
630 48 37 100
630 42 22 150
630 29 37 148
630 41 37 100
631 16 22 150
631 16 37 150
631 21 20 150
631 42 22 150
631 12 22 150
631 32 22 100
631 46 37 100
631 11 20 148
631 30 37 150
631 41 37 100
632 32 22 100
632 36 22 100
632 3 20 150
632 16 22 150
632 16 37 150
632 1 20 150
632 1 22 100
632 38 20 150
633 1 20 150
633 1 22 100
633 6 20 150
633 6 22 150
633 32 22 100
633 30 37 150
633 18 20 99
633 18 22 148
633 18 37 100
633 20 20 148
633 49 22 100
633 49 37 150
633 36 22 100
633 48 37 100
634 21 20 150
634 20 20 148
634 49 22 100
634 49 37 150
634 3 20 150
634 24 37 150
634 11 20 148
634 16 22 150
634 16 37 150
635 11 20 148
635 8 37 99
635 41 37 100
635 16 22 150
635 16 37 150
635 27 20 99
635 23 20 100
635 18 20 99
635 18 22 148
635 18 37 100
635 20 20 148
636 12 22 150
636 34 20 150
636 34 22 100
636 38 20 150
636 23 20 100
636 48 37 100
636 6 20 150
636 6 22 150
636 32 22 100
636 42 22 150
636 29 37 148
637 45 20 100
637 42 22 150
637 30 37 150
637 26 37 100
637 41 37 100
637 1 20 150
637 1 22 100
637 20 20 148
637 21 20 150
637 24 37 150
638 20 20 148
638 11 20 148
638 49 22 100
638 49 37 150
638 21 20 150
638 26 37 100
638 45 20 100
638 24 37 150
638 1 20 150
638 1 22 100
638 36 22 100
639 29 37 148
639 16 22 150
639 16 37 150
639 18 20 99
639 18 22 148
639 18 37 100
639 49 22 100
639 49 37 150
639 8 37 99
639 26 37 100
639 11 20 148
639 36 22 100
640 6 20 150
640 6 22 150
640 30 37 150
640 23 20 100
640 21 20 150
640 29 37 148
640 41 37 100
640 34 20 150
640 34 22 100
640 46 37 100
640 11 20 148
640 1 20 150
640 1 22 100
641 12 22 150
641 23 20 100
641 24 37 150
641 8 37 99
641 41 37 100
641 48 37 100
641 16 22 150
641 16 37 150
641 46 37 100
642 21 20 150
642 45 20 100
642 49 22 100
642 49 37 150
642 38 20 150
642 17 22 71300
642 27 20 99
643 26 37 100
643 16 37 150
643 3 20 150
643 23 20 100
643 34 20 150
643 45 20 100
643 11 20 148
643 24 37 150
644 8 37 99
644 6 20 150
644 26 37 100
644 27 20 99
644 34 20 150
644 21 20 150
644 29 37 148
644 45 20 100
644 48 37 100
644 24 37 150
645 1 20 150
645 3 20 150
645 41 37 100
645 23 20 100
645 11 20 148
645 17 22 -71300
645 27 20 99
645 36 22 100
645 16 22 150
645 16 37 150
645 32 22 100
646 6 20 150
646 6 22 150
646 26 37 100
646 11 20 148
646 48 37 100
646 29 37 148
646 42 22 150
646 36 22 100
646 32 22 100
646 34 20 150
646 34 22 100
646 3 20 150
647 41 37 34
647 32 22 100
647 17 22 70100
647 18 20 99
647 1 20 150
647 3 20 150
647 49 37 1
648 1 20 150
648 3 20 150
649 17 22 -70100
649 20 20 148
649 21 20 150
649 36 22 100
649 45 20 100
649 12 22 150
650 42 22 150
650 20 20 148
650 3 20 150
650 49 22 100
651 18 20 99
651 18 22 148
651 38 20 150
651 20 20 148
651 12 22 150
651 11 20 148
651 23 20 100
651 49 22 100
651 16 22 150
651 17 22 69052
652 18 20 99
652 34 20 150
653 45 20 100
653 38 20 150
653 11 20 148
653 1 20 150
654 38 20 150
654 34 20 150
654 23 20 100
654 21 20 150
654 3 20 150
654 18 20 99
654 1 20 150
655 17 22 -69052
655 42 22 150
655 36 22 100
656 23 20 100
656 18 20 99
656 18 22 148
656 6 20 150
656 6 22 150
656 34 20 150
656 34 22 100
656 1 20 150
656 1 22 100
656 49 22 100
656 32 22 100
657 6 20 150
657 6 22 150
657 36 22 100
657 11 20 148
658 38 20 150
658 20 20 148
658 42 22 150
658 12 22 150
658 34 20 150
658 34 22 100
658 45 20 100
658 36 22 100
659 20 20 148
659 18 20 99
659 18 22 148
659 32 22 100
659 49 22 100
659 1 20 150
659 1 22 100
659 23 20 100
659 42 22 150
659 36 22 100
659 12 22 150
660 23 20 100
660 27 20 99
660 20 20 148
660 17 22 66506
660 18 20 99
661 18 20 99
661 6 20 150
661 34 20 150
662 3 20 150
662 27 20 99
662 18 20 99
662 38 20 150
662 20 20 148
663 1 20 150
663 3 20 150
663 23 20 100
663 20 20 148
663 18 20 99
663 21 20 150
664 21 20 150
664 3 20 150
664 45 20 100
665 27 20 99
665 17 22 -66506
665 6 20 150
665 6 22 150
665 20 20 148
665 34 20 150
665 34 22 100
665 21 20 150
666 12 22 150
666 3 20 93
667 17 22 65956
674 32 22 100
675 1 22 100
675 49 22 100
675 36 22 100
676 18 22 148
676 12 22 150
677 42 22 150
677 16 22 150
678 1 22 100
678 16 22 150
678 34 22 100
678 32 22 100
678 18 22 148
678 42 22 150
678 36 22 100
679 16 22 150
679 18 22 148
679 12 22 150
679 34 22 100
679 6 22 150
680 1 22 100
680 6 22 150
680 17 22 63162
684 49 22 100
684 36 22 100
684 32 22 100
684 42 22 150
684 1 22 100
684 16 22 150
685 49 22 100
685 36 22 100
685 32 22 100
685 1 22 100
685 16 22 150
686 18 22 148
686 16 22 150
686 1 22 100
686 12 22 150
687 12 22 150
687 34 22 100
688 36 22 100
688 34 22 100
688 32 22 100
689 18 22 148
689 32 22 100
689 42 22 150
689 12 22 150
690 12 22 150
690 1 22 100
690 49 22 100
690 42 22 150
691 42 22 150
691 1 22 100
691 6 22 150
691 49 22 100
692 12 22 150
693 18 22 148
693 1 22 100
693 36 22 100
693 49 22 100
694 16 22 150
694 6 22 150
695 34 22 100
695 49 22 100
695 6 22 150
696 32 22 100
696 34 22 100
696 12 22 150
697 18 22 148
697 6 22 150
697 17 22 57370
698 18 22 148
698 49 22 100
699 17 22 57122
702 36 22 100
702 1 22 100
703 12 22 150
703 49 22 100
703 36 22 100
704 17 22 56572
708 18 22 148
708 34 22 100
709 12 22 150
709 17 22 56174
712 49 22 100
713 49 22 100
713 32 22 100
713 6 22 150
713 36 22 100
714 12 22 150
714 1 22 100
714 6 22 150
714 18 22 148
714 32 22 100
714 34 22 100
715 36 22 100
715 32 22 100
715 1 22 100
715 6 22 150
716 6 22 150
716 32 22 100
716 18 22 148
716 17 22 54028
720 34 22 100
720 16 22 150
720 42 22 150
