19 22 2 100
19 22 6 148
19 22 11 99
19 22 14 150
19 22 19 100
19 22 37 150
48 22 2 100
48 22 6 148
48 22 11 99
48 22 14 150
48 22 19 100
48 22 37 150
54 22 2 100
54 22 6 148
54 22 11 99
54 22 14 150
54 22 19 100
54 22 37 150
80 22 2 100
80 22 6 148
80 22 11 99
80 22 14 150
80 22 19 100
80 22 37 150
85 22 2 100
85 22 6 148
85 22 11 99
85 22 14 150
85 22 19 100
85 22 37 150
100 22 2 100
100 22 6 148
100 22 11 99
100 22 14 150
100 22 19 100
100 22 37 150
103 22 2 100
103 22 6 148
103 22 11 99
103 22 14 150
103 22 19 100
103 22 37 150
124 22 2 100
124 22 6 148
124 22 11 99
124 22 14 150
124 22 19 100
124 22 37 150
136 22 2 100
136 22 6 148
136 22 11 99
136 22 14 150
136 22 19 100
136 22 37 150
157 22 2 100
157 22 6 148
157 22 11 99
157 22 14 150
157 22 19 100
157 22 37 150
165 22 2 100
165 22 6 148
165 22 11 99
165 22 14 150
165 22 19 100
165 22 37 150
189 22 2 100
189 22 6 148
189 22 11 99
189 22 14 150
189 22 19 100
189 22 37 150
202 22 2 100
202 22 6 148
202 22 11 99
202 22 14 150
202 22 19 100
202 22 37 150
204 22 2 100
204 22 6 148
204 22 11 99
204 22 14 150
204 22 19 100
204 22 37 150
210 22 2 100
210 22 6 148
210 22 11 99
210 22 14 150
210 22 19 100
210 22 37 150
235 22 2 100
235 22 6 148
235 22 11 99
235 22 14 150
235 22 19 100
235 22 37 150
258 22 2 100
258 22 6 148
258 22 11 99
258 22 14 150
258 22 19 100
258 22 37 150
296 22 2 100
296 22 6 148
296 22 11 99
296 22 14 150
296 22 19 100
296 22 37 150
302 22 2 100
302 22 6 148
302 22 11 99
302 22 14 150
302 22 19 100
302 22 37 150
308 22 2 100
308 22 6 148
308 22 11 99
308 22 14 150
308 22 19 100
308 22 37 150
314 22 2 100
314 22 6 148
314 22 11 99
314 22 14 150
314 22 19 100
314 22 37 150
317 22 2 100
317 22 6 148
317 22 11 99
317 22 14 150
317 22 19 100
317 22 37 150
325 22 2 100
325 22 6 148
325 22 11 99
325 22 14 150
325 22 19 100
325 22 37 150
331 22 2 100
331 22 6 148
331 22 11 99
331 22 14 150
331 22 19 100
331 22 37 150
332 22 2 100
332 22 6 148
332 22 11 99
332 22 14 150
332 22 19 100
332 22 37 150
340 22 2 100
340 22 6 148
340 22 11 99
340 22 14 150
340 22 19 100
340 22 37 150
345 22 2 100
345 22 6 148
345 22 11 99
345 22 14 150
345 22 19 100
345 22 37 150
348 22 2 100
348 22 6 148
348 22 11 99
348 22 14 150
348 22 19 100
348 22 37 150
349 22 2 100
349 22 6 148
349 22 11 99
349 22 14 150
349 22 19 100
349 22 37 150
352 22 2 100
352 22 6 148
352 22 11 99
352 22 14 150
352 22 19 100
352 22 37 150
365 22 2 100
365 22 6 148
365 22 11 99
365 22 14 150
365 22 19 100
365 22 37 150
369 22 2 100
369 22 6 148
369 22 11 99
369 22 14 150
369 22 19 100
369 22 37 150
385 22 2 100
385 22 6 148
385 22 11 99
385 22 14 150
385 22 19 100
385 22 37 150
391 22 2 100
391 22 6 148
391 22 11 99
391 22 14 150
391 22 19 100
391 22 37 150
394 22 2 100
394 22 6 148
394 22 11 99
394 22 14 150
394 22 19 100
394 22 37 150
407 22 2 100
407 22 6 148
407 22 11 99
407 22 14 150
407 22 19 100
407 22 37 150
409 22 2 100
409 22 6 148
409 22 11 99
409 22 14 150
409 22 19 100
409 22 37 150
418 22 2 100
418 22 6 148
418 22 11 99
418 22 14 150
418 22 19 100
418 22 37 150
419 22 2 100
419 22 6 148
419 22 11 99
419 22 14 150
419 22 19 100
419 22 37 150
426 22 2 100
426 22 6 148
426 22 11 99
426 22 14 150
426 22 19 100
426 22 37 150
430 22 2 100
430 22 6 148
430 22 11 99
430 22 14 150
430 22 19 100
430 22 37 150
432 22 2 100
432 22 6 148
432 22 11 99
432 22 14 150
432 22 19 100
432 22 37 150
438 22 2 100
438 22 6 148
438 22 11 99
438 22 14 150
438 22 19 100
438 22 37 150
439 22 2 100
439 22 6 148
439 22 11 99
439 22 14 150
439 22 19 100
439 22 37 150
443 22 2 100
443 22 6 148
443 22 11 99
443 22 14 150
443 22 19 100
443 22 37 150
446 22 2 100
446 22 6 148
446 22 11 99
446 22 14 150
446 22 19 100
446 22 37 150
450 22 2 100
450 22 6 148
450 22 11 99
450 22 14 150
450 22 19 100
450 22 37 150
461 38 1 148
461 38 3 100
461 38 23 150
461 38 33 150
461 39 14 148
461 39 20 100
461 39 21 150
461 39 23 100
461 39 32 150
461 39 33 100
461 39 40 150
461 29 2 100
461 29 4 150
461 29 5 99
461 29 14 150
461 29 36 84
461 30 5 99
461 30 14 150
461 30 21 100
461 30 47 100
461 36 1 60
461 36 3 100
461 36 5 148
461 36 14 148
461 36 19 132
461 20 6 148
461 20 32 100
461 20 33 148
461 20 40 100
461 20 43 100
461 28 3 100
461 28 4 150
461 28 5 100
461 28 11 100
461 28 23 100
461 28 43 150
461 28 47 100
461 1 3 99
461 1 4 150
461 1 5 99
461 1 6 150
461 1 9 100
461 1 39 100
461 1 40 148
461 1 47 100
461 9 23 150
461 9 26 148
461 9 30 150
461 9 37 150
461 9 43 100
461 34 9 100
461 34 21 100
461 34 23 100
461 34 37 150
461 34 40 99
461 34 43 148
461 34 47 150
461 26 4 8
461 26 6 100
461 26 11 100
461 26 26 68
461 14 9 100
461 14 30 150
461 14 43 148
461 41 9 100
461 41 32 150
461 41 33 100
461 35 14 150
461 35 23 150
461 35 32 100
461 35 40 100
461 35 43 150
461 43 6 150
461 43 11 100
461 43 23 150
461 43 39 99
461 43 43 150
461 23 20 100
461 23 32 150
461 23 39 140
461 23 47 150
462 46 14 150
462 46 30 150
462 46 33 100
462 46 43 100
462 3 1 1
462 3 11 150
462 3 39 1
462 31 3 150
462 31 14 150
462 31 20 100
462 31 23 150
462 31 33 150
462 31 37 150
462 31 40 100
462 41 9 100
462 41 32 150
462 41 33 100
462 28 3 100
462 28 5 100
462 28 11 100
462 28 23 100
462 28 43 150
462 28 47 100
462 33 5 100
462 33 21 100
462 33 23 150
462 33 33 150
462 24 2 150
462 24 20 150
462 24 33 150
462 24 37 150
462 24 40 100
462 24 43 100
462 5 2 100
462 5 5 99
462 5 9 10
462 5 33 100
462 5 47 99
462 22 2 100
462 22 6 148
462 22 11 99
462 22 14 150
462 22 37 150
462 0 5 100
462 0 6 150
462 0 23 100
462 23 20 100
462 23 32 150
462 23 43 100
462 23 47 150
462 44 3 100
462 44 20 150
462 44 21 99
462 44 33 150
462 44 43 150
462 47 5 150
462 47 33 148
462 47 37 150
462 1 3 99
462 1 4 1
462 1 6 150
462 1 40 148
462 1 47 100
462 16 40 100
462 34 21 100
462 34 23 100
462 34 37 150
462 34 40 99
462 34 43 148
462 34 47 150
463 29 2 100
463 29 5 99
463 29 14 150
463 29 40 148
463 0 5 100
463 0 6 150
463 0 19 24
463 0 26 6
463 13 6 150
463 13 11 148
463 13 20 150
463 13 43 100
463 45 5 100
463 45 11 100
463 28 3 100
463 28 5 100
463 28 11 100
463 28 23 100
463 28 43 150
463 28 47 100
463 20 6 148
463 20 32 100
463 20 33 148
463 20 40 100
463 20 43 100
463 49 6 150
463 49 21 150
463 49 33 100
463 49 47 150
463 27 2 100
463 27 21 150
463 27 26 2
463 25 32 100
463 25 37 150
463 25 40 100
463 40 3 99
463 40 6 150
463 40 11 99
463 40 14 148
463 40 40 150
463 42 2 99
463 42 5 150
463 42 21 100
463 42 43 150
463 35 14 150
463 35 23 150
463 35 32 100
463 35 40 100
463 35 43 150
463 17 14 100
463 17 20 100
463 17 21 150
463 17 32 148
463 17 33 99
463 46 14 150
463 46 30 150
463 46 33 100
463 46 43 100
463 10 2 100
463 10 5 100
463 10 11 150
463 10 14 150
463 10 21 100
463 10 32 150
463 16 40 100
464 45 5 100
464 45 11 100
464 32 6 100
464 32 14 100
464 32 32 100
464 11 5 100
464 43 6 150
464 43 11 100
464 43 23 150
464 43 43 150
464 30 5 45
464 30 21 100
464 30 47 100
464 23 20 100
464 23 32 150
464 23 43 100
464 23 47 150
464 21 14 148
464 21 19 24
464 21 30 100
464 21 33 150
464 21 40 99
464 29 2 100
464 29 14 150
464 29 40 148
464 2 2 100
464 2 5 2
464 2 23 100
464 2 32 100
464 41 32 150
464 41 33 100
464 48 3 100
464 48 14 150
464 48 21 100
464 48 30 100
464 48 33 150
464 48 47 100
464 25 32 100
464 25 37 150
464 25 40 100
464 15 2 100
464 15 20 150
464 49 6 150
464 49 21 150
464 49 33 100
464 49 47 103
464 35 23 150
464 35 32 100
464 35 40 100
464 35 43 150
464 28 3 100
464 28 11 100
464 28 23 100
464 28 43 150
465 38 3 100
465 38 23 150
465 38 33 150
465 44 3 32
465 44 21 99
465 44 33 150
465 44 43 150
465 3 11 150
465 3 40 100
465 24 2 150
465 24 20 150
465 24 33 18
465 24 40 100
465 24 43 100
465 9 23 150
465 9 30 150
465 9 37 150
465 9 43 28
465 18 20 150
465 18 23 150
465 18 32 100
465 23 20 100
465 23 32 150
465 26 6 100
465 26 11 100
465 26 40 148
465 5 2 100
465 5 30 150
465 5 33 1
465 39 20 100
465 39 21 150
465 39 23 100
465 39 32 150
465 39 40 150
465 36 2 150
465 36 14 148
465 22 2 100
465 22 6 148
465 22 11 99
465 22 14 150
465 22 37 150
465 31 14 150
465 31 20 100
465 31 23 150
465 31 37 150
465 31 40 100
465 17 14 100
465 17 20 100
465 17 21 150
465 17 32 148
466 16 26 8
466 30 5 57
466 30 21 100
466 47 33 36
466 1 6 150
466 1 40 148
466 0 6 150
466 0 23 100
466 32 6 100
466 32 14 100
466 32 32 100
466 44 20 150
466 44 21 99
466 31 14 150
466 31 20 100
466 31 23 150
466 31 33 2
466 31 40 100
466 42 2 99
466 42 21 100
466 37 21 148
466 37 30 100
466 3 11 150
466 3 40 100
466 4 6 99
466 4 14 100
466 4 21 150
466 2 2 100
466 2 21 150
466 2 23 100
466 2 32 100
466 13 6 150
466 13 11 148
466 13 20 150
466 19 30 136
467 37 30 2
467 24 20 150
467 24 33 36
467 24 40 100
467 35 14 150
467 35 23 150
467 35 32 100
467 35 40 100
467 36 14 148
467 9 23 150
467 9 37 150
467 44 20 150
467 44 21 99
467 44 39 85
467 12 40 100
467 28 11 100
467 28 23 100
467 48 14 150
467 48 21 100
467 48 33 2
467 18 20 150
467 18 23 150
467 18 32 100
467 10 11 150
467 10 14 150
467 10 21 100
467 10 32 150
467 3 11 150
467 3 40 100
467 4 6 99
467 4 14 100
467 4 21 27
468 33 26 6
468 12 40 100
468 3 11 150
468 3 40 100
468 47 37 150
468 39 14 148
468 39 20 100
468 39 23 100
468 39 32 150
468 39 40 150
468 46 14 150
468 21 14 148
468 21 19 24
468 21 40 99
468 32 6 100
468 32 14 100
468 32 32 100
468 30 14 150
468 2 23 100
468 2 32 100
468 25 32 100
468 25 37 150
468 25 40 100
468 44 20 150
468 43 6 150
468 43 11 100
468 43 23 150
469 47 37 150
469 0 6 150
469 0 19 24
469 27 2 16
469 17 20 100
469 17 32 148
469 36 14 148
469 42 43 12
469 26 11 100
469 26 40 148
469 48 14 150
469 1 6 150
469 1 40 148
469 40 6 150
469 40 11 99
469 40 14 148
469 40 40 150
469 45 11 100
469 12 6 148
469 12 40 100
469 38 23 150
469 49 6 150
469 15 20 150
470 44 20 150
470 44 21 9
470 48 33 2
470 29 14 150
470 29 40 148
470 4 6 99
470 4 14 100
470 43 6 150
470 43 11 100
470 43 23 150
470 18 20 150
470 18 23 150
470 18 32 100
470 40 6 150
470 40 11 99
470 40 14 148
470 40 40 150
470 47 37 150
470 1 6 150
470 1 40 148
470 2 23 100
470 2 32 100
470 7 11 100
470 7 14 148
470 21 14 148
470 21 23 100
470 21 40 99
470 12 6 148
470 12 40 100
470 17 14 100
470 17 20 100
470 17 32 148
471 2 2 16
471 2 32 100
471 29 14 150
471 29 40 148
471 22 6 148
471 22 11 99
471 22 14 150
471 22 19 64
471 12 6 148
471 12 26 8
471 26 6 100
471 26 11 100
471 26 40 148
471 15 20 150
471 34 23 100
471 34 37 150
471 34 40 99
471 30 14 150
471 1 6 150
471 1 40 148
471 20 6 148
471 20 32 100
471 20 40 100
471 25 32 100
471 25 37 150
471 25 40 100
471 46 14 150
471 13 6 150
471 13 11 148
471 13 20 150
472 39 14 148
472 39 20 100
472 39 23 100
472 39 32 150
472 39 33 38
472 16 19 39
472 45 11 100
472 9 23 150
472 9 37 150
472 14 19 1
472 49 47 27
472 34 37 150
472 34 40 99
472 41 32 150
472 0 6 150
472 0 23 100
472 26 6 100
472 26 11 100
472 26 40 148
472 42 2 15
472 22 11 99
472 22 14 150
472 22 37 150
472 48 14 150
472 20 6 148
472 20 32 100
472 20 40 100
472 44 20 150
473 29 2 16
473 29 40 148
473 27 21 9
473 25 37 150
473 25 40 100
473 22 6 148
473 22 11 99
473 22 14 150
473 22 19 24
473 43 6 150
473 43 11 100
473 43 23 150
473 43 43 6
473 26 11 100
473 26 40 148
473 41 32 150
473 13 3 40
473 13 11 148
473 13 20 150
473 33 23 150
473 31 14 150
473 31 20 100
473 31 23 150
473 31 37 150
473 31 40 100
473 16 40 100
473 38 23 150
473 23 20 100
473 23 32 150
473 12 6 148
473 12 40 100
474 46 14 150
474 46 33 36
474 35 14 150
474 35 23 150
474 35 32 100
474 35 40 100
474 2 2 16
474 2 32 100
474 8 33 2
474 47 37 150
474 33 23 150
474 32 6 100
474 32 14 100
474 32 32 100
474 30 14 150
474 7 11 100
474 7 14 148
474 20 6 148
474 20 32 100
474 20 40 100
474 24 20 150
474 24 37 150
474 24 40 100
474 26 6 100
474 26 11 100
474 26 40 148
474 0 6 150
474 0 23 100
475 23 20 100
475 23 32 150
475 13 6 150
475 13 11 148
475 13 20 150
475 41 32 150
475 15 2 16
475 48 4 27
475 48 19 24
475 29 14 150
475 29 40 148
475 12 6 148
475 12 40 100
475 30 14 150
475 4 6 99
475 4 14 100
475 43 6 150
475 43 11 100
475 43 23 150
476 24 2 16
476 24 33 36
476 24 40 100
476 24 43 18
476 39 20 100
476 39 21 10
476 39 32 150
476 39 33 2
476 35 14 150
476 35 23 150
476 35 32 100
476 35 40 100
476 28 11 100
476 28 23 100
476 29 14 150
476 29 40 148
476 49 6 150
476 44 20 150
476 45 11 100
476 41 32 150
476 46 14 150
476 30 14 150
476 0 6 150
476 0 23 100
476 43 6 150
476 43 11 100
476 43 23 150
476 38 23 150
477 45 11 100
477 13 6 150
477 13 11 148
477 13 20 150
477 13 43 12
477 4 14 100
477 4 33 38
477 9 37 150
477 26 6 100
477 26 11 100
477 26 40 148
477 31 14 150
477 31 20 100
477 31 23 150
477 31 37 150
477 31 40 100
477 16 40 100
477 32 6 100
477 32 14 100
477 32 32 100
477 28 11 100
477 28 23 100
477 38 23 150
477 20 6 148
477 20 32 100
477 20 40 100
477 48 14 150
477 39 14 148
477 39 20 100
477 39 23 100
477 39 32 150
477 39 40 150
478 36 1 18
478 40 6 150
478 40 11 99
478 40 14 148
478 40 40 150
478 27 21 9
478 23 32 150
478 23 43 12
478 28 23 100
478 22 2 1
478 22 11 99
478 22 14 150
478 22 37 150
478 21 14 148
478 21 23 100
478 21 40 99
478 18 20 150
478 18 23 150
478 18 32 100
478 1 6 150
478 1 40 148
478 16 40 100
478 15 20 150
478 12 6 148
478 12 40 100
478 43 6 150
478 43 11 100
478 43 23 150
478 3 1 1
478 3 40 100
478 8 37 100
479 1 6 150
479 1 40 148
479 27 2 16
479 28 23 100
479 28 43 12
479 10 14 150
479 10 32 150
479 24 20 150
479 24 33 36
479 24 40 100
479 0 6 150
479 0 19 40
479 7 11 100
479 7 14 148
479 34 23 100
479 34 37 150
479 34 40 99
479 44 20 150
479 2 23 100
479 2 32 100
479 46 14 150
479 35 14 150
479 35 23 150
479 35 32 100
479 35 40 100
479 26 6 100
479 26 11 100
479 26 40 148
480 23 20 62
480 23 47 27
480 40 11 99
480 40 14 148
480 40 40 150
480 48 14 150
480 48 21 8
480 0 23 100
480 41 32 150
480 49 6 150
480 34 23 100
480 34 37 150
480 34 40 99
480 25 32 100
480 25 37 150
480 25 40 100
480 29 14 150
480 29 40 148
480 33 23 150
480 32 6 100
480 32 14 100
480 32 32 100
480 17 14 100
480 17 32 148
480 36 14 148
481 5 2 16
481 39 21 1
481 39 32 150
481 39 40 150
481 23 32 150
481 23 43 12
481 35 14 150
481 35 23 150
481 35 32 100
481 35 40 100
481 2 23 100
481 2 32 100
481 38 23 150
481 9 23 150
481 9 37 150
481 45 11 100
481 1 6 150
481 1 40 148
481 16 19 63
481 10 11 150
481 10 14 150
481 10 32 150
481 0 6 150
481 0 19 1
481 17 14 100
481 17 32 148
481 18 23 150
481 18 32 100
482 48 14 150
482 48 19 24
482 49 6 150
482 49 47 3
482 20 32 100
482 20 40 100
482 26 6 100
482 26 11 100
482 26 40 148
482 38 23 150
482 0 6 150
482 0 23 100
482 29 2 16
482 29 40 148
482 10 11 150
482 10 14 150
482 10 21 1
482 9 23 150
482 9 37 150
482 32 6 100
482 32 14 100
482 32 32 100
482 46 14 150
482 35 14 150
482 35 23 150
482 35 32 100
482 35 40 100
483 36 2 16
483 36 47 27
483 49 21 8
483 18 32 100
483 3 11 150
483 3 40 100
483 41 32 150
483 24 37 150
483 24 40 100
483 39 14 148
483 39 21 1
483 39 32 150
483 39 40 150
483 16 40 100
483 9 23 150
483 9 37 150
483 45 11 100
483 12 6 148
483 12 40 100
483 10 11 150
483 10 14 150
483 10 32 150
483 35 14 150
483 35 23 150
483 35 32 100
483 35 40 100
483 13 6 150
483 13 11 148
483 2 23 100
483 2 32 100
484 33 5 56
484 33 33 36
484 29 40 148
484 31 14 150
484 31 23 150
484 31 33 2
484 31 40 100
484 28 11 100
484 28 23 100
484 28 47 27
484 22 11 99
484 22 14 150
484 22 37 150
484 14 30 24
484 39 14 148
484 39 21 1
484 39 32 150
484 39 40 20
484 10 11 150
484 10 14 150
484 10 32 150
484 7 11 100
484 7 14 148
484 21 14 148
484 21 23 100
484 3 11 150
485 9 23 150
485 9 37 150
485 9 43 12
485 38 23 150
485 14 19 24
485 2 2 16
485 2 32 100
485 23 20 14
485 26 6 100
485 26 11 100
485 39 14 148
485 39 21 1
485 39 32 150
485 40 6 150
485 40 11 99
485 40 14 148
485 25 32 100
485 25 37 150
485 33 23 150
485 41 32 150
486 20 6 148
486 20 19 24
486 39 14 148
486 39 20 16
486 39 32 150
486 23 32 150
486 17 14 100
486 17 32 148
486 3 11 150
486 40 6 150
486 40 11 99
486 40 14 148
486 45 11 100
486 26 4 26
486 26 11 100
486 42 2 15
486 8 37 100
486 41 32 150
486 46 14 150
486 32 6 100
486 32 14 100
486 32 32 100
487 24 2 17
487 28 3 40
487 28 23 100
487 25 4 1
487 1 6 150
487 34 21 8
487 4 6 99
487 4 14 100
487 4 33 2
487 7 11 100
487 7 14 148
487 47 37 150
487 21 14 148
487 21 23 2
488 7 11 100
488 7 14 148
488 7 19 40
488 40 11 99
488 40 14 148
488 33 33 36
488 32 14 100
488 32 32 64
488 10 11 150
488 10 14 150
488 10 21 1
488 28 43 12
488 47 37 150
488 3 11 150
488 13 6 150
488 13 11 148
489 25 1 18
489 31 3 40
489 31 20 14
489 13 6 150
489 13 11 148
489 13 43 4
489 43 11 100
489 43 43 2
489 49 6 150
489 49 21 8
489 22 11 99
489 22 14 150
489 22 37 150
489 40 6 150
489 40 11 99
489 40 14 148
489 0 6 150
489 28 11 100
489 47 37 150
489 26 6 100
489 26 11 100
489 3 1 1
489 46 14 150
489 44 20 1
490 10 14 150
490 10 21 10
490 24 43 12
490 31 37 150
490 9 37 150
490 46 14 150
490 25 37 150
490 21 14 148
490 21 19 24
490 29 14 150
490 47 37 150
490 49 6 150
491 13 6 150
491 13 11 148
491 14 19 24
491 7 14 148
491 3 11 150
491 27 2 16
491 40 6 150
491 40 11 99
491 40 14 148
491 43 6 150
491 43 11 100
491 22 6 148
491 22 11 99
491 22 14 150
491 22 37 150
491 25 37 150
491 12 6 148
492 33 21 8
492 47 37 150
492 6 43 12
492 40 11 99
492 40 14 148
492 16 19 24
492 45 11 100
492 13 6 150
492 13 11 148
493 12 2 15
493 12 26 8
493 24 43 6
493 7 14 148
493 33 21 10
493 10 14 150
493 20 6 148
493 29 14 150
493 45 11 100
493 31 14 150
493 31 33 2
493 17 14 100
493 32 6 100
493 32 14 100
494 3 11 150
494 3 40 100
494 1 6 150
494 1 40 32
494 31 14 150
494 31 20 16
494 31 40 2
494 4 14 100
494 28 11 100
494 28 47 3
494 24 40 1
494 32 6 100
494 32 14 100
494 22 6 148
494 22 11 99
494 22 14 150
494 22 19 24
494 40 6 150
494 40 11 99
494 40 14 148
494 12 6 148
495 40 3 39
495 40 11 99
495 40 14 148
495 30 14 150
495 20 6 148
495 20 19 40
495 41 33 2
495 7 14 148
495 24 20 14
495 44 20 1
495 0 6 150
495 21 14 148
495 22 6 148
495 22 11 99
495 22 14 150
495 22 37 150
496 34 21 10
496 34 40 99
496 34 47 27
496 4 14 100
496 4 33 38
496 1 40 36
496 13 11 148
496 0 6 150
496 32 6 100
496 32 14 100
496 12 2 15
496 7 11 100
496 7 14 148
496 8 37 100
497 20 6 148
497 20 33 36
497 28 11 100
497 17 14 100
497 17 20 14
497 15 2 17
497 22 6 148
497 22 11 99
497 22 14 150
497 22 37 150
497 49 6 150
497 30 14 150
497 34 37 150
497 31 14 150
497 31 37 150
498 30 14 150
498 30 21 8
498 39 21 1
498 20 19 24
498 36 14 148
498 23 26 2
498 49 6 150
498 48 14 150
498 22 6 148
498 22 11 99
498 22 14 150
498 22 37 150
498 47 37 150
498 24 37 150
498 24 40 1
498 32 14 100
499 14 19 24
499 32 14 100
499 32 32 64
499 12 39 84
499 30 21 8
499 36 14 148
499 28 11 100
499 34 37 150
499 22 2 1
499 22 11 99
499 22 14 150
499 22 37 150
499 29 14 150
499 20 6 148
499 39 14 148
499 39 21 1
499 40 11 99
499 40 14 148
500 27 2 16
500 13 11 148
500 13 43 12
500 11 39 1
500 12 6 148
500 1 6 150
500 30 14 150
500 10 11 150
500 10 14 150
500 22 6 148
500 22 11 99
500 22 14 150
500 22 19 64
500 3 11 150
500 45 11 100
500 8 37 100
500 25 37 150
501 5 2 16
501 13 11 148
501 13 43 4
501 20 19 40
501 12 6 148
501 30 14 150
501 49 6 150
501 40 6 150
501 40 11 99
501 40 14 148
501 2 4 2
501 4 4 1
501 4 14 100
501 28 11 100
501 28 43 2
501 7 14 148
501 0 6 150
502 30 14 150
502 30 21 8
502 2 2 16
502 9 37 150
502 20 6 148
502 20 19 24
502 8 37 100
502 43 6 150
502 43 11 100
502 32 6 100
502 32 14 100
503 17 14 100
503 17 21 9
503 25 37 150
503 25 40 100
503 48 14 150
503 48 19 24
503 32 14 100
503 7 11 100
503 7 14 148
503 1 6 150
503 1 40 32
503 12 2 15
503 10 11 150
503 10 14 150
503 10 21 1
504 20 6 148
504 20 19 24
504 44 20 15
504 0 6 150
504 27 2 16
504 10 14 150
504 22 2 1
504 22 11 99
504 22 14 150
504 22 37 150
504 7 11 100
504 7 14 148
504 29 14 150
504 48 14 150
505 2 2 16
505 20 6 148
505 20 19 64
505 10 14 150
505 18 20 150
505 36 14 148
505 1 6 150
505 47 37 150
505 32 6 100
505 32 14 100
505 4 6 99
505 4 14 100
505 21 14 148
505 21 30 24
505 0 6 150
505 39 14 148
505 39 20 42
506 29 40 136
506 8 43 6
506 45 11 100
506 49 6 150
506 12 6 148
506 31 14 150
506 31 37 150
506 26 6 100
506 26 11 100
506 2 32 64
506 3 11 150
506 13 6 150
506 13 11 148
507 18 20 14
507 7 14 148
507 7 19 40
507 45 11 100
507 29 14 150
507 44 20 1
507 4 14 100
507 0 6 150
507 26 6 100
507 26 11 100
508 29 2 16
508 5 9 60
508 17 1 19
508 21 14 148
508 21 19 39
508 34 37 150
508 34 43 12
508 10 11 150
508 10 14 150
508 49 6 150
508 40 6 150
508 40 11 99
508 40 14 148
508 14 19 1
509 49 6 150
509 49 21 8
509 26 11 100
509 13 6 150
509 13 11 148
509 13 43 16
509 28 43 2
509 22 11 99
509 22 14 150
509 22 37 150
509 20 6 148
509 20 32 64
509 25 37 150
509 3 11 150
510 18 20 14
510 46 14 150
510 21 14 148
510 43 6 150
510 43 11 100
510 7 3 40
510 7 14 148
510 22 6 148
510 22 11 99
510 22 14 150
510 22 37 150
510 17 14 100
510 40 6 150
510 40 11 99
510 40 14 148
510 35 14 48
511 0 19 24
511 40 11 99
511 3 11 150
511 14 30 24
511 13 11 148
511 31 37 150
511 26 6 18
511 29 2 16
511 44 20 1
512 24 43 12
512 9 37 150
512 7 11 100
512 3 11 150
512 13 11 148
512 31 37 150
513 29 2 16
513 44 20 15
513 45 11 100
513 9 37 150
513 43 11 100
513 16 19 24
514 10 21 9
514 9 43 12
514 17 1 1
514 2 5 1
515 22 37 150
515 23 32 63
515 35 32 2
515 3 11 150
515 40 6 1
516 31 33 38
516 37 21 8
516 45 11 100
516 22 2 16
516 22 37 150
516 44 20 1
516 26 11 100
517 25 32 64
517 9 37 150
517 49 33 38
518 6 43 18
518 27 2 16
518 14 19 25
518 44 20 1
518 10 11 150
519 6 43 12
519 22 37 150
519 30 5 57
519 10 11 150
519 43 11 100
519 41 33 2
519 40 11 99
520 47 33 36
520 43 11 100
520 43 43 12
520 25 37 150
520 34 37 150
520 13 11 148
521 28 11 100
521 28 43 12
521 8 37 100
521 27 2 16
521 41 32 63
521 10 32 2
521 22 37 150
521 13 11 148
521 25 37 150
522 44 20 15
522 22 37 150
522 9 37 150
522 40 11 99
522 25 37 150
522 3 11 150
523 35 40 100
523 35 43 12
523 2 2 1
523 16 19 24
523 8 37 100
523 9 37 150
524 4 21 9
524 13 20 16
524 9 37 150
524 2 2 16
524 48 19 24
524 28 11 100
525 43 11 100
525 43 43 12
525 44 20 1
525 24 40 1
525 47 37 150
526 44 3 40
526 27 2 16
526 10 11 150
526 10 21 1
526 22 11 99
526 22 37 150
527 29 2 16
527 24 40 1
527 20 19 24
527 31 37 150
528 43 11 100
528 43 43 6
528 40 40 135
528 10 21 9
528 39 33 38
528 13 20 106
528 25 37 150
529 23 32 63
529 15 2 16
529 43 43 2
529 34 37 150
529 13 11 148
529 39 21 1
530 7 19 24
530 22 37 150
530 25 37 150
530 25 40 100
530 6 43 12
530 21 40 33
530 20 32 2
531 7 19 24
531 10 21 10
531 9 37 150
531 26 11 100
531 17 20 14
532 37 21 8
532 34 37 150
532 45 11 100
532 10 2 16
532 10 21 1
533 24 43 18
533 25 32 64
533 28 11 100
533 8 37 100
533 34 37 150
533 3 11 150
534 41 33 38
534 28 36 28
534 39 21 1
534 22 11 99
534 22 37 150
534 10 11 150
535 23 20 16
535 28 11 100
535 40 11 99
535 40 40 1
536 30 21 8
536 9 37 150
536 47 37 150
536 45 11 100
536 10 2 32
536 10 21 1
536 34 37 150
537 33 21 8
537 48 3 40
537 13 11 148
537 13 20 14
537 26 11 100
537 21 33 1
538 28 43 12
538 13 11 148
538 10 2 16
538 10 21 1
539 4 21 9
539 39 32 63
539 40 11 99
539 40 40 1
539 9 37 150
539 14 19 24
540 43 11 100
540 43 43 18
540 10 21 1
540 7 11 100
541 10 2 16
541 10 21 9
541 45 11 64
541 9 43 2
541 22 37 150
542 40 14 148
542 45 5 56
542 48 19 24
542 35 32 2
542 39 21 1
542 30 14 150
543 8 37 100
543 8 43 12
543 10 32 64
543 22 14 150
543 22 19 64
543 21 14 148
543 47 37 150
543 36 14 148
543 30 14 150
543 29 14 150
544 21 14 148
544 18 20 14
544 15 2 16
544 47 37 150
544 4 14 62
545 12 2 15
545 13 11 148
545 13 20 16
546 35 32 64
547 26 11 96
547 9 37 150
547 15 2 1
548 4 4 1
549 48 19 63
549 3 40 36
549 10 2 16
550 47 37 150
551 47 33 36
551 3 11 96
551 9 43 12
552 18 20 14
552 7 19 24
553 47 33 36
553 21 33 2
554 20 19 24
554 15 2 16
555 36 19 24
555 27 21 9
556 42 21 1
557 33 5 56
557 7 19 1
557 13 43 12
558 30 21 8
559 44 20 16
560 31 37 78
561 43 43 12
564 27 2 16
566 45 39 84
570 22 2 16
572 7 19 24
574 15 2 1
575 1 40 36
