2 46 40 150
3 42 25 100
4 18 44 100
6 37 44 100
6 45 42 100
7 35 16 99
8 46 0 100
8 46 24 100
8 45 42 100
8 39 44 150
9 5 44 150
10 29 26 100
10 22 25 99
10 6 26 100
10 6 44 148
11 45 26 150
11 45 34 99
11 6 26 100
11 8 48 100
12 14 11 100
12 14 42 99
12 10 6 99
13 36 25 100
13 36 28 100
13 20 14 99
13 13 14 100
13 42 25 100
14 7 40 148
15 1 42 100
15 33 24 100
16 8 25 150
17 12 29 99
17 29 6 99
18 31 1 99
18 7 25 100
18 28 48 100
19 43 28 100
21 7 25 100
21 6 24 100
21 48 49 99
22 7 25 100
23 3 29 99
23 7 25 100
24 26 42 148
25 30 28 100
25 40 6 100
25 42 19 100
25 4 11 100
27 15 26 150
27 32 26 99
27 32 34 100
27 31 1 99
28 18 19 100
28 22 16 99
28 28 48 100
29 35 26 150
29 5 44 150
29 22 25 99
29 28 27 150
30 27 37 100
30 34 42 100
32 22 16 99
33 33 19 99
33 11 3 100
34 8 48 100
34 22 16 99
35 13 11 100
35 13 34 100
35 0 6 100
35 11 24 99
36 26 28 100
36 34 29 99
37 8 3 100
37 11 0 100
37 1 42 100
37 37 19 100
39 35 16 99
39 40 17 100
39 31 1 99
40 14 26 150
40 14 34 100
40 24 26 100
41 28 48 100
41 34 42 100
43 15 3 99
43 15 16 100
43 15 28 100
43 6 27 150
44 6 44 148
44 3 30 150
44 29 6 99
45 2 11 99
45 6 40 100
45 37 19 100
46 32 30 100
46 30 42 99
47 4 40 100
47 6 40 100
47 35 39 100
48 34 3 100
48 35 31 150
49 30 3 100
49 25 16 100
49 25 39 150
49 14 34 100
49 8 48 100
50 37 25 148
50 6 26 100
50 15 26 150
51 10 6 99
51 41 16 100
51 42 19 100
51 42 25 100
52 0 42 100
52 42 25 100
53 36 1 99
53 14 7 100
54 30 28 100
54 30 42 99
55 7 40 148
55 37 19 100
55 37 44 100
55 25 16 100
56 36 11 100
56 8 27 100
57 15 16 100
57 15 26 150
57 32 26 99
58 31 34 100
58 22 6 100
58 28 48 100
59 15 16 100
59 15 44 150
59 31 17 100
60 45 16 100
60 45 34 99
60 45 42 100
62 8 48 100
63 20 14 99
63 6 14 100
63 27 16 99
64 46 11 100
64 46 27 150
64 45 34 99
65 25 14 150
65 25 16 100
65 45 6 100
65 18 19 100
65 18 40 148
66 14 42 99
66 11 24 99
67 9 40 100
67 4 27 148
68 15 3 99
68 15 16 100
68 13 48 100
69 47 17 100
69 15 16 100
69 2 25 150
69 7 0 100
70 6 3 99
70 6 34 100
71 15 44 150
72 27 16 99
72 8 27 100
73 0 6 100
73 0 19 99
73 17 34 99
74 8 48 100
74 2 1 100
74 2 11 99
75 25 16 100
76 0 27 150
76 20 31 100
78 43 31 100
78 45 42 100
79 37 44 100
79 4 27 148
79 31 31 100
80 1 28 100
80 22 6 100
80 18 44 100
80 42 30 100
81 2 27 100
81 34 42 100
82 8 48 100
82 47 17 100
83 33 16 100
83 25 11 99
83 35 34 100
84 8 25 150
84 2 1 100
84 18 19 100
84 18 29 99
85 42 25 100
85 18 39 100
85 47 6 99
86 31 42 100
87 6 25 148
87 38 49 100
87 12 37 99
87 9 46 99
88 37 19 100
89 17 34 99
89 34 42 100
90 1 3 99
90 8 48 100
90 43 16 100
91 8 3 100
92 1 25 150
92 16 27 150
92 34 29 99
92 34 34 100
92 0 6 100
93 8 3 100
94 42 19 100
94 6 44 148
95 3 7 100
95 3 45 99
95 45 42 100
95 41 11 99
96 24 1 100
96 22 16 99
97 28 48 100
97 35 28 100
98 46 46 100
98 10 6 99
98 9 44 150
99 45 16 100
99 9 40 100
99 9 46 99
99 15 33 100
100 48 40 100
100 37 19 100
101 11 44 150
101 15 16 100
102 25 16 100
102 25 30 150
102 1 42 100
103 6 28 99
104 2 25 150
104 8 48 100
104 22 6 100
105 42 19 100
105 10 0 100
106 43 16 100
106 4 11 100
108 25 31 100
108 24 1 100
108 24 46 100
109 34 48 100
109 11 44 150
109 33 19 99
110 4 27 148
110 4 46 100
110 23 26 100
110 45 26 150
111 30 42 99
111 13 34 100
111 23 17 100
111 15 16 100
112 16 39 100
112 33 7 100
114 42 19 100
114 37 28 99
115 28 48 100
115 40 6 100
115 15 16 100
115 4 11 100
115 4 46 100
115 8 27 100
116 9 0 100
116 34 39 100
116 34 42 100
117 3 29 99
118 36 28 100
118 2 45 100
118 45 16 100
119 2 1 100
120 41 34 100
120 33 19 99
120 14 42 99
121 34 48 100
122 27 16 99
123 28 3 100
123 12 11 100
123 15 26 150
123 29 26 100
124 44 6 100
124 16 27 150
125 34 3 100
125 27 16 99
125 18 19 100
126 18 44 100
127 8 48 100
127 24 34 99
127 27 37 100
128 18 19 100
131 1 44 150
131 17 34 99
131 2 11 99
131 28 48 100
132 15 44 150
132 16 1 100
132 47 6 99
133 35 23 100
133 35 31 150
133 49 23 99
133 25 23 100
133 41 40 150
133 0 42 100
133 17 23 100
134 2 27 100
134 24 49 99
135 26 28 100
135 42 19 100
135 42 30 100
136 41 34 100
136 47 17 100
136 31 31 100
137 3 7 100
138 28 48 100
138 29 6 99
138 45 16 100
139 14 34 100
139 14 42 99
139 11 45 100
140 0 27 150
140 20 31 100
141 0 0 100
141 0 19 99
141 30 3 100
141 2 11 99
142 4 40 100
142 15 16 100
143 5 47 100
143 24 46 100
144 18 19 100
144 42 25 100
145 8 48 100
146 44 6 100
146 27 16 99
146 6 1 100
147 0 42 100
148 28 27 150
148 41 16 100
149 3 29 99
149 25 3 99
150 6 3 99
150 6 25 148
151 31 31 100
152 1 25 150
152 28 48 100
152 4 11 100
152 4 40 100
152 0 19 99
152 6 40 100
153 31 34 100
153 31 42 100
153 28 27 150
154 46 0 100
155 42 34 100
156 36 46 100
156 45 6 100
156 45 16 100
156 33 19 99
157 32 26 99
157 15 28 100
157 15 33 100
157 30 42 99
157 6 26 100
158 33 16 100
158 33 39 150
159 4 46 100
159 24 26 100
159 24 34 99
159 8 48 100
159 15 26 150
160 36 1 99
160 36 11 100
160 18 19 100
160 14 7 100
161 0 42 100
162 32 46 99
162 2 27 100
163 23 0 100
163 27 25 150
163 41 34 100
163 41 39 100
164 15 44 150
164 18 29 99
165 45 34 99
165 11 3 100
166 34 48 100
167 22 6 100
167 0 19 99
167 28 45 100
167 3 37 100
168 42 26 150
168 4 46 100
168 29 26 100
170 21 28 100
170 14 11 100
170 24 46 100
171 2 1 100
171 11 3 100
171 7 26 150
171 42 19 100
171 14 42 99
172 11 3 100
172 28 48 100
173 5 39 150
173 25 16 100
173 32 30 100
174 41 29 100
174 41 34 100
175 33 16 100
176 31 42 100
176 2 25 150
176 47 6 99
177 33 19 99
178 23 17 100
179 13 48 100
179 0 44 150
179 22 16 99
180 0 42 100
180 4 11 100
180 4 46 100
180 25 16 100
182 24 1 100
182 42 17 100
183 29 6 99
183 20 31 100
183 9 40 100
184 7 40 148
184 11 39 100
184 41 16 100
184 33 19 99
185 36 28 100
185 8 48 100
185 18 44 100
186 10 0 100
186 30 42 99
187 7 40 148
188 14 34 100
188 36 25 100
188 0 19 99
189 12 11 100
189 44 6 100
189 22 25 99
190 32 49 100
190 0 42 100
191 26 45 100
191 45 16 100
192 42 19 100
192 7 13 100
193 46 27 150
195 36 1 99
195 18 48 150
196 33 16 100
196 0 42 100
197 0 6 100
198 41 16 100
198 41 39 100
198 18 19 100
199 12 11 100
199 31 17 100
199 5 44 150
201 28 48 100
202 29 6 99
202 5 44 150
202 39 37 100
202 14 1 100
203 41 34 100
203 0 19 99
204 38 3 100
204 21 7 100
204 31 42 100
204 11 45 100
205 39 9 99
206 36 25 100
206 8 27 100
206 45 16 100
207 40 31 148
207 24 46 100
208 37 19 100
208 4 11 100
208 36 3 100
208 34 48 100
209 14 34 100
209 14 42 99
209 40 6 100
209 34 29 99
210 39 28 100
210 25 26 150
210 14 26 150
211 33 19 99
212 35 16 99
213 37 44 100
213 24 34 99
213 24 46 100
213 31 31 100
213 34 48 100
215 18 19 100
215 35 28 100
216 34 20 100
216 44 6 100
216 24 1 100
216 14 11 100
217 0 42 100
217 15 16 100
218 13 48 100
218 41 16 100
218 0 27 150
220 1 25 150
221 25 3 99
221 15 47 100
221 33 19 99
222 11 44 150
222 25 16 100
223 44 6 100
223 36 1 99
224 32 34 100
224 43 16 100
224 30 42 99
224 33 19 99
225 28 48 100
226 27 25 150
226 42 26 150
226 6 26 100
227 15 18 100
228 25 11 99
228 25 16 100
228 33 19 99
228 33 44 150
229 14 34 100
230 5 30 150
230 41 39 100
230 1 3 99
230 34 48 100
231 40 6 100
231 40 17 100
231 45 16 100
231 38 3 100
232 44 45 100
232 23 0 100
233 34 34 100
233 34 42 100
233 4 46 100
235 18 19 100
235 14 1 100
235 14 26 150
235 14 49 100
235 24 27 150
236 1 42 100
236 1 44 150
236 41 40 150
237 17 34 99
237 3 37 100
237 14 11 100
237 14 26 150
237 30 26 148
238 42 19 100
239 17 31 100
239 40 6 100
239 8 48 100
241 15 16 100
241 7 40 148
241 9 7 100
241 9 46 99
241 34 42 100
242 41 34 100
242 9 46 99
243 33 19 99
244 5 44 150
245 41 40 150
245 37 25 148
245 31 42 100
246 8 27 100
246 8 48 100
246 36 11 100
247 29 6 99
247 12 29 99
247 42 19 100
248 24 46 100
248 18 40 148
248 43 16 100
249 3 39 148
249 2 1 100
250 0 3 150
251 13 34 100
251 13 48 100
251 47 17 100
252 6 27 150
252 32 30 100
253 15 39 99
253 30 42 99
253 40 6 100
254 40 47 100
254 43 45 100
255 49 44 100
255 6 28 99
255 2 11 99
256 3 7 100
256 8 48 100
256 41 34 100
256 41 39 100
257 4 40 100
257 1 44 150
257 48 40 100
258 43 16 100
259 22 16 99
259 35 34 100
260 49 44 100
261 6 26 100
261 36 26 150
261 36 46 100
261 0 19 99
262 1 42 100
262 20 31 100
262 42 17 100
263 34 29 99
263 34 48 100
263 1 25 150
263 18 44 100
263 24 1 100
264 16 27 150
265 17 34 99
265 0 3 150
265 0 42 100
265 4 11 100
266 33 16 100
266 33 19 99
266 22 6 100
266 42 30 100
266 24 46 100
267 18 13 100
267 18 39 100
267 18 44 100
268 37 40 148
268 34 42 100
269 33 7 100
270 33 1 100
272 13 48 100
272 10 6 99
272 19 49 100
272 34 29 99
273 49 23 99
273 7 25 100
273 7 26 150
273 25 23 100
273 23 26 100
273 28 23 100
274 12 23 100
274 12 25 150
274 28 27 150
274 41 16 100
275 46 46 100
276 22 25 99
276 0 19 99
276 0 42 100
276 7 25 100
278 36 1 99
278 33 45 99
279 44 6 100
279 44 30 148
279 28 48 100
279 22 16 99
280 2 11 99
280 43 28 100
280 43 31 100
280 14 42 99
280 40 17 100
281 32 46 99
281 7 13 100
282 34 42 100
283 42 19 100
284 13 34 100
284 47 6 99
285 32 30 100
285 41 16 100
286 14 3 100
286 24 46 100
286 2 27 100
287 0 42 100
287 12 29 99
287 24 1 100
288 46 46 100
288 0 19 99
288 8 48 100
288 34 20 100
290 41 11 99
290 24 27 150
292 16 31 100
293 46 24 100
294 22 6 100
294 22 36 100
295 2 27 100
295 32 34 100
296 24 27 150
296 28 45 100
296 34 42 100
297 31 1 99
298 29 0 100
299 38 3 100
299 34 19 150
299 34 48 100
299 46 46 100
300 41 16 100
301 45 6 100
301 36 25 100
302 33 19 99
302 33 44 150
302 21 28 100
302 5 44 150
303 47 17 100
303 33 24 100
303 46 46 100
304 6 25 148
304 9 0 100
305 19 49 100
305 28 48 100
306 16 1 100
306 45 26 150
306 45 42 100
306 18 19 100
307 16 39 100
307 36 11 100
307 17 34 99
308 28 3 100
308 34 42 100
309 2 27 100
309 42 37 100
310 12 29 99
310 41 34 100
311 19 31 100
311 22 6 100
312 42 19 100
313 11 45 100
313 23 26 100
313 42 26 150
314 30 42 99
315 1 28 100
315 18 39 100
316 33 24 100
317 22 6 100
317 0 42 100
317 12 11 100
318 37 25 148
318 9 39 150
319 28 48 100
319 33 19 99
320 37 25 148
320 37 28 99
320 2 27 100
320 14 42 99
321 17 34 99
323 37 0 99
324 22 16 99
324 8 27 100
324 8 48 100
325 31 1 99
325 28 30 99
325 28 45 100
325 33 19 99
326 9 40 100
326 9 46 99
326 22 6 100
326 41 39 100
326 35 5 100
327 33 24 100
327 41 29 100
327 12 23 100
327 12 25 150
327 34 23 148
328 28 3 100
328 28 23 100
328 12 23 100
330 12 0 100
331 34 48 100
331 2 27 100
332 13 11 100
333 9 44 150
333 2 1 100
333 2 27 100
333 29 26 100
333 30 26 148
333 1 44 150
334 9 46 99
334 11 3 100
335 21 28 100
335 6 44 148
335 40 6 100
335 33 19 99
335 33 44 150
336 46 46 100
337 20 31 100
337 2 27 100
338 41 16 100
339 34 42 100
339 4 27 148
340 22 6 100
340 32 24 100
341 16 39 100
341 48 49 99
342 2 27 100
342 13 48 100
343 1 3 99
343 43 45 100
343 21 7 100
344 41 39 100
344 12 25 150
344 33 1 100
346 18 29 99
346 28 30 99
347 22 25 99
347 13 48 100
347 23 17 100
347 8 27 100
348 9 46 99
348 18 19 100
349 41 40 150
349 37 25 148
349 45 42 100
350 29 0 100
351 20 31 100
352 5 26 100
352 10 6 99
352 20 5 100
352 32 1 100
352 32 26 99
352 32 49 100
352 14 3 100
353 31 39 148
354 37 19 100
354 32 46 99
354 46 11 100
354 8 24 99
356 8 48 100
357 27 28 100
358 23 17 100
358 33 7 100
359 6 1 100
359 37 19 100
359 28 45 100
360 0 6 100
361 14 34 100
361 24 27 150
361 24 46 100
362 6 25 148
362 33 16 100
362 12 0 100
362 12 29 99
362 8 48 100
363 36 46 100
364 25 11 99
367 29 26 100
367 14 26 150
367 48 24 100
367 42 19 100
368 34 39 100
368 34 48 100
368 44 30 148
368 30 26 148
368 35 26 150
369 2 1 100
370 9 7 100
370 27 28 100
370 30 42 99
371 1 44 150
371 18 44 100
372 20 31 100
372 2 27 100
373 37 19 100
373 35 5 100
374 6 3 99
374 44 46 150
374 0 42 100
375 29 6 99
376 34 3 100
376 39 0 100
376 9 46 99
377 41 11 99
378 38 39 148
378 13 48 100
379 39 44 150
379 33 44 150
379 23 37 99
380 11 3 100
380 11 45 100
380 37 19 100
380 36 1 99
381 26 24 100
381 34 39 100
382 29 6 99
382 32 46 99
383 9 46 99
383 13 34 100
384 15 39 99
385 24 46 100
385 33 19 99
386 8 3 100
386 31 42 100
386 37 40 148
386 32 49 100
388 0 6 100
388 0 19 99
388 28 48 100
389 12 11 100
390 1 25 150
390 43 9 100
391 30 26 148
391 32 1 100
391 3 29 99
392 37 19 100
392 4 46 100
393 18 44 100
393 15 3 99
393 15 44 150
393 34 42 100
393 49 44 100
394 17 31 100
394 6 3 99
395 40 6 100
395 40 17 100
396 31 42 100
396 9 46 99
397 32 1 100
397 32 24 100
397 10 0 100
398 0 19 99
398 25 28 99
399 45 26 150
399 32 26 99
399 13 48 100
400 28 45 100
400 9 7 100
401 22 25 99
401 21 28 100
402 42 19 100
403 27 37 100
403 14 11 100
403 14 26 150
403 14 34 100
403 0 26 100
404 16 39 100
405 28 48 100
405 9 46 99
406 47 6 99
407 48 0 99
407 0 25 150
407 0 27 150
407 0 42 100
408 27 24 100
408 32 1 100
408 33 19 99
409 6 44 148
409 49 44 100
410 16 31 100
411 34 48 100
412 48 49 99
412 40 6 100
412 16 27 150
413 1 25 150
413 45 16 100
414 28 45 100
414 14 1 100
414 14 39 150
415 1 42 100
415 18 29 99
416 23 17 100
416 11 3 100
417 25 16 100
418 33 19 99
418 30 3 100
418 30 26 148
418 22 25 99
418 35 26 150
418 36 25 100
419 46 11 100
419 23 26 100
419 6 26 100
419 6 34 100
420 34 48 100
420 2 27 100
421 40 6 100
421 32 24 100
421 20 5 100
423 16 3 148
423 37 25 148
423 14 42 99
424 32 1 100
425 29 26 100
425 30 26 148
425 16 39 100
425 42 25 100
425 27 16 99
426 15 39 99
426 31 42 100
426 39 0 100
427 37 19 100
427 24 49 99
427 26 45 100
428 13 34 100
430 9 46 99
430 1 42 100
431 36 1 99
432 40 6 100
432 18 19 100
432 0 27 150
433 45 16 100
433 8 48 100
434 37 25 148
434 37 28 99
434 17 31 100
434 33 7 100
435 6 24 100
435 35 39 100
436 32 30 100
437 36 3 100
437 36 46 100
437 47 17 100
438 14 11 100
438 42 19 100
439 2 25 150
439 14 42 99
440 8 3 100
440 44 6 100
440 34 29 99
441 8 48 100
442 24 1 100
443 7 0 100
443 1 28 100
443 26 45 100
444 36 26 150
444 36 46 100
444 37 44 100
444 11 44 150
444 0 26 100
445 38 49 100
446 36 3 100
446 40 39 100
446 14 42 99
446 22 16 99
447 31 34 100
447 3 7 100
447 18 19 100
448 47 17 100
448 28 30 99
449 39 28 100
449 1 42 100
449 11 24 99
450 40 6 100
450 32 40 150
451 36 46 100
452 46 11 100
452 45 42 100
452 31 31 100
453 24 46 100
453 15 39 99
454 8 48 100
455 36 1 99
456 29 0 100
457 0 27 150
458 0 6 100
458 0 19 99
458 41 30 148
459 40 39 100
459 13 34 100
459 25 16 100
460 38 3 100
460 1 28 100
460 13 48 100
460 8 27 100
460 4 46 100
461 26 24 100
461 12 29 99
462 11 45 100
463 35 26 150
464 14 42 99
464 18 39 100
465 20 5 100
465 6 1 100
466 29 0 100
466 35 23 100
466 46 11 100
466 42 23 100
466 14 23 99
466 25 23 100
467 23 17 100
467 28 3 100
468 45 6 100
469 37 19 100
469 46 46 100
469 20 31 100
470 45 42 100
470 36 46 100
471 33 19 99
471 34 48 100
472 7 26 150
472 5 26 100
472 6 34 100
473 32 1 100
474 45 16 100
474 42 30 100
474 26 7 100
474 11 24 99
476 13 11 100
476 8 27 100
477 2 27 100
477 32 30 100
477 32 46 99
477 18 44 100
477 39 44 150
477 37 44 100
478 24 26 100
478 0 19 99
478 0 26 100
479 14 26 150
479 14 42 99
479 13 48 100
479 18 44 100
479 23 26 100
479 9 44 150
480 30 28 100
480 37 25 148
480 3 45 99
480 47 6 99
481 38 3 100
481 2 27 100
482 6 3 99
482 33 19 99
482 1 38 99
482 1 42 100
483 16 1 100
483 36 25 100
483 8 27 100
484 7 0 100
486 41 39 100
486 18 39 100
486 4 46 100
487 16 31 100
487 23 26 100
487 26 25 150
487 24 26 100
488 12 37 99
488 48 24 100
488 39 28 100
488 18 19 100
488 9 7 100
488 8 48 100
488 24 26 100
489 32 49 100
490 4 40 100
490 9 40 100
491 33 19 99
491 47 6 99
492 46 11 100
492 33 1 100
493 8 48 100
494 18 29 99
495 26 45 100
496 23 17 100
496 1 42 100
497 39 0 100
497 1 42 100
498 25 28 99
499 10 6 99
499 14 23 99
499 32 24 100
499 17 23 100
499 34 23 148
500 22 23 100
500 14 1 100
501 0 19 99
502 46 46 100
503 14 7 100
503 24 49 99
504 15 28 100
504 2 25 150
504 24 46 100
505 20 31 100
505 33 44 150
505 24 27 150
505 0 44 150
506 40 17 100
507 2 25 150
507 13 34 100
507 13 48 100
508 24 46 100
509 44 6 100
509 48 24 100
509 2 11 99
509 3 29 99
510 14 42 99
510 0 19 99
510 46 46 100
511 14 1 100
512 11 39 100
513 46 27 150
513 46 46 100
513 29 26 100
513 42 26 150
515 2 27 100
515 22 6 100
515 28 48 100
516 24 26 100
516 28 45 100
516 29 26 100
516 30 42 99
517 49 5 99
517 0 26 100
517 1 28 100
517 5 9 100
517 5 26 100
518 2 1 100
518 25 16 100
518 14 42 99
519 3 7 100
519 13 11 100
520 6 24 100
520 42 19 100
521 17 31 100
521 23 26 100
521 30 26 148
522 48 0 99
523 32 34 100
523 30 42 99
524 1 25 150
525 44 39 150
525 0 26 100
525 25 26 150
526 36 26 150
526 36 46 100
526 32 26 99
526 0 44 150
526 34 48 100
526 49 44 100
526 47 43 100
527 28 23 100
527 9 46 99
527 42 23 100
527 12 23 100
528 25 23 100
528 40 39 100
528 18 44 100
529 39 37 100
529 36 25 100
529 14 42 99
531 31 1 99
531 49 0 100
531 37 19 100
531 32 24 100
532 24 26 100
532 24 27 150
532 29 26 100
533 44 6 100
533 18 44 100
533 34 3 100
533 49 44 100
533 9 46 99
534 1 25 150
534 26 45 100
535 33 19 99
535 42 30 100
535 34 48 100
536 0 25 150
536 16 39 100
536 42 34 100
536 3 29 99
536 6 47 100
537 38 49 100
537 16 31 100
538 0 26 100
538 0 42 100
538 42 26 150
539 33 1 100
539 26 46 148
539 11 0 100
539 5 30 150
540 6 44 148
540 33 44 150
541 47 17 100
541 16 27 150
542 34 48 100
543 36 46 100
544 48 24 100
544 24 27 150
544 4 11 100
545 45 42 100
545 12 0 100
545 12 25 150
545 33 1 100
546 36 26 150
546 29 26 100
547 22 6 100
548 30 42 99
549 33 19 99
549 36 46 100
550 32 46 99
551 2 27 100
551 24 26 100
551 39 28 100
551 25 26 150
551 40 17 100
552 14 26 150
552 23 26 100
553 25 26 150
553 45 34 99
554 2 11 99
554 11 48 150
554 18 19 100
555 13 34 100
555 43 31 100
555 33 24 100
555 33 45 99
556 0 42 100
557 42 30 100
557 29 6 99
557 21 28 100
558 43 16 100
558 35 39 100
558 4 46 100
559 1 42 100
559 31 1 99
559 4 27 148
559 9 7 100
560 7 0 100
560 25 3 99
561 11 3 100
561 28 30 99
563 32 1 100
563 32 46 99
563 2 27 100
563 37 19 100
563 33 7 100
565 46 40 150
565 28 48 100
566 2 11 99
566 18 29 99
567 9 39 150
567 36 49 100
567 1 42 100
568 10 6 99
569 11 24 99
569 4 46 100
571 25 31 100
571 31 42 100
572 32 1 100
572 32 25 150
572 42 17 100
573 0 19 99
573 28 48 100
574 28 45 100
575 36 46 100
577 46 27 150
578 42 19 100
578 33 16 100
578 0 6 100
579 28 3 100
579 35 16 99
579 39 43 100
580 11 0 100
580 18 19 100
580 15 33 100
581 31 42 100
581 32 46 99
581 41 11 99
582 41 16 100
582 27 25 150
583 0 25 150
583 0 42 100
583 22 43 99
584 34 34 100
584 34 42 100
584 32 24 100
584 32 46 99
584 6 27 150
585 8 48 100
585 47 6 99
585 42 19 100
586 8 27 100
586 33 1 100
587 19 31 100
588 10 18 99
588 10 36 99
588 46 40 150
589 0 27 150
589 32 46 99
589 32 49 100
591 30 42 99
591 8 27 100
592 45 16 100
592 7 25 100
593 10 6 99
594 24 27 150
594 6 40 100
594 46 11 100
594 27 33 100
594 1 15 99
595 31 34 100
595 31 42 100
595 32 30 100
596 6 27 150
596 21 33 100
597 33 1 100
597 33 19 99
597 33 24 100
598 4 33 100
599 39 28 100
599 10 6 99
600 8 48 100
600 25 31 100
601 33 19 99
601 14 42 99
602 22 16 99
602 46 11 100
604 38 3 100
604 25 16 100
604 33 19 99
605 7 36 99
605 7 43 100
605 28 27 150
605 14 42 99
606 23 0 100
606 27 16 99
606 46 46 100
607 33 16 100
607 13 48 100
608 8 27 100
609 36 3 100
609 36 15 99
609 24 13 100
609 47 43 100
610 29 6 99
610 29 36 100
610 42 19 100
611 27 16 99
612 7 26 150
612 29 26 100
612 11 24 99
612 28 27 150
612 28 48 100
612 16 1 100
613 12 11 100
613 21 28 100
614 1 25 150
614 48 0 99
614 31 17 100
615 2 27 100
615 36 33 100
616 34 42 100
617 14 42 99
618 45 34 99
618 37 19 100
618 0 27 150
619 24 13 100
619 15 3 99
619 15 43 100
619 34 48 100
620 6 27 150
620 19 31 100
621 25 36 100
621 47 6 99
622 27 33 100
623 18 40 148
623 8 27 100
624 0 19 99
624 0 25 150
625 26 24 100
626 12 11 100
626 47 43 100
626 36 15 99
627 32 25 150
627 36 3 100
627 36 28 100
627 45 6 100
628 34 34 100
628 34 48 100
628 9 46 99
628 22 16 99
628 37 19 100
629 25 3 99
629 25 16 100
629 46 27 150
629 14 42 99
630 37 25 148
631 27 37 100
631 36 26 150
631 31 42 100
631 5 26 100
632 41 29 100
632 42 25 100
632 0 27 150
632 7 25 100
634 31 1 99
634 9 0 100
635 22 16 99
635 22 43 99
635 42 19 100
636 17 34 99
636 10 6 99
636 16 27 150
637 25 11 99
638 13 48 100
638 1 3 99
639 42 26 150
639 8 27 100
639 0 26 100
640 34 42 100
640 4 46 100
640 37 19 100
641 11 24 99
641 1 15 99
642 48 40 100
642 41 30 148
642 41 36 150
642 21 33 100
642 4 40 100
643 23 26 100
643 35 26 150
643 47 43 100
644 30 26 148
644 27 16 99
644 27 33 100
644 16 27 150
644 23 26 100
645 0 19 99
645 25 31 100
646 44 6 100
646 24 13 100
646 32 30 100
647 21 43 148
647 35 16 99
648 36 11 100
648 6 44 148
648 34 48 100
648 11 44 150
648 33 19 99
649 15 33 100
650 23 0 100
650 15 33 100
650 43 36 100
650 24 27 150
651 46 40 150
651 39 44 150
651 1 44 150
652 23 26 100
652 28 27 150
652 32 24 100
652 32 26 99
652 32 40 150
653 18 40 148
654 14 3 100
654 40 6 100
655 45 42 100
655 4 15 100
655 31 1 99
656 46 27 150
656 22 36 100
656 34 48 100
657 6 26 100
657 30 26 148
657 27 16 99
657 46 46 100
658 26 25 150
658 2 27 100
658 37 19 100
660 0 6 100
660 0 25 150
661 36 13 150
661 36 46 100
661 4 27 148
662 0 16 150
662 0 42 100
662 8 27 100
662 7 43 100
663 38 3 100
663 4 11 100
663 4 33 100
663 4 46 100
663 2 27 100
664 22 40 150
664 42 19 100
664 17 31 100
664 4 33 100
665 30 42 99
666 34 48 100
666 27 24 100
666 47 43 100
666 42 25 100
667 29 26 100
667 24 1 100
667 24 26 100
668 16 27 150
669 22 6 100
669 22 16 99
669 18 19 100
670 27 25 150
670 45 34 99
672 39 13 100
672 33 19 99
674 34 48 100
674 33 43 100
674 37 0 99
674 44 49 99
674 4 11 100
674 4 15 100
676 9 46 99
676 22 6 100
677 18 13 100
677 18 19 100
677 1 28 100
678 8 24 99
678 8 27 100
678 39 45 100
678 41 16 100
678 9 7 100
679 38 3 100
679 16 27 150
679 16 31 100
679 1 42 100
680 8 48 100
680 10 36 99
680 6 28 99
681 7 43 100
682 15 26 150
682 24 26 100
683 32 25 150
683 0 19 99
684 5 26 100
684 24 26 100
684 10 36 99
684 45 16 100
685 10 6 99
685 46 27 150
685 21 33 100
686 4 11 100
686 4 46 100
686 2 1 100
686 25 30 150
687 8 48 100
687 39 13 100
687 35 26 150
687 24 26 100
688 31 42 100
688 37 19 100
688 39 43 100
689 0 27 150
689 32 34 100
690 33 44 150
690 30 3 100
690 30 42 99
690 37 44 100
690 1 15 99
691 18 44 100
691 18 47 100
691 9 36 99
692 48 24 100
692 0 19 99
692 25 36 100
693 41 16 100
693 42 25 100
694 19 31 100
694 24 13 100
694 34 42 100
695 43 36 100
695 34 40 148
695 34 48 100
695 8 27 100
695 45 6 100
696 37 19 100
697 24 34 99
697 4 33 100
698 41 29 100
699 42 26 150
699 6 1 100
699 6 26 100
699 9 46 99
700 9 40 100
700 5 26 100
700 37 19 100
700 37 25 148
700 30 26 148
701 33 16 100
702 9 46 99
702 43 16 100
702 15 42 148
703 16 3 148
703 16 27 150
703 33 43 100
703 4 11 100
704 10 36 99
704 14 42 99
705 22 6 100
705 18 19 100
705 24 46 100
705 36 33 100
706 1 44 150
706 24 26 100
706 24 27 150
706 24 49 99
706 49 44 100
706 42 26 150
707 18 13 100
708 39 44 150
708 15 26 150
708 15 44 150
708 13 48 100
708 24 26 100
708 36 1 99
709 11 24 99
709 24 27 150
710 32 40 150
710 6 33 150
710 35 16 99
710 8 27 100
711 36 13 150
711 36 46 100
712 30 26 148
713 36 3 100
713 10 6 99
714 29 36 100
714 7 43 100
714 18 19 100
714 4 27 148
715 24 26 100
715 24 34 99
715 14 26 150
715 14 42 99
715 32 30 100
716 15 3 99
717 0 19 99
717 39 13 100
718 8 27 100
718 1 15 99
718 10 13 100
719 46 11 100
720 29 6 99
720 46 27 150
720 1 42 100
721 30 28 100
722 4 33 100
722 16 1 100
722 16 31 100
723 33 19 99
723 33 43 100
724 33 16 100
724 28 48 100
724 26 25 150
725 24 27 150
725 45 42 100
725 6 24 100
726 2 27 100
726 22 6 100
726 42 30 100
727 15 33 100
727 49 46 148
727 45 42 100
727 22 36 100
729 4 11 100
729 4 33 100
729 4 40 100
729 6 40 100
729 41 16 100
729 37 19 100
730 1 15 99
731 49 0 100
731 0 42 100
732 39 13 100
732 20 33 150
732 33 19 99
733 26 7 100
734 6 1 100
735 35 16 99
735 2 27 100
735 34 42 100
736 4 40 100
736 37 19 100
736 10 36 99
737 2 25 150
738 44 6 100
738 46 24 100
739 0 25 150
739 0 42 100
739 31 31 100
740 8 27 100
740 8 48 100
740 27 28 100
740 2 27 100
741 43 36 100
741 37 19 100
742 37 44 100
742 33 43 100
742 33 44 150
742 2 27 100
743 25 26 150
743 25 28 99
743 42 26 150
744 6 25 148
744 39 0 100
745 12 11 100
746 37 19 100
746 43 16 100
746 36 1 99
746 36 15 99
747 46 27 150
747 27 33 100
748 6 3 99
748 6 26 100
748 5 26 100
748 35 16 99
748 34 48 100
749 12 0 100
749 12 25 150
749 18 40 148
750 45 42 100
751 14 49 100
751 4 46 100
751 33 19 99
753 2 27 100
753 2 33 150
753 26 28 100
753 35 26 150
754 41 11 99
754 10 6 99
754 0 26 100
754 32 24 100
754 32 30 100
754 20 31 100
755 8 27 100
755 0 42 100
755 27 16 99
757 0 27 150
757 0 42 100
757 12 29 99
758 1 3 99
758 28 48 100
758 2 27 100
759 27 33 100
759 29 36 100
759 24 1 100
760 37 19 100
760 14 42 99
761 11 3 100
761 11 37 99
761 2 27 100
762 4 15 100
763 38 49 100
763 15 43 100
763 0 6 100
763 0 19 99
763 41 11 99
764 14 42 99
765 45 42 100
765 39 44 150
765 6 44 148
765 8 27 100
766 7 13 100
766 9 46 99
766 4 33 100
766 34 42 100
767 16 1 100
767 16 27 150
768 21 7 100
770 43 16 100
770 21 33 100
770 15 3 99
770 1 42 100
771 8 27 100
771 8 48 100
771 35 28 100
771 0 19 99
771 9 46 99
772 43 16 100
772 43 36 100
773 29 36 100
773 11 24 99
773 0 27 150
774 36 49 100
774 44 6 100
775 1 15 99
775 25 11 99
775 25 26 150
775 5 26 100
775 0 27 150
776 17 34 99
777 22 40 150
777 16 27 150
778 46 40 150
778 35 16 99
778 13 48 100
779 18 19 100
779 15 33 100
779 37 25 148
779 19 31 100
779 6 1 100
780 15 43 100
781 4 27 148
781 4 33 100
781 23 0 100
781 22 25 99
782 24 26 100
782 5 26 100
782 35 28 100
783 8 27 100
783 0 6 100
784 36 33 100
784 36 46 100
784 12 29 99
785 4 27 148
785 4 33 100
786 46 11 100
786 35 16 99
787 2 1 100
787 2 27 100
787 29 36 100
787 6 3 99
788 8 24 99
788 8 48 100
788 48 40 100
788 22 36 100
788 6 40 100
789 1 42 100
789 45 6 100
790 27 16 99
790 42 19 100
790 30 13 100
791 9 36 99
791 35 34 100
792 28 27 150
792 14 26 150
792 14 42 99
792 22 16 99
792 4 15 100
792 32 26 99
793 36 46 100
794 41 16 100
795 6 27 150
795 6 40 100
795 6 44 148
795 49 44 100
796 28 48 100
796 37 44 100
797 15 26 150
797 15 43 100
797 0 26 100
797 0 27 150
798 10 6 99
798 35 34 100
798 1 42 100
799 47 17 100
799 38 3 100
799 43 36 100
799 32 30 100
800 2 25 150
800 2 27 100
800 33 19 99
801 29 26 100
801 6 25 148
801 6 26 100
801 35 16 99
801 15 43 100
802 30 26 148
802 5 26 100
802 14 11 100
803 32 24 100
803 45 42 100
804 8 27 100
804 8 48 100
804 17 31 100
805 31 1 99
805 4 15 100
805 0 19 99
805 45 16 100
806 29 0 100
807 2 27 100
808 30 26 148
808 23 26 100
808 8 27 100
809 30 42 99
809 1 25 150
810 5 26 100
810 24 26 100
810 8 3 100
810 8 48 100
810 33 19 99
811 8 33 100
811 14 1 100
811 29 36 100
811 46 46 100
812 45 6 100
812 29 36 100
813 1 28 100
813 4 11 100
813 8 27 100
814 33 19 99
814 6 3 99
816 11 24 99
816 21 33 100
817 13 16 148
817 45 6 100
817 0 19 99
817 47 43 100
818 15 3 99
818 41 40 150
818 24 46 100
819 34 40 148
819 34 48 100
820 4 27 148
821 1 15 99
821 1 42 100
821 23 26 100
821 29 26 100
821 2 27 100
822 6 28 99
822 46 11 100
822 44 49 99
822 33 19 99
823 33 16 100
823 15 33 100
824 2 25 150
824 34 42 100
824 19 31 100
825 40 13 150
826 34 42 100
826 0 19 99
827 36 46 100
827 29 6 99
827 29 36 100
828 34 40 148
828 24 27 150
829 35 28 100
829 1 3 99
829 2 27 100
830 30 42 99
830 24 34 99
830 24 46 100
830 9 36 99
831 6 27 150
832 11 24 99
832 10 6 99
832 22 16 99
833 14 1 100
833 3 29 99
833 24 27 150
833 24 46 100
834 48 0 99
834 22 16 99
834 14 11 100
835 34 48 100
837 4 27 148
837 30 42 99
838 15 16 100
839 36 15 99
839 39 43 100
839 18 19 100
840 1 28 100
840 1 42 100
840 33 16 100
840 33 45 99
841 47 6 99
841 6 40 100
841 7 13 100
842 37 25 148
842 6 40 100
842 25 16 100
842 2 27 100
843 20 31 100
843 18 19 100
844 15 44 150
844 11 24 99
845 20 33 150
845 22 25 99
845 18 44 100
845 6 1 100
846 7 36 99
846 31 42 100
846 34 3 100
846 35 28 100
846 29 6 99
847 46 11 100
847 37 19 100
847 13 48 100
848 47 43 100
849 7 36 99
849 7 40 148
850 2 27 100
851 37 19 100
853 46 27 150
853 8 48 100
853 0 6 100
854 27 33 100
854 7 36 99
855 37 25 148
855 0 42 100
855 32 30 100
856 33 19 99
856 33 24 100
856 33 44 150
856 6 44 148
857 1 15 99
857 25 16 100
857 6 27 150
858 0 6 100
858 27 28 100
859 6 25 148
859 40 17 100
859 19 49 100
860 6 1 100
861 15 33 100
861 18 13 100
862 41 11 99
862 41 34 100
864 28 48 100
865 24 46 100
