2 16 31 100
3 18 22 100
3 18 31 100
3 18 47 148
3 28 7 99
4 30 35 100
4 31 47 100
4 23 47 100
5 6 31 100
5 6 47 100
5 18 22 100
6 44 21 100
6 42 20 100
7 26 31 99
8 31 22 100
8 31 47 100
8 8 26 99
8 8 33 100
8 35 47 100
9 16 31 100
10 2 22 100
10 19 7 100
10 47 43 100
10 30 35 100
10 44 42 100
11 20 20 100
11 36 22 100
11 45 13 100
12 6 31 100
13 26 31 99
13 37 35 99
13 18 22 100
14 2 46 99
14 41 31 99
15 26 31 99
16 2 22 100
16 2 26 99
16 13 21 99
16 16 31 100
17 7 25 99
17 31 22 100
17 31 35 100
17 31 42 100
18 26 20 100
18 26 31 99
18 16 2 100
18 16 13 100
18 38 47 150
19 31 22 100
19 31 42 100
19 31 47 100
19 48 43 100
19 3 31 99
20 18 22 100
20 18 31 100
20 21 2 100
20 23 2 99
20 17 2 100
20 8 2 99
20 8 26 99
20 29 2 99
21 17 2 100
22 18 22 100
22 18 31 100
22 45 13 100
22 41 20 100
22 29 2 99
22 37 7 100
22 11 46 100
23 15 36 100
23 18 31 100
24 31 22 100
25 17 20 100
25 17 46 99
26 11 48 150
26 30 48 148
26 7 13 100
27 43 31 150
27 20 22 150
27 44 21 100
27 38 47 150
28 35 33 100
28 42 43 99
28 18 22 100
29 17 46 99
29 24 4 100
29 49 26 150
30 37 20 100
31 40 31 150
31 9 41 100
31 12 7 99
32 6 31 100
32 44 22 148
32 45 13 100
32 39 18 99
33 31 35 100
33 31 42 100
33 26 31 99
33 13 25 99
34 34 21 100
34 11 20 100
35 1 48 150
35 41 22 150
35 30 48 148
35 16 48 99
36 16 31 100
36 12 33 99
36 8 26 99
36 36 3 99
36 36 22 100
37 13 21 99
38 13 18 100
38 13 43 100
38 5 18 150
38 5 20 100
38 2 22 100
38 26 18 100
39 14 7 100
39 14 46 99
39 26 31 99
40 26 31 99
40 31 22 100
40 31 47 100
41 31 42 100
41 31 47 100
41 23 47 100
41 12 7 99
42 3 31 99
42 16 13 100
42 36 22 100
42 42 20 100
43 16 31 100
43 39 47 100
43 18 47 148
44 6 31 100
44 27 35 100
44 31 22 100
45 5 4 99
45 21 26 148
45 2 22 100
45 31 4 100
46 41 31 99
46 20 25 99
46 20 43 100
46 16 13 100
46 31 47 100
46 39 47 100
47 34 21 100
47 35 33 100
48 38 47 150
48 40 22 150
48 11 20 100
48 35 47 100
48 26 31 99
49 39 0 100
49 41 31 99
50 18 22 100
50 16 13 100
50 2 26 99
51 30 35 100
51 37 7 100
52 24 4 100
52 18 22 100
52 18 31 100
52 12 33 99
53 12 31 100
53 31 22 100
53 20 20 100
54 12 31 100
54 45 13 100
54 48 43 100
55 19 46 100
55 18 22 100
55 18 31 100
56 5 4 99
56 28 35 100
56 35 47 100
56 10 4 100
56 41 31 99
56 23 47 100
57 6 47 100
57 23 47 100
58 9 33 100
58 7 25 99
58 44 22 148
58 17 20 100
59 4 46 100
59 41 31 99
59 2 26 99
60 30 35 100
60 36 22 100
60 39 18 99
61 18 22 100
61 18 31 100
62 26 31 99
63 3 21 100
63 3 31 99
63 3 42 148
63 13 43 100
63 8 26 99
63 41 36 99
63 31 22 100
64 45 13 100
65 17 20 100
65 2 22 100
65 3 31 99
66 5 18 150
66 2 26 99
66 25 18 100
66 6 18 100
67 29 38 150
67 8 46 100
67 2 22 100
67 18 31 100
67 18 38 100
68 11 20 100
68 35 33 100
68 37 41 99
69 29 38 150
69 38 3 100
69 38 38 100
69 43 13 100
69 31 22 100
69 34 21 100
70 36 22 100
70 46 11 100
70 28 7 99
70 18 31 100
71 13 38 100
71 13 43 100
71 26 31 99
71 18 38 100
71 46 38 150
72 14 46 99
72 2 22 100
72 2 26 99
73 31 42 100
73 31 47 100
73 13 25 99
73 46 13 100
73 18 47 148
74 5 20 100
74 31 22 100
75 11 0 99
75 6 31 100
76 38 18 100
76 43 49 100
76 25 18 100
76 3 18 150
77 10 42 150
77 8 26 99
78 18 22 100
78 18 31 100
78 34 21 100
79 17 46 99
79 42 43 99
79 38 38 100
79 18 38 100
79 16 13 100
79 48 38 99
80 37 20 100
80 37 22 150
80 12 31 100
81 14 7 100
81 5 33 99
81 31 47 100
82 10 41 100
82 38 47 150
82 31 22 100
82 31 42 100
82 7 25 99
83 21 35 100
83 8 26 99
83 17 20 100
84 6 47 100
85 41 22 150
85 41 31 99
85 23 47 100
85 31 18 99
86 16 31 100
86 17 20 100
86 28 35 100
87 18 22 100
87 18 38 100
87 17 46 99
87 13 38 100
87 27 38 100
88 9 33 100
88 9 41 100
88 16 13 100
88 16 43 99
88 18 22 100
89 8 26 99
89 34 21 100
90 36 22 100
90 6 31 100
90 6 49 100
90 26 20 100
91 13 25 99
92 48 35 148
92 18 22 100
92 18 31 100
92 18 47 148
92 6 47 100
92 31 42 100
93 18 31 100
93 8 26 99
93 6 11 99
94 27 48 100
94 28 7 99
94 14 48 150
94 9 33 100
94 7 48 100
94 31 22 100
94 18 31 100
95 34 21 100
95 41 20 100
95 35 47 100
96 35 47 100
96 41 2 150
96 36 2 150
96 1 38 150
96 8 2 99
96 29 2 99
96 29 38 150
97 43 4 100
97 43 7 150
97 46 4 100
97 29 2 99
97 42 7 150
97 5 2 99
97 5 7 148
97 36 2 150
97 36 22 100
97 31 42 100
98 37 13 100
98 47 43 100
98 6 31 100
98 6 47 100
98 36 22 100
98 16 38 148
98 35 47 100
98 1 38 150
100 39 35 100
100 20 20 100
100 14 46 99
100 36 22 100
101 16 31 100
101 2 26 99
101 9 33 100
102 32 25 99
102 44 21 100
102 5 49 100
103 2 22 100
103 1 38 150
103 6 31 100
103 27 38 100
103 37 41 99
104 41 31 99
104 37 13 100
104 18 22 100
105 11 4 100
105 18 31 100
105 18 38 100
105 18 47 148
105 38 38 100
105 38 47 150
105 19 38 150
106 30 20 100
106 30 35 100
106 40 22 150
106 16 43 99
106 23 47 100
106 6 47 100
107 9 33 100
108 32 26 150
108 6 47 100
108 6 49 100
108 18 22 100
108 18 47 148
109 3 42 148
109 37 7 100
110 18 22 100
110 18 31 100
110 16 13 100
110 47 3 100
110 32 36 99
111 41 20 100
111 41 31 99
111 19 46 100
112 36 22 100
113 32 25 99
114 40 22 150
114 5 18 150
114 6 18 100
114 6 21 150
114 48 38 99
114 48 43 100
114 13 18 100
114 13 38 100
114 38 38 100
115 3 18 150
115 3 41 100
115 25 18 100
115 12 7 99
115 12 33 99
115 38 18 100
116 46 13 100
116 16 31 100
116 17 20 100
116 38 7 100
116 18 22 100
117 43 49 100
117 2 26 99
118 11 48 150
118 8 48 148
118 36 22 100
118 31 47 100
118 41 31 99
119 12 33 99
119 39 47 100
120 16 13 100
120 35 47 100
121 3 31 99
121 26 20 100
121 23 47 100
121 18 22 100
121 18 47 148
121 28 7 99
121 28 35 100
121 31 47 100
122 7 38 148
122 12 31 100
122 40 22 150
122 37 35 99
122 34 38 150
123 2 26 99
124 47 43 100
124 31 18 99
124 31 22 100
124 31 42 100
124 13 25 99
124 5 49 100
125 43 13 100
125 18 31 100
125 44 42 100
126 48 38 99
126 19 38 150
126 38 47 150
126 41 31 99
126 5 33 99
126 35 47 100
127 44 22 148
127 18 31 100
127 6 11 99
128 38 7 100
128 38 47 150
128 37 20 100
128 39 47 100
129 14 46 99
129 16 31 100
129 37 35 99
129 37 41 99
130 40 22 150
130 19 7 100
130 48 0 100
131 44 42 100
131 25 18 100
131 3 18 150
131 11 20 100
131 6 18 100
132 2 22 100
132 2 26 99
132 26 31 99
132 21 13 100
132 44 42 100
133 36 22 100
133 42 36 100
133 42 43 99
133 3 31 99
134 44 21 100
135 38 3 100
135 38 38 100
135 1 38 150
135 48 38 99
136 8 48 148
136 17 48 148
136 27 48 100
136 31 22 100
136 31 42 100
137 43 13 100
137 12 31 100
137 31 42 100
138 18 22 100
138 3 41 100
138 26 20 100
138 13 25 99
139 8 26 99
139 43 49 100
140 39 47 100
140 3 31 99
140 6 47 100
140 20 22 150
141 2 26 99
141 43 13 100
141 44 42 100
141 42 43 99
142 20 20 100
143 42 11 100
143 2 22 100
144 27 35 100
144 8 33 100
144 26 31 99
144 37 7 100
145 43 13 100
145 2 22 100
145 20 25 99
146 17 20 100
147 44 21 100
147 18 22 100
147 49 42 99
148 26 31 99
148 8 26 99
149 18 22 100
149 12 7 99
149 10 49 100
150 14 43 100
150 5 33 99
151 18 22 100
151 12 48 150
151 10 41 100
151 46 13 100
151 37 48 148
152 11 20 100
152 6 11 99
152 20 25 99
153 20 22 150
153 12 7 99
153 12 31 100
154 18 31 100
154 44 42 100
155 41 20 100
155 13 18 100
155 13 21 99
155 9 33 100
155 42 18 150
155 30 18 100
156 2 22 100
156 2 26 99
156 12 31 100
156 46 13 100
156 43 49 100
157 36 18 100
158 34 38 150
158 19 7 100
158 19 38 150
158 38 3 100
158 37 22 150
159 30 35 100
159 48 43 100
159 16 31 100
160 8 33 100
160 2 27 150
160 4 27 99
160 1 27 100
161 18 22 100
161 18 31 100
161 33 36 100
162 18 31 100
163 27 38 100
163 38 7 100
163 38 38 100
163 38 47 150
163 2 22 100
163 18 37 150
163 46 37 100
163 45 37 100
163 1 37 100
164 31 47 100
164 40 37 100
164 46 37 100
164 32 25 99
164 20 37 100
164 18 37 150
164 42 3 100
165 10 49 100
165 42 20 100
165 2 22 100
165 2 26 99
165 2 46 99
165 20 37 100
165 23 47 100
165 5 37 150
165 43 13 100
165 14 37 100
165 11 37 99
166 11 37 99
166 46 37 100
166 46 38 150
166 34 21 100
166 34 38 150
166 41 37 150
166 31 47 100
166 45 37 100
166 6 47 100
167 14 37 100
167 14 43 100
167 37 41 99
167 1 37 100
167 45 37 100
167 18 22 100
167 18 37 150
167 18 47 148
167 12 37 100
168 27 38 100
168 6 31 100
168 6 47 100
168 12 33 99
168 35 47 100
168 36 22 100
168 16 38 148
169 8 13 100
169 48 38 99
169 19 7 100
170 37 7 100
170 20 7 150
170 20 38 150
170 2 22 100
170 2 26 99
170 16 38 148
170 28 7 99
171 27 44 99
171 2 44 100
171 2 46 99
171 15 44 150
172 29 44 148
172 17 20 100
172 27 44 99
172 3 31 99
172 8 33 100
172 18 22 100
173 38 18 100
173 39 18 99
173 13 18 100
173 43 13 100
173 26 18 100
174 16 31 100
174 6 49 100
174 31 22 100
175 3 21 100
176 42 20 100
176 37 22 150
176 26 31 99
176 14 46 99
176 8 26 99
176 32 25 99
176 34 38 150
177 7 38 148
177 18 31 100
177 38 7 100
177 13 43 100
178 19 38 150
178 26 31 99
178 31 22 100
178 31 35 100
178 16 38 148
179 41 20 100
179 8 13 100
180 12 31 100
180 2 22 100
181 34 21 100
181 5 49 100
181 6 31 100
182 31 22 100
182 6 31 100
183 21 33 148
183 1 38 150
183 9 7 148
183 20 20 100
183 20 38 150
184 14 46 99
184 0 31 150
184 20 22 150
184 8 26 99
185 30 31 150
185 48 43 100
186 34 21 100
186 32 11 100
186 8 42 150
187 17 20 100
188 2 22 100
189 18 22 100
189 18 31 100
189 18 38 100
189 29 38 150
189 11 46 100
190 26 20 100
190 2 26 99
190 21 13 100
191 12 31 100
191 46 38 150
191 42 3 100
191 44 21 100
191 7 25 99
191 7 38 148
192 12 31 100
192 20 22 150
193 48 43 100
193 12 7 99
193 39 18 99
193 42 18 150
193 4 18 100
193 21 41 99
194 12 31 100
194 41 22 150
194 1 16 100
195 4 18 100
195 26 18 100
195 31 18 99
195 31 42 100
196 3 31 99
196 18 22 100
196 42 20 100
197 37 48 148
197 4 46 100
197 23 48 150
197 7 48 100
197 8 26 99
197 13 21 99
197 10 49 100
198 46 37 100
198 12 33 99
198 12 37 100
198 20 37 100
198 14 37 100
199 6 31 100
199 41 22 150
199 41 37 150
199 37 13 100
199 45 37 100
199 12 37 100
199 11 37 99
200 31 35 100
200 42 20 100
200 11 37 99
201 16 31 100
201 16 38 148
201 16 48 99
201 8 26 99
201 8 48 148
201 2 22 100
201 46 37 100
201 46 38 150
201 26 31 99
201 12 37 100
201 27 48 100
201 5 37 150
202 4 46 100
202 13 38 100
202 27 38 100
202 20 37 100
202 20 38 150
202 40 37 100
202 11 37 99
202 18 22 100
202 18 31 100
202 18 37 150
202 14 37 100
203 20 37 100
203 20 38 150
203 45 37 100
203 40 37 100
203 12 31 100
203 12 37 100
203 48 38 99
204 31 22 100
204 31 42 100
204 18 37 150
204 41 20 100
204 20 43 100
205 20 7 150
205 27 35 100
205 7 13 100
206 28 35 100
206 5 49 100
206 31 22 100
207 16 7 150
207 16 38 148
207 27 38 100
207 42 7 150
207 2 26 99
207 13 38 100
208 21 35 100
208 47 3 100
208 28 7 99
209 8 46 100
209 36 22 100
209 16 31 100
210 30 20 100
210 31 22 100
210 46 38 150
210 1 38 150
210 3 21 100
210 20 25 99
211 26 31 99
211 14 7 100
211 18 22 100
212 42 18 150
212 42 43 99
212 37 13 100
212 25 18 100
212 13 18 100
213 48 4 150
213 48 35 148
213 48 38 99
213 14 42 150
213 2 22 100
213 27 38 100
214 18 38 100
214 41 20 100
214 10 49 100
214 8 26 99
215 12 7 99
215 27 38 100
215 20 38 150
216 38 38 100
216 8 46 100
216 20 22 150
216 20 38 150
217 6 31 100
218 19 46 100
218 44 22 148
218 21 35 100
218 41 20 100
219 45 13 100
219 38 38 100
220 8 43 100
220 36 22 100
221 34 21 100
221 34 38 150
221 13 38 100
221 28 7 99
223 40 22 150
223 29 38 150
223 43 13 100
223 13 38 100
223 2 26 99
224 45 42 150
224 30 20 100
224 38 7 100
225 5 49 100
226 12 33 99
226 29 38 150
226 3 21 100
226 2 22 100
227 18 38 100
227 11 46 100
227 38 38 100
228 2 22 100
228 11 20 100
228 8 13 100
229 0 43 100
229 49 42 99
229 32 11 100
230 8 26 99
230 18 22 100
231 36 22 100
231 1 38 150
231 48 38 99
232 46 38 150
232 16 38 148
232 49 42 99
233 2 22 100
233 2 26 99
234 7 13 100
234 26 20 100
234 10 41 100
235 36 3 99
235 36 22 100
235 21 49 100
236 2 22 100
237 0 43 100
237 14 7 100
237 35 33 100
237 48 38 99
237 7 38 148
238 38 38 100
238 36 22 100
238 45 13 100
239 34 21 100
239 2 26 99
240 18 22 100
241 14 42 150
242 14 46 99
242 5 20 100
242 30 35 100
242 36 22 100
244 41 22 150
244 46 4 100
244 46 13 100
244 11 4 100
244 21 49 100
245 22 44 99
245 3 21 100
245 3 44 100
245 37 7 100
245 41 44 150
245 21 44 150
245 2 44 100
246 2 22 100
246 2 26 99
246 48 43 100
246 12 33 99
247 1 38 150
247 11 20 100
247 11 46 100
247 29 38 150
248 16 38 148
248 7 38 148
248 2 22 100
249 8 13 100
250 31 22 100
251 14 7 100
252 12 7 99
252 17 20 100
252 31 22 100
252 31 42 100
253 49 42 99
253 36 22 100
253 13 11 99
253 13 21 99
254 16 43 99
255 5 33 99
255 5 37 150
255 18 37 150
255 18 38 100
255 11 37 99
255 20 37 100
255 20 38 150
255 14 37 100
255 2 26 99
256 40 37 100
256 5 37 150
256 45 37 100
256 32 41 99
256 18 22 100
256 18 37 150
257 17 20 100
257 29 38 150
257 27 38 100
257 8 13 100
257 40 37 100
257 48 38 99
257 18 37 150
258 42 3 100
258 14 37 100
258 5 37 150
258 18 37 150
258 31 42 100
259 46 37 100
259 12 37 100
259 14 37 100
259 2 22 100
259 2 26 99
259 1 37 100
260 45 37 100
260 45 42 150
260 5 37 150
260 5 49 100
261 45 13 100
261 37 7 100
261 37 20 100
263 44 22 148
263 42 43 99
264 36 22 100
264 30 20 100
265 45 13 100
266 5 33 99
266 8 26 99
266 2 22 100
267 23 2 99
267 5 2 99
267 5 49 100
267 16 2 100
267 29 2 99
267 21 2 100
267 17 2 100
268 1 38 150
268 29 2 99
268 29 38 150
268 31 22 100
268 6 2 100
268 37 7 100
268 37 20 100
269 37 13 100
270 9 46 99
271 18 22 100
271 35 33 100
272 18 22 100
272 18 38 100
272 1 38 150
272 20 43 100
273 37 13 100
273 18 22 100
274 18 26 150
274 32 41 99
275 30 20 100
275 46 11 100
275 22 9 99
275 44 42 100
276 3 21 100
276 27 38 100
276 18 22 100
276 18 38 100
276 19 38 150
277 19 7 100
277 5 33 99
278 7 38 148
278 26 20 100
278 2 22 100
278 1 38 150
279 45 13 100
279 49 42 99
280 12 48 150
280 31 22 100
280 17 48 148
280 44 21 100
280 7 38 148
281 18 22 100
281 18 38 100
281 42 43 99
281 16 38 148
281 27 35 100
281 27 38 100
281 12 7 99
282 13 38 100
283 34 38 150
283 19 38 150
284 40 22 150
284 5 20 100
284 18 38 100
284 2 26 99
284 46 38 150
285 35 33 100
285 8 7 148
285 8 13 100
286 21 4 150
286 6 11 99
286 36 22 100
288 5 33 99
288 5 49 100
288 44 21 100
288 47 3 100
288 18 22 100
290 19 46 100
291 20 20 100
291 20 43 100
291 8 26 99
293 14 7 100
295 31 42 100
296 5 20 100
296 49 42 99
297 2 26 99
297 2 46 99
297 46 4 100
297 23 4 100
298 9 33 100
299 0 43 100
299 14 7 100
300 46 13 100
302 17 20 100
302 28 7 99
303 19 46 100
304 28 7 99
305 5 33 99
306 20 20 100
306 38 7 100
307 0 43 100
307 12 4 150
309 12 33 99
310 5 20 100
310 21 26 148
313 12 7 99
314 8 46 100
316 42 43 99
316 11 46 100
317 5 20 100
318 17 46 99
318 37 7 100
321 34 26 150
321 6 48 150
321 12 33 99
321 12 48 150
321 37 20 100
322 32 48 99
324 11 4 100
324 11 48 150
324 24 48 150
326 14 7 100
326 14 43 100
326 20 20 100
327 8 33 100
327 37 7 100
329 41 36 99
330 19 46 100
331 8 26 99
332 41 20 100
332 37 7 100
333 45 42 150
334 49 42 99
334 14 43 100
335 16 13 100
336 36 2 150
336 41 2 150
337 19 7 100
337 17 2 100
337 17 20 100
337 41 2 150
337 29 2 99
337 5 2 99
337 5 33 99
338 23 2 99
338 28 7 99
340 14 7 100
340 41 20 100
342 19 46 100
342 2 26 99
343 9 33 100
343 12 7 99
343 42 43 99
345 42 20 100
347 14 46 99
348 14 7 100
349 2 26 99
350 35 33 100
351 26 20 100
352 20 43 100
353 37 7 100
353 45 42 150
354 37 20 100
355 2 26 99
356 24 4 100
356 43 4 100
356 44 42 100
357 35 33 100
358 38 7 100
359 12 4 150
360 14 42 150
360 14 43 100
360 34 14 100
361 20 20 100
362 43 13 100
362 2 26 99
363 39 15 100
364 2 46 99
365 14 7 100
368 20 43 100
368 2 26 99
368 44 42 100
369 2 46 99
369 30 20 100
370 5 33 99
372 30 20 100
373 17 46 99
373 2 26 99
374 31 42 100
376 25 39 100
376 38 7 100
377 0 43 100
378 46 4 100
378 43 4 100
378 38 7 100
379 30 20 100
379 37 7 100
382 35 33 100
384 19 26 148
385 5 20 100
385 49 42 99
385 42 43 99
386 35 33 100
388 5 20 100
389 47 3 100
389 28 7 99
392 9 33 100
393 20 43 100
394 41 20 100
395 2 26 99
396 8 33 100
397 37 7 100
398 38 7 100
399 35 33 100
399 42 15 100
400 42 20 100
400 37 7 100
401 9 46 99
402 48 43 100
402 8 26 99
403 17 20 100
404 43 13 100
405 37 7 100
406 12 33 99
408 20 20 100
408 8 26 99
410 13 43 100
411 5 20 100
412 14 7 100
413 11 46 100
414 2 26 99
414 9 33 100
414 41 20 100
415 28 7 99
417 11 4 100
418 48 43 100
419 44 42 100
420 5 20 100
420 5 33 99
421 2 26 99
423 11 7 148
423 11 20 100
423 11 46 100
426 30 20 100
426 9 46 99
427 47 43 100
428 7 48 100
428 37 48 148
428 30 48 148
429 2 26 99
430 21 2 100
430 36 2 150
431 9 33 100
431 37 7 100
431 37 20 100
431 44 42 100
431 23 2 99
431 17 2 100
432 41 2 150
432 21 2 100
433 17 2 100
434 12 7 99
434 8 13 100
435 30 20 100
435 19 46 100
436 2 26 99
437 42 42 148
437 42 43 99
438 41 20 100
441 11 46 100
442 30 20 100
443 9 46 99
444 8 26 99
445 5 20 100
445 37 7 100
445 47 43 100
447 4 46 100
449 49 42 99
450 37 7 100
450 8 33 100
451 26 20 100
452 14 7 100
453 19 7 100
453 8 42 150
454 42 43 99
454 8 26 99
455 20 20 100
456 17 46 99
458 16 2 100
458 8 2 99
458 36 2 150
458 21 2 100
459 5 2 99
459 5 20 100
459 17 2 100
460 21 2 100
460 11 46 100
460 17 2 100
461 35 33 100
462 24 4 100
462 10 4 100
462 22 26 148
463 13 43 100
465 19 7 100
465 19 46 100
466 30 20 100
467 10 42 150
468 37 7 100
469 9 33 100
470 11 20 100
471 20 43 100
472 9 46 99
472 49 26 150
473 42 20 100
476 28 7 99
476 14 46 99
477 41 36 99
478 8 13 100
478 20 20 100
479 16 43 99
479 2 26 99
480 42 3 100
481 49 42 99
482 23 2 99
482 17 2 100
482 6 2 100
483 17 2 100
483 17 46 99
483 21 2 100
483 36 2 150
483 5 2 99
483 37 7 100
485 20 20 100
487 2 26 99
487 12 33 99
488 8 2 99
488 28 7 99
488 36 2 150
488 17 2 100
488 16 2 100
488 41 2 150
489 8 2 99
489 8 42 150
489 20 20 100
489 21 2 100
489 16 2 100
490 16 43 99
492 30 20 100
493 2 26 99
494 49 42 99
494 12 33 99
495 37 7 100
495 31 42 100
496 37 20 100
497 2 46 99
499 48 43 100
500 8 26 99
502 41 20 100
502 35 33 100
504 37 48 148
504 11 48 150
504 2 26 99
506 26 20 100
507 20 43 100
508 14 46 99
509 12 7 99
509 8 26 99
510 5 33 99
511 17 20 100
511 17 46 99
512 28 7 99
513 37 7 100
513 42 15 100
515 12 33 99
516 8 43 100
516 30 20 100
518 47 16 100
519 12 33 99
520 45 13 100
520 17 20 100
520 19 26 148
521 38 7 100
522 17 48 148
522 12 48 150
522 32 48 99
524 5 20 100
525 31 42 100
525 14 43 100
526 14 46 99
527 41 2 150
527 36 2 150
527 6 2 100
527 17 2 100
528 23 2 99
528 6 2 100
528 26 20 100
528 25 39 100
528 5 2 99
529 28 7 99
529 12 33 99
529 8 26 99
530 14 46 99
531 14 7 100
531 11 20 100
534 8 43 100
535 38 7 100
535 44 42 100
536 41 20 100
537 2 26 99
537 1 48 150
537 24 48 150
539 30 20 100
539 8 46 100
541 35 33 100
542 11 20 100
542 2 26 99
544 35 3 100
544 14 43 100
545 43 13 100
547 11 46 100
547 28 7 99
548 14 7 100
549 17 20 100
549 8 26 99
549 8 33 100
550 8 42 150
552 5 20 100
552 47 43 100
553 12 7 99
553 44 42 100
555 49 42 99
556 41 20 100
557 28 7 99
557 8 33 100
559 8 26 99
560 14 43 100
561 5 20 100
561 12 7 99
561 4 46 100
563 12 33 99
564 28 7 99
565 1 48 150
565 32 48 99
565 27 48 100
565 5 20 100
567 45 7 148
568 41 20 100
569 2 26 99
569 8 33 100
570 20 43 100
572 31 42 100
572 37 20 100
573 8 26 99
574 32 36 99
575 12 33 99
578 46 13 100
578 13 25 99
578 17 46 99
578 36 22 100
579 19 7 100
579 26 31 99
579 20 43 100
580 24 48 150
580 11 48 150
580 27 48 100
580 16 13 100
580 40 22 150
581 8 7 148
581 8 26 99
581 43 7 150
581 42 20 100
581 37 7 100
582 12 31 100
582 36 22 100
583 21 13 100
584 20 20 100
584 2 22 100
585 41 31 99
586 45 13 100
586 2 22 100
586 2 26 99
587 31 22 100
587 41 31 99
588 0 43 100
588 26 20 100
588 43 49 100
588 11 46 100
589 13 25 99
589 28 7 99
589 31 22 100
589 12 33 99
590 42 3 100
590 16 13 100
591 18 31 100
592 31 22 100
592 37 20 100
592 3 31 99
593 17 18 100
593 26 18 100
593 31 18 99
593 30 18 100
594 49 42 99
595 11 26 150
595 16 31 100
595 13 21 99
595 37 22 150
595 37 35 99
596 31 22 100
596 9 33 100
596 9 45 148
596 12 7 99
596 41 20 100
596 8 45 148
597 20 43 100
598 31 42 100
598 1 45 100
599 13 21 99
599 13 25 99
599 18 22 100
600 18 31 100
600 35 33 100
601 6 31 100
602 36 22 100
602 44 42 100
603 30 20 100
603 46 13 100
603 4 46 100
603 2 26 99
605 47 43 100
605 18 22 100
606 21 13 100
607 44 22 148
607 32 25 99
607 8 26 99
608 3 31 99
608 14 3 100
608 14 7 100
609 31 22 100
609 31 35 100
609 37 13 100
609 12 31 100
610 44 21 100
610 16 31 100
610 8 33 100
611 43 49 100
611 6 31 100
611 20 20 100
611 18 22 100
611 28 35 100
612 29 35 100
612 8 26 99
613 5 33 99
613 47 43 100
613 21 35 100
614 40 31 150
614 28 7 99
615 5 4 99
615 31 22 100
617 49 42 99
617 20 7 150
617 20 22 150
617 35 3 100
617 38 7 100
617 10 49 100
617 42 7 150
618 3 21 100
618 3 31 99
618 17 20 100
619 25 18 100
619 17 18 100
619 17 46 99
619 2 22 100
619 39 18 99
620 37 35 99
620 2 26 99
621 31 22 100
621 13 25 99
622 14 43 100
622 7 13 100
622 6 31 100
622 6 49 100
622 42 20 100
623 26 31 99
623 31 22 100
623 8 33 100
624 18 31 100
624 3 21 100
625 2 22 100
625 2 26 99
625 6 18 100
625 34 18 150
625 26 18 100
626 20 20 100
626 18 22 100
626 18 31 100
626 2 46 99
628 19 31 148
628 16 44 150
628 9 44 100
628 37 35 99
628 41 44 150
629 33 35 150
629 33 44 100
629 40 22 150
629 2 26 99
629 2 44 100
630 6 31 100
630 6 49 100
630 43 13 100
630 13 21 99
631 14 3 100
631 14 43 100
631 14 46 99
632 36 22 100
632 26 31 99
633 3 31 99
633 41 20 100
634 31 22 100
634 31 42 100
634 2 26 99
635 45 13 100
635 36 22 100
636 16 31 100
637 32 25 99
638 2 22 100
638 2 46 99
638 12 33 99
638 5 49 100
639 44 21 100
639 14 43 100
639 20 20 100
639 8 26 99
640 12 31 100
640 18 22 100
640 49 42 99
641 37 13 100
643 20 7 150
643 20 20 100
643 20 22 150
643 20 25 99
644 45 13 100
644 8 26 99
644 31 22 100
645 12 31 100
646 17 20 100
646 31 22 100
647 37 13 100
647 49 42 99
648 27 48 100
648 8 48 148
648 6 48 150
649 42 43 99
649 5 33 99
650 45 31 150
650 44 22 148
650 37 20 100
651 46 13 100
652 8 26 99
652 8 31 148
652 34 38 150
652 1 38 150
652 12 7 99
653 18 22 100
653 13 25 99
654 47 42 150
654 18 22 100
654 42 20 100
654 13 21 99
654 14 46 99
657 21 13 100
657 36 22 100
657 13 43 100
658 29 11 99
658 20 20 100
658 20 26 150
658 18 31 100
659 12 31 100
659 32 11 100
659 3 21 100
660 31 22 100
660 26 31 99
660 38 38 100
660 20 38 150
661 26 31 99
661 2 22 100
661 35 33 100
662 42 20 100
662 20 25 99
662 21 41 99
663 30 31 150
663 2 22 100
663 2 26 99
663 7 13 100
664 29 35 100
664 36 22 100
665 8 48 148
665 27 48 100
666 16 31 100
666 16 43 99
666 16 48 99
666 31 22 100
666 31 42 100
667 31 42 100
667 12 7 99
668 2 22 100
668 2 46 99
668 6 31 100
668 13 21 99
669 43 13 100
669 30 20 100
669 48 38 99
669 5 33 99
669 29 38 150
669 38 38 100
670 8 26 99
670 39 35 100
670 32 41 99
670 2 22 100
671 20 25 99
671 36 22 100
672 19 38 150
672 12 33 99
673 5 20 100
673 48 38 99
673 20 38 150
673 21 13 100
673 18 22 100
673 18 38 100
673 13 38 100
674 38 7 100
674 38 18 100
674 6 18 100
674 25 18 100
674 18 18 100
674 16 43 99
675 36 18 100
675 36 22 100
675 6 18 100
675 38 18 100
676 39 18 99
676 46 13 100
676 5 18 150
676 3 18 150
677 1 38 150
677 1 48 150
677 32 48 99
677 5 20 100
677 16 31 100
677 16 38 148
677 16 48 99
677 18 22 100
678 21 26 148
678 31 42 100
679 44 22 148
679 26 31 99
679 31 35 100
680 12 31 100
680 2 46 99
680 30 20 100
681 46 38 150
681 36 22 100
681 18 38 100
682 21 13 100
682 34 18 150
682 17 18 100
682 26 18 100
683 2 22 100
683 2 26 99
684 18 31 100
684 0 43 100
684 20 25 99
684 31 35 100
684 9 46 99
685 8 9 100
685 44 42 100
685 18 31 100
686 18 22 100
686 18 31 100
686 11 20 100
686 37 35 99
686 37 41 99
687 11 46 100
687 19 7 100
688 8 13 100
688 44 22 148
688 18 31 100
689 38 3 100
689 38 18 100
689 31 18 99
689 42 11 100
689 42 18 150
690 31 22 100
691 36 18 100
691 8 13 100
691 8 26 99
691 3 18 150
691 3 21 100
691 13 18 100
692 8 43 100
692 26 31 99
693 40 22 150
693 27 38 100
693 5 4 99
693 5 33 99
693 23 4 100
693 34 38 150
694 26 20 100
695 38 38 100
695 18 22 100
695 43 13 100
696 11 26 150
696 3 31 99
696 3 41 100
697 35 3 100
697 44 22 148
697 44 42 100
697 3 31 99
698 20 38 150
698 3 31 99
698 38 38 100
699 8 46 100
699 13 25 99
699 31 22 100
700 21 13 100
700 26 20 100
700 26 31 99
700 27 38 100
700 0 43 100
700 34 38 150
700 38 38 100
701 1 38 150
701 18 38 100
702 3 21 100
702 3 31 99
702 18 22 100
703 20 38 150
703 1 38 150
703 37 7 100
703 35 33 100
704 2 22 100
704 2 26 99
704 11 20 100
704 38 38 100
704 13 38 100
704 27 38 100
704 44 42 100
705 44 21 100
706 44 22 148
706 26 31 99
706 46 13 100
707 18 31 100
707 38 7 100
708 31 22 100
708 19 38 150
708 38 38 100
708 1 16 100
708 9 33 100
709 8 43 100
709 38 38 100
709 6 31 100
709 1 38 150
709 48 38 99
709 20 25 99
710 16 38 148
710 27 38 100
710 31 22 100
711 20 20 100
711 20 38 150
711 8 13 100
711 8 26 99
711 46 38 150
711 3 31 99
712 31 22 100
713 13 38 100
713 7 38 148
713 37 35 99
713 16 31 100
713 18 38 100
714 21 13 100
714 8 26 99
714 35 3 100
714 18 22 100
715 18 22 100
715 18 31 100
715 21 35 100
716 26 31 99
716 21 4 150
716 21 41 99
716 44 42 100
717 36 22 100
717 0 43 100
717 42 20 100
717 16 38 148
717 27 38 100
718 49 42 99
718 5 33 99
719 2 22 100
719 2 26 99
719 2 46 99
719 13 21 99
719 13 38 100
719 12 31 100
719 46 38 150
719 48 38 99
720 26 20 100
720 26 31 99
721 21 13 100
721 18 22 100
721 32 25 99
722 6 31 100
722 19 7 100
723 2 22 100
723 2 46 99
723 18 31 100
723 18 38 100
723 34 38 150
724 27 35 100
724 12 33 99
725 46 38 150
725 2 22 100
725 2 26 99
725 18 31 100
725 18 38 100
725 48 38 99
726 34 38 150
726 17 20 100
726 7 38 148
726 0 43 100
727 44 42 100
728 41 22 150
728 43 13 100
728 19 38 150
728 32 48 99
729 11 48 150
729 34 21 100
729 34 38 150
729 18 31 100
729 18 38 100
729 13 38 100
730 18 22 100
730 18 31 100
730 18 38 100
730 16 48 99
731 41 20 100
731 41 31 99
731 2 22 100
731 2 26 99
732 6 31 100
732 21 13 100
732 13 38 100
732 18 38 100
733 48 38 99
733 2 22 100
733 12 31 100
733 31 42 100
734 48 38 99
734 7 25 99
734 7 38 148
734 5 20 100
734 9 46 99
735 2 22 100
735 2 26 99
735 6 31 100
736 10 41 100
736 16 31 100
736 16 43 99
736 34 21 100
737 9 7 148
737 36 22 100
738 6 31 100
738 19 7 100
739 13 33 150
739 3 31 99
739 36 22 100
740 43 4 100
740 43 13 100
740 10 4 100
741 2 22 100
741 26 31 99
742 7 38 148
742 34 38 150
742 26 20 100
743 19 38 150
743 19 46 100
743 48 38 99
743 44 21 100
743 27 38 100
743 2 22 100
744 8 26 99
744 8 48 148
744 6 48 150
745 9 33 100
745 27 48 100
745 14 48 150
745 20 25 99
745 11 48 150
745 18 22 100
746 13 11 99
746 13 21 99
746 26 20 100
746 26 31 99
746 11 48 150
746 8 48 148
747 6 31 100
747 0 43 100
748 36 22 100
748 16 38 148
748 7 38 148
748 49 42 99
749 1 38 150
749 2 22 100
749 30 18 100
749 3 18 150
749 47 3 100
749 16 38 148
749 37 7 100
749 39 18 99
750 18 22 100
750 8 26 99
751 34 21 100
751 37 41 99
751 49 42 99
752 36 3 99
752 36 7 150
752 36 22 100
752 20 7 150
753 9 46 99
753 12 7 99
753 12 31 100
753 29 2 99
753 17 2 100
753 5 2 99
753 21 2 100
753 21 13 100
753 36 2 150
754 8 2 99
754 8 26 99
754 36 2 150
754 36 22 100
754 41 31 99
755 42 18 150
755 3 18 150
756 46 13 100
756 14 43 100
756 41 20 100
756 41 31 99
757 49 35 148
757 49 42 99
757 37 41 99
757 42 3 100
758 4 18 100
758 31 22 100
758 40 31 150
758 5 33 99
759 30 18 100
759 3 18 150
759 39 18 99
759 39 47 100
759 18 22 100
759 18 47 148
760 2 22 100
760 2 26 99
760 44 42 100
761 7 13 100
761 7 25 99
761 7 38 148
761 11 20 100
761 27 38 100
762 36 22 100
762 3 21 100
763 30 31 150
764 36 22 100
764 17 20 100
764 17 46 99
764 49 42 99
765 36 2 150
765 18 31 100
765 17 2 100
766 8 2 99
766 8 26 99
766 8 48 148
766 24 48 150
766 18 22 100
766 18 31 100
766 18 47 148
766 16 2 100
766 16 48 99
766 44 21 100
766 23 2 99
766 23 47 100
766 6 2 100
767 5 2 99
767 36 2 150
767 36 22 100
767 30 35 100
767 16 2 100
767 16 31 100
767 16 38 148
767 13 38 100
767 17 2 100
768 37 20 100
768 20 43 100
768 41 2 150
768 38 47 150
768 6 2 100
768 23 2 99
768 8 2 99
768 8 33 100
769 37 7 100
769 37 13 100
769 16 2 100
769 16 38 148
769 20 38 150
769 36 22 100
770 13 38 100
770 38 38 100
770 29 38 150
770 16 31 100
771 36 22 100
772 9 41 100
772 26 31 99
772 49 42 99
773 32 25 99
773 32 26 150
773 32 48 99
773 12 48 150
773 21 13 100
773 38 48 100
774 20 20 100
775 31 22 100
775 31 47 100
775 13 21 99
775 6 47 100
776 31 22 100
776 31 47 100
776 18 31 100
777 3 31 99
777 23 47 100
777 48 38 99
777 48 43 100
777 34 38 150
777 37 20 100
778 38 47 150
778 26 11 100
778 26 31 99
778 8 26 99
778 8 46 100
778 31 22 100
779 37 35 99
779 41 31 99
780 44 21 100
780 37 41 99
780 42 3 100
780 36 22 100
780 9 33 100
780 6 31 100
780 6 47 100
781 9 44 100
781 7 13 100
781 3 31 99
781 3 44 100
781 6 44 100
781 6 47 100
781 18 47 148
781 22 44 99
781 35 47 100
781 38 44 100
782 33 44 100
782 11 46 100
782 11 48 150
782 18 18 100
782 18 22 100
782 18 31 100
782 18 38 100
782 32 48 99
782 29 38 150
782 2 26 99
783 3 31 99
783 48 38 99
783 11 20 100
783 16 48 99
783 39 47 100
784 6 47 100
785 49 42 99
785 42 36 100
785 40 22 150
786 29 38 150
786 23 47 100
786 18 22 100
786 18 38 100
786 18 47 148
786 20 25 99
786 17 46 99
787 45 13 100
787 12 33 99
787 38 38 100
787 38 47 150
787 41 20 100
787 8 43 100
787 48 38 99
787 16 38 148
788 26 31 99
788 6 47 100
788 31 22 100
788 31 42 100
788 31 47 100
788 13 21 99
789 39 47 100
789 27 38 100
789 7 38 148
790 1 38 150
790 3 31 99
790 27 38 100
790 36 22 100
791 26 20 100
791 26 31 99
791 21 26 148
791 38 38 100
791 12 33 99
792 38 7 100
792 31 22 100
793 7 13 100
793 39 47 100
793 3 41 100
794 18 22 100
794 18 47 148
794 27 0 100
794 30 20 100
795 31 22 100
796 47 43 100
796 3 31 99
796 2 26 99
796 32 25 99
797 12 31 100
797 12 33 99
797 38 38 100
797 29 38 150
797 36 22 100
797 3 21 100
798 46 13 100
798 46 38 150
798 16 31 100
798 16 38 148
798 11 20 100
799 10 42 150
799 8 2 99
799 21 2 100
799 12 31 100
800 31 22 100
800 6 2 100
800 29 2 99
800 41 2 150
800 8 2 99
800 5 2 99
801 18 22 100
801 17 2 100
802 18 22 100
803 43 13 100
803 43 26 150
803 37 20 100
803 18 31 100
803 18 38 100
803 1 38 150
803 38 38 100
804 25 18 100
804 26 31 99
804 27 38 100
804 31 22 100
804 18 38 100
805 8 43 100
805 26 31 99
805 13 21 99
805 13 38 100
805 9 41 100
806 29 35 100
806 35 47 100
806 3 31 99
806 23 47 100
806 36 22 100
807 19 7 100
807 3 31 99
807 21 13 100
807 49 42 99
808 38 38 100
808 2 22 100
808 19 38 150
808 37 20 100
809 32 25 99
809 32 36 99
810 9 33 100
810 12 31 100
810 16 38 148
810 1 38 150
810 20 22 150
810 2 26 99
812 38 7 100
812 38 47 150
812 45 13 100
812 6 47 100
812 18 22 100
812 20 20 100
813 20 43 100
813 13 11 99
814 39 47 100
814 44 21 100
814 44 42 100
814 41 31 99
815 13 38 100
815 7 38 148
815 36 22 100
815 48 38 99
816 38 47 150
816 11 46 100
816 16 31 100
817 37 20 100
817 37 22 150
817 8 26 99
817 23 47 100
817 35 47 100
818 20 11 148
818 3 31 99
818 35 33 100
818 35 47 100
818 31 47 100
819 34 21 100
819 23 47 100
819 18 31 100
819 18 47 148
819 44 42 100
820 37 13 100
820 37 22 150
820 7 25 99
821 6 31 100
821 12 7 99
821 17 46 99
821 47 3 100
822 42 20 100
822 42 43 99
822 38 38 100
822 29 38 150
822 36 22 100
823 29 38 150
823 19 38 150
823 38 47 150
824 48 35 148
824 8 26 99
824 44 42 100
824 36 22 100
825 10 41 100
825 31 47 100
825 38 7 100
825 9 7 148
825 21 13 100
825 37 7 100
826 31 22 100
826 31 35 100
827 26 20 100
827 26 31 99
827 32 48 99
827 24 48 150
827 7 48 100
828 11 46 100
828 40 22 150
828 36 18 100
828 16 38 148
828 4 18 100
828 2 26 99
828 31 18 99
828 17 18 100
828 27 38 100
829 19 38 150
829 29 38 150
829 32 25 99
830 44 21 100
830 44 42 100
830 37 20 100
830 31 22 100
831 41 31 99
831 49 42 99
831 13 43 100
832 9 46 99
832 19 7 100
833 31 22 100
833 31 47 100
833 6 31 100
833 6 47 100
833 2 26 99
834 2 22 100
834 39 47 100
834 23 47 100
834 21 13 100
834 16 31 100
835 34 21 100
835 17 20 100
835 41 31 99
836 14 42 150
836 41 22 150
836 41 31 99
836 18 47 148
837 37 41 99
838 30 48 148
838 37 48 148
838 6 47 100
838 38 47 150
838 34 21 100
838 2 22 100
838 2 26 99
839 29 2 99
839 29 38 150
839 34 38 150
839 39 47 100
839 38 47 150
839 23 2 99
840 45 13 100
840 11 20 100
840 7 25 99
840 17 2 100
840 9 33 100
840 8 2 99
840 2 22 100
841 6 2 100
841 6 18 100
841 28 35 100
841 36 2 150
841 36 18 100
841 18 18 100
841 21 2 100
841 14 43 100
841 39 18 99
841 5 2 99
842 3 31 99
843 44 22 148
843 44 42 100
843 16 31 100
843 38 7 100
843 9 41 100
844 27 35 100
844 2 22 100
844 2 26 99
844 42 20 100
845 6 31 100
847 38 38 100
847 38 47 150
847 13 21 99
847 13 38 100
847 36 22 100
847 6 47 100
847 19 38 150
848 14 42 150
848 26 20 100
849 45 13 100
849 3 31 99
849 8 26 99
849 31 22 100
850 6 18 100
850 35 3 100
850 16 43 99
851 39 35 100
851 36 22 100
852 27 35 100
852 12 31 100
852 29 2 99
852 17 2 100
852 36 2 150
853 38 38 100
853 2 22 100
853 27 35 100
853 27 38 100
853 21 2 100
853 15 36 100
853 35 33 100
853 23 2 99
853 48 38 99
854 30 20 100
854 36 2 150
854 36 22 100
854 7 13 100
854 7 25 99
854 8 2 99
854 8 26 99
854 24 11 100
855 30 31 150
855 9 46 99
856 44 21 100
856 18 22 100
857 8 48 148
857 7 48 100
857 11 48 150
857 34 18 150
857 42 18 150
857 6 18 100
858 18 22 100
859 26 20 100
859 35 33 100
859 21 41 99
860 14 43 100
860 9 31 150
860 46 13 100
860 31 22 100
861 46 11 100
861 41 31 99
862 14 7 100
862 41 20 100
862 41 22 150
862 8 26 99
862 48 0 100
863 21 13 100
863 7 25 99
864 14 37 100
864 46 37 100
864 18 22 100
864 18 31 100
864 18 37 150
864 40 37 100
864 5 37 150
865 46 37 100
865 14 37 100
865 14 46 99
865 40 37 100
865 13 21 99
865 20 37 100
865 11 37 99
865 41 31 99
865 41 37 150
866 20 37 100
866 5 37 150
866 18 37 150
867 46 37 100
867 20 37 100
868 46 37 100
868 45 37 100
868 11 37 99
869 12 37 100
869 1 37 100
869 46 37 100
