47 20 16 100
47 20 18 150
47 20 19 99
47 20 26 148
47 20 27 99
47 20 28 150
47 20 31 100
47 20 39 150
47 20 41 99
47 20 43 150
47 20 46 100
47 20 48 150
52 20 16 100
52 20 18 150
52 20 19 99
52 20 26 148
52 20 27 99
52 20 28 150
52 20 31 100
52 20 39 150
52 20 41 99
52 20 43 150
52 20 46 100
52 20 48 150
65 20 16 100
65 20 18 150
65 20 19 99
65 20 26 148
65 20 27 99
65 20 28 150
65 20 31 100
65 20 39 114
65 20 43 150
65 20 46 100
65 20 48 150
75 20 16 100
75 20 18 150
75 20 19 99
75 20 26 148
75 20 27 99
75 20 28 150
75 20 31 100
75 20 39 150
75 20 41 99
75 20 43 150
75 20 46 100
75 20 48 150
82 34 12 100
82 34 13 150
82 34 16 100
82 34 20 148
82 34 25 100
82 34 35 150
82 34 38 99
82 34 46 148
107 20 16 100
107 20 18 150
107 20 19 99
107 20 26 148
107 20 27 99
107 20 28 150
107 20 31 100
107 20 39 150
107 20 41 99
107 20 43 150
107 20 46 100
107 20 48 150
120 20 16 100
120 20 18 150
120 20 19 99
120 20 26 148
120 20 27 99
120 20 28 150
120 20 31 100
120 20 39 150
120 20 41 99
120 20 43 150
120 20 46 100
120 20 48 150
130 20 16 100
130 20 18 150
130 20 19 99
130 20 26 148
130 20 27 99
130 20 28 150
130 20 31 100
130 20 39 150
130 20 41 99
130 20 43 150
130 20 46 100
130 20 48 150
139 34 12 100
139 34 13 150
139 34 16 100
139 34 20 148
139 34 25 100
139 34 35 150
139 34 38 99
139 34 46 148
152 20 16 100
152 20 18 150
152 20 19 99
152 20 26 148
152 20 27 99
152 20 28 150
152 20 31 100
152 20 39 150
152 20 41 99
152 20 43 150
152 20 46 100
152 20 48 150
163 34 12 100
163 34 13 150
163 34 16 100
163 34 20 148
163 34 25 100
163 34 35 150
163 34 38 99
163 34 46 148
179 20 16 100
179 20 18 150
179 20 19 99
179 20 26 148
179 20 27 99
179 20 28 150
179 20 31 100
179 20 39 150
179 20 41 99
179 20 43 150
179 20 46 100
179 20 48 150
193 20 16 100
193 20 18 150
193 20 19 99
193 20 26 148
193 20 27 99
193 20 28 150
193 20 31 100
193 20 39 150
193 20 41 99
193 20 43 150
193 20 46 100
193 20 48 150
204 20 16 100
204 20 18 150
204 20 19 99
204 20 26 148
204 20 27 99
204 20 28 150
204 20 31 100
204 20 39 150
204 20 41 99
204 20 43 150
204 20 46 100
204 20 48 150
220 34 12 100
220 34 13 150
220 34 16 100
220 34 20 148
220 34 25 100
220 34 35 150
220 34 38 99
220 34 46 148
230 34 12 100
230 34 13 150
230 34 16 100
230 34 20 148
230 34 25 100
230 34 35 150
230 34 38 99
230 34 46 148
236 34 12 100
236 34 13 150
236 34 16 100
236 34 20 148
236 34 25 100
236 34 35 150
236 34 38 99
236 34 46 148
242 34 12 100
242 34 13 150
242 34 16 100
242 34 20 148
242 34 25 100
242 34 35 150
242 34 38 99
242 34 46 148
253 20 16 100
253 20 18 150
253 20 19 99
253 20 26 148
253 20 27 99
253 20 28 150
253 20 31 100
253 20 39 150
253 20 41 99
253 20 43 150
253 20 46 100
253 20 48 150
269 20 16 100
269 20 18 150
269 20 19 99
269 20 26 148
269 20 27 99
269 20 28 150
269 20 31 100
269 20 39 150
269 20 41 99
269 20 43 150
269 20 46 100
269 20 48 150
286 20 16 100
286 20 18 150
286 20 19 99
286 20 26 148
286 20 27 99
286 20 28 150
286 20 31 100
286 20 39 150
286 20 41 99
286 20 43 150
286 20 46 100
286 20 48 150
298 34 12 100
298 34 13 150
298 34 16 100
298 34 20 148
298 34 25 100
298 34 35 150
298 34 38 99
298 34 46 148
312 20 16 100
312 20 18 150
312 20 19 99
312 20 26 148
312 20 27 99
312 20 28 150
312 20 31 100
312 20 39 150
312 20 41 99
312 20 43 150
312 20 46 100
312 20 48 150
318 4 7 100
318 4 12 150
318 4 14 100
318 4 20 150
318 4 26 100
318 4 29 150
318 4 31 100
318 4 32 148
318 4 39 100
320 44 16 84
320 44 19 150
320 44 26 100
320 44 28 150
320 44 33 99
320 44 35 150
320 44 36 100
320 44 40 120
327 4 12 150
327 4 14 100
327 4 20 150
327 4 26 100
327 4 29 150
327 4 31 100
327 4 32 148
327 4 39 100
333 34 12 100
333 34 13 150
333 34 16 100
333 34 20 148
333 34 25 100
333 34 35 150
333 34 38 99
333 34 46 148
348 20 16 100
348 20 18 150
348 20 19 99
348 20 26 148
348 20 27 99
348 20 28 150
348 20 31 100
348 20 39 150
348 20 41 99
348 20 43 150
348 20 46 100
348 20 48 150
360 4 7 100
360 4 12 150
360 4 14 100
360 4 20 150
360 4 26 100
360 4 29 150
360 4 31 100
360 4 32 148
360 4 39 100
367 39 5 100
367 39 10 150
367 39 17 100
367 39 19 150
367 39 20 100
367 39 24 150
367 39 28 100
367 39 29 144
367 39 40 96
367 34 13 150
367 34 16 100
367 34 20 148
367 34 25 100
367 34 35 150
367 34 38 99
367 34 46 148
377 34 12 100
377 34 13 150
377 34 16 100
377 34 20 148
377 34 25 100
377 34 35 150
377 34 38 99
377 34 46 148
385 20 16 100
385 20 18 150
385 20 19 99
385 20 26 148
385 20 27 99
385 20 28 150
385 20 31 100
385 20 39 150
385 20 41 99
385 20 43 150
385 20 46 100
385 20 48 150
391 4 7 100
391 4 12 150
391 4 14 100
391 4 20 150
391 4 26 100
391 4 29 150
391 4 31 100
391 4 32 148
391 4 39 100
392 20 16 100
392 20 18 150
392 20 19 99
392 20 26 148
392 20 27 99
392 20 28 150
392 20 31 100
392 20 39 150
392 20 41 99
392 20 43 150
392 20 46 100
392 20 48 150
408 20 16 100
408 20 18 150
408 20 19 99
408 20 26 148
408 20 27 99
408 20 28 150
408 20 31 100
408 20 39 150
408 20 41 99
408 20 43 150
408 20 46 100
408 20 48 150
423 39 5 100
423 39 10 150
423 39 17 100
423 39 19 150
423 39 20 100
423 39 24 150
423 39 28 100
423 39 29 150
423 39 32 100
423 39 40 150
429 20 16 100
429 20 18 150
429 20 19 99
429 20 26 148
429 20 27 99
429 20 28 150
429 20 31 100
429 20 39 150
429 20 41 99
429 20 43 150
429 20 46 100
429 20 48 150
435 4 7 100
435 4 12 150
435 4 14 100
435 4 20 150
435 4 26 100
435 4 29 150
435 4 31 100
435 4 32 148
435 4 39 100
440 20 16 100
440 20 18 150
440 20 19 99
440 20 26 148
440 20 27 99
440 20 28 150
440 20 31 100
440 20 39 150
440 20 41 99
440 20 43 150
440 20 46 100
440 20 48 150
450 34 12 100
450 34 13 150
450 34 16 100
450 34 20 148
450 34 25 100
450 34 35 150
450 34 38 99
450 34 46 148
457 34 12 100
457 34 13 150
457 34 16 100
457 34 20 148
457 34 25 100
457 34 35 150
457 34 38 99
457 34 46 148
480 34 12 100
480 34 13 150
480 34 16 100
480 34 20 148
480 34 25 100
480 34 35 150
480 34 38 99
480 34 46 148
486 39 5 100
486 39 10 150
486 39 17 100
486 39 19 150
486 39 20 100
486 39 24 150
486 39 28 100
486 39 29 150
486 39 32 100
486 39 40 150
493 20 16 100
493 20 18 150
493 20 19 99
493 20 26 148
493 20 27 99
493 20 28 150
493 20 31 100
493 20 39 150
493 20 41 99
493 20 43 150
493 20 46 100
493 20 48 150
500 4 7 100
500 4 12 150
500 4 14 100
500 4 20 150
500 4 26 100
500 4 29 150
500 4 31 100
500 4 32 148
500 4 39 100
508 34 12 100
508 34 13 150
508 34 16 100
508 34 20 148
508 34 25 100
508 34 35 150
508 34 38 99
508 34 46 148
527 20 16 100
527 20 18 150
527 20 19 99
527 20 26 148
527 20 27 99
527 20 28 150
527 20 31 100
527 20 39 150
527 20 41 99
527 20 43 150
527 20 46 100
527 20 48 150
532 4 7 100
532 4 12 150
532 4 14 100
532 4 20 150
532 4 26 100
532 4 29 150
532 4 31 100
532 4 32 148
532 4 39 100
538 20 16 100
538 20 18 150
538 20 19 99
538 20 26 148
538 20 27 99
538 20 28 150
538 20 31 100
538 20 39 150
538 20 41 99
538 20 43 150
538 20 46 100
538 20 48 150
549 34 12 100
549 34 13 150
549 34 16 100
549 34 20 148
549 34 25 100
549 34 35 150
549 34 38 99
549 34 46 148
562 39 5 100
562 39 10 150
562 39 17 100
562 39 19 150
562 39 20 100
562 39 24 150
562 39 28 100
562 39 29 72
562 39 40 150
571 20 16 100
571 20 18 150
571 20 19 99
571 20 26 148
571 20 27 99
571 20 28 150
571 20 31 100
571 20 39 150
571 20 41 99
571 20 43 150
571 20 46 100
571 20 48 150
575 31 2 42
575 31 12 100
575 31 15 150
575 31 24 100
575 31 28 150
575 31 29 100
575 31 31 150
575 31 38 100
575 31 46 150
595 34 12 100
595 34 13 150
595 34 16 100
595 34 20 148
595 34 25 100
595 34 35 150
595 34 38 99
595 34 46 148
597 12 1 36
597 12 16 60
597 12 20 100
597 12 24 148
597 12 25 100
597 12 28 150
597 12 31 99
597 12 32 150
597 12 37 100
597 12 40 150
597 12 47 99
610 20 16 100
610 20 18 150
610 20 19 99
610 20 26 148
610 20 27 99
610 20 28 150
610 20 31 100
610 20 39 150
610 20 41 99
610 20 43 150
610 20 46 100
610 20 48 150
620 34 12 100
620 34 13 150
620 34 16 100
620 34 20 148
620 34 25 100
620 34 35 150
620 34 38 99
620 34 46 148
635 20 16 100
635 20 18 150
635 20 19 99
635 20 26 148
635 20 27 99
635 20 28 150
635 20 31 100
635 20 39 150
635 20 41 99
635 20 43 150
635 20 46 100
635 20 48 150
647 20 16 100
647 20 18 150
647 20 19 99
647 20 26 148
647 20 27 99
647 20 28 150
647 20 31 100
647 20 39 150
647 20 41 99
647 20 43 150
647 20 46 100
647 20 48 150
659 34 12 100
659 34 13 150
659 34 16 100
659 34 20 148
659 34 25 100
659 34 35 150
659 34 38 99
659 34 46 148
668 20 16 100
668 20 18 150
668 20 19 99
668 20 26 148
668 20 27 99
668 20 28 150
668 20 31 100
668 20 39 150
668 20 41 99
668 20 43 150
668 20 46 100
668 20 48 150
680 34 12 100
680 34 13 150
680 34 16 100
680 34 20 148
680 34 25 100
680 34 35 150
680 34 38 99
680 34 46 148
686 34 12 100
686 34 13 150
686 34 16 100
686 34 20 148
686 34 25 100
686 34 35 150
686 34 38 99
686 34 46 148
691 34 12 100
691 34 13 150
691 34 16 100
691 34 20 148
691 34 25 100
691 34 35 150
691 34 38 99
691 34 46 148
692 38 1 36
692 38 10 100
692 38 12 150
692 38 14 99
692 38 17 148
692 38 19 100
692 38 31 148
692 38 35 150
692 38 37 100
692 38 39 150
692 38 46 150
692 38 47 99
692 13 0 100
692 13 6 150
692 13 9 72
692 13 18 150
692 13 19 100
692 13 28 72
692 13 32 100
692 13 33 150
692 13 37 100
692 13 40 120
692 46 6 100
692 46 19 99
692 46 24 150
692 46 32 99
692 46 36 150
692 46 38 99
692 46 39 148
692 46 43 99
692 46 47 150
692 46 48 100
692 22 5 100
692 22 13 150
692 22 14 99
692 22 18 150
692 22 19 100
692 22 21 148
692 22 26 100
692 22 30 150
692 22 32 100
692 22 33 150
692 22 38 100
692 0 6 99
692 0 8 10
692 0 15 148
692 0 18 100
692 0 19 150
692 0 36 100
692 0 37 150
692 0 38 99
692 0 41 150
692 0 46 150
692 48 25 100
692 48 27 150
692 48 32 100
692 48 41 148
692 48 43 100
692 33 5 148
692 33 7 78
692 33 14 150
692 33 15 100
692 33 18 150
692 33 20 100
692 33 32 148
692 33 37 150
692 33 38 100
692 33 39 150
692 33 41 148
692 33 42 9
692 35 5 99
692 35 12 150
692 35 15 100
692 35 17 150
692 35 24 150
692 35 30 148
692 35 31 99
692 35 35 148
692 35 38 100
692 43 3 100
692 43 4 150
692 43 5 100
692 43 6 150
692 43 13 150
692 43 19 99
692 43 26 100
692 43 29 2
692 43 43 150
692 16 5 150
692 16 13 100
692 16 17 148
692 16 32 150
692 16 36 100
692 16 39 150
692 16 41 99
692 16 47 99
692 31 12 100
692 31 15 150
692 31 24 100
692 31 28 1
692 31 38 100
692 31 46 150
692 18 0 100
692 18 5 148
692 18 12 100
692 18 14 148
692 18 20 100
692 18 21 150
692 18 33 100
692 5 7 2
692 5 15 150
692 5 18 100
692 5 21 150
692 5 35 100
692 5 41 148
692 5 46 99
692 21 0 99
692 21 24 100
692 21 30 150
692 21 37 100
692 21 48 72
692 17 4 150
692 17 5 99
692 17 19 100
692 17 26 150
692 17 27 100
692 17 32 99
692 17 46 100
692 3 3 100
692 3 4 148
692 3 6 100
692 3 15 100
692 3 16 2
692 3 24 150
692 3 25 100
692 3 31 100
692 3 32 150
692 3 38 100
692 3 41 150
692 3 47 100
693 16 5 150
693 16 13 100
693 16 17 148
693 16 32 150
693 16 36 100
693 16 39 150
693 16 41 99
693 16 47 99
693 28 6 100
693 28 12 100
693 28 17 123
693 28 26 150
693 28 27 100
693 28 38 148
693 28 39 100
693 28 43 150
693 24 6 99
693 24 13 99
693 24 14 150
693 24 15 74
693 24 19 150
693 24 21 100
693 24 24 148
693 24 26 100
693 24 31 150
693 24 33 100
693 24 35 150
693 24 37 100
693 24 41 148
693 24 47 148
693 29 0 100
693 29 12 100
693 29 14 150
693 29 19 100
693 29 21 150
693 29 25 148
693 29 26 100
693 29 30 150
693 29 46 100
693 48 25 100
693 48 27 150
693 48 32 100
693 48 41 148
693 48 43 100
693 34 12 100
693 34 13 150
693 34 16 20
693 34 25 100
693 34 35 150
693 34 38 99
693 34 46 148
693 31 12 100
693 31 24 100
693 31 31 150
693 31 38 100
693 31 46 150
693 44 18 100
693 44 19 150
693 44 26 100
693 44 33 99
693 44 35 150
693 44 36 100
693 26 6 100
693 26 14 100
693 26 18 100
693 26 19 148
693 26 25 150
693 26 33 100
693 26 38 150
693 26 42 1
693 27 0 100
693 27 3 150
693 27 4 99
693 27 6 150
693 27 12 100
693 27 21 150
693 27 35 100
693 27 37 150
693 0 6 99
693 0 14 100
693 0 18 100
693 0 19 150
693 0 36 100
693 0 37 72
693 0 41 150
693 0 46 150
693 2 3 100
693 2 4 150
693 2 5 100
693 2 26 100
693 2 30 150
693 2 32 100
693 2 36 48
693 18 0 100
693 18 5 148
693 18 12 100
693 18 14 148
693 18 20 100
693 18 21 150
693 18 33 100
693 3 3 100
693 3 4 148
693 3 6 80
693 3 24 150
693 3 25 100
693 3 31 100
693 3 32 150
693 3 38 100
693 3 41 150
693 3 47 100
693 49 3 100
693 49 12 150
693 49 24 150
693 49 27 100
693 49 33 150
693 49 43 100
693 4 12 150
693 4 14 100
693 4 20 150
693 4 26 100
693 4 31 100
693 4 32 148
693 4 39 100
694 3 3 100
694 3 4 148
694 3 16 20
694 3 24 150
694 3 25 100
694 3 31 100
694 3 32 150
694 3 38 100
694 3 41 150
694 3 47 100
694 10 0 100
694 10 3 148
694 10 14 100
694 10 18 100
694 10 24 150
694 10 30 100
694 10 33 150
694 10 37 14
694 10 47 99
694 15 6 2
694 15 18 148
694 15 31 150
694 15 38 100
694 16 5 150
694 16 13 100
694 16 32 150
694 16 39 150
694 16 41 99
694 16 47 99
694 47 4 150
694 47 12 148
694 47 17 1
694 47 21 99
694 47 26 100
694 22 5 100
694 22 13 60
694 22 18 150
694 22 19 100
694 22 21 104
694 22 30 150
694 22 32 100
694 22 33 150
694 22 38 100
694 32 31 99
694 32 35 148
694 32 41 100
694 1 14 150
694 1 19 150
694 1 25 100
694 1 26 148
694 1 38 100
694 1 39 150
694 1 43 148
694 21 0 99
694 21 24 100
694 21 30 150
694 39 5 100
694 39 19 150
694 39 20 100
694 39 24 150
694 39 32 100
694 45 12 100
694 45 18 100
694 45 24 100
694 45 25 150
694 45 26 100
694 45 27 148
694 45 41 150
694 45 43 100
694 45 47 148
694 33 5 148
694 33 12 99
694 33 14 150
694 33 18 150
694 33 20 100
694 33 32 148
694 33 38 100
694 33 39 150
694 33 41 148
694 4 12 150
694 4 14 100
694 4 20 150
694 4 26 100
694 4 31 100
694 4 32 148
694 4 39 100
694 24 14 150
694 24 18 99
694 24 19 150
694 24 21 2
694 24 26 100
694 24 31 150
694 24 33 100
694 24 35 150
694 24 41 148
694 24 47 148
694 12 19 148
694 12 20 100
694 12 24 148
694 12 25 100
694 12 31 99
694 12 32 150
694 12 47 99
694 34 12 100
694 34 20 148
694 34 25 100
694 34 35 150
694 34 38 99
694 34 46 148
695 31 12 100
695 31 24 100
695 31 31 150
695 31 38 100
695 31 46 150
695 23 0 100
695 23 3 150
695 23 12 150
695 23 14 99
695 23 18 100
695 23 31 99
695 45 12 100
695 45 18 100
695 45 24 100
695 45 25 150
695 45 26 100
695 45 27 148
695 45 41 150
695 45 43 100
695 45 47 148
695 39 5 100
695 39 19 150
695 39 20 100
695 39 24 150
695 39 32 100
695 37 3 100
695 37 5 148
695 37 12 100
695 37 18 100
695 37 25 150
695 37 30 100
695 37 32 148
695 37 38 100
695 37 41 100
695 37 46 100
695 14 6 1
695 14 39 12
695 22 5 100
695 22 14 99
695 22 18 150
695 22 19 100
695 22 26 100
695 22 30 150
695 22 32 100
695 22 33 150
695 22 38 100
695 3 3 100
695 3 4 148
695 3 24 150
695 3 25 100
695 3 31 100
695 3 32 150
695 3 38 100
695 3 41 150
695 3 47 100
695 42 30 100
695 16 5 150
695 16 32 150
695 16 41 99
695 16 47 99
695 19 5 99
695 19 14 100
695 19 20 100
695 19 24 148
695 19 25 100
695 19 47 150
695 28 12 100
695 28 24 100
695 28 26 150
695 28 27 100
695 28 38 148
695 28 39 1
695 29 0 100
695 29 12 100
695 29 14 150
695 29 19 100
695 29 25 148
695 29 26 100
695 29 30 150
695 29 46 100
695 6 4 150
695 6 5 100
695 6 18 150
695 6 25 100
695 6 35 150
695 40 3 100
695 40 5 150
695 40 33 100
695 26 14 100
695 26 18 100
695 26 19 148
695 26 25 150
695 26 33 100
695 26 38 150
695 26 43 150
696 19 5 99
696 19 14 100
696 19 20 100
696 19 24 148
696 19 25 100
696 19 47 150
696 13 0 100
696 13 16 18
696 13 19 100
696 13 30 148
696 13 32 100
696 13 33 150
696 13 37 28
696 36 25 100
696 36 31 100
696 36 33 148
696 36 35 150
696 36 43 148
696 36 46 148
696 25 18 150
696 25 25 100
696 25 30 150
696 25 33 100
696 25 46 100
696 25 47 150
696 9 4 150
696 9 5 99
696 9 12 148
696 9 16 2
696 9 19 100
696 9 26 150
696 9 33 150
696 9 35 150
696 9 41 99
696 37 3 100
696 37 5 148
696 37 12 100
696 37 18 100
696 37 25 150
696 37 30 100
696 37 32 148
696 37 38 100
696 37 41 100
696 37 46 100
696 31 12 100
696 31 24 100
696 31 31 150
696 31 38 100
696 31 46 150
696 47 4 150
696 47 12 148
696 47 20 148
696 47 26 100
696 5 18 100
696 5 35 100
696 5 41 148
696 5 46 99
696 7 3 150
696 7 12 100
696 7 13 1
696 7 26 100
696 7 33 100
696 7 35 100
696 7 38 100
696 7 47 150
696 24 14 150
696 24 18 99
696 24 19 150
696 24 24 148
696 24 26 100
696 24 31 150
696 24 33 100
696 24 35 150
696 24 41 148
696 24 47 148
696 16 5 150
696 16 32 150
696 16 41 99
696 16 47 99
696 48 25 100
696 48 27 150
696 48 32 100
696 48 41 148
696 48 43 100
696 3 3 100
696 3 4 148
696 3 24 150
696 3 25 100
696 3 31 20
696 3 41 150
696 3 47 100
696 10 0 100
696 10 3 148
696 10 14 100
696 10 18 100
696 10 24 150
696 10 30 100
696 10 33 150
696 10 43 150
696 10 47 99
696 17 0 99
696 17 4 150
696 17 5 99
696 17 19 100
696 17 26 150
696 17 27 100
696 17 46 100
697 11 0 100
697 11 4 100
697 11 27 100
697 11 37 12
697 11 41 100
697 47 4 150
697 47 12 148
697 47 20 148
697 47 26 100
697 47 37 2
697 26 18 100
697 26 19 148
697 26 25 150
697 26 33 100
697 26 38 150
697 26 43 150
697 33 5 148
697 33 12 99
697 33 14 150
697 33 18 150
697 33 20 100
697 33 38 100
697 33 41 148
697 17 0 99
697 17 4 150
697 17 5 99
697 17 19 100
697 17 26 150
697 17 27 100
697 17 46 100
697 36 5 100
697 36 25 100
697 36 33 148
697 36 35 150
697 36 43 148
697 36 46 148
697 38 12 18
697 38 19 100
697 38 35 150
697 38 46 150
697 38 47 99
697 31 24 100
697 31 38 100
697 31 46 150
697 34 20 148
697 34 25 100
697 34 35 150
697 34 38 99
697 34 46 148
697 22 5 100
697 22 14 99
697 22 18 150
697 22 19 100
697 22 26 100
697 22 30 150
697 22 33 150
697 22 38 100
697 20 18 150
697 20 19 99
697 20 26 148
697 20 27 99
697 20 31 1
697 20 43 150
697 20 46 100
697 25 18 150
697 25 25 100
697 25 30 150
697 25 33 100
697 25 46 100
697 25 47 150
697 4 14 100
697 4 20 150
697 4 26 100
697 48 25 100
697 48 27 150
697 48 41 148
697 48 43 100
697 13 0 100
697 13 18 150
697 13 19 100
697 13 30 148
697 13 33 150
697 27 0 100
697 27 3 150
697 27 4 99
697 27 35 100
698 48 25 100
698 48 27 150
698 48 41 148
698 48 43 100
698 19 5 99
698 19 14 100
698 19 20 100
698 19 24 148
698 19 25 100
698 19 47 150
698 18 0 100
698 18 5 148
698 18 14 100
698 18 33 100
698 0 14 1
698 0 19 150
698 0 37 14
698 0 41 150
698 0 46 150
698 5 18 100
698 5 35 100
698 5 41 148
698 5 46 99
698 4 20 150
698 4 26 100
698 29 0 100
698 29 19 100
698 29 25 148
698 29 26 100
698 29 30 150
698 29 46 100
698 23 0 20
698 23 18 100
698 33 5 148
698 33 18 150
698 33 20 100
698 33 38 100
698 33 41 148
698 3 3 100
698 3 4 148
698 3 16 20
698 3 25 100
698 3 38 100
698 3 41 150
698 3 47 100
698 40 3 100
698 40 5 150
698 40 33 100
698 14 43 99
698 47 4 18
698 47 26 100
698 30 18 99
698 30 19 150
698 30 26 100
698 30 35 150
698 30 38 100
698 30 41 99
698 30 43 100
698 39 5 40
698 39 20 100
698 39 24 150
698 9 18 150
698 9 19 100
698 9 26 150
698 9 33 150
698 9 35 150
698 9 41 99
699 31 24 100
699 31 38 100
699 31 46 150
699 38 17 28
699 38 35 150
699 38 37 12
699 38 47 99
699 42 30 100
699 15 18 148
699 15 38 100
699 49 3 100
699 49 24 132
699 49 33 150
699 49 43 100
699 43 3 100
699 43 4 2
699 43 26 100
699 43 33 99
699 43 43 150
699 7 3 150
699 7 19 99
699 7 26 100
699 7 33 100
699 7 35 100
699 7 37 2
699 7 47 150
699 5 18 100
699 5 35 100
699 5 41 148
699 5 46 99
699 40 3 100
699 40 33 100
699 44 18 100
699 44 19 150
699 44 26 100
699 44 33 99
699 44 35 150
699 10 0 1
699 10 18 100
699 10 30 100
699 10 33 150
699 10 43 150
699 10 47 99
699 22 18 150
699 22 19 100
699 22 26 100
699 22 30 150
699 22 33 150
699 22 38 100
699 13 18 150
699 13 19 100
699 13 30 148
699 13 33 150
699 3 3 100
699 3 25 100
699 3 38 100
699 3 41 150
699 3 47 100
699 4 20 150
699 4 26 100
699 25 18 150
699 25 25 100
699 25 30 150
699 25 33 100
699 25 46 100
699 25 47 150
700 1 19 150
700 1 25 100
700 1 26 148
700 1 38 100
700 1 43 148
700 28 24 36
700 28 27 100
700 28 38 148
700 28 43 150
700 45 18 100
700 45 25 150
700 45 26 100
700 45 27 148
700 45 41 150
700 45 43 100
700 45 47 148
700 31 38 100
700 31 46 150
700 8 19 52
700 8 33 150
700 8 41 100
700 36 5 36
700 36 33 148
700 36 35 150
700 36 43 148
700 36 46 148
700 5 18 100
700 5 35 100
700 5 41 148
700 5 46 99
700 2 3 100
700 2 16 20
700 2 30 150
700 47 20 148
700 47 26 100
700 47 37 14
700 12 25 100
700 12 47 99
700 49 3 100
700 49 27 100
700 49 33 150
700 49 43 100
700 22 18 51
700 22 30 150
700 22 33 150
700 22 38 100
700 21 30 150
700 6 18 1
700 6 35 150
700 25 25 100
700 25 30 150
700 25 33 100
700 25 46 100
700 25 47 150
700 4 20 150
700 4 26 100
701 35 3 150
701 35 12 72
701 35 35 148
701 35 38 100
701 16 41 99
701 16 47 99
701 2 3 100
701 2 26 100
701 2 30 150
701 37 3 100
701 37 25 150
701 37 30 100
701 37 38 100
701 37 41 100
701 37 46 100
701 14 43 99
701 48 25 100
701 48 27 150
701 48 41 148
701 48 43 100
701 26 25 150
701 26 33 73
701 26 43 150
701 11 27 100
701 11 37 12
701 11 41 100
701 19 20 100
701 19 25 100
701 19 47 150
701 41 38 150
701 41 41 100
701 41 46 150
701 44 19 1
701 44 35 150
701 9 26 150
701 9 35 150
701 9 41 99
701 1 25 100
701 1 26 148
701 1 38 100
701 1 43 148
701 13 30 148
701 13 37 2
701 36 35 150
701 36 43 148
701 36 46 148
701 31 38 100
701 31 46 150
702 15 12 72
702 47 20 148
702 47 26 100
702 47 37 14
702 0 38 99
702 0 41 150
702 0 46 150
702 39 20 100
702 39 24 36
702 37 25 150
702 37 30 100
702 37 38 100
702 37 41 100
702 37 46 100
702 5 35 100
702 5 41 148
702 5 46 99
702 46 38 99
702 46 43 99
702 46 47 150
702 1 25 100
702 1 26 148
702 1 38 100
702 1 43 148
702 45 25 150
702 45 26 100
702 45 27 148
702 45 41 6
702 45 47 148
702 13 30 76
702 8 41 2
702 27 35 100
702 36 25 100
702 36 35 150
702 36 43 148
702 36 46 148
702 25 25 100
702 25 30 2
702 25 47 150
702 34 20 148
702 34 25 100
702 34 35 150
702 34 38 99
702 34 46 148
703 1 25 100
703 1 26 148
703 1 38 100
703 1 43 148
703 14 43 99
703 13 30 76
703 48 27 150
703 48 43 100
703 32 35 44
703 40 5 36
703 26 38 150
703 26 43 150
703 39 20 100
703 27 3 150
703 27 35 2
703 30 38 100
703 30 43 100
703 49 3 100
703 49 27 100
703 49 43 100
703 8 25 100
703 23 3 150
703 38 46 150
703 38 47 99
703 3 3 100
703 3 25 100
703 3 38 96
704 25 18 150
704 25 25 100
704 25 37 12
704 25 47 150
704 38 46 150
704 38 47 99
704 10 3 148
704 10 16 20
704 10 47 99
704 1 25 4
704 1 43 148
704 39 5 36
704 2 3 100
704 2 23 60
704 4 20 150
704 4 26 100
704 30 26 100
704 30 43 100
704 3 3 100
704 3 47 100
704 47 20 148
704 47 26 100
704 11 27 100
704 29 26 100
704 29 46 100
704 48 27 150
704 48 43 100
704 9 26 22
705 30 43 100
705 43 3 100
705 43 43 150
705 31 12 72
705 29 30 15
705 27 3 150
705 10 3 148
705 10 16 40
705 10 47 99
705 12 20 100
705 12 47 99
705 18 20 100
705 1 43 148
705 3 3 100
705 3 47 100
705 24 47 148
705 36 43 148
705 36 46 148
705 38 46 150
705 38 47 99
706 7 3 150
706 7 12 72
706 34 16 20
706 34 25 8
706 0 46 150
706 12 20 100
706 12 24 36
706 4 20 150
706 46 43 99
706 46 47 150
706 36 43 148
706 36 46 148
706 25 25 1
706 25 47 150
706 14 43 99
706 1 43 148
706 24 47 148
706 47 20 148
706 45 27 148
706 45 43 100
706 45 47 144
706 23 3 150
707 18 5 36
707 18 23 60
707 48 43 100
707 40 3 100
707 28 27 100
707 28 43 150
707 19 20 100
707 19 47 3
708 0 37 14
708 49 3 100
708 49 24 36
708 25 30 76
708 7 3 150
708 48 27 150
708 17 27 100
708 19 20 100
708 12 20 100
708 10 3 148
709 24 18 99
709 24 24 36
709 30 18 99
709 33 5 36
709 20 27 99
709 12 20 100
709 23 3 150
709 42 30 76
709 28 27 100
710 7 37 14
710 10 24 36
710 0 18 2
710 48 27 150
710 47 20 148
710 46 47 2
711 26 14 21
711 48 27 150
711 19 20 100
712 24 14 120
712 47 20 148
712 20 27 99
712 33 20 100
712 48 27 150
713 49 3 100
713 49 24 36
713 49 37 12
713 45 47 48
713 34 20 148
713 11 27 100
713 37 3 100
713 37 5 36
714 12 20 100
714 12 24 36
714 34 20 148
714 33 20 100
715 41 23 60
715 49 37 12
715 34 20 148
716 42 23 60
716 33 37 12
716 12 16 20
716 12 37 2
716 34 20 148
716 48 27 150
717 8 14 100
717 8 23 60
717 10 14 2
717 49 27 100
717 33 20 100
717 48 27 150
717 4 20 150
718 44 18 100
718 21 24 36
718 1 25 11
718 19 20 100
718 34 20 148
718 47 20 148
719 4 20 150
719 11 37 12
719 19 24 36
720 11 37 12
720 47 23 60
720 15 18 48
720 12 24 36
720 34 20 148
720 19 20 100
721 20 16 20
721 33 23 60
721 27 0 72
722 44 17 28
722 25 30 76
722 19 20 100
723 34 20 148
723 13 23 60
723 16 5 36
724 44 16 20
724 12 20 100
724 12 37 14
725 21 37 2
726 25 18 150
726 25 25 11
726 23 18 48
727 35 5 36
727 33 20 100
727 12 20 100
727 39 20 100
728 29 25 8
729 24 37 14
729 34 20 148
730 1 25 12
730 18 0 72
730 13 16 39
730 38 47 51
730 20 16 1
730 43 43 150
730 10 43 150
731 17 5 36
731 29 25 8
731 21 24 36
731 49 3 20
731 38 35 60
732 6 5 36
732 46 24 36
732 13 30 76
733 10 18 100
733 10 30 60
733 45 25 9
733 39 20 100
734 23 3 150
734 23 12 72
734 12 25 12
735 13 23 60
736 16 5 36
736 18 20 100
736 21 37 2
737 16 5 36
737 42 30 76
738 40 5 36
739 31 24 36
740 45 24 36
741 19 24 36
741 37 3 70
744 8 25 11
745 33 23 60
748 8 25 1
749 16 5 36
750 10 14 100
750 10 24 36
752 18 12 72
755 10 24 36
756 8 25 11
761 3 3 100
761 3 25 1
763 40 3 100
763 10 3 20
766 7 37 15
769 6 25 10
772 38 37 12
776 40 3 100
777 42 23 60
781 8 25 11
781 33 12 72
781 45 22 150
781 45 24 36
781 17 46 4
782 23 12 72
782 5 49 28
782 36 25 2
782 11 37 12
783 28 12 72
798 3 3 100
798 23 3 20
803 40 3 100
803 23 3 20
812 13 37 14
814 3 24 36
815 48 25 8
823 48 43 100
823 20 43 150
823 24 37 2
823 26 43 150
824 34 12 72
824 15 49 30
824 46 43 12
826 1 43 148
827 14 43 99
827 20 16 20
827 3 24 36
827 45 43 100
827 49 43 100
827 28 43 114
829 22 21 4
831 49 24 36
831 43 3 20
836 49 24 36
836 11 22 150
836 43 22 148
836 12 16 20
837 45 22 150
837 23 22 150
837 25 30 60
838 18 5 36
838 45 22 150
838 45 24 36
842 10 24 36
844 47 49 30
847 16 5 36
849 37 12 72
853 46 49 28
853 45 43 100
853 20 16 2
853 10 43 150
853 43 43 150
854 45 24 36
854 13 30 60
