3 3 11 150
3 8 37 100
4 26 11 100
5 28 11 100
6 8 37 100
7 10 5 100
8 8 37 100
8 12 2 99
9 18 32 100
9 8 43 99
10 3 40 100
10 31 40 100
10 1 6 150
11 18 20 150
11 40 6 150
11 40 11 99
11 13 6 150
11 47 37 150
11 4 6 99
11 22 6 148
12 4 6 99
12 12 6 148
12 40 6 150
12 40 11 99
12 13 6 150
12 32 6 100
12 1 6 150
13 24 40 100
13 12 6 148
13 12 40 100
13 1 6 150
13 17 20 100
13 17 32 148
13 44 21 99
14 7 11 100
14 8 37 100
14 20 6 148
15 8 37 100
15 31 40 100
15 12 2 99
16 28 11 100
16 8 37 100
16 32 32 100
17 40 11 99
17 40 14 148
17 32 14 100
17 8 37 100
17 31 14 150
17 48 14 150
17 21 14 148
18 26 11 100
18 39 14 148
18 40 14 148
18 36 14 148
18 30 14 150
18 31 14 150
19 22 14 150
19 22 19 100
19 22 37 150
19 7 14 148
19 2 32 100
19 25 40 100
19 39 14 148
19 29 14 150
20 25 5 100
20 17 14 100
21 28 11 100
21 4 14 100
21 10 2 100
21 9 37 150
22 45 11 100
23 30 47 100
23 48 30 100
23 47 37 150
23 28 11 100
24 7 11 100
24 32 32 100
25 7 11 100
25 25 37 150
26 31 14 150
26 32 14 100
26 29 14 150
26 43 11 100
26 35 14 150
26 4 14 100
26 39 14 148
26 40 14 148
26 30 14 150
27 30 14 150
27 9 37 150
27 9 43 100
27 28 11 100
27 12 2 99
27 31 14 150
27 18 32 100
27 32 14 100
28 39 14 148
28 39 20 100
28 32 14 100
28 34 21 100
28 17 14 100
28 31 14 150
28 10 14 150
29 28 11 100
29 17 14 100
29 31 37 150
29 18 32 100
30 11 5 100
30 36 3 100
31 26 11 100
31 30 14 150
31 25 37 150
31 21 14 148
31 35 14 150
31 46 14 150
32 1 6 150
32 4 6 99
32 4 14 100
32 45 11 100
32 13 6 150
32 8 37 100
32 21 14 148
32 48 14 150
32 39 14 148
32 22 6 148
32 22 14 150
33 34 40 99
33 0 6 150
33 26 6 100
33 21 14 148
33 21 40 99
33 17 14 100
33 30 14 150
33 46 14 150
33 13 6 150
33 7 14 148
33 49 6 150
34 48 14 150
34 26 6 100
34 20 6 148
34 20 40 100
34 25 37 150
34 17 14 100
34 12 2 99
34 12 6 148
34 32 6 100
35 40 6 150
35 40 11 99
35 32 6 100
35 4 6 99
36 1 5 99
37 31 37 150
37 26 11 100
38 6 43 100
38 48 30 100
38 28 11 100
39 3 40 100
39 48 21 100
39 35 32 100
39 24 37 150
41 25 32 100
41 25 37 150
41 32 6 100
41 45 11 100
41 43 6 150
41 49 6 150
41 4 6 99
42 12 2 99
42 12 6 148
42 32 6 100
42 4 6 99
42 7 11 100
42 22 6 148
42 40 6 150
43 13 6 150
43 34 37 150
43 40 6 150
43 40 11 99
43 22 6 148
44 13 6 150
44 0 6 150
44 8 37 100
44 32 6 100
45 7 11 100
45 26 6 100
45 20 6 148
46 3 40 100
46 22 6 148
46 22 11 99
46 22 19 100
46 16 40 100
46 12 6 148
46 43 6 150
46 48 47 100
46 8 37 100
47 20 6 148
47 20 32 100
47 49 6 150
48 13 6 150
48 1 6 150
48 1 40 148
48 20 6 148
48 49 6 150
48 8 37 100
49 5 2 100
49 8 37 100
49 49 6 150
49 35 32 100
49 45 11 100
49 43 6 150
50 3 11 150
50 12 30 100
50 8 37 100
50 8 43 99
50 39 20 100
51 25 40 100
52 26 11 100
53 13 6 150
53 13 20 150
53 22 6 148
53 22 37 150
53 4 6 99
53 24 40 100
53 20 6 148
53 44 21 99
53 0 6 150
54 26 6 100
54 26 11 100
55 20 6 148
55 20 32 100
55 20 40 100
55 8 37 100
55 40 6 150
55 31 40 100
55 12 6 148
55 0 6 150
56 45 11 100
56 13 6 150
56 49 6 150
56 43 6 150
57 34 37 150
57 13 6 150
57 17 32 148
57 15 2 100
57 26 6 100
57 26 11 100
57 40 6 150
57 4 6 99
58 6 43 100
58 12 6 148
58 1 6 150
58 28 11 100
58 49 6 150
58 0 6 150
59 20 6 148
59 49 6 150
59 1 6 150
59 45 11 100
59 0 6 150
59 43 6 150
59 47 37 150
59 26 6 100
60 22 6 148
60 22 11 99
60 22 19 100
60 25 32 100
60 8 37 100
61 45 11 100
61 18 32 100
62 45 11 100
62 9 37 150
63 35 40 100
63 27 2 100
64 34 37 150
64 34 40 99
64 39 20 100
65 20 32 100
66 28 11 100
66 43 11 100
66 42 21 100
66 47 37 150
67 26 11 100
67 35 32 100
68 25 37 150
68 45 11 100
69 1 3 99
69 1 5 99
69 8 37 100
69 8 43 99
70 18 32 100
70 29 2 100
71 29 40 148
71 9 37 150
72 43 11 100
73 39 20 100
73 39 40 150
73 17 20 100
74 23 20 100
74 31 20 100
74 31 37 150
74 7 11 100
75 22 11 99
75 22 19 100
75 22 37 150
76 10 2 100
76 10 32 150
76 43 11 100
77 34 37 150
77 7 11 100
78 24 20 150
78 26 11 100
78 44 21 99
78 39 20 100
79 21 30 100
79 28 11 100
79 8 37 100
80 28 11 100
80 22 37 150
81 2 32 100
81 23 43 100
81 45 11 100
82 29 2 100
82 31 37 150
82 7 11 100
84 34 37 150
84 26 11 100
85 13 11 148
85 0 19 150
86 25 32 100
86 25 37 150
86 40 11 99
87 40 11 99
88 2 2 100
88 2 32 100
88 22 11 99
88 22 37 150
89 45 11 100
90 26 11 100
90 13 43 100
90 47 37 150
91 45 11 100
91 22 14 150
91 7 14 148
91 30 14 150
91 46 14 150
92 48 14 150
92 48 30 100
92 21 14 148
92 39 14 148
92 39 20 100
92 17 14 100
92 30 14 150
92 40 11 99
92 40 14 148
92 10 14 150
92 32 14 100
92 34 37 150
92 31 14 150
93 28 11 100
93 21 14 148
93 48 14 150
93 48 21 100
93 17 14 100
94 22 11 99
94 22 37 150
94 28 47 100
94 20 32 100
95 42 2 99
95 2 5 100
95 2 32 100
96 28 11 100
96 18 20 150
96 22 37 150
97 35 32 100
97 28 11 100
98 47 37 150
98 43 11 100
99 43 11 100
99 22 19 100
100 28 11 100
100 22 37 150
100 2 32 100
101 7 11 100
101 10 2 100
102 39 40 150
102 22 19 100
102 22 37 150
103 28 11 100
103 47 37 150
104 45 11 100
105 34 37 150
105 48 47 100
105 23 20 100
105 22 11 99
106 40 11 99
107 29 2 100
107 40 11 99
107 9 37 150
108 15 20 150
108 37 30 100
109 35 32 100
109 35 40 100
109 6 43 100
109 9 37 150
109 30 21 100
110 43 11 100
111 35 32 100
111 24 37 150
111 7 11 100
112 39 40 150
113 28 11 100
113 47 37 150
113 5 2 100
114 24 40 100
114 35 14 150
114 36 14 148
114 31 14 150
114 30 14 150
114 4 14 100
114 29 14 150
115 12 40 100
115 32 14 100
115 31 14 150
115 31 20 100
115 31 37 150
115 31 40 100
115 46 14 150
115 44 3 100
115 10 14 150
115 17 14 100
116 17 14 100
116 17 20 100
116 29 14 150
116 28 11 100
116 1 6 150
116 7 14 148
116 21 14 148
116 40 6 150
116 40 14 148
116 8 37 100
116 4 6 99
117 28 11 100
117 1 6 150
117 43 6 150
117 18 32 100
117 20 6 148
117 12 6 148
118 40 6 150
118 40 11 99
118 39 20 100
118 32 6 100
118 22 6 148
119 12 6 148
119 18 20 150
119 7 11 100
119 4 6 99
119 34 37 150
119 49 6 150
120 32 6 100
120 24 20 150
120 22 11 99
120 23 20 100
120 48 21 100
121 22 2 100
121 39 32 150
122 36 14 148
122 32 14 100
122 46 14 150
122 30 14 150
122 35 14 150
122 45 11 100
122 48 14 150
122 8 37 100
123 34 37 150
123 36 14 148
123 31 14 150
123 4 14 100
123 25 32 100
123 46 14 150
123 48 14 150
123 26 11 100
123 17 14 100
123 7 14 148
123 35 14 150
124 13 11 148
124 13 43 100
124 39 14 148
124 29 14 150
125 30 47 100
125 4 14 100
125 40 11 99
125 20 32 100
126 25 37 150
126 25 40 100
126 22 19 100
127 25 5 100
127 27 2 100
128 43 11 100
128 8 37 100
128 2 32 100
129 22 11 99
130 47 37 150
130 1 40 148
130 33 23 150
130 35 32 100
131 9 37 150
131 20 32 100
131 0 23 100
131 43 11 100
132 45 11 100
133 21 23 100
133 43 11 100
133 20 32 100
133 29 2 100
133 34 23 100
134 7 11 100
134 32 32 100
135 34 21 100
135 34 23 100
135 22 11 99
135 13 43 100
136 9 23 150
136 45 11 100
137 39 23 100
137 2 5 100
137 48 47 100
138 25 37 150
138 30 14 150
138 17 14 100
138 0 23 100
138 29 14 150
138 40 11 99
138 40 14 148
138 22 14 150
138 35 14 150
138 12 30 100
139 10 2 100
139 10 14 150
139 43 11 100
139 30 14 150
139 17 14 100
139 46 14 150
139 4 14 100
139 35 14 150
140 40 11 99
140 40 14 148
140 28 23 100
140 47 37 150
140 31 14 150
140 36 14 148
140 4 14 100
141 31 23 150
141 31 40 100
142 13 3 100
142 0 23 100
142 24 37 150
142 28 11 100
143 21 23 100
143 21 40 99
143 22 19 100
143 20 40 100
144 22 11 99
144 22 37 150
144 12 30 100
145 43 23 150
146 39 20 100
146 39 23 100
146 44 20 150
146 22 2 100
146 22 11 99
146 22 37 150
146 32 32 100
147 10 21 100
147 35 32 100
147 26 11 100
147 28 23 100
147 8 37 100
148 40 11 99
148 34 23 100
149 43 11 100
149 8 43 99
150 33 23 150
150 43 11 100
150 9 37 150
151 32 32 100
151 40 11 99
151 39 23 100
152 27 2 100
152 21 23 100
152 9 37 150
153 40 11 99
153 39 23 100
154 40 11 99
154 5 47 99
154 47 37 150
155 39 23 100
155 28 5 100
156 23 32 150
156 38 23 150
156 16 40 100
157 45 11 100
157 2 23 100
158 40 11 99
158 0 23 100
158 42 2 99
158 8 37 100
159 26 11 100
159 9 43 100
160 37 30 100
160 1 6 150
160 12 6 148
160 18 23 150
160 32 6 100
160 31 37 150
160 33 21 100
160 20 6 148
160 49 6 150
160 43 6 150
160 43 11 100
161 45 11 100
161 49 6 150
161 32 6 100
161 32 32 100
161 1 6 150
161 28 23 100
161 0 6 150
162 4 6 99
162 23 20 100
162 8 37 100
162 1 6 150
162 1 40 148
162 22 6 148
162 22 19 100
162 32 6 100
162 13 6 150
163 0 6 150
163 0 23 100
163 20 6 148
163 49 6 150
163 45 11 100
163 43 6 150
164 29 40 148
164 24 37 150
164 12 6 148
164 2 23 100
164 22 6 148
165 0 6 150
165 0 23 100
165 45 9 100
165 47 37 150
165 25 32 100
165 20 6 148
166 28 23 100
166 20 6 148
166 20 32 100
166 22 6 148
166 26 4 100
166 26 6 100
166 43 6 150
166 32 6 100
167 8 37 100
167 4 6 99
167 33 23 150
167 22 2 100
167 22 6 148
167 32 6 100
167 1 6 150
167 26 6 100
168 21 23 100
168 20 6 148
168 40 6 150
168 40 11 99
168 32 6 100
168 0 6 150
168 8 37 100
169 36 3 100
169 32 6 100
169 4 6 99
169 1 6 150
170 48 5 100
170 17 32 148
170 35 23 150
170 40 6 150
170 40 11 99
170 8 37 100
170 1 6 150
171 2 23 100
171 4 6 99
171 45 11 100
171 5 47 99
172 40 11 99
172 21 23 100
172 35 32 100
172 47 37 150
172 26 6 100
172 13 43 100
173 42 2 99
173 0 23 100
173 9 37 150
173 13 11 148
174 17 20 100
174 34 21 100
174 28 11 100
175 2 23 100
175 2 32 100
175 21 40 99
175 18 20 150
175 8 37 100
176 40 11 99
176 25 37 150
176 33 23 150
177 34 23 100
177 28 11 100
178 25 37 150
178 7 11 100
178 39 23 100
179 13 20 150
179 20 40 100
179 12 40 100
180 31 23 150
180 0 19 150
180 42 2 99
180 45 11 100
180 32 32 100
181 39 23 100
182 9 43 100
182 1 5 99
182 0 23 100
183 47 37 150
183 33 5 100
183 39 23 100
184 10 14 150
184 43 11 100
184 12 30 100
184 36 14 148
184 48 14 150
184 46 14 150
184 40 14 148
185 31 14 150
185 31 20 100
185 31 23 150
185 31 37 150
185 36 14 148
185 30 14 150
185 4 14 100
186 30 14 150
186 27 2 100
186 8 37 100
186 26 11 100
186 39 14 148
186 39 23 100
186 32 14 100
186 31 14 150
186 31 40 100
187 34 23 100
187 7 14 148
187 2 32 100
187 29 14 150
187 32 14 100
188 44 20 150
188 47 37 150
188 16 19 150
188 25 32 100
188 34 23 100
188 45 11 100
189 43 11 100
189 24 20 150
189 31 20 100
190 39 23 100
190 34 37 150
190 26 11 100
191 42 21 100
191 43 11 100
191 43 23 150
192 42 2 99
192 11 5 100
192 21 23 100
193 26 11 100
193 31 37 150
193 34 23 100
195 45 11 100
195 21 23 100
195 34 37 150
196 38 3 100
196 38 23 150
196 22 11 99
196 8 37 100
197 34 23 100
197 28 11 100
198 17 20 100
198 9 37 150
198 9 43 100
198 45 11 100
198 22 2 100
198 34 23 100
199 21 30 100
199 45 11 100
200 0 23 100
200 16 40 100
200 31 37 150
201 20 32 100
201 21 23 100
201 22 11 99
202 38 23 150
202 25 32 100
202 25 37 150
202 45 11 100
203 4 14 100
203 2 23 100
203 30 14 150
203 26 11 100
203 36 14 148
203 22 14 150
204 8 37 100
204 17 14 100
204 1 40 148
204 32 14 100
204 35 14 150
204 48 14 150
204 7 14 148
205 39 14 148
205 39 23 100
205 31 14 150
205 31 37 150
205 44 21 99
205 5 2 100
205 36 14 148
205 35 14 150
205 4 14 100
205 21 14 148
206 36 14 148
206 35 23 150
206 13 11 148
207 21 19 150
207 21 23 100
207 43 6 150
207 43 11 100
207 34 37 150
207 0 6 150
207 4 4 100
207 4 6 99
207 4 14 100
207 32 6 100
208 21 23 100
208 32 6 100
208 26 6 100
208 26 11 100
208 0 6 150
208 40 6 150
209 32 6 100
209 22 6 148
209 22 37 150
209 1 6 150
209 13 6 150
209 0 6 150
210 8 37 100
210 9 23 150
210 0 6 150
211 26 6 100
211 26 11 100
211 34 23 100
212 31 37 150
212 12 2 99
212 45 11 100
212 0 23 100
213 5 5 99
213 26 11 100
213 2 23 100
214 8 37 100
215 28 11 100
215 28 23 100
215 24 43 100
216 26 11 100
216 25 37 150
217 0 23 100
217 2 23 100
217 28 11 100
218 43 11 100
218 43 23 150
218 25 37 150
218 2 2 100
218 10 21 100
219 40 11 99
219 9 37 150
220 30 5 99
220 9 23 150
220 26 6 100
220 32 6 100
220 49 6 150
221 31 37 150
221 34 23 100
221 0 6 150
221 1 6 150
221 49 6 150
222 26 6 100
222 26 11 100
222 39 23 100
222 13 6 150
222 22 6 148
222 22 11 99
222 12 6 148
223 31 40 100
223 39 23 100
223 6 43 100
223 1 6 150
223 13 6 150
223 22 6 148
224 32 6 100
224 45 11 100
224 8 37 100
225 22 2 100
225 22 11 99
225 31 23 150
226 8 37 100
226 22 11 99
226 21 23 100
227 32 14 100
227 5 9 100
227 22 14 150
227 22 37 150
227 30 14 150
227 10 14 150
228 17 14 100
228 30 14 150
228 33 23 150
228 4 14 100
228 26 11 100
228 48 14 150
228 46 14 150
228 7 14 148
228 35 14 150
229 2 23 100
229 7 11 100
229 7 14 148
229 8 37 100
229 44 21 99
229 5 47 99
229 40 14 148
229 31 14 150
230 43 11 100
230 30 14 150
230 7 14 148
230 34 23 100
231 21 23 100
231 45 11 100
231 22 19 100
231 22 37 150
232 43 11 100
232 2 2 100
232 2 23 100
233 26 40 148
233 2 23 100
234 24 43 100
234 7 11 100
235 25 5 100
235 25 37 150
235 28 23 100
236 22 6 148
236 22 11 99
236 13 6 150
236 20 6 148
236 39 23 100
236 8 37 100
236 32 6 100
237 24 20 150
237 28 23 100
237 49 6 150
237 4 6 99
237 1 6 150
237 20 6 148
238 0 6 150
238 0 23 100
238 13 6 150
238 8 37 100
239 12 2 99
239 12 6 148
239 12 40 100
239 9 37 150
239 20 6 148
239 20 40 100
239 13 6 150
239 7 11 100
239 2 23 100
239 4 6 99
240 22 11 99
240 39 23 100
240 4 6 99
241 21 23 100
241 45 11 100
242 9 37 150
242 21 23 100
242 5 5 99
242 5 47 99
242 48 21 100
243 40 11 99
243 28 23 100
244 13 20 150
244 20 40 100
244 8 37 100
244 17 20 100
245 34 23 100
245 34 40 99
245 8 37 100
245 8 43 99
245 29 2 100
246 21 23 100
246 21 40 99
246 3 40 100
247 34 23 100
247 34 37 150
247 45 11 100
248 18 23 150
248 43 11 100
249 47 37 150
249 28 11 100
250 31 23 150
250 45 11 100
251 40 6 150
251 40 11 99
251 2 23 100
251 0 6 150
251 1 6 150
251 8 37 100
251 49 6 150
251 26 6 100
251 32 6 100
252 4 6 99
252 34 23 100
252 8 3 99
252 8 37 100
252 10 2 100
252 40 6 150
252 0 6 150
252 22 6 148
252 32 6 100
253 4 6 99
253 35 40 100
253 49 6 150
253 40 6 150
253 34 23 100
254 42 21 100
254 4 6 99
254 47 37 150
255 45 11 100
255 20 43 100
255 33 23 150
256 29 14 150
256 48 14 150
256 36 14 148
256 45 11 100
256 17 14 100
256 31 14 150
256 31 37 150
256 39 14 148
256 39 23 100
256 4 14 100
257 0 23 100
257 28 11 100
257 32 14 100
257 35 14 150
257 17 14 100
258 10 2 100
258 10 11 150
258 10 14 150
258 21 14 148
258 21 23 100
258 40 14 148
258 4 4 100
258 4 14 100
258 47 37 150
258 31 14 150
258 30 14 150
259 4 14 100
259 28 11 100
260 20 19 150
260 20 40 100
260 34 23 100
260 34 37 150
261 25 5 100
261 31 23 150
262 8 37 100
262 7 11 100
262 2 23 100
263 26 11 100
263 9 37 150
264 7 11 100
264 9 23 150
265 1 40 148
265 21 23 100
265 9 37 150
265 27 2 100
266 2 23 100
267 44 21 99
267 13 43 100
267 24 40 100
267 12 40 100
267 40 11 99
267 28 23 100
268 43 11 100
268 8 37 100
268 39 23 100
269 40 11 99
270 21 23 100
270 40 11 99
270 24 37 150
271 18 23 150
271 24 40 100
272 45 11 100
272 7 3 100
272 2 23 100
272 25 37 150
273 26 40 148
273 21 23 100
274 18 20 150
274 45 11 100
275 1 39 100
275 1 40 148
275 21 23 100
275 22 37 150
276 39 23 100
276 26 11 100
277 47 9 99
277 47 37 150
277 31 23 150
278 26 11 100
278 34 23 100
279 9 43 100
280 22 11 99
280 22 37 150
280 28 23 100
280 12 39 150
281 22 11 99
282 47 37 150
282 40 11 99
283 28 5 100
283 8 37 100
283 23 20 100
284 28 11 100
284 23 20 100
285 40 11 99
285 22 37 150
286 16 40 100
286 8 37 100
288 45 11 100
289 47 37 150
290 31 40 100
291 28 11 100
291 2 2 100
291 2 32 100
291 34 37 150
292 1 47 100
293 35 14 150
293 35 32 100
293 46 14 150
293 29 14 150
293 24 37 150
293 48 14 150
293 45 11 100
293 28 11 100
293 39 14 148
294 48 14 150
294 32 14 100
294 22 11 99
294 22 14 150
294 36 14 148
294 35 14 150
294 7 14 148
295 8 43 99
295 43 11 100
295 29 14 150
295 36 14 148
295 40 14 148
295 48 14 150
296 2 32 100
296 39 20 100
296 32 14 100
296 25 37 150
296 43 11 100
297 48 21 100
297 12 2 99
298 34 37 150
298 3 11 150
298 22 19 100
299 2 5 100
300 49 33 100
300 18 32 100
300 28 11 100
301 45 11 100
301 31 37 150
301 25 32 100
302 40 11 99
303 36 3 100
303 12 2 99
304 28 11 100
304 28 47 100
304 9 37 150
304 43 11 100
304 35 32 100
304 22 19 100
305 31 37 150
305 32 32 100
305 7 11 100
306 24 40 100
306 8 37 100
306 35 40 100
307 28 11 100
307 8 37 100
308 34 21 100
308 40 11 99
309 31 37 150
309 22 11 99
309 22 19 100
309 48 30 100
309 6 43 100
310 15 2 100
311 26 11 100
311 48 47 100
311 25 37 150
312 31 14 150
312 4 14 100
312 30 14 150
312 39 14 148
312 16 19 150
312 46 14 150
312 48 14 150
313 20 32 100
313 30 14 150
313 32 14 100
313 36 14 148
313 8 33 100
313 8 37 100
313 46 14 150
313 10 11 150
313 10 14 150
314 3 11 150
314 25 32 100
314 25 37 150
314 39 14 148
314 48 14 150
314 7 14 148
314 36 14 148
315 26 11 100
315 32 14 100
316 45 11 100
316 24 37 150
316 22 2 100
317 31 20 100
317 31 40 100
318 26 40 148
318 25 32 100
318 5 33 100
319 25 37 150
319 0 6 150
319 13 6 150
319 26 6 100
319 26 11 100
319 1 6 150
320 13 6 150
320 4 6 99
320 29 40 148
320 16 19 150
320 43 6 150
321 8 37 100
321 1 6 150
321 1 40 148
321 43 6 150
321 22 6 148
321 40 6 150
321 20 6 148
322 26 6 100
322 43 6 150
322 8 37 100
322 10 21 100
323 18 32 100
323 27 2 100
323 8 37 100
323 22 11 99
324 1 40 148
324 17 33 99
324 2 32 100
325 12 40 100
325 31 37 150
326 1 5 99
327 47 37 150
327 31 40 100
328 40 11 99
328 48 47 100
328 24 1 100
329 25 37 150
329 22 2 100
329 22 11 99
329 22 19 100
329 31 20 100
330 12 40 100
330 8 37 100
330 8 43 99
330 34 40 99
331 25 32 100
331 22 11 99
331 5 33 100
332 22 11 99
332 22 37 150
333 35 32 100
333 43 11 100
333 22 19 100
334 35 40 100
335 7 11 100
335 39 20 100
335 24 20 150
335 24 37 150
336 34 21 100
336 10 2 100
337 32 14 100
337 48 14 150
337 8 37 100
337 21 14 148
337 26 11 100
337 4 14 100
337 46 14 150
337 7 11 100
337 7 14 148
338 12 40 100
338 35 14 150
338 35 32 100
338 10 14 150
338 46 14 150
338 39 14 148
338 48 14 150
338 21 14 148
339 35 14 150
339 35 32 100
339 35 40 100
339 22 14 150
339 22 19 100
339 22 37 150
339 21 14 148
339 21 40 99
340 26 40 148
340 4 14 100
340 8 33 100
341 28 11 100
341 22 37 150
342 26 11 100
342 5 2 100
343 31 37 150
343 18 32 100
343 48 19 150
344 12 40 100
345 43 11 100
345 40 3 99
346 32 32 100
346 7 11 100
346 9 37 150
346 1 47 100
347 31 40 100
348 34 37 150
348 15 2 100
348 46 43 100
348 40 11 99
349 32 32 100
349 40 11 99
349 44 21 99
350 16 19 150
350 34 37 150
350 3 11 150
351 3 40 100
351 20 40 100
352 47 37 150
352 26 11 100
352 35 32 100
353 31 40 100
353 17 33 99
354 42 2 99
354 32 32 100
354 8 37 100
354 34 9 100
355 32 14 100
355 4 14 100
355 30 14 150
355 10 14 150
355 43 11 100
355 40 14 148
355 21 14 148
355 5 33 100
356 32 14 100
356 10 14 150
356 4 14 100
356 25 37 150
356 26 11 100
356 21 14 148
356 7 14 148
357 46 14 150
357 21 14 148
357 35 14 150
357 17 14 100
357 17 20 100
357 39 14 148
357 40 11 99
358 47 37 150
358 20 32 100
358 20 40 100
358 44 20 150
359 49 33 100
359 45 11 100
359 24 20 150
359 8 37 100
359 32 14 100
360 23 20 100
360 29 40 148
360 22 19 100
360 2 32 100
360 44 21 99
360 12 2 99
361 43 11 100
361 25 37 150
362 8 37 100
362 1 47 100
362 26 11 100
363 26 6 100
363 26 11 100
363 13 6 150
364 44 3 100
364 7 11 100
364 35 32 100
364 1 6 150
364 12 6 148
364 2 32 100
364 0 6 150
364 40 6 150
364 22 6 148
365 45 11 100
365 8 37 100
365 12 6 148
365 0 6 150
366 4 6 99
366 0 6 150
366 45 11 100
366 49 6 150
366 48 30 100
366 12 6 148
366 26 6 100
367 35 32 100
367 31 37 150
367 22 11 99
367 22 19 100
368 28 11 100
368 8 37 100
368 42 2 99
369 5 33 100
369 5 47 99
369 43 11 100
370 28 11 100
370 25 37 150
371 17 33 99
371 23 43 100
372 43 11 100
372 24 37 150
373 28 11 100
373 17 32 148
373 44 21 99
374 39 33 100
374 39 40 150
374 42 2 99
374 9 37 150
375 45 11 100
376 9 37 150
376 31 20 100
376 22 19 100
377 35 32 100
377 8 37 100
377 7 11 100
378 25 32 100
378 40 11 99
379 45 5 100
379 21 26 100
379 25 37 150
380 43 11 100
380 12 2 99
380 8 37 100
381 8 3 99
381 8 33 100
381 8 37 100
381 22 11 99
382 40 40 150
382 18 32 100
383 34 37 150
384 12 40 100
384 22 19 100
385 5 33 100
385 5 47 99
385 30 21 100
385 4 6 99
385 31 20 100
385 31 37 150
385 31 40 100
385 0 6 150
385 16 40 100
386 49 6 150
386 10 11 150
386 4 6 99
386 12 6 148
386 43 6 150
387 27 2 100
387 25 37 150
387 4 6 99
387 7 11 100
387 40 6 150
388 45 11 100
389 26 6 100
389 26 11 100
389 13 6 150
389 13 20 150
389 25 32 100
389 25 37 150
389 4 6 99
389 20 6 148
390 5 33 100
390 13 6 150
390 20 6 148
390 43 11 100
390 39 20 100
390 4 6 99
390 8 37 100
391 20 40 100
392 26 11 100
392 34 37 150
392 22 19 100
393 20 32 100
393 43 11 100
393 19 4 100
393 42 2 99
394 34 37 150
394 28 11 100
395 47 9 99
396 17 33 99
396 28 11 100
396 31 37 150
397 26 11 100
397 30 21 100
397 17 32 148
397 8 37 100
397 8 43 99
398 26 11 100
399 22 11 99
399 22 14 150
399 22 37 150
399 40 14 148
399 36 14 148
399 48 14 150
399 7 14 148
399 39 14 148
399 39 33 100
400 25 40 100
400 22 2 100
400 22 14 150
400 22 19 100
400 7 14 148
400 17 14 100
400 32 14 100
400 4 14 100
400 10 14 150
400 30 14 150
401 17 14 100
401 25 37 150
401 25 40 100
401 7 14 148
401 24 40 100
401 21 14 148
402 31 20 100
402 28 11 100
403 32 14 100
403 22 37 150
403 24 40 100
403 49 33 100
404 25 32 100
405 28 11 100
405 25 37 150
406 13 11 148
406 10 2 100
407 26 11 100
407 17 32 148
407 21 19 150
407 8 37 100
408 31 37 150
409 32 32 100
409 6 43 100
409 26 11 100
409 45 11 100
409 46 33 100
410 34 21 100
410 34 37 150
410 3 11 150
410 38 3 100
410 20 32 100
411 34 40 99
412 2 2 100
412 2 32 100
412 43 11 100
412 9 37 150
413 22 11 99
413 22 19 100
414 7 11 100
414 9 37 150
415 46 33 100
415 40 11 99
416 45 11 100
416 47 37 150
417 7 11 100
418 40 11 99
418 10 2 100
418 10 32 150
419 34 37 150
420 35 32 100
420 16 19 150
420 40 11 99
420 24 37 150
421 25 32 100
421 25 40 100
421 20 40 100
421 5 33 100
422 24 43 100
422 13 11 148
422 39 20 100
423 5 33 100
423 36 14 148
423 29 14 150
423 7 11 100
423 7 14 148
423 32 14 100
423 4 14 100
423 21 14 148
423 21 30 100
424 7 11 100
424 7 14 148
424 9 37 150
424 21 14 148
424 40 14 148
424 44 21 99
424 17 14 100
425 15 2 100
425 45 11 100
425 30 14 150
425 32 14 100
425 4 14 100
425 35 14 150
426 12 40 100
426 36 14 148
426 35 14 150
426 8 37 100
427 9 37 150
427 20 32 100
427 20 40 100
428 11 9 100
429 39 40 150
429 4 14 100
429 22 19 100
429 22 37 150
430 26 11 100
431 12 2 99
431 12 40 100
431 3 40 100
432 41 32 150
432 45 11 100
432 25 37 150
432 22 19 100
433 8 37 100
433 7 11 100
434 22 11 99
434 22 19 100
434 20 43 100
434 31 20 100
435 47 37 150
435 25 40 100
436 1 47 100
436 20 32 100
436 33 21 100
436 40 11 99
437 20 32 100
437 8 37 100
437 15 2 100
437 28 11 100
438 25 37 150
439 1 6 150
439 8 33 100
439 16 19 150
439 0 6 150
440 20 6 148
440 20 32 100
440 22 6 148
440 22 11 99
440 22 37 150
440 13 6 150
441 40 6 150
441 40 11 99
441 40 40 150
441 32 6 100
441 49 6 150
441 12 6 148
441 20 6 148
442 32 6 100
442 39 33 100
442 20 6 148
442 13 6 150
442 49 6 150
443 43 11 100
443 39 20 100
443 39 32 150
443 22 19 100
443 22 37 150
443 17 20 100
443 8 37 100
444 43 11 100
444 22 2 100
444 22 19 100
445 16 40 100
446 35 40 100
446 16 40 100
447 38 3 100
447 20 40 100
447 47 37 150
447 46 33 100
448 34 37 150
448 34 40 99
449 43 11 100
450 8 37 100
450 8 43 99
450 35 32 100
450 35 40 100
450 21 40 99
451 2 2 100
451 2 32 100
451 47 1 100
451 12 40 100
451 22 19 100
452 40 11 99
452 25 37 150
452 31 20 100
452 19 26 100
453 20 40 100
453 33 21 100
453 46 33 100
454 6 47 100
454 31 40 100
454 20 40 100
455 31 37 150
455 40 11 99
455 18 32 100
456 25 40 100
457 27 2 100
457 25 37 150
457 39 33 100
457 28 11 100
458 1 40 148
459 7 11 100
459 47 37 150
459 32 32 100
460 28 11 100
461 8 37 100
461 5 5 99
461 22 19 100
462 40 11 99
462 18 32 100
462 8 37 100
463 15 2 100
463 22 11 99
464 30 21 100
464 32 32 100
464 9 37 150
464 45 11 100
465 5 33 100
465 8 37 100
465 45 11 100
466 33 5 100
466 2 32 100
467 23 39 148
467 34 37 150
467 34 40 99
468 29 40 148
468 35 32 100
468 8 37 100
469 10 2 100
469 32 32 100
469 28 11 100
470 13 43 100
470 17 33 99
470 24 40 100
470 8 37 100
470 22 19 100
471 45 11 100
471 20 32 100
472 25 37 150
472 28 11 100
473 40 3 99
473 40 11 99
473 20 19 150
474 25 40 100
474 16 40 100
474 17 20 100
474 17 33 99
474 15 20 150
475 34 37 150
475 34 40 99
475 2 32 100
476 26 11 100
476 35 32 100
476 22 2 100
477 30 21 100
478 13 11 148
478 9 37 150
479 40 11 99
479 5 33 100
479 8 37 100
480 10 32 150
480 3 40 100
480 1 47 100
480 16 40 100
481 9 37 150
481 40 11 99
481 48 30 100
482 22 2 100
482 22 11 99
482 22 19 100
482 35 32 100
483 40 11 99
483 25 37 150
484 8 33 100
485 43 11 100
486 19 4 100
486 22 11 99
486 22 19 100
486 22 37 150
486 39 20 100
487 31 37 150
487 40 11 99
488 10 2 100
488 10 32 150
488 9 43 100
488 7 11 100
488 5 33 100
489 45 11 100
489 13 3 100
490 0 5 100
490 25 37 150
491 17 14 100
491 4 14 100
491 35 14 150
491 31 14 150
491 39 14 148
491 30 14 150
491 30 21 100
491 45 11 100
492 45 11 100
492 35 14 150
492 35 32 100
492 17 14 100
492 22 14 150
492 22 19 100
492 22 37 150
492 7 14 148
493 46 14 150
493 26 11 100
493 31 14 150
493 7 14 148
493 48 14 150
494 12 2 99
494 12 40 100
494 1 47 100
494 29 14 150
494 40 14 148
495 47 37 150
495 45 11 100
496 3 40 100
496 39 33 100
497 8 37 100
497 26 11 100
497 35 32 100
498 31 37 150
498 31 40 100
498 22 19 100
498 25 40 100
499 2 32 100
499 43 11 100
499 43 39 99
500 34 37 150
500 26 11 100
501 2 2 100
501 28 11 100
501 22 19 100
501 8 33 100
502 2 32 100
502 22 11 99
502 8 37 100
503 34 40 99
504 8 37 100
504 39 20 100
504 22 11 99
504 22 19 100
505 13 20 150
505 45 11 100
506 29 40 148
506 8 37 100
506 48 30 100
507 20 32 100
507 20 43 100
507 26 11 100
507 22 2 100
507 22 19 100
507 34 21 100
508 1 9 100
508 9 37 150
509 7 11 100
509 5 33 100
510 28 11 100
511 8 37 100
511 18 32 100
511 40 11 99
512 35 32 100
512 7 11 100
512 47 37 150
513 2 2 100
513 7 11 100
514 24 37 150
514 17 20 100
515 40 11 99
516 8 33 100
516 8 37 100
516 8 43 99
516 26 11 100
517 1 3 99
517 20 19 150
517 20 32 100
517 47 37 150
517 26 11 100
519 11 5 100
519 12 2 99
519 39 33 100
520 26 11 100
520 47 37 150
520 2 32 100
521 10 11 150
521 10 21 100
522 47 37 150
522 7 11 100
523 24 40 100
524 45 11 100
524 8 37 100
525 47 37 150
525 46 43 100
525 12 2 99
525 7 11 100
526 21 19 150
526 45 11 100
526 23 20 100
527 21 40 99
527 18 32 100
527 34 37 150
527 34 40 99
528 17 20 100
528 17 33 99
528 20 40 100
529 17 20 100
529 17 32 148
529 26 11 100
530 35 40 100
531 25 37 150
531 26 11 100
531 1 3 99
532 12 2 99
532 43 11 100
532 33 21 100
533 7 11 100
533 8 37 100
533 18 32 100
534 40 40 150
534 29 36 100
534 41 33 100
535 40 11 99
535 34 37 150
535 16 19 150
536 1 47 100
536 43 11 100
537 49 33 100
537 8 37 100
537 23 20 100
538 26 11 100
538 40 11 99
538 24 37 150
538 12 2 99
539 25 32 100
539 25 40 100
540 24 1 100
540 24 43 100
540 43 11 100
541 7 11 100
542 20 32 100
542 39 14 148
542 22 14 150
542 30 14 150
542 40 14 148
543 30 14 150
543 31 14 150
543 31 37 150
543 20 19 150
543 22 11 99
543 22 14 150
543 7 14 148
543 29 14 150
543 4 14 100
543 17 14 100
543 21 14 148
543 36 14 148
544 17 14 100
544 29 2 100
544 29 14 150
544 4 14 100
544 40 11 99
545 9 37 150
545 42 21 100
545 28 11 100
546 26 11 100
546 26 26 100
546 8 33 100
546 25 32 100
547 24 37 150
547 22 11 99
548 7 11 100
548 18 32 100
549 10 32 150
549 47 37 150
549 1 40 148
549 22 19 100
550 45 11 100
550 8 37 100
550 5 2 100
551 43 11 100
551 35 32 100
552 34 37 150
553 3 11 150
553 49 33 100
554 6 43 100
554 9 37 150
555 35 32 100
555 26 11 100
555 40 11 99
555 22 19 100
556 48 3 100
556 16 40 100
556 17 20 100
556 25 40 100
557 48 5 100
557 5 2 100
557 32 32 100
557 9 37 150
558 22 11 99
558 44 21 99
559 12 40 100
559 9 37 150
560 8 33 100
560 8 37 100
560 13 20 150
560 43 11 100
560 39 32 150
561 43 11 100
562 47 37 150
562 25 32 100
562 7 11 100
562 22 19 100
563 26 11 100
563 12 2 99
564 43 11 100
564 34 37 150
564 19 4 100
565 22 11 99
565 46 33 100
566 7 11 100
566 7 39 148
566 31 37 150
566 2 32 100
567 21 40 99
567 22 19 100
567 8 37 100
568 25 32 100
568 26 11 100
569 28 11 100
569 27 2 100
569 47 37 150
570 22 11 99
570 32 32 100
570 34 21 100
570 9 43 100
570 49 33 100
571 2 32 100
571 31 37 150
571 22 11 99
572 43 11 100
572 23 20 100
573 25 37 150
573 40 11 99
574 35 40 100
574 21 40 99
575 48 47 100
575 47 37 150
575 26 40 148
575 42 2 99
575 22 19 100
575 46 33 100
576 5 5 99
577 48 30 100
577 2 32 100
577 9 37 150
