461 49 8 99
461 49 18 150
461 49 30 150
461 49 47 100
461 22 9 100
461 22 30 99
461 31 29 100
461 31 47 150
461 34 4 100
461 34 8 150
461 34 17 148
461 34 18 99
461 46 18 150
461 46 29 60
461 12 9 150
461 12 18 24
461 2 10 150
461 2 47 150
461 29 4 148
461 29 8 150
461 24 9 150
461 38 9 150
461 38 30 148
461 38 47 148
461 30 4 100
461 45 17 100
461 20 9 100
461 21 4 150
461 21 8 100
461 21 9 150
461 21 47 99
461 21 48 150
461 11 10 99
461 11 47 100
461 48 8 99
461 48 17 150
461 48 30 99
461 48 47 150
461 48 48 100
462 10 4 150
462 10 47 150
462 37 10 100
462 37 30 99
462 39 47 99
462 39 48 26
462 22 30 99
462 41 10 99
462 41 18 2
462 7 8 150
462 7 9 100
462 7 10 148
462 43 10 100
462 43 17 100
462 16 18 1
462 44 10 150
462 44 30 150
462 44 47 100
462 5 17 100
462 5 30 100
462 9 8 99
462 9 9 150
462 40 9 150
462 40 47 99
462 35 10 99
462 35 30 100
462 34 4 100
462 34 8 150
462 34 17 148
462 36 8 100
462 36 9 148
462 36 30 150
462 36 47 150
463 9 8 99
463 9 9 150
463 9 18 3
463 20 9 100
463 42 9 100
463 42 17 150
463 42 47 99
463 6 30 100
463 29 4 148
463 29 8 150
463 17 10 150
463 17 30 150
463 47 9 150
463 47 47 150
463 34 4 100
463 34 8 93
463 8 10 100
463 25 30 148
463 2 10 150
463 2 47 150
463 24 9 150
463 14 4 100
463 14 9 148
463 14 17 148
463 14 47 150
463 40 9 150
463 40 47 99
464 44 10 150
464 44 30 150
464 44 47 100
464 38 9 150
464 38 30 148
464 38 47 148
464 18 4 150
464 7 8 1
464 5 17 100
464 5 30 100
464 26 10 100
464 26 47 148
464 8 10 100
464 17 10 150
464 17 30 150
464 29 4 148
464 30 4 100
464 42 17 150
464 42 47 99
464 40 47 99
464 49 30 150
464 49 47 100
464 27 10 100
464 27 17 150
464 27 47 100
465 32 17 150
465 26 10 100
465 26 47 148
465 17 10 150
465 17 30 150
465 30 4 100
465 40 9 36
465 35 10 99
465 35 30 100
465 21 4 150
465 21 47 99
465 4 17 150
465 41 10 99
465 41 30 150
465 45 17 100
465 36 30 150
465 36 47 150
465 7 10 148
465 14 4 100
465 14 17 148
465 14 47 150
465 34 4 100
465 34 17 148
465 2 10 150
465 2 47 150
466 1 4 150
466 1 9 36
466 1 30 150
466 46 18 3
466 17 30 150
466 10 4 150
466 10 47 150
466 14 4 100
466 14 17 148
466 14 47 150
466 15 47 100
466 30 4 100
466 41 10 99
466 41 30 150
466 42 17 150
466 42 47 99
466 35 10 99
466 35 30 100
466 7 10 148
466 27 10 100
466 27 17 150
466 27 47 100
466 8 10 100
466 23 30 150
467 48 17 150
467 48 30 99
467 48 47 150
467 21 4 150
467 21 9 36
467 44 10 150
467 44 30 150
467 44 47 100
467 2 10 150
467 2 47 150
467 15 47 100
467 26 10 100
467 26 47 148
467 35 10 99
467 35 30 100
467 12 47 150
467 41 10 99
467 41 30 150
467 14 4 100
467 14 17 148
467 14 47 150
467 25 30 148
467 30 4 100
467 7 10 148
468 4 17 150
468 4 18 3
468 36 47 150
468 36 48 2
468 49 47 100
468 23 30 150
468 37 10 100
468 37 30 99
468 40 47 99
468 6 30 100
468 1 4 150
468 1 10 99
468 1 30 150
468 8 10 100
468 14 4 100
468 14 17 148
468 14 47 150
468 48 17 22
468 48 47 150
468 11 10 99
468 11 47 100
469 48 30 99
469 48 47 150
469 48 48 2
469 27 10 100
469 27 47 100
469 10 4 150
469 10 47 150
469 38 30 148
469 38 47 148
469 21 4 150
469 21 47 99
469 26 10 100
469 26 47 148
469 5 30 26
469 30 4 100
469 29 4 148
469 2 10 150
469 2 47 150
470 42 17 26
470 0 4 100
470 15 47 100
470 37 10 100
470 3 4 150
470 18 4 150
470 21 4 150
470 21 18 3
470 12 47 150
470 14 4 100
470 14 47 150
470 31 47 150
470 39 47 99
470 43 10 100
471 42 17 26
471 29 4 148
471 47 47 150
471 7 10 148
471 25 18 3
471 28 47 99
471 40 47 99
471 31 47 150
471 18 4 72
472 2 10 150
472 2 47 150
472 7 10 148
472 26 10 100
472 26 18 2
472 1 10 99
472 46 18 1
472 40 47 99
472 47 47 150
472 28 47 99
472 14 47 150
472 39 47 99
473 10 47 150
473 35 10 99
473 44 10 150
473 44 47 100
473 26 10 100
473 26 18 2
473 42 17 26
473 38 47 148
473 40 47 99
473 7 10 148
473 16 18 1
473 41 10 99
474 17 10 150
474 36 47 150
474 1 10 99
474 31 47 150
474 8 10 100
474 21 18 3
474 37 10 100
474 43 10 100
474 43 17 24
474 26 47 148
475 13 18 3
475 38 47 148
475 17 10 150
475 42 17 2
475 21 47 99
475 26 10 100
475 26 47 148
475 39 47 99
475 39 48 2
475 44 10 150
475 44 47 100
475 28 47 99
475 11 10 99
475 11 47 100
476 11 10 99
476 11 47 100
476 12 9 36
476 16 18 3
476 40 47 99
476 28 47 99
476 31 47 150
476 49 47 100
477 11 10 99
477 11 47 100
477 43 10 100
477 48 47 150
477 12 9 36
477 40 47 99
477 25 18 3
477 14 47 150
477 41 10 99
477 10 47 150
478 42 9 36
478 16 18 3
478 35 10 99
478 43 10 100
478 38 47 148
478 27 10 100
478 27 47 100
478 12 47 150
478 49 47 100
479 20 9 36
479 42 47 99
479 49 47 100
479 40 47 99
479 44 10 150
479 44 47 100
479 27 10 100
479 27 47 100
479 47 47 150
479 28 47 99
479 36 47 150
480 34 18 3
480 43 10 100
480 44 10 150
480 44 47 100
480 48 47 150
480 48 48 2
480 38 47 148
480 15 47 100
480 49 47 100
481 28 47 99
481 41 10 99
481 21 47 99
481 38 47 148
481 37 10 100
481 15 47 100
481 42 47 99
481 31 47 150
481 1 10 99
481 17 10 150
481 36 47 150
481 36 48 2
482 35 10 99
482 15 47 100
482 10 47 150
482 47 47 150
482 43 10 100
482 43 17 24
482 2 10 150
482 2 47 150
482 21 47 99
482 37 10 100
483 44 10 150
483 44 47 100
483 10 47 150
483 45 17 2
483 9 18 3
483 47 47 150
483 37 10 100
483 15 47 100
483 8 10 100
483 39 47 99
483 28 47 99
484 4 17 24
484 28 47 99
484 5 17 2
484 36 47 150
484 15 47 100
484 2 10 150
484 2 47 150
484 48 47 150
484 8 10 100
485 48 47 150
485 28 47 99
485 35 10 99
485 38 9 36
485 49 47 100
485 47 47 150
485 41 10 99
486 38 9 36
486 49 47 100
486 17 10 150
486 35 10 99
486 31 47 150
486 39 47 99
486 48 47 150
486 44 10 150
486 44 47 100
486 8 10 100
487 14 17 24
487 31 47 150
487 15 47 100
487 48 17 2
487 49 47 100
487 39 47 99
487 43 10 100
487 26 10 100
487 26 47 148
487 35 10 99
487 36 47 150
487 21 47 99
487 41 10 99
488 10 47 150
488 1 9 36
488 26 18 2
488 49 47 100
488 40 47 99
488 14 47 150
488 4 18 1
488 28 47 99
489 14 9 36
489 40 47 99
489 47 47 150
489 28 47 99
489 36 47 150
489 9 18 3
489 2 47 150
490 27 10 76
497 48 48 2
497 49 47 100
497 37 10 1
497 21 47 99
498 5 17 26
498 38 47 148
498 14 47 150
498 39 47 99
499 48 47 150
499 9 9 36
499 38 47 56
501 37 10 1
504 49 30 56
516 9 9 36
516 40 47 99
516 42 47 99
517 31 47 150
517 38 30 148
517 38 47 148
517 49 30 56
517 21 47 99
517 44 47 100
517 14 17 24
517 27 17 2
517 48 47 56
538 5 30 100
538 37 30 3
543 47 47 150
543 26 47 148
543 10 47 150
544 27 10 76
544 15 47 100
544 47 47 150
544 47 48 4
544 28 47 99
544 21 47 99
544 49 47 100
544 12 47 6
546 26 47 148
546 38 47 148
546 28 47 99
546 42 47 99
546 15 47 100
546 12 47 150
546 10 47 150
547 31 47 150
547 39 47 99
547 12 9 36
548 5 30 54
