216 8 2 99
216 8 8 150
216 8 19 99
216 8 24 150
216 8 37 99
216 8 38 150
219 8 2 99
219 8 8 150
219 8 19 99
219 8 24 150
219 8 37 99
219 8 38 150
220 8 2 99
220 8 8 150
220 8 19 99
220 8 24 150
220 8 37 99
220 8 38 150
221 8 2 99
221 8 8 150
221 8 19 99
221 8 24 150
221 8 37 99
221 8 38 150
222 8 2 99
222 8 8 150
222 8 19 99
222 8 24 150
222 8 37 99
222 8 38 150
228 8 2 99
228 8 8 150
228 8 19 99
228 8 24 150
228 8 37 99
228 8 38 150
229 8 2 99
229 8 8 150
229 8 19 99
229 8 24 150
229 8 37 99
229 8 38 150
233 8 2 99
233 8 8 150
233 8 19 99
233 8 24 150
233 8 37 99
233 8 38 150
242 8 2 99
242 8 8 150
242 8 19 99
242 8 24 150
242 8 37 99
242 8 38 150
243 8 2 99
243 8 8 150
243 8 19 99
243 8 24 150
243 8 37 99
243 8 38 150
245 8 2 99
245 8 8 150
245 8 19 99
245 8 24 150
245 8 37 99
245 8 38 150
247 8 2 99
247 8 8 150
247 8 19 99
247 8 24 150
247 8 37 99
247 8 38 150
249 8 2 99
249 8 8 150
249 8 19 99
249 8 24 150
249 8 37 99
249 8 38 150
250 8 2 99
250 8 8 150
250 8 19 99
250 8 24 150
250 8 37 99
250 8 38 150
252 8 2 99
252 8 8 150
252 8 19 99
252 8 24 150
252 8 37 99
252 8 38 150
254 8 2 99
254 8 8 150
254 8 19 99
254 8 24 150
254 8 37 99
254 8 38 150
255 8 2 99
255 8 8 150
255 8 19 99
255 8 24 150
255 8 37 99
255 8 38 150
267 8 2 99
267 8 8 150
267 8 19 99
267 8 24 150
267 8 37 99
267 8 38 150
268 8 2 99
268 8 8 150
268 8 19 99
268 8 24 150
268 8 37 99
268 8 38 150
270 8 2 99
270 8 8 150
270 8 19 99
270 8 24 150
270 8 37 99
270 8 38 150
271 8 2 99
271 8 8 150
271 8 19 99
271 8 24 150
271 8 37 99
271 8 38 150
275 8 2 99
275 8 8 150
275 8 19 99
275 8 24 150
275 8 37 99
275 8 38 150
276 8 2 99
276 8 8 150
276 8 19 99
276 8 24 150
276 8 37 99
276 8 38 150
279 8 2 99
279 8 8 150
279 8 19 99
279 8 24 150
279 8 37 99
279 8 38 150
280 8 2 99
280 8 8 150
280 8 19 99
280 8 24 150
280 8 37 99
280 8 38 150
282 8 2 99
282 8 8 150
282 8 19 99
282 8 24 150
282 8 37 99
282 8 38 150
283 8 2 99
283 8 8 150
283 8 19 99
283 8 24 150
283 8 37 99
283 8 38 150
289 8 2 99
289 8 8 150
289 8 19 99
289 8 24 150
289 8 37 99
289 8 38 150
290 8 2 99
290 8 8 150
290 8 19 99
290 8 24 150
290 8 37 99
290 8 38 150
291 8 2 99
291 8 8 150
291 8 19 99
291 8 24 150
291 8 37 99
291 8 38 150
295 8 2 99
295 8 8 150
295 8 19 99
295 8 24 150
295 8 37 99
295 8 38 150
296 8 2 99
296 8 8 150
296 8 19 99
296 8 24 150
296 8 37 99
296 8 38 150
300 8 2 99
300 8 8 150
300 8 19 99
300 8 24 150
300 8 37 99
300 8 38 150
306 8 2 99
306 8 8 150
306 8 19 99
306 8 24 150
306 8 37 99
306 8 38 150
307 8 2 99
307 8 8 150
307 8 19 99
307 8 24 150
307 8 37 99
307 8 38 150
315 8 2 99
315 8 8 150
315 8 19 99
315 8 24 150
315 8 37 99
315 8 38 150
316 8 2 99
316 8 8 150
316 8 19 99
316 8 24 150
316 8 37 99
316 8 38 150
319 8 2 99
319 8 8 150
319 8 19 99
319 8 24 150
319 8 37 99
319 8 38 150
320 8 2 99
320 8 8 150
320 8 19 99
320 8 24 150
320 8 37 99
320 8 38 150
321 8 2 99
321 8 8 150
321 8 19 99
321 8 24 150
321 8 37 99
321 8 38 150
322 8 2 99
322 8 8 150
322 8 19 99
322 8 24 150
322 8 37 99
322 8 38 150
324 8 2 99
324 8 8 150
324 8 19 99
324 8 24 150
324 8 37 99
324 8 38 150
327 8 2 99
327 8 8 150
327 8 19 99
327 8 24 150
327 8 37 99
327 8 38 150
330 8 2 99
330 8 8 150
330 8 19 99
330 8 24 150
330 8 37 99
330 8 38 150
332 8 2 99
332 8 8 150
332 8 19 99
332 8 24 150
332 8 37 99
332 8 38 150
335 8 2 99
335 8 8 150
335 8 19 99
335 8 24 150
335 8 37 99
335 8 38 150
340 8 2 99
340 8 8 150
340 8 19 99
340 8 24 150
340 8 37 99
340 8 38 150
343 8 2 99
343 8 8 150
343 8 19 99
343 8 24 150
343 8 37 99
343 8 38 150
344 8 2 99
344 8 8 150
344 8 19 99
344 8 24 150
344 8 37 99
344 8 38 150
349 8 2 99
349 8 8 150
349 8 19 99
349 8 24 150
349 8 37 99
349 8 38 150
354 8 2 99
354 8 8 150
354 8 19 99
354 8 24 150
354 8 37 99
354 8 38 150
356 8 2 99
356 8 8 150
356 8 19 99
356 8 24 150
356 8 37 99
356 8 38 150
362 8 2 99
362 8 8 150
362 8 19 99
362 8 24 75
362 8 38 150
461 13 13 150
461 13 38 150
461 13 40 100
461 41 28 148
461 41 41 150
461 25 11 150
461 25 13 150
461 25 20 100
461 25 22 150
461 25 25 99
461 25 26 150
461 25 30 150
461 25 41 100
461 25 43 150
461 25 47 99
461 25 49 150
461 26 2 100
461 26 4 100
461 26 8 100
461 26 13 150
461 26 18 148
461 26 20 99
461 26 26 150
461 26 28 100
461 26 37 99
461 1 4 99
461 1 8 148
461 1 11 150
461 1 18 100
461 1 22 150
461 1 25 150
461 1 26 100
461 1 29 150
461 1 40 100
461 1 43 150
461 1 47 100
461 48 2 100
461 48 20 150
461 48 22 150
461 48 23 96
461 48 43 100
461 23 11 99
461 23 17 48
461 23 19 100
461 23 25 150
461 23 37 99
461 23 38 150
461 23 41 100
461 23 43 100
461 30 4 100
461 30 8 99
461 30 41 150
461 30 47 99
461 30 49 150
461 8 2 99
461 8 8 150
461 8 19 99
461 8 37 99
461 8 38 150
461 5 13 150
461 5 19 150
461 5 22 100
461 5 26 150
461 5 30 100
461 5 49 100
461 11 4 150
461 11 18 100
461 11 20 150
461 11 25 150
461 11 26 100
461 11 40 150
461 31 4 150
461 31 13 99
461 31 18 100
461 31 20 150
461 31 25 99
461 31 41 148
461 15 2 150
461 15 11 100
461 15 41 148
461 15 43 99
461 20 29 150
461 20 30 100
461 20 38 150
461 20 43 148
461 20 49 150
461 43 20 100
461 43 25 100
461 18 18 100
461 18 19 150
461 18 28 100
461 18 30 150
461 18 38 100
461 18 40 150
462 49 4 148
462 49 18 99
462 49 30 150
462 49 37 100
462 49 38 150
462 49 43 148
462 49 49 100
462 45 2 150
462 45 18 100
462 45 41 150
462 45 43 100
462 45 49 148
462 46 40 148
462 37 4 99
462 37 8 150
462 37 13 99
462 37 18 100
462 37 19 150
462 37 28 12
462 37 43 150
462 22 11 99
462 22 19 150
462 22 25 99
462 22 38 100
462 29 11 150
462 29 18 100
462 29 20 150
462 29 22 100
462 29 25 150
462 29 41 99
462 5 13 150
462 5 19 150
462 5 22 100
462 5 26 150
462 5 30 100
462 5 49 100
462 26 2 100
462 26 4 100
462 26 8 100
462 26 13 150
462 26 18 148
462 26 20 99
462 26 26 150
462 26 37 99
462 13 13 150
462 13 38 150
462 13 40 100
462 31 4 150
462 31 13 99
462 31 18 100
462 31 20 150
462 31 25 99
462 31 41 148
462 12 4 150
462 12 11 150
462 12 20 150
462 12 30 100
462 12 38 150
462 12 40 100
462 12 47 99
462 21 2 100
462 21 20 100
462 21 22 100
462 21 25 150
462 21 29 150
462 21 30 100
462 28 4 150
462 28 18 100
462 28 19 150
462 28 22 100
462 28 29 148
462 28 38 150
462 28 41 99
462 28 43 100
462 36 2 100
462 36 4 150
462 36 8 148
462 36 40 99
462 36 47 150
462 14 29 100
462 14 38 150
462 14 41 99
462 4 8 150
462 4 19 100
462 4 43 100
463 9 13 100
463 9 19 100
463 9 49 148
463 47 11 100
463 47 20 148
463 47 26 99
463 47 43 100
463 28 4 150
463 28 18 100
463 28 19 150
463 28 22 100
463 28 29 148
463 28 38 150
463 28 41 99
463 28 43 100
463 5 13 150
463 5 19 150
463 5 22 100
463 5 26 150
463 5 30 100
463 5 49 100
463 46 40 148
463 0 4 100
463 0 20 148
463 0 25 150
463 0 29 150
463 0 37 150
463 0 41 148
463 7 8 100
463 7 18 100
463 7 20 148
463 7 25 100
463 7 38 100
463 7 43 150
463 7 49 148
463 14 29 100
463 14 38 150
463 14 41 99
463 4 8 150
463 4 19 100
463 4 43 100
463 19 8 150
463 19 19 150
463 19 20 99
463 19 22 148
463 19 30 150
463 19 37 150
463 19 38 100
463 19 43 150
463 19 49 99
463 21 2 100
463 21 20 100
463 21 22 100
463 21 25 150
463 21 29 150
463 21 30 100
463 16 20 99
463 16 25 100
463 16 26 148
463 16 49 100
463 18 18 100
463 18 19 150
463 18 30 150
463 18 38 100
463 18 40 150
463 26 2 100
463 26 4 100
463 26 8 100
463 26 13 150
463 26 18 148
463 26 20 99
463 26 26 150
463 26 37 99
463 17 4 148
463 17 19 150
463 17 22 100
463 17 29 100
463 17 30 150
463 17 43 100
463 6 4 100
463 6 11 148
463 6 25 46
463 6 40 150
463 6 47 100
464 30 4 100
464 30 8 99
464 30 41 150
464 30 47 99
464 30 49 150
464 17 4 148
464 17 19 150
464 17 22 100
464 17 29 100
464 17 30 150
464 17 43 100
464 34 22 150
464 34 26 99
464 34 30 100
464 34 43 150
464 8 2 99
464 8 8 150
464 8 19 99
464 8 37 99
464 8 38 150
464 29 11 150
464 29 18 100
464 29 20 150
464 29 22 100
464 29 41 99
464 4 8 150
464 4 19 100
464 4 43 100
464 19 8 150
464 19 19 150
464 19 20 57
464 19 30 150
464 19 37 150
464 19 38 100
464 19 43 150
464 19 49 99
464 10 2 100
464 10 29 150
464 49 4 148
464 49 18 99
464 49 30 150
464 49 37 100
464 49 38 150
464 49 43 148
464 49 49 100
464 36 2 100
464 36 4 150
464 36 8 148
464 36 40 99
464 36 47 150
464 3 11 99
464 3 18 150
464 3 40 100
464 3 47 148
464 40 2 100
464 40 8 99
464 40 11 100
464 40 13 115
464 15 11 100
464 15 41 148
464 15 43 99
464 25 11 150
464 25 20 2
464 25 26 150
464 25 30 150
464 25 41 100
464 25 43 150
464 25 47 99
464 25 49 150
464 7 8 100
464 7 18 100
464 7 38 100
464 7 43 150
464 7 49 148
464 27 30 150
464 27 37 150
464 27 43 150
464 27 47 150
464 27 49 99
465 24 41 150
465 24 47 100
465 44 11 150
465 44 22 148
465 44 41 100
465 45 2 150
465 45 18 100
465 45 41 150
465 45 43 100
465 45 49 148
465 49 4 148
465 49 18 99
465 49 30 150
465 49 37 100
465 49 38 150
465 49 43 148
465 49 49 100
465 37 4 99
465 37 8 150
465 37 18 100
465 37 19 150
465 37 41 100
465 37 43 150
465 47 11 100
465 47 26 99
465 47 43 100
465 13 38 150
465 13 40 100
465 10 2 100
465 10 29 150
465 33 2 100
465 33 18 99
465 33 37 100
465 33 40 150
465 22 11 99
465 22 19 150
465 22 38 100
465 46 40 148
465 3 11 99
465 3 18 150
465 3 40 100
465 3 47 148
465 27 30 150
465 27 37 150
465 27 43 150
465 27 47 150
465 27 49 99
465 1 4 99
465 1 8 148
465 1 11 150
465 1 18 100
465 1 22 150
465 1 26 100
465 1 29 150
465 1 40 100
465 1 43 150
465 1 47 100
465 31 4 150
465 31 18 100
465 31 41 148
465 48 2 100
465 48 22 150
465 48 37 100
465 48 43 100
466 8 2 99
466 8 8 150
466 8 19 99
466 8 37 99
466 8 38 150
466 42 37 100
466 42 47 100
466 47 11 100
466 47 26 99
466 47 43 100
466 23 11 99
466 23 18 150
466 23 19 100
466 23 37 99
466 23 38 150
466 23 41 100
466 23 43 100
466 25 11 150
466 25 22 150
466 25 26 150
466 25 30 150
466 25 41 100
466 25 43 150
466 25 47 99
466 25 49 150
466 31 4 150
466 31 18 100
466 31 41 148
466 46 40 148
466 13 38 150
466 13 40 100
466 6 4 100
466 6 11 148
466 6 26 99
466 6 40 150
466 6 47 100
466 5 19 150
466 5 22 100
466 5 26 150
466 5 30 100
466 5 49 100
466 11 4 128
466 11 26 100
466 11 40 150
466 29 11 150
466 29 18 100
466 29 22 100
466 29 41 99
466 7 8 100
466 7 18 100
466 7 38 100
466 7 43 150
466 7 49 148
466 34 22 150
466 34 26 9
466 34 43 150
466 41 41 150
466 28 18 100
466 28 19 150
466 28 22 100
466 28 29 148
466 28 38 150
466 28 41 99
466 28 43 100
467 27 30 150
467 27 37 150
467 27 43 150
467 27 47 150
467 27 49 99
467 5 19 150
467 5 22 100
467 5 30 100
467 5 49 100
467 11 18 100
467 11 40 150
467 22 11 99
467 22 19 150
467 22 38 100
467 45 2 150
467 45 18 100
467 45 41 150
467 45 43 100
467 45 49 148
467 42 37 100
467 42 47 100
467 49 18 99
467 49 30 150
467 49 37 100
467 49 38 150
467 49 43 148
467 49 49 100
467 19 8 150
467 19 19 150
467 19 22 148
467 19 30 150
467 19 37 150
467 19 38 100
467 19 43 150
467 19 49 99
467 1 8 148
467 1 11 150
467 1 18 100
467 1 22 150
467 1 29 150
467 1 40 100
467 1 43 150
467 1 47 100
467 30 8 99
467 30 41 150
467 30 47 99
467 30 49 150
467 44 11 150
467 44 22 148
467 44 41 100
467 24 41 150
467 24 47 100
467 8 2 99
467 8 8 150
467 8 19 99
467 8 37 99
467 8 38 150
467 48 2 100
467 48 37 100
467 48 43 100
467 47 11 100
467 47 43 100
467 14 29 100
467 14 38 150
467 14 41 99
468 42 37 100
468 42 47 100
468 6 11 148
468 6 40 130
468 49 18 99
468 49 30 150
468 49 37 100
468 49 38 150
468 49 43 148
468 49 49 100
468 48 2 100
468 48 37 100
468 48 43 100
468 13 38 150
468 23 11 99
468 23 18 150
468 23 19 100
468 23 37 99
468 23 38 150
468 23 41 100
468 23 43 100
468 47 11 100
468 47 43 100
468 20 29 150
468 20 30 100
468 20 38 150
468 20 43 148
468 20 49 150
468 35 2 150
468 35 8 100
468 35 11 99
468 35 18 150
468 35 19 100
468 35 43 148
468 16 49 100
468 4 8 150
468 4 19 100
468 4 43 100
468 3 11 99
468 3 18 150
468 3 47 148
468 37 8 150
468 37 18 100
468 37 19 150
468 37 41 100
468 37 43 150
468 33 2 100
468 33 18 99
468 33 37 100
468 15 2 150
468 15 11 100
468 15 41 148
468 15 43 99
468 12 11 150
468 12 30 100
468 12 38 150
468 12 47 99
469 27 30 150
469 27 37 150
469 27 43 150
469 27 47 150
469 27 49 99
469 19 8 150
469 19 19 150
469 19 30 150
469 19 37 150
469 19 38 100
469 19 43 150
469 19 49 99
469 25 11 150
469 25 30 150
469 25 41 100
469 25 43 150
469 25 47 99
469 25 49 150
469 14 29 100
469 14 38 150
469 14 41 99
469 49 18 99
469 49 30 150
469 49 37 100
469 49 38 150
469 49 43 148
469 49 49 100
469 42 37 100
469 42 47 100
469 15 2 150
469 15 11 100
469 15 41 148
469 15 43 99
469 10 2 100
469 10 29 150
469 7 8 100
469 7 18 100
469 7 38 100
469 7 43 150
469 7 49 148
469 5 19 150
469 5 30 100
469 5 49 100
469 29 11 150
469 29 18 100
469 29 41 99
469 1 8 148
469 1 11 150
469 1 18 100
469 1 29 14
469 1 47 100
469 6 11 148
469 6 47 100
469 17 19 150
469 17 30 150
469 17 43 100
469 48 2 100
469 48 37 100
469 48 43 100
469 34 30 100
469 34 43 150
470 21 2 100
470 21 30 100
470 9 19 100
470 9 49 148
470 17 19 150
470 17 30 150
470 17 43 100
470 14 38 150
470 14 41 99
470 26 2 100
470 26 8 100
470 26 18 148
470 26 37 99
470 37 8 128
470 37 19 150
470 37 41 100
470 37 43 150
470 5 19 150
470 5 30 100
470 5 49 100
470 33 2 100
470 33 18 99
470 33 37 100
470 45 2 150
470 45 18 100
470 45 41 150
470 45 43 100
470 45 49 148
470 41 41 150
470 4 19 100
470 4 43 100
470 20 30 100
470 20 38 150
470 20 43 148
470 20 49 150
470 24 41 150
470 24 47 100
470 7 18 100
470 7 38 100
470 7 43 150
470 7 49 148
470 19 19 150
470 19 30 150
470 19 37 150
470 19 38 100
470 19 43 150
470 19 49 99
471 38 18 100
471 38 30 99
471 38 47 150
471 1 11 150
471 1 18 100
471 1 43 150
471 1 47 100
471 35 2 150
471 35 11 99
471 35 18 150
471 35 19 100
471 35 43 148
471 29 11 150
471 29 18 100
471 29 41 99
471 27 30 146
471 27 43 150
471 27 47 150
471 27 49 99
471 26 2 100
471 26 18 148
471 26 37 99
471 0 37 150
471 0 41 148
471 40 2 100
471 40 11 100
471 12 11 150
471 12 30 1
471 12 47 99
471 10 2 100
471 48 2 100
471 48 37 100
471 48 43 100
471 32 2 100
471 32 19 100
471 32 49 100
471 7 18 100
471 7 38 100
471 7 43 150
471 7 49 148
471 16 49 100
472 10 2 100
472 42 37 100
472 42 47 100
472 26 2 100
472 26 18 148
472 26 37 99
472 47 11 100
472 47 43 100
472 0 37 150
472 0 41 148
472 7 18 100
472 7 38 100
472 7 43 150
472 7 49 148
472 17 19 150
472 17 43 100
472 22 11 99
472 22 19 150
472 22 38 34
472 30 47 99
472 30 49 150
472 38 18 100
472 38 47 150
472 4 19 100
472 4 43 100
472 27 37 150
472 27 43 150
472 27 47 150
472 27 49 99
472 34 43 150
472 31 18 100
472 31 41 148
472 12 11 150
472 12 47 99
473 3 11 99
473 3 18 150
473 3 47 148
473 47 11 100
473 47 43 100
473 17 19 150
473 17 43 100
473 1 11 150
473 1 18 100
473 1 43 150
473 1 47 100
473 23 11 99
473 23 18 150
473 23 19 100
473 23 37 99
473 23 41 100
473 23 43 100
473 41 41 150
473 18 18 100
473 18 19 150
473 15 2 150
473 15 11 100
473 15 41 148
473 15 43 99
473 32 2 100
473 32 19 100
473 32 49 100
473 25 11 150
473 25 41 100
473 25 43 150
473 25 47 99
473 25 49 150
473 40 2 100
473 40 11 100
473 38 18 100
473 38 47 150
473 8 2 99
473 8 19 99
473 8 37 99
473 4 19 100
473 4 43 100
473 27 37 150
473 27 43 150
473 27 47 150
473 27 49 99
474 23 11 99
474 23 18 150
474 23 19 100
474 23 37 99
474 23 41 100
474 23 43 100
474 37 18 100
474 37 19 150
474 37 41 100
474 37 43 150
474 25 11 150
474 25 41 56
474 25 47 99
474 25 49 150
474 22 11 99
474 22 19 150
474 24 41 3
474 39 18 150
474 39 19 100
474 39 26 1
474 39 49 100
474 31 18 100
474 49 18 99
474 49 37 100
474 49 43 148
474 49 49 100
474 26 2 100
474 26 18 148
474 26 37 99
474 40 2 100
474 40 11 100
474 4 19 100
474 4 43 100
474 29 11 150
474 29 18 100
474 15 2 150
474 15 11 100
474 15 43 99
474 7 18 100
474 7 43 150
474 7 49 148
474 0 37 150
474 44 11 150
475 33 2 100
475 33 18 99
475 33 37 100
475 23 11 99
475 23 18 150
475 23 19 100
475 23 37 99
475 23 43 100
475 17 19 150
475 17 43 100
475 44 11 150
475 40 2 100
475 40 11 100
475 9 19 100
475 9 49 148
475 24 47 100
475 21 2 100
475 34 43 150
475 19 19 150
475 19 37 150
475 19 43 150
475 19 49 99
475 30 47 99
475 30 49 150
475 45 2 150
475 45 18 100
475 45 43 100
475 45 49 148
475 7 18 100
475 7 43 150
475 7 49 148
475 42 37 100
475 42 47 100
476 19 19 150
476 19 37 150
476 19 43 150
476 19 49 99
476 40 2 100
476 40 11 100
476 8 2 99
476 8 19 99
476 8 37 99
476 5 19 150
476 5 49 100
476 28 18 100
476 28 19 150
476 28 43 100
476 36 2 100
476 36 47 150
476 7 18 100
476 7 43 80
476 11 18 100
476 2 18 100
476 2 47 150
476 2 49 100
476 16 49 100
476 39 18 150
476 39 19 100
476 39 37 100
476 39 49 100
476 22 11 99
476 22 19 150
476 47 11 100
476 42 37 100
476 42 47 100
476 15 2 150
476 15 11 100
477 31 18 100
477 20 49 150
477 16 49 100
477 42 37 100
477 42 47 100
477 39 18 150
477 39 19 100
477 39 37 100
477 39 49 100
477 19 19 150
477 19 37 150
477 19 49 99
477 30 47 99
477 30 49 150
477 32 2 100
477 32 19 100
477 32 49 100
477 4 19 100
477 6 11 148
477 6 47 100
477 0 37 150
477 44 11 46
478 42 37 100
478 42 47 100
478 30 47 99
478 30 49 150
478 36 2 100
478 36 47 150
478 28 18 100
478 28 19 150
478 10 2 100
478 21 2 100
478 2 18 100
478 2 47 150
478 2 49 100
478 15 2 150
478 31 18 100
478 27 37 150
478 27 47 150
478 27 49 99
478 40 2 100
478 45 2 150
478 45 18 100
478 45 49 148
478 49 18 99
478 49 37 100
478 49 49 100
479 20 49 150
479 9 19 100
479 9 49 148
479 19 19 150
479 19 37 150
479 19 49 99
479 18 18 100
479 18 19 150
479 5 19 150
479 5 49 100
479 10 2 100
479 27 37 150
479 27 47 150
479 27 49 99
479 45 2 150
479 45 18 100
479 45 49 148
479 11 18 100
479 23 18 150
479 23 19 100
479 23 37 99
479 17 19 150
479 36 2 100
479 36 47 150
479 24 47 100
479 37 18 100
479 37 19 150
479 48 2 100
479 48 37 100
479 40 2 100
480 24 47 100
480 18 18 100
480 18 19 150
480 45 2 150
480 45 18 100
480 45 49 148
480 11 18 100
480 36 2 100
480 36 47 150
480 22 19 150
480 27 37 150
480 27 47 150
480 27 49 99
480 20 49 150
480 39 18 150
480 39 19 100
480 39 37 100
480 39 49 100
480 28 18 100
480 28 19 150
480 26 2 100
480 26 18 148
480 26 37 99
480 35 2 150
480 35 18 150
480 35 19 100
481 5 19 150
481 5 49 100
481 37 18 100
481 37 19 150
481 2 18 100
481 2 47 150
481 2 49 100
481 15 2 150
481 19 19 150
481 19 37 150
481 19 49 99
481 12 47 99
481 21 2 100
481 28 18 100
481 28 19 150
481 49 18 99
481 49 37 100
481 49 49 100
481 7 18 100
481 7 49 148
481 9 19 100
481 9 49 148
481 10 2 100
481 39 18 150
481 39 19 100
481 39 37 100
481 39 49 100
482 29 18 100
482 5 19 150
482 5 49 100
482 16 49 100
482 0 37 150
482 26 2 100
482 26 18 148
482 26 37 99
482 7 18 100
482 7 49 148
482 36 2 100
482 36 47 150
482 28 18 100
482 28 19 150
482 31 18 100
482 37 18 100
482 37 19 150
482 12 47 99
482 1 18 100
482 1 47 100
482 4 19 100
482 33 2 100
482 33 18 99
482 33 37 100
482 18 18 100
482 18 19 150
483 17 19 150
483 12 47 99
483 39 18 150
483 39 19 100
483 39 37 100
483 39 49 100
483 40 2 100
483 25 47 99
483 25 49 150
483 1 18 100
483 1 47 100
483 31 18 100
483 22 19 150
483 8 2 99
483 8 19 99
483 8 37 99
483 27 37 150
483 27 47 150
483 27 49 99
483 10 2 100
483 21 2 100
483 35 2 150
483 35 18 150
483 35 19 100
484 26 2 100
484 26 18 148
484 26 37 99
484 30 47 99
484 30 49 150
484 9 19 100
484 9 49 148
484 48 2 100
484 48 37 100
484 20 49 150
484 25 47 99
484 25 49 150
484 12 47 99
484 7 18 100
484 7 49 148
484 5 19 150
484 5 49 100
484 11 18 100
484 3 18 150
484 3 47 148
484 31 18 100
485 5 19 150
485 5 49 100
485 18 18 100
485 18 19 150
485 49 18 99
485 49 37 100
485 49 49 100
485 45 2 150
485 45 18 100
485 45 49 148
485 32 2 100
485 32 19 100
485 32 49 100
485 15 2 150
485 23 18 150
485 23 19 100
485 23 37 99
485 7 18 100
485 7 49 148
485 17 19 150
485 9 19 100
485 9 49 148
485 8 2 99
485 8 19 99
485 8 37 99
485 38 18 100
485 38 47 150
486 35 2 150
486 35 18 150
486 35 19 100
486 49 18 99
486 49 37 100
486 49 49 100
486 48 2 100
486 48 37 100
486 11 18 100
486 33 2 100
486 33 18 99
486 33 37 100
486 24 47 100
486 39 18 150
486 39 19 100
486 39 37 100
486 39 49 100
486 16 49 100
486 6 47 100
486 15 2 150
486 2 18 100
486 2 47 150
486 2 49 100
486 22 19 150
486 19 19 150
486 19 37 150
486 19 49 99
486 31 18 100
487 0 37 150
487 37 18 100
487 37 19 150
487 6 47 100
487 17 19 150
487 10 2 100
487 48 2 100
487 48 37 100
487 15 2 150
487 40 2 100
487 23 18 150
487 23 19 100
487 23 37 99
487 45 2 150
487 45 18 100
487 45 49 148
487 25 47 99
487 25 49 150
487 12 47 99
487 2 18 36
487 2 49 100
487 28 18 1
488 28 19 150
488 24 47 100
488 23 19 100
488 23 37 99
488 3 47 148
488 2 47 150
488 2 49 100
488 38 47 150
488 4 19 100
488 9 19 100
488 9 49 148
488 25 47 99
488 25 49 150
488 12 47 99
488 40 2 100
488 18 19 150
489 28 19 150
489 7 49 148
489 16 49 100
489 32 2 100
489 32 19 100
489 32 49 100
489 3 47 148
489 1 47 100
489 25 47 99
489 25 49 150
489 38 47 150
489 49 37 100
489 49 49 100
489 39 19 48
489 39 49 100
490 40 2 100
490 48 2 100
490 48 37 100
490 9 49 148
490 8 2 99
490 8 37 99
490 6 47 100
490 10 2 100
490 45 2 150
490 45 49 148
490 2 47 150
490 2 49 100
491 38 47 150
491 20 49 150
491 49 37 100
491 49 49 100
491 26 2 100
491 26 37 99
491 5 19 1
491 2 47 150
491 2 49 100
491 45 2 150
491 45 49 148
491 9 49 148
491 32 2 100
491 32 49 100
492 0 37 150
492 8 2 99
492 8 37 99
492 21 2 100
492 48 2 100
492 48 37 100
492 26 2 100
492 26 37 99
492 24 47 100
492 10 2 100
492 23 37 99
492 3 47 148
493 33 2 100
493 33 37 100
493 3 47 148
493 5 49 100
493 38 47 150
493 8 2 99
493 8 37 99
493 25 47 99
493 25 49 150
493 45 2 150
493 45 49 148
493 24 47 100
493 20 49 150
493 6 47 100
493 40 2 100
493 36 2 100
493 36 47 150
494 26 2 100
494 26 37 99
494 0 37 150
494 15 2 150
494 33 2 100
494 33 37 100
494 10 2 100
494 2 47 150
494 2 49 100
494 36 2 100
494 36 47 150
494 7 49 148
494 39 37 100
494 39 49 100
494 49 37 100
494 49 49 100
494 5 49 100
494 1 47 100
494 12 47 99
494 6 47 100
495 15 2 150
495 15 14 16
495 48 2 100
495 48 37 100
495 32 2 100
495 32 49 100
495 25 47 99
495 25 49 150
495 5 49 100
495 16 49 100
495 36 2 100
495 36 47 150
495 27 37 150
495 27 47 150
495 27 49 99
496 12 47 99
496 16 49 100
496 49 37 100
496 49 49 100
496 27 37 150
496 27 47 150
496 27 49 99
496 36 2 100
496 36 47 62
496 8 2 99
496 8 37 99
497 24 47 45
497 32 49 100
497 26 2 100
497 26 37 99
497 49 37 100
497 49 49 100
497 40 2 100
497 20 49 150
497 42 37 100
497 23 37 99
497 21 2 100
498 48 2 100
498 48 37 100
498 23 37 99
498 38 24 150
498 38 47 44
498 45 2 150
498 45 49 148
498 26 2 100
498 26 37 99
498 20 24 100
498 20 49 150
498 8 2 99
498 8 24 63
498 10 2 100
498 33 2 100
498 33 37 100
498 32 2 100
498 32 49 100
498 19 37 150
498 19 49 99
499 30 47 45
499 5 49 100
499 36 2 100
499 38 24 2
499 9 49 148
499 49 37 100
499 49 49 100
499 42 37 100
499 27 37 150
499 27 49 99
499 25 49 150
500 1 47 44
500 45 49 148
500 24 47 1
500 7 49 148
500 27 37 150
500 27 49 99
500 49 37 100
500 49 49 100
500 33 2 100
500 33 37 100
500 0 37 150
500 48 2 100
500 48 37 100
501 49 37 100
501 49 49 100
501 26 2 100
501 26 37 99
501 2 47 45
501 33 2 100
501 33 37 100
501 23 37 99
501 16 49 100
501 25 49 150
502 39 24 99
502 39 37 100
502 39 49 100
502 42 24 100
502 42 37 100
502 42 47 44
502 38 24 116
502 32 49 100
502 0 37 150
502 40 2 100
502 10 2 100
502 19 37 150
502 19 49 99
503 27 37 150
503 27 47 46
503 45 2 150
503 45 49 148
503 15 2 150
503 19 37 150
503 19 49 99
503 5 49 100
503 39 37 100
503 39 49 100
503 36 2 100
503 23 37 99
503 30 49 150
503 10 2 100
504 39 37 100
504 39 49 100
504 23 37 99
504 15 2 150
504 49 37 100
504 49 49 100
504 7 49 148
504 0 37 150
505 3 47 88
505 49 37 100
505 49 49 100
505 8 2 99
505 8 37 99
505 39 37 100
505 39 49 100
505 45 2 150
505 45 49 148
505 1 47 2
506 42 37 100
506 42 47 44
506 48 37 100
506 5 49 100
506 0 37 150
506 19 37 150
506 19 49 99
506 9 49 148
506 45 2 150
506 45 49 148
506 27 37 150
506 27 47 1
506 21 2 100
507 3 14 15
507 36 47 1
507 32 2 100
507 32 49 100
507 21 2 100
507 10 2 100
507 26 2 100
507 26 37 99
507 19 37 140
507 12 14 2
508 16 49 100
508 15 2 150
508 24 47 45
508 10 2 100
508 45 2 150
508 45 49 148
508 2 49 100
508 39 49 100
509 8 2 99
509 7 49 148
509 1 47 44
509 24 47 1
509 10 2 100
509 27 49 99
509 2 49 100
510 33 2 100
510 1 47 44
510 27 47 1
510 39 49 100
510 19 49 99
510 26 2 100
510 8 2 99
511 28 33 9
511 40 2 100
511 36 2 100
511 36 47 45
511 10 2 100
511 39 49 100
512 10 2 100
512 45 2 150
512 45 49 148
512 25 47 45
512 26 2 100
512 27 49 99
512 15 2 150
512 16 49 100
512 32 2 100
512 32 49 100
512 5 49 100
513 21 2 100
513 1 24 100
513 1 47 44
513 40 2 100
513 33 2 100
513 33 24 148
513 17 24 66
513 26 2 100
513 48 2 100
514 33 2 100
514 25 47 45
514 0 24 1
514 10 2 100
514 19 49 99
514 30 49 150
514 8 2 99
514 7 49 148
514 20 49 150
515 35 2 150
515 48 2 100
515 26 2 100
515 21 2 100
515 30 47 45
515 33 2 100
515 7 49 148
515 24 47 1
516 16 49 100
516 21 2 100
516 12 47 45
516 45 2 150
516 45 49 148
516 49 24 150
516 49 49 100
516 1 24 15
517 25 47 45
517 32 2 100
517 32 49 100
517 33 2 100
517 15 2 150
517 19 49 99
517 35 2 150
517 2 49 100
517 10 2 100
518 49 24 150
518 49 49 100
518 10 2 100
518 9 49 148
518 5 49 100
518 32 2 100
518 32 49 100
518 24 47 45
518 33 2 100
518 33 24 12
519 20 49 150
519 26 2 100
519 48 2 100
519 35 2 150
519 42 47 44
519 10 2 100
519 27 47 1
519 45 2 150
519 45 49 148
519 33 2 100
519 32 2 100
519 32 49 100
520 7 49 148
520 19 49 99
520 6 47 44
520 16 49 100
520 24 47 1
520 49 49 100
520 8 2 99
520 35 2 150
521 21 2 100
521 8 2 99
521 2 47 45
521 36 2 100
521 32 2 100
521 32 49 100
521 16 49 100
521 7 49 148
521 35 2 150
522 7 49 148
522 6 47 44
522 25 49 150
522 49 24 150
522 49 49 100
522 48 2 100
522 19 49 99
522 39 24 99
522 39 49 100
522 1 24 66
522 20 49 150
523 36 2 100
523 36 47 45
523 48 2 100
523 21 2 100
523 40 2 100
524 3 47 44
524 16 49 100
524 9 49 148
524 48 2 100
524 45 2 150
524 45 49 148
524 35 2 150
524 39 49 100
524 49 49 100
524 40 2 100
525 21 2 100
525 19 49 99
525 6 47 44
525 32 49 100
525 33 2 100
525 16 49 100
525 45 2 150
525 45 49 148
525 24 47 1
526 1 47 44
526 49 49 100
526 27 47 1
526 20 49 1
526 40 2 100
527 10 2 100
527 45 2 150
527 3 47 44
527 40 2 100
528 33 2 100
528 33 24 148
528 26 2 100
528 25 47 45
528 20 24 16
528 38 24 1
528 10 2 100
529 48 2 100
529 45 2 150
529 8 2 99
529 21 2 100
529 32 2 100
529 1 47 46
530 6 47 44
531 21 2 100
531 36 2 100
531 36 47 1
532 36 2 100
532 36 47 45
532 33 2 100
532 33 33 10
532 21 2 100
533 2 47 45
533 26 2 100
533 35 2 150
533 16 33 1
534 45 2 150
534 30 47 45
534 48 2 100
534 8 2 99
535 45 2 150
535 40 2 100
535 38 47 44
535 2 47 1
535 48 2 100
535 26 2 100
536 27 47 45
536 15 2 150
536 8 2 99
536 36 2 100
537 15 2 150
537 42 47 44
537 45 2 150
538 3 47 44
538 10 2 100
538 2 47 2
539 27 47 45
539 10 2 100
540 45 2 150
540 40 2 100
540 38 47 44
540 26 15 36
541 21 2 100
541 35 2 150
541 40 2 100
541 38 47 44
541 15 2 150
541 45 2 150
541 32 2 100
542 12 14 1
542 15 2 150
542 40 2 100
542 48 2 100
542 33 2 100
542 45 2 150
543 45 2 150
543 2 47 45
543 48 2 100
544 48 2 100
544 32 2 100
544 33 2 100
544 2 47 45
545 48 2 100
545 35 2 150
545 27 33 10
545 16 33 1
545 26 2 100
545 10 2 100
546 10 2 100
546 35 2 150
546 47 14 16
546 30 47 45
546 8 2 99
547 33 2 100
547 12 47 45
547 15 2 150
547 21 2 100
547 26 2 100
548 9 14 16
548 21 2 100
548 24 47 1
548 7 14 1
549 36 47 45
549 15 2 150
549 10 2 100
550 1 47 44
550 36 2 100
550 36 47 1
551 10 2 100
551 32 2 100
551 36 2 100
551 36 47 45
552 33 2 100
552 36 2 100
552 36 47 45
553 10 2 100
553 15 2 150
553 30 47 45
554 48 2 100
554 32 2 100
554 42 47 44
554 35 2 150
555 24 47 45
555 32 2 100
555 21 2 100
556 21 2 100
556 6 47 44
556 15 2 150
556 35 2 150
557 8 2 99
557 30 47 45
557 21 2 100
557 48 2 100
557 40 2 100
558 1 47 46
558 15 2 150
559 48 2 100
559 12 47 45
559 35 2 150
559 15 2 150
560 35 2 150
560 33 2 100
560 45 2 150
560 10 2 100
560 30 47 45
561 27 47 45
561 40 2 100
561 10 2 100
562 2 47 45
562 32 2 100
563 35 2 150
563 1 47 44
563 21 2 100
563 48 2 100
563 8 2 99
563 2 47 1
564 12 47 45
564 36 2 100
564 8 2 99
564 40 2 100
565 16 24 150
565 12 47 45
565 32 2 100
565 8 2 99
565 8 24 150
565 20 24 12
566 35 32 36
567 36 2 100
567 36 47 45
567 21 2 100
567 40 2 100
568 42 47 44
568 35 2 150
569 32 2 100
569 26 2 100
569 48 2 100
569 36 2 100
569 36 47 46
570 48 2 100
570 32 2 100
571 10 2 100
571 38 47 44
571 15 2 150
571 48 2 100
572 36 2 100
572 36 47 46
572 21 2 100
572 10 2 100
572 15 2 150
572 33 2 100
573 40 2 100
573 25 47 45
573 8 2 99
574 33 2 100
574 1 47 44
574 10 2 100
574 40 2 100
575 15 2 150
575 26 2 100
575 36 2 100
575 36 47 45
575 10 2 100
575 35 2 150
576 26 2 100
576 24 47 45
577 36 2 100
577 35 2 150
578 33 2 100
578 40 2 100
578 45 2 150
578 48 2 100
578 35 2 150
578 10 2 100
578 8 2 99
579 32 2 100
579 21 2 100
579 15 2 150
579 40 2 100
580 32 2 100
580 48 2 100
581 8 2 99
581 26 2 100
581 35 2 150
582 33 2 100
582 8 2 99
582 32 2 100
583 33 2 100
583 45 2 150
584 35 2 150
584 33 2 100
584 36 2 100
585 40 2 100
585 48 2 100
585 26 2 100
585 33 2 100
585 36 2 100
585 21 2 100
586 33 2 100
586 26 2 100
586 48 2 100
586 35 2 150
587 26 2 100
587 10 2 100
587 32 2 100
587 21 2 100
587 36 2 100
588 48 2 100
588 15 2 150
588 40 2 100
588 45 2 150
588 33 2 100
588 21 2 100
589 48 2 100
589 15 2 150
589 32 2 100
589 8 2 99
590 45 2 150
590 21 2 100
590 26 2 100
590 33 2 100
590 10 2 100
591 35 2 150
591 36 2 100
591 8 2 99
591 40 2 100
592 36 2 100
592 48 2 100
592 10 2 100
592 21 2 100
593 32 2 100
593 33 2 100
593 36 2 100
593 48 2 100
594 33 2 100
594 26 2 100
594 45 2 150
594 21 2 100
595 26 2 100
595 35 2 150
595 40 2 100
595 10 2 100
595 33 2 100
595 8 2 99
595 21 2 100
595 32 2 100
596 45 2 150
596 40 2 100
596 33 2 100
596 26 2 100
597 36 2 100
597 8 2 99
597 40 2 100
597 32 2 100
598 33 2 100
598 8 2 99
598 21 2 100
598 32 2 100
599 33 2 100
599 15 2 150
599 36 2 100
600 45 2 150
600 15 2 150
600 40 2 100
600 8 2 99
600 26 2 100
600 35 2 150
601 15 2 150
601 8 2 99
601 45 2 150
602 21 2 100
602 10 2 100
602 36 2 100
602 32 2 100
602 33 2 100
603 32 2 100
603 10 2 100
603 48 2 100
603 33 2 100
603 40 2 100
604 26 2 100
605 26 2 100
605 35 2 150
605 32 2 100
606 26 2 100
607 35 2 150
608 10 2 100
608 21 2 100
608 40 2 100
608 15 2 150
609 10 2 100
609 35 2 150
609 48 2 100
610 15 2 150
610 26 2 100
610 32 2 100
611 8 2 99
611 33 2 100
611 26 2 100
611 10 2 100
611 36 2 100
612 15 2 150
612 40 2 100
612 32 2 100
612 48 2 100
613 36 2 100
613 26 2 100
614 45 2 150
614 40 2 100
614 33 2 100
614 15 2 150
615 45 2 150
615 40 2 100
615 8 2 99
615 35 2 150
616 10 2 100
616 45 2 150
617 36 2 100
617 10 2 100
617 48 2 100
617 32 2 100
618 15 2 150
618 21 2 100
618 40 2 100
619 35 2 150
619 21 2 100
619 40 2 100
619 8 2 99
619 15 2 150
619 32 2 100
620 35 2 150
620 8 2 99
620 45 2 150
621 21 2 100
621 48 2 100
621 35 2 150
621 45 2 150
621 32 2 100
622 36 2 100
622 10 2 100
623 8 2 99
623 21 2 100
623 36 2 100
623 10 2 100
623 33 2 100
624 26 2 100
624 10 2 100
625 8 2 99
625 36 2 100
625 33 2 100
625 32 2 100
625 35 2 150
626 21 2 100
626 45 2 150
626 40 2 100
626 33 2 100
627 33 2 100
627 35 2 150
627 26 2 100
627 15 2 150
627 10 2 100
628 15 2 150
628 10 2 100
628 33 2 100
628 21 2 100
629 10 2 2802
631 26 2 100
632 35 2 150
632 26 2 100
632 10 2 2452
633 26 2 100
634 45 2 150
634 15 2 150
634 33 2 100
635 26 2 100
636 15 2 150
636 26 2 100
636 45 2 150
636 35 2 150
636 48 2 100
637 32 2 100
637 48 2 100
638 26 2 100
638 10 2 902
645 48 2 100
645 35 2 150
646 26 2 100
646 32 2 100
646 35 2 150
647 45 2 150
647 35 2 150
647 36 2 2
