2 41 21 100
3 9 23 150
3 39 23 150
3 45 38 148
3 43 38 100
4 37 41 100
4 0 29 99
4 7 41 99
4 16 41 100
5 46 38 150
6 29 22 100
6 29 41 150
6 5 36 100
6 5 37 148
6 21 37 100
6 21 38 148
6 21 49 100
6 7 41 99
6 44 36 100
6 41 21 100
6 39 36 150
7 16 38 150
7 16 41 100
7 10 7 100
7 10 26 100
7 10 39 100
7 10 45 100
7 20 7 150
7 20 44 100
7 26 7 150
7 2 36 150
7 41 13 100
8 38 36 99
8 38 38 150
8 38 44 150
8 23 36 99
8 43 41 148
8 46 29 100
8 17 41 99
8 6 32 100
9 7 41 99
9 19 11 100
9 19 37 148
9 6 41 150
9 1 37 150
9 39 21 100
9 10 7 100
9 10 38 148
9 17 41 99
9 16 41 100
9 26 31 100
10 38 44 150
10 29 41 150
10 37 41 100
10 41 21 100
10 32 7 150
10 33 7 148
10 33 38 100
10 23 7 150
11 19 45 150
11 14 38 148
11 14 47 100
11 23 20 100
11 35 45 99
11 40 20 150
11 37 41 100
12 6 32 100
12 40 37 99
12 21 37 100
12 43 38 100
13 11 21 150
13 31 20 99
13 4 20 100
13 26 45 150
14 6 45 99
14 38 38 150
14 38 45 99
14 48 37 99
14 31 37 100
14 1 37 150
14 23 27 99
15 43 21 150
15 43 38 100
15 43 45 99
15 44 38 150
15 22 29 100
15 38 45 99
15 2 39 100
16 17 41 99
16 43 37 150
16 43 38 100
16 43 41 148
16 21 22 148
16 21 37 100
16 22 4 100
16 4 13 100
17 23 31 100
17 23 36 99
17 22 1 100
17 22 36 99
17 12 22 100
17 31 38 148
17 16 41 100
17 13 1 99
17 14 36 150
17 45 41 150
18 16 41 100
18 24 1 99
18 24 41 148
18 24 43 100
18 35 1 150
18 35 36 100
18 35 43 99
18 6 41 150
18 33 38 100
18 30 1 100
18 21 1 99
18 21 33 100
19 19 37 148
19 19 45 150
19 16 37 100
19 16 38 150
19 16 41 100
19 7 35 150
19 10 45 100
20 19 45 150
20 27 32 99
20 41 21 100
20 41 47 100
20 2 39 100
21 3 23 99
21 6 41 150
21 4 13 100
21 39 21 100
21 39 23 150
21 9 23 150
21 31 38 148
21 16 41 100
22 41 11 100
22 41 37 100
22 14 36 150
22 14 37 100
22 14 38 148
22 0 36 148
22 30 45 148
22 6 45 99
22 43 36 100
22 43 37 150
23 45 38 148
23 39 21 100
23 29 5 100
23 29 45 100
23 16 41 100
23 6 45 99
24 47 38 150
24 44 36 100
24 17 45 100
24 40 47 100
24 22 36 99
24 38 36 99
24 38 45 99
24 39 21 100
24 36 27 100
25 33 21 100
25 33 38 100
25 33 41 148
25 21 11 100
25 45 41 150
25 43 36 100
25 25 32 100
25 26 31 100
26 31 38 148
26 19 45 150
26 49 28 100
26 33 13 100
27 45 38 148
27 33 21 100
27 24 45 150
27 1 39 100
27 32 29 100
27 29 45 100
28 28 22 100
28 23 7 150
28 36 7 100
28 6 41 150
28 33 7 148
28 33 21 100
28 33 38 100
28 33 41 148
28 3 7 150
29 39 21 100
29 22 29 100
29 38 38 150
29 26 7 150
29 3 7 150
29 8 5 100
29 33 7 148
29 33 41 148
29 41 47 100
30 0 44 150
30 17 41 99
30 6 41 150
31 4 30 100
31 26 45 150
31 21 37 100
31 21 38 148
31 31 37 100
31 36 7 100
31 47 26 100
32 18 11 100
32 18 29 100
32 31 35 150
32 31 38 148
32 19 45 150
32 35 13 100
33 21 38 148
33 27 32 99
33 17 41 99
33 33 7 148
33 33 21 100
33 33 41 148
33 10 7 100
33 32 7 150
33 36 7 100
34 29 45 100
34 44 38 150
34 5 20 100
34 22 20 100
34 33 21 100
34 43 20 100
34 43 45 99
34 37 30 100
34 37 41 100
34 0 39 100
34 49 28 100
35 43 37 150
35 43 38 100
35 43 41 148
35 35 22 100
35 10 22 100
35 19 29 100
35 19 37 148
35 0 29 99
36 1 22 100
36 1 37 150
36 12 22 100
36 11 37 99
36 11 38 150
36 33 7 148
36 33 41 148
36 20 7 150
36 48 29 100
36 48 37 99
36 23 7 150
37 1 37 150
37 5 32 100
37 17 41 99
37 16 37 100
37 16 38 150
37 16 41 100
37 37 41 100
38 29 22 100
38 29 45 100
38 0 29 99
38 16 22 100
38 16 41 100
38 33 38 100
38 35 45 99
39 15 7 150
39 1 37 150
39 21 37 100
39 21 38 148
39 10 7 100
39 7 41 99
39 24 5 99
39 24 41 148
39 41 47 100
39 16 41 100
40 35 45 99
40 19 29 100
40 19 45 150
40 13 31 100
40 3 7 150
40 3 33 99
40 36 7 100
40 25 20 150
40 25 35 100
40 10 7 100
41 44 38 150
41 26 4 100
41 13 39 100
41 39 21 100
41 43 20 100
41 43 38 100
41 20 27 99
41 9 26 100
42 11 25 99
42 16 41 100
42 29 41 150
42 35 32 99
42 37 20 148
42 37 41 100
42 0 29 99
42 9 20 100
43 35 13 100
43 41 21 100
43 47 38 150
43 43 41 148
44 23 45 150
44 0 44 150
44 6 41 150
44 16 38 150
44 39 21 100
45 31 38 148
45 39 21 100
45 24 41 148
45 17 41 99
45 7 41 99
46 7 32 100
46 17 11 100
46 20 9 100
46 2 39 100
46 14 38 148
46 14 47 100
47 6 41 150
47 42 44 150
47 39 21 100
47 21 38 148
47 16 41 100
48 2 17 100
48 2 29 100
48 23 45 150
48 35 45 99
48 43 38 100
48 17 41 99
49 41 21 100
49 17 41 99
49 19 29 100
49 45 38 148
49 45 41 150
49 24 21 148
49 26 31 100
50 29 45 100
50 1 23 150
50 1 44 100
50 49 23 100
50 49 44 99
50 41 21 100
50 39 23 150
50 17 41 99
50 17 45 100
51 4 13 100
51 4 29 150
51 11 38 150
51 5 32 100
51 10 26 100
51 14 5 100
52 47 38 150
52 21 37 100
52 19 37 148
52 25 20 150
52 48 37 99
52 23 20 100
53 46 38 150
53 46 39 100
53 49 28 100
53 44 41 150
53 43 41 148
54 30 45 148
54 43 7 150
54 43 20 100
54 43 38 100
54 4 20 100
54 36 7 100
54 20 7 150
55 47 38 150
55 26 45 150
55 16 21 150
55 16 27 100
55 10 7 100
55 10 45 100
56 9 26 100
56 31 35 150
56 31 37 100
56 31 38 148
56 14 31 100
56 14 37 100
56 14 47 100
57 28 44 150
57 22 29 100
57 16 21 150
57 10 45 100
57 34 13 100
58 1 37 150
58 17 11 100
58 17 41 99
58 17 45 100
58 2 29 100
58 26 31 100
58 40 37 99
58 40 38 150
58 48 37 99
58 37 32 100
58 37 41 100
58 7 41 99
58 16 41 100
59 39 21 100
59 14 38 148
59 30 45 148
59 23 7 150
59 36 7 100
59 33 7 148
60 43 37 150
60 43 38 100
60 43 41 148
60 7 41 99
60 39 23 150
60 39 33 100
60 3 23 99
60 21 37 100
60 15 23 100
61 11 38 150
61 27 32 99
61 36 7 100
61 24 41 148
61 33 21 100
61 33 41 148
61 17 41 99
62 19 45 150
62 39 21 100
62 21 38 148
63 7 41 99
63 31 38 148
63 37 41 100
63 40 23 100
63 45 41 150
63 1 23 150
63 22 23 148
64 4 13 100
64 39 21 100
64 2 39 100
64 2 43 100
64 6 41 150
64 16 38 150
64 16 41 100
65 39 21 100
65 4 35 99
65 28 4 100
65 21 27 100
65 35 45 99
65 27 45 150
65 33 21 100
65 33 38 100
66 17 41 99
66 10 38 148
66 13 31 100
66 36 47 100
67 42 32 100
67 41 21 100
67 9 26 100
68 37 41 100
68 38 38 150
68 17 41 99
68 43 38 100
68 43 41 148
68 41 21 100
69 40 35 150
69 39 21 100
69 39 36 150
69 6 41 150
69 29 41 150
69 11 44 99
69 34 13 100
69 33 38 100
69 13 31 100
69 22 36 99
70 19 37 148
70 45 38 148
70 35 36 100
70 42 37 150
70 14 36 150
70 23 36 99
70 38 36 99
71 21 37 100
71 16 37 100
71 29 45 100
71 14 37 100
71 14 47 100
71 38 45 99
71 33 38 100
72 33 21 100
72 33 38 100
72 33 41 148
72 44 41 150
72 36 17 148
73 25 32 100
73 44 38 150
73 44 41 150
73 33 25 99
73 33 41 148
73 29 41 150
74 2 39 100
74 35 13 100
74 7 41 99
74 38 38 150
74 41 21 100
74 16 41 100
75 37 41 100
75 16 41 100
75 6 41 150
75 26 31 100
75 21 38 148
76 40 47 100
76 16 21 150
76 16 41 100
76 29 5 100
76 29 41 150
76 33 38 100
76 33 41 148
77 31 37 100
77 31 38 148
77 36 7 100
77 36 27 100
77 44 41 150
77 3 7 150
77 12 4 150
77 42 37 150
77 33 7 148
77 33 41 148
78 24 32 100
78 24 45 150
78 26 7 150
78 32 7 150
78 3 7 150
78 21 37 100
78 42 37 150
78 33 7 148
78 33 38 100
79 46 38 150
79 44 41 150
79 23 7 150
79 17 41 99
79 40 33 100
79 32 7 150
79 26 7 150
79 16 21 150
79 16 41 100
80 35 13 100
80 35 45 99
80 37 11 100
80 37 41 100
80 23 23 150
80 23 45 150
80 4 29 150
80 22 23 148
80 15 23 100
81 29 21 148
81 29 41 150
81 31 38 148
81 17 41 99
81 36 7 100
81 46 39 100
82 39 21 100
82 39 28 100
82 37 11 100
82 37 20 148
82 37 32 100
82 16 38 150
82 26 7 150
82 5 20 100
83 32 7 150
83 31 38 148
83 14 47 100
83 41 1 99
83 26 7 150
83 26 45 150
83 21 1 99
83 13 1 99
83 30 1 100
83 35 1 150
83 10 7 100
84 5 20 100
84 27 45 150
84 45 21 150
84 45 38 148
84 24 1 99
84 26 7 150
84 23 7 150
84 23 20 100
84 10 7 100
84 10 45 100
84 3 9 99
84 2 29 100
84 29 1 99
85 25 20 150
85 22 20 100
85 29 41 150
85 47 26 100
85 47 38 150
85 7 41 99
85 9 20 100
86 6 41 150
86 6 45 99
86 31 20 99
86 38 45 99
86 25 20 150
86 33 21 100
86 33 38 100
87 7 41 99
87 30 4 150
87 29 21 148
87 29 41 150
87 47 38 150
87 36 47 100
88 0 39 100
88 18 32 100
88 23 45 150
88 43 38 100
88 37 41 100
88 35 13 100
89 46 38 150
89 6 41 150
89 45 21 150
89 45 41 150
90 43 36 100
90 43 38 100
90 43 45 99
90 5 36 100
90 2 36 150
90 19 45 150
91 32 32 100
91 27 45 150
91 39 23 150
91 22 23 148
91 22 36 99
91 33 38 100
92 10 38 148
92 10 45 100
92 19 37 148
92 42 37 150
92 22 20 100
92 35 45 99
92 23 20 100
92 23 31 100
92 36 23 100
93 26 8 99
93 26 45 150
93 35 13 100
93 34 8 99
93 34 29 150
93 15 8 100
93 11 8 150
93 2 8 99
93 7 8 100
93 21 38 148
94 36 47 100
94 40 20 150
94 8 21 150
94 23 20 100
94 23 36 99
94 6 41 150
94 37 41 100
94 39 36 150
94 29 41 150
95 46 20 100
95 44 36 100
95 15 7 150
95 42 37 150
95 11 19 99
95 11 37 99
95 4 20 100
95 3 7 150
95 9 20 100
95 10 7 100
96 1 39 100
96 15 7 150
96 15 32 100
96 21 38 148
96 43 38 100
96 9 26 100
96 20 27 99
97 35 45 99
97 27 45 150
97 39 21 100
98 45 38 148
98 47 35 99
98 6 45 99
98 4 13 100
98 22 44 150
98 38 45 99
98 43 38 100
99 25 35 100
99 6 41 150
99 0 43 100
99 33 21 100
99 33 38 100
99 33 41 148
100 21 49 100
100 25 49 150
100 6 45 99
100 2 39 100
100 43 38 100
100 43 45 99
101 41 21 100
101 41 47 100
101 43 2 100
101 43 38 100
101 43 41 148
101 25 32 100
101 25 35 100
101 28 2 150
101 19 2 100
101 7 41 99
101 22 2 148
102 46 38 150
102 3 7 150
102 3 33 99
102 19 2 100
102 19 45 150
102 33 2 100
102 33 7 148
102 33 21 100
102 33 25 99
102 6 2 100
102 21 2 150
102 37 2 99
102 37 41 100
102 36 7 100
102 14 2 150
103 5 2 100
103 5 36 100
103 14 2 150
103 14 31 100
103 14 36 150
103 14 38 148
103 12 2 150
103 3 7 150
103 3 23 99
103 33 2 100
103 33 21 100
103 40 23 100
103 0 36 148
103 26 45 150
103 23 23 150
103 6 2 100
103 6 45 99
103 45 2 150
104 28 2 150
104 35 13 100
104 21 2 150
104 21 37 100
104 14 2 150
104 14 37 100
104 40 37 99
104 16 41 100
104 46 35 99
104 19 2 100
104 22 2 148
105 21 2 150
105 21 38 148
105 28 2 150
105 27 45 150
105 39 21 100
105 39 36 150
105 7 41 99
105 37 41 100
105 26 7 150
105 22 36 99
105 44 36 100
105 31 34 100
106 42 32 100
106 42 37 150
106 5 36 100
106 5 37 148
106 15 7 150
106 15 22 150
106 29 45 100
106 33 7 148
106 33 38 100
106 6 45 99
107 33 38 100
107 33 41 148
107 21 38 148
107 17 41 99
107 24 41 148
108 22 44 150
108 39 21 100
108 1 39 100
108 1 45 150
109 37 41 100
109 15 22 150
109 18 29 100
109 47 38 150
109 41 21 100
109 41 47 100
109 29 22 100
109 29 41 150
109 29 45 100
109 26 31 100
110 38 38 150
110 0 29 99
110 48 37 99
110 37 41 100
110 31 37 100
111 32 32 100
111 47 38 150
111 16 37 100
111 16 41 100
111 38 11 100
111 1 37 150
111 14 37 100
111 45 41 150
112 4 13 100
112 41 21 100
112 11 38 150
112 6 41 150
113 43 20 100
113 43 38 100
113 43 41 148
113 43 45 99
113 22 20 100
113 21 27 100
113 6 41 150
113 6 45 99
113 14 31 100
114 23 45 150
114 33 38 100
114 0 39 100
115 26 45 150
115 10 38 148
115 42 32 100
115 33 21 100
115 40 47 100
116 7 41 99
116 39 21 100
116 39 28 100
116 31 38 148
116 17 41 99
117 39 21 100
117 7 29 150
117 7 41 99
117 21 38 148
117 44 41 150
117 41 13 100
117 29 41 150
118 47 38 150
118 1 45 150
118 21 11 100
118 41 21 100
118 43 45 99
119 5 37 148
119 16 37 100
119 38 45 99
119 35 45 99
120 21 33 100
120 21 38 148
120 0 29 99
120 15 7 150
120 24 5 99
120 24 45 150
120 43 7 150
120 43 38 100
121 37 4 150
121 37 20 148
121 6 45 99
121 39 21 100
121 20 7 150
121 20 20 150
121 3 7 150
121 23 31 100
121 23 45 150
121 13 39 100
122 44 38 150
122 44 41 150
122 8 21 150
122 22 20 100
122 6 32 100
122 6 41 150
122 10 7 100
122 3 7 150
122 41 47 100
122 5 20 100
123 45 38 148
123 7 41 99
123 22 29 100
123 24 45 150
123 33 7 148
123 33 13 100
124 46 38 150
124 44 41 150
124 36 7 100
124 37 41 100
125 12 22 100
125 20 20 150
125 11 37 99
125 11 38 150
125 9 20 100
125 9 26 100
125 17 41 99
125 42 37 150
125 43 37 150
125 41 37 100
125 2 29 100
125 5 37 148
126 18 22 150
126 41 27 99
126 42 44 150
126 30 45 148
126 16 22 100
126 16 38 150
126 46 39 100
126 6 45 99
127 5 32 100
127 19 45 150
128 20 9 100
128 45 2 150
128 45 38 148
128 27 45 150
128 4 35 99
128 17 2 100
128 17 45 100
128 19 2 100
128 9 2 100
128 21 2 150
128 39 36 150
129 11 8 150
129 11 38 150
129 12 2 150
129 21 2 150
129 47 2 150
129 28 2 150
129 0 36 148
129 36 8 150
129 36 47 100
129 45 2 150
129 45 8 99
129 45 41 150
129 39 8 100
129 46 8 150
129 7 8 100
129 7 41 99
130 7 41 99
130 39 21 100
130 49 49 100
130 47 2 150
130 47 38 150
130 6 2 100
130 6 41 150
130 44 2 100
130 44 36 100
130 44 41 150
130 37 2 99
130 14 2 150
130 14 31 100
130 19 2 100
131 44 2 100
131 44 38 150
131 22 1 100
131 22 2 148
131 23 45 150
131 37 2 99
131 21 1 99
131 21 2 150
132 7 32 100
132 37 2 99
132 20 7 150
132 28 2 150
132 24 1 99
132 24 2 150
132 24 21 148
132 24 38 150
132 33 2 100
132 33 7 148
132 33 13 100
132 30 1 100
132 26 7 150
133 35 1 150
133 35 45 99
133 1 45 150
133 22 1 100
134 37 20 148
134 26 45 150
134 14 36 150
134 14 38 148
134 45 21 150
134 5 20 100
134 5 36 100
134 41 21 100
134 0 36 148
134 0 39 100
135 33 38 100
135 33 41 148
135 43 38 100
135 43 41 148
135 22 29 100
136 24 38 150
136 24 45 150
136 48 29 100
136 14 47 100
136 37 20 148
137 49 28 100
137 46 20 100
137 6 45 99
137 19 45 150
137 9 20 100
137 9 26 100
137 39 21 100
138 40 33 100
138 40 38 150
138 7 29 150
138 7 32 100
138 27 45 150
138 41 21 100
138 43 38 100
139 43 37 150
139 43 38 100
139 43 41 148
139 33 41 148
139 13 39 100
139 21 37 100
140 16 27 100
140 16 37 100
140 16 38 150
140 16 41 100
140 21 37 100
140 36 47 100
140 29 45 100
140 13 31 100
140 17 45 100
141 10 19 100
141 45 41 150
141 47 35 99
141 24 41 148
141 16 37 100
142 7 41 99
142 45 21 150
142 45 41 150
142 8 5 100
142 41 13 100
142 6 25 99
142 6 41 150
143 39 21 100
143 4 29 150
143 18 32 100
143 1 45 150
143 6 45 99
143 45 38 148
144 26 45 150
144 18 17 100
144 18 29 100
144 33 21 100
144 33 38 100
144 14 36 150
144 14 47 100
144 0 17 100
144 0 36 148
144 31 49 100
145 29 21 148
145 29 45 100
145 8 49 100
145 47 38 150
145 25 49 150
145 43 45 99
145 40 39 100
146 38 38 150
146 38 45 99
146 13 4 150
146 30 45 148
146 33 21 100
147 40 38 150
147 34 13 100
147 0 44 150
147 43 7 150
147 33 7 148
147 33 21 100
148 47 38 150
148 30 45 148
148 36 7 100
148 43 7 150
149 22 44 150
149 45 21 150
149 45 41 150
149 44 41 150
150 21 38 148
150 7 32 100
150 41 21 100
150 41 47 100
150 5 20 100
150 31 20 99
150 19 29 100
151 17 45 100
151 38 38 150
151 38 45 99
151 15 7 150
151 13 31 100
151 32 7 150
151 8 5 100
151 8 21 150
151 3 7 150
151 39 28 100
152 39 21 100
152 21 38 148
152 17 45 100
152 23 45 150
153 27 45 150
153 47 38 150
153 35 13 100
153 7 29 150
153 42 37 150
153 11 37 99
154 44 9 99
154 44 38 150
154 44 41 150
154 46 39 100
154 49 11 100
154 17 41 99
154 10 7 100
154 6 32 100
154 6 41 150
154 41 37 100
154 3 33 99
155 35 43 99
155 29 41 150
155 19 37 148
155 40 37 99
155 40 38 150
155 42 37 150
155 7 41 99
155 11 37 99
156 36 47 100
156 24 45 150
156 46 20 100
156 5 20 100
157 24 21 148
157 24 38 150
157 24 45 150
157 23 20 100
157 38 45 99
157 48 29 100
157 49 28 100
158 46 38 150
158 46 39 100
158 17 41 99
158 29 41 150
158 21 27 100
158 21 37 100
158 40 37 99
159 6 41 150
159 41 21 100
159 33 38 100
159 33 41 148
159 37 41 100
160 14 31 100
160 14 38 148
160 39 21 100
160 23 45 150
160 45 11 150
160 4 13 100
160 16 41 100
161 15 32 100
161 24 38 150
161 24 41 148
161 42 44 150
161 6 41 150
161 10 26 100
162 46 38 150
162 22 2 148
162 22 36 99
162 11 21 150
162 0 36 148
162 2 36 150
162 37 2 99
162 37 41 100
162 43 2 100
162 43 41 148
162 33 2 100
162 33 41 148
162 5 2 100
162 12 2 150
162 14 2 150
163 16 37 100
163 16 38 150
163 1 37 150
163 1 45 150
163 14 2 150
163 14 37 100
163 45 2 150
163 47 2 150
163 5 2 100
164 12 2 150
164 26 7 150
164 26 45 150
164 23 7 150
164 23 36 99
164 23 45 150
164 32 7 150
164 19 2 100
164 41 21 100
164 41 47 100
164 47 2 150
164 43 2 100
164 43 36 100
164 43 38 100
164 28 2 150
164 37 2 99
164 33 2 100
164 21 2 150
165 46 29 100
165 46 35 99
165 46 38 150
165 12 2 150
165 28 2 150
165 22 2 148
165 22 36 99
165 24 2 150
165 24 45 150
165 19 11 100
165 39 21 100
165 39 36 150
166 45 41 150
166 11 44 99
166 13 39 100
166 23 7 150
166 7 41 99
166 17 41 99
167 31 38 148
167 6 41 150
167 37 41 100
167 5 11 99
167 23 7 150
167 35 13 100
167 15 7 150
168 1 37 150
168 1 44 100
168 39 28 100
168 42 32 100
168 42 44 150
168 40 37 99
168 40 38 150
169 5 36 100
169 5 37 148
169 26 45 150
169 36 7 100
169 36 27 100
169 33 38 100
169 6 45 99
169 19 37 148
169 13 44 150
169 0 36 148
169 22 36 99
170 33 21 100
170 33 38 100
170 33 41 148
170 44 41 150
170 37 41 100
171 21 37 100
171 21 38 148
171 33 7 148
171 33 38 100
171 33 41 148
171 18 29 100
171 42 37 150
171 29 41 150
171 32 7 150
171 14 36 150
171 22 36 99
171 23 7 150
171 23 36 99
172 1 37 150
172 1 39 100
172 25 9 99
172 25 35 100
172 19 37 148
172 22 36 99
172 33 38 100
173 10 7 100
173 10 38 148
173 22 23 148
173 7 41 99
173 23 23 150
173 3 23 99
173 3 33 99
173 14 37 100
173 19 37 148
174 18 32 100
174 47 26 100
174 7 41 99
174 14 37 100
174 26 7 150
174 17 41 99
174 31 37 100
174 3 7 150
175 31 20 99
175 31 37 100
175 31 38 148
175 33 7 148
175 33 13 100
175 33 38 100
175 11 37 99
175 11 44 99
175 1 37 150
175 2 29 100
175 9 20 100
175 16 41 100
176 49 28 100
176 12 4 150
176 35 45 99
176 26 31 100
176 48 29 100
176 33 21 100
176 33 38 100
176 17 45 100
177 18 11 100
177 38 38 150
177 38 45 99
177 10 21 150
177 10 45 100
178 46 22 150
178 46 39 100
178 44 41 150
178 40 23 100
178 15 23 100
178 43 38 100
178 43 41 148
178 33 21 100
179 47 38 150
179 38 45 99
179 40 23 100
179 40 47 100
179 43 7 150
179 43 45 99
179 41 21 100
180 3 7 150
180 24 45 150
180 16 22 100
180 34 22 100
180 28 44 150
180 26 7 150
181 47 26 100
181 47 38 150
181 43 38 100
181 42 32 100
181 14 5 100
181 33 21 100
182 23 45 150
182 48 29 100
182 10 7 100
183 1 22 100
183 1 37 150
183 1 39 100
183 33 38 100
183 33 41 148
183 31 20 99
183 31 37 100
183 31 38 148
183 48 22 100
183 48 37 99
183 6 41 150
183 43 20 100
183 7 41 99
183 23 20 100
184 36 27 100
184 36 47 100
184 4 35 99
184 6 45 99
184 27 45 150
185 7 41 99
185 38 36 99
185 38 38 150
185 22 36 99
185 5 36 100
185 43 36 100
185 43 38 100
185 43 41 148
186 16 21 150
186 22 20 100
186 46 20 100
186 27 32 99
186 33 38 100
187 30 45 148
187 10 38 148
187 0 44 150
187 33 13 100
187 42 37 150
188 44 41 150
188 26 4 100
188 26 7 150
188 22 29 100
188 10 7 100
188 10 11 100
188 24 41 148
188 23 7 150
188 17 41 99
188 21 37 100
189 13 39 100
189 13 44 150
189 44 38 150
189 44 41 150
189 5 37 148
189 19 29 100
189 19 37 148
189 3 23 99
189 1 23 150
189 1 37 150
189 7 41 99
189 17 23 148
189 17 41 99
189 11 37 99
190 35 45 99
190 18 11 100
190 31 37 100
190 31 38 148
190 23 45 150
190 48 37 99
190 2 33 100
191 19 45 150
191 6 17 150
191 6 25 99
191 38 38 150
191 21 37 100
191 23 23 150
191 28 23 150
191 43 21 150
191 1 23 150
191 36 7 100
192 23 20 100
192 37 20 148
192 37 32 100
192 37 41 100
192 19 37 148
192 40 37 99
192 40 38 150
192 44 41 150
192 17 41 99
193 47 26 100
193 47 38 150
193 43 7 150
193 4 13 100
193 40 47 100
193 23 7 150
193 10 7 100
193 33 7 148
193 33 21 100
194 30 45 148
194 43 38 100
194 43 45 99
194 14 31 100
194 19 29 100
195 47 38 150
195 16 41 100
195 7 41 99
196 32 32 100
196 8 21 150
196 43 38 100
196 43 41 148
196 17 41 99
197 44 38 150
197 44 41 150
197 43 21 150
197 43 45 99
197 29 45 100
198 46 39 100
198 40 47 100
198 35 13 100
198 14 31 100
199 17 41 99
199 17 45 100
199 40 38 150
199 42 32 100
199 38 45 99
199 43 38 100
200 16 21 150
200 43 38 100
200 43 45 99
200 42 44 150
200 6 45 99
201 19 45 150
201 47 38 150
201 14 36 150
201 20 20 150
201 20 27 99
201 20 44 100
201 24 21 148
201 28 20 150
201 44 36 100
201 0 36 148
202 29 45 100
202 0 9 100
202 0 39 100
202 24 45 150
202 28 30 150
202 21 44 99
203 30 45 148
203 38 38 150
203 32 29 100
203 11 37 99
203 43 37 150
203 43 38 100
203 40 37 99
204 43 7 150
204 43 21 150
204 43 38 100
204 23 7 150
204 41 13 100
204 41 47 100
204 15 7 150
204 39 28 100
205 49 11 100
205 24 38 150
205 24 45 150
205 4 20 100
205 23 20 100
206 30 45 148
206 6 45 99
206 48 4 100
206 48 29 100
206 40 20 150
206 3 7 150
206 35 44 148
206 15 7 150
206 32 7 150
206 45 21 150
206 4 20 100
207 38 29 150
207 38 38 150
207 38 45 99
207 33 38 100
207 47 26 100
208 15 32 100
208 44 41 150
208 13 31 100
208 17 41 99
208 17 45 100
209 21 11 100
209 21 38 148
209 10 7 100
209 37 41 100
209 46 29 100
209 39 21 100
210 16 38 150
210 24 45 150
210 0 36 148
210 33 21 100
210 5 36 100
211 25 20 150
211 39 36 150
211 21 38 148
211 9 20 100
211 9 26 100
211 35 36 100
211 38 36 99
211 48 29 100
211 5 36 100
212 33 21 100
212 33 38 100
213 37 20 148
213 37 30 100
213 14 38 148
213 14 47 100
213 40 20 150
213 40 39 100
213 41 27 99
214 24 32 100
214 24 38 150
214 24 41 148
214 45 41 150
215 11 21 150
215 11 38 150
215 11 44 99
215 38 45 99
215 43 45 99
215 41 13 100
215 39 33 100
216 20 7 150
216 41 21 100
216 8 5 100
216 9 26 100
216 32 7 150
216 43 7 150
216 43 38 100
216 38 25 99
217 27 32 99
217 29 41 150
217 1 37 150
217 1 39 100
217 25 35 100
217 41 37 100
217 41 47 100
217 40 38 150
217 16 41 100
218 24 21 148
218 24 45 150
218 17 35 148
218 17 41 99
218 17 45 100
219 27 45 150
219 0 9 100
219 41 21 100
219 10 38 148
219 4 20 100
219 14 2 150
219 12 2 150
219 22 2 148
219 22 20 100
219 47 2 150
219 17 2 100
220 9 2 100
220 9 20 100
220 22 2 148
220 22 20 100
220 37 2 99
220 37 41 100
220 28 2 150
220 28 22 100
220 31 20 99
220 31 38 148
220 16 21 150
220 16 22 100
220 16 41 100
220 47 2 150
220 43 2 100
220 43 41 148
221 27 45 150
221 21 2 150
221 21 38 148
221 21 44 99
221 37 2 99
221 1 44 100
221 22 2 148
221 22 36 99
221 9 2 100
221 5 2 100
221 5 36 100
221 23 7 150
221 23 36 99
221 19 2 100
221 29 45 100
221 15 7 150
222 1 39 100
222 43 2 100
222 43 7 150
222 43 21 150
222 43 36 100
222 43 38 100
222 43 41 148
222 35 13 100
222 35 32 99
222 29 41 150
222 6 2 100
222 23 7 150
222 24 2 150
222 36 47 100
223 21 2 150
223 21 38 148
223 45 2 150
223 45 41 150
223 44 2 100
223 44 41 150
223 16 41 100
223 6 2 100
223 22 20 100
223 43 20 100
224 46 38 150
224 27 45 150
224 13 31 100
225 41 37 100
225 42 37 150
225 42 44 150
225 26 4 100
225 40 38 150
226 26 45 150
226 16 21 150
226 16 27 100
226 16 41 100
226 24 41 148
226 38 45 99
226 17 41 99
227 22 23 148
227 22 44 150
227 33 21 100
227 33 38 100
227 44 38 150
227 35 45 99
227 36 23 100
227 49 23 100
227 49 28 100
228 3 7 150
228 15 7 150
228 15 32 100
228 31 20 99
228 9 20 100
228 22 20 100
228 22 44 150
228 10 7 100
228 10 39 100
228 10 45 100
228 17 45 100
228 36 7 100
229 43 38 100
229 43 45 99
229 35 13 100
229 35 45 99
229 10 38 148
230 8 21 150
230 43 38 100
230 35 44 148
231 43 38 100
231 43 41 148
231 24 41 148
231 47 26 100
232 20 7 150
232 20 44 100
232 33 7 148
232 33 21 100
232 33 38 100
232 32 7 150
232 32 29 100
232 9 23 150
232 23 23 150
232 23 45 150
232 38 45 99
232 3 23 99
233 16 21 150
233 16 38 150
233 32 32 100
233 6 45 99
233 41 47 100
233 35 45 99
233 47 35 99
234 41 21 100
234 2 39 100
234 7 41 99
234 16 38 150
234 16 41 100
234 6 41 150
235 17 45 100
235 5 37 148
235 46 38 150
235 1 37 150
235 10 45 100
236 2 33 100
236 24 41 148
236 43 38 100
236 43 41 148
237 24 32 100
237 24 41 148
237 25 20 150
237 45 38 148
237 45 41 150
237 17 41 99
237 23 20 100
237 34 13 100
237 41 37 100
237 41 47 100
237 1 37 150
238 0 39 100
238 10 45 100
238 41 21 100
239 42 44 150
239 43 36 100
239 43 38 100
239 43 45 99
239 30 45 148
239 0 36 148
239 35 36 100
239 33 21 100
239 33 38 100
240 0 29 99
240 0 36 148
240 23 36 99
240 23 45 150
240 29 45 100
240 42 37 150
240 14 36 150
240 14 37 100
240 14 38 148
240 31 37 100
241 44 36 100
241 44 38 150
241 44 41 150
241 4 29 150
241 2 36 150
241 43 36 100
241 43 41 148
242 7 41 99
242 23 27 99
242 23 31 100
242 23 36 99
242 16 21 150
242 16 41 100
242 37 41 100
242 43 36 100
242 43 38 100
242 5 36 100
242 41 47 100
242 17 41 99
243 11 21 150
243 11 38 150
243 11 44 99
243 0 9 100
243 0 36 148
243 19 45 150
243 49 44 99
243 4 35 99
243 5 36 100
244 22 36 99
244 30 45 148
244 33 38 100
244 2 36 150
244 2 39 100
244 29 45 100
244 24 32 100
244 38 36 99
245 25 35 100
245 6 45 99
245 14 38 148
245 17 45 100
245 33 13 100
245 33 21 100
246 18 11 100
246 39 28 100
246 43 38 100
247 46 38 150
247 23 31 100
247 7 41 99
247 24 41 148
247 39 21 100
247 38 25 99
248 32 7 150
248 47 35 99
248 14 34 99
248 26 7 150
248 26 45 150
249 11 37 99
249 11 38 150
249 11 43 150
249 16 37 100
249 16 41 100
249 24 41 148
249 6 41 150
249 3 7 150
250 36 7 100
250 36 23 100
250 36 27 100
250 48 23 148
250 24 38 150
250 24 41 148
250 22 36 99
250 19 11 100
250 44 36 100
250 44 41 150
250 15 7 150
250 15 23 100
250 33 7 148
250 14 36 150
251 37 41 100
251 6 41 150
251 36 7 100
251 36 47 100
251 40 38 150
251 33 7 148
251 33 13 100
251 33 21 100
251 33 41 148
251 24 5 99
252 31 35 150
252 31 37 100
252 31 38 148
252 5 37 148
252 6 22 150
252 21 37 100
252 1 39 100
253 9 26 100
253 5 32 100
253 5 37 148
253 35 45 99
253 19 37 148
253 19 45 150
254 26 31 100
254 26 45 150
254 1 37 150
254 3 33 99
254 24 38 150
254 49 28 100
255 43 37 150
255 43 38 100
255 43 41 148
255 33 38 100
255 33 41 148
255 5 37 148
255 31 37 100
256 39 21 100
256 1 44 100
256 11 38 150
256 6 41 150
256 37 41 100
257 37 32 100
257 37 41 100
257 14 38 148
257 7 41 99
257 6 41 150
257 43 41 148
258 23 36 99
258 43 36 100
258 43 37 150
258 43 38 100
258 43 41 148
258 20 17 148
258 44 36 100
258 44 41 150
258 14 36 150
258 14 37 100
259 16 27 100
259 16 37 100
259 16 38 150
259 43 37 150
259 43 45 99
259 38 45 99
259 4 13 100
260 11 44 99
260 1 44 100
260 23 7 150
260 23 31 100
260 10 7 100
260 26 7 150
261 44 38 150
261 44 41 150
261 44 49 100
261 37 41 100
261 49 49 100
261 14 47 100
261 36 7 100
261 36 8 150
261 1 39 100
261 15 8 100
261 28 43 100
261 22 8 150
261 9 8 100
262 49 44 99
262 33 7 148
262 33 8 100
262 33 38 100
262 33 41 148
262 1 37 150
262 43 7 150
262 43 37 150
262 43 38 100
262 43 41 148
262 23 7 150
262 23 8 100
262 46 29 100
263 49 22 148
263 7 8 100
263 7 29 150
263 7 32 100
263 7 41 99
263 26 8 99
263 26 45 150
263 29 8 150
263 39 8 100
263 40 38 150
263 34 8 99
263 33 8 100
263 22 8 150
264 47 26 100
264 21 11 100
264 43 38 100
264 39 21 100
265 38 38 150
265 38 45 99
265 35 45 99
265 33 21 100
265 13 31 100
266 5 36 100
266 16 41 100
266 2 29 100
266 2 36 150
266 41 13 100
266 41 21 100
266 37 41 100
266 6 41 150
266 0 36 148
267 1 4 100
267 29 21 148
267 29 41 150
267 31 38 148
267 32 7 150
267 6 41 150
267 20 7 150
267 7 41 99
268 31 38 148
268 36 7 100
268 45 41 150
268 10 7 100
268 41 21 100
269 5 32 100
269 47 35 99
269 47 38 150
269 29 34 100
269 29 41 150
269 24 41 148
269 45 41 150
269 23 31 100
270 3 7 150
270 37 41 100
270 16 38 150
270 16 41 100
270 26 7 150
270 14 47 100
271 48 29 100
271 49 44 99
271 4 13 100
271 46 38 150
271 43 7 150
271 43 41 148
271 32 7 150
271 39 21 100
271 24 41 148
272 24 41 148
272 23 7 150
272 23 23 150
272 33 7 148
272 33 21 100
272 33 38 100
272 16 41 100
272 10 7 100
272 39 23 150
272 36 7 100
272 36 23 100
273 47 26 100
273 47 38 150
273 19 11 100
273 35 32 99
273 36 9 100
273 3 33 99
273 49 44 99
274 1 39 100
274 1 45 150
274 10 45 100
274 33 21 100
274 33 38 100
275 33 38 100
275 49 11 100
276 24 32 100
276 24 38 150
276 17 35 148
276 19 22 148
276 28 22 100
276 39 21 100
276 21 27 100
276 9 26 100
277 44 38 150
277 30 45 148
277 18 29 100
278 35 13 100
278 46 17 150
278 40 47 100
278 41 21 100
278 6 41 150
278 44 41 150
279 10 7 100
279 10 38 148
279 40 20 150
279 37 41 100
279 46 20 100
279 7 41 99
280 36 7 100
280 24 21 148
280 24 32 100
280 24 38 150
280 24 41 148
280 16 41 100
280 6 41 150
280 10 7 100
280 10 39 100
280 4 30 100
280 15 7 150
281 38 38 150
281 3 7 150
281 17 41 99
281 11 21 150
282 45 38 148
282 20 7 150
282 15 7 150
282 2 35 100
282 33 7 148
282 33 21 100
282 10 45 100
282 23 45 150
283 6 41 150
283 31 38 148
283 35 44 148
283 41 21 100
283 16 41 100
283 23 31 100
284 34 22 100
284 44 41 150
284 33 38 100
284 33 41 148
284 6 41 150
285 7 35 150
285 7 41 99
285 15 7 150
285 20 7 150
285 48 4 100
285 24 38 150
285 24 41 148
285 32 7 150
285 39 21 100
286 21 37 100
286 18 32 100
286 23 7 150
286 23 45 150
286 46 4 99
286 15 7 150
286 26 7 150
286 5 37 148
286 43 38 100
286 33 13 100
287 24 38 150
287 24 45 150
287 1 37 150
287 23 27 99
287 48 37 99
287 43 45 99
287 16 37 100
287 16 41 100
287 40 47 100
288 32 29 100
288 40 39 100
288 21 44 99
288 36 7 100
289 41 21 100
289 5 20 100
289 10 45 100
289 37 20 148
290 46 38 150
290 19 45 150
290 29 45 100
290 9 26 100
291 46 29 100
291 46 38 150
291 35 13 100
291 11 37 99
291 45 41 150
291 17 41 99
291 41 37 100
292 43 20 100
292 43 36 100
292 43 38 100
292 14 36 150
292 14 37 100
292 39 21 100
292 39 33 100
292 39 36 150
292 28 20 150
292 24 32 100
293 32 7 150
293 36 7 100
293 36 47 100
293 29 4 150
293 29 41 150
293 24 38 150
293 24 41 148
293 4 20 100
293 9 20 100
293 20 7 150
293 31 20 99
293 16 41 100
294 31 15 150
294 31 38 148
294 20 7 150
294 8 5 100
294 26 7 150
294 10 7 100
294 3 7 150
294 17 41 99
294 36 7 100
294 16 41 100
295 31 38 148
295 38 11 100
295 44 41 150
295 17 41 99
295 3 7 150
295 39 21 100
295 45 41 150
295 20 7 150
295 41 21 100
295 37 41 100
296 1 39 100
296 45 38 148
296 43 7 150
296 35 13 100
296 41 21 100
297 44 41 150
297 24 41 148
297 41 21 100
298 5 11 99
298 5 36 100
298 21 27 100
298 21 38 148
298 44 36 100
298 2 36 150
299 16 22 100
299 16 38 150
299 49 22 148
299 27 45 150
299 39 21 100
299 3 9 99
299 47 26 100
300 32 32 100
300 36 17 148
300 46 35 99
300 46 38 150
300 33 21 100
300 33 41 148
300 29 41 150
300 17 41 99
301 39 21 100
301 29 45 100
301 42 44 150
301 1 45 150
301 44 38 150
301 38 29 150
302 6 45 99
302 4 13 100
302 13 39 100
302 10 38 148
302 10 45 100
302 39 21 100
302 29 5 100
303 33 38 100
303 1 37 150
303 48 37 99
303 47 35 99
303 19 11 100
304 20 20 150
304 31 20 99
304 31 38 148
304 29 45 100
304 10 45 100
305 1 4 100
305 42 32 100
305 36 9 100
305 47 26 100
305 25 11 150
305 2 33 100
305 33 21 100
305 33 38 100
306 7 41 99
306 8 49 100
306 21 38 148
306 21 49 100
306 5 36 100
306 35 36 100
306 45 41 150
307 19 45 150
307 37 41 100
307 36 47 100
307 10 21 150
307 10 39 100
307 23 36 99
307 35 13 100
307 35 36 100
308 31 37 100
308 31 38 148
308 21 37 100
308 10 45 100
308 14 37 100
308 1 17 150
308 1 45 150
309 11 38 150
309 43 41 148
309 37 41 100
309 23 27 99
309 33 21 100
310 28 46 100
310 24 32 100
310 24 38 150
310 24 41 148
310 17 41 99
310 3 9 99
310 44 41 150
311 44 38 150
311 44 41 150
311 7 29 150
311 7 41 99
311 14 37 100
311 38 44 150
311 41 37 100
312 14 5 100
312 14 37 100
312 40 4 100
312 40 37 99
312 42 37 150
312 24 45 150
312 1 15 100
312 16 41 100
313 27 45 150
313 10 38 148
313 10 39 100
313 10 45 100
313 33 13 100
313 33 21 100
313 33 38 100
314 47 35 99
314 27 45 150
314 22 4 100
314 14 47 100
314 4 35 99
315 16 22 100
315 16 38 150
315 45 34 100
315 38 9 100
315 29 5 100
316 47 26 100
316 47 38 150
316 14 37 100
316 5 37 148
316 49 49 100
316 44 49 100
316 39 21 100
317 42 32 100
317 39 21 100
317 39 30 150
317 18 11 100
317 38 38 150
317 2 35 100
318 38 38 150
318 38 45 99
318 40 39 100
318 39 21 100
318 39 28 100
318 23 45 150
318 34 13 100
319 29 41 150
319 45 38 148
319 45 41 150
319 4 17 150
320 6 45 99
320 38 45 99
320 18 29 100
320 39 33 100
321 48 22 100
321 35 22 100
321 45 27 100
321 45 38 148
321 45 41 150
321 21 35 150
321 37 41 100
321 43 38 100
321 43 41 148
322 49 22 148
322 39 21 100
322 10 22 100
322 6 41 150
323 38 9 100
323 38 38 150
323 38 45 99
323 36 47 100
323 18 29 100
323 18 32 100
323 6 41 150
323 33 38 100
324 6 45 99
324 1 39 100
324 1 45 150
325 25 20 150
325 14 38 148
325 33 13 100
325 33 21 100
325 33 41 148
325 41 21 100
325 23 20 100
325 2 29 100
325 45 41 150
326 37 11 100
326 37 41 100
326 48 29 100
326 0 9 100
326 44 38 150
326 9 26 100
326 4 35 99
327 40 38 150
327 38 29 150
327 33 21 100
328 7 32 100
328 19 11 100
328 19 45 150
328 3 9 99
328 39 21 100
328 33 38 100
329 33 21 100
329 33 38 100
329 22 44 150
329 26 45 150
329 12 49 150
329 10 45 100
330 13 49 150
330 10 38 148
330 19 37 148
330 25 17 150
330 31 37 100
330 14 47 100
331 15 7 150
331 29 41 150
331 40 35 150
331 40 38 150
331 43 7 150
331 43 36 100
331 43 41 148
331 14 36 150
331 26 7 150
332 37 30 100
332 35 13 100
332 35 36 100
332 35 45 99
332 11 21 150
332 11 38 150
332 43 45 99
333 10 7 100
333 10 26 100
333 15 32 100
333 31 37 100
333 1 17 150
333 1 37 150
333 32 29 100
333 48 37 99
334 32 29 100
334 4 35 99
334 8 21 150
334 14 36 150
334 14 38 148
334 6 41 150
334 33 38 100
334 33 41 148
334 2 36 150
334 2 39 100
334 43 36 100
334 17 11 100
335 10 7 100
335 10 45 100
335 43 7 150
335 43 20 100
335 43 38 100
335 43 45 99
335 36 7 100
335 23 7 150
335 23 20 100
335 20 44 100
335 1 44 100
336 20 27 99
336 26 45 150
336 2 33 100
336 16 21 150
336 14 38 148
337 24 21 148
337 24 45 150
337 6 45 99
337 39 28 100
337 40 35 150
337 17 11 100
337 33 13 100
337 33 38 100
338 4 20 100
338 4 29 150
338 45 41 150
338 19 22 148
338 19 49 100
338 36 9 100
338 36 47 100
338 33 38 100
338 33 41 148
338 28 20 150
338 27 49 100
338 0 36 148
338 17 41 99
338 44 36 100
339 38 36 99
339 38 38 150
339 38 45 99
339 23 7 150
339 23 36 99
339 35 45 99
339 43 7 150
340 25 49 150
340 32 7 150
340 46 15 100
340 11 21 150
340 29 45 100
340 17 45 100
340 36 7 100
341 31 20 99
341 31 38 148
341 23 7 150
341 23 20 100
341 23 45 150
341 43 7 150
341 43 20 100
341 43 21 150
341 43 38 100
341 5 32 100
341 5 46 99
342 26 7 150
342 33 13 100
342 33 38 100
342 36 9 100
342 21 37 100
342 21 49 100
342 40 37 99
342 41 37 100
343 49 49 100
343 15 7 150
343 3 7 150
343 43 7 150
343 43 38 100
343 10 7 100
343 10 26 100
343 17 35 148
344 29 5 100
344 11 38 150
344 5 36 100
344 22 36 99
344 1 39 100
344 40 47 100
345 5 8 100
345 5 36 100
345 17 41 99
345 38 36 99
345 12 49 150
345 37 41 100
345 39 8 100
345 9 8 100
345 26 8 99
345 23 8 100
345 33 8 100
345 33 38 100
345 33 41 148
346 33 8 100
346 33 38 100
346 33 41 148
346 18 11 100
346 18 32 100
346 24 41 148
346 39 8 100
346 36 9 100
347 1 37 150
347 1 45 150
347 21 37 100
347 21 38 148
347 9 20 100
347 41 13 100
347 25 20 150
347 4 30 100
348 24 38 150
348 24 41 148
348 20 7 150
348 20 27 99
348 43 7 150
348 43 36 100
348 43 41 148
348 43 45 99
348 35 36 100
348 33 7 148
348 33 21 100
348 10 7 100
348 10 11 100
348 22 36 99
348 17 41 99
349 41 11 100
349 41 21 100
349 22 20 100
349 22 29 100
349 22 36 99
349 14 22 99
349 40 20 150
349 10 22 100
349 33 38 100
349 33 41 148
349 16 41 100
350 45 21 150
350 45 38 148
350 2 39 100
350 35 45 99
350 16 41 100
351 40 33 100
351 33 21 100
351 33 38 100
351 8 49 100
352 5 32 100
352 6 22 150
352 6 45 99
352 19 45 150
352 19 49 100
352 40 35 150
352 40 47 100
352 21 38 148
352 41 21 100
352 9 26 100
353 40 20 150
353 4 20 100
353 1 44 100
353 10 7 100
353 39 21 100
354 22 44 150
354 7 41 99
354 3 7 150
354 14 5 100
354 14 38 148
354 36 7 100
354 17 41 99
354 20 7 150
354 45 41 150
355 39 21 100
355 39 30 150
355 34 13 100
355 13 4 150
355 13 39 100
355 0 29 99
355 45 38 148
355 14 37 100
355 47 35 99
355 11 37 99
356 10 7 100
356 10 26 100
356 10 38 148
356 21 37 100
356 43 7 150
357 16 38 150
357 3 7 150
357 5 32 100
357 27 45 150
358 48 37 99
358 23 7 150
358 44 41 150
358 37 41 100
358 26 7 150
358 26 46 100
358 32 7 150
358 16 37 100
358 3 7 150
358 46 35 99
359 44 38 150
359 31 35 150
359 10 45 100
359 1 45 150
360 35 13 100
360 39 21 100
360 24 38 150
361 19 11 100
361 19 37 148
361 6 17 150
361 6 41 150
361 45 38 148
361 45 41 150
361 48 37 99
361 46 20 100
361 23 20 100
361 36 47 100
361 40 37 99
362 0 39 100
362 11 38 150
362 36 27 100
362 37 41 100
362 6 41 150
362 43 41 148
363 41 21 100
363 37 15 100
363 37 30 100
363 48 23 148
363 47 26 100
363 47 38 150
363 18 17 100
363 44 36 100
363 2 36 150
363 5 36 100
363 9 23 150
364 17 11 100
364 0 29 99
364 0 36 148
364 22 36 99
364 27 49 100
364 39 36 150
365 35 13 100
365 35 32 99
365 35 45 99
365 2 17 100
365 42 37 150
365 16 37 100
365 16 38 150
365 20 20 150
365 6 45 99
365 0 17 100
365 22 20 100
366 6 41 150
366 22 44 150
366 10 38 148
366 39 21 100
366 16 41 100
366 44 41 150
366 44 49 100
367 33 21 100
367 33 38 100
367 9 26 100
367 44 49 100
367 40 33 100
367 49 44 99
367 11 44 99
368 30 45 148
368 2 35 100
368 15 7 150
368 11 38 150
368 32 7 150
368 10 7 100
368 20 7 150
369 38 17 100
369 38 22 150
369 38 38 150
369 38 45 99
369 19 45 150
369 37 20 148
369 46 20 100
369 33 21 100
369 49 28 100
370 7 32 100
370 32 7 150
370 24 21 148
370 24 38 150
370 24 45 150
370 15 7 150
370 15 22 150
370 28 22 100
370 45 27 100
371 31 35 150
371 44 41 150
371 15 7 150
371 43 7 150
371 43 21 150
371 43 38 100
371 43 41 148
371 32 7 150
371 26 7 150
371 40 47 100
372 12 4 150
372 12 22 100
372 34 22 100
372 40 37 99
372 40 38 150
372 2 17 100
372 35 45 99
372 17 45 100
372 38 17 100
372 31 37 100
373 48 37 99
373 19 45 150
373 20 17 148
373 39 21 100
373 36 7 100
374 42 17 150
374 42 37 150
374 26 45 150
374 30 45 148
374 11 37 99
374 11 38 150
374 35 13 100
375 15 7 150
375 38 38 150
375 8 4 150
375 40 35 150
375 40 37 99
375 40 47 100
375 5 37 148
375 31 37 100
375 32 7 150
375 36 7 100
376 33 7 148
376 33 22 150
376 33 38 100
376 33 41 148
376 33 46 100
376 22 20 100
376 36 7 100
376 14 37 100
376 17 41 99
376 24 41 148
376 15 7 150
376 4 20 100
376 32 7 150
376 46 20 100
376 40 37 99
377 11 38 150
377 11 44 99
377 32 29 100
377 41 21 100
377 0 39 100
378 16 37 100
378 16 38 150
378 5 20 100
378 5 37 148
378 36 7 100
378 25 20 150
379 20 17 148
379 29 45 100
379 39 21 100
379 47 26 100
379 47 38 150
379 31 37 100
379 18 32 100
379 17 45 100
380 37 4 150
380 37 41 100
380 6 41 150
380 36 7 100
380 36 27 100
380 35 13 100
380 33 7 148
380 33 38 100
380 32 7 150
381 7 29 150
381 44 38 150
381 23 23 150
381 3 23 99
381 3 33 99
381 40 23 100
381 40 47 100
381 41 21 100
381 10 7 100
382 46 15 100
382 36 23 100
382 16 41 100
382 44 41 150
383 37 20 148
383 37 41 100
383 4 20 100
383 4 29 150
383 6 41 150
383 26 7 150
383 39 21 100
383 45 38 148
383 45 41 150
383 15 7 150
383 20 7 150
384 42 32 100
384 42 37 150
384 45 38 148
384 11 37 99
384 47 26 100
385 34 13 100
385 1 39 100
385 1 44 100
385 40 35 150
385 40 38 150
385 44 41 150
385 37 41 100
385 11 44 99
385 33 21 100
385 33 41 148
386 49 11 100
386 2 35 100
386 19 45 150
386 40 38 150
387 43 37 150
387 43 38 100
387 5 37 148
387 49 44 99
388 24 32 100
388 24 38 150
388 24 41 148
388 16 41 100
388 33 41 148
389 10 38 148
389 10 45 100
389 17 35 148
389 17 45 100
389 39 21 100
389 20 9 100
390 13 39 100
390 24 45 150
390 41 13 100
390 41 37 100
390 5 37 148
391 43 38 100
391 43 45 99
391 6 22 150
391 6 45 99
391 36 47 100
391 41 21 100
391 41 49 148
392 15 7 150
392 15 32 100
392 30 45 148
392 48 15 100
392 8 49 100
392 36 7 100
392 29 45 100
392 46 38 150
392 20 7 150
392 10 7 100
393 21 38 148
393 2 17 100
393 36 7 100
393 23 45 150
393 38 17 100
393 8 5 100
394 19 45 150
394 38 38 150
394 38 45 99
394 46 35 99
394 26 7 150
394 15 7 150
394 24 21 148
394 36 7 100
395 9 20 100
395 45 21 150
395 45 27 100
395 45 38 148
395 45 41 150
395 46 20 100
395 37 41 100
395 3 7 150
395 32 7 150
395 36 7 100
396 36 7 100
396 36 17 148
396 46 4 99
396 46 15 100
396 46 20 100
396 46 29 100
396 46 38 150
396 41 13 100
396 41 21 100
396 24 45 150
396 3 33 99
396 28 20 150
397 3 46 100
397 5 11 99
397 5 32 100
397 5 37 148
397 38 45 99
397 4 35 99
397 48 37 99
397 26 45 150
398 39 21 100
398 38 17 100
398 38 38 150
398 6 41 150
398 40 20 150
398 28 20 150
398 16 41 100
398 43 38 100
398 43 41 148
399 0 44 150
399 47 26 100
399 47 35 99
399 28 4 100
399 11 21 150
400 38 11 100
400 38 38 150
400 46 39 100
400 17 41 99
400 37 41 100
400 24 41 148
401 45 15 100
401 45 38 148
401 45 41 150
401 7 41 99
401 10 7 100
401 34 13 100
401 40 37 99
401 14 37 100
401 5 37 148
401 4 35 99
401 33 21 100
402 45 4 99
402 45 38 148
402 45 41 150
402 24 41 148
402 29 41 150
402 4 35 99
403 33 21 100
403 33 22 150
403 33 38 100
403 33 41 148
403 21 44 99
403 14 22 99
403 29 41 150
403 1 44 100
404 5 11 99
404 5 32 100
404 5 46 99
404 14 38 148
404 1 39 100
404 43 41 148
404 29 41 150
405 24 38 150
405 24 45 150
405 37 11 100
405 2 35 100
406 49 44 99
406 6 45 99
406 33 21 100
406 33 38 100
406 35 45 99
407 38 38 150
407 44 41 150
407 37 30 100
407 37 41 100
407 43 41 148
408 27 32 99
408 27 45 150
408 38 44 150
408 39 21 100
408 4 13 100
408 4 35 99
408 0 39 100
408 14 5 100
408 14 47 100
409 14 38 148
409 36 27 100
409 18 29 100
410 33 21 100
410 33 38 100
410 47 26 100
410 39 36 150
410 46 29 100
411 32 29 100
411 5 36 100
411 18 22 150
411 45 38 148
411 25 49 150
411 21 33 100
411 44 36 100
412 44 38 150
412 0 39 100
412 16 21 150
413 26 45 150
413 31 38 148
413 16 21 150
413 29 45 100
413 42 32 100
414 35 44 148
414 45 38 148
414 45 41 150
414 43 7 150
414 43 20 100
414 43 41 148
414 48 29 100
414 40 20 150
414 26 7 150
414 3 7 150
415 6 22 150
415 31 38 148
415 14 5 100
415 5 11 99
415 5 26 148
415 41 21 100
415 33 21 100
416 37 11 100
416 37 30 100
416 11 23 99
416 9 23 150
416 40 23 100
416 43 38 100
417 10 21 150
417 10 45 100
417 34 13 100
417 38 17 100
417 38 45 99
417 22 20 100
417 0 17 100
417 40 20 150
417 40 47 100
417 43 38 100
418 19 29 100
418 31 38 148
418 24 41 148
419 1 39 100
419 32 32 100
419 11 21 150
419 37 41 100
419 45 41 150
420 38 38 150
420 38 45 99
420 26 7 150
420 37 41 100
420 16 41 100
420 10 7 100
420 10 45 100
420 7 41 99
420 36 7 100
420 43 7 150
420 43 38 100
421 6 41 150
421 10 7 100
421 10 11 100
421 33 13 100
421 33 21 100
421 33 38 100
421 33 41 148
422 30 45 148
422 22 29 100
422 2 29 100
422 47 38 150
422 17 41 99
422 24 5 99
422 12 49 150
423 47 35 99
423 45 41 150
423 22 29 100
423 14 47 100
423 23 7 150
423 26 7 150
423 29 41 150
423 3 7 150
424 11 37 99
424 11 38 150
424 4 35 99
424 35 32 99
424 29 34 100
424 29 41 150
424 37 41 100
424 31 37 100
424 19 46 99
424 41 37 100
424 33 38 100
425 29 41 150
425 43 38 100
425 43 41 148
425 31 49 100
425 21 49 100
425 14 30 150
425 1 39 100
425 24 41 148
425 33 21 100
426 23 27 99
426 23 45 150
426 40 38 150
426 33 13 100
426 33 21 100
426 20 44 100
426 10 45 100
427 1 37 150
427 1 44 100
427 19 29 100
427 2 33 100
427 40 37 99
428 1 45 150
428 46 38 150
428 23 9 150
428 9 26 100
429 35 32 99
429 17 35 148
429 17 41 99
429 0 17 100
429 0 29 99
429 16 37 100
429 16 38 150
429 16 41 100
429 14 37 100
429 14 47 100
429 7 41 99
430 46 38 150
430 46 49 148
430 5 37 148
430 42 37 150
430 14 37 100
430 33 41 148
430 44 41 150
430 7 41 99
431 29 45 100
431 23 45 150
431 48 37 99
431 0 39 100
431 38 38 150
431 31 37 100
432 26 45 150
432 26 46 100
432 40 35 150
432 43 38 100
432 41 13 100
432 41 21 100
433 7 41 99
433 38 38 150
433 10 7 100
433 37 41 100
433 39 28 100
433 44 41 150
433 3 7 150
433 48 37 99
433 40 37 99
433 14 37 100
434 25 35 100
434 12 4 150
434 12 22 100
434 27 45 150
434 32 7 150
434 41 21 100
434 41 47 100
434 38 22 150
434 38 45 99
434 43 7 150
434 43 38 100
435 33 38 100
435 33 41 148
435 35 32 99
435 16 41 100
435 34 29 150
435 37 30 100
435 37 41 100
435 4 35 99
436 21 38 148
436 26 45 150
436 2 29 100
436 2 39 100
437 37 15 100
437 40 38 150
437 27 45 150
437 39 21 100
438 19 37 148
438 44 41 150
438 41 13 100
438 41 21 100
438 41 37 100
438 31 35 150
438 16 41 100
438 26 7 150
438 10 7 100
438 36 7 100
438 33 7 148
438 33 38 100
439 27 45 150
439 46 20 100
439 46 29 100
439 41 21 100
439 43 20 100
439 43 38 100
439 43 45 99
439 5 20 100
440 39 36 150
440 38 9 100
440 38 36 99
440 38 38 150
440 22 36 99
440 23 36 99
441 33 21 100
441 33 38 100
441 14 47 100
441 4 35 99
441 47 26 100
442 13 39 100
442 47 38 150
442 46 20 100
442 46 29 100
442 46 30 150
442 18 32 100
442 43 20 100
442 43 21 150
443 49 44 99
443 43 38 100
443 43 41 148
443 41 13 100
443 37 4 150
443 37 41 100
443 40 33 100
443 40 35 150
443 38 9 100
443 29 41 150
444 41 37 100
444 29 41 150
444 46 29 100
444 11 37 99
444 14 37 100
444 14 38 148
444 17 41 99
445 39 21 100
445 6 22 150
445 2 35 100
445 32 7 150
445 15 7 150
445 36 7 100
445 36 27 100
445 36 47 100
445 9 26 100
445 43 7 150
445 43 38 100
445 37 41 100
446 40 35 150
446 18 29 100
447 7 41 99
447 46 38 150
447 41 21 100
447 16 41 100
448 16 38 150
448 16 41 100
448 20 9 100
448 25 32 100
449 32 7 150
449 13 4 150
449 8 5 100
449 17 45 100
449 40 38 150
449 33 7 148
449 33 21 100
450 36 7 100
450 33 13 100
450 33 38 100
450 23 45 150
450 27 45 150
450 5 11 99
450 5 37 148
450 41 37 100
450 10 7 100
450 10 39 100
450 14 37 100
451 5 46 99
451 7 41 99
451 24 5 99
451 24 38 150
451 24 41 148
451 29 41 150
452 0 29 99
452 19 45 150
452 19 49 100
452 13 49 150
452 41 21 100
452 41 47 100
452 33 38 100
452 9 26 100
453 3 9 99
453 6 22 150
453 6 41 150
453 42 37 150
453 41 37 100
453 37 41 100
453 10 38 148
454 42 37 150
454 7 41 99
454 49 11 100
454 43 37 150
454 43 38 100
454 43 41 148
454 16 41 100
455 1 37 150
455 1 45 150
455 15 32 100
455 43 37 150
455 43 38 100
455 43 45 99
455 49 49 100
456 17 35 148
456 24 38 150
456 36 7 100
456 33 7 148
456 33 13 100
456 33 21 100
457 9 20 100
457 16 38 150
457 48 4 100
457 27 17 150
457 14 47 100
457 3 7 150
457 40 20 150
457 36 7 100
458 40 33 100
458 40 38 150
458 40 39 100
458 6 45 99
458 36 27 100
458 14 5 100
459 38 44 150
459 38 45 99
459 44 41 150
459 45 41 150
459 17 41 99
460 0 22 150
460 44 38 150
460 44 41 150
460 27 32 99
460 10 26 100
460 29 41 150
461 21 38 148
461 24 41 148
461 29 41 150
461 22 20 100
462 25 20 150
462 28 20 150
462 28 22 100
462 15 7 150
462 15 22 150
462 46 15 100
462 46 20 100
462 46 38 150
462 20 7 150
462 32 7 150
462 17 41 99
462 6 41 150
463 31 38 148
463 20 7 150
463 10 7 100
463 10 21 150
463 10 45 100
463 44 41 150
463 6 45 99
463 23 7 150
463 14 47 100
464 10 7 100
464 10 38 148
464 10 39 100
464 13 49 150
464 24 41 148
464 46 4 99
464 19 49 100
464 45 41 150
464 4 13 100
464 36 7 100
465 34 22 100
465 38 45 99
465 10 21 150
465 10 22 100
465 10 45 100
465 15 32 100
465 43 38 100
466 40 37 99
466 40 38 150
466 5 11 99
466 5 36 100
466 5 37 148
466 26 45 150
466 22 36 99
466 23 36 99
466 43 36 100
467 46 20 100
467 1 45 150
467 29 45 100
467 33 7 148
467 33 21 100
467 33 38 100
467 10 7 100
467 3 7 150
467 43 20 100
467 9 20 100
468 7 41 99
468 29 41 150
468 1 4 100
468 17 41 99
468 12 49 150
468 31 38 148
469 36 7 100
469 29 21 148
469 10 39 100
469 34 13 100
470 27 45 150
470 29 21 148
470 29 22 100
470 37 11 100
470 20 27 99
470 44 38 150
471 20 9 100
471 33 21 100
471 33 38 100
471 29 45 100
471 44 36 100
471 10 45 100
471 36 47 100
472 32 32 100
472 39 33 100
472 39 36 150
472 38 36 99
472 38 38 150
472 40 35 150
472 16 41 100
472 44 41 150
472 7 41 99
473 35 22 100
473 25 20 150
473 1 22 100
473 1 37 150
473 31 20 99
473 31 37 100
473 31 38 148
473 24 41 148
473 24 46 99
473 29 41 150
474 43 37 150
474 43 38 100
474 43 45 99
474 6 45 99
474 0 39 100
474 41 37 100
474 17 41 99
475 25 35 100
475 17 41 99
475 44 38 150
475 44 41 150
475 7 41 99
476 29 21 148
476 29 45 100
476 18 32 100
476 33 13 100
476 33 38 100
476 22 20 100
476 35 45 99
476 46 20 100
477 21 11 100
477 21 38 148
477 17 41 99
478 25 20 150
478 7 41 99
478 46 15 100
478 46 20 100
478 46 38 150
478 37 41 100
478 24 21 148
478 24 45 150
478 3 7 150
478 23 7 150
478 23 27 99
478 14 47 100
479 34 29 150
479 0 39 100
479 17 41 99
479 45 38 148
479 45 41 150
479 36 7 100
480 26 28 150
480 36 7 100
480 48 29 100
480 20 44 100
480 29 21 148
480 29 41 150
480 43 38 100
480 43 41 148
480 11 44 99
480 45 41 150
481 46 22 150
481 46 35 99
481 46 38 150
481 33 7 148
481 3 7 150
481 47 26 100
481 32 7 150
481 35 22 100
482 36 7 100
482 29 41 150
482 32 32 100
482 44 41 150
482 43 38 100
483 29 21 148
483 29 22 100
483 7 35 150
483 44 38 150
483 20 7 150
483 35 13 100
483 26 7 150
484 30 45 148
484 32 7 150
484 32 29 100
484 31 37 100
484 15 7 150
484 20 7 150
484 42 37 150
484 1 15 100
484 35 45 99
485 33 7 148
485 33 21 100
485 33 38 100
485 33 41 148
485 34 29 150
485 36 7 100
485 6 41 150
485 47 38 150
485 37 15 100
485 37 41 100
486 46 22 150
486 46 29 100
486 46 35 99
486 21 11 100
486 21 33 100
486 21 37 100
486 41 21 100
486 14 22 99
486 29 45 100
486 43 7 150
486 43 38 100
486 43 45 99
486 20 7 150
486 32 7 150
487 33 38 100
487 33 41 148
487 31 37 100
487 1 37 150
487 1 39 100
487 37 41 100
487 7 41 99
488 6 32 100
488 6 41 150
488 26 46 100
488 5 11 99
488 11 38 150
488 45 41 150
488 10 7 100
489 8 5 100
489 7 8 100
489 7 41 99
489 2 8 99
489 39 8 100
489 28 20 150
489 41 13 100
489 9 8 100
489 9 20 100
489 37 41 100
489 43 38 100
489 43 41 148
490 35 45 99
490 40 38 150
490 2 8 99
490 41 11 100
490 41 21 100
490 41 49 148
490 9 8 100
490 29 45 100
490 45 8 99
491 39 21 100
491 39 30 150
491 29 22 100
491 43 7 150
491 43 20 100
491 43 38 100
491 1 22 100
491 15 7 150
491 23 7 150
491 23 20 100
492 44 38 150
492 7 32 100
492 4 17 150
492 4 20 100
492 24 21 148
492 24 45 150
492 14 47 100
492 10 26 100
493 37 41 100
493 38 22 150
493 45 41 150
493 43 38 100
493 39 28 100
493 17 41 99
494 2 30 150
494 2 39 100
494 27 45 150
494 6 2 100
494 6 45 99
494 40 37 99
494 40 38 150
494 42 37 150
494 45 2 150
494 47 2 150
495 45 2 150
495 44 2 100
495 44 9 99
495 5 2 100
495 21 2 150
495 6 2 100
495 14 2 150
495 9 2 100
496 47 2 150
496 47 38 150
496 15 7 150
496 26 7 150
496 26 45 150
496 38 29 150
496 32 7 150
496 33 2 100
496 33 13 100
496 33 21 100
496 33 38 100
496 48 37 99
496 1 37 150
496 36 7 100
496 17 2 100
496 28 2 150
497 9 2 100
497 9 20 100
497 36 7 100
497 36 47 100
497 10 7 100
497 47 2 150
497 19 2 100
497 19 29 100
497 19 37 148
497 4 20 100
497 42 37 150
497 6 2 100
497 6 41 150
497 5 2 100
497 15 7 150
497 8 4 150
497 12 2 150
497 32 7 150
497 44 2 100
497 44 41 150
498 3 7 150
498 36 7 100
498 4 30 100
498 28 2 150
498 25 32 100
498 25 49 150
498 17 2 100
498 17 45 100
498 37 2 99
498 32 7 150
498 30 45 148
498 44 2 100
498 44 38 150
499 33 7 148
499 33 21 100
499 33 38 100
499 42 37 150
499 17 11 100
499 17 45 100
499 40 37 99
499 16 27 100
499 16 37 100
499 35 45 99
500 26 7 150
500 26 45 150
500 20 7 150
500 21 37 100
500 21 38 148
500 33 7 148
500 33 38 100
500 31 37 100
500 14 37 100
501 34 13 100
501 34 29 150
501 49 44 99
501 40 37 99
501 14 37 100
501 44 41 150
501 17 41 99
502 11 38 150
502 29 41 150
502 44 41 150
503 41 21 100
503 41 37 100
503 41 47 100
503 8 5 100
503 1 37 150
503 1 39 100
503 31 37 100
503 31 38 148
503 43 41 148
503 44 41 150
503 7 41 99
504 11 38 150
504 39 21 100
504 7 41 99
504 1 4 100
504 23 7 150
504 48 29 100
504 6 41 150
504 15 7 150
504 36 7 100
504 32 7 150
504 3 33 99
505 20 44 100
505 35 36 100
505 35 45 99
505 7 41 99
505 23 23 150
505 23 36 99
505 2 35 100
505 2 36 150
505 24 38 150
505 38 36 99
505 38 45 99
505 48 23 148
505 36 23 100
505 17 41 99
506 21 38 148
506 21 44 99
506 35 13 100
506 35 32 99
506 35 45 99
506 33 21 100
506 11 23 99
506 39 23 150
507 18 29 100
507 29 41 150
507 29 45 100
507 6 41 150
507 20 7 150
507 32 7 150
507 19 37 148
507 16 37 100
507 33 7 148
507 33 38 100
507 3 23 99
508 33 7 148
508 33 21 100
508 33 38 100
508 33 41 148
508 28 4 100
508 48 15 100
508 17 41 99
508 16 41 100
509 24 38 150
509 24 41 148
509 44 41 150
509 7 41 99
509 49 28 100
509 33 7 148
509 23 7 150
509 43 7 150
509 43 37 150
509 5 37 148
510 16 38 150
510 16 41 100
510 17 41 99
510 22 29 100
510 47 35 99
510 6 41 150
510 33 21 100
511 2 29 100
511 2 35 100
511 2 39 100
511 23 45 150
511 36 47 100
511 34 13 100
511 43 38 100
511 33 21 100
512 9 26 100
512 7 32 100
512 46 38 150
512 41 21 100
513 48 29 100
513 3 7 150
514 39 21 100
514 23 7 150
514 23 45 150
514 41 21 100
514 41 47 100
514 40 4 100
514 40 38 150
514 17 45 100
514 20 7 150
515 39 21 100
515 36 7 100
515 36 9 100
515 36 27 100
515 25 35 100
515 29 5 100
515 29 45 100
515 6 45 99
515 26 7 150
515 20 7 150
515 20 44 100
515 43 7 150
515 43 38 100
516 6 45 99
516 38 29 150
516 38 38 150
516 38 45 99
516 4 20 100
516 23 20 100
517 14 38 148
517 39 21 100
517 45 41 150
517 33 7 148
517 33 13 100
517 33 41 148
517 22 20 100
517 32 7 150
518 26 7 150
518 16 38 150
518 46 35 99
518 46 39 100
518 32 32 100
518 39 21 100
518 47 26 100
519 21 38 148
519 25 35 100
519 2 30 150
520 6 45 99
520 4 35 99
520 38 45 99
520 3 33 99
520 42 37 150
521 30 45 148
521 42 37 150
521 44 38 150
521 43 21 150
521 41 47 100
522 6 45 99
522 17 45 100
522 41 13 100
522 14 38 148
522 48 4 100
522 47 35 99
522 2 39 100
523 45 21 150
523 45 38 148
523 10 7 100
524 44 38 150
524 38 45 99
524 21 27 100
524 24 45 150
524 41 47 100
525 30 45 148
525 46 29 100
525 46 35 99
525 18 32 100
525 11 21 150
526 14 38 148
526 42 44 150
526 20 20 150
526 29 45 100
526 33 21 100
526 33 38 100
526 7 29 150
526 31 20 99
526 27 45 150
526 2 39 100
527 25 35 100
527 15 7 150
527 43 7 150
527 43 37 150
527 43 38 100
527 43 45 99
527 10 7 100
527 33 13 100
527 33 46 100
527 14 37 100
528 45 38 148
528 0 29 99
528 0 36 148
528 43 36 100
528 43 45 99
528 6 45 99
528 18 11 100
528 25 35 100
529 14 36 150
529 39 21 100
529 18 11 100
529 21 49 100
529 19 45 150
529 19 49 100
529 38 45 99
530 41 37 100
530 31 37 100
530 31 38 148
530 10 7 100
530 10 26 100
530 10 45 100
530 33 38 100
530 8 5 100
530 6 45 99
530 21 37 100
530 25 9 99
531 33 7 148
531 33 21 100
531 33 38 100
531 45 15 100
531 18 32 100
531 26 7 150
531 26 45 150
531 20 7 150
532 10 38 148
532 16 41 100
532 24 41 148
532 9 23 150
532 48 23 148
532 48 29 100
532 15 23 100
532 17 41 99
532 39 21 100
533 38 45 99
533 49 23 100
533 6 45 99
533 17 23 148
533 41 13 100
533 40 23 100
533 43 38 100
534 26 45 150
534 41 21 100
534 41 47 100
534 13 39 100
534 46 35 99
534 3 33 99
535 20 27 99
535 39 21 100
535 33 38 100
536 39 21 100
536 39 30 150
536 31 38 148
536 21 38 148
536 10 45 100
536 48 4 100
536 43 41 148
536 29 41 150
537 8 49 100
537 26 45 150
537 41 13 100
537 41 21 100
537 21 49 100
537 18 32 100
538 3 46 100
538 21 11 100
538 21 37 100
538 21 38 148
538 2 39 100
538 27 45 150
538 14 37 100
538 26 4 100
538 16 37 100
538 29 45 100
539 18 22 150
539 36 47 100
539 6 45 99
539 10 38 148
539 10 45 100
539 39 21 100
540 29 41 150
540 15 7 150
540 15 23 100
540 21 38 148
540 11 23 99
540 17 23 148
540 17 41 99
540 10 7 100
540 4 29 150
540 43 7 150
540 43 41 148
540 32 7 150
541 24 21 148
541 24 38 150
541 38 11 100
541 46 35 99
541 37 30 100
542 31 38 148
542 38 45 99
542 16 21 150
542 3 23 99
542 43 45 99
543 33 7 148
543 33 13 100
543 33 21 100
543 33 38 100
543 33 41 148
543 15 7 150
543 23 7 150
543 17 11 100
543 17 41 99
543 7 41 99
544 30 45 148
544 32 32 100
544 40 37 99
544 40 38 150
544 40 39 100
544 16 37 100
544 10 7 100
544 9 46 100
545 43 38 100
545 43 45 99
545 10 45 100
545 49 49 100
545 44 49 100
546 16 21 150
546 16 41 100
546 43 38 100
546 43 41 148
546 9 23 150
546 39 23 150
546 36 47 100
547 12 4 150
547 31 38 148
547 16 41 100
547 7 41 99
547 44 41 150
548 17 41 99
548 37 20 148
548 43 20 100
548 43 38 100
548 38 17 100
548 34 13 100
548 0 17 100
549 43 38 100
549 43 45 99
549 31 34 100
549 31 35 150
549 5 26 148
549 35 32 99
549 35 45 99
549 23 27 99
549 2 39 100
550 39 23 150
550 39 28 100
550 39 33 100
550 17 23 148
550 17 45 100
550 45 38 148
550 14 37 100
550 21 37 100
550 42 37 150
550 15 23 100
550 43 45 99
551 24 38 150
551 24 41 148
551 48 15 100
551 48 29 100
551 48 37 99
551 17 41 99
551 21 37 100
552 41 11 100
552 41 21 100
552 2 36 150
552 32 7 150
552 17 41 99
552 45 41 150
552 7 41 99
552 5 36 100
552 36 7 100
553 35 13 100
553 35 36 100
553 11 38 150
553 32 7 150
553 15 7 150
553 33 7 148
553 33 38 100
553 33 41 148
553 49 11 100
553 37 41 100
553 16 41 100
554 16 41 100
554 24 5 99
554 24 41 148
554 45 41 150
554 32 7 150
554 3 7 150
554 43 38 100
555 41 21 100
555 22 29 100
555 43 38 100
555 43 41 148
555 10 39 100
555 17 41 99
555 27 32 99
556 33 38 100
556 33 41 148
556 45 41 150
556 17 35 148
556 17 41 99
556 40 47 100
557 47 38 150
557 10 21 150
557 43 41 148
557 6 41 150
558 42 37 150
558 43 36 100
558 43 37 150
558 43 38 100
558 43 41 148
558 45 41 150
558 17 11 100
558 17 41 99
558 35 13 100
558 35 36 100
558 5 36 100
558 44 36 100
559 45 4 99
559 45 38 148
559 45 41 150
559 43 41 148
559 6 22 150
559 16 22 100
559 24 5 99
560 39 21 100
560 46 15 100
560 46 22 150
560 46 29 100
560 46 38 150
560 46 39 100
560 33 41 148
560 7 41 99
560 6 41 150
561 25 32 100
561 33 21 100
561 33 38 100
561 29 45 100
561 17 45 100
561 2 29 100
562 2 35 100
562 11 38 150
562 46 4 99
562 41 21 100
562 33 41 148
562 24 41 148
563 43 7 150
563 43 20 100
563 43 38 100
563 43 41 148
563 26 7 150
563 31 20 99
563 31 34 100
563 10 7 100
564 20 7 150
564 36 7 100
564 40 30 150
564 40 37 99
564 40 38 150
564 33 7 148
564 33 21 100
564 33 41 148
564 3 7 150
564 7 29 150
564 7 41 99
564 41 37 100
564 6 41 150
564 19 37 148
564 29 41 150
564 37 30 100
565 14 5 100
565 14 37 100
565 42 37 150
565 10 7 100
565 10 45 100
565 48 15 100
565 17 45 100
565 35 13 100
566 24 21 148
566 24 32 100
566 24 38 150
566 24 45 150
566 16 27 100
566 36 7 100
566 20 7 150
566 20 20 150
566 4 20 100
567 40 23 100
567 40 33 100
567 40 38 150
567 40 39 100
567 33 7 148
567 33 21 100
567 3 23 99
567 41 11 100
567 15 23 100
568 28 4 100
568 28 44 150
568 21 35 150
568 21 38 148
568 11 23 99
568 39 21 100
568 6 41 150
568 25 9 99
569 29 41 150
569 20 7 150
569 31 38 148
569 31 49 100
569 26 7 150
569 49 11 100
569 9 26 100
569 37 41 100
570 10 7 100
570 10 45 100
570 44 2 100
570 39 21 100
570 24 2 150
570 24 45 150
570 28 2 150
570 45 2 150
570 17 2 100
570 19 2 100
571 40 37 99
571 40 38 150
571 40 47 100
571 18 22 150
571 23 7 150
571 23 45 150
571 33 2 100
571 33 13 100
571 33 38 100
571 16 37 100
571 6 2 100
571 11 37 99
571 21 2 150
571 17 2 100
572 24 1 99
572 24 2 150
572 24 32 100
572 19 2 100
572 20 20 150
572 22 1 100
572 22 2 148
572 22 20 100
572 17 2 100
572 44 2 100
572 43 2 100
572 43 38 100
572 14 2 150
572 13 1 99
572 9 2 100
573 22 1 100
573 22 2 148
573 13 1 99
573 13 39 100
573 38 11 100
573 38 22 150
573 38 38 150
573 38 45 99
573 17 2 100
573 17 45 100
573 14 2 150
573 21 1 99
573 21 2 150
574 42 37 150
574 10 11 100
574 19 2 100
574 19 29 100
574 19 37 148
574 33 2 100
574 33 38 100
574 33 41 148
574 0 9 100
574 43 2 100
574 43 41 148
574 22 1 100
575 24 38 150
575 24 41 148
575 48 15 100
575 48 23 148
575 7 41 99
575 36 23 100
575 36 27 100
575 3 23 99
575 37 41 100
576 29 21 148
576 29 45 100
576 31 49 100
576 23 45 150
576 27 49 100
576 19 29 100
576 38 9 100
577 35 13 100
577 46 38 150
577 6 41 150
577 16 41 100
578 20 20 150
578 45 38 148
578 14 22 99
578 14 37 100
578 33 22 150
578 48 37 99
578 26 45 150
578 43 20 100
578 17 41 99
579 32 29 100
579 32 32 100
579 26 45 150
579 40 35 150
579 40 37 99
579 40 38 150
579 42 37 150
579 44 9 99
580 21 37 100
580 21 38 148
580 33 21 100
580 33 41 148
580 14 5 100
580 43 41 148
580 38 9 100
581 47 35 99
581 49 28 100
581 41 37 100
581 41 47 100
581 14 37 100
581 43 38 100
581 43 45 99
581 37 30 100
582 35 44 148
582 35 45 99
582 6 45 99
582 1 39 100
582 1 45 150
582 40 38 150
582 29 21 148
582 13 49 150
583 42 17 150
583 42 37 150
583 42 46 100
583 31 37 100
583 6 41 150
583 24 41 148
583 17 41 99
583 48 37 99
583 2 33 100
584 29 4 150
584 29 41 150
584 17 41 99
584 32 32 100
584 47 38 150
584 27 49 100
584 12 49 150
584 37 41 100
584 33 13 100
584 33 38 100
585 7 41 99
585 43 38 100
585 43 41 148
585 33 21 100
586 47 26 100
586 47 38 150
586 18 11 100
586 18 22 150
586 18 29 100
586 17 11 100
586 17 41 99
586 33 21 100
587 17 41 99
587 31 49 100
587 24 41 148
587 43 38 100
588 21 35 150
588 21 38 148
588 41 21 100
588 29 45 100
588 46 15 100
588 46 39 100
588 17 45 100
589 8 49 100
589 48 37 99
589 13 49 150
589 10 45 100
589 17 45 100
589 22 36 99
589 38 36 99
589 14 36 150
589 14 37 100
590 46 38 150
590 11 37 99
590 15 32 100
590 27 45 150
590 36 27 100
590 17 11 100
591 21 38 148
591 34 13 100
591 40 39 100
592 7 35 150
592 7 41 99
592 48 37 99
592 5 37 148
592 38 38 150
592 39 21 100
592 6 41 150
593 12 4 150
593 12 49 150
593 47 38 150
593 7 41 99
593 6 45 99
593 33 21 100
593 35 45 99
594 20 9 100
594 6 22 150
594 46 49 148
594 41 11 100
594 9 26 100
595 45 38 148
595 43 38 100
595 46 35 99
596 7 41 99
596 3 7 150
596 41 27 99
596 41 47 100
596 43 7 150
596 43 38 100
596 43 41 148
596 37 41 100
596 23 7 150
596 10 7 100
597 49 49 100
597 27 17 150
597 27 32 99
597 27 45 150
597 27 49 100
597 3 33 99
597 0 29 99
597 0 34 100
597 32 29 100
597 29 45 100
597 4 13 100
598 45 38 148
598 45 41 150
598 1 39 100
598 29 41 150
598 40 35 150
598 18 11 100
598 39 21 100
598 33 38 100
598 17 41 99
599 47 26 100
599 47 35 99
599 43 38 100
600 6 22 150
600 26 46 100
600 1 22 100
600 43 21 150
600 43 38 100
601 48 37 99
601 44 38 150
601 16 37 100
601 27 45 150
601 41 37 100
602 19 49 100
602 33 38 100
602 33 41 148
602 21 49 100
603 25 9 99
603 25 32 100
603 25 35 100
603 4 13 100
603 45 38 148
603 45 41 150
603 29 45 100
603 1 45 150
604 43 37 150
604 43 38 100
604 43 45 99
604 21 11 100
604 21 37 100
604 29 5 100
604 29 45 100
604 13 39 100
605 27 17 150
605 38 38 150
605 41 21 100
605 41 47 100
605 16 41 100
605 23 30 148
605 33 41 148
606 34 22 100
606 1 22 100
606 1 45 150
606 44 2 100
606 44 41 150
606 6 2 100
606 37 2 99
606 37 11 100
606 37 30 100
606 5 2 100
606 39 21 100
606 19 2 100
606 43 2 100
606 43 38 100
607 39 21 100
607 37 2 99
607 37 32 100
607 38 38 150
607 38 45 99
607 44 2 100
607 44 5 150
607 45 2 150
607 10 45 100
607 33 2 100
607 43 2 100
608 30 45 148
608 31 37 100
608 9 2 100
608 5 2 100
608 5 37 148
608 17 2 100
608 24 2 150
608 28 2 150
608 36 27 100
608 46 35 99
609 38 38 150
609 9 2 100
609 14 2 150
609 37 2 99
609 37 15 100
609 37 41 100
609 5 2 100
609 47 2 150
609 43 2 100
609 43 38 100
609 43 41 148
609 4 13 100
609 0 39 100
609 7 41 99
609 44 2 100
609 45 2 150
610 48 15 100
610 14 2 150
610 24 2 150
610 24 21 148
610 24 41 148
610 45 2 150
610 45 41 150
610 5 2 100
610 9 2 100
610 6 2 100
610 21 2 150
610 12 2 150
611 42 37 150
611 27 45 150
611 29 4 150
611 29 45 100
611 46 35 99
611 46 38 150
611 17 2 100
611 40 37 99
611 41 37 100
611 47 2 150
611 33 2 100
611 33 38 100
612 7 41 99
612 9 2 100
612 9 20 100
612 40 20 150
612 45 2 150
612 45 41 150
612 33 2 100
612 33 7 148
612 33 21 100
612 33 38 100
612 37 2 99
612 37 41 100
612 12 2 150
613 15 7 150
613 15 22 150
613 15 32 100
613 3 7 150
613 3 33 99
613 25 20 150
613 42 44 150
613 10 7 100
613 10 38 148
613 10 45 100
613 12 2 150
613 19 2 100
613 22 2 148
613 22 20 100
613 5 2 100
613 44 2 100
613 26 7 150
614 20 7 150
614 3 7 150
614 3 46 100
614 25 35 100
614 48 37 99
614 42 37 150
614 9 2 100
614 1 45 150
614 35 45 99
614 21 2 150
614 24 2 150
615 12 2 150
615 1 37 150
615 1 39 100
615 1 45 150
615 11 37 99
615 11 38 150
615 47 2 150
615 35 45 99
616 17 2 100
616 17 45 100
616 10 26 100
616 10 38 148
616 10 45 100
616 33 2 100
616 33 13 100
616 21 2 150
617 44 2 100
617 44 38 150
617 44 41 150
617 5 2 100
617 21 2 150
617 0 29 99
617 40 47 100
617 19 2 100
617 6 2 100
617 6 41 150
617 16 15 99
617 37 2 99
618 46 38 150
618 36 23 100
618 39 21 100
618 39 23 150
618 39 28 100
618 37 2 99
618 37 32 100
618 40 23 100
618 3 23 99
618 22 2 148
618 24 2 150
618 24 5 99
618 24 21 148
618 24 45 150
618 33 2 100
618 44 2 100
618 45 2 150
619 22 2 148
619 22 20 100
619 24 2 150
619 24 45 150
619 29 45 100
619 44 2 100
619 20 20 150
619 39 21 100
619 37 2 99
619 21 2 150
619 19 2 100
620 13 39 100
620 28 2 150
620 28 22 100
620 44 2 100
620 44 38 150
620 44 41 150
620 34 22 100
620 7 35 150
620 7 41 99
620 41 11 100
620 19 2 100
620 12 2 150
621 49 49 100
621 40 38 150
621 19 45 150
621 19 46 99
621 19 49 100
621 44 41 150
621 33 21 100
622 5 37 148
622 29 22 100
622 11 37 99
622 11 38 150
622 11 44 99
622 6 17 150
622 34 22 100
622 48 37 99
623 17 45 100
623 40 38 150
623 33 21 100
623 44 36 100
623 22 36 99
623 49 44 99
623 21 27 100
623 5 36 100
624 40 38 150
624 40 39 100
624 22 36 99
624 18 32 100
624 10 45 100
624 1 45 150
624 41 13 100
624 41 21 100
624 4 35 99
625 41 11 100
625 41 21 100
625 41 49 148
625 17 41 99
625 44 41 150
626 11 38 150
626 6 41 150
626 33 21 100
626 33 41 148
627 14 36 150
627 14 38 148
627 14 47 100
627 6 45 99
627 44 36 100
627 44 49 100
627 0 36 148
627 37 30 100
627 37 41 100
627 31 49 100
627 1 45 150
628 16 9 150
628 16 38 150
628 16 41 100
628 7 41 99
628 49 28 100
628 21 33 100
628 33 41 148
629 7 32 100
629 7 41 99
629 40 38 150
629 40 39 100
629 19 11 100
629 39 21 100
629 41 13 100
629 8 5 100
630 33 38 100
630 33 41 148
630 14 36 150
630 16 41 100
630 44 36 100
630 44 41 150
630 45 41 150
630 35 36 100
630 31 20 99
630 23 20 100
630 23 36 99
630 20 20 150
631 31 38 148
631 47 26 100
632 40 47 100
632 30 22 150
632 30 45 148
632 2 36 150
632 23 36 99
632 24 5 99
632 43 36 100
632 43 38 100
633 36 9 100
633 36 27 100
633 33 21 100
633 33 38 100
633 26 45 150
633 20 20 150
633 18 11 100
633 46 20 100
633 38 45 99
634 25 49 150
634 46 15 100
634 46 38 150
634 41 21 100
634 1 45 150
634 39 21 100
635 10 39 100
635 28 44 150
635 25 49 150
635 33 13 100
635 33 38 100
636 22 29 100
636 22 36 99
636 41 21 100
636 4 30 100
636 10 26 100
636 10 38 148
636 23 36 99
637 27 32 99
637 27 45 150
637 29 34 100
637 29 45 100
637 43 7 150
637 43 36 100
637 43 38 100
637 10 7 100
637 44 36 100
637 32 7 150
637 23 7 150
638 6 45 99
638 2 29 100
638 17 45 100
638 38 38 150
638 39 21 100
639 38 45 99
639 43 38 100
639 43 45 99
639 29 5 100
640 42 46 100
640 6 22 150
640 6 41 150
640 46 38 150
640 46 39 100
640 46 49 148
640 18 11 100
640 11 21 150
640 45 41 150
640 17 41 99
641 37 32 100
641 40 35 150
641 40 47 100
641 43 21 150
641 43 38 100
641 43 45 99
641 29 45 100
642 14 2 150
642 14 38 148
642 46 49 148
642 9 2 100
642 37 2 99
642 31 49 100
642 12 2 150
642 44 2 100
643 22 2 148
643 28 2 150
643 16 37 100
643 9 2 100
643 19 2 100
643 19 37 148
643 19 45 150
643 19 49 100
643 33 2 100
643 33 13 100
643 33 21 100
643 33 38 100
643 14 2 150
643 40 33 100
643 21 2 150
644 39 21 100
644 40 39 100
644 14 2 150
644 7 41 99
644 47 2 150
645 23 20 100
645 7 41 99
645 45 2 150
645 45 38 148
645 45 41 150
645 33 2 100
645 33 21 100
645 33 38 100
645 33 41 148
645 28 2 150
645 28 20 150
645 19 2 100
645 22 2 148
645 6 2 100
645 6 41 150
645 5 2 100
646 10 45 100
646 29 45 100
646 42 32 100
646 47 2 150
646 47 35 99
646 28 2 150
646 33 38 100
647 34 13 100
647 10 38 148
647 43 41 148
647 11 44 99
647 47 35 99
647 33 21 100
647 33 41 148
647 36 47 100
648 13 39 100
648 1 37 150
648 1 45 150
648 40 37 99
648 33 38 100
649 38 38 150
649 37 4 150
649 47 26 100
649 47 35 99
649 31 37 100
650 48 37 99
650 40 37 99
650 0 36 148
650 2 35 100
650 2 36 150
650 33 38 100
650 44 36 100
651 20 17 148
651 20 20 150
651 41 21 100
651 22 20 100
651 24 32 100
651 24 41 148
651 33 38 100
651 33 41 148
651 46 15 100
652 40 37 99
652 40 38 150
652 40 47 100
652 44 49 100
652 38 45 99
652 41 13 100
652 41 37 100
652 41 49 148
652 24 45 150
652 21 37 100
652 16 41 100
653 35 45 99
653 17 45 100
653 14 5 100
653 49 28 100
654 31 37 100
654 31 38 148
654 31 49 100
654 1 37 150
654 1 39 100
654 32 29 100
654 45 41 150
654 7 41 99
655 21 38 148
655 21 44 99
655 22 4 100
655 22 20 100
655 17 41 99
655 17 45 100
655 38 45 99
655 26 46 100
655 41 21 100
655 25 20 150
655 1 44 100
656 30 45 148
656 24 38 150
656 41 21 100
657 19 45 150
657 37 20 148
657 20 27 99
657 24 38 150
657 5 20 100
657 10 39 100
657 10 45 100
658 11 38 150
658 6 45 99
658 2 33 100
658 43 45 99
658 33 13 100
658 33 21 100
658 39 28 100
659 49 49 100
659 20 7 150
659 15 7 150
659 8 49 100
659 44 41 150
659 36 7 100
659 36 47 100
659 46 4 99
659 6 41 150
659 3 7 150
660 38 38 150
660 35 32 99
660 46 35 99
660 39 21 100
660 6 41 150
660 16 41 100
661 42 37 150
661 42 44 150
661 46 38 150
661 31 37 100
661 26 7 150
661 16 41 100
661 23 7 150
661 3 7 150
661 17 41 99
661 6 41 150
662 19 29 100
662 44 9 99
662 44 38 150
662 44 41 150
662 45 41 150
662 43 41 148
662 21 35 150
663 31 20 99
663 31 38 148
663 6 45 99
663 3 7 150
663 15 7 150
663 36 7 100
663 23 7 150
663 23 20 100
663 7 29 150
663 45 21 150
663 35 45 99
664 23 27 99
664 39 21 100
664 6 41 150
664 44 41 150
665 40 38 150
665 21 44 99
665 32 32 100
665 24 41 148
665 44 41 150
665 33 13 100
665 33 21 100
665 33 38 100
666 17 35 148
666 17 41 99
666 27 17 150
666 22 4 100
666 39 21 100
667 37 15 100
667 37 41 100
667 1 37 150
667 1 39 100
667 19 37 148
667 19 49 100
667 49 49 100
667 10 38 148
667 41 47 100
668 29 45 100
668 14 38 148
668 45 41 150
668 33 21 100
668 33 41 148
668 48 23 148
668 17 23 148
668 17 41 99
668 17 45 100
668 37 41 100
669 19 49 100
669 7 41 99
669 9 26 100
669 31 38 148
669 31 49 100
669 33 21 100
670 46 29 100
670 46 35 99
670 46 38 150
670 20 9 100
670 37 32 100
670 34 13 100
670 17 45 100
670 38 45 99
671 6 45 99
671 49 11 100
671 10 45 100
671 33 21 100
671 33 38 100
672 26 45 150
672 2 17 100
672 2 33 100
672 10 38 148
673 36 8 150
673 17 45 100
673 2 8 99
673 2 39 100
673 42 46 100
673 24 5 99
673 15 8 100
673 41 21 100
673 38 45 99
674 25 35 100
674 45 8 99
674 45 38 148
674 14 47 100
674 6 45 99
674 46 8 150
674 22 8 150
675 43 7 150
675 43 21 150
675 43 38 100
675 43 41 148
675 43 45 99
675 45 41 150
675 46 29 100
675 33 7 148
675 33 13 100
675 33 38 100
675 36 7 100
676 6 32 100
676 6 41 150
676 26 7 150
676 44 38 150
676 44 41 150
676 40 20 150
676 37 20 148
676 20 44 100
676 21 44 99
677 35 45 99
677 40 20 150
677 22 20 100
677 17 45 100
677 43 38 100
678 46 4 99
678 46 29 100
678 46 35 99
678 46 38 150
678 23 7 150
678 23 45 150
678 15 7 150
678 26 7 150
678 41 21 100
679 38 11 100
679 38 45 99
679 1 39 100
679 1 45 150
679 16 27 100
679 33 38 100
680 47 35 99
680 48 4 100
680 29 45 100
680 4 13 100
681 30 22 150
681 30 45 148
681 25 17 150
681 25 20 150
681 40 38 150
681 26 8 99
681 26 45 150
681 26 46 100
681 28 22 100
681 16 15 99
681 45 8 99
681 11 8 150
681 33 8 100
681 33 38 100
681 43 20 100
682 18 29 100
682 40 47 100
682 8 21 150
682 30 45 148
682 26 7 150
682 26 8 99
682 2 8 99
682 15 7 150
682 15 8 100
683 0 36 148
683 43 7 150
683 43 36 100
683 43 37 150
683 43 38 100
683 40 37 99
683 40 38 150
683 22 36 99
683 14 37 100
683 13 49 150
683 38 11 100
684 9 20 100
684 9 26 100
684 25 17 150
684 25 20 150
684 25 32 100
684 49 22 148
684 40 37 99
684 24 45 150
684 41 37 100
684 36 7 100
685 0 22 150
685 0 29 99
685 43 38 100
685 43 45 99
685 28 30 150
685 40 38 150
685 19 29 100
686 33 21 100
686 33 38 100
686 1 37 150
686 1 39 100
686 1 45 150
686 19 37 148
686 4 35 99
687 21 33 100
687 21 38 148
687 21 49 100
687 27 49 100
687 16 41 100
687 37 41 100
687 39 21 100
687 39 28 100
688 0 29 99
688 32 32 100
688 17 41 99
688 24 41 148
688 33 21 100
688 33 38 100
688 33 41 148
688 44 41 150
689 6 9 150
689 6 45 99
689 41 13 100
689 27 45 150
689 24 38 150
689 16 15 99
689 2 29 100
690 18 29 100
690 30 45 148
690 36 47 100
690 43 38 100
690 41 21 100
691 35 45 99
691 47 35 99
691 47 38 150
691 46 39 100
691 24 45 150
691 42 37 150
691 14 37 100
692 7 41 99
692 44 41 150
692 21 37 100
693 40 38 150
693 38 45 99
693 33 21 100
693 33 38 100
693 1 15 100
694 43 20 100
694 43 38 100
694 43 45 99
694 34 13 100
694 42 17 150
694 42 32 100
694 33 21 100
694 17 41 99
694 17 45 100
694 4 20 100
695 27 45 150
695 3 46 100
695 25 35 100
695 29 45 100
696 47 38 150
696 7 41 99
696 43 20 100
696 43 36 100
696 43 37 150
696 43 38 100
696 43 41 148
696 11 37 99
696 38 36 99
696 10 39 100
696 9 20 100
696 46 20 100
697 7 41 99
697 14 36 150
697 14 47 100
697 44 36 100
697 21 27 100
698 5 37 148
698 4 29 150
698 4 35 99
698 33 21 100
698 33 38 100
698 23 45 150
698 9 26 100
698 43 37 150
698 43 38 100
699 17 41 99
699 1 37 150
699 1 44 100
699 14 37 100
699 14 38 148
699 39 28 100
699 28 20 150
699 9 20 100
699 35 13 100
700 7 32 100
700 7 41 99
700 4 20 100
700 33 7 148
700 33 38 100
700 33 41 148
700 20 7 150
700 20 20 150
700 43 7 150
700 43 37 150
700 43 45 99
700 21 37 100
700 35 45 99
701 6 45 99
701 21 38 148
701 21 44 99
701 39 21 100
701 39 36 150
701 3 33 99
701 5 36 100
701 29 45 100
701 44 36 100
702 2 39 100
702 25 20 150
702 40 4 100
702 40 38 150
702 31 20 99
702 41 21 100
702 16 41 100
702 1 44 100
703 36 47 100
703 16 41 100
703 43 38 100
703 43 41 148
703 24 41 148
704 17 41 99
704 26 7 150
704 6 41 150
704 46 29 100
704 46 38 150
704 32 7 150
704 41 21 100
705 2 29 100
705 2 35 100
705 29 45 100
705 45 15 100
705 45 41 150
705 23 7 150
705 23 45 150
705 32 7 150
705 21 37 100
705 42 37 150
706 35 13 100
706 35 45 99
706 38 38 150
706 38 45 99
706 26 4 100
706 42 37 150
706 41 37 100
706 14 37 100
707 16 38 150
707 16 41 100
707 33 7 148
707 33 21 100
707 15 7 150
707 29 5 100
707 29 34 100
707 3 7 150
707 4 20 100
707 4 30 100
707 22 20 100
708 12 49 150
708 37 32 100
708 38 38 150
708 38 45 99
708 24 21 148
708 10 39 100
708 10 45 100
709 46 22 150
709 46 38 150
709 38 9 100
709 38 36 99
709 38 44 150
709 7 41 99
709 44 36 100
709 44 41 150
709 35 36 100
709 40 37 99
710 44 36 100
710 44 41 150
710 1 37 150
710 6 41 150
710 36 47 100
711 26 45 150
711 24 38 150
711 24 41 148
711 28 22 100
711 30 22 150
711 21 27 100
712 32 7 150
712 45 21 150
712 45 38 148
712 26 7 150
712 26 45 150
712 3 7 150
712 47 35 99
712 35 45 99
713 3 7 150
713 3 23 99
713 1 15 100
713 1 23 150
713 1 37 150
713 1 45 150
713 4 29 150
713 49 23 100
713 11 23 99
713 11 37 99
713 11 38 150
713 43 7 150
713 26 7 150
714 28 4 100
714 28 44 150
714 44 38 150
714 44 41 150
714 32 7 150
714 33 13 100
714 33 41 148
714 40 37 99
714 41 37 100
715 33 7 148
715 33 21 100
715 33 38 100
715 33 41 148
715 28 20 150
715 19 11 100
715 19 37 148
715 3 7 150
715 5 20 100
715 5 32 100
715 7 41 99
715 10 7 100
715 15 7 150
715 24 41 148
716 1 37 150
716 1 39 100
716 1 45 150
716 18 11 100
716 18 29 100
716 11 37 99
716 11 38 150
716 25 49 150
716 4 30 100
717 37 20 148
717 46 20 100
717 16 21 150
717 26 45 150
717 10 38 148
717 10 45 100
718 39 21 100
718 39 23 150
718 39 33 100
718 23 23 150
718 23 45 150
718 36 47 100
719 14 5 100
719 14 30 150
719 14 37 100
719 14 38 148
719 3 46 100
719 1 37 150
719 4 13 100
719 9 26 100
720 22 20 100
720 4 20 100
720 2 39 100
720 29 45 100
720 10 38 148
720 10 45 100
720 27 32 99
720 31 20 99
721 43 21 150
721 43 38 100
721 43 45 99
721 38 45 99
721 40 35 150
722 21 38 148
722 27 45 150
722 43 20 100
722 43 21 150
722 43 45 99
722 22 20 100
722 45 15 100
723 45 38 148
723 11 37 99
723 31 20 99
723 31 37 100
723 17 45 100
723 42 37 150
723 10 45 100
724 46 22 150
724 46 35 99
724 46 38 150
724 46 39 100
724 36 27 100
724 33 21 100
724 33 41 148
724 7 32 100
724 7 41 99
725 39 36 150
725 14 36 150
725 14 47 100
725 38 36 99
725 38 45 99
725 34 13 100
726 18 29 100
726 17 41 99
726 17 45 100
726 46 38 150
726 6 41 150
726 5 37 148
726 40 37 99
727 6 17 150
727 6 41 150
727 46 38 150
727 33 21 100
727 8 5 100
727 10 11 100
728 35 45 99
728 43 38 100
728 43 45 99
728 13 49 150
728 31 49 100
728 33 8 100
728 33 38 100
728 2 8 99
728 45 8 99
728 26 8 99
728 36 8 150
729 21 11 100
729 18 29 100
729 2 8 99
729 2 39 100
729 23 8 100
729 23 45 150
730 19 9 150
730 17 41 99
730 45 38 148
730 45 41 150
730 16 41 100
730 32 32 100
731 24 5 99
731 24 38 150
731 24 45 150
731 16 37 100
731 6 45 99
731 21 37 100
732 16 21 150
732 16 37 100
732 16 38 150
732 17 45 100
732 41 13 100
732 46 20 100
732 25 20 150
733 8 21 150
733 11 38 150
733 43 20 100
733 28 4 100
733 28 20 150
733 40 33 100
733 40 47 100
734 30 45 148
734 10 45 100
734 28 44 150
734 28 46 100
734 43 38 100
734 39 21 100
734 37 32 100
735 19 45 150
735 31 35 150
735 31 38 148
735 35 36 100
735 2 36 150
735 2 39 100
735 0 36 148
735 21 27 100
735 39 21 100
736 17 45 100
736 20 7 150
736 30 22 150
736 30 45 148
736 3 7 150
736 13 49 150
736 31 37 100
736 15 7 150
737 16 15 99
737 16 37 100
737 16 38 150
737 41 37 100
737 47 26 100
738 4 13 100
738 4 30 100
738 14 38 148
738 30 45 148
738 26 8 99
738 22 8 150
738 2 8 99
738 15 8 100
738 5 8 100
739 5 8 100
739 37 41 100
739 15 8 100
739 14 38 148
739 23 8 100
739 24 41 148
739 33 8 100
739 22 8 150
739 40 35 150
739 45 8 99
740 21 11 100
740 21 22 148
740 21 37 100
740 21 38 148
740 4 35 99
740 16 22 100
740 16 37 100
740 16 41 100
740 32 32 100
740 29 8 150
740 22 8 150
741 37 41 100
741 2 39 100
741 11 44 99
741 33 21 100
741 33 38 100
741 33 41 148
741 16 41 100
742 42 46 100
742 18 22 150
742 14 38 148
742 38 45 99
742 10 45 100
743 41 47 100
743 4 20 100
743 4 29 150
743 40 20 150
743 0 36 148
743 27 45 150
743 10 26 100
743 10 45 100
743 22 36 99
744 42 37 150
744 31 37 100
744 31 38 148
744 22 36 99
744 14 5 100
744 14 37 100
744 24 41 148
744 0 9 100
745 31 38 148
745 17 41 99
745 6 41 150
745 40 39 100
745 16 41 100
745 45 41 150
746 42 46 100
746 40 38 150
746 33 13 100
746 33 21 100
746 33 41 148
747 48 4 100
747 48 37 99
747 17 41 99
747 41 21 100
747 41 37 100
747 41 47 100
747 36 7 100
747 37 41 100
747 10 7 100
747 10 38 148
747 16 37 100
748 18 32 100
748 12 2 150
748 5 2 100
748 5 37 148
748 4 35 99
748 40 37 99
748 40 38 150
748 15 7 150
748 37 2 99
748 21 2 150
748 3 7 150
749 1 37 150
749 15 7 150
749 44 2 100
749 44 41 150
749 45 2 150
749 45 41 150
749 33 2 100
749 33 7 148
749 33 38 100
749 23 7 150
749 39 33 100
749 12 2 150
749 14 2 150
749 14 37 100
749 20 7 150
749 19 2 100
750 6 2 100
750 6 22 150
750 1 37 150
750 1 44 100
750 40 35 150
750 40 37 99
750 40 38 150
750 9 2 100
750 9 26 100
750 20 44 100
750 44 2 100
751 45 2 150
751 45 4 99
751 22 2 148
751 10 45 100
751 42 17 150
751 34 13 100
751 6 2 100
751 6 45 99
751 24 2 150
751 48 37 99
751 44 2 100
751 28 2 150
751 9 2 100
752 44 2 100
752 44 38 150
752 36 7 100
752 25 35 100
752 42 44 150
752 21 2 150
752 22 2 148
752 47 2 150
752 5 2 100
752 26 7 150
752 26 45 150
752 39 21 100
752 20 7 150
753 20 44 100
753 44 38 150
753 44 41 150
753 44 49 100
753 22 29 100
753 33 21 100
753 33 41 148
753 21 49 100
753 1 39 100
753 6 32 100
754 45 15 100
754 45 38 148
754 45 41 150
754 17 41 99
754 18 46 100
754 5 37 148
754 7 41 99
754 26 7 150
754 37 41 100
754 32 7 150
754 47 35 99
754 36 7 100
755 11 37 99
755 11 38 150
755 41 21 100
755 41 27 99
755 41 47 100
755 25 35 100
755 20 7 150
755 16 41 100
755 37 41 100
755 26 4 100
755 33 41 148
756 25 35 100
756 43 38 100
756 43 45 99
756 17 45 100
757 30 45 148
757 33 13 100
757 33 38 100
758 17 41 99
758 17 45 100
758 22 20 100
758 6 32 100
758 6 41 150
758 2 39 100
758 14 38 148
758 43 20 100
759 5 46 99
759 33 21 100
759 33 38 100
759 19 45 150
759 45 34 100
760 36 47 100
760 24 5 99
760 24 38 150
760 24 45 150
760 39 21 100
761 1 44 100
761 38 38 150
761 17 41 99
761 43 41 148
762 46 4 99
762 46 20 100
762 46 29 100
762 5 20 100
762 22 20 100
762 20 9 100
762 20 44 100
762 29 21 148
762 41 13 100
763 15 22 150
763 41 21 100
763 3 33 99
763 16 22 100
763 16 38 150
763 16 41 100
763 13 39 100
763 17 35 148
764 4 20 100
764 32 32 100
764 20 20 150
764 20 44 100
764 28 22 100
764 28 46 100
764 9 26 100
764 11 38 150
764 14 22 99
765 30 45 148
765 28 4 100
765 31 38 148
765 41 21 100
765 17 45 100
766 46 4 99
766 46 35 99
766 46 38 150
766 33 21 100
766 14 47 100
767 49 44 99
767 8 21 150
767 24 45 150
767 23 20 100
767 4 20 100
767 25 9 99
767 20 44 100
768 7 41 99
768 36 7 100
768 33 7 148
768 33 38 100
768 33 41 148
768 33 46 100
768 16 38 150
768 16 41 100
768 0 36 148
768 9 26 100
768 38 36 99
768 14 36 150
769 33 7 148
769 33 13 100
769 33 21 100
769 33 38 100
769 31 34 100
769 0 36 148
769 17 45 100
769 38 36 99
769 38 45 99
769 2 36 150
769 36 7 100
769 4 30 100
770 45 21 150
770 45 38 148
770 24 45 150
770 38 45 99
770 10 7 100
770 10 39 100
770 40 20 150
771 29 45 100
771 25 20 150
771 17 45 100
772 6 32 100
772 6 41 150
772 43 20 100
772 43 37 150
772 43 38 100
772 43 41 148
772 33 38 100
772 48 37 99
772 23 20 100
772 16 41 100
773 19 49 100
773 14 38 148
773 28 44 150
774 23 20 100
774 23 45 150
774 14 38 148
774 46 20 100
774 5 20 100
774 13 44 150
774 33 13 100
774 20 9 100
775 1 39 100
775 1 45 150
775 39 28 100
775 21 27 100
775 21 35 150
775 29 45 100
776 11 8 150
776 11 38 150
776 34 8 99
776 34 22 100
776 34 29 150
776 44 9 99
776 44 41 150
776 39 8 100
776 29 8 150
776 17 41 99
776 36 8 150
777 15 8 100
777 40 37 99
777 40 38 150
777 43 37 150
778 16 26 150
778 16 38 150
778 16 41 100
778 43 2 100
778 17 2 100
778 17 35 148
778 45 2 150
778 45 4 99
778 12 2 150
778 9 2 100
779 10 21 150
779 10 38 148
779 21 2 150
779 21 33 100
779 18 29 100
779 18 32 100
779 41 47 100
779 6 2 100
779 6 41 150
779 37 2 99
779 37 15 100
779 37 41 100
779 28 2 150
779 44 2 100
779 33 2 100
779 25 35 100
779 24 2 150
780 37 2 99
780 37 20 148
780 37 41 100
780 6 2 100
780 6 45 99
780 12 2 150
780 38 45 99
780 22 2 148
780 22 20 100
780 44 2 100
780 5 2 100
780 5 46 99
780 14 2 150
780 41 13 100
781 23 45 150
781 37 2 99
781 0 34 100
781 0 39 100
781 17 2 100
781 22 2 148
781 21 2 150
781 21 38 148
781 28 2 150
782 42 37 150
782 29 45 100
782 10 38 148
782 10 45 100
782 32 29 100
782 21 35 150
782 21 37 100
782 14 37 100
783 41 37 100
783 48 37 99
783 38 9 100
783 38 38 150
784 42 17 150
784 42 32 100
784 48 37 99
784 33 21 100
784 33 38 100
785 11 38 150
785 41 13 100
785 41 47 100
785 37 20 148
785 46 20 100
785 46 35 99
785 17 45 100
786 29 45 100
786 9 26 100
786 43 37 150
786 43 38 100
786 43 45 99
786 11 37 99
786 18 29 100
787 25 9 99
787 25 49 150
787 14 38 148
787 16 21 150
787 1 4 100
787 1 39 100
787 1 45 150
787 38 45 99
788 22 4 100
788 1 37 150
788 1 45 150
788 31 35 150
788 31 37 100
788 31 38 148
788 31 49 100
788 43 45 99
789 47 35 99
789 6 45 99
789 43 37 150
789 43 38 100
789 43 45 99
789 5 37 148
790 21 38 148
790 19 45 150
790 18 32 100
790 41 13 100
790 41 21 100
790 46 15 100
791 7 35 150
791 19 45 150
791 17 45 100
791 43 38 100
791 46 39 100
792 24 38 150
792 24 41 148
792 33 21 100
792 33 41 148
793 3 33 99
793 40 35 150
793 40 47 100
793 41 21 100
793 48 29 100
793 6 45 99
794 11 38 150
794 1 15 100
794 1 45 150
794 7 32 100
794 24 45 150
794 47 35 99
794 33 21 100
795 14 38 148
795 18 46 100
795 34 13 100
795 19 45 150
795 40 39 100
796 2 30 150
796 8 49 100
796 11 38 150
796 41 11 100
796 41 21 100
796 17 41 99
796 37 41 100
796 7 41 99
797 5 46 99
797 1 45 150
797 14 38 148
797 19 49 100
797 17 45 100
797 46 49 148
797 41 21 100
798 41 37 100
798 33 38 100
798 17 45 100
798 43 37 150
798 43 45 99
799 8 4 150
799 31 35 150
799 31 37 100
799 31 38 148
799 36 27 100
799 36 47 100
799 43 37 150
799 43 41 148
799 6 41 150
800 33 13 100
800 33 38 100
800 32 29 100
800 31 37 100
800 48 37 99
800 4 35 99
800 41 37 100
800 30 45 148
800 10 39 100
800 17 41 99
801 21 38 148
801 5 32 100
801 5 36 100
801 43 36 100
801 43 41 148
801 23 36 99
801 44 36 100
801 44 41 150
802 32 29 100
802 38 17 100
802 0 17 100
802 43 20 100
802 43 21 150
802 43 38 100
802 43 41 148
802 24 41 148
802 23 20 100
803 43 38 100
803 43 45 99
803 6 45 99
803 10 11 100
803 31 35 150
804 46 38 150
804 33 21 100
804 29 5 100
804 36 47 100
804 16 41 100
805 26 45 150
805 31 37 100
805 16 37 100
805 35 13 100
805 35 36 100
805 1 37 150
805 1 39 100
805 14 36 150
805 0 36 148
806 37 30 100
806 40 38 150
806 43 21 150
806 43 38 100
806 42 44 150
807 21 35 150
807 15 32 100
807 16 41 100
807 37 41 100
808 10 7 100
808 10 26 100
808 10 38 148
808 18 29 100
808 22 29 100
808 32 7 150
808 44 41 150
808 23 7 150
808 33 38 100
809 40 33 100
809 3 9 99
809 6 45 99
809 27 45 150
810 24 38 150
810 24 41 148
810 44 36 100
810 44 41 150
810 5 36 100
810 48 22 100
810 22 36 99
810 22 44 150
810 1 22 100
810 0 36 148
811 46 35 99
811 46 38 150
811 46 39 100
811 24 21 148
811 24 32 100
811 24 45 150
811 4 13 100
811 33 25 99
812 4 20 100
812 6 41 150
812 23 20 100
812 5 20 100
812 13 44 150
812 8 21 150
812 11 38 150
812 7 41 99
813 20 7 150
813 20 9 100
813 36 7 100
813 36 8 150
813 49 49 100
813 0 34 100
813 9 8 100
813 38 38 150
813 15 7 150
813 15 8 100
813 43 7 150
813 43 41 148
813 23 8 100
814 14 38 148
814 38 11 100
814 38 45 99
814 27 45 150
814 22 8 150
814 41 27 99
814 44 41 150
814 2 8 99
814 45 41 150
815 5 8 100
815 5 32 100
815 33 8 100
815 33 38 100
815 10 26 100
815 9 8 100
815 2 8 99
815 36 8 150
815 36 47 100
815 15 8 100
816 15 8 100
816 11 21 150
816 11 38 150
816 32 29 100
816 17 35 148
816 34 13 100
817 33 38 100
817 11 37 99
817 11 44 99
817 6 45 99
817 43 20 100
817 43 37 150
817 43 45 99
817 19 29 100
817 4 20 100
817 4 30 100
817 1 39 100
818 35 44 148
818 24 41 148
818 36 9 100
818 41 21 100
818 17 41 99
818 7 41 99
818 22 29 100
819 22 2 148
819 28 2 150
819 48 15 100
819 2 35 100
819 21 2 150
819 21 38 148
819 12 2 150
819 24 2 150
819 5 2 100
819 9 2 100
819 9 26 100
819 43 2 100
819 43 38 100
819 6 2 100
820 45 2 150
820 45 38 148
820 45 41 150
820 44 2 100
820 44 41 150
820 12 2 150
820 47 2 150
820 22 2 148
820 6 2 100
821 20 20 150
821 10 45 100
821 6 2 100
821 6 32 100
821 6 45 99
821 45 2 150
821 9 2 100
821 9 20 100
821 17 2 100
821 1 37 150
821 47 2 150
821 41 13 100
821 41 37 100
821 5 2 100
822 24 2 150
822 24 38 150
822 24 45 150
822 37 2 99
822 33 2 100
822 33 7 148
822 23 7 150
822 20 7 150
823 17 35 148
823 17 41 99
823 37 41 100
823 0 39 100
823 47 38 150
823 7 41 99
823 10 7 100
824 32 7 150
824 35 45 99
824 23 7 150
824 23 45 150
824 15 7 150
824 43 38 100
824 14 47 100
824 17 41 99
824 8 49 100
824 27 49 100
825 46 38 150
825 17 45 100
825 32 7 150
825 32 32 100
825 36 7 100
825 35 45 99
825 39 21 100
825 39 33 100
826 22 29 100
826 37 11 100
826 21 38 148
826 35 13 100
826 29 21 148
826 43 7 150
826 36 7 100
827 26 45 150
827 10 7 100
827 10 21 150
827 10 38 148
827 29 5 100
828 39 21 100
828 43 38 100
828 43 41 148
828 7 41 99
828 37 41 100
829 41 21 100
829 41 47 100
829 41 49 148
829 6 32 100
829 6 45 99
829 33 38 100
829 10 39 100
829 10 45 100
830 40 4 100
830 40 38 150
830 35 45 99
830 38 45 99
831 46 4 99
831 46 15 100
831 46 29 100
831 46 38 150
831 11 21 150
831 6 45 99
831 10 45 100
832 38 9 100
832 38 45 99
832 17 45 100
832 41 13 100
832 41 37 100
832 40 37 99
832 21 37 100
832 33 38 100
833 47 2 150
833 47 26 100
833 47 35 99
833 47 38 150
833 35 22 100
833 49 22 148
833 14 2 150
833 14 37 100
833 48 37 99
833 11 37 99
833 9 2 100
833 44 2 100
833 12 2 150
833 6 2 100
834 4 35 99
834 44 2 100
834 44 41 150
834 19 2 100
834 19 37 148
834 28 2 150
834 28 4 100
834 12 2 150
834 6 2 100
834 6 41 150
834 48 37 99
834 16 27 100
835 10 38 148
835 10 45 100
835 47 2 150
835 3 9 99
835 33 2 100
835 33 38 100
835 34 29 150
835 6 2 100
835 6 32 100
835 6 45 99
835 9 2 100
835 24 2 150
836 33 2 100
836 33 21 100
836 33 38 100
836 33 41 148
836 46 39 100
836 46 49 148
836 31 49 100
836 6 2 100
836 6 41 150
836 14 2 150
836 14 47 100
836 45 2 150
836 9 2 100
836 47 2 150
837 30 45 148
837 2 35 100
837 20 7 150
837 6 2 100
837 28 2 150
837 44 2 100
837 11 21 150
838 10 7 100
838 10 38 148
838 38 29 150
838 38 44 150
838 4 35 99
838 1 37 150
839 40 37 99
839 40 38 150
839 11 37 99
839 23 7 150
839 23 45 150
839 17 45 100
839 26 7 150
839 15 7 150
840 27 32 99
840 27 45 150
840 27 49 100
840 29 21 148
840 23 7 150
840 34 13 100
840 32 7 150
840 44 38 150
840 21 33 100
841 47 35 99
841 47 38 150
841 17 45 100
841 22 44 150
841 18 46 100
841 26 7 150
841 26 45 150
841 16 21 150
841 43 7 150
841 3 7 150
842 27 45 150
842 41 21 100
842 41 47 100
842 9 20 100
842 47 38 150
842 46 20 100
842 23 20 100
843 38 45 99
843 19 37 148
843 19 45 150
843 43 38 100
843 48 15 100
843 48 37 99
843 36 7 100
844 19 45 150
844 47 35 99
844 25 32 100
844 45 38 148
844 0 39 100
844 34 13 100
845 29 22 100
845 29 45 100
845 39 21 100
845 38 45 99
845 4 20 100
845 40 20 150
846 10 38 148
846 2 29 100
846 40 37 99
846 42 37 150
846 17 41 99
846 7 41 99
846 16 41 100
847 44 38 150
847 25 35 100
847 10 22 100
847 10 39 100
847 10 45 100
847 15 22 150
847 37 4 150
847 37 15 100
847 37 41 100
847 29 5 100
847 29 45 100
848 46 20 100
848 46 22 150
848 46 38 150
848 28 20 150
848 33 21 100
848 33 41 148
848 6 41 150
848 49 11 100
849 37 20 148
849 37 41 100
849 31 20 99
849 31 37 100
849 31 38 148
849 20 7 150
849 26 7 150
849 1 37 150
849 22 29 100
849 17 41 99
849 40 37 99
850 27 32 99
850 27 45 150
850 5 37 148
850 15 7 150
850 15 22 150
850 24 41 148
850 41 27 99
850 41 37 100
851 15 7 150
851 22 4 100
851 10 7 100
851 10 38 148
851 10 45 100
851 21 49 100
851 30 45 148
851 31 49 100
851 43 7 150
851 43 38 100
851 20 7 150
852 35 44 148
852 35 45 99
852 10 45 100
852 43 38 100
852 21 44 99
853 23 7 150
853 17 11 100
853 21 22 148
853 21 38 148
853 35 22 100
853 9 26 100
853 33 7 148
853 33 21 100
853 36 7 100
853 36 47 100
854 48 29 100
854 21 33 100
854 17 41 99
854 2 35 100
854 2 39 100
854 49 28 100
854 34 13 100
854 44 41 150
855 45 4 99
855 45 34 100
855 45 38 148
855 45 41 150
855 6 41 150
855 19 49 100
855 8 49 100
855 7 41 99
856 15 7 150
856 17 45 100
856 1 4 100
856 2 35 100
856 26 7 150
856 24 38 150
856 29 45 100
856 33 7 148
856 33 21 100
857 48 15 100
857 48 37 99
857 23 7 150
857 47 38 150
857 21 37 100
857 16 37 100
858 15 32 100
858 16 38 150
858 30 45 148
858 25 49 150
858 48 29 100
859 40 35 150
859 45 41 150
859 4 13 100
859 23 7 150
859 28 46 100
859 44 41 150
859 32 7 150
859 15 7 150
860 39 21 100
860 33 7 148
860 33 38 100
860 47 26 100
860 47 38 150
860 10 7 100
860 10 45 100
860 7 41 99
860 26 7 150
860 26 45 150
860 15 7 150
860 14 47 100
860 21 49 100
861 41 11 100
861 41 37 100
861 10 39 100
861 27 49 100
861 21 37 100
861 45 41 150
861 16 41 100
861 33 38 100
862 47 38 150
862 41 21 100
862 41 27 99
862 30 45 148
862 17 41 99
863 37 15 100
863 37 20 148
863 37 32 100
863 37 41 100
863 20 20 150
863 11 21 150
863 11 37 99
863 7 41 99
863 17 41 99
864 2 36 150
864 45 38 148
864 25 20 150
864 24 45 150
864 4 13 100
864 4 20 100
864 0 36 148
864 41 21 100
865 44 38 150
865 17 45 100
