37 0 3 100
37 0 11 150
37 0 15 100
37 0 26 150
37 0 36 100
37 0 37 150
37 0 39 100
37 0 40 148
37 0 44 100
38 0 3 100
38 0 11 150
38 0 15 100
38 0 26 150
38 0 36 100
38 0 37 150
38 0 39 100
38 0 40 148
38 0 44 100
94 0 3 100
94 0 11 150
94 0 15 100
94 0 26 150
94 0 36 100
94 0 37 150
94 0 39 100
94 0 40 148
94 0 44 100
161 15 5 100
161 15 6 150
161 15 8 100
161 15 12 150
161 15 14 100
161 15 32 148
161 15 40 100
161 15 42 150
161 15 49 100
172 0 3 100
172 0 11 150
172 0 15 100
172 0 26 150
172 0 36 100
172 0 37 150
172 0 39 100
172 0 40 148
172 0 44 100
188 41 12 100
188 41 15 150
188 41 18 100
188 41 19 150
188 41 24 100
188 41 33 150
188 41 39 100
197 41 12 100
197 41 15 150
197 41 18 100
197 41 19 150
197 41 24 100
197 41 33 150
197 41 39 100
199 41 12 100
199 41 15 150
199 41 18 100
199 41 19 150
199 41 24 100
199 41 33 150
199 41 39 100
201 41 12 100
201 41 15 150
201 41 18 100
201 41 19 150
201 41 24 100
201 41 33 150
201 41 39 100
202 15 5 100
202 15 6 150
202 15 8 100
202 15 12 150
202 15 14 100
202 15 32 148
202 15 40 100
202 15 42 150
202 15 49 100
205 0 3 100
205 0 11 150
205 0 15 100
205 0 26 150
205 0 36 100
205 0 37 150
205 0 39 100
205 0 40 148
205 0 44 100
245 41 12 100
245 41 15 150
245 41 18 100
245 41 19 150
245 41 24 100
245 41 33 150
245 41 39 100
303 15 5 100
303 15 6 150
303 15 8 100
303 15 12 150
303 15 14 100
303 15 32 148
303 15 40 100
303 15 42 150
303 15 49 100
351 41 12 100
351 41 15 150
351 41 18 100
351 41 19 150
351 41 24 100
351 41 33 150
351 41 39 100
358 15 5 100
358 15 6 150
358 15 8 100
358 15 12 150
358 15 14 100
358 15 32 148
358 15 40 100
358 15 42 150
358 15 49 100
360 28 1 100
360 28 8 150
360 28 10 100
360 28 13 150
360 28 20 100
360 28 21 150
360 28 24 99
360 28 30 150
360 28 31 100
360 28 35 150
360 28 39 100
360 28 41 150
360 28 47 100
360 28 48 148
362 41 12 100
362 41 15 150
362 41 18 100
362 41 19 150
362 41 24 100
362 41 33 150
362 41 39 100
390 0 3 100
390 0 11 150
390 0 15 100
390 0 26 150
390 0 36 100
390 0 37 150
390 0 39 100
390 0 40 148
390 0 44 100
409 15 5 100
409 15 6 150
409 15 8 100
409 15 12 150
409 15 14 100
409 15 32 148
409 15 40 100
409 15 42 150
409 15 49 100
409 0 3 100
409 0 11 150
409 0 15 100
409 0 26 150
409 0 36 100
409 0 37 150
409 0 39 100
409 0 40 148
409 0 44 100
413 41 12 100
413 41 15 150
413 41 18 100
413 41 19 150
413 41 24 100
413 41 33 150
413 41 39 100
500 41 12 100
500 41 15 150
500 41 18 100
500 41 19 150
500 41 24 100
500 41 33 150
500 41 39 100
527 15 5 100
527 15 6 150
527 15 8 100
527 15 12 150
527 15 14 100
527 15 32 148
527 15 40 100
527 15 42 150
527 15 49 100
583 15 5 100
583 15 6 150
583 15 8 100
583 15 12 150
583 15 14 100
583 15 32 148
583 15 40 100
583 15 42 150
583 15 49 100
592 41 12 100
592 41 15 150
592 41 18 100
592 41 19 150
592 41 24 100
592 41 33 150
592 41 39 100
630 41 12 100
630 41 15 150
630 41 18 100
630 41 19 150
630 41 24 100
630 41 33 150
630 41 39 100
644 0 3 100
644 0 11 150
644 0 15 100
644 0 26 150
644 0 36 100
644 0 37 150
644 0 39 100
644 0 40 148
644 0 44 100
660 15 5 100
660 15 6 150
660 15 8 100
660 15 12 150
660 15 14 100
660 15 32 148
660 15 40 100
660 15 42 150
660 15 49 100
692 47 3 150
692 47 10 100
692 47 12 150
692 47 13 100
692 47 28 150
692 47 32 99
692 47 47 150
692 47 49 100
692 46 3 99
692 46 5 148
692 46 11 150
692 46 19 150
692 46 20 100
692 46 26 150
692 46 33 120
692 17 3 100
692 17 4 150
692 17 15 148
692 17 18 100
692 17 19 150
692 17 20 100
692 17 21 120
692 17 32 148
692 17 35 150
692 17 42 100
692 39 3 99
692 39 8 150
692 39 15 100
692 39 24 150
692 39 45 150
692 39 47 110
692 20 30 100
692 20 32 150
692 20 39 100
692 30 1 100
692 30 8 150
692 30 11 100
692 30 12 148
692 30 24 150
692 30 26 100
692 30 30 150
692 30 32 100
692 30 34 100
692 30 35 148
692 30 39 99
692 30 40 148
692 30 41 100
692 30 44 150
692 30 48 99
692 34 1 10
692 34 13 100
692 34 15 150
692 34 37 150
692 34 38 70
692 36 5 48
692 36 18 150
692 36 20 100
692 36 32 99
692 43 4 150
692 43 8 150
692 43 13 148
692 43 24 148
692 43 28 150
692 43 30 99
692 43 31 148
692 43 32 100
692 43 35 148
692 43 36 100
692 43 39 148
692 43 49 150
692 11 3 150
692 11 10 150
692 11 18 100
692 11 39 100
692 29 26 150
692 29 35 150
692 29 40 100
692 29 49 100
692 32 3 150
692 32 11 99
692 32 19 100
692 32 26 148
692 32 39 99
692 32 42 150
692 32 49 100
692 25 8 100
692 25 14 150
692 25 24 150
692 25 32 150
692 25 34 99
692 25 45 88
692 49 18 100
692 49 20 112
692 49 32 150
692 49 35 148
692 12 4 100
692 12 6 72
692 12 24 150
692 12 32 150
692 12 40 150
692 4 11 150
692 4 13 100
692 4 24 148
692 4 25 100
692 4 28 14
692 4 36 100
692 4 39 150
692 4 41 100
693 14 8 150
693 14 11 100
693 14 15 150
693 14 36 100
693 14 39 148
693 14 48 100
693 8 8 100
693 8 10 150
693 8 19 100
693 8 34 150
693 8 44 150
693 6 6 4
693 6 30 150
693 6 31 100
693 6 32 99
693 6 42 114
693 37 10 39
693 37 18 148
693 37 19 100
693 37 30 16
693 37 48 150
693 23 11 100
693 23 14 150
693 23 18 100
693 23 39 100
693 28 8 150
693 28 13 150
693 28 24 99
693 28 35 150
693 28 39 100
693 28 41 150
693 28 48 148
693 16 8 100
693 16 12 100
693 16 24 100
693 16 25 150
693 16 34 100
693 16 35 150
693 16 39 148
693 16 41 100
693 9 3 148
693 9 4 100
693 9 11 100
693 9 26 100
693 9 40 150
693 4 11 150
693 4 13 100
693 4 24 148
693 4 25 100
693 4 35 150
693 4 36 100
693 4 39 150
693 4 41 100
693 32 3 150
693 32 11 99
693 32 19 100
693 32 26 148
693 32 39 99
693 32 49 100
693 5 3 150
693 5 18 148
693 5 40 100
693 5 48 148
693 5 49 100
693 25 8 100
693 25 14 150
693 25 24 150
693 25 34 99
693 44 10 1
693 44 49 148
693 40 14 148
693 40 19 148
693 40 36 100
693 40 40 150
693 40 44 100
693 40 48 150
693 2 8 150
693 2 14 148
693 2 18 99
693 2 19 114
693 2 26 150
693 2 39 100
693 2 40 148
693 49 8 150
693 49 18 100
693 49 32 2
694 23 10 4
694 23 14 150
694 23 18 100
694 23 39 100
694 9 3 148
694 9 4 86
694 9 26 100
694 9 40 150
694 3 3 99
694 3 8 99
694 3 13 100
694 3 18 150
694 3 19 6
694 3 35 100
694 3 39 100
694 30 8 150
694 30 11 100
694 30 12 148
694 30 24 150
694 30 26 100
694 30 35 148
694 30 39 99
694 30 40 148
694 30 41 100
694 30 44 150
694 30 48 99
694 26 15 150
694 26 24 150
694 26 26 100
694 26 44 100
694 5 3 150
694 5 6 4
694 5 40 100
694 5 48 148
694 5 49 100
694 19 8 36
694 19 14 99
694 19 18 150
694 19 24 100
694 19 39 150
694 40 14 104
694 40 40 150
694 40 44 100
694 40 48 150
694 22 3 100
694 22 11 100
694 22 12 150
694 22 15 100
694 22 41 150
694 22 44 150
694 22 49 99
694 24 25 100
694 15 12 150
694 15 14 3
694 15 49 10
694 11 3 150
694 11 18 100
694 11 39 100
694 20 39 100
694 29 26 150
694 29 35 150
694 29 40 100
694 29 49 1
694 14 15 150
694 14 36 100
694 14 39 148
694 14 48 100
695 12 6 4
695 12 24 150
695 12 40 150
695 34 11 148
695 34 13 100
695 34 15 150
695 34 39 150
695 44 10 4
695 33 11 150
695 17 3 100
695 17 15 148
695 17 18 100
695 17 19 3
695 45 13 99
695 45 24 99
695 45 39 100
695 45 48 93
695 37 18 148
695 37 35 2
695 5 18 148
695 5 40 100
695 15 12 150
695 15 40 100
695 8 19 1
695 35 18 150
695 24 25 100
695 10 11 150
695 10 24 150
695 10 25 99
695 10 26 150
695 10 40 150
695 48 18 150
695 48 40 100
695 48 44 150
695 31 39 99
695 6 40 100
696 32 3 150
696 32 11 99
696 32 19 4
696 32 39 99
696 33 11 150
696 14 11 100
696 14 15 150
696 14 36 100
696 14 39 148
696 6 6 4
696 9 3 148
696 9 11 100
696 9 26 100
696 9 40 150
696 49 18 100
696 3 3 99
696 3 13 100
696 3 18 150
696 3 24 100
696 3 39 100
696 28 13 150
696 28 24 99
696 28 39 100
696 28 41 150
696 19 11 150
696 19 18 150
696 19 24 100
696 19 39 150
696 42 12 100
696 40 36 100
696 40 40 150
696 40 44 100
696 24 25 100
696 31 39 99
696 26 15 150
696 26 24 8
696 26 44 100
696 4 11 150
696 4 13 100
696 4 25 100
696 4 36 100
696 4 39 150
696 4 41 100
696 38 25 150
697 18 12 150
697 18 13 100
697 18 14 36
697 18 18 150
697 18 31 15
697 4 13 100
697 4 25 100
697 4 36 100
697 4 39 150
697 4 41 100
697 36 18 150
697 42 12 100
697 42 19 4
697 15 40 100
697 14 11 100
697 14 15 150
697 14 36 100
697 14 39 148
697 23 11 100
697 23 18 100
697 23 31 1
697 10 11 150
697 10 25 99
697 10 26 150
697 10 40 150
697 28 13 150
697 28 39 100
697 28 41 150
697 33 11 150
697 8 44 150
697 45 11 150
697 45 13 99
697 45 39 100
697 6 40 100
697 1 11 150
697 1 13 100
697 1 18 100
697 20 39 100
697 22 3 100
697 22 11 100
697 22 12 150
697 22 15 100
697 22 41 150
697 22 44 150
698 38 6 4
698 19 11 150
698 19 18 38
698 13 41 100
698 36 10 4
698 9 4 16
698 9 26 100
698 9 40 150
698 32 3 150
698 32 11 99
698 32 19 1
698 32 39 99
698 30 11 100
698 30 12 148
698 30 26 100
698 30 39 99
698 30 40 148
698 30 41 100
698 30 44 150
698 22 3 100
698 22 11 100
698 22 12 150
698 22 15 100
698 22 41 150
698 22 44 150
698 3 3 99
698 3 13 100
698 3 39 100
698 3 45 60
698 26 26 100
698 26 44 100
698 18 12 150
698 18 13 100
698 18 15 100
698 2 25 100
698 2 26 150
698 2 39 100
698 2 40 148
698 21 3 99
698 21 11 150
698 21 44 100
698 33 11 150
698 45 11 150
698 45 13 99
698 45 39 100
698 4 11 150
698 4 13 100
698 4 25 100
698 4 36 100
698 4 39 150
698 4 41 60
699 44 44 148
699 4 11 150
699 4 13 100
699 4 24 36
699 4 36 100
699 4 39 150
699 21 3 99
699 21 11 150
699 21 44 100
699 40 36 100
699 40 40 150
699 40 44 100
699 23 11 100
699 23 39 100
699 45 8 1
699 45 13 99
699 45 39 100
699 2 25 100
699 2 26 150
699 2 39 100
699 2 40 148
699 26 15 150
699 26 24 2
699 26 44 100
699 28 13 150
699 28 39 100
699 20 19 1
699 1 4 15
699 1 13 28
699 17 3 100
699 17 15 148
699 3 3 99
699 3 39 100
700 28 13 2
700 42 4 1
700 42 19 4
700 38 6 4
700 31 37 50
700 17 3 100
700 17 15 148
700 46 3 99
700 46 11 150
700 46 26 150
700 11 3 150
700 11 39 100
700 33 11 150
700 47 3 150
700 47 12 150
700 29 26 150
700 29 40 100
700 5 3 150
700 5 40 100
700 19 11 150
700 19 39 150
700 1 11 118
700 27 12 100
700 27 25 100
700 27 26 150
700 27 36 148
700 27 39 150
700 44 44 148
701 40 14 36
701 40 40 150
701 40 44 100
701 22 3 100
701 22 12 63
701 22 41 30
701 31 39 99
701 5 3 150
701 5 40 100
701 12 13 60
701 10 25 99
701 10 26 150
701 10 40 150
701 23 39 100
701 48 40 100
701 48 44 150
701 24 25 100
701 3 3 99
701 3 39 100
701 11 3 150
701 11 39 100
701 17 3 100
701 17 15 148
701 46 3 99
701 46 26 150
701 4 25 100
701 4 36 100
701 4 39 150
702 5 3 150
702 5 6 4
702 19 24 36
702 10 25 99
702 10 26 135
702 27 3 100
702 27 25 100
702 27 36 148
702 27 39 150
702 33 4 15
702 22 3 100
702 22 15 100
702 22 44 150
702 35 19 4
702 4 25 56
702 4 39 150
702 43 4 1
702 43 39 148
702 24 25 2
702 8 44 150
703 25 14 36
703 27 34 2
703 27 39 150
703 20 19 4
703 3 3 99
703 3 18 54
703 29 40 100
703 48 40 100
703 48 44 150
703 37 10 3
703 28 39 100
703 8 44 150
703 41 15 150
703 41 39 100
703 10 40 150
703 39 3 99
703 39 15 100
703 40 36 100
703 40 40 150
703 40 44 100
704 27 3 100
704 27 34 17
704 27 39 150
704 3 3 99
704 3 19 4
704 39 3 99
704 39 15 100
704 48 30 19
704 48 44 150
704 29 40 100
704 26 15 70
704 6 14 36
704 21 3 99
704 21 44 100
704 20 39 100
704 17 3 100
704 32 3 150
704 32 39 99
704 44 10 1
704 9 3 148
704 9 40 150
705 38 19 3
705 14 39 148
705 1 14 36
705 18 31 15
705 3 39 100
705 30 26 38
705 30 40 148
705 30 44 150
705 20 19 1
705 6 40 100
705 9 3 148
705 9 40 150
705 19 39 150
705 8 44 150
705 41 39 100
706 29 40 100
706 39 3 99
706 39 15 32
706 41 39 100
706 47 3 150
706 47 10 4
706 12 40 150
706 14 36 100
706 14 39 148
706 14 48 52
706 0 3 100
706 0 36 100
706 0 39 100
706 0 40 148
706 0 44 100
706 6 40 100
706 17 3 100
707 10 14 36
707 32 3 70
707 35 18 54
707 17 35 48
707 19 39 150
707 5 3 1
707 20 39 100
707 48 40 100
707 48 44 150
708 36 10 4
708 16 41 28
708 40 40 150
708 40 44 100
708 23 31 17
708 13 41 2
708 32 3 14
708 0 15 32
708 0 39 100
708 0 40 148
708 0 44 100
708 29 40 100
708 11 3 1
709 23 10 4
709 7 26 38
709 27 36 148
709 27 39 150
709 15 40 100
709 38 19 3
709 48 40 100
709 48 44 150
709 21 44 100
710 21 34 15
710 40 14 36
710 40 40 150
710 40 44 100
710 40 48 52
710 35 18 54
710 28 39 100
710 28 41 30
710 8 19 1
710 48 40 100
710 48 44 150
710 45 39 100
710 12 40 150
711 5 3 15
711 22 44 150
711 31 14 36
711 41 19 4
711 26 44 100
711 48 40 100
711 48 44 150
711 15 40 100
711 20 39 100
711 43 36 100
711 43 39 148
711 30 39 99
711 30 40 148
711 30 44 150
711 45 10 4
711 44 44 148
712 2 14 36
712 2 40 148
712 27 3 12
712 27 39 150
712 29 40 100
712 46 3 3
712 40 40 150
712 40 44 100
712 5 40 100
712 23 39 100
712 16 39 148
712 34 39 150
712 44 44 148
712 3 39 100
713 47 3 14
713 10 14 36
713 30 39 99
713 30 40 148
713 30 41 30
713 6 40 100
713 4 36 100
713 4 39 150
713 43 36 100
713 43 39 148
713 29 40 100
713 17 18 54
713 27 39 150
713 41 39 100
714 34 39 150
714 41 18 54
714 5 3 1
714 6 40 100
714 30 26 38
714 30 40 148
714 30 44 18
714 33 4 15
714 11 39 100
714 2 39 100
714 2 40 148
714 20 39 100
715 15 40 100
715 7 4 16
715 4 39 150
715 34 39 150
715 31 39 99
715 28 39 100
715 32 39 99
715 45 39 100
715 9 40 150
715 23 39 100
715 3 39 100
715 11 39 100
715 26 44 18
716 7 31 16
716 20 19 4
716 15 40 100
716 31 39 99
716 4 36 100
716 4 39 150
716 40 36 100
716 40 40 150
716 40 44 16
716 28 39 100
716 26 44 2
717 47 3 14
717 4 39 150
717 16 8 100
717 16 39 148
717 14 8 35
717 14 39 148
717 32 19 4
717 22 44 18
717 40 40 150
717 19 39 150
717 10 40 150
717 30 39 99
717 30 40 148
717 2 39 100
717 2 40 148
718 1 4 15
718 9 4 2
718 0 15 32
718 0 39 100
718 0 40 148
718 24 19 3
718 27 39 150
718 3 39 100
718 32 19 1
718 34 39 150
718 29 40 100
718 40 36 100
718 40 40 150
718 6 40 100
719 12 13 60
719 19 39 150
719 35 19 4
719 14 39 148
719 20 39 100
719 26 44 18
719 43 36 100
719 43 39 148
719 0 3 14
719 0 39 100
719 0 40 148
719 15 40 100
720 32 3 16
720 41 39 100
720 2 39 100
720 2 40 148
720 44 44 16
720 45 39 100
720 40 36 100
720 40 40 150
720 20 39 100
720 10 40 150
721 34 15 32
721 8 19 4
721 14 39 148
721 46 3 15
721 48 40 100
721 29 35 48
721 9 40 150
722 34 13 60
722 32 19 4
722 37 48 52
722 31 39 99
722 23 39 100
722 48 40 100
722 48 44 18
722 43 39 148
723 34 39 150
723 19 39 150
723 47 3 14
723 2 40 148
723 32 19 1
723 16 39 148
723 6 6 4
724 46 3 15
724 12 6 4
724 14 36 100
724 14 39 148
724 19 39 150
724 2 39 100
724 2 40 148
724 42 37 100
724 7 37 50
724 27 36 148
724 27 39 54
725 11 3 16
725 44 44 16
726 21 3 15
726 20 19 1
728 5 3 15
729 11 3 15
730 19 18 54
730 2 39 1
731 21 3 15
731 21 44 18
731 10 10 4
731 4 39 39
731 3 39 1
732 40 40 75
733 3 39 1
733 26 26 2
734 14 36 100
734 5 3 1
735 0 39 40
735 40 36 100
735 27 36 148
736 9 3 12
736 5 6 4
737 11 3 15
738 0 36 100
738 0 39 40
738 4 36 100
738 28 8 1
739 0 36 100
740 34 15 32
741 8 19 1
742 44 34 17
742 27 39 1
742 43 36 100
743 34 15 32
743 2 10 1
745 47 3 14
745 0 36 100
745 0 44 18
746 0 44 18
750 23 39 40
751 9 26 40
758 45 11 21
760 40 19 4
762 16 39 40
762 38 6 4
763 6 6 4
763 2 39 40
763 27 36 16
764 27 3 12
764 27 34 17
765 4 36 18
765 3 19 4
765 10 25 99
766 44 44 16
766 27 3 12
766 27 36 16
766 11 3 3
776 43 8 134
776 6 30 1
777 27 36 16
777 42 19 4
778 27 36 16
778 17 3 2
779 10 10 4
779 16 24 2
779 16 39 40
779 5 3 16
780 0 26 38
780 38 6 4
780 2 25 100
780 4 25 100
780 27 25 52
781 1 13 60
786 28 10 4
786 43 28 150
786 4 28 87
791 1 24 65
814 12 6 4
815 19 24 100
815 19 39 39
819 45 39 40
821 10 24 102
822 45 24 3
823 45 8 1
826 16 39 40
827 45 39 40
829 2 19 3
834 3 3 3
834 4 36 2
835 9 3 12
837 23 10 4
837 40 19 4
839 16 45 60
844 41 39 40
852 2 39 40
