181 15 3 100
181 15 20 150
181 15 22 100
181 15 24 150
181 15 25 100
181 15 26 150
181 15 28 99
181 15 34 150
181 15 39 100
181 15 44 150
192 15 3 100
192 15 20 150
192 15 22 100
192 15 24 150
192 15 25 100
192 15 26 150
192 15 28 99
192 15 34 150
192 15 39 100
192 15 44 150
212 15 3 100
212 15 20 150
212 15 22 100
212 15 24 150
212 15 25 100
212 15 26 150
212 15 28 99
212 15 34 150
212 15 39 100
212 15 44 150
224 15 3 100
224 15 20 150
224 15 22 100
224 15 24 150
224 15 25 100
224 15 26 150
224 15 28 99
224 15 34 150
224 15 39 100
224 15 44 150
233 15 3 100
233 15 20 150
233 15 22 100
233 15 24 150
233 15 25 100
233 15 26 150
233 15 28 99
233 15 34 150
233 15 39 100
233 15 44 150
254 15 3 100
254 15 20 150
254 15 22 100
254 15 24 150
254 15 25 100
254 15 26 150
254 15 28 99
254 15 34 150
254 15 39 100
254 15 44 150
258 15 3 100
258 15 20 150
258 15 22 100
258 15 24 150
258 15 25 100
258 15 26 150
258 15 28 99
258 15 34 150
258 15 39 100
258 15 44 150
267 15 3 100
267 15 20 150
267 15 22 100
267 15 24 150
267 15 25 100
267 15 26 150
267 15 28 99
267 15 34 150
267 15 39 100
267 15 44 150
286 15 3 100
286 15 20 150
286 15 22 100
286 15 24 150
286 15 25 100
286 15 26 150
286 15 28 99
286 15 34 150
286 15 39 100
286 15 44 150
461 39 9 150
461 39 18 150
461 39 19 99
461 39 20 120
461 39 32 148
461 39 41 100
461 39 46 99
461 2 5 100
461 2 6 148
461 2 11 99
461 2 21 150
461 2 28 100
461 2 33 150
461 2 34 100
461 2 37 99
461 2 46 68
461 7 20 2
461 7 34 150
461 7 44 100
461 7 45 148
461 7 49 72
461 47 11 150
461 47 21 100
461 47 25 150
461 47 33 99
461 47 37 150
461 47 41 100
461 47 44 150
461 43 1 150
461 43 25 100
461 43 28 150
461 43 39 99
461 43 45 100
461 22 3 150
461 22 6 99
461 22 9 150
461 22 18 100
461 22 21 150
461 22 24 150
461 22 29 76
461 22 40 100
461 36 5 100
461 36 6 150
461 36 17 150
461 36 21 99
461 36 25 148
461 36 26 99
461 36 31 100
461 36 32 150
461 36 37 100
461 36 45 150
461 4 5 99
461 4 18 150
461 4 21 100
461 4 26 148
461 4 31 150
461 4 41 100
461 37 17 150
461 37 18 100
461 37 24 100
461 37 26 148
461 37 28 100
461 37 31 150
461 37 32 70
461 37 34 100
461 37 37 100
461 9 6 100
461 9 9 150
461 9 17 148
461 9 28 150
461 9 39 150
461 9 41 100
461 42 1 100
461 42 21 100
461 42 40 100
461 42 41 150
461 49 3 100
461 49 6 150
461 49 19 99
461 49 22 148
461 49 31 99
461 49 40 100
461 48 3 100
461 48 6 100
461 48 9 150
461 48 18 100
461 48 21 150
461 46 5 150
461 46 6 100
461 46 18 80
461 46 26 150
461 46 37 100
461 46 39 150
461 46 40 99
461 46 41 148
461 46 45 100
461 41 1 92
461 41 25 99
461 41 31 100
461 41 33 100
461 28 3 150
461 28 19 100
461 28 22 100
462 1 3 150
462 1 9 148
462 1 20 32
462 1 28 100
462 1 33 148
462 1 34 100
462 1 39 99
462 1 40 150
462 25 11 150
462 25 22 148
462 25 24 99
462 25 33 150
462 25 40 148
462 24 24 148
462 24 25 100
462 24 26 150
462 39 9 150
462 39 19 99
462 39 22 100
462 39 41 100
462 28 3 150
462 28 19 100
462 28 22 100
462 40 9 100
462 40 22 150
462 40 25 100
462 40 26 150
462 40 31 100
462 40 34 148
462 40 41 100
462 40 46 1
462 7 25 148
462 7 34 150
462 7 44 100
462 7 45 148
462 45 3 100
462 45 9 150
462 45 11 100
462 45 26 150
462 17 19 99
462 17 22 100
462 17 26 150
462 17 31 148
462 17 33 100
462 17 34 150
462 17 37 99
462 17 39 150
462 17 45 100
462 32 6 150
462 32 11 100
462 32 17 148
462 32 22 99
462 16 3 150
462 16 5 150
462 16 11 150
462 16 17 150
462 16 28 100
462 16 31 150
462 22 3 150
462 22 6 99
462 22 9 150
462 22 21 150
462 22 24 150
462 22 37 150
462 22 40 100
462 20 6 100
462 20 34 100
462 20 37 148
462 20 40 150
462 20 44 100
462 5 3 150
462 5 31 150
462 5 40 150
462 36 5 100
462 36 6 150
462 36 17 150
462 36 21 99
462 36 25 148
462 36 26 99
462 36 31 100
462 36 37 100
462 36 45 150
462 48 3 100
462 48 6 100
462 48 9 150
462 48 21 150
463 11 5 150
463 11 6 100
463 11 22 100
463 11 24 150
463 11 28 100
463 11 33 150
463 11 45 150
463 44 3 100
463 44 17 99
463 44 24 100
463 44 25 150
463 44 33 100
463 44 40 150
463 44 44 100
463 1 3 150
463 1 9 148
463 1 21 148
463 1 28 100
463 1 33 148
463 1 34 100
463 1 39 99
463 1 40 150
463 45 3 100
463 45 9 150
463 45 11 100
463 45 26 150
463 17 19 99
463 17 22 100
463 17 26 150
463 17 31 48
463 17 34 150
463 17 37 63
463 17 45 100
463 37 17 150
463 37 24 100
463 37 26 148
463 37 28 100
463 37 33 150
463 37 34 100
463 24 24 148
463 24 25 100
463 24 26 150
463 28 3 150
463 28 19 100
463 28 22 100
463 0 6 150
463 0 11 150
463 0 28 150
463 0 34 150
463 0 41 100
463 0 45 148
463 27 6 150
463 27 17 100
463 27 24 150
463 27 44 100
463 5 3 150
463 5 40 150
463 9 6 100
463 9 9 150
463 9 17 148
463 9 28 150
463 9 39 150
463 9 41 100
463 48 3 100
463 48 6 100
463 48 9 150
463 48 21 150
463 8 5 100
463 8 21 100
463 8 22 150
463 8 33 100
463 8 34 150
463 26 9 148
463 26 11 150
463 26 25 148
463 26 26 100
463 26 34 150
463 49 3 100
463 49 6 150
463 49 19 99
463 49 22 148
463 49 40 100
464 47 3 100
464 47 11 150
464 47 21 100
464 47 25 150
464 47 33 99
464 47 41 100
464 47 44 150
464 16 3 150
464 16 5 150
464 16 11 150
464 16 17 150
464 16 28 100
464 42 21 100
464 42 40 100
464 42 41 150
464 0 6 150
464 0 11 150
464 0 28 150
464 0 34 150
464 0 41 100
464 0 45 148
464 1 3 150
464 1 9 148
464 1 21 148
464 1 28 100
464 1 33 148
464 1 34 100
464 1 39 99
464 1 40 150
464 13 9 100
464 13 21 100
464 13 40 150
464 2 5 100
464 2 6 148
464 2 11 99
464 2 21 150
464 2 28 100
464 2 33 150
464 2 34 100
464 35 3 150
464 35 9 150
464 35 11 100
464 35 17 150
464 7 17 150
464 7 25 148
464 7 34 150
464 7 44 100
464 7 45 148
464 17 19 99
464 17 22 100
464 17 26 150
464 17 33 100
464 17 34 150
464 17 39 150
464 17 45 100
464 23 9 100
464 23 41 148
464 46 5 150
464 46 6 100
464 46 19 150
464 46 26 150
464 46 39 150
464 46 40 99
464 46 41 148
464 46 45 100
464 12 6 100
464 12 11 100
464 12 31 1
464 40 9 100
464 40 22 150
464 40 25 100
464 40 26 150
464 40 34 148
464 40 41 100
464 8 5 100
464 8 21 100
464 8 22 150
464 8 33 100
464 8 34 150
464 10 3 100
464 10 6 99
464 10 9 150
464 10 11 100
464 10 17 100
464 10 21 150
464 10 26 99
464 10 28 150
464 10 44 99
464 10 45 6
465 12 11 100
465 12 18 20
465 46 6 100
465 46 19 150
465 46 26 150
465 46 39 150
465 46 40 99
465 46 45 24
465 22 6 99
465 22 9 150
465 22 21 150
465 22 24 150
465 22 37 1
465 42 21 100
465 42 40 100
465 39 9 150
465 39 19 99
465 39 22 100
465 8 5 100
465 8 21 100
465 8 22 150
465 8 33 100
465 8 34 150
465 2 5 100
465 2 6 148
465 2 11 99
465 2 21 150
465 2 28 100
465 2 33 150
465 2 34 100
465 14 5 150
465 14 6 99
465 14 9 150
465 14 17 99
465 14 19 150
465 14 22 99
465 14 26 150
465 14 40 150
465 14 45 3
465 7 25 148
465 7 34 150
465 7 44 100
465 1 3 150
465 1 9 148
465 1 21 148
465 1 28 100
465 1 33 148
465 1 34 100
465 1 39 99
465 1 40 150
465 4 5 99
465 4 21 100
465 4 26 148
465 47 3 100
465 47 11 150
465 47 21 100
465 47 25 150
465 47 33 99
465 47 44 150
465 24 24 148
465 24 25 100
465 24 26 150
465 48 3 100
465 48 6 100
465 48 9 150
465 48 21 150
465 41 19 100
465 41 25 99
465 41 33 100
465 11 5 150
465 11 6 100
465 11 22 100
465 11 24 150
465 11 28 100
465 11 33 150
466 48 3 100
466 48 6 100
466 48 9 150
466 48 21 150
466 20 6 100
466 20 34 100
466 20 40 6
466 31 3 150
466 31 5 148
466 31 17 150
466 31 22 150
466 31 28 100
466 31 34 150
466 8 5 100
466 8 21 100
466 8 22 150
466 8 33 100
466 8 34 150
466 21 11 150
466 21 17 148
466 21 19 150
466 21 22 150
466 21 26 148
466 21 33 79
466 22 3 150
466 22 6 99
466 22 9 150
466 22 21 150
466 22 24 150
466 18 6 150
466 18 9 100
466 18 25 148
466 38 5 100
466 38 6 150
466 38 34 100
466 36 5 100
466 36 6 150
466 36 17 150
466 36 21 99
466 36 25 148
466 36 26 99
466 43 25 100
466 43 28 150
466 43 39 99
466 16 3 150
466 16 5 150
466 16 11 150
466 16 17 150
466 16 28 100
466 7 17 150
466 7 25 148
466 7 34 150
466 7 44 100
466 2 5 100
466 2 6 148
466 2 11 99
466 2 21 150
466 2 28 100
466 2 34 100
466 28 3 150
466 28 19 100
466 28 22 100
466 0 6 150
466 0 11 150
466 0 28 150
466 0 34 150
466 45 3 100
466 45 9 150
466 45 11 100
466 45 26 150
467 25 11 150
467 25 22 148
467 25 24 99
467 37 17 150
467 37 24 100
467 37 26 148
467 37 28 100
467 37 34 100
467 35 3 150
467 35 9 150
467 35 11 100
467 35 17 150
467 21 11 34
467 21 19 150
467 21 22 150
467 21 26 148
467 21 34 100
467 19 5 150
467 19 6 100
467 19 19 100
467 19 28 150
467 19 39 148
467 24 24 148
467 24 25 100
467 24 26 150
467 30 17 100
467 30 22 148
467 30 24 148
467 30 34 150
467 47 3 100
467 47 21 100
467 47 25 150
467 47 44 150
467 31 3 150
467 31 5 148
467 31 17 150
467 31 22 150
467 31 28 100
467 31 34 150
467 39 9 150
467 39 19 99
467 39 22 100
467 33 9 100
467 33 22 150
467 33 28 150
467 33 39 100
467 1 3 150
467 1 9 148
467 1 21 148
467 1 28 100
467 1 34 100
467 1 39 99
467 49 3 100
467 49 6 150
467 49 19 99
467 49 22 148
467 9 6 100
467 9 9 150
467 9 17 148
467 9 28 150
467 9 39 150
467 23 9 100
467 11 5 150
467 11 6 100
467 11 22 100
467 11 24 150
467 11 28 100
468 20 6 100
468 20 34 100
468 20 40 12
468 32 6 150
468 32 17 148
468 32 22 99
468 0 6 150
468 0 28 150
468 0 34 150
468 41 19 100
468 41 25 99
468 8 5 100
468 8 21 100
468 8 22 150
468 8 34 150
468 46 5 150
468 46 6 100
468 46 19 150
468 46 26 150
468 46 39 150
468 42 21 100
468 49 3 100
468 49 6 150
468 49 19 99
468 49 22 148
468 37 17 150
468 37 24 100
468 37 26 148
468 37 28 100
468 37 34 100
468 18 6 150
468 18 9 100
468 18 25 148
468 15 3 100
468 15 22 100
468 15 24 150
468 15 25 100
468 15 26 150
468 15 28 99
468 15 34 150
468 15 39 100
468 15 44 150
468 39 9 150
468 39 19 99
468 39 22 100
468 44 3 100
468 44 17 99
468 44 24 100
468 44 25 150
468 44 44 100
468 12 6 100
468 22 3 150
468 22 6 99
468 22 9 150
468 22 21 150
468 22 24 150
468 13 9 100
468 13 21 57
469 38 6 150
469 38 34 100
469 35 3 150
469 35 9 150
469 35 17 150
469 11 5 150
469 11 6 100
469 11 22 100
469 11 24 150
469 11 28 100
469 9 6 100
469 9 9 150
469 9 17 148
469 9 28 150
469 9 39 150
469 18 6 150
469 18 9 100
469 18 25 148
469 2 5 100
469 2 6 148
469 2 28 100
469 2 34 100
469 10 3 100
469 10 6 99
469 10 9 150
469 10 17 100
469 10 26 99
469 10 28 150
469 10 44 99
469 4 5 99
469 4 26 148
469 25 22 148
469 25 24 99
469 14 5 150
469 14 6 99
469 14 9 150
469 14 17 99
469 14 19 150
469 14 22 99
469 14 26 150
469 47 3 100
469 47 25 150
469 47 44 150
469 24 24 148
469 24 25 100
469 24 26 150
469 32 6 150
469 32 17 148
469 32 22 99
469 8 5 100
469 8 22 150
469 8 34 150
469 29 9 99
469 29 17 150
469 29 19 100
469 13 9 100
470 15 3 100
470 15 20 32
470 15 24 150
470 15 25 100
470 15 26 150
470 15 28 99
470 15 34 150
470 15 39 100
470 15 44 150
470 48 3 100
470 48 6 100
470 48 9 150
470 0 6 150
470 0 28 150
470 0 34 150
470 39 9 150
470 39 19 99
470 39 22 100
470 34 3 100
470 34 26 148
470 34 44 100
470 8 5 100
470 8 22 150
470 8 34 150
470 27 6 150
470 27 17 100
470 27 24 150
470 27 44 100
470 11 5 150
470 11 6 100
470 11 22 100
470 11 24 150
470 11 28 100
470 35 3 150
470 35 9 150
470 35 17 150
470 10 3 100
470 10 6 99
470 10 9 150
470 10 17 100
470 10 26 99
470 10 28 150
470 10 44 99
470 45 3 100
470 45 9 150
470 45 26 150
470 17 19 99
470 17 22 100
470 17 26 150
470 17 34 150
470 17 39 150
470 16 3 150
470 16 5 150
470 16 17 150
470 16 28 100
470 19 5 150
470 19 6 100
470 19 19 100
470 19 28 150
470 19 39 148
470 43 25 100
470 43 28 150
470 43 39 99
470 32 6 150
470 32 17 148
470 32 22 99
471 10 3 100
471 10 6 99
471 10 9 150
471 10 17 100
471 10 26 99
471 10 28 150
471 10 44 99
471 32 6 150
471 32 17 148
471 32 22 99
471 9 6 100
471 9 9 150
471 9 17 148
471 9 28 150
471 9 39 150
471 3 34 99
471 11 5 150
471 11 6 100
471 11 22 100
471 11 24 150
471 11 28 100
471 36 5 100
471 36 6 150
471 36 17 150
471 36 25 148
471 36 26 99
471 43 25 100
471 43 28 150
471 43 39 99
471 40 9 100
471 40 22 150
471 40 25 100
471 40 26 150
471 40 34 148
471 29 9 99
471 29 17 150
471 29 19 100
471 23 9 100
471 27 6 150
471 27 17 100
471 27 24 150
471 27 44 100
471 6 22 100
471 6 39 100
471 33 9 100
471 33 22 150
471 33 28 150
471 33 39 100
471 21 17 148
471 21 19 150
471 21 22 150
471 21 26 148
471 21 34 100
471 26 9 148
471 26 25 148
471 26 26 100
471 26 34 150
471 2 5 100
471 2 6 148
471 2 28 100
471 2 34 100
472 30 17 100
472 30 22 148
472 30 24 148
472 30 34 150
472 14 5 150
472 14 6 99
472 14 9 150
472 14 17 99
472 14 19 150
472 14 22 99
472 14 26 150
472 14 40 12
472 0 6 87
472 0 34 150
472 9 6 1
472 9 17 148
472 9 28 150
472 9 39 150
472 31 3 150
472 31 5 96
472 31 22 150
472 31 28 100
472 31 34 150
472 48 3 100
472 48 9 150
472 20 34 100
472 20 44 100
472 6 22 100
472 6 39 100
472 37 17 150
472 37 24 100
472 37 26 148
472 37 28 100
472 37 34 100
472 35 3 150
472 35 9 150
472 35 17 150
472 7 17 150
472 7 25 148
472 7 34 150
472 7 44 100
472 10 3 100
472 10 9 150
472 10 17 100
472 10 26 99
472 10 28 150
472 10 44 99
472 2 28 100
472 2 34 100
472 18 9 100
472 18 25 148
472 40 9 100
472 40 22 150
472 40 25 100
472 40 26 150
472 40 34 148
473 43 25 100
473 43 28 150
473 43 39 99
473 13 9 100
473 33 9 100
473 33 22 150
473 33 28 150
473 33 39 100
473 40 9 94
473 40 25 100
473 40 26 150
473 40 34 148
473 25 22 148
473 25 24 99
473 39 19 99
473 39 22 100
473 22 3 150
473 22 6 36
473 4 26 148
473 18 25 148
473 49 3 100
473 49 19 99
473 49 22 148
473 46 5 1
473 46 26 150
473 46 39 150
473 32 17 148
473 32 22 99
473 8 22 150
473 8 34 150
473 29 17 60
474 49 3 100
474 49 6 36
474 49 22 148
474 31 3 150
474 31 17 33
474 31 28 100
474 31 34 150
474 18 9 100
474 18 25 148
474 47 3 100
474 47 25 150
474 47 44 150
474 3 34 99
474 14 9 48
474 14 22 99
474 14 26 150
474 32 22 99
474 35 3 150
474 35 9 2
474 21 22 150
474 21 26 148
474 21 34 100
474 1 3 150
474 1 28 100
474 1 34 100
474 1 39 99
474 2 28 100
474 2 34 100
474 39 19 99
474 39 22 100
474 26 25 148
474 26 26 100
474 26 34 150
474 10 3 100
474 10 26 99
474 10 28 150
474 10 44 99
474 29 19 100
475 44 3 100
475 44 24 100
475 44 25 150
475 44 44 100
475 27 6 36
475 27 44 100
475 25 11 40
475 25 24 99
475 14 19 150
475 14 22 99
475 14 26 150
475 14 45 27
475 43 28 150
475 43 39 99
475 49 3 100
475 49 19 99
475 49 22 148
475 48 3 100
475 6 22 100
475 6 39 100
475 46 19 150
475 46 26 150
475 46 39 150
475 11 22 100
475 11 24 150
475 11 28 100
475 30 22 148
475 30 24 148
475 30 34 150
475 19 19 100
475 19 28 150
475 19 39 148
475 26 25 148
475 26 26 100
475 26 34 150
475 22 3 150
475 22 24 150
475 7 25 148
475 7 34 150
475 7 44 100
476 34 3 100
476 34 20 32
476 34 44 100
476 5 3 150
476 5 40 12
476 10 6 36
476 10 28 150
476 10 44 99
476 15 3 100
476 15 22 100
476 15 24 150
476 15 25 100
476 15 26 150
476 15 28 99
476 15 34 150
476 15 39 100
476 15 44 150
476 47 3 100
476 47 25 150
476 47 44 150
476 16 3 150
476 16 28 100
476 29 19 100
476 40 22 150
476 40 25 100
476 40 26 150
476 40 34 148
476 3 34 99
476 49 3 100
476 49 19 99
476 49 22 148
476 20 34 100
476 20 44 100
476 32 22 99
476 31 3 150
476 31 22 150
476 31 28 100
476 31 34 150
476 35 3 150
476 2 28 100
476 2 34 100
477 36 25 148
477 36 26 99
477 36 45 26
477 27 44 100
477 6 20 32
477 6 39 100
477 34 3 100
477 34 26 148
477 34 44 100
477 32 22 99
477 35 3 150
477 21 19 150
477 21 22 150
477 21 26 148
477 21 34 100
477 26 25 148
477 26 26 100
477 26 34 150
477 25 22 148
477 25 24 99
477 20 34 100
477 20 44 100
477 2 28 100
477 2 34 100
477 1 3 150
477 1 28 100
477 1 34 100
477 1 39 99
477 16 3 150
477 16 28 100
477 38 34 100
477 22 3 150
477 22 24 150
477 41 19 100
477 41 25 99
478 37 24 100
478 37 26 148
478 37 28 100
478 37 34 100
478 33 22 150
478 33 28 150
478 33 39 100
478 3 34 99
478 28 3 150
478 28 19 100
478 28 22 100
478 21 19 150
478 21 22 150
478 21 26 148
478 21 34 100
478 24 24 148
478 24 25 100
478 24 26 150
478 49 3 100
478 49 19 99
478 49 22 148
478 49 40 12
478 20 44 100
478 38 34 100
478 14 19 150
478 14 22 99
478 14 26 150
478 14 45 28
478 43 25 100
478 43 28 150
478 43 39 99
478 10 3 100
478 10 26 99
478 10 28 150
478 10 44 99
478 41 19 100
478 41 25 99
478 17 19 99
478 17 22 100
478 17 26 150
478 17 34 150
478 17 39 150
479 30 17 32
479 30 24 148
479 30 34 150
479 20 6 36
479 20 40 12
479 31 3 150
479 31 22 150
479 31 28 100
479 31 34 150
479 37 17 2
479 37 26 148
479 37 28 100
479 37 34 100
479 6 22 100
479 6 39 100
479 39 19 99
479 39 22 100
479 17 19 99
479 17 22 100
479 17 26 150
479 17 34 150
479 17 39 150
479 48 3 100
479 49 3 100
479 49 19 99
479 49 22 148
479 34 3 100
479 34 26 148
479 34 44 100
479 46 19 150
479 46 26 150
479 46 39 150
479 24 24 148
479 24 25 100
479 24 26 150
479 33 22 150
479 33 28 150
479 33 39 100
479 36 25 148
479 36 26 99
480 11 6 36
480 11 24 150
480 11 28 100
480 11 45 27
480 44 3 100
480 44 20 32
480 44 25 150
480 44 40 39
480 0 28 150
480 0 34 150
480 27 24 150
480 27 44 100
480 5 3 134
480 47 25 150
480 47 44 150
480 31 22 150
480 31 28 100
480 31 34 150
480 16 28 100
480 43 25 100
480 43 28 150
480 43 39 99
480 20 34 100
480 20 44 100
480 29 19 100
480 21 19 150
480 21 22 150
480 21 26 148
480 21 34 100
480 26 25 148
480 26 26 100
480 26 34 150
481 0 28 150
481 0 34 150
481 15 3 84
481 15 24 150
481 15 25 100
481 15 26 150
481 15 28 99
481 15 34 96
481 15 44 150
481 10 17 34
481 10 28 150
481 10 44 99
481 20 44 100
481 34 26 148
481 34 44 100
481 37 24 100
481 37 26 148
481 37 28 100
481 1 28 100
481 1 39 99
481 29 19 100
481 43 25 100
481 43 28 150
481 43 39 99
481 36 25 148
481 36 26 99
481 18 25 148
482 21 17 32
482 21 22 150
482 21 26 148
482 38 5 80
482 9 39 150
482 45 3 84
482 34 26 148
482 34 44 100
482 4 26 148
482 46 19 150
482 46 26 150
482 46 39 150
482 41 19 100
482 41 25 99
482 10 17 2
482 10 28 150
482 10 44 99
482 49 19 99
482 49 22 148
482 43 25 100
482 43 28 150
482 43 39 99
482 7 25 148
482 7 44 100
482 19 19 100
482 19 28 150
482 19 39 148
482 44 24 100
482 44 25 150
482 44 44 100
483 45 26 150
483 31 22 150
483 31 28 100
483 31 40 27
483 0 34 1
483 26 25 148
483 26 26 100
483 46 19 150
483 46 26 150
483 46 39 150
483 39 19 99
483 39 22 100
483 43 25 100
483 43 28 150
483 43 39 99
483 43 45 3
483 10 28 150
483 10 44 99
483 2 28 100
483 40 22 150
483 40 25 100
483 40 26 150
483 16 28 100
483 14 19 150
483 14 22 99
483 14 26 150
484 15 20 32
484 15 24 150
484 15 25 100
484 15 26 150
484 15 28 99
484 15 39 100
484 15 44 150
484 24 24 148
484 24 25 100
484 24 26 150
484 11 6 36
484 11 24 150
484 11 28 100
484 49 19 99
484 49 22 148
484 30 17 32
484 30 24 148
484 13 9 100
484 43 25 100
484 43 28 150
484 43 39 99
484 27 17 2
484 27 44 100
484 18 9 50
484 40 22 150
484 40 25 100
484 40 26 150
484 9 28 150
484 9 39 150
484 10 26 99
484 10 28 150
484 10 44 99
484 4 26 148
484 6 22 100
484 6 39 100
484 46 19 150
484 46 26 150
484 46 39 150
485 8 20 32
485 33 22 122
485 33 39 100
485 22 3 84
485 27 17 34
485 27 44 14
485 14 19 150
485 14 26 150
485 21 19 150
485 21 26 148
485 1 28 100
485 1 39 99
485 24 24 148
485 24 25 100
485 24 26 150
485 44 24 100
485 44 25 150
485 40 25 100
485 40 26 150
485 41 19 100
485 41 25 99
486 16 3 84
486 14 19 150
486 14 22 33
486 14 45 27
486 15 25 100
486 15 26 150
486 15 28 99
486 15 39 100
486 43 25 100
486 43 28 150
486 43 39 99
486 44 24 100
486 44 25 150
486 1 28 100
486 1 39 99
486 29 19 100
486 18 25 148
486 31 28 100
486 40 25 100
486 40 26 150
486 47 25 150
486 2 28 100
486 34 26 148
487 32 22 33
487 1 39 99
487 1 40 1
487 15 25 100
487 15 26 150
487 15 28 99
487 15 39 100
487 0 28 150
487 0 45 24
487 47 25 150
487 26 25 148
487 26 26 100
487 19 19 100
487 19 28 150
487 19 39 148
487 25 24 99
487 40 25 100
487 40 26 150
487 41 19 100
487 41 25 99
487 45 26 150
487 4 26 148
487 30 24 148
487 43 25 100
487 43 28 150
487 43 39 99
487 43 45 3
488 45 26 150
488 30 17 32
488 1 28 100
488 1 39 99
488 6 22 2
488 26 25 148
488 26 26 100
488 22 24 150
488 31 5 80
488 15 24 150
488 15 25 100
488 15 26 150
488 15 28 96
488 28 19 100
488 41 19 78
488 21 26 148
488 44 24 100
488 44 25 150
488 43 25 100
488 43 39 99
488 35 17 2
489 40 26 150
489 48 6 36
489 37 26 148
489 37 28 40
489 26 26 100
489 4 26 148
489 41 19 100
489 41 25 99
489 1 39 99
489 24 24 148
489 24 25 100
489 24 26 150
489 10 26 99
489 17 19 99
489 17 26 150
489 17 39 150
489 18 25 148
490 30 17 32
490 35 17 2
490 37 26 148
490 37 28 40
490 39 22 2
490 45 26 150
490 14 19 150
490 14 26 150
490 14 40 1
490 29 19 100
490 26 25 148
490 26 26 100
490 28 19 100
490 6 39 100
491 48 3 84
491 4 5 78
491 26 20 32
491 26 26 100
491 46 5 2
491 46 39 150
491 37 17 34
491 37 26 148
491 37 28 40
491 27 24 150
491 47 25 150
491 43 25 100
491 43 39 99
491 21 22 34
491 36 25 148
491 36 26 99
491 14 26 150
492 0 28 39
492 25 22 32
492 15 3 84
492 15 25 100
492 15 26 150
492 15 34 30
492 35 9 150
492 4 26 148
492 24 24 148
492 24 25 100
492 24 26 150
492 47 25 150
492 34 26 148
492 21 26 148
492 40 25 100
492 40 26 150
492 22 24 150
492 27 24 150
493 43 25 100
493 43 28 39
493 45 26 150
493 1 28 2
493 1 40 27
493 0 6 36
493 41 25 99
493 9 39 150
493 40 25 100
493 40 26 150
493 11 24 150
493 36 25 148
493 36 26 99
493 47 25 150
493 22 24 150
493 26 25 148
493 26 26 100
494 19 6 36
494 39 22 34
494 15 25 100
494 15 26 150
494 15 39 100
494 6 39 100
494 48 29 16
494 40 25 100
494 40 26 150
494 33 39 100
494 44 17 33
494 44 25 150
494 4 26 148
494 4 29 3
494 47 25 150
494 34 26 148
495 24 24 148
495 24 25 100
495 24 26 150
495 30 17 32
495 26 25 148
495 26 26 100
495 26 49 24
495 10 17 2
495 10 28 39
495 46 39 150
495 34 26 148
495 43 25 100
495 43 39 99
495 1 28 1
495 27 17 1
495 44 24 100
495 44 25 150
496 46 6 36
496 46 39 150
496 25 22 36
496 30 17 32
496 37 17 2
496 37 26 148
496 26 9 148
496 26 25 148
496 26 26 100
496 23 9 2
496 24 24 148
496 24 25 100
496 24 26 150
496 43 25 100
496 43 39 99
496 18 25 148
496 44 24 100
496 44 25 150
497 1 3 84
497 43 25 100
497 43 39 99
497 16 5 80
497 33 22 2
497 6 39 100
497 9 39 150
497 41 19 100
497 41 25 99
497 7 25 148
497 29 19 100
497 4 26 148
498 41 19 100
498 41 20 32
498 2 34 100
498 32 22 33
498 24 25 100
498 24 26 150
498 0 18 20
498 36 26 99
498 28 3 84
498 25 24 99
498 22 24 150
498 10 26 99
498 19 19 100
498 19 39 148
498 29 19 100
498 14 19 150
498 14 26 150
499 14 5 80
499 14 40 27
499 41 20 32
499 9 29 16
499 10 26 99
499 24 24 148
499 24 25 100
499 24 26 150
499 40 22 2
499 40 26 106
499 25 24 99
499 25 29 3
499 15 25 100
499 15 39 100
499 1 39 99
499 30 24 148
499 18 25 148
500 32 17 32
500 24 24 148
500 24 25 100
500 10 17 2
500 17 39 150
500 19 28 1
500 18 25 148
501 22 6 36
501 35 11 40
501 15 25 72
501 25 24 99
501 9 39 150
501 9 49 24
501 17 39 150
502 0 28 39
502 48 9 150
502 48 21 72
502 40 25 8
502 31 28 2
503 6 20 32
503 48 3 84
503 37 26 96
503 19 39 148
503 47 25 12
503 20 44 100
503 33 39 100
503 22 24 150
504 47 25 9
504 39 22 34
504 11 45 27
504 26 26 2
505 43 39 99
505 14 5 80
505 15 39 100
505 25 24 21
506 17 34 30
506 7 25 8
506 21 22 1
507 49 6 36
507 26 25 8
507 33 39 100
507 44 25 2
508 38 5 80
508 25 40 12
508 1 39 84
514 20 44 100
514 27 17 1
518 1 28 2
521 22 24 2
522 49 22 32
523 7 44 100
523 20 44 71
527 20 6 36
527 20 44 100
527 0 28 39
531 17 20 32
533 1 21 72
536 18 25 8
536 4 29 3
537 17 39 18
540 1 40 39
542 47 44 150
542 32 6 36
542 29 19 100
542 19 19 100
542 39 19 99
542 10 44 18
542 7 17 1
543 39 19 99
543 39 22 34
544 40 22 34
547 40 22 2
555 5 20 32
559 28 20 30
563 40 22 34
563 22 9 50
566 32 22 33
571 2 6 36
573 40 22 2
575 26 25 8
576 39 20 32
576 46 45 24
576 11 28 2
576 41 19 100
577 15 24 90
577 46 26 2
