3 46 26 150
3 33 39 100
4 17 22 100
4 6 39 100
4 45 3 100
4 1 28 100
5 49 3 100
5 10 26 99
5 25 24 99
6 14 17 99
6 46 39 150
6 45 3 100
7 45 3 100
7 6 22 100
7 1 28 100
8 40 26 150
9 14 5 150
9 10 3 100
10 2 28 100
10 2 34 100
10 43 39 99
10 39 22 100
10 11 24 150
11 31 3 150
11 17 26 150
11 43 39 99
11 14 17 99
12 8 21 100
12 8 34 150
12 20 34 100
12 15 28 99
12 44 24 100
13 44 3 100
13 29 9 99
13 15 22 100
13 15 39 100
13 10 11 100
14 33 39 100
15 25 24 99
15 46 37 100
15 45 3 100
15 26 26 100
16 1 28 100
16 17 22 100
16 4 41 100
16 31 40 99
17 6 39 100
17 22 3 150
18 43 39 99
18 12 6 100
18 40 26 150
18 37 28 100
19 24 26 150
19 39 22 100
19 44 17 99
19 43 39 99
20 26 26 100
21 48 3 100
21 11 24 150
21 0 34 150
21 1 39 99
22 48 3 100
22 41 19 100
22 41 25 99
22 25 24 99
22 28 19 100
22 28 22 100
22 37 28 100
22 14 19 150
22 33 39 100
23 21 19 150
23 21 34 100
23 14 19 150
23 39 19 99
23 26 26 100
24 38 34 100
24 1 28 100
24 27 17 100
24 36 26 99
24 46 6 100
25 48 3 100
25 17 22 100
25 17 34 150
25 17 39 150
26 18 9 100
26 36 26 99
27 31 28 100
27 26 26 100
28 9 6 100
28 9 39 150
28 28 19 100
28 28 22 100
28 46 19 150
28 21 19 150
28 17 19 99
28 14 19 150
29 45 11 100
29 13 21 100
29 44 17 99
29 44 24 100
29 31 28 100
29 17 19 99
30 45 9 150
30 19 39 148
31 33 39 100
31 14 5 150
31 14 22 99
31 36 37 100
31 44 3 100
32 48 3 100
32 11 28 100
32 10 26 99
33 37 24 100
33 36 26 99
34 30 17 100
34 4 41 100
34 14 22 99
34 11 28 100
34 17 39 150
34 28 3 150
34 26 26 100
35 10 3 100
35 10 26 99
36 43 39 99
36 44 33 100
36 36 5 100
36 36 26 99
36 1 33 148
37 6 22 100
37 6 39 100
37 1 28 100
37 15 24 150
37 23 9 100
38 19 6 100
38 37 24 100
38 10 26 99
38 49 40 100
39 9 39 150
39 15 28 99
39 10 26 99
40 25 24 99
40 11 22 100
40 26 26 100
41 15 39 100
41 10 6 99
41 10 17 100
41 44 24 100
42 2 28 100
42 33 39 100
43 1 34 100
43 11 22 100
43 11 24 150
43 20 34 100
44 19 39 148
44 15 28 99
45 22 9 150
45 22 21 150
45 37 24 100
46 10 6 99
46 10 26 99
46 6 22 100
46 6 39 100
46 13 9 100
47 26 26 100
47 37 28 100
48 1 34 100
48 1 39 99
48 12 11 100
48 33 39 100
48 44 24 100
48 38 34 100
49 4 21 100
49 31 28 100
49 31 34 150
49 26 26 100
50 44 17 99
50 44 24 100
50 11 22 100
50 40 25 100
50 46 37 100
51 37 26 148
51 37 33 150
51 6 39 100
51 47 33 99
52 18 41 100
52 16 3 150
53 38 34 100
53 45 3 100
53 3 34 99
53 28 22 100
53 16 28 100
54 47 3 100
54 26 26 100
54 26 34 150
54 33 39 100
55 22 40 100
55 11 28 100
55 19 39 148
56 8 21 100
56 46 26 150
56 10 17 100
57 5 1 100
57 15 22 100
57 15 39 100
57 17 37 99
57 14 6 99
58 1 28 100
58 1 39 99
59 34 3 100
59 34 26 148
59 27 24 150
59 15 34 150
60 37 24 100
60 37 28 100
60 10 11 100
60 14 22 99
61 4 26 148
61 6 39 100
61 40 9 100
62 44 24 100
62 26 34 150
62 25 24 99
62 37 34 100
62 9 6 100
62 1 39 99
63 8 21 100
63 8 34 150
63 0 41 100
63 16 28 100
63 28 22 100
64 22 3 150
64 36 26 99
65 2 28 100
65 25 24 99
65 9 39 150
65 8 21 100
65 42 40 100
66 4 26 148
66 11 22 100
66 21 18 99
66 14 17 99
66 14 45 100
67 6 39 100
67 22 24 150
67 46 37 100
67 36 26 99
67 25 33 150
67 11 33 150
68 43 39 99
68 48 3 100
68 0 34 150
68 25 24 99
69 11 22 100
69 17 26 150
69 10 3 100
69 25 24 99
70 2 28 100
70 2 34 100
70 40 26 150
70 40 34 148
70 17 39 150
71 15 3 100
71 15 34 150
71 36 26 99
72 47 3 100
72 28 22 100
72 1 28 100
72 1 39 99
73 22 6 99
73 26 26 100
73 44 17 99
73 41 25 99
74 29 9 99
74 1 39 99
75 26 26 100
75 26 34 150
75 11 22 100
75 11 28 100
75 49 3 100
76 12 11 100
76 2 34 100
76 15 39 100
76 37 34 100
77 8 37 100
77 29 9 99
77 2 28 100
78 11 6 100
78 11 22 100
78 6 39 100
78 15 39 100
79 25 24 99
79 26 26 100
79 14 17 99
80 19 39 148
80 31 28 100
80 31 34 150
80 30 24 148
81 11 6 100
81 11 22 100
81 32 11 100
82 33 9 100
82 33 39 100
82 11 28 100
82 25 24 99
83 6 39 100
83 14 17 99
83 14 26 150
83 44 24 100
84 39 22 100
84 20 6 100
84 20 34 100
84 34 26 148
84 1 34 100
85 33 39 100
85 16 28 100
85 36 26 99
85 44 24 100
86 44 3 100
86 46 5 150
86 46 37 100
86 1 39 99
87 17 22 100
87 31 28 100
87 40 41 100
87 9 6 100
88 48 21 150
88 13 21 100
88 26 26 100
89 36 26 99
89 19 39 148
89 15 3 100
89 15 24 150
89 33 9 100
90 10 26 99
90 32 22 99
91 1 28 100
91 1 39 99
91 4 21 100
92 14 6 99
92 14 26 150
92 3 34 99
92 1 34 100
92 1 39 99
92 37 24 100
93 39 22 100
93 46 5 150
93 46 26 150
93 47 3 100
93 16 28 100
94 44 17 99
94 44 24 100
94 36 26 99
95 15 34 150
95 15 39 100
95 36 26 99
96 33 39 100
96 11 22 100
96 11 28 100
96 14 19 150
96 42 21 100
96 44 24 100
96 21 19 150
97 1 39 99
97 14 19 150
97 29 19 100
97 47 3 100
97 17 19 99
97 28 19 100
98 32 22 99
98 37 24 100
98 37 28 100
98 36 26 99
98 14 17 99
98 44 3 100
99 6 39 100
99 1 21 148
100 47 21 100
100 47 41 100
100 38 5 100
100 46 40 99
101 32 22 99
101 34 3 100
101 14 17 99
101 2 28 100
101 44 24 100
101 43 39 99
102 5 3 150
102 25 24 99
103 37 26 148
103 37 28 100
103 46 39 150
103 42 21 100
104 32 22 99
104 1 9 148
104 23 9 100
105 22 6 99
105 22 24 150
106 28 3 150
106 14 17 99
106 14 26 150
106 10 46 100
106 33 39 100
106 43 39 99
107 46 37 100
107 39 22 100
107 2 28 100
108 14 26 150
108 33 39 100
108 37 24 100
109 6 39 100
109 11 28 100
109 30 34 150
110 48 3 100
110 21 26 148
110 39 22 100
110 41 25 99
110 22 40 100
111 41 33 100
111 24 24 148
111 47 33 99
111 25 33 150
111 26 26 100
112 19 39 148
112 1 28 100
113 45 3 100
113 30 17 100
113 14 22 99
113 9 39 150
114 45 3 100
114 45 26 150
114 37 24 100
114 37 28 100
114 23 9 100
115 29 45 100
115 0 34 150
115 1 3 150
115 1 34 100
115 1 39 99
116 22 6 99
116 22 24 150
116 17 22 100
116 10 11 100
117 43 39 99
117 36 21 99
117 36 26 99
118 39 19 99
118 19 19 100
118 16 28 100
118 27 17 100
118 17 19 99
118 28 19 100
119 39 19 99
119 39 22 100
119 10 6 99
119 10 26 99
119 15 39 100
119 21 19 150
120 37 24 100
120 37 28 100
120 28 19 100
121 9 39 150
121 10 26 99
121 13 21 100
122 38 5 100
122 11 22 100
122 44 17 99
122 12 11 100
122 15 39 100
123 26 26 100
123 2 28 100
124 9 6 100
124 9 39 150
124 2 37 99
125 28 3 150
125 28 22 100
125 44 24 100
125 10 26 99
125 4 5 99
126 16 28 100
126 39 41 100
126 10 3 100
126 10 26 99
126 25 24 99
127 17 39 150
127 42 21 100
127 10 17 100
127 10 26 99
128 0 18 100
128 44 24 100
128 17 22 100
129 6 39 100
129 36 26 99
129 37 28 100
129 13 9 100
130 9 6 100
130 8 34 150
130 36 26 99
131 31 28 100
131 31 40 99
131 14 22 99
131 9 39 150
131 15 25 100
132 43 39 99
132 10 26 99
132 30 24 148
133 25 24 99
134 6 22 100
134 6 39 100
134 2 28 100
135 14 6 99
135 14 17 99
136 31 28 100
136 43 39 99
136 28 19 100
136 22 24 150
136 39 19 99
136 2 37 99
136 47 21 100
136 21 19 150
136 49 19 99
137 48 3 100
137 13 9 100
137 17 19 99
137 17 22 100
137 46 19 150
137 18 41 100
137 38 5 100
138 16 3 150
138 10 11 100
138 10 26 99
139 33 32 150
139 33 39 100
139 10 26 99
139 1 28 100
139 48 32 99
139 37 32 100
140 39 22 100
140 6 39 100
140 17 34 150
140 17 45 100
141 14 26 150
141 11 28 100
141 48 3 100
141 24 24 148
142 6 22 100
142 6 39 100
142 10 3 100
142 10 9 150
142 10 17 100
143 8 34 150
143 18 45 99
143 38 34 100
144 46 6 100
144 23 9 100
144 11 24 150
144 11 28 100
144 12 11 100
145 6 22 100
145 6 39 100
145 36 26 99
145 9 41 100
145 48 3 100
145 0 34 150
146 1 28 100
146 1 39 99
146 15 3 100
146 44 24 100
147 46 26 150
147 46 37 100
148 12 6 100
148 32 22 99
148 6 39 100
149 6 39 100
149 10 3 100
149 10 17 100
149 15 28 99
149 22 40 100
150 26 26 100
151 37 24 100
151 37 28 100
151 19 39 148
151 25 24 99
152 2 11 99
152 42 21 100
152 33 9 100
152 32 22 99
153 44 3 100
153 7 34 150
153 15 39 100
154 34 3 100
154 6 39 100
154 38 5 100
154 37 28 100
155 34 3 100
155 15 24 150
155 10 26 99
156 21 34 100
156 16 28 100
156 6 22 100
156 8 34 150
157 15 39 100
158 25 24 99
158 8 34 150
158 8 37 100
158 1 39 99
158 48 3 100
159 31 28 100
159 11 6 100
159 11 22 100
159 11 24 150
159 35 11 100
159 10 26 99
160 23 9 100
160 17 45 100
160 36 5 100
160 36 26 99
160 9 41 100
161 1 28 100
161 1 39 99
161 38 5 100
162 36 26 99
162 46 6 100
162 15 22 100
162 15 39 100
162 14 17 99
163 10 3 100
163 10 26 99
163 6 39 100
163 4 5 99
163 26 26 100
164 25 24 99
164 1 28 100
165 14 17 99
165 46 40 99
165 5 1 100
165 43 39 99
166 16 28 100
166 33 39 100
166 22 21 150
166 40 25 100
166 25 24 99
167 17 22 100
167 17 34 150
167 26 26 100
167 15 3 100
168 19 39 148
168 25 24 99
169 30 34 150
169 2 28 100
169 22 3 150
169 44 24 100
170 11 22 100
170 10 26 99
170 14 31 100
171 49 3 100
171 27 17 100
171 31 28 100
171 35 11 100
171 19 41 100
172 27 24 150
172 48 6 100
172 36 26 99
173 39 22 100
173 6 39 100
173 15 3 100
174 28 3 150
174 11 28 100
174 9 41 100
174 26 26 100
175 30 24 148
175 15 44 150
175 26 26 100
175 7 44 100
175 18 9 100
175 44 44 100
176 0 34 150
176 14 6 99
176 14 22 99
176 38 34 100
176 7 25 148
176 7 44 100
176 18 25 148
176 36 25 148
176 36 26 99
176 31 28 100
177 27 17 100
177 40 25 100
177 33 39 100
177 7 25 148
178 18 25 148
178 2 5 100
178 2 11 99
178 47 25 150
178 20 20 99
179 39 22 100
179 24 24 148
179 24 25 100
179 24 26 150
179 8 34 150
179 46 39 150
179 7 25 148
179 7 44 100
179 16 28 100
179 44 25 150
179 44 44 100
179 47 44 150
179 15 44 150
180 0 41 100
180 24 25 100
180 24 26 150
180 43 25 100
180 31 3 150
180 40 25 100
180 26 25 148
181 44 17 99
181 44 20 100
181 11 6 100
181 11 28 100
181 26 26 100
182 44 3 100
182 44 25 150
182 1 39 99
182 7 25 148
182 40 25 100
182 32 22 99
183 15 25 100
183 15 39 100
183 10 26 99
183 43 25 100
183 25 24 99
184 28 3 150
184 49 31 99
184 40 25 100
184 1 28 100
184 25 24 99
184 14 17 99
184 10 26 99
185 14 22 99
185 41 25 99
185 17 39 150
185 43 25 100
185 36 26 99
186 47 3 100
186 1 28 100
186 31 40 99
188 44 17 99
188 44 25 150
188 14 22 99
188 33 39 100
188 41 25 99
188 36 25 148
188 36 26 99
188 15 25 100
189 40 41 100
189 31 3 150
189 31 28 100
189 10 26 99
190 32 22 99
190 49 31 99
190 42 21 100
191 21 26 148
191 29 41 99
191 44 25 150
191 24 25 100
191 41 25 99
192 24 24 148
192 24 25 100
192 31 20 100
192 31 28 100
192 26 26 100
192 43 39 99
192 49 3 100
193 40 34 148
193 37 24 100
193 27 17 100
193 42 21 100
194 16 28 100
194 47 25 150
194 39 22 100
194 21 26 148
194 1 39 99
194 41 25 99
194 25 24 99
195 48 6 100
195 18 25 148
195 15 26 150
195 2 5 100
196 17 22 100
196 15 39 100
196 44 24 100
197 31 28 100
197 43 39 99
197 27 17 100
198 17 26 150
198 17 33 100
198 14 31 100
198 37 33 150
198 8 5 100
199 29 9 99
199 4 26 148
199 40 25 100
199 33 39 100
200 20 6 100
200 39 22 100
200 44 24 100
200 36 21 99
200 36 26 99
200 37 28 100
200 43 39 99
201 27 24 150
201 7 25 148
201 47 25 150
201 36 25 148
202 49 3 100
202 11 22 100
202 11 28 100
202 43 39 99
202 26 26 100
203 41 25 99
203 1 3 150
203 1 39 99
203 15 25 100
203 30 17 100
203 40 25 100
203 2 5 100
204 23 9 100
204 36 5 100
204 36 25 148
204 18 9 100
204 18 25 148
204 26 25 148
204 15 25 100
205 28 22 100
205 8 34 150
205 1 20 100
205 1 28 100
205 1 34 100
205 1 39 99
205 11 6 100
205 26 26 100
206 43 39 99
206 49 31 99
207 43 39 99
207 17 26 150
207 31 28 100
207 11 6 100
208 40 25 100
208 40 26 150
208 11 22 100
208 11 33 150
208 17 33 100
208 36 25 148
208 43 25 100
208 44 25 150
209 15 39 100
209 29 9 99
209 35 11 100
210 36 26 99
210 14 17 99
210 43 39 99
210 15 28 99
211 39 22 100
211 36 26 99
211 27 24 150
212 42 40 100
212 2 28 100
212 46 39 150
212 7 25 148
213 38 34 100
213 48 6 100
213 39 41 100
213 7 25 148
213 36 25 148
213 44 24 100
213 44 25 150
213 40 25 100
213 43 25 100
213 25 24 99
214 22 3 150
214 41 25 99
214 6 22 100
214 7 20 100
214 7 25 148
214 43 25 100
214 47 25 150
215 6 39 100
215 15 25 100
215 15 34 150
215 38 34 100
215 18 25 148
215 24 25 100
216 40 25 100
216 40 26 150
216 37 28 100
216 15 3 100
216 15 25 100
216 15 39 100
216 14 17 99
216 44 25 150
217 21 34 100
217 26 25 148
217 10 44 99
217 18 25 148
217 28 22 100
217 20 34 100
217 20 44 100
217 15 44 150
217 25 24 99
218 0 34 150
218 31 28 100
218 10 44 99
218 34 44 100
218 43 39 99
218 20 44 100
219 40 26 150
219 15 44 150
219 48 6 100
219 47 44 150
219 20 44 100
219 34 44 100
220 6 22 100
220 6 39 100
220 10 26 99
220 10 44 99
220 44 44 100
220 34 44 100
221 18 41 100
221 27 44 100
221 36 26 99
221 31 28 100
221 20 44 100
222 1 39 99
222 44 25 150
222 44 44 100
222 43 25 100
222 26 25 148
222 26 26 100
222 47 44 150
223 48 6 100
223 20 20 99
223 6 22 100
223 33 9 100
223 18 25 148
223 24 25 100
223 47 25 150
223 44 25 150
224 31 28 100
224 26 26 100
224 7 44 100
224 34 44 100
224 36 21 99
224 36 26 99
224 6 39 100
224 44 44 100
225 30 17 100
225 30 31 99
225 35 3 150
225 27 44 100
225 43 39 99
226 40 34 148
226 26 20 100
226 26 26 100
226 45 11 100
226 19 6 100
226 44 44 100
226 2 28 100
227 49 3 100
227 49 22 148
227 36 5 100
227 36 26 99
228 15 28 99
228 15 39 100
228 15 44 150
228 20 44 100
228 11 33 150
228 26 26 100
228 41 33 100
228 25 24 99
228 10 44 99
228 6 39 100
229 8 33 100
229 44 25 150
229 44 44 100
229 18 25 148
229 7 25 148
229 10 26 99
230 30 17 100
230 31 40 99
230 32 22 99
231 31 28 100
231 41 25 99
231 19 39 148
231 36 5 100
231 36 21 99
231 36 25 148
231 36 26 99
232 4 5 99
232 44 25 150
232 24 25 100
232 36 26 99
233 43 39 99
233 8 5 100
233 26 26 100
233 6 22 100
234 24 25 100
234 25 24 99
234 44 20 100
234 44 25 150
234 23 9 100
234 0 31 100
234 46 6 100
234 31 28 100
235 15 25 100
235 15 39 100
235 27 17 100
235 10 21 150
235 10 26 99
235 25 24 99
235 29 41 99
235 47 25 150
235 44 25 150
235 40 25 100
236 14 22 99
236 1 28 100
236 1 39 99
236 15 25 100
237 28 3 150
237 10 11 100
237 44 24 100
238 43 25 100
238 4 41 100
238 41 25 99
238 16 28 100
238 24 25 100
238 40 25 100
239 48 6 100
239 46 26 150
239 37 24 100
239 15 22 100
239 15 25 100
239 47 25 150
239 30 17 100
239 41 25 99
239 43 25 100
240 41 25 99
240 36 26 99
240 47 3 100
241 1 28 100
241 1 39 99
241 7 25 148
241 44 25 150
241 33 39 100
241 36 25 148
241 36 26 99
242 14 22 99
242 2 34 100
242 41 25 99
242 18 25 148
242 25 24 99
242 44 25 150
242 26 26 100
243 37 24 100
243 37 28 100
243 37 34 100
243 43 25 100
243 40 9 100
243 10 26 99
244 46 6 100
244 46 39 150
244 10 26 99
245 44 24 100
245 44 25 150
245 17 22 100
245 43 25 100
245 24 25 100
245 25 24 99
245 41 25 99
246 6 39 100
246 31 28 100
246 26 26 100
247 47 25 150
247 7 25 148
247 37 24 100
247 33 9 100
247 33 39 100
247 5 1 100
247 19 6 100
247 36 25 148
247 36 31 100
248 31 28 100
248 15 25 100
248 7 25 148
248 40 25 100
249 40 25 100
249 40 34 148
249 10 26 99
249 32 22 99
250 20 6 100
250 26 25 148
250 26 26 100
250 9 39 150
250 40 25 100
250 47 25 150
250 37 24 100
250 14 17 99
251 6 22 100
251 6 39 100
251 24 25 100
251 1 20 100
251 1 28 100
252 18 25 148
252 7 25 148
252 7 34 150
252 17 26 150
252 11 24 150
252 44 25 150
253 22 3 150
253 33 39 100
253 47 41 100
253 31 28 100
253 21 34 100
254 4 26 148
254 14 22 99
254 47 3 100
255 17 34 150
255 31 40 99
255 7 44 100
255 45 3 100
255 45 11 100
256 26 26 100
256 41 31 100
256 15 28 99
256 15 39 100
256 15 44 150
256 7 44 100
257 15 22 100
257 15 39 100
257 15 44 150
257 20 6 100
257 20 20 99
257 18 9 100
258 11 28 100
258 44 24 100
258 44 25 150
258 43 25 100
259 10 26 99
259 44 24 100
259 44 25 150
259 41 25 99
259 9 39 150
260 2 21 150
260 15 22 100
260 15 44 150
260 27 17 100
260 27 44 100
260 34 44 100
260 26 26 100
260 20 44 100
261 43 39 99
261 44 3 100
261 44 20 100
261 44 24 100
261 11 28 100
261 10 26 99
262 43 39 99
262 29 9 99
262 48 6 100
263 45 26 150
263 31 28 100
263 11 22 100
263 11 24 150
263 7 44 100
263 34 44 100
264 4 5 99
264 10 44 99
264 27 44 100
264 17 39 150
264 20 44 100
265 31 3 150
265 31 34 150
265 49 31 99
265 8 5 100
265 48 9 150
266 9 6 100
266 9 39 150
266 45 11 100
266 28 22 100
266 21 20 100
266 37 28 100
267 44 24 100
267 2 5 100
268 34 44 100
268 4 5 99
268 1 39 99
268 27 17 100
268 27 44 100
269 32 22 99
269 2 28 100
269 1 3 150
269 1 39 99
269 44 24 100
269 44 44 100
269 7 44 100
270 24 25 100
270 24 26 150
270 26 25 148
270 44 24 100
270 44 25 150
270 44 44 100
270 9 6 100
271 36 26 99
272 14 17 99
272 14 22 99
272 14 31 100
272 31 28 100
272 26 26 100
272 44 3 100
273 36 25 148
273 36 26 99
273 40 25 100
273 25 24 99
273 47 25 150
274 49 3 100
274 49 40 100
274 11 28 100
274 24 25 100
275 1 9 148
275 44 17 99
276 37 33 150
276 37 34 100
276 25 22 148
276 25 33 150
276 30 34 150
277 33 9 100
277 45 11 100
277 37 28 100
278 30 24 148
278 47 3 100
278 20 20 99
279 26 25 148
279 26 34 150
279 1 28 100
279 45 3 100
280 20 6 100
280 24 25 100
280 41 25 99
280 26 25 148
280 26 26 100
281 30 31 99
281 36 25 148
281 40 25 100
281 14 22 99
281 18 25 148
281 25 24 99
281 15 3 100
282 8 5 100
282 10 26 99
283 16 28 100
283 32 22 99
283 36 21 99
283 36 26 99
283 14 17 99
284 24 25 100
284 41 25 99
284 7 25 148
284 18 25 148
284 25 24 99
285 21 18 99
285 12 6 100
285 12 11 100
285 10 26 99
285 44 24 100
286 10 3 100
286 14 22 99
286 17 34 150
286 2 28 100
287 13 9 100
287 0 31 100
288 37 34 100
288 21 34 100
288 15 25 100
288 43 25 100
288 18 25 148
289 40 25 100
289 26 26 100
289 46 6 100
290 36 26 99
290 42 40 100
290 39 22 100
290 25 24 99
291 44 17 99
291 41 19 100
291 11 28 100
291 29 19 100
291 17 19 99
291 49 19 99
292 26 9 148
292 21 19 150
292 13 21 100
292 22 24 150
292 47 44 150
292 28 19 100
292 27 44 100
293 19 19 100
293 26 26 100
294 20 44 100
294 44 24 100
294 44 44 100
294 1 28 100
294 26 26 100
295 28 19 100
295 28 22 100
295 21 19 150
295 29 19 100
295 27 44 100
295 14 19 150
295 47 21 100
296 48 6 100
296 45 11 100
296 24 24 148
296 49 19 99
296 14 19 150
297 37 34 100
297 41 25 99
298 16 3 150
298 10 26 99
298 1 34 100
298 0 34 150
298 17 22 100
299 4 21 100
299 11 28 100
299 36 26 99
300 48 6 100
300 34 44 100
300 47 44 150
300 17 19 99
300 25 24 99
301 31 34 150
301 47 3 100
301 46 19 150
301 28 19 100
301 30 17 100
301 17 19 99
301 49 19 99
302 19 19 100
302 28 19 100
302 28 22 100
303 46 40 99
303 44 24 100
303 32 11 100
303 36 5 100
304 15 28 99
304 15 34 150
304 14 6 99
304 37 34 100
304 36 26 99
305 15 22 100
305 15 34 150
306 47 21 100
307 15 26 150
307 16 17 150
308 48 6 100
308 39 22 100
308 37 28 100
309 15 26 150
309 15 34 150
310 40 26 150
310 38 5 100
310 44 24 100
311 26 26 100
311 20 44 100
311 27 17 100
311 27 44 100
311 16 28 100
312 22 6 99
312 20 44 100
312 14 22 99
312 4 5 99
314 44 17 99
314 44 24 100
314 46 6 100
315 40 9 100
315 17 22 100
315 17 45 100
315 18 9 100
315 16 28 100
315 35 11 100
316 31 28 100
316 37 24 100
316 36 26 99
316 41 25 99
317 8 34 150
317 21 34 100
317 10 26 99
318 15 22 100
318 15 34 150
318 49 19 99
318 41 19 100
318 19 6 100
318 19 19 100
318 39 19 99
318 17 19 99
319 46 19 150
319 36 21 99
319 36 26 99
319 49 19 99
319 8 34 150
320 35 3 150
320 36 26 99
320 34 44 100
320 10 44 99
321 39 22 100
321 27 24 150
321 36 26 99
321 1 28 100
322 26 9 148
322 37 24 100
322 10 17 100
324 15 3 100
324 15 22 100
324 9 9 150
324 22 40 100
324 8 21 100
325 19 6 100
325 14 17 99
326 10 26 99
326 2 28 100
326 44 24 100
327 6 22 100
328 26 26 100
328 10 26 99
329 27 17 100
329 12 6 100
329 14 9 150
330 28 22 100
330 36 5 100
330 1 28 100
331 26 26 100
331 11 6 100
331 11 24 150
332 38 5 100
332 31 28 100
332 10 11 100
333 45 3 100
333 14 17 99
333 14 22 99
334 44 24 100
335 26 26 100
335 46 6 100
335 46 40 99
336 37 24 100
336 37 28 100
336 30 17 100
336 44 24 100
336 29 19 100
337 2 5 100
337 15 22 100
337 41 19 100
337 29 19 100
337 39 19 99
337 28 19 100
338 29 9 99
338 29 19 100
338 46 19 150
338 8 21 100
339 33 9 100
339 16 28 100
340 1 34 100
340 6 22 100
340 29 9 99
340 29 45 100
340 38 34 100
340 48 6 100
340 37 24 100
341 40 18 99
341 40 34 148
342 15 22 100
342 44 17 99
342 38 5 100
343 45 26 150
343 48 6 100
344 9 9 150
344 2 28 100
344 2 34 100
344 0 34 150
345 9 9 150
345 39 22 100
345 25 24 99
345 30 24 148
346 48 6 100
346 42 40 100
347 15 25 100
347 15 26 150
347 15 28 99
347 42 21 100
348 32 22 99
348 26 26 100
348 44 17 99
348 44 24 100
349 1 9 148
349 10 6 99
350 37 24 100
351 35 3 150
351 35 11 100
351 43 45 100
351 15 22 100
351 36 26 99
352 26 34 150
352 30 24 148
352 16 28 100
353 44 24 100
354 45 3 100
354 17 22 100
355 9 6 100
355 15 28 99
356 20 34 100
356 1 34 100
356 14 17 99
356 14 26 150
356 47 21 100
357 47 3 100
357 44 24 100
357 28 22 100
357 36 26 99
358 1 9 148
359 4 5 99
359 26 34 150
360 43 45 100
360 6 22 100
360 32 11 100
360 1 28 100
361 46 6 100
361 46 26 150
361 38 34 100
361 1 34 100
361 22 24 150
362 45 11 100
362 15 44 150
362 7 44 100
362 10 17 100
362 44 24 100
363 49 3 100
364 15 22 100
364 15 28 99
365 21 26 148
365 22 6 99
366 2 5 100
366 2 34 100
366 32 22 99
366 1 34 100
366 42 40 100
367 9 6 100
367 15 26 150
367 25 24 99
368 10 17 100
368 11 28 100
369 11 22 100
370 31 28 100
370 31 34 150
370 24 26 150
370 10 6 99
370 8 5 100
371 41 25 99
371 14 26 150
372 28 22 100
372 34 3 100
372 37 24 100
373 35 9 150
373 37 28 100
373 14 45 100
373 48 3 100
374 36 26 99
374 27 17 100
375 15 22 100
375 25 24 99
375 48 6 100
376 36 5 100
376 36 26 99
377 40 26 150
377 2 28 100
378 48 6 100
378 14 22 99
378 36 26 99
380 33 9 100
380 14 6 99
381 31 28 100
381 10 17 100
381 10 21 150
381 10 26 99
381 36 26 99
381 6 22 100
382 46 40 99
382 46 45 100
383 16 28 100
383 25 24 99
383 45 9 150
384 15 22 100
384 15 24 150
385 4 21 100
385 4 26 148
386 36 26 99
386 41 33 100
386 0 18 100
386 0 34 150
386 2 33 150
387 11 6 100
387 11 22 100
387 24 26 150
387 25 24 99
388 10 11 100
388 10 17 100
389 37 28 100
390 46 5 150
390 46 6 100
390 39 22 100
391 36 26 99
391 14 17 99
391 25 24 99
392 8 21 100
392 37 24 100
392 10 26 99
392 18 45 99
393 6 22 100
393 12 11 100
393 1 28 100
393 15 25 100
394 45 9 150
395 49 3 100
395 49 40 100
396 32 22 99
396 46 6 100
396 25 24 99
397 22 24 150
397 10 26 99
397 31 28 100
398 10 3 100
398 10 17 100
398 10 26 99
399 14 9 150
399 14 22 99
399 14 45 100
401 11 28 100
401 49 3 100
402 4 26 148
402 49 3 100
403 14 6 99
403 14 22 99
403 14 26 150
404 36 5 100
404 11 28 100
404 44 17 99
405 42 21 100
405 28 22 100
405 26 26 100
406 33 9 100
406 37 24 100
406 23 9 100
407 1 9 148
407 1 28 100
407 8 21 100
407 10 3 100
408 45 3 100
408 39 22 100
408 27 17 100
410 16 28 100
410 6 22 100
410 46 6 100
410 46 26 150
410 46 45 100
410 24 25 100
411 15 3 100
411 2 5 100
411 49 40 100
412 35 11 100
413 14 22 99
413 14 26 150
413 1 3 150
413 1 34 100
413 2 34 100
413 37 24 100
414 11 28 100
414 22 9 150
414 27 17 100
415 12 6 100
415 10 26 99
415 37 24 100
416 44 24 100
416 28 22 100
417 40 34 148
417 15 28 99
417 36 26 99
418 12 6 100
418 26 26 100
418 25 24 99
419 6 22 100
419 35 9 150
419 14 17 99
419 44 24 100
421 16 28 100
421 11 6 100
421 44 24 100
422 27 17 100
422 15 22 100
423 16 28 100
423 10 26 99
423 37 34 100
423 36 21 99
423 49 40 100
423 40 34 148
424 10 9 150
424 18 45 99
425 15 22 100
425 48 6 100
425 37 24 100
426 2 34 100
426 39 9 150
427 10 26 99
427 15 28 99
428 22 24 150
428 8 33 100
428 11 22 100
428 11 33 150
429 32 17 148
429 11 6 100
429 13 9 100
429 4 5 99
430 48 3 100
430 40 9 100
430 10 26 99
430 38 5 100
431 42 40 100
431 28 22 100
432 45 3 100
432 45 26 150
433 25 24 99
433 47 3 100
433 14 17 99
433 14 26 150
434 15 22 100
435 45 9 150
435 46 6 100
435 37 28 100
435 36 26 99
436 40 25 100
436 36 26 99
437 26 9 148
437 27 17 100
437 37 24 100
437 15 22 100
438 14 6 99
439 13 9 100
439 26 26 100
439 37 18 100
439 37 24 100
440 39 22 100
440 44 3 100
440 44 17 99
440 31 5 148
441 15 3 100
441 15 28 99
441 19 19 100
441 39 19 99
441 14 19 150
441 49 19 99
442 49 19 99
442 16 5 150
442 41 19 100
443 9 6 100
443 17 19 99
443 17 22 100
443 17 45 100
443 22 40 100
444 35 11 100
444 11 28 100
445 37 24 100
445 9 6 100
445 30 17 100
446 34 44 100
446 37 34 100
446 38 34 100
446 27 44 100
446 20 44 100
447 3 34 99
447 1 34 100
447 6 22 100
448 22 9 150
449 3 34 99
449 47 21 100
449 21 19 150
449 21 34 100
449 29 19 100
450 21 19 150
450 21 26 148
450 8 5 100
450 6 22 100
451 28 19 100
451 41 19 100
451 17 19 99
451 2 28 100
451 29 19 100
452 9 6 100
452 9 9 150
453 28 22 100
453 48 9 150
453 25 24 99
453 27 17 100
453 13 21 100
453 44 24 100
454 16 28 100
454 36 5 100
454 36 26 99
455 31 20 100
455 35 9 150
455 20 6 100
456 4 26 148
456 32 22 99
457 1 28 100
457 31 5 148
457 42 21 100
457 18 45 99
458 39 22 100
458 37 24 100
459 32 17 148
459 49 40 100
459 20 6 100
460 8 33 100
460 8 34 150
460 4 26 148
460 21 33 150
460 44 24 100
460 44 33 100
461 6 22 100
461 10 3 100
461 10 26 99
461 31 28 100
461 22 24 150
462 20 20 99
463 49 3 100
463 13 9 100
463 1 28 100
463 1 39 99
463 33 9 100
464 9 6 100
464 9 9 150
464 36 5 100
464 36 26 99
464 46 45 100
464 32 22 99
465 40 18 99
465 40 25 100
465 34 3 100
465 34 44 100
465 44 44 100
465 10 44 99
466 2 34 100
466 9 9 150
467 38 34 100
467 9 9 150
467 11 28 100
468 30 34 150
468 47 3 100
468 32 22 99
468 26 26 100
469 1 39 99
469 25 24 99
469 26 26 100
469 10 6 99
469 10 17 100
470 31 28 100
471 36 5 100
471 36 26 99
471 18 9 100
471 14 22 99
471 44 3 100
472 30 17 100
472 36 26 99
473 9 6 100
473 9 9 150
473 37 34 100
473 1 34 100
474 1 9 148
474 1 28 100
474 6 22 100
475 22 24 150
475 10 11 100
476 11 6 100
476 21 20 100
476 26 26 100
477 31 28 100
477 6 22 100
477 36 26 99
477 45 3 100
478 29 45 100
478 15 39 100
478 42 40 100
478 10 26 99
479 27 17 100
480 25 24 99
480 11 22 100
480 22 6 99
480 10 26 99
481 41 25 99
481 28 3 150
481 36 26 99
482 8 5 100
482 34 3 100
482 36 26 99
483 44 24 100
483 1 28 100
483 32 22 99
484 45 9 150
484 14 17 99
484 20 20 99
484 20 44 100
484 7 44 100
485 7 44 100
485 25 24 99
485 17 19 99
485 1 28 100
485 46 19 150
486 39 19 99
486 34 3 100
486 28 19 100
486 36 26 99
487 18 45 99
487 19 19 100
487 29 19 100
487 49 19 99
487 49 40 100
487 32 22 99
488 15 39 100
488 46 6 100
488 10 26 99
488 38 5 100
489 28 19 100
489 31 28 100
489 17 19 99
490 11 22 100
490 41 19 100
490 49 19 99
490 39 19 99
490 19 19 100
491 9 17 148
491 38 5 100
491 35 3 150
491 41 19 100
491 31 28 100
492 44 24 100
492 0 34 150
492 23 9 100
492 40 9 100
492 26 26 100
493 22 6 99
493 22 24 150
493 6 22 100
494 26 26 100
494 25 24 99
494 43 39 99
495 2 28 100
495 14 17 99
496 13 9 100
496 48 6 100
496 6 22 100
496 26 26 100
497 17 19 99
497 5 3 150
497 5 20 100
497 31 5 148
497 19 19 100
498 0 34 150
498 29 19 100
498 41 19 100
498 36 26 99
498 20 34 100
498 45 3 100
499 29 19 100
499 27 17 100
499 17 19 99
499 17 22 100
499 22 29 100
499 22 40 100
500 2 28 100
500 21 19 150
501 5 49 100
502 4 21 100
502 29 9 99
502 7 20 100
502 40 9 100
502 32 22 99
502 14 17 99
503 44 3 100
503 44 44 100
503 2 28 100
503 47 44 150
503 10 26 99
504 29 9 99
504 48 6 100
504 41 25 99
505 46 5 150
505 15 22 100
505 36 26 99
506 48 6 100
506 38 34 100
506 1 28 100
507 21 20 100
507 21 26 148
507 44 17 99
508 39 22 100
508 15 26 150
508 4 21 100
509 6 39 100
509 10 26 99
510 30 17 100
510 48 6 100
510 36 26 99
511 2 5 100
511 2 28 100
511 32 22 99
512 48 3 100
512 10 26 99
512 14 5 150
513 30 17 100
513 2 11 99
514 11 6 100
514 34 44 100
514 20 44 100
515 14 22 99
515 14 26 150
515 49 40 100
515 15 39 100
516 4 5 99
516 4 26 148
516 11 28 100
516 49 3 100
517 46 45 100
518 1 9 148
518 34 3 100
518 32 22 99
519 25 24 99
519 36 26 99
519 48 3 100
520 9 6 100
520 11 28 100
520 25 24 99
520 14 17 99
521 5 49 100
521 13 9 100
521 39 22 100
521 29 9 99
521 10 44 99
522 13 9 100
522 22 6 99
522 2 5 100
523 44 17 99
523 44 44 100
523 37 28 100
523 4 5 99
523 15 44 150
523 36 26 99
525 36 26 99
525 41 25 99
525 10 17 100
525 28 22 100
526 42 21 100
526 1 20 100
526 44 44 100
526 34 44 100
526 35 11 100
527 17 34 150
527 11 6 100
527 11 28 100
527 37 34 100
528 34 26 148
528 38 5 100
529 39 22 100
529 33 39 100
530 27 17 100
530 37 26 148
530 46 6 100
531 38 34 100
531 10 26 99
531 1 20 100
531 1 28 100
532 8 21 100
532 40 9 100
532 26 26 100
532 17 22 100
533 26 9 148
533 37 24 100
533 47 21 100
534 24 24 148
534 2 28 100
534 26 26 100
535 37 24 100
535 27 17 100
535 31 40 99
535 46 6 100
535 32 22 99
536 10 9 150
536 7 34 150
536 1 34 100
537 38 5 100
537 33 9 100
537 43 45 100
537 37 28 100
538 38 5 100
538 31 3 150
538 17 22 100
538 15 39 100
539 20 20 99
539 40 26 150
540 20 34 100
540 21 34 100
540 15 3 100
541 25 24 99
541 12 6 100
541 12 11 100
541 10 17 100
541 37 18 100
541 11 22 100
542 11 28 100
542 17 19 99
542 20 44 100
542 34 44 100
542 44 44 100
542 46 19 150
543 38 5 100
543 48 6 100
543 29 19 100
544 35 9 150
544 27 17 100
544 49 19 99
544 49 40 100
544 46 19 150
545 46 19 150
545 36 26 99
545 28 22 100
545 31 28 100
546 10 6 99
546 10 26 99
546 43 25 100
547 45 9 150
547 30 17 100
548 6 22 100
548 1 28 100
549 26 20 100
549 26 26 100
550 35 3 150
550 39 22 100
550 24 24 148
550 10 17 100
550 10 26 99
551 25 24 99
551 1 39 99
552 9 6 100
553 11 22 100
553 15 3 100
553 37 24 100
554 25 24 99
554 11 28 100
554 46 40 99
554 44 17 99
554 26 26 100
555 40 9 100
555 21 20 100
555 33 9 100
556 17 22 100
556 12 6 100
557 4 5 99
557 26 26 100
558 37 28 100
558 48 21 150
558 10 17 100
558 10 26 99
559 35 3 150
559 28 22 100
559 1 28 100
559 1 34 100
560 31 20 100
560 31 40 99
561 10 26 99
562 28 22 100
562 2 5 100
562 15 3 100
563 12 6 100
563 9 9 150
563 2 5 100
563 2 34 100
563 30 34 150
563 1 39 99
564 44 17 99
564 10 26 99
565 10 3 100
565 10 26 99
565 17 22 100
565 15 24 150
565 15 28 99
565 36 49 100
566 17 34 150
567 18 45 99
567 36 5 100
567 36 26 99
568 5 3 150
568 10 26 99
568 14 22 99
569 46 6 100
569 40 25 100
569 0 28 150
569 10 11 100
569 10 17 100
570 5 20 100
571 8 34 150
571 32 22 99
571 46 40 99
571 25 24 99
571 26 26 100
572 12 6 100
573 37 24 100
573 29 9 99
573 26 26 100
574 43 39 99
574 26 26 100
574 32 22 99
575 45 9 150
575 14 6 99
576 21 19 150
576 14 19 150
576 14 45 100
576 39 19 99
576 49 19 99
576 16 28 100
576 44 24 100
577 39 19 99
577 49 19 99
577 36 26 99
577 28 19 100
582 25 24 99
