2 49 49 100
2 25 49 150
2 18 38 100
2 20 49 150
2 45 49 148
3 4 19 100
3 35 11 99
3 7 38 100
3 23 41 100
4 30 49 150
4 2 18 100
4 2 49 100
4 32 49 100
4 39 49 100
4 49 49 100
4 18 38 100
5 3 11 99
5 3 18 150
5 36 8 148
5 20 49 150
5 16 49 100
5 32 49 100
5 7 38 100
5 7 49 148
5 39 49 100
6 7 18 100
6 7 38 100
6 7 49 148
6 25 47 99
6 25 49 150
6 20 49 150
6 45 49 148
6 49 49 100
7 14 41 99
7 29 41 99
7 17 19 150
7 18 38 100
8 37 18 100
8 37 19 150
8 23 11 99
8 30 47 99
8 18 38 100
9 20 49 150
9 27 49 99
9 30 49 150
9 45 49 148
9 14 29 100
10 32 19 100
10 29 11 150
10 19 38 100
11 2 8 99
11 2 13 99
11 2 18 100
11 4 19 100
12 40 11 100
12 18 18 100
12 18 19 150
12 25 47 99
13 25 49 150
13 7 8 100
13 7 18 100
13 7 38 100
13 7 49 148
13 49 49 100
13 16 49 100
13 9 49 148
14 23 11 99
14 23 18 150
14 23 19 100
14 4 19 100
15 4 19 100
15 14 29 100
16 25 49 150
16 27 49 99
16 5 49 100
16 8 38 150
16 3 11 99
16 3 18 150
16 32 8 100
16 32 49 100
16 39 49 100
17 31 18 100
17 14 38 150
17 24 47 100
17 8 19 99
18 22 11 99
18 22 19 150
18 41 41 150
18 2 13 99
18 25 41 100
19 32 19 100
19 28 18 100
19 19 38 100
19 35 11 99
20 23 41 100
20 18 38 100
20 5 49 100
20 28 41 99
20 20 49 150
20 49 49 100
21 38 18 100
21 38 47 150
21 27 49 99
21 19 49 99
21 20 49 150
21 7 25 100
21 7 49 148
21 25 49 150
21 45 49 148
21 2 49 100
22 9 13 100
22 9 49 148
22 5 49 100
22 20 49 150
22 26 8 100
22 40 11 100
22 32 49 100
22 39 49 100
23 35 18 150
23 35 19 100
23 4 19 100
24 15 11 100
24 31 18 100
24 10 29 150
24 20 49 150
24 25 49 150
24 16 49 100
24 45 49 148
25 7 18 100
25 7 38 100
25 32 19 100
26 40 11 100
26 8 19 99
26 1 18 100
27 37 19 150
27 1 29 150
27 20 38 150
28 16 49 100
28 27 49 99
28 31 18 100
28 49 49 100
28 47 11 100
28 24 47 100
28 25 49 150
28 30 49 150
29 37 8 150
29 37 13 99
29 37 18 100
29 20 38 150
29 20 49 150
29 25 49 150
29 19 49 99
29 45 49 148
30 5 49 100
30 47 11 100
30 16 49 100
30 25 41 100
30 25 49 150
30 9 49 148
30 7 38 100
30 7 49 148
30 14 41 99
31 39 19 100
31 19 38 100
31 25 41 100
31 25 47 99
32 47 11 100
32 49 18 99
32 30 8 99
32 37 19 150
32 35 19 100
33 30 8 99
33 4 19 100
33 18 18 100
33 18 38 100
34 31 18 100
34 17 19 150
34 26 8 100
34 22 11 99
35 8 19 99
35 49 18 99
35 2 13 99
36 19 19 150
36 49 18 99
36 30 47 99
36 35 11 99
37 22 11 99
37 19 49 99
37 2 8 99
37 2 18 100
37 2 49 100
37 25 49 150
37 39 49 100
37 7 49 148
38 26 8 100
38 19 19 150
38 19 38 100
38 37 18 100
39 15 11 100
39 28 19 150
40 45 18 100
40 9 13 100
40 9 19 100
40 40 8 99
41 9 19 100
41 30 41 150
41 44 41 100
41 15 11 100
41 7 38 100
42 8 8 150
42 8 19 99
42 16 49 100
42 2 18 100
42 2 49 100
42 45 49 148
43 20 38 150
43 20 49 150
43 22 11 99
43 22 38 100
43 5 49 100
43 31 18 100
43 39 19 100
43 30 8 99
44 1 18 100
44 1 25 150
44 4 19 100
44 40 8 99
44 18 38 100
45 5 49 100
45 7 8 100
45 7 38 100
45 7 49 148
45 47 11 100
45 9 49 148
45 25 49 150
46 23 19 100
46 5 49 100
46 7 18 100
46 7 38 100
46 39 19 100
47 22 11 99
47 22 38 100
47 11 18 100
47 8 19 99
47 40 8 99
47 2 29 99
48 31 13 99
48 5 49 100
48 30 49 150
48 9 49 148
48 45 49 148
48 22 38 100
49 5 19 150
49 44 41 100
49 14 29 100
49 14 41 99
49 19 38 100
49 3 11 99
50 23 19 100
50 35 8 100
50 37 13 99
51 5 19 150
51 30 47 99
51 7 38 100
51 23 11 99
52 32 8 100
52 32 49 100
52 22 38 100
52 28 18 100
52 39 49 100
52 20 49 150
53 40 8 99
53 40 11 100
53 44 41 100
53 19 19 150
53 19 49 99
53 45 49 148
53 5 49 100
54 9 13 100
54 9 19 100
54 31 18 100
54 3 11 99
54 23 41 100
55 33 18 99
55 9 19 100
55 35 19 100
55 49 38 150
56 36 8 148
56 13 38 150
56 22 11 99
56 22 19 150
57 49 18 99
57 6 47 100
57 2 13 99
57 8 19 99
58 20 38 150
58 20 49 150
58 23 18 150
58 2 8 99
58 2 49 100
58 25 25 99
58 25 49 150
58 9 49 148
59 1 18 100
59 32 2 100
59 32 49 100
59 21 2 100
59 28 38 150
59 16 49 100
59 15 2 150
59 48 2 100
59 7 49 148
60 3 11 99
60 3 40 100
60 5 19 150
60 5 49 100
60 25 49 150
60 38 18 100
60 33 2 100
60 17 29 100
60 18 38 100
60 9 13 100
61 48 2 100
61 35 2 150
61 35 19 100
61 8 2 99
61 26 2 100
61 33 2 100
62 13 40 100
62 2 18 100
62 10 2 100
62 1 47 100
62 7 38 100
62 26 2 100
62 33 2 100
62 9 19 100
63 33 2 100
63 33 18 99
63 40 2 100
63 40 11 100
63 15 2 150
63 25 25 99
63 5 19 150
64 9 19 100
64 4 19 100
64 7 18 100
64 7 38 100
64 22 11 99
64 42 47 100
64 45 2 150
64 15 2 150
64 36 2 100
65 40 2 100
65 5 19 150
65 7 18 100
65 7 38 100
65 27 13 99
65 36 2 100
65 36 40 99
65 21 2 100
66 8 2 99
66 8 8 150
66 8 19 99
66 31 18 100
66 32 2 100
66 3 11 99
66 7 38 100
66 35 2 150
66 21 2 100
67 15 2 150
67 23 19 100
67 24 47 100
67 36 2 100
67 28 18 100
67 33 2 100
68 41 41 150
68 8 2 99
68 8 19 99
68 12 40 100
68 9 13 100
68 9 19 100
68 7 38 100
68 26 2 100
68 33 2 100
69 31 18 100
69 47 11 100
69 18 19 150
69 48 2 100
69 40 2 100
69 40 8 99
69 10 2 100
69 32 2 100
69 15 2 150
69 33 2 100
70 31 41 148
70 35 2 150
70 35 8 100
70 35 11 99
70 35 19 100
70 19 38 100
71 35 2 150
71 35 19 100
71 38 18 100
71 48 2 100
71 7 38 100
71 2 13 99
71 10 2 100
72 36 2 100
72 36 40 99
72 7 38 100
72 0 41 148
72 25 11 150
72 25 41 100
72 25 47 99
72 39 19 100
72 48 2 100
72 15 2 150
72 8 2 99
72 8 19 99
72 32 2 100
72 10 2 100
73 48 2 100
73 37 41 100
73 32 2 100
73 32 8 100
73 32 19 100
73 7 38 100
73 10 2 100
73 44 41 100
74 2 8 99
74 2 18 100
74 12 38 150
74 12 40 100
74 36 2 100
74 28 19 150
74 26 2 100
74 8 2 99
75 0 41 148
75 21 2 100
75 5 19 150
75 45 2 150
75 22 11 99
75 22 38 100
75 48 2 100
75 15 2 150
75 32 2 100
76 17 19 150
76 17 29 100
76 3 11 99
76 33 2 100
76 35 2 150
76 40 2 100
77 12 40 100
77 12 47 99
77 49 18 99
77 4 19 100
77 37 13 99
77 22 38 100
77 48 2 100
77 40 2 100
77 35 2 150
77 32 2 100
77 8 2 99
78 39 18 150
78 39 49 100
78 8 2 99
78 25 49 150
78 36 2 100
78 9 49 148
78 32 2 100
78 32 49 100
78 40 2 100
79 9 19 100
79 9 49 148
79 38 18 100
79 7 38 100
79 42 47 100
79 10 2 100
80 13 40 100
80 36 2 100
80 15 2 150
80 15 11 100
80 23 19 100
80 35 2 150
80 35 19 100
80 8 2 99
80 19 38 100
80 45 2 150
80 45 18 100
81 33 2 100
81 2 8 99
81 2 13 99
81 40 2 100
81 40 11 100
81 36 2 100
81 21 2 100
81 4 19 100
81 32 2 100
81 48 2 100
81 10 2 100
82 5 19 150
82 38 18 100
82 12 40 100
82 43 25 100
82 7 38 100
82 33 2 100
83 14 41 99
83 4 19 100
83 15 2 150
83 15 11 100
83 15 41 148
83 7 38 100
83 36 2 100
83 32 2 100
83 12 47 99
84 45 2 150
84 45 18 100
84 30 8 99
84 35 2 150
84 35 19 100
84 35 40 100
84 9 19 100
84 10 2 100
84 40 2 100
84 33 2 100
84 19 38 100
85 15 2 150
85 15 11 100
85 38 18 100
85 10 2 100
85 33 2 100
85 22 38 100
85 19 8 150
85 45 2 150
85 35 2 150
85 35 19 100
86 32 2 100
86 32 19 100
86 1 40 100
86 40 2 100
86 45 2 150
87 33 2 100
87 33 18 99
87 36 2 100
87 7 8 100
87 7 38 100
87 48 2 100
87 17 19 150
87 37 13 99
87 10 2 100
87 15 2 150
87 15 11 100
87 35 2 150
87 40 2 100
88 1 47 100
88 39 19 100
88 23 41 100
88 35 2 150
88 33 2 100
88 10 2 100
89 15 2 150
89 15 11 100
89 25 41 100
89 19 19 150
89 8 2 99
89 36 2 100
89 38 18 100
89 35 2 150
89 21 2 100
89 40 2 100
90 3 11 99
90 3 40 100
90 33 2 100
90 33 18 99
90 16 49 100
90 35 2 150
90 35 8 100
90 2 29 99
90 2 49 100
90 22 38 100
91 31 18 100
91 35 2 150
91 35 8 100
91 35 19 100
91 35 40 100
91 23 19 100
91 30 49 150
91 16 49 100
91 9 49 148
91 10 2 100
91 36 2 100
92 22 38 100
92 31 18 100
92 36 2 100
92 48 2 100
92 40 2 100
92 7 38 100
92 7 49 148
92 26 2 100
92 20 49 150
92 45 2 150
92 45 49 148
93 22 19 150
93 22 25 99
93 19 8 150
93 19 49 99
93 37 18 100
93 35 2 150
93 8 2 99
93 40 2 100
94 26 2 100
94 26 8 100
94 32 2 100
94 32 19 100
94 49 18 99
94 48 2 100
94 22 25 99
94 22 38 100
94 21 2 100
95 40 2 100
95 40 8 99
95 40 11 100
95 16 49 100
95 32 2 100
95 32 49 100
95 20 49 150
95 25 49 150
95 15 2 150
95 7 38 100
95 7 49 148
95 26 2 100
96 11 18 100
96 39 49 100
96 35 2 150
96 45 2 150
96 45 49 148
96 33 2 100
96 22 38 100
96 9 13 100
96 9 49 148
97 32 2 100
97 32 19 100
97 32 49 100
97 33 2 100
97 48 2 100
97 39 49 100
97 31 41 148
97 45 2 150
97 13 40 100
97 15 2 150
97 26 2 100
97 18 38 100
98 21 2 100
98 21 30 100
98 4 19 100
98 31 18 100
98 19 38 100
98 22 11 99
98 48 2 100
98 40 2 100
99 8 2 99
99 8 19 99
99 49 18 99
99 35 2 150
99 35 8 100
99 35 19 100
99 17 29 100
100 39 38 150
100 39 49 100
100 7 49 148
100 22 11 99
100 34 30 100
100 8 2 99
100 19 49 99
100 45 2 150
100 45 49 148
100 1 47 100
101 2 18 100
101 2 29 99
101 2 49 100
101 15 2 150
101 21 2 100
101 5 19 150
101 45 2 150
102 35 2 150
102 35 11 99
102 35 19 100
102 10 2 100
102 7 38 100
102 41 41 150
102 8 2 99
102 15 2 150
103 21 2 100
103 21 30 100
103 23 11 99
103 23 19 100
103 23 38 150
103 10 2 100
103 7 8 100
103 7 18 100
103 26 2 100
103 9 19 100
103 45 2 150
103 32 2 100
103 13 40 100
103 35 2 150
104 40 2 100
104 26 2 100
104 12 47 99
104 22 25 99
104 22 38 100
104 15 2 150
104 28 18 100
104 4 19 100
104 36 2 100
105 17 19 150
105 37 18 100
105 21 2 100
105 36 2 100
105 7 38 100
105 32 2 100
106 6 47 100
106 48 2 100
106 3 11 99
106 33 2 100
106 7 38 100
106 8 2 99
106 8 19 99
106 41 41 150
106 37 41 100
106 12 30 100
106 15 2 150
107 25 25 99
107 25 41 100
107 18 19 150
107 18 38 100
107 45 2 150
107 10 2 100
107 15 2 150
107 26 2 100
108 4 19 100
108 3 40 100
108 33 2 100
108 33 18 99
108 21 2 100
108 21 29 150
108 21 30 100
108 49 38 150
108 15 2 150
108 8 2 99
108 48 2 100
109 39 19 100
109 49 18 99
109 25 41 100
109 35 2 150
109 35 19 100
109 15 2 150
109 8 2 99
109 14 29 100
110 44 25 100
110 4 19 100
110 40 2 100
110 22 38 100
110 5 22 100
110 10 2 100
111 39 18 150
111 39 19 100
111 47 11 100
111 33 2 100
111 7 8 100
111 7 38 100
111 35 2 150
111 8 2 99
111 8 19 99
112 39 19 100
112 1 18 100
112 8 2 99
112 48 2 100
112 40 2 100
112 21 2 100
112 21 30 100
112 36 2 100
112 31 25 99
113 1 47 100
113 38 22 100
113 15 2 150
113 15 41 148
113 33 2 100
113 28 19 150
113 28 38 150
113 26 2 100
114 44 41 100
114 10 2 100
114 0 41 148
114 7 8 100
114 7 49 148
114 21 2 100
114 39 49 100
114 49 49 100
114 5 49 100
114 30 49 150
114 36 2 100
114 36 40 99
115 10 2 100
115 4 8 150
115 4 19 100
115 15 2 150
115 15 11 100
115 8 2 99
115 49 18 99
115 32 2 100
116 22 19 150
116 22 25 99
116 38 18 100
116 38 30 99
116 13 40 100
116 10 2 100
116 48 2 100
116 26 2 100
116 26 8 100
116 45 2 150
116 15 2 150
117 15 2 150
117 15 11 100
117 7 8 100
117 7 38 100
117 21 2 100
117 23 19 100
117 10 2 100
118 4 19 100
118 9 19 100
118 48 2 100
118 10 2 100
118 28 18 100
118 8 2 99
118 15 2 150
118 3 40 100
118 33 2 100
119 38 18 100
119 38 30 99
119 10 2 100
119 45 2 150
119 5 19 150
119 48 2 100
119 30 47 99
119 36 2 100
119 22 11 99
120 22 38 100
120 30 8 99
120 30 49 150
120 26 2 100
120 26 18 148
120 8 2 99
120 9 49 148
120 3 40 100
120 7 49 148
120 19 49 99
121 14 38 150
121 10 2 100
121 38 18 100
121 40 2 100
121 40 11 100
121 39 19 100
121 15 2 150
122 9 49 148
122 40 2 100
122 25 49 150
122 27 49 99
122 8 2 99
122 38 30 99
122 35 2 150
122 35 40 100
122 20 49 150
122 15 2 150
122 19 49 99
123 10 2 100
123 35 2 150
123 35 11 99
123 35 18 150
123 35 19 100
123 48 2 100
123 40 2 100
123 40 28 100
123 21 2 100
124 15 2 150
124 15 41 148
124 1 47 100
124 9 19 100
124 22 38 100
124 10 2 100
124 40 2 100
124 8 2 99
124 8 19 99
124 33 2 100
125 38 18 100
125 38 30 99
125 23 11 99
125 23 19 100
125 45 2 150
125 18 38 100
125 40 2 100
125 26 2 100
126 3 11 99
126 5 19 150
126 37 18 100
126 48 2 100
126 19 38 100
126 24 47 100
127 21 2 100
127 40 2 100
127 40 8 99
127 31 18 100
127 31 25 99
127 7 38 100
127 35 2 150
127 35 19 100
127 35 40 100
128 19 8 150
128 19 19 150
128 12 30 100
128 26 2 100
128 48 2 100
128 35 2 150
128 10 2 100
129 39 18 150
129 39 19 100
129 47 11 100
129 36 2 100
129 7 38 100
129 26 2 100
129 32 2 100
129 10 2 100
130 45 2 150
130 19 19 150
130 19 38 100
130 14 29 100
130 8 2 99
130 26 2 100
131 48 2 100
131 48 22 150
131 6 47 100
131 49 18 99
131 19 19 150
131 47 11 100
131 26 2 100
132 13 40 100
132 10 2 100
132 15 2 150
132 26 2 100
132 26 8 100
132 39 19 100
132 45 2 150
132 45 18 100
132 20 30 100
132 36 2 100
133 28 18 100
133 28 19 150
133 48 2 100
133 15 2 150
133 15 11 100
133 33 2 100
133 26 2 100
133 26 8 100
134 8 2 99
134 8 19 99
134 8 38 150
134 10 2 100
134 7 8 100
134 23 11 99
134 23 19 100
134 38 30 99
134 15 2 150
134 32 2 100
135 18 18 100
135 18 38 100
135 10 2 100
135 49 49 100
135 9 49 148
135 32 2 100
135 32 49 100
135 39 49 100
135 8 2 99
135 35 2 150
136 12 38 150
136 12 40 100
136 14 41 99
136 26 2 100
136 48 2 100
136 28 19 150
136 28 41 99
136 35 2 150
136 35 11 99
136 36 2 100
136 20 49 150
136 10 2 100
137 28 18 100
137 38 30 99
137 9 19 100
137 42 47 100
137 8 2 99
137 21 2 100
137 36 2 100
137 36 40 99
138 26 2 100
138 26 8 100
138 26 18 148
138 8 2 99
138 5 49 100
138 36 2 100
138 27 49 99
138 25 49 150
138 48 2 100
138 47 11 100
138 10 2 100
139 2 18 100
139 2 49 100
139 21 2 100
139 36 2 100
139 9 19 100
139 9 49 148
139 33 2 100
139 14 38 150
139 10 2 100
140 45 2 150
140 1 8 148
140 5 19 150
140 5 30 100
140 22 38 100
140 32 2 100
140 36 2 100
141 39 18 150
141 39 38 150
141 39 49 100
141 40 2 100
141 40 11 100
141 32 2 100
141 32 49 100
141 49 49 100
141 1 29 150
141 16 49 100
141 5 49 100
141 33 2 100
142 31 18 100
142 31 25 99
142 45 2 150
142 45 49 148
142 26 2 100
142 30 49 150
142 21 2 100
142 22 38 100
142 8 2 99
142 35 2 150
142 40 2 100
142 19 49 99
142 7 49 148
142 9 49 148
143 39 49 100
143 28 18 100
143 19 38 100
143 19 49 99
143 32 2 100
143 32 49 100
143 7 49 148
143 15 2 150
143 10 2 100
143 3 40 100
143 16 49 100
143 30 47 99
144 10 2 100
144 28 18 100
144 28 38 150
144 1 11 150
144 26 2 100
144 26 8 100
144 27 49 99
144 19 49 99
144 32 2 100
144 32 49 100
145 8 2 99
145 2 49 100
145 19 30 150
145 19 38 100
145 19 49 99
145 25 49 150
145 9 49 148
145 7 49 148
145 39 49 100
146 30 47 99
146 30 49 150
146 8 2 99
146 8 19 99
146 45 2 150
146 45 18 100
146 19 38 100
146 19 49 99
146 21 2 100
146 21 22 100
146 10 2 100
146 1 40 100
147 7 8 100
147 7 18 100
147 7 49 148
147 22 11 99
147 29 22 100
147 19 49 99
147 9 19 100
147 9 49 148
147 16 49 100
147 36 2 100
148 38 18 100
148 9 19 100
148 21 2 100
148 7 8 100
148 16 49 100
148 33 2 100
148 3 11 99
148 40 2 100
148 35 2 150
149 33 2 100
149 39 19 100
149 44 41 100
149 45 2 150
149 18 38 100
149 8 2 99
149 29 41 99
149 32 2 100
149 10 2 100
150 1 18 100
150 1 40 100
150 1 47 100
150 10 2 100
150 8 2 99
150 8 19 99
150 20 30 100
150 39 19 100
150 35 2 150
150 35 11 99
150 15 2 150
151 37 18 100
151 49 49 100
151 27 49 99
151 16 49 100
151 40 2 100
151 40 8 99
151 23 11 99
151 30 49 150
151 25 49 150
151 21 2 100
152 37 18 100
152 32 2 100
152 32 19 100
152 32 28 100
152 18 38 100
152 8 2 99
152 48 2 100
152 33 2 100
152 26 2 100
153 4 8 150
153 4 19 100
153 31 18 100
153 36 2 100
153 20 30 100
153 32 2 100
153 8 2 99
154 3 11 99
154 3 40 100
154 48 2 100
154 45 2 150
154 45 18 100
154 45 49 148
154 33 2 100
154 10 2 100
154 15 2 150
154 32 2 100
154 32 8 100
154 32 49 100
154 36 2 100
154 27 49 99
155 23 19 100
155 40 2 100
155 40 8 99
155 11 18 100
155 19 38 100
155 19 49 99
155 10 2 100
155 27 49 99
155 8 2 99
155 8 19 99
156 10 2 100
156 48 2 100
156 45 2 150
156 36 2 100
156 38 30 99
156 22 11 99
156 22 19 150
156 22 38 100
157 38 18 100
157 38 22 100
157 5 49 100
157 21 2 100
157 21 25 150
157 26 2 100
157 36 2 100
157 12 47 99
157 45 2 150
157 45 49 148
157 22 38 100
157 49 49 100
158 32 2 100
158 32 19 100
158 32 49 100
158 26 2 100
158 26 18 148
158 7 38 100
158 7 49 148
158 3 40 100
158 40 2 100
159 29 18 100
159 32 2 100
159 32 19 100
159 32 28 100
159 15 2 150
159 15 11 100
159 42 47 100
159 8 2 99
159 7 38 100
159 36 2 100
159 33 2 100
160 30 8 99
160 39 19 100
160 39 22 100
160 28 18 100
160 9 19 100
160 45 2 150
160 10 2 100
160 35 2 150
160 19 38 100
161 31 18 100
161 18 38 100
161 23 11 99
161 12 30 100
161 15 2 150
161 27 49 99
161 25 49 150
161 16 49 100
161 48 2 100
162 47 11 100
162 17 19 150
162 32 2 100
162 32 8 100
162 32 49 100
162 18 38 100
162 33 2 100
162 48 2 100
162 30 49 150
162 15 2 150
163 38 18 100
163 39 19 100
163 14 29 100
163 40 2 100
163 33 2 100
163 8 2 99
163 22 38 100
164 12 30 100
164 26 2 100
164 14 41 99
164 10 2 100
164 5 19 150
164 23 41 100
164 8 2 99
165 27 49 99
165 22 11 99
165 22 38 100
165 21 2 100
165 23 41 100
165 44 41 100
165 49 49 100
165 25 49 150
165 40 2 100
165 40 8 99
165 33 2 100
165 26 2 100
165 19 49 99
166 7 18 100
166 7 38 100
166 7 49 148
166 45 2 150
166 23 19 100
166 10 2 100
166 33 2 100
166 8 2 99
166 26 2 100
166 15 2 150
166 21 2 100
167 39 18 150
167 39 49 100
167 45 2 150
167 45 49 148
167 23 11 99
167 6 47 100
167 38 30 99
167 36 2 100
167 40 2 100
167 21 2 100
167 9 49 148
167 19 38 100
167 19 49 99
167 27 49 99
168 28 18 100
168 28 19 150
168 18 38 100
168 48 2 100
168 21 2 100
168 12 40 100
168 35 2 150
168 36 2 100
169 45 2 150
169 39 19 100
169 10 2 100
169 37 8 150
169 40 2 100
169 40 11 100
169 21 2 100
169 18 38 100
169 8 2 99
169 32 2 100
170 31 18 100
170 10 2 100
170 26 2 100
170 26 8 100
170 3 11 99
170 4 19 100
170 35 2 150
170 35 19 100
170 15 2 150
170 40 2 100
170 48 2 100
171 31 18 100
171 31 25 99
171 19 19 150
171 19 38 100
171 21 2 100
171 21 30 100
171 1 47 100
171 40 2 100
171 10 2 100
171 36 2 100
172 23 18 150
172 23 19 100
172 7 38 100
172 2 29 99
172 15 2 150
172 33 2 100
173 20 30 100
173 11 18 100
173 10 2 100
173 39 19 100
173 15 2 150
173 15 11 100
173 40 2 100
173 40 8 99
173 19 38 100
174 33 2 100
174 10 2 100
174 30 8 99
174 17 19 150
174 48 2 100
174 36 2 100
175 30 8 99
175 30 49 150
175 2 49 100
175 10 2 100
175 16 49 100
175 9 49 148
175 23 11 99
175 32 2 100
175 32 49 100
175 19 38 100
176 30 49 150
176 23 18 150
176 29 22 100
176 9 49 148
176 2 49 100
176 19 38 100
176 19 49 99
176 15 2 150
176 8 2 99
176 25 49 150
177 10 2 100
177 15 2 150
177 15 11 100
177 28 18 100
177 28 19 150
177 34 30 100
177 26 2 100
177 26 8 100
177 35 2 150
177 22 38 100
178 23 38 150
178 28 18 100
178 25 49 150
178 20 49 150
178 4 8 150
178 9 49 148
178 40 2 100
179 17 19 150
179 23 11 99
179 22 38 100
179 26 2 100
179 7 18 100
179 7 49 148
179 47 26 99
179 15 2 150
179 35 2 150
180 30 8 99
180 19 19 150
180 32 2 100
180 47 11 100
180 45 2 150
181 9 49 148
181 21 2 100
181 21 22 100
181 21 30 100
181 22 25 99
181 22 38 100
181 11 18 100
181 11 26 100
181 32 2 100
181 32 49 100
181 19 49 99
181 36 2 100
181 10 2 100
181 48 2 100
182 22 38 100
182 27 47 150
182 27 49 99
182 17 22 100
182 44 41 100
182 40 2 100
182 5 49 100
182 33 2 100
182 26 2 100
182 25 49 150
182 32 2 100
182 32 49 100
183 39 18 150
183 39 49 100
183 8 2 99
183 25 49 150
183 47 26 99
183 10 2 100
183 30 8 99
183 30 49 150
183 27 49 99
183 49 49 100
183 5 49 100
183 48 2 100
183 7 49 148
184 19 19 150
184 19 38 100
184 19 49 99
184 5 49 100
184 28 18 100
184 21 2 100
184 2 8 99
184 33 2 100
184 36 2 100
185 7 38 100
185 29 41 99
185 6 26 99
185 10 2 100
185 30 41 150
185 33 2 100
185 21 2 100
185 15 2 150
186 17 19 150
186 4 19 100
186 10 2 100
186 29 18 100
186 34 30 100
186 45 2 150
186 26 2 100
186 26 8 100
186 32 2 100
186 19 38 100
186 21 2 100
187 11 26 100
187 45 2 150
187 10 2 100
187 8 2 99
187 8 19 99
187 21 2 100
188 20 30 100
188 30 8 99
188 19 19 150
188 8 2 99
188 31 18 100
188 45 2 150
189 28 18 100
189 28 19 150
189 30 8 99
189 26 2 100
189 8 2 99
189 1 26 100
189 10 2 100
189 33 2 100
190 23 18 150
190 23 19 100
190 23 38 150
190 19 8 150
190 40 2 100
190 35 2 150
190 36 2 100
191 32 2 100
191 32 49 100
191 41 41 150
191 48 2 100
191 33 2 100
191 15 2 150
191 14 29 100
191 14 38 150
191 8 2 99
191 49 49 100
191 5 30 100
191 5 49 100
191 11 26 100
191 7 49 148
191 36 2 100
191 27 49 99
192 29 18 100
192 16 49 100
192 32 2 100
192 32 8 100
192 32 49 100
192 10 2 100
192 49 49 100
192 22 38 100
192 9 49 148
192 27 49 99
193 10 2 100
193 2 8 99
193 2 49 100
193 8 2 99
193 8 19 99
193 9 19 100
193 7 38 100
193 21 2 100
193 6 26 99
194 39 18 150
194 39 22 100
194 39 49 100
194 16 49 100
194 33 2 100
194 25 47 99
194 25 49 150
194 45 2 150
194 45 49 148
194 10 2 100
194 7 38 100
194 8 2 99
194 2 49 100
194 36 2 100
195 11 26 100
195 30 41 150
195 45 2 150
195 37 41 100
195 9 19 100
195 40 2 100
195 36 2 100
195 7 38 100
196 12 30 100
196 15 2 150
196 33 2 100
196 33 18 99
196 48 2 100
196 32 2 100
196 32 8 100
196 32 19 100
196 10 2 100
196 26 2 100
197 32 2 100
197 32 19 100
197 19 38 100
197 2 18 100
197 6 26 99
197 26 2 100
197 18 38 100
197 45 2 150
198 49 18 99
198 48 2 100
198 23 19 100
198 45 2 150
198 2 29 99
198 22 19 150
198 22 38 100
198 26 2 100
198 33 2 100
199 38 22 100
199 36 2 100
199 24 47 100
199 21 2 100
199 20 49 150
199 27 49 99
199 19 49 99
199 40 2 100
199 8 2 99
199 25 49 150
200 14 41 99
200 33 2 100
200 26 2 100
200 6 26 99
200 29 41 99
200 48 2 100
200 10 2 100
200 45 2 150
200 21 2 100
201 12 30 100
201 12 47 99
201 15 2 150
201 15 41 148
201 7 38 100
201 16 49 100
201 26 2 100
201 9 19 100
201 35 2 150
201 35 19 100
201 48 2 100
201 40 2 100
202 3 18 150
202 39 19 100
202 39 22 100
202 23 19 100
202 47 26 99
202 29 22 100
202 25 22 150
202 48 2 100
203 25 41 100
203 25 49 150
203 28 22 100
203 28 41 99
203 48 2 100
203 41 24 150
203 27 49 99
203 15 2 150
203 5 49 100
203 30 49 150
204 33 2 100
204 33 18 99
204 33 24 148
204 47 26 99
204 36 2 100
204 12 30 100
204 12 47 99
204 40 2 100
204 5 49 100
204 48 2 100
204 23 19 100
204 45 2 150
205 33 2 100
205 33 24 148
205 22 19 150
205 31 41 148
205 19 8 150
205 36 2 100
205 39 24 99
205 32 2 100
205 21 2 100
206 32 2 100
206 32 49 100
206 29 18 100
206 19 20 99
206 19 49 99
206 40 2 100
206 35 2 150
206 37 24 100
206 1 24 100
206 1 26 100
206 30 49 150
206 45 2 150
206 45 49 148
206 48 2 100
206 15 2 150
207 38 18 100
207 38 24 150
207 38 30 99
207 39 19 100
207 39 49 100
207 8 2 99
207 40 2 100
207 33 2 100
207 32 2 100
207 48 2 100
207 36 2 100
208 45 2 150
208 45 49 148
208 6 26 99
208 1 24 100
208 8 2 99
208 8 24 150
208 37 24 100
208 40 2 100
208 40 8 99
208 7 49 148
208 33 2 100
208 16 49 100
209 35 2 150
209 35 8 100
209 35 18 150
209 35 19 100
209 39 19 100
209 39 49 100
209 16 20 99
209 16 49 100
209 33 2 100
209 36 2 100
209 10 2 100
209 17 29 100
209 45 2 150
210 27 30 150
210 33 2 100
210 33 18 99
210 34 26 99
210 45 2 150
210 10 2 100
210 25 47 99
211 36 2 100
211 29 18 100
211 8 2 99
211 8 19 99
211 5 19 150
212 22 19 150
212 28 18 100
212 28 22 100
212 11 26 100
212 2 8 99
212 36 2 100
212 33 2 100
212 45 2 150
213 22 19 150
213 33 2 100
213 33 37 100
213 35 2 150
213 0 37 150
213 45 2 150
213 32 2 100
213 25 47 99
214 47 26 99
214 1 18 100
214 1 22 150
214 1 24 100
214 2 8 99
214 19 22 148
214 19 37 150
214 33 2 100
214 33 24 148
214 33 37 100
214 36 2 100
214 17 22 100
214 21 2 100
214 32 2 100
214 32 19 100
214 35 2 150
215 21 2 100
215 21 30 100
215 9 19 100
215 31 18 100
215 39 37 100
215 49 37 100
215 15 2 150
215 26 2 100
215 26 37 99
215 42 37 100
215 36 2 100
216 6 26 99
216 7 18 100
216 49 24 150
216 49 37 100
216 26 2 100
216 26 37 99
216 33 2 100
216 33 24 148
216 33 37 100
216 19 19 150
216 21 2 100
217 32 2 100
217 41 41 150
217 11 26 100
217 25 41 100
217 8 2 99
217 8 37 99
217 21 2 100
218 6 47 100
218 27 37 150
218 15 2 150
218 7 18 100
218 35 2 150
218 8 2 99
218 8 37 99
218 49 37 100
218 23 37 99
218 38 22 100
218 36 2 100
219 19 37 150
219 33 2 100
219 33 18 99
219 33 24 148
219 33 37 100
219 47 26 99
219 40 2 100
219 21 2 100
219 8 2 99
219 8 24 150
219 8 37 99
219 20 24 100
219 15 2 150
220 30 8 99
220 42 24 100
220 42 37 100
220 49 18 99
220 49 24 150
220 49 37 100
220 5 30 100
220 21 2 100
220 8 2 99
220 8 37 99
220 19 37 150
221 24 20 100
221 7 8 100
221 7 18 100
221 45 2 150
221 19 37 150
221 42 37 100
221 47 26 99
221 36 2 100
222 15 2 150
222 15 41 148
222 0 37 150
222 26 2 100
222 26 20 99
222 26 37 99
222 36 2 100
222 33 2 100
222 33 37 100
222 45 2 150
222 2 29 99
222 8 2 99
223 28 18 100
223 4 8 150
223 21 2 100
223 21 20 100
223 21 30 100
223 15 2 150
223 47 26 99
224 24 41 150
224 42 37 100
224 6 4 100
224 25 41 100
224 40 2 100
224 40 8 99
224 8 2 99
224 8 37 99
224 0 37 150
224 35 2 150
224 48 2 100
224 48 37 100
225 49 18 99
225 49 24 150
225 49 37 100
225 19 37 150
225 7 8 100
225 41 24 150
225 42 37 100
225 15 2 150
225 48 2 100
225 48 37 100
225 26 2 100
225 26 37 99
226 33 2 100
226 33 24 148
226 33 37 100
226 24 20 100
226 30 4 100
226 34 26 99
226 34 30 100
226 16 24 150
226 32 2 100
226 35 2 150
226 26 2 100
226 26 37 99
226 42 24 100
226 42 37 100
227 34 26 99
227 31 18 100
227 26 2 100
227 26 4 100
227 26 8 100
227 26 20 99
227 26 37 99
227 32 2 100
227 10 29 150
227 23 37 99
227 45 2 150
227 33 2 100
227 33 37 100
227 36 2 100
228 35 2 150
228 35 18 150
228 19 37 150
228 42 37 100
228 49 37 100
228 12 30 100
229 32 2 100
229 32 8 100
229 49 4 148
229 49 37 100
229 0 37 150
229 1 26 100
229 45 2 150
229 21 2 100
229 42 37 100
230 25 47 99
230 33 2 100
230 33 37 100
230 45 2 150
230 8 2 99
230 8 37 99
230 36 2 100
230 48 2 100
230 48 37 100
231 33 2 100
231 33 37 100
231 23 37 99
231 23 43 100
231 37 8 150
231 37 43 150
231 15 2 150
231 15 43 99
231 35 2 150
231 35 43 148
231 8 2 99
231 8 37 99
231 26 2 100
231 27 43 150
231 32 2 100
231 17 43 100
231 36 2 100
232 1 4 99
232 1 43 150
232 7 43 150
232 32 2 100
232 0 37 150
232 8 2 99
232 8 37 99
232 42 37 100
232 38 30 99
232 23 43 100
232 48 2 100
232 48 43 100
233 47 20 148
233 47 43 100
233 28 43 100
233 12 47 99
233 35 2 150
233 35 43 148
233 25 43 150
233 36 2 100
233 1 4 99
233 1 43 150
233 45 2 150
233 45 43 100
233 33 2 100
233 33 37 100
233 20 43 148
234 48 2 100
234 48 37 100
234 48 43 100
234 49 37 100
234 30 8 99
234 45 2 150
235 38 24 150
235 38 30 99
235 1 4 99
235 1 24 100
235 42 37 100
235 48 2 100
235 48 37 100
235 35 2 150
235 35 8 100
235 23 37 99
235 45 2 150
235 26 2 100
235 26 37 99
236 1 4 99
236 49 37 100
236 8 2 99
236 8 37 99
236 32 2 100
236 36 2 100
236 27 37 150
236 33 2 100
236 33 37 100
236 35 2 150
237 14 29 100
237 39 37 100
237 21 2 100
237 36 2 100
237 8 2 99
237 8 37 99
237 27 37 150
237 45 2 150
238 1 4 99
238 1 24 100
238 7 8 100
238 5 22 100
238 16 24 150
238 35 2 150
238 40 2 100
238 33 2 100
238 33 37 100
239 38 30 99
239 45 2 150
239 6 4 100
239 6 47 100
239 26 2 100
239 26 37 99
239 21 2 100
239 1 24 100
239 40 2 100
239 36 2 100
239 33 2 100
239 33 37 100
240 32 2 100
240 0 24 100
240 0 37 150
240 33 2 100
240 33 24 148
240 33 37 100
240 40 2 100
240 21 2 100
240 20 24 100
240 42 37 100
241 8 2 99
241 8 24 150
241 8 37 99
241 42 24 100
241 42 37 100
241 34 22 150
241 34 30 100
241 2 4 100
241 29 22 100
241 45 2 150
241 17 22 100
241 23 37 99
242 21 2 100
242 21 20 100
242 25 47 99
242 8 2 99
242 8 37 99
243 35 2 150
243 35 8 100
243 27 20 100
243 27 37 150
243 15 2 150
243 37 4 99
243 40 2 100
243 36 2 100
244 37 4 99
244 37 8 150
244 39 22 100
244 39 37 100
244 19 37 150
244 40 2 100
244 49 37 100
244 27 37 150
244 15 2 150
245 1 4 99
245 1 22 150
245 35 2 150
245 35 8 100
245 12 30 100
245 48 2 100
245 48 22 150
245 48 37 100
245 27 37 150
245 0 37 150
245 42 37 100
246 44 22 148
246 36 2 100
246 32 2 100
246 19 37 150
247 0 4 100
247 0 37 150
247 15 2 150
247 16 20 99
247 33 2 100
247 33 37 100
247 48 2 100
247 48 37 100
247 39 37 100
248 42 37 100
248 21 2 100
248 26 2 100
248 26 4 100
248 26 8 100
248 26 37 99
248 15 2 150
248 23 37 99
248 33 2 100
248 33 37 100
249 16 20 99
249 16 24 150
249 38 24 150
249 38 30 99
249 35 2 150
249 8 2 99
249 8 37 99
249 6 47 100
249 40 2 100
250 42 24 100
250 42 37 100
250 33 2 100
250 33 24 148
250 33 37 100
250 23 37 99
250 7 8 100
250 32 2 100
250 1 4 99
250 1 24 100
250 49 37 100
250 8 2 99
250 8 37 99
250 0 37 150
250 39 37 100
251 42 37 100
251 37 4 99
251 8 2 99
251 8 37 99
251 49 37 100
251 23 37 99
252 1 43 150
252 8 2 99
252 8 37 99
252 45 43 100
252 38 30 99
252 47 43 100
252 20 43 148
252 19 37 150
252 19 43 150
252 7 43 150
252 48 37 100
252 48 43 100
253 37 8 150
253 37 43 150
253 8 37 99
253 15 43 99
253 45 43 100
253 25 43 150
253 4 43 100
253 49 37 100
253 49 43 148
253 7 43 150
254 49 37 100
254 49 43 148
254 5 30 100
254 45 43 100
254 15 43 99
254 35 8 100
254 28 43 100
254 0 4 100
254 0 37 150
255 24 20 100
255 33 37 100
255 19 37 150
255 40 8 99
255 48 37 100
255 26 4 100
255 26 37 99
255 42 37 100
256 12 47 99
256 39 37 100
256 42 37 100
257 23 37 99
257 26 4 100
257 26 8 100
257 26 37 99
257 0 37 150
257 42 37 100
258 19 37 150
258 6 4 100
258 48 37 100
258 49 37 100
258 38 30 99
258 30 8 99
259 37 43 150
259 17 43 100
259 23 37 99
259 23 43 100
259 49 37 100
259 49 43 148
259 19 37 150
259 19 43 150
259 25 43 150
260 39 24 99
260 39 37 100
260 32 8 100
260 38 24 150
260 17 43 100
260 33 37 100
260 7 43 150
260 0 24 100
260 1 43 150
261 6 4 100
261 6 47 100
261 37 43 150
261 12 30 100
261 42 37 100
261 25 43 150
261 20 43 148
261 15 43 99
261 45 43 100
261 1 43 150
262 48 37 100
262 48 43 100
262 42 37 100
262 1 4 99
262 1 43 150
262 26 37 99
263 17 43 100
263 38 20 150
263 49 37 100
263 49 43 148
263 23 37 99
263 23 43 100
263 37 43 150
263 8 37 99
263 15 43 99
263 4 43 100
263 34 43 150
263 27 37 150
263 27 43 150
264 37 8 150
264 37 43 150
264 33 37 100
264 28 43 100
264 4 43 100
264 45 43 100
264 5 30 100
264 35 43 148
264 23 37 99
264 23 43 100
264 27 37 150
264 27 43 150
264 0 37 150
265 0 20 148
265 0 24 100
265 0 37 150
265 34 43 150
265 33 24 148
265 33 37 100
265 17 43 100
265 6 47 100
265 45 43 100
265 25 43 150
265 1 43 150
265 26 37 99
265 20 43 148
266 35 43 148
266 38 30 99
266 48 37 100
266 48 43 100
266 45 43 100
266 8 37 99
266 28 43 100
266 30 4 100
266 15 43 99
267 4 43 100
267 34 43 150
267 26 4 100
267 26 8 100
267 26 37 99
267 39 37 100
267 42 37 100
267 37 43 150
267 49 37 100
267 49 43 148
267 28 43 100
267 47 43 100
268 8 37 99
268 20 43 148
268 28 43 100
268 49 37 100
268 49 43 148
268 35 43 148
268 26 37 99
269 5 30 100
269 8 37 99
269 26 4 100
269 26 37 99
269 48 37 100
269 24 47 100
269 33 37 100
270 42 37 100
270 26 4 100
270 26 37 99
270 8 37 99
271 19 20 99
271 19 37 150
271 48 37 100
271 12 47 99
271 33 24 148
271 33 37 100
271 42 24 100
271 49 24 150
272 14 29 100
272 8 37 99
272 49 37 100
272 2 4 100
272 5 30 100
273 19 20 99
273 19 37 150
273 27 37 150
273 39 37 100
274 2 4 100
274 39 37 100
274 23 37 99
274 1 47 100
274 24 20 100
275 37 4 99
275 21 22 100
275 21 30 100
275 38 22 100
275 42 37 100
275 29 22 100
275 32 8 100
275 48 37 100
275 19 37 150
276 19 37 150
276 29 22 100
276 38 24 150
276 1 24 100
276 39 37 100
276 0 37 150
277 0 20 148
277 0 37 150
277 28 43 100
277 30 8 99
277 2 8 99
277 45 43 100
277 19 37 150
277 19 43 150
277 48 37 100
277 48 43 100
278 47 43 100
278 49 4 148
278 49 37 100
278 49 43 148
278 45 43 100
278 0 37 150
278 1 43 150
278 4 43 100
278 15 43 99
278 48 43 100
278 17 43 100
279 28 43 100
279 37 43 150
279 35 43 148
279 42 37 100
279 42 47 100
279 33 37 100
279 12 30 100
279 7 43 150
279 26 37 99
279 45 43 100
280 35 43 148
280 0 4 100
280 0 24 100
280 0 37 150
280 8 24 150
280 8 37 99
280 23 37 99
280 23 43 100
280 39 24 99
281 25 20 100
281 49 37 100
281 12 30 100
281 0 4 100
281 0 37 150
281 39 37 100
282 30 8 99
282 8 37 99
282 33 37 100
282 23 37 99
283 42 24 100
283 42 37 100
283 0 24 100
283 0 37 150
283 21 20 100
283 21 30 100
283 1 8 148
283 1 24 100
284 6 47 100
284 33 37 100
284 27 37 150
284 8 37 99
285 16 24 150
285 20 24 100
285 8 37 99
285 0 24 100
285 0 37 150
286 19 37 150
286 42 37 100
286 0 37 150
287 0 24 100
287 0 37 150
287 48 37 100
287 19 37 150
287 49 24 150
288 39 20 150
288 39 24 99
288 39 37 100
288 8 24 150
288 8 37 99
288 42 24 100
288 42 37 100
289 0 37 150
289 48 37 100
290 23 37 99
292 25 47 99
294 6 47 100
296 25 47 99
298 25 47 99
300 6 47 100
302 26 8 100
304 42 47 100
307 38 47 150
309 42 47 100
311 30 47 99
314 6 47 100
316 1 47 100
318 30 47 99
320 12 47 99
322 6 47 100
325 42 47 100
327 30 47 99
330 25 47 99
331 24 47 100
335 42 47 100
336 42 47 100
338 6 47 100
340 42 47 100
342 6 47 100
345 6 47 100
347 12 47 99
349 6 47 100
351 25 47 99
353 12 47 99
356 6 47 100
358 12 47 99
360 30 47 99
362 25 47 99
366 2 47 150
368 30 47 99
370 6 47 100
372 24 47 100
375 42 47 100
377 24 47 100
379 12 47 99
381 30 47 99
383 25 47 99
386 1 47 100
389 1 47 100
390 6 47 100
392 6 47 100
394 30 47 99
397 12 47 99
398 2 8 99
400 24 47 100
402 24 47 100
404 6 47 100
406 12 47 99
409 25 47 99
411 24 47 100
413 1 47 100
415 25 47 99
418 1 47 100
420 6 47 100
422 25 47 99
424 30 47 99
427 6 47 100
429 24 47 100
431 12 47 99
433 24 47 100
435 35 8 100
436 24 47 100
438 42 47 100
441 1 47 100
443 42 47 100
445 42 47 100
447 30 47 99
450 24 47 100
453 25 47 99
454 12 47 99
456 1 47 100
459 30 47 99
461 30 47 99
463 42 47 100
465 42 47 100
468 30 47 99
469 12 47 99
472 24 47 100
474 24 47 100
476 6 47 100
478 6 47 100
481 24 47 100
483 42 47 100
485 24 47 100
487 24 47 100
489 24 47 100
492 24 47 100
494 30 47 99
496 30 47 99
498 33 24 148
498 20 24 100
498 30 47 99
498 1 24 100
500 42 47 100
502 16 24 150
502 0 24 100
503 42 47 100
505 30 47 99
507 25 47 99
509 1 47 100
512 25 47 99
513 33 24 148
513 39 24 99
513 0 24 100
514 30 47 99
516 33 24 148
516 24 47 100
516 20 24 100
517 0 24 100
518 24 47 100
518 42 24 100
518 0 24 100
518 1 24 100
520 6 47 100
522 0 24 100
522 17 24 150
523 30 47 99
525 24 47 100
527 25 47 99
528 33 24 148
528 20 24 100
528 8 24 150
529 12 47 99
531 30 47 99
534 24 47 100
536 30 47 99
538 1 47 100
540 42 47 100
542 12 47 99
545 12 47 99
547 25 47 99
549 30 47 99
551 30 47 99
553 25 47 99
556 12 47 99
558 24 47 100
560 30 47 99
562 12 47 99
565 30 47 99
565 42 24 100
565 33 24 148
567 42 47 100
569 30 47 99
571 25 47 99
573 1 47 100
576 30 47 99
