3 22 11 99
3 22 37 150
4 13 11 148
5 28 11 100
7 11 5 100
7 9 37 150
8 2 2 100
9 35 32 100
9 35 40 100
10 22 6 148
10 26 6 100
10 26 40 148
10 1 6 150
10 4 6 99
10 13 6 150
10 13 43 100
10 40 6 150
10 43 6 150
11 4 6 99
11 17 20 100
11 49 6 150
11 18 20 150
11 22 6 148
11 22 11 99
11 22 37 150
11 1 6 150
12 12 6 148
12 45 11 100
12 1 6 150
12 43 6 150
13 12 40 100
13 32 32 100
13 44 21 99
14 25 32 100
14 25 37 150
14 26 11 100
15 31 40 100
15 5 2 100
15 8 37 100
16 45 11 100
17 4 14 100
17 32 14 100
17 9 37 150
17 26 11 100
17 21 14 148
17 7 14 148
17 10 14 150
18 22 11 99
18 22 14 150
18 35 14 150
18 46 14 150
18 36 14 148
19 9 37 150
19 7 14 148
19 30 14 150
19 1 40 148
19 46 14 150
19 17 14 100
19 17 32 148
19 4 14 100
20 46 14 150
20 36 14 148
20 1 5 99
21 2 2 100
21 37 30 100
21 9 37 150
21 45 11 100
22 22 11 99
22 22 19 100
23 30 47 100
23 28 11 100
23 47 37 150
24 22 11 99
24 8 37 100
24 18 32 100
25 28 11 100
26 29 14 150
26 43 11 100
26 39 14 148
26 24 37 150
26 46 14 150
26 35 14 150
27 42 2 99
27 2 32 100
27 20 43 100
27 39 14 148
27 17 14 100
27 22 11 99
27 22 14 150
27 10 14 150
27 31 14 150
28 35 14 150
28 7 14 148
28 48 14 150
28 48 21 100
28 17 14 100
28 17 20 100
28 32 14 100
28 4 14 100
28 47 37 150
28 21 14 148
29 7 11 100
29 4 14 100
29 20 32 100
30 9 37 150
30 44 3 100
30 29 5 99
31 32 14 100
31 45 11 100
31 46 14 150
31 35 14 150
31 39 14 148
31 29 14 150
32 12 6 148
32 28 11 100
32 1 6 150
32 22 6 148
32 22 14 150
32 22 37 150
32 43 6 150
32 36 14 148
32 17 14 100
33 22 6 148
33 22 14 150
33 8 37 100
33 12 6 148
33 12 40 100
33 0 6 150
33 30 14 150
33 25 40 100
33 4 6 99
33 4 14 100
33 1 6 150
33 32 6 100
33 32 14 100
33 26 6 100
33 7 14 148
34 34 40 99
34 48 14 150
34 0 6 150
34 26 6 100
34 1 6 150
34 40 14 148
35 17 14 100
35 47 37 150
35 42 2 99
35 22 11 99
36 2 5 100
37 7 11 100
38 22 11 99
38 22 37 150
38 12 30 100
38 6 43 100
38 32 14 100
39 32 32 100
39 21 40 99
39 10 21 100
40 25 37 150
41 35 32 100
41 7 11 100
41 40 6 150
41 13 6 150
41 26 6 100
42 22 2 100
42 22 6 148
42 22 11 99
42 22 37 150
42 1 6 150
42 20 6 148
42 32 6 100
43 12 6 148
43 0 6 150
43 43 6 150
43 43 11 100
43 20 6 148
44 40 6 150
44 40 11 99
44 34 37 150
44 0 6 150
44 43 6 150
45 49 6 150
45 12 6 148
45 4 6 99
45 45 11 100
46 28 47 100
46 39 40 150
46 43 6 150
46 0 6 150
46 8 37 100
46 26 6 100
46 22 6 148
46 22 19 100
47 35 32 100
47 13 6 150
47 32 6 100
47 0 6 150
48 16 40 100
48 7 11 100
48 49 6 150
48 0 6 150
48 8 37 100
48 37 30 100
48 26 6 100
49 27 2 100
49 32 6 100
49 32 32 100
49 28 11 100
49 12 40 100
49 8 37 100
50 45 11 100
50 9 43 100
51 32 6 100
51 39 20 100
51 24 37 150
51 24 40 100
53 49 6 150
53 1 6 150
53 1 40 148
53 26 6 100
53 8 37 100
53 44 20 150
53 44 21 99
53 20 6 148
53 22 6 148
53 43 6 150
54 4 6 99
54 0 6 150
54 20 6 148
54 13 6 150
54 13 11 148
55 8 37 100
55 12 6 148
55 12 40 100
55 35 32 100
55 26 6 100
55 20 6 148
55 13 6 150
55 49 6 150
55 22 6 148
55 22 19 100
56 0 6 150
56 4 6 99
56 26 6 100
56 26 11 100
56 1 6 150
56 20 6 148
57 42 2 99
57 4 6 99
57 31 37 150
57 25 32 100
57 12 6 148
57 43 6 150
57 43 11 100
57 0 6 150
58 13 6 150
58 45 11 100
58 26 6 100
58 12 6 148
59 46 43 100
59 43 11 100
59 9 37 150
60 2 32 100
60 7 11 100
61 43 11 100
61 47 37 150
61 4 6 99
61 20 32 100
62 40 11 99
63 20 32 100
63 20 40 100
63 9 37 150
64 35 40 100
64 29 2 100
64 3 40 100
64 8 37 100
65 43 11 100
65 23 20 100
66 42 21 100
66 45 11 100
66 20 32 100
66 8 37 100
67 8 37 100
68 6 43 100
68 20 32 100
68 43 11 100
69 7 3 100
69 7 11 100
69 31 37 150
69 5 5 99
70 8 37 100
70 2 2 100
71 20 40 100
72 34 37 150
72 40 11 99
73 1 40 148
73 24 20 150
74 13 20 150
74 28 11 100
74 22 37 150
75 43 11 100
75 17 20 100
75 18 32 100
76 26 11 100
76 20 32 100
76 10 2 100
76 24 37 150
77 28 11 100
78 21 30 100
78 18 20 150
78 30 21 100
78 23 20 100
78 26 11 100
79 28 11 100
79 8 37 100
79 24 37 150
80 40 11 99
81 23 43 100
81 43 11 100
81 35 32 100
81 24 37 150
82 29 2 100
82 40 11 99
83 26 11 100
83 7 19 150
83 8 37 100
84 7 11 100
84 34 37 150
85 22 11 99
85 22 19 100
86 2 32 100
86 47 37 150
86 26 11 100
87 22 11 99
88 34 37 150
88 43 11 100
88 20 32 100
89 29 2 100
89 8 37 100
90 45 11 100
91 13 11 148
91 48 14 150
91 36 14 148
91 30 14 150
91 34 37 150
91 23 20 100
91 32 14 100
92 28 11 100
92 39 14 148
92 22 14 150
93 23 43 100
93 31 14 150
93 31 37 150
93 44 21 99
93 10 14 150
93 21 14 148
93 21 30 100
93 35 14 150
93 43 11 100
93 39 14 148
93 22 14 150
94 25 32 100
94 35 14 150
94 6 47 100
94 8 37 100
94 29 14 150
94 28 11 100
95 36 14 148
95 45 5 100
95 27 2 100
96 31 20 100
96 31 37 150
96 10 32 150
96 28 11 100
97 40 11 99
98 9 37 150
98 26 11 100
99 45 11 100
99 23 20 100
100 20 19 150
100 20 32 100
100 34 37 150
101 45 11 100
101 40 11 99
101 10 2 100
102 39 40 150
102 24 37 150
103 28 11 100
104 9 37 150
104 45 11 100
105 1 47 100
105 28 11 100
106 26 11 100
106 24 37 150
107 5 2 100
107 43 11 100
107 12 30 100
107 8 37 100
108 17 20 100
108 44 20 150
108 2 32 100
109 33 21 100
109 40 40 150
109 23 43 100
109 47 37 150
110 26 11 100
110 32 32 100
111 7 11 100
111 47 37 150
111 2 32 100
112 12 40 100
113 47 37 150
114 15 2 100
114 10 14 150
114 36 14 148
114 29 14 150
114 29 40 148
114 17 14 100
114 7 11 100
114 7 14 148
114 46 14 150
114 32 14 100
114 35 14 150
114 39 14 148
115 9 37 150
115 34 40 99
115 32 14 100
115 4 14 100
115 1 3 99
115 40 14 148
115 29 14 150
116 24 20 150
116 8 37 100
116 30 14 150
116 23 20 100
116 49 6 150
116 10 14 150
116 20 6 148
116 46 14 150
116 12 6 148
116 13 6 150
117 45 11 100
117 22 6 148
117 22 11 99
117 17 14 100
118 1 6 150
118 28 11 100
118 40 6 150
118 22 6 148
119 49 6 150
119 18 20 150
119 18 32 100
119 7 11 100
119 32 6 100
119 31 37 150
119 4 6 99
119 22 6 148
119 26 6 100
119 1 6 150
120 28 11 100
120 23 20 100
120 42 21 100
120 8 37 100
120 13 20 150
121 40 11 99
121 2 2 100
121 2 32 100
122 28 11 100
122 30 14 150
122 46 14 150
122 10 14 150
122 29 14 150
123 24 37 150
123 40 11 99
123 40 14 148
123 25 32 100
123 36 14 148
124 35 14 150
124 40 11 99
124 40 14 148
124 4 14 100
124 39 14 148
124 0 19 150
124 10 14 150
124 20 43 100
124 29 14 150
125 22 14 150
125 6 47 100
125 48 14 150
125 10 14 150
125 10 32 150
125 32 14 100
126 34 37 150
126 34 40 99
126 24 40 100
127 33 5 100
127 12 2 99
128 26 11 100
128 24 37 150
129 10 11 150
129 35 32 100
130 39 23 100
130 39 40 150
130 22 37 150
130 35 32 100
131 34 23 100
131 8 37 100
131 26 11 100
132 0 23 100
132 25 32 100
132 26 11 100
133 38 23 150
133 43 11 100
133 5 2 100
134 17 32 148
134 7 11 100
135 31 23 150
135 43 11 100
135 44 21 99
136 13 43 100
136 28 11 100
136 28 23 100
137 11 5 100
137 1 47 100
137 34 23 100
138 37 30 100
138 0 23 100
138 26 11 100
138 35 14 150
138 22 14 150
138 22 37 150
138 4 14 100
138 40 14 148
138 17 14 100
139 43 11 100
139 36 14 148
139 17 14 100
139 29 2 100
139 29 14 150
139 22 14 150
139 39 14 148
140 21 14 148
140 21 23 100
140 43 11 100
140 8 37 100
140 7 14 148
140 32 14 100
140 46 14 150
140 4 14 100
141 9 23 150
141 3 40 100
141 35 14 150
142 44 3 100
142 26 11 100
142 34 23 100
142 34 37 150
142 4 14 100
143 24 37 150
143 24 40 100
143 0 23 100
144 28 11 100
144 12 30 100
144 22 19 100
145 18 23 150
146 13 20 150
146 7 11 100
146 10 2 100
146 9 37 150
146 25 32 100
147 17 20 100
147 21 23 100
147 34 21 100
147 34 23 100
147 34 37 150
147 2 32 100
148 28 11 100
148 28 23 100
149 23 43 100
149 43 11 100
149 7 11 100
150 45 11 100
150 25 37 150
150 0 23 100
151 28 11 100
151 28 23 100
151 2 32 100
152 21 23 100
152 12 2 99
152 31 37 150
153 43 11 100
153 43 23 150
154 9 37 150
154 22 11 99
154 5 47 99
155 31 23 150
155 25 5 100
156 25 32 100
156 25 40 100
156 31 40 100
156 2 23 100
157 18 32 100
157 39 23 100
157 26 11 100
158 27 2 100
158 8 37 100
158 45 11 100
158 21 23 100
159 22 11 99
159 46 43 100
160 34 21 100
160 34 23 100
160 34 37 150
160 40 6 150
160 40 11 99
160 20 6 148
160 32 6 100
160 0 6 150
160 37 30 100
160 22 6 148
161 33 23 150
161 22 6 148
161 22 11 99
161 22 19 100
161 32 6 100
161 12 6 148
161 4 6 99
162 40 6 150
162 47 37 150
162 2 23 100
162 0 6 150
162 35 40 100
162 49 6 150
163 40 6 150
163 31 20 100
163 20 6 148
163 22 6 148
163 0 6 150
163 0 23 100
163 4 4 100
163 4 6 99
163 43 6 150
164 49 6 150
164 18 32 100
164 4 6 99
164 1 6 150
164 1 40 148
164 47 37 150
164 22 6 148
164 20 6 148
165 47 9 99
165 25 32 100
165 38 23 150
165 0 6 150
165 40 6 150
165 4 6 99
165 8 37 100
166 34 23 100
166 49 6 150
166 26 6 100
166 20 6 148
167 15 2 100
167 28 11 100
167 28 23 100
167 43 6 150
167 12 6 148
167 9 37 150
167 49 6 150
167 4 6 99
168 4 6 99
168 20 6 148
168 43 6 150
168 43 11 100
168 28 23 100
168 22 6 148
169 36 3 100
169 8 37 100
169 4 6 99
169 43 6 150
169 43 11 100
169 2 32 100
169 40 6 150
169 13 6 150
169 12 6 148
170 28 5 100
170 28 23 100
170 18 32 100
171 30 47 100
171 34 23 100
171 34 37 150
171 43 11 100
172 3 11 150
172 20 32 100
172 31 23 150
172 31 37 150
173 23 43 100
173 39 23 100
173 34 21 100
173 7 11 100
174 34 37 150
174 27 2 100
174 24 20 150
174 31 20 100
174 40 11 99
175 28 23 100
175 31 40 100
175 18 32 100
176 0 23 100
176 28 11 100
176 25 37 150
176 22 19 100
177 28 11 100
177 28 23 100
178 47 37 150
178 18 23 150
178 28 11 100
179 29 40 148
179 39 20 100
179 17 20 100
180 42 2 99
180 20 32 100
180 26 11 100
180 35 23 150
181 0 23 100
182 0 5 100
182 0 23 100
182 24 43 100
183 24 37 150
183 11 5 100
183 48 30 100
184 30 14 150
184 18 23 150
184 10 14 150
184 28 11 100
184 22 14 150
184 8 37 100
184 4 14 100
184 39 14 148
184 36 14 148
185 30 14 150
185 32 14 100
185 31 14 150
185 45 11 100
185 46 14 150
185 0 23 100
185 48 14 150
186 31 14 150
186 31 37 150
186 31 40 100
186 34 23 100
186 10 2 100
186 10 14 150
186 16 19 150
186 21 14 148
186 39 14 148
187 25 32 100
187 17 14 100
188 33 23 150
188 47 37 150
188 25 32 100
188 7 11 100
188 17 20 100
189 24 20 150
189 18 20 150
189 40 11 99
189 28 23 100
190 8 37 100
190 40 11 99
190 2 23 100
190 44 21 99
191 34 23 100
191 8 37 100
191 40 11 99
192 11 5 100
192 0 23 100
192 31 20 100
192 12 2 99
192 8 37 100
193 8 37 100
193 45 11 100
193 39 23 100
195 31 23 150
195 7 11 100
196 24 37 150
196 45 11 100
196 40 3 99
197 18 23 150
197 45 11 100
198 45 11 100
198 22 19 100
198 22 37 150
198 43 23 150
198 24 43 100
199 7 11 100
199 22 2 100
199 48 30 100
200 34 23 100
200 34 37 150
200 34 40 99
200 35 40 100
201 26 11 100
201 33 23 150
201 25 32 100
202 2 23 100
202 2 32 100
202 26 11 100
203 4 14 100
203 34 23 100
203 34 37 150
203 8 37 100
203 17 14 100
203 10 14 150
203 21 14 148
203 29 14 150
204 17 14 100
204 29 14 150
204 29 40 148
204 22 11 99
204 22 14 150
204 10 14 150
204 32 14 100
204 40 14 148
204 44 21 99
204 36 14 148
204 7 14 148
205 17 14 100
205 39 14 148
205 39 23 100
205 4 14 100
205 35 14 150
205 47 37 150
205 42 2 99
206 2 23 100
206 43 11 100
206 19 4 100
207 49 6 150
207 4 6 99
207 25 37 150
207 33 23 150
207 32 6 100
207 26 6 100
207 26 11 100
207 13 6 150
207 12 6 148
207 22 6 148
207 22 19 100
208 49 6 150
208 12 6 148
208 45 11 100
208 43 6 150
208 22 6 148
209 12 6 148
209 39 23 100
209 26 6 100
209 20 6 148
209 43 6 150
209 24 37 150
210 10 11 150
210 38 23 150
211 28 11 100
211 28 23 100
211 31 37 150
212 8 37 100
212 39 23 100
212 12 2 99
212 45 11 100
213 34 23 100
213 48 5 100
214 31 37 150
215 40 11 99
215 38 23 150
216 25 37 150
216 40 11 99
216 28 23 100
216 9 43 100
217 28 11 100
217 28 23 100
218 12 2 99
218 8 37 100
218 40 11 99
218 10 21 100
219 25 37 150
219 21 23 100
219 22 11 99
220 48 5 100
220 22 6 148
220 13 6 150
220 18 23 150
221 24 37 150
221 34 23 100
221 13 6 150
221 49 6 150
221 45 11 100
222 43 6 150
222 43 11 100
222 32 6 100
222 4 6 99
222 49 6 150
222 28 23 100
222 1 6 150
223 43 6 150
223 31 40 100
223 34 23 100
223 49 6 150
223 40 6 150
223 4 6 99
223 22 6 148
224 13 43 100
224 28 11 100
224 8 37 100
225 43 11 100
225 43 23 150
225 5 2 100
225 8 37 100
226 2 23 100
226 7 11 100
227 4 14 100
227 11 9 100
227 32 14 100
227 7 14 148
227 29 14 150
227 2 23 100
228 39 14 148
228 39 23 100
228 40 11 99
228 40 14 148
228 4 14 100
228 32 14 100
228 31 14 150
228 31 37 150
228 7 14 148
228 10 14 150
229 30 14 150
229 30 21 100
229 30 47 100
229 46 14 150
229 39 14 148
229 48 14 150
229 22 11 99
229 22 14 150
229 22 37 150
230 38 23 150
230 7 11 100
231 0 23 100
231 43 11 100
231 8 37 100
232 43 11 100
232 5 2 100
232 0 23 100
233 39 23 100
233 39 40 150
234 40 11 99
234 24 43 100
235 1 5 99
235 43 23 150
235 47 37 150
236 13 6 150
236 39 23 100
236 0 6 150
236 45 11 100
236 22 6 148
236 22 19 100
236 20 6 148
237 39 20 100
237 39 23 100
237 22 6 148
237 22 37 150
237 49 6 150
237 31 20 100
237 43 6 150
237 32 6 100
238 28 11 100
238 28 23 100
238 20 6 148
239 1 6 150
239 1 40 148
239 13 6 150
239 2 2 100
239 49 6 150
239 20 6 148
239 22 37 150
240 45 11 100
240 18 23 150
241 0 23 100
241 43 11 100
242 45 5 100
242 48 21 100
242 48 47 100
242 0 23 100
242 31 37 150
243 34 23 100
243 8 37 100
243 28 11 100
244 35 40 100
244 24 20 150
245 26 40 148
245 39 20 100
245 39 23 100
245 9 37 150
245 9 43 100
245 42 2 99
246 0 23 100
246 21 40 99
247 24 37 150
247 2 23 100
247 43 11 100
248 9 23 150
248 8 37 100
249 13 11 148
249 8 37 100
250 9 23 150
250 45 11 100
251 13 6 150
251 21 23 100
251 26 6 100
251 26 11 100
252 2 2 100
252 2 23 100
252 44 3 100
252 28 11 100
252 9 37 150
253 28 23 100
253 49 6 150
253 1 6 150
253 1 40 148
253 43 6 150
253 4 6 99
253 22 6 148
254 49 6 150
254 26 6 100
254 47 37 150
254 13 6 150
254 10 21 100
255 32 6 100
255 20 6 148
255 20 43 100
255 39 23 100
255 28 11 100
255 1 6 150
255 22 6 148
256 18 23 150
256 45 11 100
256 30 14 150
256 34 37 150
256 31 14 150
256 10 14 150
256 40 14 148
257 29 14 150
257 4 6 99
257 4 14 100
257 17 14 100
257 26 11 100
257 35 14 150
257 32 14 100
257 31 14 150
258 26 4 100
258 26 11 100
258 4 14 100
258 36 14 148
258 40 14 148
258 48 14 150
258 29 14 150
258 31 14 150
258 31 23 150
258 31 37 150
258 22 19 100
259 5 2 100
259 17 14 100
259 21 23 100
259 7 11 100
260 3 40 100
260 21 23 100
260 25 37 150
261 28 5 100
261 28 23 100
262 40 11 99
262 8 37 100
263 38 23 150
263 9 37 150
263 40 11 99
264 39 23 100
264 43 11 100
265 34 23 100
265 34 37 150
265 34 40 99
265 10 2 100
265 31 40 100
266 2 23 100
266 40 11 99
266 8 37 100
267 0 23 100
267 24 40 100
267 10 21 100
268 28 11 100
268 28 23 100
268 6 43 100
269 22 11 99
270 33 23 150
270 26 11 100
270 31 37 150
271 0 23 100
271 35 40 100
271 31 40 100
272 45 11 100
272 44 3 100
272 21 23 100
272 22 37 150
273 21 23 100
273 21 40 99
274 22 11 99
274 18 20 150
275 31 23 150
275 31 37 150
275 31 40 100
275 43 39 99
276 34 23 100
276 43 11 100
277 14 9 100
277 2 23 100
277 25 37 150
278 22 11 99
278 21 23 100
279 8 37 100
280 2 23 100
280 28 11 100
280 45 39 99
281 46 43 100
281 24 37 150
282 22 11 99
283 34 37 150
283 31 20 100
283 45 5 100
283 45 11 100
283 15 20 150
284 40 11 99
285 40 11 99
285 31 37 150
286 39 40 150
287 26 11 100
287 8 37 100
289 8 37 100
290 24 40 100
290 8 37 100
291 20 32 100
291 10 2 100
291 8 37 100
291 26 11 100
292 6 47 100
292 22 11 99
292 22 19 100
293 26 11 100
293 8 37 100
293 18 32 100
293 40 14 148
293 21 14 148
293 48 14 150
294 26 11 100
294 7 14 148
294 22 14 150
294 32 14 100
295 40 14 148
295 21 14 148
295 46 14 150
295 30 14 150
296 2 32 100
296 42 21 100
296 3 11 150
296 17 14 100
296 25 37 150
296 31 14 150
296 30 14 150
297 46 14 150
297 46 43 100
297 24 37 150
297 48 14 150
297 35 14 150
297 29 2 100
297 22 11 99
298 28 11 100
299 25 37 150
300 22 11 99
300 22 19 100
300 39 32 150
300 39 33 100
301 5 5 99
301 40 11 99
302 28 11 100
303 22 11 99
303 22 37 150
303 32 32 100
303 40 3 99
304 6 47 100
304 12 2 99
304 9 37 150
304 22 11 99
305 17 32 148
305 22 11 99
305 22 19 100
306 1 40 148
307 7 11 100
307 31 37 150
308 33 21 100
308 25 37 150
308 7 11 100
308 31 20 100
309 45 11 100
309 37 30 100
310 2 2 100
310 34 37 150
310 22 19 100
311 8 37 100
312 31 14 150
312 45 11 100
312 26 11 100
312 35 14 150
312 46 14 150
313 20 32 100
313 20 43 100
313 21 14 148
313 36 14 148
313 34 37 150
313 4 14 100
313 8 33 100
313 43 11 100
314 29 14 150
314 28 11 100
314 25 32 100
314 4 14 100
314 8 37 100
314 36 14 148
315 36 14 148
315 36 19 148
315 43 11 100
315 6 47 100
315 39 14 148
315 48 14 150
315 32 14 100
315 4 14 100
315 46 14 150
316 24 37 150
316 46 14 150
316 15 2 100
317 40 11 99
317 40 40 150
318 17 33 99
318 29 40 148
318 25 32 100
319 34 37 150
319 1 6 150
319 43 6 150
319 43 11 100
319 26 6 100
320 21 40 99
320 1 6 150
320 43 6 150
320 40 6 150
321 39 40 150
321 26 6 100
321 40 6 150
321 49 6 150
321 32 6 100
321 8 37 100
321 43 6 150
322 44 21 99
322 32 6 100
322 40 6 150
322 0 6 150
323 5 2 100
323 40 11 99
323 22 19 100
323 22 37 150
324 22 37 150
324 34 40 99
324 17 32 148
324 17 33 99
324 16 40 100
325 17 20 100
325 12 40 100
326 18 32 100
326 2 5 100
326 9 37 150
327 24 40 100
328 22 11 99
328 22 37 150
328 9 1 100
328 30 47 100
329 28 11 100
329 27 2 100
330 25 32 100
330 25 37 150
330 25 40 100
330 48 19 150
330 20 40 100
331 43 11 100
331 13 43 100
331 17 33 99
332 7 11 100
332 34 37 150
333 40 11 99
334 31 40 100
334 8 37 100
335 44 20 150
335 44 21 99
335 40 11 99
335 13 20 150
336 12 2 99
336 2 32 100
336 7 11 100
337 4 14 100
337 21 14 148
337 39 14 148
337 25 37 150
337 35 14 150
337 28 11 100
338 14 19 150
338 40 14 148
338 40 40 150
338 36 14 148
338 22 14 150
339 7 14 148
339 48 14 150
339 26 40 148
339 24 37 150
339 10 14 150
339 10 32 150
339 32 14 100
339 21 14 148
339 17 14 100
340 39 14 148
340 39 33 100
340 39 40 150
340 36 14 148
340 30 14 150
341 43 11 100
341 22 37 150
342 12 2 99
342 40 11 99
343 47 37 150
343 25 32 100
343 48 19 150
344 20 40 100
345 13 3 100
345 13 11 148
346 18 32 100
346 40 11 99
346 28 47 100
346 47 37 150
347 20 40 100
348 46 43 100
348 24 37 150
348 26 11 100
348 15 2 100
349 43 11 100
349 2 32 100
349 48 21 100
350 8 37 100
350 20 19 150
350 43 11 100
351 40 40 150
352 39 32 150
352 24 37 150
352 28 11 100
353 8 33 100
353 8 37 100
353 31 40 100
354 27 2 100
354 1 9 100
354 25 37 150
355 41 33 100
355 43 11 100
355 48 14 150
355 39 14 148
355 7 14 148
355 21 14 148
356 29 14 150
356 32 14 100
356 10 14 150
356 46 14 150
356 30 14 150
357 31 14 150
357 31 20 100
357 31 37 150
357 29 14 150
357 4 14 100
357 18 32 100
357 39 14 148
357 30 14 150
357 43 11 100
357 45 11 100
357 22 14 150
358 39 14 148
358 39 20 100
358 39 33 100
358 39 40 150
358 31 20 100
358 25 32 100
359 40 11 99
359 8 37 100
359 17 20 100
360 22 19 100
360 23 20 100
360 30 21 100
360 21 40 99
361 21 40 99
361 32 32 100
361 28 11 100
361 15 2 100
362 22 11 99
362 22 37 150
362 47 37 150
362 30 47 100
363 40 6 150
363 40 11 99
363 49 6 150
364 40 3 99
364 40 6 150
364 40 11 99
364 22 6 148
364 0 6 150
364 25 32 100
364 4 6 99
364 43 6 150
364 12 6 148
365 32 6 100
365 32 32 100
365 0 6 150
365 4 6 99
365 49 6 150
365 28 11 100
365 31 37 150
366 13 6 150
366 49 6 150
366 21 30 100
366 7 11 100
367 31 37 150
367 7 11 100
368 26 11 100
368 21 19 150
368 42 2 99
369 45 11 100
369 6 47 100
369 8 33 100
369 8 37 100
370 24 37 150
370 22 11 99
370 2 32 100
371 17 33 99
372 24 37 150
372 43 11 100
373 40 11 99
373 13 43 100
373 2 32 100
373 48 21 100
374 35 40 100
374 34 37 150
374 42 2 99
374 39 33 100
375 7 11 100
376 17 20 100
377 47 37 150
377 7 11 100
377 18 32 100
378 32 32 100
378 40 11 99
378 25 37 150
379 2 5 100
379 19 26 100
380 28 11 100
380 29 2 100
380 8 37 100
381 36 3 100
381 5 33 100
381 28 11 100
381 47 37 150
382 31 40 100
382 32 32 100
383 34 37 150
383 26 11 100
383 16 19 150
384 12 40 100
384 35 40 100
385 49 6 150
385 49 33 100
385 12 6 148
385 12 40 100
385 24 37 150
385 48 21 100
385 48 47 100
385 32 6 100
386 13 6 150
386 43 6 150
386 43 11 100
386 32 6 100
386 4 6 99
386 12 6 148
386 31 20 100
387 20 6 148
387 24 37 150
387 13 6 150
387 0 6 150
387 22 2 100
387 22 6 148
387 12 6 148
388 28 11 100
388 4 6 99
388 1 6 150
389 28 11 100
389 13 20 150
389 20 32 100
389 9 37 150
390 49 33 100
390 8 37 100
390 23 20 100
391 28 11 100
391 40 40 150
392 25 37 150
392 13 11 148
393 32 32 100
393 21 19 150
393 40 11 99
394 19 4 100
394 28 11 100
394 12 2 99
394 9 37 150
395 5 9 100
396 34 37 150
396 5 33 100
396 40 11 99
397 34 21 100
397 18 32 100
397 6 43 100
397 8 37 100
398 3 11 150
398 32 32 100
399 39 14 148
399 39 33 100
399 48 14 150
399 32 14 100
399 40 11 99
399 40 14 148
399 7 14 148
399 17 14 100
399 47 37 150
400 22 2 100
400 22 14 150
400 20 40 100
400 32 14 100
400 29 14 150
400 46 14 150
401 22 14 150
401 22 37 150
401 24 40 100
401 29 14 150
401 4 14 100
401 20 40 100
401 35 14 150
401 31 14 150
401 46 14 150
402 17 20 100
402 3 11 150
403 49 33 100
403 26 40 148
403 31 37 150
404 28 11 100
404 8 37 100
405 0 19 150
405 7 11 100
406 10 2 100
406 40 11 99
406 25 32 100
406 25 37 150
407 18 32 100
407 43 11 100
408 26 11 100
408 34 37 150
409 5 33 100
409 7 11 100
409 32 32 100
409 46 43 100
410 40 3 99
410 40 11 99
410 34 21 100
410 34 37 150
411 3 40 100
411 17 32 148
412 2 2 100
412 43 11 100
412 8 37 100
413 47 37 150
413 20 19 150
413 43 11 100
414 7 11 100
414 25 32 100
415 47 37 150
415 43 11 100
415 49 33 100
416 45 11 100
417 9 37 150
417 26 11 100
418 2 32 100
418 28 11 100
419 5 2 100
419 34 37 150
419 28 11 100
420 18 32 100
420 26 11 100
420 0 19 150
420 8 37 100
421 40 40 150
421 39 33 100
421 43 39 99
422 18 32 100
422 40 11 99
422 46 43 100
422 31 20 100
423 22 14 150
423 48 14 150
423 48 30 100
423 31 14 150
423 49 33 100
424 26 11 100
424 9 37 150
424 42 21 100
424 39 14 148
424 46 14 150
425 7 11 100
425 7 14 148
425 21 14 148
425 39 14 148
425 10 2 100
425 10 14 150
425 29 14 150
425 30 14 150
425 22 14 150
425 17 14 100
426 39 14 148
426 39 40 150
426 10 14 150
426 48 14 150
426 34 37 150
427 31 40 100
427 25 32 100
427 22 19 100
428 45 9 100
428 8 37 100
429 12 40 100
430 24 37 150
430 43 11 100
431 3 40 100
431 27 2 100
431 24 40 100
432 20 19 150
432 20 32 100
432 7 11 100
432 25 37 150
433 17 20 100
434 24 37 150
434 3 11 150
434 7 11 100
435 2 32 100
435 35 40 100
436 34 21 100
436 34 37 150
436 6 47 100
436 40 11 99
437 35 32 100
437 0 19 150
437 43 11 100
437 22 2 100
437 24 43 100
438 9 37 150
438 46 33 100
439 28 11 100
439 2 32 100
439 13 6 150
440 45 11 100
440 9 37 150
440 20 6 148
440 32 6 100
440 22 6 148
440 22 19 100
440 26 6 100
440 0 6 150
440 1 6 150
441 26 6 100
441 26 40 148
441 22 6 148
441 4 6 99
441 35 32 100
442 41 33 100
442 4 6 99
442 31 37 150
442 49 6 150
442 20 6 148
443 28 11 100
443 4 6 99
443 23 20 100
443 31 20 100
443 43 6 150
443 20 32 100
444 21 19 150
444 47 37 150
444 45 11 100
445 15 2 100
445 26 40 148
446 24 40 100
447 39 33 100
447 39 40 150
447 25 37 150
448 39 40 150
448 40 3 99
449 7 11 100
450 20 32 100
450 20 40 100
450 24 37 150
450 22 19 100
451 47 1 100
451 8 37 100
451 35 40 100
451 15 2 100
452 17 20 100
452 21 26 100
453 20 40 100
453 20 43 100
453 33 21 100
453 17 33 99
453 45 11 100
453 21 40 99
454 24 37 150
454 24 40 100
454 41 32 150
455 7 11 100
455 8 37 100
455 1 47 100
456 35 40 100
456 21 40 99
457 24 37 150
457 27 2 100
457 5 33 100
458 21 40 99
458 25 32 100
458 40 11 99
459 25 32 100
459 25 37 150
459 7 11 100
460 45 11 100
461 5 5 99
461 24 37 150
462 7 11 100
463 28 11 100
463 29 2 100
463 25 32 100
463 25 37 150
463 16 19 150
464 8 37 100
464 42 21 100
464 28 11 100
465 49 33 100
465 26 11 100
466 5 5 99
466 41 32 150
467 31 37 150
467 31 40 100
468 21 40 99
468 25 32 100
468 25 37 150
468 25 40 100
468 1 39 100
469 26 11 100
469 32 32 100
469 8 37 100
470 20 40 100
470 20 43 100
470 46 33 100
470 5 2 100
471 28 11 100
471 35 32 100
472 14 19 150
472 26 11 100
472 8 37 100
473 44 3 100
474 34 40 99
474 23 20 100
474 41 33 100
474 24 20 150
475 16 40 100
475 2 32 100
475 8 37 100
475 34 40 99
476 18 32 100
476 40 11 99
476 15 2 100
476 8 37 100
477 40 11 99
477 44 21 99
478 43 11 100
478 24 37 150
479 17 32 148
479 17 33 99
480 28 11 100
480 28 47 100
480 40 40 150
480 31 37 150
480 37 30 100
481 22 11 99
481 22 19 100
482 45 11 100
482 24 37 150
482 27 2 100
482 32 32 100
483 26 11 100
484 8 33 100
484 8 37 100
485 10 11 150
485 47 37 150
486 36 19 148
486 19 4 100
486 26 11 100
486 17 20 100
487 7 11 100
488 29 2 100
488 31 37 150
488 41 32 150
488 41 33 100
488 45 11 100
489 24 43 100
489 13 3 100
489 40 11 99
489 8 37 100
490 0 5 100
491 7 11 100
491 7 14 148
491 30 14 150
491 30 21 100
491 46 14 150
491 21 14 148
491 17 14 100
491 29 14 150
492 7 11 100
492 7 14 148
492 17 14 100
492 31 14 150
492 31 37 150
492 46 14 150
492 25 32 100
493 32 14 100
493 26 11 100
493 22 14 150
493 22 19 100
493 7 14 148
493 35 14 150
493 17 14 100
494 39 14 148
494 28 47 100
494 47 37 150
494 34 40 99
495 12 2 99
495 7 11 100
496 26 40 148
496 5 33 100
496 31 37 150
497 25 32 100
497 43 11 100
498 25 37 150
498 25 40 100
499 1 39 100
500 21 19 150
500 31 37 150
500 43 11 100
500 7 11 100
500 20 32 100
501 15 2 100
501 28 11 100
501 41 33 100
502 41 32 150
503 1 40 148
503 34 37 150
503 45 11 100
504 26 11 100
504 20 19 150
504 39 20 100
505 23 20 100
505 21 30 100
505 31 20 100
505 31 37 150
505 45 11 100
506 29 40 148
506 22 19 100
507 28 11 100
507 8 37 100
508 27 2 100
508 6 43 100
508 35 32 100
508 47 9 99
509 8 33 100
509 8 37 100
509 42 21 100
509 28 11 100
510 7 11 100
511 22 19 100
511 22 37 150
512 35 32 100
512 45 11 100
513 3 11 150
513 34 37 150
513 22 2 100
515 7 11 100
515 22 37 150
515 35 32 100
516 49 33 100
517 44 3 100
517 31 37 150
517 28 11 100
517 40 11 99
518 40 11 99
519 30 5 99
519 24 43 100
519 46 33 100
520 24 37 150
520 12 2 99
520 26 11 100
520 25 32 100
521 25 32 100
521 44 21 99
521 22 11 99
521 22 19 100
522 17 20 100
522 28 11 100
522 34 37 150
523 1 40 148
524 7 11 100
524 22 37 150
525 40 11 99
526 25 37 150
526 10 2 100
527 7 11 100
527 31 40 100
527 18 32 100
528 46 33 100
528 46 43 100
528 24 20 150
528 24 40 100
528 39 20 100
529 26 11 100
529 18 32 100
529 8 37 100
530 39 40 150
530 48 19 150
531 43 11 100
531 38 3 100
531 47 37 150
532 29 2 100
532 44 21 99
532 28 11 100
533 35 32 100
533 45 11 100
534 20 40 100
534 42 36 100
534 35 40 100
534 47 37 150
534 5 33 100
535 45 11 100
535 8 37 100
536 45 11 100
537 23 20 100
537 25 37 150
537 46 33 100
537 28 11 100
538 27 2 100
538 8 37 100
538 22 11 99
538 22 19 100
539 16 40 100
539 20 32 100
540 26 11 100
540 25 1 100
541 43 11 100
541 8 43 99
542 39 14 148
542 29 14 150
542 46 14 150
542 7 14 148
542 31 14 150
542 18 32 100
542 35 14 150
542 40 14 148
543 4 14 100
543 26 11 100
543 39 14 148
543 21 14 148
543 21 19 150
543 34 37 150
543 40 14 148
544 42 2 99
544 30 14 150
544 35 14 150
544 45 11 100
544 7 14 148
545 43 11 100
545 9 37 150
545 17 14 100
545 44 21 99
545 36 14 148
546 26 11 100
546 26 26 100
546 18 32 100
546 8 33 100
547 9 37 150
548 26 11 100
548 2 32 100
549 32 32 100
549 26 40 148
549 31 37 150
550 10 11 150
550 28 47 100
550 20 32 100
550 22 19 100
551 31 37 150
551 7 11 100
551 10 2 100
552 28 11 100
553 43 11 100
553 39 33 100
553 34 37 150
554 22 11 99
554 20 32 100
555 8 37 100
555 18 32 100
556 28 3 100
556 28 11 100
556 22 19 100
556 23 20 100
556 16 40 100
557 8 37 100
557 8 43 99
557 42 2 99
557 11 5 100
558 44 21 99
558 26 11 100
559 32 32 100
559 22 19 100
559 22 37 150
559 1 40 148
560 49 33 100
560 13 20 150
560 8 37 100
560 26 11 100
561 43 11 100
561 2 32 100
562 7 11 100
562 18 32 100
562 47 37 150
563 42 2 99
563 7 11 100
563 8 37 100
564 39 33 100
564 19 4 100
564 43 11 100
565 28 11 100
566 28 11 100
566 23 32 150
566 23 39 148
566 22 37 150
567 21 40 99
567 8 37 100
568 7 11 100
568 9 37 150
569 22 2 100
569 22 11 99
569 22 19 100
569 32 32 100
570 26 11 100
570 25 37 150
570 42 21 100
571 26 11 100
571 9 43 100
571 23 32 150
571 39 33 100
572 24 37 150
572 26 11 100
573 8 37 100
573 23 20 100
573 43 11 100
574 20 40 100
574 25 40 100
574 22 19 100
575 39 33 100
575 39 40 150
575 6 47 100
575 25 37 150
576 30 5 99
576 15 2 100
576 21 30 100
577 34 37 150
577 32 32 100
