218 8 2 99
218 8 8 150
218 8 19 99
218 8 24 150
218 8 37 99
218 8 38 150
220 8 2 99
220 8 8 150
220 8 19 99
220 8 24 150
220 8 37 99
220 8 38 150
221 8 2 99
221 8 8 150
221 8 19 99
221 8 24 150
221 8 37 99
221 8 38 150
226 8 2 99
226 8 8 150
226 8 19 99
226 8 24 150
226 8 37 99
226 8 38 150
231 8 2 99
231 8 8 150
231 8 19 99
231 8 24 150
231 8 37 99
231 8 38 150
234 8 2 99
234 8 8 150
234 8 19 99
234 8 24 150
234 8 37 99
234 8 38 150
237 8 2 99
237 8 8 150
237 8 19 99
237 8 24 150
237 8 37 99
237 8 38 150
238 8 2 99
238 8 8 150
238 8 19 99
238 8 24 150
238 8 37 99
238 8 38 150
241 8 2 99
241 8 8 150
241 8 19 99
241 8 24 150
241 8 37 99
241 8 38 150
244 8 2 99
244 8 8 150
244 8 19 99
244 8 24 150
244 8 37 99
244 8 38 150
245 8 2 99
245 8 8 150
245 8 19 99
245 8 24 150
245 8 37 99
245 8 38 150
247 8 2 99
247 8 8 150
247 8 19 99
247 8 24 150
247 8 37 99
247 8 38 150
249 8 2 99
249 8 8 150
249 8 19 99
249 8 24 150
249 8 37 99
249 8 38 150
250 8 2 99
250 8 8 150
250 8 19 99
250 8 24 150
250 8 37 99
250 8 38 150
251 8 2 99
251 8 8 150
251 8 19 99
251 8 24 150
251 8 37 99
251 8 38 150
252 8 2 99
252 8 8 150
252 8 19 99
252 8 24 150
252 8 37 99
252 8 38 150
253 8 2 99
253 8 8 150
253 8 19 99
253 8 24 150
253 8 37 99
253 8 38 150
260 8 2 99
260 8 8 150
260 8 19 99
260 8 24 150
260 8 37 99
260 8 38 150
262 8 2 99
262 8 8 150
262 8 19 99
262 8 24 150
262 8 37 99
262 8 38 150
263 8 2 99
263 8 8 150
263 8 19 99
263 8 24 150
263 8 37 99
263 8 38 150
268 8 2 99
268 8 8 150
268 8 19 99
268 8 24 150
268 8 37 99
268 8 38 150
269 8 2 99
269 8 8 150
269 8 19 99
269 8 24 150
269 8 37 99
269 8 38 150
272 8 2 99
272 8 8 150
272 8 19 99
272 8 24 150
272 8 37 99
272 8 38 150
273 8 2 99
273 8 8 150
273 8 19 99
273 8 24 150
273 8 37 99
273 8 38 150
278 8 2 99
278 8 8 150
278 8 19 99
278 8 24 150
278 8 37 99
278 8 38 150
280 8 2 99
280 8 8 150
280 8 19 99
280 8 24 150
280 8 37 99
280 8 38 150
281 8 2 99
281 8 8 150
281 8 19 99
281 8 24 150
281 8 37 99
281 8 38 150
282 8 2 99
282 8 8 150
282 8 19 99
282 8 24 150
282 8 37 99
282 8 38 150
283 8 2 99
283 8 8 150
283 8 19 99
283 8 24 150
283 8 37 99
283 8 38 150
286 8 2 99
286 8 8 150
286 8 19 99
286 8 24 150
286 8 37 99
286 8 38 150
287 8 2 99
287 8 8 150
287 8 19 99
287 8 24 150
287 8 37 99
287 8 38 150
294 8 2 99
294 8 8 150
294 8 19 99
294 8 24 150
294 8 37 99
294 8 38 150
299 8 2 99
299 8 8 150
299 8 19 99
299 8 24 150
299 8 37 99
299 8 38 150
301 8 2 99
301 8 8 150
301 8 19 99
301 8 24 150
301 8 37 99
301 8 38 150
303 8 2 99
303 8 8 150
303 8 19 99
303 8 24 150
303 8 37 99
303 8 38 150
313 8 2 99
313 8 8 150
313 8 19 99
313 8 24 150
313 8 37 99
313 8 38 150
314 8 2 99
314 8 8 150
314 8 19 99
314 8 24 150
314 8 37 99
314 8 38 150
315 8 2 99
315 8 8 150
315 8 19 99
315 8 24 150
315 8 37 99
315 8 38 150
318 8 2 99
318 8 8 150
318 8 19 99
318 8 24 150
318 8 37 99
318 8 38 150
326 8 2 99
326 8 8 150
326 8 19 99
326 8 24 150
326 8 37 99
326 8 38 150
328 8 2 99
328 8 8 150
328 8 19 99
328 8 24 150
328 8 37 99
328 8 38 150
329 8 2 99
329 8 8 150
329 8 19 99
329 8 24 150
329 8 37 99
329 8 38 150
330 8 2 99
330 8 8 150
330 8 19 99
330 8 24 150
330 8 37 99
330 8 38 150
336 8 2 99
336 8 8 150
336 8 19 99
336 8 24 150
336 8 37 99
336 8 38 150
339 8 2 99
339 8 8 150
339 8 19 99
339 8 24 150
339 8 37 99
339 8 38 150
342 8 2 99
342 8 8 150
342 8 19 99
342 8 24 150
342 8 37 99
342 8 38 150
349 8 2 99
349 8 8 150
349 8 19 99
349 8 24 150
349 8 37 99
349 8 38 150
352 8 2 99
352 8 8 150
352 8 19 99
352 8 24 150
352 8 37 99
352 8 38 150
355 8 2 99
355 8 8 150
355 8 19 99
355 8 24 150
355 8 37 99
355 8 38 150
360 8 2 99
360 8 8 150
360 8 19 99
360 8 24 150
360 8 37 99
360 8 38 150
362 8 2 99
362 8 8 150
362 8 19 99
362 8 24 150
362 8 37 99
362 8 38 150
364 8 2 99
364 8 8 150
364 8 19 99
364 8 24 150
364 8 37 99
364 8 38 150
365 8 2 99
365 8 8 150
365 8 19 99
365 8 24 75
365 8 38 150
461 36 2 100
461 36 4 150
461 36 8 148
461 36 17 48
461 36 40 99
461 36 47 150
461 0 4 100
461 0 20 148
461 0 25 150
461 0 28 100
461 0 29 150
461 0 37 150
461 0 41 148
461 42 25 150
461 42 37 100
461 42 47 100
461 14 29 100
461 14 38 150
461 14 41 99
461 34 22 150
461 34 26 99
461 34 28 150
461 34 30 100
461 34 43 150
461 17 4 148
461 17 19 150
461 17 22 100
461 17 29 100
461 17 30 150
461 17 43 100
461 11 4 150
461 11 18 100
461 11 20 150
461 11 25 150
461 11 26 100
461 11 40 150
461 26 2 100
461 26 4 100
461 26 8 100
461 26 13 150
461 26 18 148
461 26 20 99
461 26 26 150
461 26 28 10
461 25 11 150
461 25 13 150
461 25 20 100
461 25 22 150
461 25 25 99
461 25 26 150
461 25 30 150
461 25 41 100
461 25 43 150
461 25 47 99
461 25 49 150
461 30 4 100
461 30 8 99
461 30 41 150
461 30 47 99
461 30 49 150
461 45 2 150
461 45 18 100
461 45 41 150
461 45 43 100
461 45 49 148
461 3 11 99
461 3 18 150
461 3 23 96
461 3 47 148
461 20 29 150
461 20 30 100
461 20 38 150
461 20 43 148
461 20 49 150
461 28 4 150
461 28 18 100
461 28 19 150
461 28 22 100
461 28 29 148
461 28 38 150
461 28 41 99
461 28 43 100
461 41 41 150
461 10 2 100
461 10 20 150
461 10 25 150
461 10 29 150
462 23 11 99
462 23 18 150
462 23 19 100
462 23 25 150
462 23 37 99
462 23 38 150
462 23 41 100
462 23 43 100
462 47 11 100
462 47 20 148
462 47 26 99
462 47 43 100
462 1 4 99
462 1 8 148
462 1 11 150
462 1 18 100
462 1 22 150
462 1 25 150
462 1 26 100
462 1 29 150
462 1 40 100
462 1 43 150
462 1 47 100
462 42 25 150
462 42 37 100
462 42 47 100
462 13 13 150
462 13 38 150
462 13 40 100
462 35 2 150
462 35 8 100
462 35 11 99
462 35 18 150
462 35 19 100
462 35 40 100
462 35 43 148
462 10 2 100
462 10 20 150
462 10 25 150
462 10 29 150
462 2 4 100
462 2 8 99
462 2 13 99
462 2 18 100
462 2 29 99
462 2 47 150
462 2 49 100
462 33 2 100
462 33 18 99
462 33 37 100
462 33 40 150
462 14 29 100
462 14 38 150
462 14 41 99
462 4 8 150
462 4 19 100
462 4 43 100
462 18 18 100
462 18 19 150
462 18 30 150
462 18 38 100
462 18 40 150
462 31 4 150
462 31 13 99
462 31 18 100
462 31 20 150
462 31 25 99
462 31 41 148
462 21 2 100
462 21 20 100
462 21 22 100
462 21 25 150
462 21 29 150
462 21 30 100
462 39 18 150
462 39 19 100
462 39 20 150
462 39 22 100
462 39 26 150
462 39 37 100
462 39 38 150
462 39 40 148
462 39 49 100
462 12 4 150
462 12 11 150
462 12 20 150
462 12 30 100
462 12 38 150
462 12 40 100
462 12 47 99
463 38 13 150
463 38 18 100
463 38 20 150
463 38 22 100
463 38 30 99
463 38 40 150
463 38 47 150
463 18 18 100
463 18 19 150
463 18 30 150
463 18 38 100
463 18 40 150
463 41 41 150
463 47 11 100
463 47 20 148
463 47 26 99
463 47 43 100
463 15 2 150
463 15 11 100
463 15 41 148
463 15 43 99
463 43 20 100
463 43 25 100
463 9 13 100
463 9 19 100
463 9 49 148
463 27 13 99
463 27 20 100
463 27 30 150
463 27 37 150
463 27 43 150
463 27 47 150
463 27 49 99
463 42 25 144
463 42 47 100
463 40 2 100
463 40 8 99
463 40 11 100
463 40 13 150
463 49 4 148
463 49 18 99
463 49 30 150
463 49 37 100
463 49 38 150
463 49 43 148
463 49 49 100
463 16 20 99
463 16 26 148
463 16 49 100
463 4 8 150
463 4 19 100
463 4 43 100
463 10 2 100
463 10 20 150
463 10 29 150
463 6 4 100
463 6 11 148
463 6 26 99
463 6 40 150
463 6 47 100
463 25 11 150
463 25 13 150
463 25 20 100
463 25 22 150
463 25 26 150
463 25 30 150
463 25 41 100
463 25 43 150
463 25 47 99
463 25 49 150
464 2 4 100
464 2 8 99
464 2 13 99
464 2 18 100
464 2 29 99
464 2 47 150
464 2 49 100
464 43 20 100
464 44 11 150
464 44 22 148
464 44 41 100
464 45 2 150
464 45 18 100
464 45 41 150
464 45 43 100
464 45 49 148
464 4 8 150
464 4 19 100
464 4 43 100
464 9 13 100
464 9 19 100
464 9 49 148
464 40 2 100
464 40 8 99
464 40 11 100
464 40 13 150
464 30 4 100
464 30 8 99
464 30 41 150
464 30 47 99
464 30 49 150
464 24 20 6
464 24 47 100
464 36 2 100
464 36 4 150
464 36 8 148
464 36 40 99
464 36 47 150
464 8 2 99
464 8 8 150
464 8 19 99
464 8 37 99
464 8 38 150
464 27 13 99
464 27 30 150
464 27 37 150
464 27 43 150
464 27 47 150
464 27 49 99
464 37 4 99
464 37 8 150
464 37 13 99
464 37 18 100
464 37 19 150
464 37 41 100
464 37 43 150
464 31 4 150
464 31 13 18
464 31 41 148
464 18 18 100
464 18 19 150
464 18 30 150
464 18 38 100
464 18 40 150
464 47 11 100
464 47 26 99
464 47 43 100
465 7 8 100
465 7 18 100
465 7 38 100
465 7 43 150
465 7 49 148
465 38 18 100
465 38 22 100
465 38 30 99
465 38 40 150
465 38 47 150
465 12 4 150
465 12 11 150
465 12 30 100
465 12 38 150
465 12 40 100
465 12 47 99
465 28 4 150
465 28 18 100
465 28 19 150
465 28 22 100
465 28 29 148
465 28 38 150
465 28 41 99
465 28 43 100
465 5 19 150
465 5 22 100
465 5 26 150
465 5 30 100
465 5 49 100
465 31 4 150
465 31 18 100
465 31 41 148
465 24 41 150
465 24 47 100
465 45 2 150
465 45 18 100
465 45 41 150
465 45 43 100
465 45 49 148
465 25 11 150
465 25 22 150
465 25 26 150
465 25 30 150
465 25 41 100
465 25 43 150
465 25 47 99
465 25 49 150
465 21 2 100
465 21 22 100
465 21 29 150
465 21 30 100
465 34 22 150
465 34 26 99
465 34 30 100
465 34 43 150
465 20 29 150
465 20 30 100
465 20 38 150
465 20 43 148
465 20 49 150
465 27 30 150
465 27 37 150
465 27 43 150
465 27 47 150
465 27 49 99
465 23 11 99
465 23 18 150
465 23 19 100
465 23 37 99
465 23 38 150
465 23 41 100
465 23 43 100
465 37 4 99
465 37 8 150
465 37 18 100
465 37 19 150
465 37 41 100
465 37 43 150
466 8 2 99
466 8 8 150
466 8 19 99
466 8 37 99
466 8 38 150
466 35 2 150
466 35 8 100
466 35 11 99
466 35 18 150
466 35 19 100
466 35 40 100
466 35 43 148
466 26 2 100
466 26 4 100
466 26 8 100
466 26 18 148
466 26 26 150
466 26 37 99
466 2 4 100
466 2 8 99
466 2 18 100
466 2 29 99
466 2 47 150
466 2 49 100
466 27 30 150
466 27 37 150
466 27 43 150
466 27 47 150
466 27 49 99
466 48 2 100
466 48 22 150
466 48 37 100
466 48 43 100
466 6 4 100
466 6 11 148
466 6 26 99
466 6 40 150
466 6 47 100
466 23 11 99
466 23 18 150
466 23 19 100
466 23 37 99
466 23 38 150
466 23 41 100
466 23 43 100
466 34 22 150
466 34 26 99
466 34 30 100
466 34 43 150
466 5 19 150
466 5 22 100
466 5 26 150
466 5 30 100
466 5 49 100
466 17 4 148
466 17 19 150
466 17 22 100
466 17 29 100
466 17 30 150
466 17 43 100
466 18 18 100
466 18 19 150
466 18 30 150
466 18 38 100
466 18 40 150
466 41 41 150
466 44 11 150
466 44 22 148
466 44 41 100
466 7 8 100
466 7 18 100
466 7 38 100
466 7 43 150
466 7 49 148
467 8 2 99
467 8 8 150
467 8 19 99
467 8 37 99
467 8 38 150
467 11 4 150
467 11 18 100
467 11 26 100
467 11 40 150
467 16 26 148
467 16 49 100
467 12 4 150
467 12 11 150
467 12 30 100
467 12 38 150
467 12 40 100
467 12 47 99
467 37 4 21
467 37 18 100
467 37 19 150
467 37 41 100
467 37 43 150
467 48 2 100
467 48 22 150
467 48 37 100
467 48 43 100
467 44 11 150
467 44 22 148
467 44 41 100
467 46 40 148
467 42 37 100
467 42 47 100
467 47 11 100
467 47 26 63
467 3 11 99
467 3 18 150
467 3 40 100
467 3 47 148
467 5 19 150
467 5 22 100
467 5 30 100
467 5 49 100
467 4 8 150
467 4 19 100
467 4 43 100
467 39 18 150
467 39 19 100
467 39 22 100
467 39 26 1
467 39 38 150
467 39 40 76
467 32 2 100
467 32 8 100
467 32 19 100
467 32 22 148
467 32 49 100
467 45 2 150
467 45 18 100
467 45 41 150
467 45 43 100
467 45 49 148
468 42 37 100
468 42 47 100
468 1 8 148
468 1 11 150
468 1 18 100
468 1 22 150
468 1 29 150
468 1 43 150
468 1 47 100
468 3 11 99
468 3 18 150
468 3 47 148
468 40 2 100
468 40 8 99
468 40 11 100
468 25 11 150
468 25 22 150
468 25 30 150
468 25 41 100
468 25 43 150
468 25 47 99
468 25 49 150
468 2 8 99
468 2 18 100
468 2 29 99
468 2 47 150
468 2 49 100
468 39 18 150
468 39 19 100
468 39 22 100
468 39 37 100
468 39 38 150
468 39 49 100
468 14 29 100
468 14 38 150
468 14 41 99
468 20 29 16
468 20 38 150
468 20 43 148
468 20 49 150
468 4 8 150
468 4 19 100
468 4 43 100
468 0 37 150
468 0 41 148
468 13 38 150
468 18 18 100
468 18 19 150
468 18 30 150
468 18 38 100
468 8 2 99
468 8 8 150
468 8 19 99
468 8 37 99
468 8 38 150
468 12 11 150
468 12 30 100
468 12 38 150
468 12 47 99
469 30 4 2
469 30 41 150
469 30 47 99
469 30 49 150
469 8 2 99
469 8 8 150
469 8 19 99
469 8 37 99
469 8 38 150
469 45 2 150
469 45 18 100
469 45 41 150
469 45 43 100
469 45 49 148
469 13 38 150
469 22 11 99
469 22 19 150
469 22 38 100
469 21 2 100
469 21 22 96
469 36 2 100
469 36 8 148
469 36 47 150
469 12 11 150
469 12 30 100
469 12 38 150
469 12 47 99
469 14 38 150
469 14 41 99
469 24 41 150
469 24 47 100
469 38 18 100
469 38 22 2
469 38 47 150
469 33 2 100
469 33 18 99
469 33 37 100
469 26 2 100
469 26 8 100
469 26 18 148
469 26 37 99
469 1 8 80
469 1 18 100
469 1 43 150
469 1 47 100
469 35 2 150
469 35 8 2
469 35 18 150
469 35 19 100
469 35 43 148
470 11 18 100
470 20 30 100
470 20 38 150
470 20 43 148
470 20 49 150
470 3 11 99
470 3 18 150
470 3 47 148
470 25 11 150
470 25 30 150
470 25 41 100
470 25 43 150
470 25 47 99
470 25 49 150
470 9 19 100
470 9 49 148
470 42 37 100
470 42 47 100
470 23 11 99
470 23 18 150
470 23 19 100
470 23 37 99
470 23 38 150
470 23 41 100
470 23 43 100
470 1 11 150
470 1 18 100
470 1 43 150
470 1 47 100
470 48 2 100
470 48 37 100
470 48 43 100
470 39 18 150
470 39 19 100
470 39 37 100
470 39 38 150
470 39 49 100
470 31 18 100
470 31 41 148
470 35 2 150
470 35 11 99
470 35 18 150
470 35 19 100
470 35 43 148
470 12 11 150
470 12 30 100
470 12 38 150
470 12 47 99
470 38 18 100
470 38 30 99
470 38 47 150
470 28 18 100
470 28 19 150
470 28 38 150
470 28 41 99
470 28 43 100
471 19 19 150
471 19 30 150
471 19 37 150
471 19 38 100
471 19 43 150
471 19 49 99
471 29 11 150
471 29 18 100
471 29 41 99
471 15 2 150
471 15 11 100
471 15 41 148
471 15 43 99
471 25 11 150
471 25 30 150
471 25 41 100
471 25 43 150
471 25 47 99
471 25 49 150
471 24 41 150
471 24 47 100
471 33 2 100
471 33 18 99
471 33 37 100
471 1 11 150
471 1 18 100
471 1 43 150
471 1 47 100
471 26 2 100
471 26 18 148
471 26 37 99
471 6 11 148
471 6 47 100
471 48 2 100
471 48 37 100
471 48 43 100
471 42 37 100
471 42 47 100
471 31 18 100
471 31 41 148
471 38 18 100
471 38 30 99
471 38 47 150
471 20 30 100
471 20 38 150
471 20 43 148
471 20 49 150
471 12 11 150
471 12 30 100
471 12 38 150
471 12 47 99
472 19 19 150
472 19 30 150
472 19 37 150
472 19 38 100
472 19 43 150
472 19 49 99
472 10 2 100
472 49 18 99
472 49 30 150
472 49 37 100
472 49 38 134
472 49 49 100
472 21 2 100
472 21 30 50
472 45 18 100
472 45 41 150
472 45 43 100
472 45 49 148
472 32 2 100
472 32 19 100
472 32 49 100
472 30 41 150
472 30 47 99
472 30 49 150
472 33 2 100
472 33 18 99
472 33 37 100
472 27 37 150
472 27 43 150
472 27 47 150
472 27 49 99
472 47 11 100
472 47 43 100
472 26 2 100
472 26 18 148
472 26 37 99
472 38 18 100
472 38 47 150
472 34 43 150
472 8 2 99
472 8 19 99
472 8 37 99
472 36 2 100
472 36 47 150
473 22 11 99
473 22 19 150
473 19 19 150
473 19 37 150
473 19 43 150
473 19 49 99
473 40 2 100
473 40 11 100
473 26 2 100
473 26 18 148
473 26 37 99
473 42 37 100
473 42 47 100
473 24 41 150
473 24 47 100
473 5 19 150
473 5 30 1
473 15 2 150
473 15 11 100
473 15 41 148
473 15 43 99
473 3 11 99
473 3 18 150
473 3 47 148
473 34 43 150
473 18 18 100
473 18 19 150
473 6 11 148
473 6 47 100
473 41 41 150
473 36 2 100
473 36 47 150
474 8 2 99
474 8 19 99
474 8 37 99
474 37 18 100
474 37 19 150
474 37 41 100
474 37 43 150
474 23 11 99
474 23 18 150
474 23 19 100
474 23 37 99
474 23 41 100
474 23 43 100
474 35 2 150
474 35 11 99
474 35 18 150
474 35 19 100
474 35 43 148
474 42 37 100
474 42 47 100
474 15 2 150
474 15 11 100
474 15 41 148
474 15 43 99
474 19 19 150
474 19 37 150
474 19 43 150
474 19 49 99
474 9 19 100
474 9 49 148
474 1 11 150
474 1 18 100
474 1 43 150
474 1 47 100
474 41 41 150
474 33 2 100
474 33 18 99
474 33 37 100
474 2 18 100
474 2 47 150
474 2 49 100
474 29 11 150
474 29 18 100
474 11 18 100
474 38 18 100
474 38 47 150
475 7 18 100
475 7 43 150
475 7 49 148
475 28 18 100
475 28 19 150
475 28 43 100
475 37 18 100
475 37 19 150
475 37 43 150
475 17 19 150
475 17 43 100
475 4 19 100
475 4 43 100
475 22 11 99
475 22 19 150
475 32 2 100
475 32 19 100
475 32 49 100
475 25 11 150
475 25 43 150
475 25 47 99
475 25 49 150
475 9 19 100
475 9 49 148
475 42 37 100
475 42 47 100
475 49 18 99
475 49 37 100
475 49 43 148
475 49 49 100
475 8 2 99
475 8 19 99
475 8 37 99
475 40 2 100
475 40 11 100
475 38 18 100
475 38 47 150
476 3 11 99
476 3 18 150
476 3 47 148
476 29 11 150
476 29 18 100
476 20 43 148
476 20 49 150
476 34 43 150
476 4 19 100
476 4 43 100
476 40 2 100
476 40 11 100
476 19 19 150
476 19 37 150
476 19 43 150
476 19 49 99
476 11 18 100
476 9 19 100
476 9 49 148
476 48 2 100
476 48 37 100
476 48 43 100
476 35 2 150
476 35 11 99
476 35 18 150
476 35 19 100
476 35 43 148
476 8 2 99
476 8 19 99
476 8 37 99
476 10 2 100
476 18 18 100
476 18 19 150
477 19 19 150
477 19 37 150
477 19 43 150
477 19 49 99
477 37 18 100
477 37 19 150
477 37 43 150
477 38 18 100
477 38 47 150
477 7 18 100
477 7 43 150
477 7 49 148
477 10 2 100
477 39 18 150
477 39 19 100
477 39 37 100
477 39 49 100
477 26 2 100
477 26 18 148
477 26 37 99
477 18 18 100
477 18 19 150
477 17 19 150
477 17 43 100
477 25 11 150
477 25 43 150
477 25 47 99
477 25 49 150
477 12 11 150
477 12 47 99
477 31 18 100
477 32 2 100
477 32 19 100
477 32 49 100
477 4 19 100
477 4 43 100
478 19 19 150
478 19 37 150
478 19 43 150
478 19 49 99
478 32 2 100
478 32 19 100
478 32 49 100
478 7 18 100
478 7 43 150
478 7 49 148
478 4 19 100
478 4 43 100
478 30 47 99
478 30 49 150
478 33 2 100
478 33 18 99
478 33 37 100
478 10 2 100
478 28 18 100
478 28 19 150
478 28 43 100
478 48 2 100
478 48 37 100
478 48 43 100
478 3 11 99
478 3 18 150
478 3 47 148
478 16 49 100
478 34 43 150
478 45 2 150
478 45 18 100
478 45 43 100
478 45 49 148
478 36 2 100
478 36 47 150
478 5 19 150
478 5 49 100
479 6 11 148
479 6 47 100
479 42 37 100
479 42 47 100
479 10 2 100
479 16 49 100
479 32 2 100
479 32 19 100
479 32 49 100
479 34 43 150
479 44 11 49
479 38 18 100
479 38 47 150
479 37 18 100
479 37 19 150
479 37 43 34
479 9 49 148
479 22 19 150
479 17 19 150
479 26 2 100
479 26 18 148
479 26 37 99
479 40 2 100
479 15 2 150
480 2 18 100
480 2 47 150
480 2 49 100
480 7 18 100
480 7 49 148
480 31 18 100
480 18 18 100
480 18 19 150
480 39 18 150
480 39 19 100
480 39 37 100
480 39 49 100
480 40 2 100
480 21 2 100
480 24 47 100
480 22 19 150
480 10 2 100
480 26 2 100
480 26 18 148
480 26 37 99
480 49 18 99
480 49 37 100
480 49 49 100
480 35 2 150
480 35 18 150
480 35 19 100
480 25 47 99
480 25 49 150
481 3 18 150
481 3 47 148
481 37 18 100
481 37 19 150
481 27 37 150
481 27 47 150
481 27 49 99
481 4 19 100
481 36 2 100
481 36 47 150
481 11 18 100
481 26 2 100
481 26 18 148
481 26 37 99
481 18 18 100
481 18 19 150
481 48 2 100
481 48 37 100
481 10 2 100
481 29 18 100
481 8 2 99
481 8 19 99
481 8 37 99
482 2 18 100
482 2 47 150
482 2 49 100
482 45 2 150
482 45 18 100
482 45 49 148
482 11 18 100
482 27 37 150
482 27 47 150
482 27 49 99
482 10 2 100
482 0 37 150
482 29 18 100
482 25 47 99
482 25 49 150
482 35 2 150
482 35 18 150
482 35 19 100
482 6 47 100
482 42 37 100
482 42 47 100
482 20 49 150
482 24 47 100
482 31 18 100
483 1 18 100
483 1 47 100
483 11 18 100
483 40 2 100
483 35 2 150
483 35 18 150
483 35 19 100
483 42 37 100
483 42 47 100
483 8 2 99
483 8 19 99
483 8 37 99
483 21 2 100
483 36 2 100
483 36 47 150
483 0 37 150
483 22 19 150
483 6 47 100
483 16 49 100
483 3 18 150
483 3 47 148
483 27 37 150
483 27 47 150
483 27 49 99
483 7 18 100
483 7 49 148
484 22 19 150
484 29 18 100
484 40 2 100
484 21 2 100
484 27 37 150
484 27 47 150
484 27 49 99
484 45 2 150
484 45 18 100
484 45 49 148
484 32 2 100
484 32 19 100
484 32 49 100
484 35 2 150
484 35 18 150
484 35 19 100
484 10 2 100
484 36 2 100
484 36 47 150
484 25 47 99
484 25 49 150
484 6 47 100
485 4 19 100
485 29 18 100
485 8 2 99
485 8 19 99
485 8 37 99
485 23 18 150
485 23 19 100
485 23 37 99
485 26 2 100
485 26 18 148
485 26 37 99
485 48 2 100
485 48 37 100
485 42 37 100
485 42 47 100
485 20 49 150
485 31 18 100
485 39 18 150
485 39 19 100
485 39 37 100
485 39 49 100
485 0 37 150
485 27 37 150
485 27 47 150
485 27 49 99
485 3 18 81
485 25 47 99
485 25 49 150
486 20 49 150
486 18 19 150
486 17 19 150
486 48 2 100
486 48 37 100
486 7 49 148
486 25 47 99
486 25 49 150
486 10 2 100
486 19 19 150
486 19 37 150
486 19 49 99
486 37 19 150
486 27 37 150
486 27 47 150
486 27 49 99
486 16 49 100
486 31 18 1
486 49 49 100
486 15 2 150
486 28 19 150
487 33 2 100
487 33 37 100
487 30 47 99
487 30 49 150
487 25 47 99
487 25 49 150
487 22 19 150
487 32 2 100
487 32 19 100
487 32 49 100
487 0 37 150
487 10 2 100
487 40 2 100
487 16 49 100
487 20 49 150
487 27 37 150
487 27 47 150
487 27 49 99
488 30 47 99
488 30 49 150
488 39 19 100
488 39 37 100
488 39 49 100
488 40 2 100
488 45 2 150
488 45 49 148
488 18 19 150
488 49 37 100
488 49 49 100
488 2 47 150
488 2 49 100
488 7 49 148
488 20 49 150
489 38 47 150
489 15 2 150
489 1 47 100
489 26 2 100
489 26 37 99
489 23 19 100
489 23 37 99
489 4 19 100
489 28 19 150
489 10 2 100
489 6 47 100
489 16 49 100
489 3 47 148
490 5 19 150
490 5 49 100
490 1 47 90
490 9 49 148
490 15 2 150
490 48 2 100
490 48 37 100
490 21 2 100
490 17 19 150
490 25 49 150
490 39 19 100
490 39 37 100
490 39 49 100
490 16 49 100
490 18 19 150
491 26 2 100
491 26 37 99
491 27 37 150
491 27 47 46
491 35 2 150
491 35 19 100
491 45 2 150
491 45 49 148
491 19 19 150
491 19 37 150
491 19 49 99
491 36 2 100
491 20 49 150
491 23 19 100
491 23 37 99
492 35 2 150
492 35 19 100
492 33 2 100
492 33 37 100
492 21 2 100
492 0 37 150
492 10 2 100
492 45 2 150
492 45 49 148
492 8 2 99
492 8 19 99
492 8 37 99
492 39 19 100
492 39 37 100
492 39 49 100
492 30 47 45
492 5 19 150
492 5 49 100
492 2 49 100
493 8 2 99
493 8 19 99
493 8 37 99
493 0 37 150
493 1 47 44
493 26 37 99
493 24 47 1
493 33 37 100
493 16 49 100
493 18 19 54
493 48 37 100
493 35 2 150
493 35 19 1
494 3 47 44
494 32 49 100
494 45 2 150
494 45 49 148
494 23 37 99
494 33 2 100
494 33 37 100
494 24 47 1
495 19 37 150
495 19 49 99
495 2 47 45
495 25 49 150
495 31 14 17
495 40 2 100
495 21 2 100
495 27 37 150
495 27 49 99
495 45 2 150
495 45 49 148
495 20 49 150
495 35 2 150
496 21 2 100
496 49 37 100
496 49 49 100
496 26 2 100
496 26 37 99
496 35 2 150
496 40 2 100
496 5 49 100
496 7 49 148
496 30 47 45
496 8 2 99
496 8 37 99
496 20 49 150
497 7 49 148
497 45 2 150
497 45 49 148
497 15 2 150
497 16 49 100
497 1 47 44
497 48 37 100
497 42 37 100
497 24 47 1
497 30 49 150
497 35 2 150
498 9 49 148
498 45 2 150
498 45 49 148
498 17 24 150
498 48 2 100
498 48 37 100
498 6 47 44
498 7 49 148
498 40 2 100
498 39 24 99
498 39 37 100
498 39 49 100
498 30 49 150
498 35 2 150
498 36 2 100
498 36 47 1
499 42 47 44
499 33 2 100
499 33 37 100
499 8 2 99
499 8 37 99
499 20 49 150
499 35 2 150
499 7 49 148
499 27 37 150
499 27 49 99
499 39 37 100
499 39 49 100
499 15 2 150
500 2 47 45
500 45 2 150
500 45 49 148
500 35 2 150
500 36 2 100
500 7 49 148
500 39 37 100
500 39 49 100
500 40 2 100
500 33 2 100
500 33 37 100
500 15 2 150
501 48 2 100
501 48 37 100
501 27 37 150
501 27 47 45
501 9 49 148
501 5 49 100
501 20 49 150
501 36 2 100
501 25 49 150
501 23 37 99
501 10 2 100
502 41 24 150
502 8 2 99
502 8 24 150
502 8 37 99
502 1 24 15
502 15 2 150
502 35 2 150
502 32 2 100
502 32 49 100
502 39 37 100
502 39 49 100
503 3 47 44
503 49 37 100
503 49 49 100
503 23 37 99
503 26 2 100
503 26 37 99
503 19 37 150
503 19 49 99
503 27 37 150
503 27 47 1
503 16 49 100
503 40 2 100
503 45 2 150
503 45 49 148
503 39 37 100
503 39 49 100
504 0 37 150
504 32 2 100
504 32 49 100
504 16 49 100
504 19 37 150
504 19 49 99
504 42 37 100
504 42 47 44
504 39 49 100
504 27 37 150
504 27 47 1
504 40 2 100
504 25 49 150
504 2 49 100
504 7 49 148
505 3 47 44
505 24 47 1
505 45 49 148
505 49 37 100
505 49 49 100
505 2 49 100
505 8 2 99
505 8 37 99
505 19 37 150
505 19 49 99
506 45 2 150
506 45 49 148
506 2 47 45
506 30 49 150
506 16 49 100
506 26 2 100
506 26 37 99
506 20 49 150
507 24 47 45
507 10 2 100
507 30 49 150
507 26 2 100
507 26 37 99
507 25 49 150
507 45 2 150
507 45 49 148
507 40 2 100
508 32 2 100
508 32 49 100
508 15 2 150
508 0 37 150
508 19 37 150
508 19 49 99
508 42 37 100
508 42 47 44
508 2 47 1
508 40 2 100
508 27 37 150
508 27 49 99
508 33 2 100
508 33 37 100
508 39 37 100
508 39 49 100
509 16 49 100
509 15 2 150
509 40 2 100
509 1 47 44
509 26 2 100
509 26 37 99
509 39 37 100
509 39 49 100
509 42 37 100
509 21 2 100
509 0 37 150
510 42 37 100
510 42 47 46
510 45 2 150
510 45 49 148
510 5 49 100
510 26 2 100
510 26 37 99
510 9 49 148
510 32 2 100
510 32 49 100
510 21 2 100
511 33 2 100
511 33 33 10
511 30 47 45
511 49 37 92
511 16 33 1
511 21 2 100
511 35 2 150
511 45 2 150
511 45 49 148
511 48 2 100
511 27 49 99
511 10 2 100
512 19 49 99
512 16 49 100
512 25 47 45
512 32 2 100
512 32 49 100
512 9 49 148
512 27 49 99
513 15 2 150
513 38 24 150
513 38 47 44
513 49 49 100
513 32 2 100
513 32 49 100
513 48 2 100
513 1 24 15
513 9 49 148
513 20 49 150
514 9 49 148
514 3 47 44
514 48 2 100
514 40 2 100
514 2 47 1
514 5 49 100
514 33 2 100
514 32 2 100
514 32 49 100
515 9 49 148
515 7 49 148
515 12 47 45
515 26 2 100
515 2 49 100
515 33 2 100
515 48 2 100
515 20 49 150
516 7 49 148
516 3 47 44
516 38 24 150
516 45 2 150
516 45 49 148
516 20 24 100
516 20 49 150
516 39 24 63
516 32 2 100
516 32 49 100
517 32 2 100
517 32 49 100
517 48 2 100
517 49 49 100
517 21 2 100
517 35 2 150
517 33 2 100
517 5 49 100
517 3 47 44
517 16 24 2
517 8 2 99
518 9 49 148
518 41 24 150
518 2 47 47
518 42 24 100
518 20 24 64
518 19 49 99
518 26 2 100
518 33 2 100
518 39 49 100
519 5 49 100
519 26 2 100
519 38 24 1
519 35 2 150
519 33 2 100
519 30 49 150
519 45 2 150
519 45 49 148
519 49 49 100
519 16 49 100
519 25 49 150
519 21 2 100
520 5 49 100
520 7 49 148
520 39 49 100
520 35 2 150
520 6 47 44
520 36 2 100
520 36 47 2
520 16 49 100
520 2 49 100
520 20 49 150
521 7 49 148
521 27 47 45
521 32 2 100
521 32 49 100
521 45 2 150
521 45 49 148
521 16 49 100
521 33 2 100
521 2 49 100
521 48 2 100
522 26 2 100
522 17 24 150
522 9 49 148
522 1 24 100
522 1 47 44
522 45 49 148
522 35 2 150
522 40 2 100
522 5 49 100
522 0 24 65
523 49 49 100
523 20 49 150
523 30 47 45
523 32 2 100
523 33 2 100
524 2 47 46
524 15 2 150
524 8 2 99
525 38 47 44
525 36 2 100
525 36 47 1
525 48 2 100
526 38 47 44
526 10 2 100
527 6 47 44
527 36 2 100
527 36 47 2
528 1 24 100
528 41 24 114
528 26 2 100
529 0 24 1
529 36 2 100
529 36 47 1
530 6 47 44
530 15 2 150
530 10 2 100
530 2 47 1
530 40 2 100
531 24 47 45
531 15 2 150
531 32 2 100
532 28 33 9
532 33 2 100
532 33 33 2
532 2 47 45
533 35 2 150
533 2 47 1
534 12 47 45
534 45 2 150
534 8 2 99
534 21 2 100
534 26 2 100
535 24 47 45
535 32 2 100
535 26 2 100
535 36 2 100
536 6 47 44
536 32 2 100
536 10 2 100
536 45 2 150
536 2 47 1
537 35 2 150
537 26 2 100
537 21 2 100
538 21 2 100
538 26 2 100
538 48 2 100
538 24 47 45
539 48 2 100
539 15 2 150
539 8 2 99
539 9 32 36
539 36 2 100
539 36 47 45
540 6 47 44
540 15 2 150
540 40 2 100
540 35 2 150
540 35 15 36
541 24 47 46
541 13 14 17
541 15 2 150
542 21 2 100
542 32 2 100
542 42 47 44
542 8 2 99
542 10 2 100
542 40 2 100
542 33 2 100
543 42 47 46
543 48 2 100
544 24 47 45
544 32 2 100
545 12 47 45
545 5 33 9
545 33 33 2
545 45 2 150
546 38 47 44
546 45 2 150
547 26 2 100
547 12 47 45
547 45 2 150
547 33 2 100
548 30 14 15
548 24 47 1
548 15 2 150
549 12 47 45
549 33 2 100
549 48 2 100
550 12 47 45
550 26 2 100
551 32 2 100
551 3 47 44
551 26 2 100
552 33 2 100
552 21 2 100
552 10 2 100
552 6 47 44
552 15 2 150
552 36 2 100
552 36 47 1
552 35 2 150
552 8 2 99
553 45 2 150
553 32 2 100
553 24 47 45
553 35 2 150
554 36 2 100
554 36 47 45
554 10 2 100
554 33 2 100
555 35 2 150
555 38 47 44
555 8 2 99
555 48 2 100
556 45 2 150
556 27 47 45
556 40 2 100
557 10 2 100
557 3 47 44
558 8 2 99
558 36 2 100
558 36 47 46
558 26 2 100
559 45 2 150
559 36 2 100
559 36 47 45
559 26 2 100
560 30 47 45
560 21 2 100
560 48 2 100
561 32 2 100
561 30 47 45
561 48 2 100
562 40 2 100
562 8 2 99
562 35 2 150
562 24 47 45
563 3 47 44
563 2 47 1
563 33 2 100
563 8 2 99
564 3 47 44
564 8 2 99
564 10 2 100
564 2 47 1
564 26 2 100
564 36 2 100
564 45 2 150
564 21 2 100
565 10 2 100
565 20 24 100
565 36 2 100
565 36 47 45
565 0 24 65
565 35 2 150
566 33 2 100
566 10 2 100
566 38 47 44
566 21 2 100
566 35 2 150
567 45 2 150
567 38 47 46
567 33 2 100
567 36 2 100
568 48 2 100
568 35 2 150
568 42 47 44
569 45 2 150
569 33 2 100
569 36 2 100
569 36 47 46
569 8 2 99
569 10 2 100
570 32 2 100
570 48 2 100
571 12 47 90
571 45 2 150
571 10 2 100
572 48 2 100
572 45 2 150
572 2 47 45
573 8 2 99
573 6 47 44
574 35 2 150
574 40 2 100
574 36 2 100
574 36 47 46
574 15 2 150
575 24 47 45
575 45 2 150
575 32 2 100
576 2 47 45
576 45 2 150
576 10 2 100
577 32 2 100
577 8 2 99
577 48 2 100
578 10 2 100
578 26 2 100
578 15 2 150
579 15 2 150
579 35 2 150
579 36 2 100
579 26 2 100
579 10 2 100
580 36 2 100
580 35 2 150
581 40 2 100
581 8 2 99
581 21 2 100
581 35 2 150
581 48 2 100
582 35 2 150
582 40 2 100
582 36 2 100
583 35 2 150
583 15 2 150
583 36 2 100
583 40 2 100
584 40 2 100
584 15 2 150
584 32 2 100
584 10 2 100
584 26 2 100
584 36 2 100
585 10 2 100
585 36 2 100
585 21 2 100
585 15 2 150
585 33 2 100
586 35 2 150
586 26 2 100
586 36 2 100
586 32 2 100
586 21 2 100
587 15 2 150
587 26 2 100
587 48 2 100
588 45 2 150
588 35 2 150
588 15 2 150
588 40 2 100
588 26 2 100
589 40 2 100
589 36 2 100
589 45 2 150
589 35 2 150
589 10 2 100
589 48 2 100
589 8 2 99
590 35 2 150
591 21 2 100
591 32 2 100
591 33 2 100
591 10 2 100
591 40 2 100
592 32 2 100
592 36 2 100
592 45 2 150
592 35 2 150
593 21 2 100
593 45 2 150
593 15 2 150
593 40 2 100
593 36 2 100
594 32 2 100
594 40 2 100
594 26 2 100
594 15 2 150
595 36 2 100
595 21 2 100
595 35 2 150
596 10 2 100
596 40 2 100
596 8 2 99
597 36 2 100
597 48 2 100
597 33 2 100
597 45 2 150
597 21 2 100
598 48 2 100
598 8 2 99
599 15 2 150
599 48 2 100
599 26 2 100
600 35 2 150
600 33 2 100
600 48 2 100
601 40 2 100
601 36 2 100
601 33 2 100
601 15 2 150
602 36 2 100
602 40 2 100
602 8 2 99
602 15 2 150
602 21 2 100
602 48 2 100
603 40 2 100
603 32 2 100
604 33 2 100
604 32 2 100
604 35 2 150
605 33 2 100
605 36 2 100
605 10 2 100
606 48 2 100
606 35 2 150
607 33 2 100
608 40 2 100
608 32 2 100
608 36 2 100
608 35 2 150
609 10 2 100
609 33 2 100
609 48 2 100
610 33 2 100
610 15 2 150
610 10 2 100
610 40 2 100
610 36 2 100
610 26 2 100
611 40 2 100
611 21 2 100
611 33 2 100
611 45 2 150
612 32 2 100
612 35 2 150
612 45 2 150
613 10 2 100
613 35 2 150
613 40 2 100
613 21 2 100
613 36 2 100
613 8 2 99
614 15 2 150
614 10 2 100
614 36 2 100
614 26 2 100
615 21 2 100
615 36 2 100
615 32 2 100
615 26 2 100
616 26 2 100
616 36 2 100
616 45 2 150
616 8 2 99
617 8 2 99
617 21 2 100
617 36 2 100
617 40 2 100
617 35 2 150
618 8 2 99
618 32 2 100
618 33 2 100
619 32 2 100
619 10 2 100
619 40 2 100
619 35 2 150
619 33 2 100
620 36 2 100
620 15 2 150
621 45 2 150
622 21 2 100
622 48 2 100
622 33 2 100
623 15 2 150
623 45 2 150
623 10 2 100
624 45 2 150
624 10 2 100
625 36 2 100
625 8 2 99
625 10 2 100
626 10 2 100
626 35 2 150
626 32 2 100
626 40 2 100
627 48 2 100
627 45 2 150
627 33 2 100
628 35 2 150
628 48 2 100
628 15 2 150
629 32 2 100
629 48 2 100
629 8 2 99
629 33 2 100
630 21 2 100
630 32 2 100
630 15 2 150
630 48 2 100
631 8 2 99
631 26 2 100
631 45 2 150
631 35 2 150
632 45 2 150
633 48 2 100
633 15 2 150
633 33 2 4
