3 30 32 100
4 36 37 100
5 2 39 100
5 2 40 148
7 20 39 100
7 9 11 100
8 0 36 100
9 22 3 100
9 18 33 148
9 6 40 100
10 20 39 100
12 48 40 100
12 12 32 150
12 36 32 99
13 30 39 99
14 22 11 100
14 21 44 100
15 14 36 100
16 23 39 100
16 18 12 150
16 16 12 100
17 49 18 100
17 21 3 99
17 5 40 100
18 3 13 100
19 34 33 99
20 43 36 100
20 9 26 100
21 22 11 100
21 13 41 100
21 41 39 100
22 26 44 100
23 12 40 150
24 2 39 100
24 30 26 100
26 32 11 99
26 32 19 100
26 4 25 100
27 17 33 100
27 34 37 150
27 23 39 100
28 42 12 100
28 14 36 100
28 22 3 100
28 22 12 150
28 11 18 100
29 15 40 100
29 40 44 100
30 9 26 100
31 31 39 99
33 3 37 150
33 39 15 100
34 48 40 100
34 40 36 100
34 45 39 100
34 22 11 100
35 29 40 100
36 21 44 100
37 17 3 100
37 17 42 100
37 18 15 100
39 45 39 100
39 0 40 148
40 21 32 100
40 21 49 100
40 4 36 100
40 47 32 99
41 22 11 100
42 31 39 99
42 29 40 100
43 1 18 100
43 0 44 100
44 27 3 100
44 10 40 150
45 30 39 99
46 0 36 100
46 0 40 148
47 41 39 100
47 47 13 100
48 0 15 100
48 0 40 148
48 32 11 99
49 15 12 150
49 30 41 100
50 16 12 100
50 26 44 100
51 21 3 99
51 3 19 100
51 24 25 100
52 10 40 150
52 26 26 100
52 22 15 100
53 14 36 100
53 3 39 100
54 14 11 100
55 11 39 100
58 0 40 148
58 49 18 100
59 20 39 100
59 40 36 100
60 4 25 100
60 26 44 100
60 15 5 100
60 39 3 99
61 15 40 100
61 45 39 100
61 23 11 100
63 3 8 99
64 45 39 100
64 7 26 100
64 48 40 100
65 29 40 100
66 6 6 100
66 26 44 100
67 10 42 100
67 43 36 100
67 28 39 100
69 27 3 100
69 31 35 100
70 20 39 100
70 3 13 100
70 9 11 100
71 40 40 150
72 39 15 100
72 10 25 99
73 31 39 99
75 30 11 100
76 8 19 100
76 4 36 100
76 5 49 100
76 7 26 100
77 45 39 100
77 9 40 150
77 0 44 100
79 0 3 100
79 0 39 100
82 2 39 100
82 40 36 100
83 42 12 100
83 30 12 148
84 20 39 100
84 26 26 100
85 32 11 99
85 30 40 148
87 40 44 100
87 39 15 100
87 4 41 100
88 0 36 100
88 0 37 150
88 0 39 100
89 39 3 99
90 0 39 100
90 14 11 100
92 42 12 100
92 27 12 100
93 22 42 99
93 32 39 99
93 0 36 100
94 17 18 100
95 30 39 99
95 30 40 148
95 39 3 99
96 47 13 100
96 18 15 100
96 48 40 100
96 27 25 100
97 32 11 99
98 21 44 100
99 5 40 100
100 22 15 100
100 43 36 100
101 4 28 100
101 3 19 100
101 22 15 100
102 22 3 100
102 11 39 100
103 34 33 99
103 48 40 100
103 15 49 100
104 9 11 100
104 11 39 100
105 26 26 100
105 26 44 100
106 33 20 99
106 27 25 100
107 5 40 100
107 43 36 100
107 22 15 100
108 32 39 99
109 25 32 150
109 30 26 100
110 30 11 100
110 30 39 99
111 38 8 150
112 6 40 100
113 41 39 100
113 27 3 100
113 24 5 100
115 0 36 100
115 0 44 100
116 9 11 100
116 41 39 100
117 3 35 100
117 15 40 100
118 39 15 100
119 22 12 150
119 18 12 150
120 27 26 150
120 6 6 100
121 40 36 100
122 46 3 99
122 21 44 100
122 45 39 100
123 5 18 148
124 39 15 100
125 22 49 99
125 18 28 100
126 2 25 100
126 2 39 100
126 48 40 100
127 1 13 100
127 38 19 99
128 30 11 100
129 45 39 100
129 14 36 100
130 12 40 150
131 28 39 100
131 3 3 99
131 17 42 100
132 0 44 100
132 30 26 100
133 2 40 148
134 9 26 100
134 4 36 100
135 32 11 99
135 26 44 100
136 20 39 100
137 4 41 100
138 30 39 99
140 23 11 100
140 40 36 100
141 39 3 99
141 1 18 100
142 23 39 100
142 7 31 100
143 5 40 100
144 39 15 100
144 21 44 100
145 29 40 100
146 41 39 100
146 43 36 100
147 3 3 99
147 6 40 100
147 30 11 100
149 18 12 150
150 41 12 100
150 41 39 100
150 10 40 150
151 3 19 100
151 3 35 100
152 40 36 100
152 40 44 100
153 14 11 100
153 33 5 100
153 32 39 99
154 15 40 100
155 29 40 100
155 23 18 100
155 7 26 100
156 41 39 100
156 28 8 150
157 17 3 100
157 4 41 100
157 39 15 100
158 46 42 100
158 21 44 100
158 14 11 100
159 14 36 100
159 10 14 100
160 49 32 150
161 18 13 100
161 45 39 100
163 15 40 100
164 3 39 100
164 7 26 100
164 14 36 100
164 41 18 100
165 23 11 100
165 15 40 100
165 40 44 100
166 18 15 100
166 18 33 148
167 15 12 150
167 31 39 99
167 16 12 100
167 46 3 99
168 2 40 148
170 9 26 100
170 9 40 150
170 0 39 100
171 2 25 100
172 24 37 150
172 8 8 100
172 41 39 100
172 26 44 100
172 43 36 100
172 22 49 99
173 23 11 100
173 25 32 150
173 47 32 99
175 41 39 100
176 37 19 100
176 18 28 100
177 30 39 99
177 21 3 99
178 18 32 100
178 26 44 100
178 21 32 100
179 4 36 100
179 6 6 100
179 6 40 100
180 7 26 100
180 45 39 100
180 14 11 100
182 36 32 99
182 21 32 100
182 2 39 100
184 40 36 100
184 48 40 100
185 5 40 100
185 21 44 100
186 21 3 99
186 23 39 100
187 10 40 150
188 30 24 150
188 30 39 99
188 10 24 150
188 12 24 150
188 19 24 100
188 39 24 150
189 39 24 150
189 15 40 100
189 22 11 100
189 1 24 100
189 3 24 100
191 4 36 100
191 41 39 100
192 6 40 100
192 17 3 100
192 17 42 100
193 29 40 100
194 31 35 100
195 20 39 100
196 35 14 100
196 30 26 100
196 0 44 100
197 16 41 100
197 23 11 100
197 12 13 100
197 40 36 100
198 45 39 100
200 11 5 100
201 8 19 100
201 29 49 100
201 22 3 100
201 28 39 100
202 29 40 100
202 17 15 148
202 26 44 100
203 23 11 100
203 40 36 100
203 6 40 100
204 5 40 100
204 4 25 100
205 36 37 100
205 21 37 100
206 24 32 100
206 20 30 100
207 18 15 100
208 27 3 100
208 27 25 100
209 45 39 100
209 15 40 100
210 30 11 100
210 21 44 100
212 30 39 99
212 43 36 100
214 30 26 100
215 10 40 150
216 32 11 99
216 32 39 99
217 21 3 99
218 26 44 100
218 2 25 100
219 31 39 99
220 9 26 100
220 43 36 100
221 6 31 100
221 6 40 100
223 0 39 100
223 29 40 100
223 9 11 100
223 9 26 100
225 0 36 100
225 0 39 100
225 0 44 100
225 5 6 100
225 5 40 100
226 32 19 100
227 38 33 100
228 23 11 100
228 12 13 100
229 21 3 99
230 23 18 100
230 39 15 100
231 27 41 100
231 20 39 100
232 4 36 100
233 20 39 100
233 3 8 99
233 10 42 100
234 32 11 99
234 0 44 100
234 30 26 100
235 9 40 150
235 22 49 99
236 3 39 100
237 41 12 100
237 47 12 150
238 31 35 100
239 11 39 100
239 4 36 100
239 39 3 99
240 25 5 100
240 25 32 150
240 30 26 100
240 30 32 100
241 5 40 100
241 40 44 100
242 24 25 100
243 6 40 100
244 41 15 150
244 23 11 100
245 20 39 100
246 0 36 100
246 30 26 100
247 47 12 150
247 41 12 100
248 41 39 100
249 46 3 99
250 40 44 100
250 14 11 100
251 13 19 99
252 48 40 100
253 0 36 100
253 0 39 100
255 14 11 100
255 2 39 100
255 21 44 100
257 18 13 100
258 34 15 150
258 37 35 100
259 21 3 99
259 20 39 100
260 14 11 100
260 14 36 100
260 25 5 100
260 9 26 100
260 46 42 100
261 20 39 100
261 0 44 100
265 0 3 100
265 27 25 100
265 22 11 100
266 11 39 100
267 4 36 100
267 15 12 150
268 42 12 100
268 17 15 148
269 16 41 100
270 48 40 100
270 26 44 100
271 43 32 100
271 31 39 99
271 15 40 100
272 30 32 100
273 23 11 100
273 43 36 100
274 22 3 100
274 31 39 99
275 29 40 100
276 0 39 100
276 3 19 100
279 43 36 100
279 14 11 100
279 23 39 100
279 26 26 100
279 6 6 100
280 27 25 100
281 30 39 99
281 26 44 100
282 40 40 150
283 17 3 100
283 17 18 100
284 0 40 148
285 2 39 100
285 10 49 99
285 3 13 100
286 40 36 100
286 9 11 100
286 9 26 100
287 40 44 100
288 14 8 150
288 14 15 150
289 32 5 100
290 31 39 99
291 10 40 150
292 45 39 100
293 15 40 100
293 17 3 100
293 17 42 100
294 43 36 100
294 5 40 100
295 41 39 100
295 48 40 100
295 12 4 100
296 9 11 100
297 25 32 150
297 28 39 100
298 9 26 100
299 3 35 100
300 45 8 100
300 45 13 99
300 38 33 100
300 29 40 100
301 28 39 100
301 32 19 100
302 40 36 100
302 13 35 99
303 11 39 100
303 8 8 100
303 39 3 99
303 28 10 100
304 25 8 100
304 15 14 100
305 10 40 150
305 45 48 99
305 33 32 150
306 28 39 100
306 11 18 100
307 11 18 100
307 21 44 100
307 21 49 100
308 9 11 100
308 9 26 100
309 20 39 100
310 4 36 100
312 0 39 100
312 0 40 148
313 13 35 99
313 22 3 100
313 4 13 100
313 41 18 100
315 45 39 100
316 21 44 100
316 0 40 148
317 9 11 100
317 9 26 100
317 3 8 99
318 28 39 100
318 1 18 100
318 43 36 100
320 3 39 100
321 46 3 99
322 10 40 150
322 40 21 100
323 14 36 100
323 21 44 100
323 18 15 100
325 45 39 100
325 32 11 99
326 12 40 150
326 49 18 100
326 13 19 99
327 24 25 100
328 0 15 100
329 10 49 99
329 0 3 100
329 0 39 100
329 37 35 100
330 40 44 100
332 16 41 100
332 13 35 99
334 40 36 100
335 40 40 150
336 28 39 100
336 9 11 100
336 17 42 100
337 8 8 100
337 21 3 99
337 34 13 100
337 45 8 100
338 45 48 99
339 21 44 100
339 27 25 100
339 30 39 99
340 10 8 100
340 16 12 100
340 47 12 150
340 7 26 100
340 40 36 100
341 40 40 150
341 39 15 100
342 49 18 100
342 5 6 100
344 15 40 100
344 37 15 150
344 0 44 100
344 29 33 100
345 30 11 100
346 43 36 100
346 15 40 100
346 27 3 100
346 11 39 100
346 39 15 100
347 29 40 100
348 29 49 100
348 43 8 150
349 5 40 100
349 41 39 100
350 26 44 100
350 13 19 99
352 14 36 100
353 28 47 100
353 30 11 100
353 27 3 100
354 37 15 150
355 45 39 100
356 0 44 100
357 6 40 100
357 40 36 100
358 41 39 100
358 31 14 100
358 15 8 100
359 20 30 100
359 30 33 148
360 2 1 100
360 2 18 99
360 39 3 99
361 9 11 100
361 15 40 100
362 16 41 100
362 34 15 150
363 14 36 100
364 29 40 100
364 11 39 100
365 21 44 100
366 26 26 100
367 11 39 100
367 14 11 100
370 4 13 100
370 4 36 100
370 30 39 99
370 39 3 99
371 30 41 100
372 16 24 100
373 45 39 100
373 23 11 100
374 14 48 100
375 21 44 100
375 13 19 99
376 6 40 100
376 43 36 100
377 6 40 100
377 0 39 100
377 31 35 100
378 11 18 100
378 22 11 100
378 18 20 99
379 28 10 100
379 28 39 100
380 22 3 100
380 14 48 100
382 32 39 99
382 0 36 100
382 48 40 100
384 22 37 150
384 0 39 100
385 32 49 100
385 12 13 100
386 14 11 100
386 6 40 100
387 5 40 100
387 46 3 99
388 15 40 100
388 11 39 100
388 5 6 100
389 40 36 100
389 10 42 100
390 11 39 100
392 34 33 99
393 9 40 150
393 0 15 100
394 11 39 100
394 27 3 100
394 40 44 100
396 13 35 99
396 11 39 100
396 23 11 100
397 40 36 100
397 30 26 100
398 29 40 100
399 30 39 99
400 13 19 99
400 13 41 100
400 22 11 100
401 28 39 100
401 45 13 99
401 0 36 100
402 27 25 100
402 6 40 100
403 21 3 99
404 3 39 100
405 0 37 150
405 32 11 99
406 6 40 100
406 23 39 100
407 0 44 100
407 35 14 100
408 14 36 100
410 17 18 100
410 23 39 100
411 29 40 100
412 21 3 99
412 21 44 100
412 39 15 100
413 49 33 100
413 0 15 100
413 15 40 100
414 23 11 100
414 23 39 100
414 5 40 100
416 40 36 100
416 39 24 150
416 3 24 100
416 30 24 150
417 9 40 150
417 45 24 99
417 2 18 99
417 16 24 100
417 25 24 150
417 21 49 100
417 10 24 150
418 14 8 150
418 29 40 100
418 22 3 100
418 22 15 100
418 41 24 100
419 28 39 100
420 38 5 100
420 45 48 99
421 43 36 100
421 7 4 100
421 31 39 99
421 4 13 100
422 2 25 100
423 30 11 100
425 38 19 99
425 21 3 99
425 28 39 100
426 31 35 100
427 1 18 100
427 28 39 100
427 0 40 148
427 0 44 100
429 40 36 100
430 3 39 100
431 6 40 100
432 28 39 100
432 14 11 100
432 21 3 99
433 10 42 100
435 20 39 100
435 29 40 100
435 0 36 100
435 0 44 100
436 18 15 100
436 15 40 100
436 5 6 100
437 3 13 100
438 49 8 150
438 14 11 100
439 27 3 100
439 2 20 99
440 32 39 99
441 4 36 100
442 16 12 100
442 2 26 150
442 41 12 100
443 11 18 100
443 11 39 100
444 21 44 100
445 27 25 100
445 14 21 100
446 41 39 100
446 23 11 100
446 20 30 100
447 27 25 100
447 34 15 150
448 39 3 99
449 13 19 99
450 22 49 99
450 30 39 99
450 21 44 100
451 17 18 100
452 48 40 100
452 41 39 100
452 0 36 100
453 25 8 100
453 14 11 100
453 27 25 100
454 15 40 100
455 22 3 100
455 37 47 100
455 45 13 99
455 30 41 100
456 30 39 99
457 5 40 100
457 2 18 99
458 0 36 100
458 0 44 100
459 45 39 100
460 11 18 100
461 30 1 100
461 36 10 100
463 46 3 99
463 0 39 100
463 0 44 100
464 9 11 100
464 0 15 100
465 30 41 100
466 3 39 100
466 4 25 100
467 0 36 100
469 28 39 100
469 14 11 100
470 7 48 100
471 18 15 100
472 47 28 150
472 40 36 100
472 40 40 150
472 31 39 99
472 26 26 100
472 0 3 100
473 27 12 100
473 42 12 100
474 27 12 100
474 0 44 100
474 35 19 100
475 28 39 100
476 17 42 100
476 9 11 100
476 13 35 99
477 41 39 100
478 18 15 100
479 17 3 100
480 0 36 100
481 34 13 100
482 40 44 100
482 9 11 100
482 32 39 99
484 11 39 100
484 21 49 100
485 14 36 100
485 15 40 100
486 0 3 100
487 48 40 100
488 22 11 100
488 22 15 100
489 31 39 99
489 29 33 100
490 27 12 100
490 16 12 100
490 29 40 100
491 21 44 100
492 15 40 100
492 23 39 100
493 22 3 100
493 0 36 100
493 48 40 100
494 46 42 100
495 31 39 99
495 22 11 100
495 48 40 100
495 4 25 100
495 9 26 100
496 17 20 100
496 0 15 100
498 9 40 150
498 31 39 99
498 2 25 100
499 32 19 100
499 37 35 100
500 24 5 100
500 21 44 100
501 11 39 100
501 5 6 100
501 5 40 100
502 0 3 100
503 12 40 150
503 14 11 100
504 32 39 99
504 45 13 99
505 43 36 100
505 2 40 148
506 30 41 100
507 0 39 100
507 41 18 100
508 3 3 99
509 0 36 100
509 0 39 100
509 0 44 100
510 5 40 100
511 9 11 100
512 4 25 100
512 48 40 100
512 20 39 100
513 41 12 100
513 42 12 100
513 47 12 150
514 41 39 100
514 7 48 100
516 37 35 100
517 17 3 100
517 29 49 100
518 21 44 100
518 39 15 100
519 0 36 100
519 0 39 100
520 22 11 100
520 6 40 100
521 15 12 150
521 28 39 100
521 43 30 99
522 17 18 100
522 41 12 100
523 3 35 100
524 10 42 100
524 30 39 99
524 40 44 100
524 32 19 100
526 31 14 100
526 31 39 99
526 4 36 100
526 39 3 99
527 1 13 100
529 41 39 100
529 38 48 150
531 32 39 99
532 2 40 148
532 22 11 100
533 37 10 99
533 43 36 100
533 21 3 99
534 20 39 100
536 22 15 100
536 14 48 100
537 3 39 100
538 10 49 99
538 49 18 100
539 18 13 100
539 18 15 100
539 22 11 100
539 0 36 100
540 0 44 100
541 10 25 99
541 32 39 99
541 42 4 100
542 29 40 100
542 7 26 100
543 32 39 99
543 26 24 150
543 45 24 99
543 3 24 100
544 0 3 100
544 4 24 148
544 4 41 100
544 28 24 99
544 25 24 150
544 45 24 99
544 12 24 150
546 20 39 100
546 40 36 100
546 40 44 100
547 48 40 100
549 42 19 100
549 23 39 100
549 3 35 100
550 41 12 100
550 27 12 100
550 6 6 100
551 26 15 150
552 20 39 100
553 9 11 100
553 39 3 99
554 4 36 100
555 28 39 100
555 30 26 100
555 5 40 100
556 22 42 99
556 22 49 99
557 28 39 100
557 26 44 100
558 30 40 148
558 27 25 100
560 27 3 100
560 45 39 100
561 0 36 100
561 4 13 100
561 32 11 99
562 23 39 100
565 32 39 99
566 28 47 100
567 29 40 100
567 11 39 100
567 14 11 100
568 46 3 99
568 14 36 100
569 40 40 150
569 10 25 99
570 32 39 99
571 4 41 100
572 4 25 100
572 26 44 100
573 22 11 100
573 22 15 100
574 3 19 100
575 18 15 100
576 17 20 100
576 7 26 100
576 5 40 100
576 46 3 99
576 0 39 100
577 13 35 99
578 2 18 99
578 6 40 100
578 10 14 100
579 0 36 100
579 0 39 100
581 20 39 100
581 12 13 100
581 14 48 100
582 7 31 100
584 40 44 100
584 11 18 100
584 11 39 100
585 27 41 100
585 43 36 100
586 23 39 100
586 18 15 100
586 26 26 100
588 1 13 100
589 31 14 100
589 31 39 99
590 38 33 100
590 21 3 99
591 21 44 100
591 30 39 99
592 15 40 100
592 14 36 100
593 30 26 100
593 15 14 100
594 32 39 99
594 19 24 100
595 23 18 100
595 9 4 100
595 0 15 100
596 30 39 99
596 2 18 99
599 31 39 99
599 27 3 100
600 12 13 100
600 32 19 100
601 43 36 100
601 29 40 100
601 32 39 99
601 40 44 100
602 29 33 100
602 2 10 100
602 7 48 100
602 16 34 100
603 5 40 100
604 11 39 100
604 15 8 100
604 15 14 100
606 17 18 100
606 28 39 100
606 26 44 100
607 5 40 100
608 9 26 100
609 23 39 100
609 19 14 99
609 34 13 100
610 48 45 100
610 30 48 99
611 0 3 100
611 0 36 100
611 0 39 100
611 34 13 100
612 10 14 100
612 0 44 100
614 32 39 99
614 2 8 150
614 19 24 100
615 6 6 100
616 31 14 100
616 31 39 99
618 17 3 100
618 4 36 100
618 26 44 100
619 30 39 99
620 1 18 100
620 30 34 100
620 0 15 100
621 0 39 100
622 40 40 150
623 10 14 100
624 6 40 100
624 2 39 100
625 37 19 100
625 14 36 100
625 48 40 100
626 18 4 100
626 26 26 100
626 26 44 100
626 30 39 99
626 23 18 100
627 6 40 100
627 18 15 100
629 41 39 100
630 27 3 100
631 34 33 99
631 23 39 100
631 15 40 100
632 6 40 100
632 40 36 100
633 2 18 99
634 45 39 100
634 16 41 100
636 17 3 100
636 2 39 100
636 1 24 100
636 40 44 100
637 23 18 100
637 30 26 100
639 23 39 100
639 44 34 100
640 7 4 100
641 35 14 100
641 35 30 100
641 11 39 100
641 22 15 100
642 14 36 100
642 26 44 100
642 48 40 100
644 27 37 100
644 11 39 100
645 2 18 99
646 21 3 99
646 0 39 100
649 23 39 100
650 22 15 100
650 3 19 100
651 0 39 100
651 0 44 100
651 47 13 100
651 19 14 99
652 43 36 100
652 48 40 100
653 19 24 100
653 19 34 100
653 11 18 100
654 27 3 100
654 7 31 100
654 29 40 100
654 13 35 99
654 11 39 100
656 45 39 100
656 21 44 100
656 48 40 100
656 48 45 100
656 6 6 100
657 30 26 100
659 31 39 99
660 15 14 100
661 6 40 100
661 0 39 100
662 39 3 99
662 35 34 100
664 40 40 150
664 40 44 100
664 28 39 100
665 39 8 150
665 39 15 100
666 40 36 100
666 41 39 100
666 10 14 100
667 45 10 100
668 35 30 100
669 11 39 100
669 49 8 150
671 23 18 100
671 23 39 100
671 30 26 100
672 7 48 100
672 35 14 100
672 43 36 100
673 46 3 99
673 48 40 100
673 26 44 100
674 11 39 100
674 41 24 100
675 6 40 100
675 22 15 100
675 8 19 100
676 2 39 100
676 28 31 100
678 9 26 100
679 32 39 99
679 0 15 100
680 41 12 100
680 41 18 100
680 13 35 99
680 22 12 150
681 20 39 100
682 0 36 100
682 0 44 100
684 30 26 100
684 30 39 99
684 38 33 100
685 18 4 100
685 14 48 100
685 30 41 100
685 17 18 100
686 11 39 100
688 35 14 100
688 3 3 99
688 22 15 100
689 20 39 100
689 43 36 100
689 26 26 100
689 3 24 100
691 43 8 150
691 0 39 100
691 0 44 100
691 15 40 100
694 20 39 100
695 4 36 100
696 0 39 100
697 22 3 100
697 35 14 100
698 40 44 100
698 27 34 100
699 15 8 100
699 18 15 100
699 28 39 100
699 48 45 100
700 36 37 100
700 37 19 100
700 42 37 100
701 30 39 99
701 40 36 100
702 1 24 100
702 39 15 100
703 49 18 100
703 6 6 100
704 0 39 100
704 31 14 100
705 29 40 100
706 47 13 100
706 28 39 100
706 9 26 100
706 39 15 100
707 19 14 99
707 45 48 99
708 28 31 100
709 20 39 100
709 11 18 100
710 11 18 100
710 30 41 100
711 27 3 100
711 23 39 100
712 35 14 100
712 29 40 100
712 4 36 100
714 18 4 100
714 23 18 100
714 23 39 100
714 21 44 100
714 30 26 100
715 29 40 100
716 21 37 100
716 31 39 99
717 42 8 148
718 44 34 100
718 0 15 100
719 39 3 99
719 0 39 100
719 47 13 100
720 30 40 148
720 43 36 100
721 3 24 100
721 3 35 100
721 3 39 100
721 0 44 100
722 41 18 100
722 15 14 100
722 30 48 99
724 8 37 100
724 30 39 99
724 27 37 100
725 8 19 100
726 31 39 99
726 30 41 100
726 1 13 100
727 26 15 150
727 27 3 100
728 17 33 100
728 31 39 99
729 43 30 99
729 43 36 100
729 11 18 100
731 38 8 150
731 2 39 100
731 1 11 150
731 26 44 100
733 6 40 100
733 7 26 100
733 45 39 100
734 11 18 100
734 25 34 99
735 22 3 100
736 37 10 99
736 2 39 100
738 45 8 100
738 45 11 150
738 45 39 100
738 30 11 100
738 26 44 100
739 6 40 100
740 22 15 100
741 40 36 100
741 28 24 99
741 28 39 100
742 22 3 100
743 49 18 100
743 0 39 100
746 26 44 100
746 31 39 99
746 7 48 100
747 2 29 99
747 14 36 100
748 2 39 100
750 18 15 100
750 4 11 150
750 25 34 99
750 38 19 99
751 4 11 150
751 11 39 100
752 29 40 100
753 30 39 99
753 0 3 100
754 18 15 100
755 2 29 99
755 14 36 100
756 12 40 150
756 3 39 100
757 26 26 100
757 12 13 100
758 11 39 100
758 9 11 100
758 9 40 150
758 22 11 100
759 40 44 100
760 45 11 150
760 45 48 99
760 0 36 100
761 41 39 100
762 6 45 100
762 11 18 100
762 4 25 100
762 2 25 100
762 10 25 99
763 41 24 100
763 41 39 100
763 40 44 100
764 7 38 100
764 39 3 99
764 2 25 100
765 6 6 100
765 10 25 99
765 38 25 150
765 38 33 100
766 16 25 150
766 20 39 100
766 4 25 100
766 27 25 100
767 24 25 100
767 40 36 100
767 2 25 100
768 4 25 100
768 24 25 100
768 23 39 100
768 45 24 99
768 10 25 99
769 45 13 99
769 4 25 100
769 9 26 100
769 23 29 100
770 2 18 99
771 1 24 100
771 45 39 100
771 40 44 100
773 1 24 100
773 45 39 100
773 27 3 100
774 19 24 100
774 43 36 100
775 8 19 100
775 2 25 100
775 27 25 100
775 27 41 100
775 4 25 100
776 27 25 100
776 25 8 100
776 8 8 100
776 22 30 100
776 3 24 100
776 3 39 100
776 16 25 150
776 24 25 100
777 46 33 150
777 28 24 99
777 27 25 100
777 29 40 100
777 2 25 100
778 11 39 100
778 16 25 150
779 1 24 100
779 2 25 100
779 43 36 100
779 10 25 99
779 16 25 150
780 42 29 99
780 42 37 100
780 7 26 100
780 38 25 150
780 27 25 100
780 24 25 100
780 28 24 99
781 4 11 150
781 5 40 100
781 41 39 100
782 28 24 99
782 39 3 99
783 29 40 100
783 30 39 99
784 49 31 100
784 30 24 150
785 45 13 99
786 18 28 100
786 32 39 99
786 43 28 150
786 35 28 150
787 16 24 100
787 40 36 100
788 17 29 100
788 16 24 100
788 20 39 100
788 36 10 100
790 17 3 100
790 17 18 100
790 3 24 100
791 20 39 100
791 46 11 150
791 25 34 99
791 28 24 99
791 29 33 100
793 11 39 100
793 45 24 99
793 5 40 100
794 41 18 100
794 41 24 100
795 3 24 100
795 14 36 100
796 41 39 100
796 46 3 99
797 31 35 100
797 28 24 99
797 42 29 99
798 16 24 100
798 32 39 99
799 28 24 99
800 38 19 99
800 45 24 99
801 15 40 100
801 32 39 99
802 16 24 100
803 41 24 100
803 41 39 100
803 14 48 100
803 48 40 100
804 15 40 100
805 42 29 99
805 40 36 100
805 21 3 99
805 45 24 99
806 31 39 99
806 11 18 100
807 45 24 99
808 31 39 99
808 41 24 100
808 6 6 100
808 6 40 100
810 25 24 150
810 25 34 99
811 2 39 100
812 41 24 100
812 17 3 100
813 28 24 99
813 28 39 100
814 33 11 150
814 22 11 100
815 16 24 100
815 16 41 100
815 34 11 148
815 20 21 100
815 43 36 100
816 17 29 100
816 3 39 100
817 16 24 100
818 23 39 100
818 29 40 100
818 41 24 100
819 45 11 150
819 45 24 99
820 6 40 100
820 39 3 99
820 37 35 100
821 15 8 100
821 45 24 99
821 45 39 100
821 7 26 100
821 46 29 100
822 8 8 100
822 30 24 150
823 32 39 99
823 1 24 100
823 6 45 100
825 30 24 150
825 8 19 100
826 11 39 100
826 19 24 100
826 4 36 100
826 7 38 100
826 3 35 100
827 41 18 100
827 41 24 100
828 11 39 100
829 12 13 100
829 45 24 99
829 22 37 150
830 3 3 99
830 3 24 100
831 25 34 99
831 3 39 100
832 45 24 99
833 23 18 100
833 23 39 100
833 1 24 100
833 0 40 148
834 18 28 100
834 21 11 150
834 42 28 150
834 4 28 100
835 48 40 100
835 13 28 100
836 1 24 100
836 32 39 99
836 0 3 100
836 0 36 100
837 3 8 99
837 3 24 100
837 45 8 100
838 31 39 99
839 38 8 150
839 29 40 100
839 48 45 100
840 5 6 100
840 16 24 100
840 3 24 100
841 11 39 100
842 45 24 99
842 1 18 100
842 7 26 100
843 1 24 100
843 6 29 99
843 6 40 100
843 3 39 100
843 14 36 100
845 16 24 100
845 3 24 100
846 23 39 100
847 16 24 100
848 45 39 100
848 26 26 100
849 12 24 150
849 21 3 99
849 0 36 100
850 32 19 100
850 1 13 100
850 5 40 100
851 1 24 100
851 48 40 100
851 41 39 100
852 28 24 99
852 27 2 150
852 6 45 100
853 28 39 100
854 28 24 99
854 17 18 100
855 4 36 100
855 3 24 100
856 12 29 100
856 3 39 100
856 30 34 100
857 17 3 100
857 1 24 100
858 3 39 100
859 30 24 150
861 16 24 100
861 23 29 100
861 23 39 100
862 17 18 100
862 16 24 100
863 28 39 100
863 4 36 100
864 30 48 99
865 36 33 148
