94 35 5 99
94 35 13 150
94 35 15 100
94 35 18 148
94 35 20 99
94 35 23 150
94 35 25 99
94 35 31 150
94 35 41 100
94 35 46 150
94 35 47 100
97 35 5 99
97 35 13 150
97 35 15 100
97 35 18 148
97 35 20 99
97 35 23 102
97 35 31 150
97 35 41 100
97 35 46 150
97 35 47 100
102 35 5 99
102 35 13 150
102 35 15 100
102 35 18 148
102 35 20 99
102 35 23 108
102 35 31 150
102 35 41 100
102 35 46 150
102 35 47 100
108 35 5 99
108 35 13 150
108 35 15 100
108 35 18 148
108 35 20 99
108 35 23 108
108 35 31 150
108 35 41 100
108 35 46 150
108 35 47 100
121 35 5 99
121 35 13 150
121 35 15 100
121 35 18 148
121 35 20 99
121 35 23 150
121 35 25 99
121 35 31 150
121 35 41 100
121 35 46 150
121 35 47 100
127 35 5 99
127 35 13 150
127 35 15 100
127 35 18 148
127 35 20 99
127 35 23 102
127 35 31 150
127 35 41 100
127 35 46 150
127 35 47 100
138 35 5 99
138 35 13 150
138 35 15 100
138 35 18 148
138 35 20 99
138 35 23 150
138 35 25 99
138 35 31 150
138 35 41 100
138 35 46 150
138 35 47 100
147 10 3 100
147 10 10 150
147 10 11 100
147 10 12 150
147 10 16 99
147 10 30 150
147 10 33 99
147 10 38 150
147 10 40 99
147 10 43 150
147 10 45 100
147 10 47 150
168 35 5 99
168 35 13 150
168 35 15 100
168 35 18 148
168 35 20 99
168 35 23 150
168 35 25 99
168 35 31 150
168 35 41 100
168 35 46 150
168 35 47 100
184 10 3 100
184 10 10 150
184 10 11 100
184 10 12 150
184 10 16 99
184 10 30 150
184 10 33 99
184 10 38 150
184 10 40 99
184 10 43 150
184 10 45 100
184 10 47 150
205 35 5 99
205 35 13 150
205 35 15 100
205 35 18 148
205 35 20 99
205 35 23 150
205 35 25 99
205 35 31 150
205 35 41 100
205 35 46 150
205 35 47 100
233 35 5 99
233 35 13 150
233 35 15 100
233 35 18 148
233 35 20 99
233 35 23 150
233 35 25 99
233 35 31 150
233 35 41 100
233 35 46 150
233 35 47 100
243 10 3 100
243 10 10 150
243 10 11 100
243 10 12 150
243 10 16 99
243 10 30 150
243 10 33 99
243 10 38 150
243 10 40 99
243 10 43 150
243 10 45 100
243 10 47 150
247 10 3 100
247 10 10 150
247 10 11 100
247 10 12 150
247 10 16 99
247 10 30 150
247 10 33 99
247 10 38 150
247 10 40 99
247 10 43 150
247 10 45 100
247 10 47 150
252 28 1 100
252 28 10 150
252 28 13 100
252 28 14 150
252 28 18 99
252 28 24 148
252 28 27 100
252 28 34 150
252 28 36 100
252 28 40 150
252 28 48 99
253 28 1 100
253 28 10 150
253 28 13 100
253 28 14 150
253 28 18 99
253 28 24 148
253 28 27 100
253 28 34 150
253 28 36 100
253 28 40 150
253 28 48 99
260 28 1 100
260 28 10 150
260 28 13 100
260 28 14 150
260 28 18 99
260 28 24 148
260 28 27 100
260 28 34 150
260 28 36 100
260 28 40 150
260 28 48 99
263 28 1 100
263 28 10 150
263 28 13 100
263 28 14 150
263 28 18 99
263 28 24 148
263 28 27 100
263 28 34 150
263 28 36 100
263 28 40 150
263 28 48 99
264 28 1 100
264 28 10 150
264 28 13 100
264 28 14 150
264 28 18 99
264 28 24 148
264 28 27 100
264 28 34 66
264 28 40 150
264 28 48 99
286 35 5 99
286 35 13 150
286 35 15 100
286 35 18 148
286 35 20 99
286 35 23 150
286 35 25 99
286 35 31 150
286 35 41 100
286 35 46 150
286 35 47 100
286 28 1 100
286 28 10 90
286 28 14 150
286 28 18 99
286 28 24 148
286 28 27 100
286 28 34 150
286 28 36 100
286 28 40 150
286 28 48 99
317 35 5 99
317 35 13 150
317 35 15 100
317 35 18 148
317 35 20 99
317 35 23 150
317 35 25 99
317 35 31 150
317 35 41 100
317 35 46 150
317 35 47 100
319 10 3 100
319 10 10 150
319 10 11 100
319 10 12 150
319 10 16 99
319 10 30 150
319 10 33 99
319 10 38 150
319 10 40 99
319 10 43 150
319 10 45 100
319 10 47 150
392 28 1 100
392 28 10 150
392 28 13 100
392 28 14 150
392 28 18 99
392 28 24 148
392 28 27 100
392 28 34 150
392 28 36 100
392 28 40 150
392 28 48 99
402 35 5 99
402 35 13 150
402 35 15 100
402 35 18 148
402 35 20 99
402 35 23 150
402 35 25 99
402 35 31 150
402 35 41 100
402 35 46 150
402 35 47 100
453 28 1 100
453 28 10 150
453 28 13 100
453 28 14 150
453 28 18 99
453 28 24 148
453 28 27 100
453 28 34 150
453 28 36 100
453 28 40 150
453 28 48 99
457 35 5 99
457 35 13 150
457 35 15 100
457 35 18 148
457 35 20 99
457 35 23 150
457 35 25 99
457 35 31 150
457 35 41 100
457 35 46 150
457 35 47 100
458 28 1 100
458 28 10 150
458 28 13 100
458 28 14 150
458 28 18 99
458 28 24 148
458 28 27 100
458 28 34 150
458 28 36 100
458 28 40 150
458 28 48 99
470 35 5 99
470 35 13 150
470 35 15 100
470 35 18 148
470 35 20 99
470 35 23 150
470 35 25 99
470 35 31 150
470 35 41 100
470 35 46 150
470 35 47 100
485 10 3 100
485 10 10 150
485 10 11 100
485 10 12 150
485 10 16 99
485 10 30 150
485 10 33 99
485 10 38 150
485 10 40 99
485 10 43 150
485 10 45 100
485 10 47 150
493 35 5 99
493 35 13 150
493 35 15 100
493 35 18 148
493 35 20 99
493 35 23 150
493 35 25 99
493 35 31 150
493 35 41 100
493 35 46 150
493 35 47 100
516 19 0 99
516 19 1 148
516 19 11 100
516 19 19 150
516 19 23 100
516 19 25 148
516 19 33 99
516 19 34 150
516 19 36 100
516 19 40 150
517 35 5 99
517 35 13 150
517 35 15 100
517 35 18 148
517 35 20 99
517 35 23 150
517 35 25 99
517 35 31 150
517 35 41 100
517 35 46 150
517 35 47 100
522 35 5 99
522 35 13 150
522 35 15 100
522 35 18 148
522 35 20 99
522 35 23 150
522 35 25 99
522 35 31 150
522 35 41 100
522 35 46 150
522 35 47 100
522 19 0 99
522 19 1 148
522 19 11 100
522 19 19 150
522 19 23 100
522 19 25 148
522 19 33 99
522 19 34 150
522 19 36 100
522 19 40 150
534 35 5 99
534 35 13 150
534 35 15 100
534 35 18 148
534 35 20 99
534 35 23 150
534 35 25 99
534 35 31 150
534 35 41 100
534 35 46 150
534 35 47 100
555 35 5 99
555 35 13 150
555 35 15 100
555 35 18 148
555 35 20 99
555 35 23 150
555 35 25 99
555 35 31 150
555 35 41 100
555 35 46 150
555 35 47 100
556 19 0 99
556 19 1 148
556 19 11 100
556 19 19 150
556 19 23 100
556 19 25 148
556 19 33 99
556 19 34 150
556 19 36 100
556 19 40 150
559 19 0 99
559 19 1 148
559 19 11 100
559 19 19 150
559 19 23 100
559 19 25 148
559 19 33 99
559 19 34 150
559 19 36 100
559 19 40 150
565 35 5 99
565 35 13 150
565 35 15 100
565 35 18 148
565 35 20 99
565 35 23 150
565 35 25 99
565 35 31 150
565 35 41 100
565 35 46 150
565 35 47 100
570 35 5 99
570 35 13 150
570 35 15 100
570 35 18 148
570 35 20 99
570 35 23 150
570 35 25 99
570 35 31 150
570 35 41 100
570 35 46 150
570 35 47 100
575 10 3 100
575 10 10 150
575 10 11 100
575 10 12 150
575 10 16 99
575 10 30 150
575 10 33 99
575 10 38 150
575 10 40 99
575 10 43 150
575 10 45 100
575 10 47 150
578 35 5 99
578 35 13 150
578 35 15 100
578 35 18 148
578 35 20 99
578 35 23 150
578 35 25 99
578 35 31 150
578 35 41 100
578 35 46 150
578 35 47 100
597 10 3 100
597 10 10 150
597 10 11 100
597 10 12 150
597 10 16 99
597 10 30 150
597 10 33 99
597 10 38 150
597 10 40 99
597 10 43 150
597 10 45 100
597 10 47 150
598 35 5 99
598 35 13 150
598 35 15 100
598 35 18 148
598 35 20 99
598 35 23 150
598 35 25 99
598 35 31 150
598 35 41 100
598 35 46 150
598 35 47 100
601 28 1 100
601 28 10 150
601 28 13 100
601 28 14 150
601 28 18 99
601 28 24 148
601 28 27 100
601 28 34 150
601 28 36 100
601 28 40 150
601 28 48 99
609 19 0 99
609 19 1 148
609 19 11 100
609 19 19 150
609 19 23 100
609 19 25 148
609 19 33 99
609 19 34 150
609 19 36 100
609 19 40 150
614 10 3 100
614 10 10 150
614 10 11 100
614 10 12 150
614 10 16 99
614 10 30 150
614 10 33 99
614 10 38 150
614 10 40 99
614 10 43 150
614 10 45 100
614 10 47 150
615 19 0 99
615 19 1 148
615 19 11 100
615 19 19 150
615 19 23 100
615 19 25 148
615 19 33 99
615 19 34 150
615 19 36 100
615 19 40 150
621 35 5 99
621 35 13 150
621 35 15 100
621 35 18 148
621 35 20 99
621 35 23 150
621 35 25 99
621 35 31 150
621 35 41 100
621 35 46 150
621 35 47 100
637 35 5 99
637 35 13 150
637 35 15 100
637 35 18 148
637 35 20 99
637 35 23 150
637 35 25 99
637 35 31 150
637 35 41 100
637 35 46 150
637 35 47 100
653 35 5 99
653 35 13 150
653 35 15 100
653 35 18 148
653 35 20 99
653 35 23 150
653 35 25 99
653 35 31 150
653 35 41 100
653 35 46 150
653 35 47 100
665 19 0 99
665 19 1 148
665 19 11 100
665 19 19 150
665 19 23 100
665 19 25 148
665 19 33 99
665 19 34 150
665 19 36 100
665 19 40 150
669 19 0 99
669 19 1 148
669 19 11 100
669 19 19 150
669 19 23 100
669 19 25 148
669 19 33 99
669 19 34 150
669 19 36 100
669 19 40 150
684 35 5 99
684 35 13 150
684 35 15 100
684 35 18 148
684 35 20 99
684 35 23 150
684 35 25 99
684 35 31 150
684 35 41 100
684 35 46 150
684 35 47 100
686 35 5 99
686 35 13 150
686 35 15 100
686 35 18 148
686 35 20 99
686 35 23 150
686 35 25 99
686 35 31 150
686 35 41 100
686 35 46 150
686 35 47 100
692 26 3 99
692 26 5 100
692 26 19 12
692 26 35 126
692 26 43 99
692 26 49 80
692 47 11 100
692 47 18 150
692 47 19 2
692 47 45 150
692 34 1 99
692 34 18 99
692 34 24 150
692 34 36 148
692 34 42 9
692 4 1 150
692 4 5 100
692 4 6 150
692 4 9 80
692 4 18 99
692 4 24 150
692 4 27 64
692 4 34 150
692 4 45 99
692 21 0 99
692 21 15 148
692 21 23 100
692 21 24 150
692 21 30 99
692 49 7 64
692 49 16 148
692 49 20 150
692 49 31 150
692 49 38 137
692 36 18 150
692 36 36 148
692 36 43 100
692 42 10 99
692 42 14 150
692 42 20 150
692 42 21 99
692 42 23 150
692 42 36 150
692 42 47 150
692 16 13 100
692 16 14 148
692 16 18 150
692 16 21 100
692 16 33 100
692 16 45 150
692 15 1 100
692 15 7 2
692 15 11 150
692 15 12 100
692 15 16 150
692 15 18 100
692 15 23 150
692 15 28 72
692 48 6 99
692 48 23 148
692 48 24 100
692 48 36 148
692 14 5 150
692 14 11 100
692 14 33 150
692 14 36 100
692 14 43 150
692 27 1 99
692 27 3 100
692 27 6 150
692 27 12 100
692 27 16 150
692 27 20 99
692 27 21 150
692 27 34 150
692 27 40 100
692 27 47 150
692 20 5 100
692 20 6 150
692 20 10 100
692 20 15 150
692 20 18 100
692 20 24 148
692 20 25 100
692 20 33 150
692 20 46 148
692 20 48 100
692 43 8 100
692 43 12 150
692 43 18 99
692 43 30 148
692 43 34 100
692 43 45 100
692 18 3 100
692 18 11 99
692 18 12 150
692 18 14 99
692 18 20 100
692 18 23 150
692 18 40 150
692 18 47 150
693 3 8 140
693 3 12 100
693 3 23 100
693 3 34 100
693 3 45 150
693 14 5 150
693 14 11 100
693 14 33 150
693 14 36 100
693 14 43 150
693 35 5 99
693 35 13 150
693 35 15 100
693 35 18 148
693 35 20 99
693 35 23 150
693 35 25 99
693 35 31 150
693 35 41 78
693 35 47 100
693 2 1 100
693 2 10 100
693 2 13 150
693 2 16 100
693 2 21 150
693 2 34 99
693 1 6 100
693 1 11 148
693 1 12 100
693 1 23 100
693 1 30 150
693 1 33 100
693 1 36 150
693 1 43 89
693 30 13 150
693 30 14 100
693 30 23 99
693 30 25 150
693 30 33 148
693 30 40 99
693 30 45 150
693 30 47 99
693 31 0 99
693 31 6 100
693 31 14 100
693 31 20 148
693 31 24 148
693 31 30 99
693 31 33 100
693 31 40 150
693 31 47 148
693 31 48 100
693 41 6 100
693 41 12 100
693 41 16 150
693 41 25 150
693 41 33 100
693 41 36 150
693 41 45 100
693 13 0 100
693 13 3 99
693 13 5 150
693 13 11 150
693 13 13 100
693 13 16 150
693 13 18 100
693 13 20 100
693 13 24 148
693 13 25 100
693 13 30 150
693 13 33 100
693 13 36 150
693 13 45 100
693 33 1 99
693 33 3 150
693 33 14 150
693 33 45 92
693 24 13 150
693 24 18 150
693 24 21 148
693 24 23 99
693 24 24 150
693 24 40 99
693 24 46 150
693 24 48 99
693 39 11 148
693 39 20 100
693 39 45 3
693 21 15 148
693 21 23 100
693 21 24 150
693 21 30 99
693 28 1 100
693 28 10 150
693 28 13 100
693 28 14 150
693 28 18 99
693 28 24 148
693 28 34 150
693 28 36 100
693 28 40 150
693 28 48 99
693 34 1 99
693 34 18 99
693 34 24 150
693 34 36 148
693 29 1 100
693 29 6 150
693 29 15 100
693 29 18 100
693 29 21 150
693 29 30 100
693 29 31 150
694 28 1 100
694 28 10 150
694 28 13 100
694 28 14 150
694 28 18 99
694 28 24 148
694 28 34 150
694 28 36 100
694 28 40 150
694 28 48 99
694 11 1 100
694 11 5 148
694 11 12 150
694 11 14 100
694 11 15 150
694 11 24 148
694 11 36 148
694 11 47 150
694 0 0 100
694 0 1 148
694 0 6 99
694 0 11 100
694 0 12 150
694 0 14 100
694 0 20 150
694 0 23 100
694 0 47 100
694 5 3 100
694 5 14 150
694 5 20 100
694 5 33 148
694 5 45 8
694 5 48 100
694 43 12 150
694 43 18 99
694 43 30 148
694 43 34 100
694 12 3 100
694 12 6 100
694 12 13 150
694 12 15 100
694 12 16 150
694 12 21 100
694 12 25 150
694 12 30 100
694 12 36 100
694 12 48 150
694 35 5 99
694 35 13 150
694 35 15 100
694 35 18 148
694 35 20 99
694 35 23 150
694 35 25 99
694 35 31 150
694 35 46 150
694 35 47 100
694 24 12 100
694 24 13 150
694 24 18 150
694 24 21 148
694 24 23 99
694 24 24 150
694 24 40 99
694 24 46 150
694 24 48 99
694 21 0 99
694 21 15 148
694 21 23 100
694 21 24 150
694 21 30 99
694 30 11 99
694 30 13 150
694 30 14 100
694 30 23 99
694 30 25 150
694 30 33 148
694 30 40 99
694 30 47 99
694 39 11 148
694 39 20 100
694 29 1 100
694 29 6 150
694 29 15 100
694 29 18 100
694 29 21 150
694 29 30 100
694 29 31 150
694 27 1 99
694 27 3 100
694 27 6 150
694 27 12 100
694 27 16 150
694 27 20 99
694 27 21 150
694 27 34 150
694 27 40 100
694 27 47 150
694 8 1 100
694 8 13 100
694 8 14 148
694 8 15 99
694 8 21 150
694 8 24 99
694 8 34 100
694 8 36 100
694 31 0 99
694 31 6 60
694 31 20 148
694 31 24 148
694 31 30 99
694 31 33 100
694 31 40 150
694 31 47 148
694 31 48 100
694 44 3 100
694 44 5 150
694 44 12 100
694 44 15 150
694 44 21 150
694 44 47 100
695 3 10 150
695 3 12 100
695 3 23 100
695 3 34 100
695 3 45 6
695 2 10 100
695 2 13 150
695 2 16 100
695 2 21 131
695 10 3 100
695 10 10 150
695 10 11 100
695 10 12 150
695 10 16 99
695 10 30 150
695 10 33 99
695 10 40 99
695 10 45 2
695 20 5 100
695 20 6 22
695 20 15 150
695 20 18 100
695 20 24 148
695 20 25 100
695 20 33 150
695 20 46 148
695 20 48 100
695 15 1 100
695 15 10 100
695 15 11 150
695 15 12 100
695 15 16 150
695 15 18 100
695 15 23 150
695 7 1 100
695 7 3 150
695 7 14 150
695 7 18 150
695 7 23 150
695 7 31 150
695 7 34 100
695 7 48 99
695 47 1 100
695 47 11 100
695 47 18 150
695 47 34 99
695 31 0 99
695 31 14 100
695 31 20 148
695 31 24 148
695 31 30 99
695 31 33 100
695 31 40 150
695 31 47 148
695 31 48 100
695 6 3 99
695 6 16 99
695 6 20 148
695 6 31 150
695 6 36 99
695 43 12 150
695 43 18 99
695 43 30 148
695 43 34 100
695 38 0 99
695 38 3 150
695 38 5 99
695 38 15 150
695 38 40 100
695 38 47 148
695 45 3 150
695 45 11 100
695 45 25 99
695 45 30 100
695 45 31 150
695 45 34 150
695 42 10 99
695 42 14 150
695 42 20 150
695 42 23 150
695 42 36 150
695 42 47 150
695 5 3 100
695 5 14 150
695 5 20 100
695 5 33 148
695 5 46 148
695 5 48 100
695 24 12 100
695 24 13 150
695 24 18 150
695 24 23 99
695 24 24 150
695 24 40 99
695 24 46 150
695 24 48 99
695 19 0 99
695 19 1 148
695 19 11 100
695 19 23 100
695 19 25 148
695 19 33 99
695 19 34 150
695 19 36 100
695 19 40 150
696 39 11 148
696 39 20 100
696 39 45 8
696 46 13 150
696 46 18 99
696 46 36 150
696 46 40 150
696 40 0 99
696 40 1 150
696 40 5 100
696 40 16 100
696 40 18 150
696 40 30 99
696 40 33 148
696 40 40 100
696 44 3 100
696 44 5 150
696 44 12 100
696 44 15 150
696 44 47 100
696 10 3 100
696 10 10 150
696 10 11 100
696 10 12 150
696 10 16 99
696 10 30 150
696 10 33 99
696 10 40 99
696 10 47 150
696 20 5 100
696 20 10 100
696 20 15 150
696 20 18 100
696 20 24 148
696 20 25 100
696 20 32 40
696 20 46 148
696 20 48 100
696 43 12 150
696 43 18 99
696 43 30 148
696 43 34 100
696 4 0 100
696 4 1 150
696 4 5 100
696 4 11 150
696 4 18 99
696 4 24 122
696 4 34 150
696 28 1 100
696 28 10 92
696 28 14 150
696 28 18 99
696 28 34 150
696 28 36 100
696 28 40 150
696 28 48 36
696 27 3 100
696 27 12 100
696 27 16 150
696 27 20 99
696 27 32 2
696 27 40 100
696 27 47 150
696 37 5 100
696 37 11 148
696 37 13 100
696 37 16 148
696 37 36 150
696 14 5 150
696 14 11 100
696 14 33 150
696 14 36 100
696 26 3 99
696 26 5 100
696 26 25 100
696 26 40 150
696 18 3 100
696 18 11 99
696 18 12 150
696 18 14 15
696 18 23 150
696 18 40 150
696 18 47 150
696 45 3 150
696 45 11 100
696 45 25 99
696 45 30 100
696 45 31 150
696 45 34 16
696 31 20 148
696 31 30 99
696 31 33 100
696 31 40 150
696 31 47 148
697 38 0 99
697 38 3 150
697 38 5 99
697 38 15 150
697 38 40 100
697 38 47 148
697 37 5 100
697 37 11 148
697 37 13 100
697 37 16 148
697 37 36 150
697 0 0 100
697 0 1 148
697 0 11 100
697 0 12 150
697 0 14 20
697 0 23 100
697 0 47 100
697 18 3 100
697 18 11 99
697 18 12 150
697 18 20 100
697 18 23 150
697 18 40 150
697 18 47 150
697 41 12 100
697 41 16 150
697 41 25 150
697 41 33 100
697 41 36 150
697 41 45 8
697 24 13 150
697 24 18 150
697 24 23 99
697 24 40 99
697 24 46 150
697 21 0 99
697 21 15 148
697 21 23 100
697 21 30 99
697 8 1 100
697 8 13 100
697 8 15 99
697 8 36 100
697 4 0 100
697 4 1 150
697 4 5 100
697 4 11 150
697 4 18 99
697 4 30 100
697 9 13 150
697 9 15 100
697 9 16 150
697 9 20 148
697 9 30 150
697 9 40 148
697 9 47 99
697 23 11 100
697 23 12 150
697 23 13 99
697 23 20 100
697 23 31 150
697 23 46 148
697 6 3 99
697 6 16 99
697 6 20 148
697 6 31 150
697 6 36 99
697 36 11 100
697 36 18 150
697 36 36 148
697 14 5 150
697 14 11 100
697 14 33 150
697 14 36 100
697 42 20 150
697 42 23 150
697 42 36 150
697 42 47 150
697 45 3 150
697 45 11 100
697 45 25 99
697 45 30 100
697 45 31 150
698 37 5 100
698 37 11 148
698 37 13 100
698 37 16 148
698 37 36 150
698 37 48 8
698 16 18 150
698 16 33 100
698 16 45 8
698 11 5 148
698 11 12 150
698 11 15 150
698 11 36 148
698 11 47 150
698 38 0 99
698 38 3 150
698 38 5 99
698 38 15 150
698 38 40 100
698 38 47 148
698 6 3 99
698 6 16 99
698 6 20 148
698 6 31 150
698 6 36 99
698 14 5 150
698 14 11 100
698 14 33 150
698 14 36 100
698 32 0 100
698 32 5 150
698 32 13 100
698 32 18 150
698 32 35 2
698 32 40 150
698 32 46 100
698 32 47 150
698 8 1 100
698 8 13 100
698 8 15 99
698 8 35 1
698 44 3 100
698 44 5 150
698 44 12 100
698 44 15 150
698 44 47 100
698 34 1 99
698 34 18 99
698 34 36 148
698 21 0 99
698 21 15 148
698 21 23 100
698 21 30 99
698 31 0 99
698 31 20 148
698 31 30 99
698 31 33 100
698 31 40 150
698 31 47 148
698 4 0 100
698 4 1 79
698 4 11 150
698 4 18 99
698 4 30 100
698 48 23 148
698 48 36 148
698 1 11 148
698 1 12 100
698 1 23 100
698 1 30 150
698 1 33 100
698 1 36 150
698 9 13 150
698 9 15 100
698 9 16 150
698 9 20 148
698 9 30 150
698 9 40 148
698 9 47 99
699 14 5 150
699 14 11 100
699 14 33 150
699 14 36 100
699 44 3 100
699 44 5 150
699 44 8 3
699 44 15 150
699 44 47 100
699 27 1 18
699 27 12 100
699 27 16 150
699 27 20 99
699 27 40 100
699 27 47 150
699 16 13 100
699 16 18 150
699 16 33 100
699 7 1 1
699 7 18 150
699 7 23 150
699 7 31 150
699 19 0 99
699 19 11 100
699 19 23 100
699 19 25 148
699 19 33 99
699 19 36 100
699 19 40 150
699 24 12 100
699 24 13 150
699 24 18 150
699 24 23 99
699 24 40 99
699 24 46 150
699 22 8 1
699 22 20 150
699 22 23 100
699 22 33 100
699 22 36 99
699 40 0 99
699 40 5 100
699 40 16 100
699 40 18 150
699 40 30 99
699 40 33 148
699 40 40 100
699 17 12 100
699 17 13 148
699 17 36 150
699 17 40 150
699 15 11 150
699 15 12 100
699 15 16 150
699 15 18 100
699 15 23 150
699 23 11 100
699 23 12 150
699 23 13 99
699 23 20 100
699 23 31 150
699 23 46 148
699 25 3 150
699 25 16 100
699 25 30 99
699 25 31 112
699 21 15 148
699 21 23 100
699 21 30 99
699 45 3 150
699 45 11 100
699 45 25 99
699 45 30 100
699 45 31 2
699 46 13 150
699 46 18 99
699 46 36 150
699 46 40 150
700 33 3 150
700 33 8 4
700 37 11 148
700 37 13 100
700 37 16 148
700 37 36 150
700 37 48 12
700 30 13 150
700 30 23 99
700 30 25 150
700 30 33 148
700 30 40 99
700 30 47 99
700 27 3 100
700 27 12 100
700 27 16 150
700 27 20 99
700 27 40 100
700 27 47 150
700 0 0 100
700 0 11 100
700 0 12 150
700 0 20 150
700 0 23 100
700 0 47 100
700 19 0 99
700 19 11 100
700 19 23 100
700 19 25 148
700 19 33 99
700 19 36 100
700 19 40 150
700 1 11 148
700 1 12 100
700 1 23 100
700 1 30 150
700 1 33 100
700 1 36 150
700 24 12 100
700 24 13 150
700 24 18 150
700 24 23 99
700 24 40 99
700 24 46 150
700 17 12 100
700 17 13 148
700 17 36 22
700 12 3 100
700 12 13 150
700 12 15 100
700 12 16 150
700 12 25 150
700 12 30 33
700 7 18 150
700 7 23 150
700 11 5 148
700 11 12 150
700 11 15 150
700 11 47 150
700 35 5 99
700 35 13 150
700 35 15 100
700 35 18 148
700 35 20 99
700 35 23 150
700 35 25 99
700 35 41 38
700 35 47 100
700 44 3 100
700 44 5 150
700 44 12 100
700 44 15 150
700 44 47 96
700 43 18 99
700 13 0 100
700 13 3 99
700 13 5 150
700 13 11 150
700 13 13 100
700 13 16 150
700 13 18 100
700 13 20 100
700 13 25 100
700 13 33 100
701 47 1 18
701 47 18 150
701 47 45 8
701 40 16 100
701 40 18 150
701 40 33 148
701 40 40 100
701 19 11 100
701 19 23 100
701 19 25 148
701 19 33 99
701 19 40 134
701 38 5 99
701 38 15 150
701 14 5 150
701 14 11 100
701 14 17 150
701 14 33 150
701 16 13 100
701 16 17 100
701 16 18 150
701 16 33 100
701 24 12 100
701 24 13 150
701 24 17 88
701 24 23 99
701 24 46 150
701 24 48 9
701 46 18 99
701 32 0 2
701 32 13 100
701 32 17 2
701 32 46 100
701 33 3 150
701 2 13 150
701 2 16 100
701 20 5 100
701 20 15 150
701 20 18 100
701 20 25 100
701 20 33 150
701 20 46 148
701 25 1 1
701 25 16 100
701 21 15 148
701 21 23 100
701 23 11 100
701 23 12 2
701 23 20 100
701 23 46 148
701 27 3 100
701 27 16 150
701 27 20 99
702 43 18 99
702 22 11 99
702 22 20 150
702 22 23 100
702 22 33 100
702 22 36 69
702 26 5 100
702 26 25 100
702 26 40 60
702 4 6 18
702 4 18 99
702 10 3 100
702 10 11 100
702 10 16 3
702 33 3 150
702 14 5 150
702 14 11 100
702 14 33 150
702 14 36 1
702 41 33 100
702 41 41 20
702 11 15 150
702 45 3 150
702 45 11 100
702 45 25 99
702 45 31 18
702 0 11 100
702 0 20 150
702 0 23 100
702 15 11 150
702 15 16 1
702 15 23 150
702 30 11 99
702 30 13 150
702 30 23 99
702 30 25 150
702 30 33 148
702 27 3 100
702 27 20 99
702 44 3 100
702 44 5 150
702 44 15 150
703 9 13 150
703 9 15 100
703 9 16 20
703 9 40 60
703 42 23 150
703 44 3 100
703 44 5 150
703 44 15 150
703 48 23 148
703 12 3 100
703 12 7 10
703 12 15 100
703 12 25 150
703 12 48 11
703 38 3 150
703 38 5 99
703 38 7 1
703 15 1 16
703 15 18 100
703 15 23 150
703 22 11 99
703 22 20 150
703 22 23 100
703 22 33 100
703 8 1 2
703 8 15 99
703 25 1 1
703 7 3 128
703 7 23 150
703 6 20 148
703 31 20 148
703 31 33 100
703 36 11 100
703 36 18 150
703 29 15 100
703 29 18 100
704 31 20 148
704 31 30 15
704 15 11 26
704 15 23 150
704 15 35 3
704 41 33 100
704 4 5 100
704 4 18 99
704 46 13 150
704 46 18 99
704 37 5 100
704 37 13 100
704 13 5 150
704 13 13 100
704 13 18 100
704 13 20 100
704 13 25 100
704 13 30 2
704 17 13 148
704 19 23 100
704 19 25 148
704 19 33 99
704 48 23 148
704 11 5 148
704 11 15 150
704 2 13 150
704 30 13 150
704 30 23 99
704 30 25 150
704 30 33 148
704 38 5 99
704 38 15 150
704 20 5 100
704 20 15 150
704 20 18 100
704 20 25 100
704 20 33 150
704 20 46 148
704 10 33 99
705 2 13 150
705 6 20 148
705 6 31 18
705 32 6 20
705 32 18 150
705 32 40 60
705 44 5 150
705 44 15 150
705 44 45 8
705 49 20 150
705 18 20 100
705 18 23 150
705 18 47 1
705 21 23 100
705 26 5 100
705 26 25 100
705 27 20 99
705 9 13 150
705 9 15 100
705 9 20 148
705 9 30 2
705 14 33 150
705 48 23 148
705 38 5 99
705 38 15 150
705 24 13 150
705 24 18 150
705 24 23 99
705 24 46 150
706 19 1 16
706 19 25 148
706 19 33 99
706 16 13 100
706 16 18 150
706 16 33 100
706 44 5 150
706 44 8 3
706 17 13 148
706 34 1 3
706 29 15 100
706 29 18 100
706 29 31 18
706 41 25 150
706 41 33 100
706 24 13 150
706 24 18 150
706 24 23 99
706 24 46 150
706 24 48 9
706 0 23 100
706 18 20 100
706 18 23 150
706 8 13 100
706 8 15 99
706 9 13 150
706 9 15 100
706 9 20 148
706 7 18 150
706 7 23 150
706 48 23 148
707 29 1 18
707 29 18 100
707 29 45 8
707 38 15 150
707 8 13 100
707 8 15 99
707 8 24 12
707 12 15 100
707 12 25 150
707 12 48 1
707 9 15 100
707 9 20 148
707 23 11 80
707 23 20 100
707 23 46 148
707 40 5 100
707 40 18 150
707 40 33 148
707 21 15 148
707 21 23 100
707 28 1 1
707 28 18 99
707 27 20 99
707 19 23 100
707 19 25 148
707 19 33 99
707 2 13 150
707 30 13 150
707 30 23 99
707 30 25 150
707 30 33 148
707 10 33 99
707 6 20 148
707 45 25 99
708 28 13 100
708 28 18 99
708 28 40 60
708 30 13 150
708 30 23 99
708 30 25 150
708 30 33 148
708 30 45 8
708 18 23 150
708 47 18 150
708 36 18 150
708 12 13 15
708 12 16 18
708 12 30 17
708 4 18 99
708 45 25 99
708 14 5 150
708 14 33 150
708 10 33 99
708 23 20 100
708 23 46 148
708 42 20 150
708 42 23 150
708 35 5 99
708 35 15 100
708 35 18 148
708 35 20 99
708 35 23 150
708 35 25 99
708 35 46 98
709 14 11 16
709 48 23 148
709 39 20 100
709 39 41 20
709 47 18 150
709 35 5 99
709 35 15 100
709 35 18 148
709 35 20 99
709 35 23 150
709 35 25 99
709 35 31 18
709 30 25 150
709 30 33 148
709 45 25 99
709 45 30 16
709 26 25 100
709 11 5 148
709 11 15 150
709 3 8 1
709 3 23 100
709 0 20 150
709 0 23 12
709 32 5 150
709 32 13 1
709 41 25 150
709 41 33 100
709 21 15 148
710 6 20 148
710 6 31 18
710 37 11 16
710 30 33 148
710 30 45 8
710 44 15 150
710 11 5 148
710 11 15 150
710 8 15 99
710 19 0 93
710 19 33 99
710 34 18 99
710 3 10 30
710 26 25 100
710 10 30 18
710 46 18 99
710 24 18 150
710 24 46 15
710 14 33 150
711 11 1 16
711 11 15 45
711 19 33 99
711 19 40 60
711 40 18 150
711 40 33 148
711 35 5 99
711 35 18 148
711 35 20 99
711 35 25 99
711 35 31 18
711 27 16 2
711 32 0 2
711 32 18 150
711 38 5 99
711 30 25 150
711 30 33 148
711 34 18 99
711 49 20 150
711 22 20 150
711 22 33 100
711 1 33 100
712 38 5 99
712 38 19 99
712 7 1 19
712 7 23 36
712 23 46 16
712 36 19 99
712 8 24 12
712 44 5 150
712 47 18 150
712 47 19 96
712 26 25 100
712 4 5 100
712 4 18 99
712 31 20 148
712 31 33 100
712 27 20 99
712 16 18 150
712 16 33 100
712 12 25 150
712 32 5 150
712 32 18 150
713 1 8 4
713 1 36 70
713 11 24 12
713 30 25 150
713 30 33 148
713 23 20 100
713 23 46 12
713 16 18 150
713 34 18 99
713 10 16 18
713 19 25 148
713 0 20 150
713 4 5 100
713 4 18 99
713 47 18 150
713 32 5 150
713 32 18 150
713 32 41 20
714 49 31 18
714 25 1 3
714 31 41 20
714 7 18 150
714 27 20 99
714 4 5 100
714 4 18 99
714 42 20 150
714 42 36 70
714 45 25 99
714 6 20 148
714 11 5 108
715 8 1 18
715 22 33 1
715 29 18 100
715 23 12 90
715 23 46 32
715 4 1 1
715 34 18 99
715 26 25 100
715 24 12 1
715 5 20 100
715 5 48 2
716 43 45 8
716 7 23 36
716 18 3 1
716 18 40 60
716 31 0 93
716 16 18 150
716 28 18 99
716 32 0 2
716 32 46 16
717 36 36 68
717 19 36 2
717 29 30 16
717 20 24 12
717 20 46 12
717 40 18 150
717 24 18 150
717 24 46 3
718 36 11 16
718 39 20 16
718 34 18 99
718 30 23 36
718 2 21 1
719 39 20 12
719 20 25 100
719 0 0 95
719 32 36 2
719 2 1 2
719 28 1 1
719 15 18 100
720 10 11 16
720 45 31 18
720 32 46 12
720 29 18 100
720 26 25 100
720 40 18 150
721 32 0 95
721 32 35 2
721 46 18 99
721 47 18 150
721 13 18 100
721 13 20 2
721 24 18 150
721 15 18 100
721 34 18 99
721 16 18 150
722 33 1 18
722 5 20 12
722 24 24 12
722 32 36 2
722 30 25 150
722 34 18 99
722 35 18 148
722 35 25 99
723 47 1 20
723 34 18 99
723 8 15 54
723 20 18 100
723 20 25 100
723 20 46 16
723 43 18 99
723 22 20 14
723 36 18 150
723 45 25 99
723 7 18 150
723 15 16 20
724 1 8 4
724 29 18 100
724 29 31 18
724 35 25 99
724 35 46 14
724 25 1 1
725 33 1 18
725 35 18 148
725 35 20 12
725 35 41 20
725 24 18 150
725 47 18 150
725 46 18 99
725 30 25 150
725 22 20 2
726 43 45 8
726 7 18 150
726 7 48 9
726 12 48 1
726 40 18 150
726 0 20 12
726 20 18 100
726 20 25 100
726 20 46 12
727 20 24 12
727 20 46 16
727 19 36 70
727 15 18 100
727 47 18 150
727 24 18 150
727 36 18 150
727 40 18 150
727 27 20 15
728 20 25 100
728 37 11 64
728 12 30 2
728 41 41 20
728 35 18 148
728 35 20 3
728 35 31 2
728 16 18 150
729 11 14 20
729 30 45 8
729 13 20 2
729 13 30 2
729 20 18 100
729 20 25 100
729 20 46 16
729 26 25 100
730 2 1 18
730 40 8 3
730 40 45 6
730 24 18 150
730 24 46 15
730 14 36 70
730 20 6 20
730 20 25 100
730 12 25 150
730 29 18 100
730 29 31 2
731 7 18 150
731 7 23 36
731 20 18 100
731 20 24 12
731 20 46 12
731 4 5 44
731 43 18 99
731 32 18 150
731 13 18 100
731 13 20 2
731 29 18 100
732 35 5 99
732 35 18 148
732 35 20 12
732 35 31 18
732 33 1 18
732 11 5 44
732 29 18 100
732 36 18 150
732 36 35 2
732 30 25 150
732 30 47 99
732 0 0 2
732 2 35 1
732 28 18 99
733 47 1 18
733 43 18 99
733 4 1 1
733 4 27 76
733 41 36 70
733 29 31 18
733 23 20 16
733 12 25 150
733 12 48 10
733 20 25 100
733 32 5 1
733 32 47 3
734 43 30 16
734 29 31 18
734 4 24 12
734 24 23 36
734 35 18 136
735 13 20 16
736 14 33 150
736 6 3 39
736 22 20 2
736 25 3 1
737 32 18 110
737 22 17 92
739 0 6 18
741 41 38 32
741 20 25 2
743 49 31 18
743 41 19 92
747 13 20 3
747 13 30 2
747 21 15 52
747 5 46 12
748 44 8 3
748 20 33 1
749 40 18 110
749 0 11 16
750 13 20 2
752 49 8 4
752 41 6 20
752 5 33 148
752 5 46 16
753 47 19 100
753 24 19 93
755 20 46 16
760 25 1 1
761 13 20 14
761 3 23 36
762 35 46 2
768 37 21 16
768 7 18 108
768 8 13 100
768 28 13 100
768 13 13 24
769 20 32 40
769 45 31 18
770 20 46 16
773 20 46 12
774 47 1 18
774 1 23 36
775 14 33 150
775 32 41 18
775 5 48 2
776 42 20 12
776 18 20 2
777 42 47 150
777 31 47 148
777 38 47 104
778 20 46 12
778 9 13 74
783 41 25 121
784 15 23 36
786 29 31 18
787 35 18 108
787 24 48 9
789 0 20 12
789 16 18 10
789 37 16 20
789 24 46 15
790 13 36 2
791 14 36 2
791 29 31 18
795 32 46 12
797 49 31 18
797 23 46 12
799 30 14 20
799 30 40 60
799 17 13 148
799 34 1 18
799 18 20 2
800 6 20 12
801 41 19 100
801 41 25 150
801 41 36 1
807 48 38 33
809 35 31 18
810 38 40 60
811 22 8 4
812 13 20 14
813 37 16 20
813 13 20 2
815 34 24 12
818 35 20 15
818 30 13 74
820 30 23 36
820 24 24 12
821 33 45 8
821 16 33 100
821 1 33 100
821 7 31 18
829 20 48 8
830 3 38 32
830 7 1 1
830 49 38 1
831 36 36 68
831 49 16 20
831 7 34 16
832 32 24 12
832 32 46 12
832 5 20 12
832 25 1 1
832 19 34 150
832 43 34 100
833 30 11 78
833 30 40 60
835 9 15 54
837 37 48 8
839 30 11 15
840 30 25 150
840 41 25 71
841 35 46 16
843 35 46 2
849 45 31 20
850 13 5 144
862 8 13 100
862 13 13 100
862 13 16 20
863 42 23 36
863 46 8 1
864 13 30 2
