46 20 16 100
46 20 18 150
46 20 19 99
46 20 26 148
46 20 27 99
46 20 28 150
46 20 31 100
46 20 39 150
46 20 41 99
46 20 43 150
46 20 46 100
46 20 48 150
51 20 16 100
51 20 18 150
51 20 19 99
51 20 26 148
51 20 27 99
51 20 28 150
51 20 31 100
51 20 39 150
51 20 41 99
51 20 43 150
51 20 46 100
51 20 48 150
64 34 12 100
64 34 13 150
64 34 16 100
64 34 20 148
64 34 25 100
64 34 35 150
64 34 38 99
64 34 46 148
72 34 12 100
72 34 13 150
72 34 16 100
72 34 20 148
72 34 25 100
72 34 35 150
72 34 38 99
72 34 46 148
82 20 16 100
82 20 18 150
82 20 19 99
82 20 26 148
82 20 27 99
82 20 28 150
82 20 31 100
82 20 39 150
82 20 41 99
82 20 43 150
82 20 46 100
82 20 48 150
105 20 16 100
105 20 18 150
105 20 19 99
105 20 26 148
105 20 27 99
105 20 28 150
105 20 31 100
105 20 39 150
105 20 41 99
105 20 43 150
105 20 46 100
105 20 48 150
120 34 12 100
120 34 13 150
120 34 16 100
120 34 20 148
120 34 25 100
120 34 35 150
120 34 38 99
120 34 46 148
130 34 12 100
130 34 13 150
130 34 16 100
130 34 20 148
130 34 25 100
130 34 35 150
130 34 38 99
130 34 46 148
139 20 16 100
139 20 18 150
139 20 19 99
139 20 26 148
139 20 27 99
139 20 28 150
139 20 31 100
139 20 39 150
139 20 41 99
139 20 43 150
139 20 46 100
139 20 48 150
155 34 12 100
155 34 13 150
155 34 16 100
155 34 20 148
155 34 25 100
155 34 35 150
155 34 38 99
155 34 46 148
164 20 16 100
164 20 18 150
164 20 19 99
164 20 26 148
164 20 27 99
164 20 28 150
164 20 31 100
164 20 39 150
164 20 41 99
164 20 43 150
164 20 46 100
164 20 48 150
179 34 12 100
179 34 13 150
179 34 16 100
179 34 20 148
179 34 25 100
179 34 35 150
179 34 38 99
179 34 46 148
194 34 12 100
194 34 13 150
194 34 16 100
194 34 20 148
194 34 25 100
194 34 35 150
194 34 38 99
194 34 46 148
206 20 16 100
206 20 18 150
206 20 19 99
206 20 26 148
206 20 27 99
206 20 28 150
206 20 31 100
206 20 39 150
206 20 41 99
206 20 43 150
206 20 46 100
206 20 48 150
220 20 16 100
220 20 18 150
220 20 19 99
220 20 26 148
220 20 27 99
220 20 28 150
220 20 31 100
220 20 39 150
220 20 41 99
220 20 43 150
220 20 46 100
220 20 48 150
231 20 16 100
231 20 18 150
231 20 19 99
231 20 26 148
231 20 27 99
231 20 28 150
231 20 31 100
231 20 39 150
231 20 41 99
231 20 43 150
231 20 46 100
231 20 48 150
235 20 16 100
235 20 18 150
235 20 19 99
235 20 26 148
235 20 27 99
235 20 28 150
235 20 31 100
235 20 39 150
235 20 41 99
235 20 43 150
235 20 46 100
235 20 48 150
245 20 16 100
245 20 18 150
245 20 19 99
245 20 26 148
245 20 27 99
245 20 28 150
245 20 31 100
245 20 39 150
245 20 41 99
245 20 43 150
245 20 46 100
245 20 48 150
251 20 16 100
251 20 18 150
251 20 19 99
251 20 26 148
251 20 27 99
251 20 28 150
251 20 31 100
251 20 39 150
251 20 41 99
251 20 43 150
251 20 46 100
251 20 48 150
270 20 16 100
270 20 18 150
270 20 19 99
270 20 26 148
270 20 27 99
270 20 28 150
270 20 31 100
270 20 39 150
270 20 41 99
270 20 43 150
270 20 46 100
270 20 48 150
284 20 16 100
284 20 18 150
284 20 19 99
284 20 26 148
284 20 27 99
284 20 28 150
284 20 31 100
284 20 39 150
284 20 41 99
284 20 43 150
284 20 46 100
284 20 48 150
298 20 16 100
298 20 18 150
298 20 19 99
298 20 26 148
298 20 27 99
298 20 28 150
298 20 31 100
298 20 39 150
298 20 41 99
298 20 43 150
298 20 46 100
298 20 48 150
314 20 16 100
314 20 18 150
314 20 19 99
314 20 26 148
314 20 27 99
314 20 28 150
314 20 31 100
314 20 39 150
314 20 41 99
314 20 43 150
314 20 46 100
314 20 48 150
316 4 7 100
316 4 12 150
316 4 14 100
316 4 20 150
316 4 26 100
316 4 29 150
316 4 31 100
316 4 32 148
316 4 39 100
321 20 16 100
321 20 18 150
321 20 19 99
321 20 26 148
321 20 27 99
321 20 28 150
321 20 31 100
321 20 39 150
321 20 41 99
321 20 43 150
321 20 46 100
321 20 48 150
325 44 16 44
325 44 19 150
325 44 26 100
325 44 28 150
325 44 33 99
325 44 35 150
325 44 36 100
325 44 40 120
331 4 12 150
331 4 14 100
331 4 20 150
331 4 26 100
331 4 29 150
331 4 31 100
331 4 32 148
331 4 39 100
341 34 12 100
341 34 13 150
341 34 16 100
341 34 20 148
341 34 25 100
341 34 35 150
341 34 38 99
341 34 46 148
357 4 7 100
357 4 12 150
357 4 14 100
357 4 20 150
357 4 26 100
357 4 29 150
357 4 31 100
357 4 32 148
357 4 39 100
364 34 12 100
364 34 13 150
364 34 16 100
364 34 20 148
364 34 25 100
364 34 35 150
364 34 38 99
364 34 46 148
366 39 5 100
366 39 10 150
366 39 17 100
366 39 19 150
366 39 20 100
366 39 24 150
366 39 28 100
366 39 29 144
366 39 40 96
373 34 13 150
373 34 16 100
373 34 20 148
373 34 25 100
373 34 35 150
373 34 38 99
373 34 46 148
384 20 16 100
384 20 18 150
384 20 19 99
384 20 26 148
384 20 27 99
384 20 28 150
384 20 31 100
384 20 39 150
384 20 41 99
384 20 43 150
384 20 46 100
384 20 48 150
389 34 12 100
389 34 13 150
389 34 16 100
389 34 20 148
389 34 25 100
389 34 35 150
389 34 38 99
389 34 46 148
391 4 7 100
391 4 12 150
391 4 14 100
391 4 20 150
391 4 26 100
391 4 29 150
391 4 31 100
391 4 32 148
391 4 39 100
400 34 12 100
400 34 13 150
400 34 16 100
400 34 20 148
400 34 25 100
400 34 35 150
400 34 38 99
400 34 46 148
418 34 12 100
418 34 13 150
418 34 16 100
418 34 20 148
418 34 25 100
418 34 35 150
418 34 38 99
418 34 46 148
422 39 5 100
422 39 10 150
422 39 17 100
422 39 19 150
422 39 20 100
422 39 24 150
422 39 28 100
422 39 29 150
422 39 32 100
422 39 40 150
434 20 16 100
434 20 18 150
434 20 19 99
434 20 26 148
434 20 27 99
434 20 28 150
434 20 31 100
434 20 39 150
434 20 41 99
434 20 43 150
434 20 46 100
434 20 48 150
436 4 7 100
436 4 12 150
436 4 14 100
436 4 20 150
436 4 26 100
436 4 29 150
436 4 31 100
436 4 32 148
436 4 39 100
447 20 16 100
447 20 18 150
447 20 19 99
447 20 26 148
447 20 27 99
447 20 28 150
447 20 31 100
447 20 39 150
447 20 41 99
447 20 43 150
447 20 46 100
447 20 48 150
455 34 12 100
455 34 13 150
455 34 16 100
455 34 20 148
455 34 25 100
455 34 35 150
455 34 38 99
455 34 46 148
471 34 12 100
471 34 13 150
471 34 16 100
471 34 20 148
471 34 25 100
471 34 35 150
471 34 38 99
471 34 46 148
486 39 5 100
486 39 10 150
486 39 17 100
486 39 19 150
486 39 20 100
486 39 24 150
486 39 28 100
486 39 29 150
486 39 32 100
486 39 40 150
487 20 16 100
487 20 18 150
487 20 19 99
487 20 26 148
487 20 27 99
487 20 28 150
487 20 31 100
487 20 39 150
487 20 41 99
487 20 43 150
487 20 46 100
487 20 48 150
499 4 7 100
499 4 12 150
499 4 14 100
499 4 20 150
499 4 26 100
499 4 29 150
499 4 31 100
499 4 32 148
499 4 39 100
507 20 16 100
507 20 18 150
507 20 19 99
507 20 26 148
507 20 27 99
507 20 28 150
507 20 31 100
507 20 39 150
507 20 41 99
507 20 43 150
507 20 46 100
507 20 48 150
522 34 12 100
522 34 13 150
522 34 16 100
522 34 20 148
522 34 25 100
522 34 35 150
522 34 38 99
522 34 46 148
535 20 16 100
535 20 18 150
535 20 19 99
535 20 26 148
535 20 27 99
535 20 28 150
535 20 31 100
535 20 39 150
535 20 41 99
535 20 43 150
535 20 46 100
535 20 48 150
535 4 7 100
535 4 12 150
535 4 14 100
535 4 20 150
535 4 26 100
535 4 29 150
535 4 31 100
535 4 32 148
535 4 39 100
544 34 12 100
544 34 13 150
544 34 16 100
544 34 20 148
544 34 25 100
544 34 35 150
544 34 38 99
544 34 46 148
564 20 16 100
564 20 18 150
564 20 19 99
564 20 26 148
564 20 27 99
564 20 28 150
564 20 31 100
564 20 39 150
564 20 41 99
564 20 43 150
564 20 46 100
564 20 48 150
568 39 5 100
568 39 10 150
568 39 17 100
568 39 19 150
568 39 20 100
568 39 24 150
568 39 28 100
568 39 29 72
568 39 40 150
576 31 2 42
576 31 12 100
576 31 15 150
576 31 24 100
576 31 28 150
576 31 29 100
576 31 31 150
576 31 38 100
576 31 46 150
586 34 12 100
586 34 13 150
586 34 16 100
586 34 20 148
586 34 25 100
586 34 35 150
586 34 38 99
586 34 46 148
592 12 1 36
592 12 16 40
592 12 20 100
592 12 24 148
592 12 25 100
592 12 28 150
592 12 31 99
592 12 32 150
592 12 37 100
592 12 40 150
592 12 47 99
603 20 16 100
603 20 18 150
603 20 19 99
603 20 26 148
603 20 27 99
603 20 28 150
603 20 31 100
603 20 39 150
603 20 41 99
603 20 43 150
603 20 46 100
603 20 48 150
612 34 12 100
612 34 13 150
612 34 16 100
612 34 20 148
612 34 25 100
612 34 35 150
612 34 38 99
612 34 46 148
631 34 12 100
631 34 13 150
631 34 16 100
631 34 20 148
631 34 25 100
631 34 35 150
631 34 38 99
631 34 46 148
642 20 16 100
642 20 18 150
642 20 19 99
642 20 26 148
642 20 27 99
642 20 28 150
642 20 31 100
642 20 39 150
642 20 41 99
642 20 43 150
642 20 46 100
642 20 48 150
657 34 12 100
657 34 13 150
657 34 16 100
657 34 20 148
657 34 25 100
657 34 35 150
657 34 38 99
657 34 46 148
661 34 12 100
661 34 13 150
661 34 16 100
661 34 20 148
661 34 25 100
661 34 35 150
661 34 38 99
661 34 46 148
676 34 12 100
676 34 13 150
676 34 16 100
676 34 20 148
676 34 25 100
676 34 35 150
676 34 38 99
676 34 46 148
681 20 16 100
681 20 18 150
681 20 19 99
681 20 26 148
681 20 27 99
681 20 28 150
681 20 31 100
681 20 39 150
681 20 41 99
681 20 43 150
681 20 46 100
681 20 48 150
688 20 16 100
688 20 18 150
688 20 19 99
688 20 26 148
688 20 27 99
688 20 28 150
688 20 31 100
688 20 39 150
688 20 41 99
688 20 43 150
688 20 46 100
688 20 48 150
692 40 3 100
692 40 5 150
692 40 7 80
692 40 36 150
692 40 39 100
692 23 0 100
692 23 1 36
692 23 12 150
692 23 14 99
692 23 15 150
692 23 18 100
692 23 31 99
692 23 36 100
692 46 4 150
692 46 6 100
692 46 16 78
692 46 24 150
692 46 32 99
692 46 36 150
692 46 38 99
692 46 39 148
692 46 43 99
692 46 47 150
692 46 48 100
692 34 12 100
692 34 13 150
692 34 16 2
692 34 25 100
692 34 35 150
692 34 38 99
692 34 46 148
692 17 0 99
692 17 4 150
692 17 5 99
692 17 8 10
692 17 26 150
692 17 27 100
692 17 32 99
692 17 40 99
692 17 42 9
692 48 25 100
692 48 27 150
692 48 32 100
692 48 41 148
692 48 43 100
692 18 0 100
692 18 5 148
692 18 12 100
692 18 14 148
692 18 20 100
692 18 21 150
692 18 33 100
692 47 4 150
692 47 12 148
692 47 15 100
692 47 17 100
692 47 20 148
692 47 21 99
692 47 26 100
692 47 28 150
692 47 36 100
692 47 37 150
692 12 13 150
692 12 19 148
692 12 20 100
692 12 24 148
692 12 25 100
692 12 28 73
692 12 32 150
692 12 37 100
692 12 40 21
692 43 3 100
692 43 4 150
692 43 5 100
692 43 6 150
692 43 10 100
692 43 13 150
692 43 19 99
692 43 26 100
692 43 33 99
692 43 43 150
692 16 5 150
692 16 13 100
692 16 17 148
692 16 32 150
692 16 36 100
692 16 39 150
692 16 41 99
692 16 47 99
692 19 5 99
692 19 14 100
692 19 17 150
692 19 20 100
692 19 24 148
692 19 25 100
692 19 39 148
692 19 47 150
692 39 5 100
692 39 17 100
692 39 19 150
692 39 20 100
692 39 24 150
692 39 32 100
692 30 0 99
692 30 14 148
692 30 18 99
692 30 19 150
692 30 26 100
692 30 35 150
692 30 38 100
692 30 41 99
692 30 43 100
692 28 6 100
692 28 12 100
692 28 17 150
692 28 24 100
692 28 26 150
692 28 27 100
692 28 38 148
692 28 39 100
692 28 43 150
692 14 6 150
692 14 32 99
692 14 39 150
692 14 43 99
693 14 6 150
693 14 32 99
693 14 39 150
693 14 43 99
693 41 13 100
693 41 16 20
693 41 36 98
693 41 39 100
693 41 41 100
693 41 46 150
693 44 17 150
693 44 18 100
693 44 19 150
693 44 26 100
693 44 33 99
693 44 35 150
693 33 5 148
693 33 12 99
693 33 14 150
693 33 15 100
693 33 18 150
693 33 20 100
693 33 32 148
693 33 37 150
693 33 38 100
693 33 39 150
693 33 41 148
693 29 0 100
693 29 12 100
693 29 14 150
693 29 19 100
693 29 21 150
693 29 25 148
693 29 26 100
693 29 30 150
693 29 46 100
693 13 0 100
693 13 6 150
693 13 17 8
693 13 19 100
693 13 30 148
693 13 32 100
693 13 33 150
693 13 37 100
693 40 3 100
693 40 5 150
693 40 33 100
693 40 39 100
693 49 3 100
693 49 12 150
693 49 24 150
693 49 27 100
693 49 33 150
693 49 37 148
693 49 43 100
693 37 3 100
693 37 5 148
693 37 12 100
693 37 13 150
693 37 18 100
693 37 25 150
693 37 30 100
693 37 32 148
693 37 38 100
693 37 41 100
693 37 46 100
693 28 6 100
693 28 12 100
693 28 24 100
693 28 26 150
693 28 27 100
693 28 38 148
693 28 39 100
693 28 43 150
693 18 0 100
693 18 5 148
693 18 12 100
693 18 14 148
693 18 20 100
693 18 21 150
693 18 33 100
693 9 4 150
693 9 5 99
693 9 6 150
693 9 12 148
693 9 18 150
693 9 19 100
693 9 21 150
693 9 26 150
693 9 33 150
693 9 35 150
693 9 39 150
693 9 41 99
693 9 48 100
693 36 5 100
693 36 13 60
693 36 31 100
693 36 33 148
693 36 35 150
693 36 43 148
693 36 46 148
693 31 12 100
693 31 15 150
693 31 24 100
693 31 31 150
693 31 38 100
693 31 46 150
693 24 6 99
693 24 14 150
693 24 15 100
693 24 18 99
693 24 19 150
693 24 21 100
693 24 24 148
693 24 26 100
693 24 31 150
693 24 33 100
693 24 35 150
693 24 37 100
693 24 41 148
693 24 47 148
693 47 4 150
693 47 12 148
693 47 15 100
693 47 17 2
693 47 21 99
693 47 26 100
693 47 37 150
694 12 16 20
694 12 20 100
694 12 24 148
694 12 25 100
694 12 31 99
694 12 32 150
694 12 37 38
694 36 5 100
694 36 25 100
694 36 31 100
694 36 33 148
694 36 35 150
694 36 43 148
694 36 46 148
694 26 6 100
694 26 14 100
694 26 15 120
694 26 19 148
694 26 25 150
694 26 33 100
694 26 38 150
694 26 42 1
694 48 25 100
694 48 27 150
694 48 32 100
694 48 41 148
694 48 43 100
694 14 6 131
694 14 39 150
694 14 43 99
694 0 14 100
694 0 18 100
694 0 19 150
694 0 38 99
694 0 41 150
694 0 46 150
694 30 0 99
694 30 14 148
694 30 18 99
694 30 19 150
694 30 26 100
694 30 35 150
694 30 38 100
694 30 41 99
694 30 43 100
694 25 18 150
694 25 25 100
694 25 30 150
694 25 33 100
694 25 46 100
694 25 47 150
694 25 48 100
694 19 5 99
694 19 14 100
694 19 20 100
694 19 24 148
694 19 25 100
694 19 39 28
694 29 0 100
694 29 12 100
694 29 14 150
694 29 19 100
694 29 21 150
694 29 25 148
694 29 26 100
694 29 30 150
694 29 46 100
694 31 12 100
694 31 15 2
694 31 31 150
694 31 38 100
694 31 46 150
694 9 4 150
694 9 5 99
694 9 12 148
694 9 18 150
694 9 19 100
694 9 21 150
694 9 26 150
694 9 33 150
694 9 35 150
694 9 41 99
694 9 48 22
694 38 14 99
694 38 19 100
694 38 31 148
694 38 35 150
694 38 46 150
694 38 47 99
694 6 4 150
694 6 5 100
694 6 18 150
694 6 25 100
694 6 35 150
694 17 0 99
694 17 4 150
694 17 5 99
694 17 19 100
694 17 26 150
694 17 27 100
694 17 32 99
694 17 46 100
694 42 30 100
695 8 0 100
695 8 14 100
695 8 19 148
695 8 21 100
695 8 25 100
695 8 33 150
695 8 41 100
695 23 0 100
695 23 3 150
695 23 12 150
695 23 14 99
695 23 18 100
695 23 31 99
695 21 0 99
695 21 24 100
695 21 30 150
695 21 37 14
695 43 4 150
695 43 5 100
695 43 19 99
695 43 26 100
695 43 33 99
695 43 43 150
695 13 0 100
695 13 18 150
695 13 19 100
695 13 30 148
695 13 32 100
695 13 33 150
695 44 18 100
695 44 19 150
695 44 26 100
695 44 33 99
695 44 35 150
695 33 5 148
695 33 12 99
695 33 14 150
695 33 18 150
695 33 20 100
695 33 32 148
695 33 38 100
695 33 41 148
695 11 0 100
695 11 4 100
695 11 27 100
695 11 38 99
695 11 41 100
695 7 3 150
695 7 12 100
695 7 19 99
695 7 21 150
695 7 26 100
695 7 33 100
695 7 35 100
695 7 38 100
695 7 47 150
695 30 0 99
695 30 14 148
695 30 18 99
695 30 19 150
695 30 26 100
695 30 35 150
695 30 38 100
695 30 41 99
695 30 43 100
695 27 0 100
695 27 3 150
695 27 4 99
695 27 12 100
695 27 21 52
695 22 5 100
695 22 14 99
695 22 18 150
695 22 19 100
695 22 26 100
695 22 30 150
695 22 32 100
695 22 33 150
695 22 38 100
695 34 12 100
695 34 20 148
695 34 25 100
695 34 35 150
695 34 38 99
695 34 46 148
695 49 3 100
695 49 12 150
695 49 24 150
695 49 27 100
695 49 33 150
695 49 43 100
695 28 12 100
695 28 24 100
695 28 26 150
695 28 27 100
695 28 38 148
695 28 43 150
695 41 32 150
695 41 38 150
695 41 41 100
695 41 46 150
696 21 0 99
696 21 24 100
696 21 30 150
696 21 37 14
696 44 19 150
696 44 26 100
696 44 33 99
696 44 35 150
696 32 31 99
696 32 35 148
696 32 41 100
696 13 0 100
696 13 18 150
696 13 19 100
696 13 30 148
696 13 32 100
696 13 33 150
696 30 0 51
696 30 18 99
696 30 19 150
696 30 26 100
696 30 35 150
696 30 38 100
696 30 41 99
696 30 43 100
696 38 12 150
696 38 14 99
696 38 19 100
696 38 31 148
696 38 35 150
696 38 46 150
696 38 47 99
696 40 3 100
696 40 5 150
696 40 33 100
696 23 3 150
696 23 12 150
696 23 14 99
696 23 18 100
696 23 31 99
696 33 5 148
696 33 12 99
696 33 14 150
696 33 18 150
696 33 20 100
696 33 32 148
696 33 38 100
696 33 41 148
696 39 5 100
696 39 19 150
696 39 20 100
696 39 24 150
696 39 32 100
696 2 3 100
696 2 4 150
696 2 5 100
696 2 26 100
696 2 30 150
696 2 32 100
696 20 18 150
696 20 19 99
696 20 26 148
696 20 27 99
696 20 31 100
696 20 41 99
696 20 43 150
696 20 46 100
696 28 12 100
696 28 24 100
696 28 26 150
696 28 27 100
696 28 38 148
696 28 43 150
696 19 5 99
696 19 14 100
696 19 20 100
696 19 24 148
696 19 25 100
696 19 47 150
696 18 5 148
696 18 12 92
696 18 20 100
696 18 33 100
696 41 32 150
696 41 38 150
696 41 41 100
696 41 46 150
697 33 5 148
697 33 12 75
697 33 18 150
697 33 20 100
697 33 32 148
697 33 37 12
697 33 41 148
697 20 18 150
697 20 19 99
697 20 26 148
697 20 27 99
697 20 31 100
697 20 41 99
697 20 43 150
697 20 46 100
697 23 3 150
697 23 14 99
697 23 18 100
697 23 31 99
697 29 14 150
697 29 19 100
697 29 25 148
697 29 26 100
697 29 30 150
697 29 46 100
697 27 3 150
697 27 4 99
697 27 35 100
697 21 24 100
697 21 30 150
697 21 37 2
697 10 14 100
697 10 18 100
697 10 24 150
697 10 30 100
697 10 33 150
697 10 43 150
697 10 47 99
697 2 3 100
697 2 4 150
697 2 5 100
697 2 26 100
697 2 30 150
697 2 32 100
697 8 14 100
697 8 19 148
697 8 25 100
697 8 33 150
697 8 41 100
697 39 5 100
697 39 19 150
697 39 20 100
697 39 24 150
697 39 32 100
697 45 18 100
697 45 24 100
697 45 25 150
697 45 26 100
697 45 27 148
697 45 41 150
697 45 43 100
697 45 47 148
697 43 3 100
697 43 4 150
697 43 5 100
697 43 19 99
697 43 26 100
697 43 33 99
697 43 43 150
697 40 3 100
697 40 5 150
697 40 33 100
697 16 5 150
697 16 32 150
697 16 41 99
697 16 47 99
697 13 18 150
697 13 19 100
697 13 30 148
697 13 32 100
697 13 33 150
697 34 20 148
697 34 25 100
697 34 35 150
697 34 38 99
697 34 46 148
698 28 24 100
698 28 26 150
698 28 27 100
698 28 38 148
698 28 43 150
698 13 0 72
698 13 19 100
698 13 30 148
698 13 32 100
698 13 33 150
698 13 37 14
698 17 5 99
698 17 19 100
698 17 26 150
698 17 27 100
698 17 32 99
698 17 46 100
698 48 25 100
698 48 27 150
698 48 32 100
698 48 41 148
698 48 43 100
698 9 4 150
698 9 5 99
698 9 16 2
698 9 19 100
698 9 26 150
698 9 33 150
698 9 35 150
698 9 41 99
698 12 19 148
698 12 20 100
698 12 24 148
698 12 25 100
698 12 31 99
698 12 32 3
698 1 14 9
698 1 25 100
698 1 26 148
698 1 38 100
698 1 43 148
698 25 18 150
698 25 25 100
698 25 30 150
698 25 33 100
698 25 46 100
698 25 47 150
698 43 3 100
698 43 4 150
698 43 5 100
698 43 19 99
698 43 26 100
698 43 33 99
698 43 43 150
698 39 5 40
698 39 24 150
698 46 4 150
698 46 24 150
698 46 38 99
698 46 43 99
698 46 47 150
698 15 18 148
698 15 31 150
698 15 38 100
698 49 3 100
698 49 24 150
698 49 27 100
698 49 33 150
698 49 43 100
698 37 3 100
698 37 18 100
698 37 25 150
698 37 30 100
698 37 38 100
698 37 41 100
698 37 46 100
698 45 18 100
698 45 24 100
698 45 25 150
698 45 26 100
698 45 27 148
698 45 41 150
698 45 43 100
698 45 47 148
698 34 20 148
698 34 25 100
698 34 35 150
698 34 38 99
698 34 46 148
699 19 5 36
699 19 24 148
699 19 25 100
699 19 47 150
699 42 17 1
699 26 14 2
699 26 25 150
699 26 33 100
699 26 38 150
699 26 43 150
699 23 3 150
699 23 18 100
699 23 31 99
699 41 38 150
699 41 41 100
699 41 46 150
699 25 18 150
699 25 25 100
699 25 30 150
699 25 33 100
699 25 37 12
699 25 47 150
699 31 24 100
699 31 31 150
699 31 38 100
699 31 46 150
699 27 3 150
699 27 4 6
699 46 4 2
699 46 38 99
699 46 43 99
699 46 47 150
699 2 3 100
699 2 5 1
699 2 30 150
699 13 18 150
699 13 30 148
699 13 33 150
699 13 37 2
699 35 24 150
699 35 30 148
699 35 31 99
699 35 35 148
699 35 38 100
699 29 25 148
699 29 26 100
699 29 30 150
699 29 46 100
699 12 20 100
699 12 24 148
699 12 25 100
699 12 31 99
699 12 47 99
699 39 20 100
699 39 24 36
699 20 26 148
699 20 27 99
699 20 31 30
699 20 43 150
699 20 46 100
700 32 16 18
700 32 41 100
700 7 3 150
700 7 26 100
700 7 33 100
700 7 35 100
700 7 37 14
700 7 47 150
700 9 5 36
700 9 26 150
700 9 33 150
700 9 35 150
700 9 41 99
700 39 20 100
700 39 24 36
700 6 18 150
700 6 25 100
700 6 35 150
700 4 20 150
700 4 26 100
700 30 18 99
700 30 26 100
700 30 35 150
700 30 38 100
700 30 41 99
700 30 43 100
700 16 41 99
700 16 47 99
700 42 30 100
700 48 25 100
700 48 27 150
700 48 41 148
700 48 43 100
700 34 20 148
700 34 25 100
700 34 35 150
700 34 38 99
700 34 46 148
700 40 3 100
700 40 33 100
700 20 18 150
700 20 26 148
700 20 27 99
700 20 41 99
700 20 43 150
700 20 46 100
700 21 30 150
700 27 3 150
700 27 35 100
701 43 3 100
701 43 26 100
701 43 33 99
701 43 43 150
701 48 25 100
701 48 27 150
701 48 41 148
701 48 43 100
701 14 43 99
701 1 25 100
701 1 26 148
701 1 38 100
701 1 43 148
701 47 12 72
701 47 26 100
701 47 37 14
701 33 20 100
701 33 38 100
701 33 41 148
701 9 18 102
701 9 33 150
701 9 35 150
701 9 41 99
701 46 24 36
701 46 43 99
701 46 47 150
701 15 38 100
701 40 3 100
701 40 33 100
701 30 26 100
701 30 35 150
701 30 38 100
701 30 41 99
701 30 43 100
701 41 38 150
701 41 41 100
701 41 46 150
701 37 3 100
701 37 25 150
701 37 30 100
701 37 38 100
701 37 41 100
701 37 46 100
701 11 27 100
701 11 38 99
701 11 41 100
701 3 3 100
701 3 25 100
701 3 38 100
701 3 41 150
701 3 47 100
701 17 26 150
701 17 27 100
701 17 46 100
702 7 3 150
702 7 12 72
702 7 33 75
702 7 47 150
702 37 3 100
702 37 25 150
702 37 30 100
702 37 38 100
702 37 41 100
702 37 46 100
702 11 27 100
702 11 38 99
702 11 41 100
702 46 24 36
702 46 43 99
702 46 47 150
702 0 38 99
702 0 41 150
702 0 46 150
702 21 30 150
702 36 25 100
702 36 43 148
702 36 46 148
702 14 43 99
702 41 38 150
702 41 41 100
702 41 46 150
702 28 26 150
702 28 27 100
702 28 38 148
702 28 43 150
702 43 3 100
702 43 26 100
702 43 43 150
702 6 25 100
702 42 30 100
702 23 3 150
702 16 41 99
702 16 47 99
702 5 41 148
702 5 46 99
703 22 5 36
703 22 30 150
703 22 38 100
703 24 26 100
703 24 37 14
703 24 47 148
703 17 8 2
703 17 27 100
703 17 46 100
703 49 3 100
703 49 27 100
703 49 43 100
703 18 20 100
703 11 27 100
703 11 38 99
703 11 41 100
703 34 20 148
703 34 25 100
703 34 38 99
703 34 46 148
703 6 25 100
703 42 30 100
703 16 41 99
703 16 47 99
703 41 38 150
703 41 41 100
703 41 46 150
703 26 25 150
703 26 38 8
703 1 25 100
703 1 26 148
703 1 43 148
703 20 26 120
703 20 41 99
703 20 43 150
703 20 46 100
703 33 20 100
703 33 41 148
704 21 24 36
704 21 37 14
704 12 25 100
704 12 47 99
704 36 5 36
704 36 43 148
704 36 46 148
704 14 43 99
704 20 18 150
704 20 27 99
704 20 41 99
704 20 43 150
704 20 46 100
704 40 3 100
704 22 18 48
704 45 25 150
704 45 27 148
704 45 41 108
704 45 47 148
704 1 25 100
704 1 43 148
704 6 25 100
704 38 46 150
704 38 47 99
704 33 20 100
704 33 23 60
704 28 43 150
704 16 47 99
704 47 20 148
704 27 3 150
705 39 20 100
705 39 24 36
705 46 16 39
705 46 47 150
705 23 3 150
705 23 12 72
705 2 16 1
705 14 43 99
705 38 46 150
705 38 47 99
705 29 25 148
705 29 46 100
705 41 46 150
705 43 3 100
705 43 43 150
705 7 3 150
705 7 47 150
705 5 46 99
705 25 25 100
705 25 46 100
705 25 47 150
706 29 12 72
706 29 46 100
706 5 46 99
706 39 20 100
706 39 24 36
706 2 16 20
706 27 3 150
706 27 37 12
706 40 3 100
706 37 3 100
706 37 25 150
706 37 46 100
706 46 43 99
706 46 47 150
706 7 3 150
706 7 47 150
706 19 20 100
706 19 25 100
706 19 47 150
706 11 27 100
706 8 25 100
707 39 5 36
707 39 24 36
707 19 25 80
707 45 27 148
707 45 43 100
707 45 47 148
707 17 23 60
707 17 46 100
707 46 43 9
707 12 20 100
707 12 25 2
707 42 30 60
707 31 46 150
707 35 3 150
707 37 3 100
707 37 46 100
707 49 3 100
707 49 27 100
707 11 27 100
708 4 12 72
708 47 20 148
708 47 37 14
708 10 24 36
708 37 3 100
708 37 46 100
708 38 46 150
708 38 47 99
708 35 3 44
708 29 46 1
709 24 24 36
709 5 18 96
709 30 18 3
709 49 27 100
709 38 47 99
709 19 20 100
709 19 47 150
710 34 16 20
710 49 24 36
710 49 37 12
710 2 5 36
710 19 47 42
710 48 27 150
710 30 18 99
710 47 20 148
711 40 5 36
711 23 18 98
711 48 27 150
711 34 20 148
711 12 20 100
711 12 47 3
712 7 37 14
712 33 20 100
712 48 27 150
712 47 20 148
712 31 24 36
712 37 30 1
713 28 24 36
713 23 3 150
713 49 3 70
713 49 37 12
713 12 37 2
713 39 20 100
713 18 20 100
713 2 16 2
714 47 20 148
714 7 47 51
714 19 20 100
715 41 23 60
715 25 30 76
715 24 37 2
716 49 37 12
716 25 47 48
717 10 30 60
717 45 27 148
717 17 27 100
717 20 27 99
717 26 25 1
718 22 30 60
718 34 25 8
718 12 24 36
718 4 20 150
718 46 47 2
719 12 24 36
720 11 37 12
720 8 23 60
720 39 24 36
720 47 37 2
720 18 20 100
720 42 30 16
721 10 0 72
721 47 20 148
722 43 5 36
722 33 37 12
722 22 30 76
723 19 24 36
723 18 20 100
723 39 20 100
723 33 20 100
723 47 20 148
724 8 0 72
724 47 20 148
724 47 37 14
724 39 24 36
725 18 5 36
725 35 17 28
725 47 37 2
726 5 18 100
726 5 46 3
726 6 17 28
726 2 30 60
727 10 16 2
728 47 20 148
728 25 25 1
728 3 47 2
729 12 20 100
730 45 25 9
730 45 47 52
730 0 8 2
730 19 20 100
730 30 43 100
730 1 43 148
731 39 5 36
731 39 24 36
731 38 35 60
731 25 25 11
731 34 20 148
731 2 3 70
731 30 43 64
732 12 24 36
732 22 30 76
732 34 20 148
733 40 5 36
733 37 25 10
733 18 23 60
733 12 28 1
734 10 18 2
734 39 20 100
734 33 20 100
734 34 20 148
735 30 14 120
736 45 24 36
737 19 20 100
737 19 24 36
738 16 47 51
738 13 30 76
738 33 20 100
739 17 5 36
739 34 25 8
739 12 24 36
740 6 25 10
741 35 3 120
741 0 37 2
744 3 16 2
745 33 23 60
747 23 14 21
748 0 23 60
749 37 5 36
749 7 3 18
750 26 25 1
750 43 3 100
751 18 5 36
753 49 3 100
753 49 23 60
755 19 24 36
756 8 25 11
761 7 37 16
763 27 12 72
766 37 3 70
768 33 14 20
769 15 18 96
776 23 3 120
781 35 24 36
781 11 22 150
781 16 22 100
781 18 22 100
782 35 12 72
782 35 24 36
782 12 37 2
783 15 12 72
783 39 24 36
783 12 16 20
783 29 30 15
784 18 23 60
785 25 30 16
797 39 24 52
803 27 37 12
812 10 24 36
814 49 3 100
814 5 46 3
821 47 37 2
823 25 30 60
824 3 24 36
824 46 43 99
825 29 12 72
825 1 25 3
825 45 43 100
825 36 43 116
826 41 16 20
826 14 43 99
826 20 43 150
826 48 43 100
826 36 43 148
827 28 24 36
827 32 16 18
831 40 5 36
831 2 3 20
832 3 24 36
836 21 22 148
836 21 24 37
836 12 16 20
837 17 5 36
837 42 30 60
837 9 22 100
837 32 22 150
837 26 22 100
838 21 22 148
838 21 24 36
842 43 3 70
849 40 3 70
853 48 43 100
854 2 30 60
854 22 21 104
854 24 24 36
854 45 43 100
854 43 43 150
855 39 5 36
863 40 5 36
