5 30 38 100
5 15 28 100
5 28 27 100
6 34 20 148
6 29 46 100
7 32 41 100
7 29 19 100
9 39 28 100
9 20 46 100
10 34 20 148
10 27 4 99
11 34 38 99
12 9 41 99
12 4 14 100
12 4 31 100
12 20 46 100
13 45 18 100
14 43 19 99
14 34 25 100
15 8 41 100
15 17 46 100
16 3 48 148
17 39 28 100
17 0 38 99
18 45 43 100
18 46 43 99
18 5 46 99
19 20 19 99
19 20 43 150
19 27 4 99
19 16 13 100
19 45 43 100
19 18 20 100
19 14 43 99
19 1 43 148
19 36 43 148
19 49 43 100
20 5 35 100
20 38 47 99
20 12 25 100
21 20 27 99
21 20 31 100
21 20 41 99
21 3 6 100
22 5 28 100
22 1 38 100
23 7 21 150
23 17 27 100
23 8 21 100
23 11 27 100
24 15 18 148
24 24 18 99
24 25 46 100
25 8 41 100
25 22 19 100
26 15 28 100
27 35 3 150
27 35 38 100
27 36 25 100
27 40 3 100
28 49 27 100
28 29 46 100
29 39 20 100
29 35 31 99
30 7 19 99
30 4 20 150
30 33 20 100
31 32 35 148
31 32 41 100
31 35 28 99
31 19 25 100
32 34 35 150
32 36 13 100
33 11 4 100
33 17 46 100
35 46 4 150
35 46 38 99
35 41 41 100
36 46 19 99
36 28 27 100
37 27 35 100
37 19 25 100
37 11 27 100
37 38 47 99
37 9 48 100
37 37 3 100
38 35 28 99
38 12 16 100
38 12 20 100
38 39 20 100
39 20 46 100
40 30 35 150
40 38 47 99
41 24 13 99
41 24 35 150
41 9 19 100
42 1 38 100
42 33 20 100
42 0 6 99
43 12 31 99
43 49 27 100
43 27 4 99
44 37 41 100
44 49 27 100
44 17 27 100
45 49 27 100
46 47 26 100
46 29 26 100
46 16 39 150
46 2 26 100
46 2 39 99
46 7 26 100
46 46 39 148
46 4 26 100
47 5 13 100
47 41 41 100
48 48 25 100
48 13 19 100
49 5 46 99
49 25 48 100
50 30 38 100
50 12 16 100
51 25 18 150
51 25 46 100
51 25 48 100
51 30 26 100
51 47 26 100
51 1 26 148
51 4 26 100
52 24 15 100
52 3 15 100
53 37 41 100
53 16 28 99
53 36 31 100
54 15 38 100
54 17 19 100
54 17 46 100
55 27 12 100
56 30 41 99
57 37 46 100
57 25 25 100
57 27 4 99
57 10 47 99
58 37 12 100
58 28 27 100
58 17 27 100
59 11 38 99
59 46 48 100
60 16 41 99
60 12 16 100
60 29 19 100
61 25 46 100
61 43 3 100
62 42 36 100
62 23 36 100
62 46 6 100
62 36 13 100
62 36 36 100
64 4 20 150
64 12 20 100
64 39 28 100
64 29 46 100
64 27 4 99
65 48 25 100
65 46 19 99
65 12 31 99
66 32 41 100
67 5 46 99
68 43 26 100
68 7 26 100
68 17 26 150
68 28 26 150
68 9 18 150
68 24 18 99
69 30 38 100
69 46 48 100
70 9 16 100
70 9 41 99
70 45 27 148
71 1 25 100
71 3 47 100
71 5 46 99
72 43 19 99
72 5 28 100
72 47 20 148
74 19 39 148
74 28 39 100
74 2 39 99
74 2 48 150
74 33 38 100
75 8 41 100
75 36 13 100
75 36 31 100
76 30 35 150
77 5 46 99
77 7 19 99
78 34 25 100
78 34 38 99
78 46 48 100
79 9 4 150
80 5 46 99
80 40 3 100
80 4 20 150
82 41 41 100
82 4 31 100
83 1 28 100
83 34 16 100
83 34 38 99
83 29 46 100
84 17 19 100
85 16 47 99
86 29 46 100
86 34 20 148
86 32 6 100
87 49 27 100
87 22 38 100
87 34 25 100
87 25 48 100
88 16 41 99
89 5 18 100
89 9 19 100
89 26 18 100
89 27 4 99
90 5 46 99
91 3 25 100
91 27 35 100
92 47 26 100
92 45 26 100
92 45 27 148
92 31 38 100
92 46 48 100
92 36 13 100
92 36 31 100
92 41 41 100
92 43 26 100
92 22 26 100
93 7 26 100
93 7 35 100
93 38 47 99
94 45 27 148
94 49 27 100
96 48 25 100
96 17 19 100
96 49 3 100
97 5 35 100
98 19 20 100
98 22 18 150
98 17 46 100
98 46 48 100
99 33 12 99
99 33 20 100
99 30 41 99
99 21 24 100
100 48 25 100
100 48 27 150
100 16 28 99
101 43 19 99
101 3 31 100
101 24 13 99
102 30 18 99
102 30 35 150
102 30 38 100
102 30 41 99
102 6 18 150
103 29 46 100
104 7 12 100
104 34 16 100
105 9 28 99
105 9 41 99
106 45 27 148
107 22 19 100
107 29 46 100
108 30 41 99
108 27 4 99
109 9 28 99
109 34 25 100
110 18 12 100
110 35 31 99
110 5 46 99
111 11 38 99
113 43 19 99
113 37 41 100
113 25 25 100
114 37 46 100
115 34 38 99
115 35 28 99
115 36 43 148
115 16 47 99
115 28 6 100
115 28 43 150
115 49 43 100
115 1 43 148
116 1 43 148
116 24 13 99
116 45 43 100
116 25 48 100
116 20 43 150
117 17 46 100
117 20 41 99
117 15 28 100
118 20 16 100
118 20 31 100
118 20 39 150
118 38 39 150
118 40 39 100
118 12 20 100
119 2 39 99
119 9 19 100
119 9 39 150
119 14 39 150
119 46 38 99
119 4 39 100
119 11 27 100
121 5 35 100
121 32 41 100
121 9 48 100
122 48 25 100
123 5 46 99
124 0 38 99
125 12 20 100
125 19 20 100
125 39 28 100
126 4 31 100
126 29 19 100
126 24 35 150
126 9 41 99
127 14 39 150
127 27 4 99
127 9 39 150
127 41 39 100
128 24 13 99
128 25 46 100
129 27 35 100
129 5 35 100
129 19 20 100
130 6 25 100
130 12 16 100
131 15 28 100
131 43 19 99
131 37 41 100
132 9 48 100
132 11 27 100
133 15 6 100
134 49 3 100
134 3 38 100
134 3 47 100
134 20 46 100
135 6 25 100
135 8 41 100
135 20 31 100
137 43 19 99
137 29 46 100
138 1 28 100
139 16 41 99
139 9 16 100
140 3 4 148
140 3 38 100
140 2 39 99
140 16 39 150
140 40 39 100
141 29 46 100
141 8 25 100
142 23 31 99
142 5 13 100
143 32 41 100
143 45 18 100
143 34 38 99
143 47 15 100
143 9 19 100
143 9 48 100
143 0 15 148
143 0 18 100
144 20 27 99
144 20 46 100
144 1 28 100
145 28 27 100
146 15 38 100
146 16 41 99
148 11 39 148
148 40 39 100
148 20 39 150
148 4 39 100
149 22 19 100
149 33 20 100
149 19 20 100
150 37 46 100
151 47 12 148
151 35 31 99
151 20 16 100
151 20 27 99
151 20 41 99
151 24 13 99
151 17 27 100
152 20 27 99
152 3 38 100
153 12 25 100
153 39 28 100
153 11 4 100
154 46 19 99
154 46 32 99
154 30 35 150
154 30 41 99
155 37 3 100
155 19 20 100
155 25 48 100
155 3 6 100
156 11 27 100
156 39 20 100
157 5 46 99
158 34 25 100
158 30 41 99
159 9 48 100
159 41 13 100
160 22 19 100
160 45 27 148
161 24 35 150
161 1 38 100
161 27 4 99
162 9 16 100
162 29 46 100
164 37 41 100
164 49 27 100
164 36 31 100
165 9 19 100
166 16 28 99
166 20 46 100
166 25 25 100
167 34 20 148
167 34 38 99
167 44 18 100
167 0 18 100
168 16 41 99
168 27 35 100
168 28 27 100
170 36 25 100
170 4 26 100
170 45 26 100
170 15 38 100
170 5 46 99
170 20 26 148
170 44 26 100
171 47 26 100
171 20 41 99
171 11 4 100
172 22 19 100
172 3 48 148
173 4 31 100
173 4 39 100
173 1 38 100
173 1 39 150
173 10 47 99
173 16 39 150
174 17 46 100
174 43 3 100
175 9 28 99
176 48 27 150
176 28 6 100
176 28 27 100
176 44 18 100
176 16 41 99
176 24 18 99
177 6 25 100
177 17 19 100
178 36 13 100
179 34 16 100
179 34 38 99
179 17 46 100
179 9 28 99
180 11 27 100
180 11 41 100
180 25 48 100
181 3 31 100
181 20 27 99
182 45 26 100
182 24 26 100
182 1 26 148
182 20 26 148
183 31 38 100
183 29 46 100
183 16 41 99
184 0 6 99
185 20 19 99
185 31 24 100
185 12 20 100
185 12 25 100
187 22 26 100
187 29 26 100
187 29 46 100
187 2 26 100
187 2 48 150
187 44 26 100
187 24 26 100
188 27 35 100
188 7 35 100
188 37 41 100
188 16 28 99
189 45 18 100
189 45 27 148
189 5 18 100
190 39 20 100
190 19 20 100
191 20 19 99
191 20 31 100
192 35 38 100
192 41 13 100
192 44 16 100
193 18 20 100
193 36 46 148
193 12 20 100
194 9 41 99
195 19 20 100
195 48 27 150
196 37 38 100
196 9 48 100
197 37 46 100
197 12 25 100
197 12 31 99
198 1 28 100
198 16 41 99
199 34 38 99
199 20 19 99
200 37 46 100
200 47 21 99
200 8 21 100
200 9 21 150
201 7 35 100
202 11 41 100
202 12 25 100
203 9 4 150
203 9 16 100
203 9 28 99
203 16 47 99
204 41 13 100
204 5 46 99
205 46 19 99
206 3 38 100
206 25 48 100
207 35 31 99
207 49 3 100
208 38 35 150
208 20 41 99
209 29 46 100
209 3 6 100
210 48 25 100
210 13 19 100
210 27 4 99
211 46 48 100
211 20 27 99
211 4 20 150
211 1 28 100
211 12 20 100
212 18 20 100
213 29 46 100
214 34 25 100
214 9 41 99
214 48 27 150
215 0 38 99
215 16 28 99
215 49 27 100
215 20 27 99
216 29 19 100
216 36 13 100
217 10 18 100
217 5 18 100
217 41 41 100
217 27 4 99
218 29 46 100
218 12 31 99
219 32 16 99
220 49 3 100
221 26 18 100
221 10 18 100
221 30 38 100
221 22 19 100
221 29 46 100
222 16 41 99
222 9 48 100
223 11 27 100
223 28 6 100
223 3 25 100
224 12 20 100
224 9 28 99
224 33 20 100
225 35 15 100
225 1 15 100
225 29 46 100
226 9 48 100
226 45 43 100
226 49 43 100
226 43 43 150
226 20 43 150
226 47 20 148
226 26 43 150
227 12 20 100
227 10 43 150
227 9 19 100
227 49 43 100
228 7 38 100
228 39 20 100
228 29 46 100
228 33 20 100
229 35 28 99
229 35 31 99
229 32 16 99
229 32 41 100
230 11 4 100
230 11 27 100
230 34 20 148
231 41 13 100
232 25 46 100
232 31 24 100
233 7 19 99
233 7 38 100
233 30 41 99
234 30 18 99
234 20 27 99
234 48 25 100
234 11 27 100
234 26 18 100
235 2 16 100
236 37 46 100
237 30 41 99
237 49 27 100
237 23 31 99
237 16 28 99
238 36 35 150
239 37 38 100
239 25 48 100
239 13 19 100
239 11 4 100
239 11 27 100
239 20 27 99
240 3 47 100
241 7 35 100
241 13 18 150
241 33 7 99
242 16 41 99
242 9 16 100
242 9 35 150
243 3 25 100
243 3 38 100
243 35 28 99
243 35 35 148
243 27 4 99
244 9 19 100
245 32 41 100
245 20 18 150
245 30 18 99
245 16 13 100
246 25 46 100
247 12 31 99
247 13 18 150
247 49 3 100
247 0 38 99
248 35 15 100
248 20 41 99
248 31 15 150
249 12 20 100
249 12 25 100
249 18 20 100
250 38 19 100
250 47 20 148
250 5 28 100
250 5 46 99
250 49 27 100
251 48 27 150
251 20 16 100
252 31 38 100
252 46 48 100
253 27 21 150
253 9 21 150
254 17 46 100
255 0 38 99
255 1 28 100
255 9 19 100
255 9 41 99
256 46 6 100
256 27 4 99
256 44 18 100
256 6 18 150
256 41 13 100
256 20 27 99
257 20 27 99
258 36 25 100
258 36 31 100
258 23 18 100
258 0 18 100
258 12 20 100
258 20 46 100
259 5 28 100
259 33 20 100
259 11 41 100
260 11 27 100
260 11 38 99
261 34 35 150
261 43 19 99
261 22 18 150
261 27 4 99
262 11 41 100
262 30 35 150
262 19 25 100
263 3 38 100
264 18 20 100
265 5 46 99
265 17 32 99
266 2 16 100
266 2 39 99
266 25 48 100
266 7 19 99
266 11 39 148
267 37 38 100
267 37 41 100
267 14 39 150
268 37 46 100
268 11 4 100
268 5 28 100
269 19 25 100
269 23 18 100
269 13 18 150
270 11 4 100
271 4 31 100
271 33 38 100
271 29 46 100
271 8 41 100
272 20 26 148
272 9 26 150
272 17 26 150
273 29 19 100
274 25 25 100
274 25 46 100
274 32 41 100
275 15 38 100
277 25 48 100
278 41 41 100
278 5 28 100
278 5 46 99
278 27 4 99
278 7 19 99
279 25 25 100
279 25 33 100
279 6 35 150
280 34 35 150
281 3 31 100
281 33 20 100
282 39 20 100
282 25 48 100
282 18 20 100
283 28 26 150
283 12 16 100
283 47 21 99
283 47 26 100
283 44 26 100
283 29 21 150
283 29 26 100
283 29 46 100
283 30 26 100
284 19 25 100
284 33 38 100
284 46 48 100
285 28 6 100
285 43 3 100
285 43 19 99
285 9 41 99
286 17 46 100
287 7 38 100
288 16 13 100
289 26 43 150
289 24 26 100
289 30 26 100
289 30 43 100
289 9 26 150
289 9 48 100
289 17 26 150
289 36 25 100
289 36 43 148
289 28 43 150
290 9 28 99
290 18 20 100
290 33 20 100
290 28 43 150
290 14 43 99
290 26 43 150
290 37 46 100
290 48 43 100
291 6 35 150
291 32 31 99
291 32 41 100
292 25 18 150
292 24 35 150
292 20 19 99
295 28 12 100
295 20 46 100
295 48 32 100
295 0 36 100
296 27 12 100
296 33 20 100
296 3 25 100
296 39 20 100
297 33 20 100
297 34 16 100
298 46 48 100
298 45 18 100
298 15 18 148
298 5 46 99
299 32 31 99
299 35 38 100
299 33 40 100
300 38 19 100
301 5 46 99
301 39 32 100
301 8 41 100
302 34 25 100
303 6 35 150
303 16 13 100
303 44 26 100
303 7 26 100
303 38 14 99
303 39 20 100
303 22 26 100
303 20 26 148
304 12 20 100
304 15 38 100
304 7 35 100
304 14 32 99
305 18 20 100
306 21 24 100
306 34 12 100
306 45 26 100
306 45 27 148
306 15 28 100
306 47 26 100
306 1 26 148
306 22 26 100
307 6 5 100
307 9 41 99
307 5 46 99
307 49 29 99
308 32 31 99
308 30 26 100
308 29 19 100
308 12 20 100
308 34 20 148
309 6 25 100
309 34 12 100
309 34 20 148
310 7 35 100
310 27 35 100
311 16 13 100
311 20 46 100
311 47 7 100
311 48 32 100
312 7 35 100
312 30 18 99
312 10 18 100
312 9 16 100
313 38 19 100
313 27 12 100
314 35 35 148
314 24 18 99
314 44 18 100
314 4 20 150
315 2 26 100
315 45 26 100
315 20 26 148
315 9 26 150
315 15 38 100
316 37 30 100
316 37 41 100
316 20 31 100
317 2 29 100
317 12 20 100
317 5 46 99
318 15 12 99
318 22 32 100
319 9 35 150
320 22 19 100
320 12 25 100
320 45 27 148
321 22 38 100
321 35 28 99
321 19 20 100
321 6 17 100
321 32 16 99
322 17 46 100
322 34 20 148
323 33 12 99
323 34 35 150
324 19 20 100
324 23 31 99
324 38 10 100
325 22 19 100
326 20 41 99
326 20 46 100
326 16 13 100
326 11 38 99
326 13 29 99
327 46 48 100
328 35 5 99
328 22 32 100
329 49 43 100
329 26 43 150
329 5 46 99
329 43 43 150
329 14 43 99
329 46 43 99
330 6 25 100
330 26 43 150
330 1 43 148
331 9 41 99
331 17 32 99
332 26 14 100
332 33 20 100
332 33 38 100
332 22 19 100
332 12 20 100
333 18 20 100
333 25 46 100
333 34 16 100
333 20 27 99
334 35 12 150
334 35 28 99
334 35 31 99
334 28 27 100
334 39 20 100
335 48 25 100
335 18 20 100
336 37 46 100
337 4 20 150
337 38 19 100
337 39 32 100
338 22 38 100
338 33 29 100
339 48 25 100
339 38 39 150
339 35 5 99
339 9 39 150
339 11 39 148
340 1 14 150
340 17 46 100
341 14 32 99
342 22 18 150
342 3 31 100
342 37 41 100
343 0 38 99
343 48 27 150
344 9 19 100
344 37 46 100
344 36 25 100
345 24 13 99
346 43 26 100
346 31 24 100
346 31 29 100
346 45 26 100
346 20 26 148
346 9 26 150
347 20 46 100
347 23 12 150
347 42 17 100
348 20 16 100
348 20 18 150
348 24 18 99
348 24 35 150
349 8 41 100
350 19 20 100
350 14 32 99
350 46 19 99
350 12 20 100
350 12 31 99
351 12 25 100
352 5 46 99
353 34 38 99
353 42 36 100
353 41 36 100
354 33 7 99
354 33 20 100
354 16 13 100
355 29 46 100
355 2 32 100
356 33 20 100
356 7 19 99
356 48 25 100
356 19 20 100
358 38 10 100
358 5 46 99
358 36 31 100
359 32 41 100
359 25 48 100
359 9 5 99
360 45 12 100
360 17 32 99
360 33 20 100
361 24 13 99
361 8 25 100
361 34 20 148
361 17 19 100
361 17 46 100
361 12 20 100
362 19 5 99
363 35 38 100
364 48 27 150
365 4 20 150
365 29 40 99
365 29 46 100
366 2 16 100
366 18 12 100
366 25 48 100
367 19 20 100
367 36 31 100
367 18 20 100
368 15 28 100
369 34 25 100
369 34 35 150
369 29 46 100
369 33 12 99
370 28 26 150
370 11 38 99
370 11 41 100
370 20 26 148
370 7 26 100
370 39 32 100
371 47 26 100
371 7 35 100
372 5 29 148
372 5 35 100
372 27 35 100
372 12 20 100
373 17 19 100
373 17 32 99
373 11 39 148
373 9 39 150
373 13 17 100
374 46 38 99
374 16 13 100
374 40 39 100
375 3 31 100
375 45 27 148
375 12 16 100
375 12 20 100
375 14 32 99
375 18 20 100
376 34 25 100
376 5 46 99
376 33 40 100
377 36 5 100
378 36 35 150
379 48 32 100
380 30 38 100
380 12 20 100
380 20 19 99
380 20 46 100
381 33 20 100
382 26 18 100
382 37 18 100
382 34 20 148
383 39 20 100
383 33 29 100
383 43 26 100
383 22 26 100
383 12 31 99
383 20 26 148
383 24 26 100
384 48 27 150
384 9 16 100
384 9 28 99
384 5 46 99
385 7 12 100
385 12 25 100
386 28 12 100
386 20 19 99
386 39 32 100
387 20 41 99
387 36 13 100
388 29 46 100
388 33 38 100
389 47 7 100
390 45 43 100
390 2 32 100
390 33 20 100
390 43 43 150
391 5 46 99
391 33 20 100
391 1 43 148
391 49 43 100
391 45 43 100
391 48 43 100
391 43 43 150
392 1 43 148
392 33 12 99
392 2 16 100
393 42 17 100
393 3 31 100
394 44 35 150
394 6 25 100
394 11 38 99
394 5 13 100
394 20 19 99
395 9 41 99
395 5 46 99
396 27 12 100
397 16 47 99
397 14 32 99
398 20 46 100
398 33 29 100
399 12 20 100
399 31 12 100
399 16 28 99
399 7 35 100
399 17 40 99
400 46 32 99
400 31 24 100
400 19 20 100
400 47 20 148
401 48 25 100
401 13 19 100
401 4 31 100
402 38 39 150
402 2 39 99
402 36 13 100
402 46 39 148
402 46 48 100
403 3 38 100
403 17 46 100
404 24 14 150
405 20 39 150
405 40 39 100
405 41 39 100
405 22 5 100
406 33 29 100
406 46 32 99
406 46 43 99
406 20 16 100
406 20 43 150
406 28 39 100
406 28 43 150
406 10 43 150
406 30 43 100
407 15 12 99
407 30 43 100
407 38 19 100
407 29 46 100
407 49 43 100
407 1 25 100
408 29 12 100
408 11 41 100
408 14 43 99
410 12 31 99
410 29 46 100
410 46 32 99
411 30 38 100
412 35 35 148
412 10 30 100
413 29 19 100
413 33 20 100
413 42 17 100
413 34 25 100
413 20 27 99
414 5 13 100
414 41 10 99
415 30 35 150
415 30 38 100
415 48 32 100
416 11 27 100
417 30 38 100
417 2 32 100
417 17 27 100
417 17 46 100
418 17 27 100
418 20 41 99
419 12 31 99
419 29 19 100
420 23 3 150
420 24 35 150
421 22 32 100
421 34 25 100
422 39 5 100
423 20 46 100
423 35 28 99
424 4 7 100
424 37 18 100
424 26 18 100
425 25 25 100
425 34 38 99
426 29 19 100
426 29 46 100
426 46 32 99
426 33 20 100
427 20 27 99
427 20 31 100
427 19 20 100
427 24 13 99
427 11 27 100
428 45 26 100
428 9 16 100
428 9 26 150
428 9 41 99
428 1 26 148
428 30 26 100
429 43 26 100
429 39 32 100
429 47 26 100
429 44 26 100
429 45 26 100
429 24 26 100
430 7 38 100
430 17 46 100
431 19 25 100
433 20 41 99
433 20 43 150
433 20 46 100
433 6 5 100
433 48 32 100
433 48 43 100
433 46 43 99
433 28 43 150
433 43 43 150
433 10 43 150
434 46 19 99
434 46 43 99
434 28 24 100
434 2 29 100
434 49 43 100
435 3 25 100
436 6 17 100
436 23 31 99
436 11 27 100
437 48 32 100
437 41 41 100
437 22 26 100
437 5 46 99
437 7 26 100
437 45 26 100
437 9 26 150
438 41 7 100
438 4 26 100
440 34 16 100
440 25 46 100
440 29 19 100
441 12 25 100
442 48 32 100
442 0 38 99
443 11 27 100
443 19 40 100
444 12 20 100
444 12 31 99
444 17 46 100
446 7 38 100
446 1 25 100
446 48 32 100
446 11 41 100
447 20 46 100
448 19 20 100
448 24 13 99
448 20 19 99
448 12 20 100
448 15 28 100
449 2 16 100
450 20 26 148
450 17 26 150
450 17 32 99
450 43 26 100
450 47 26 100
451 29 46 100
452 36 5 100
452 36 25 100
452 39 20 100
452 39 32 100
453 10 18 100
453 31 38 100
453 4 20 150
453 4 31 100
453 30 18 99
454 6 35 150
454 38 19 100
454 18 20 100
455 36 35 150
455 47 26 100
455 45 26 100
455 24 26 100
455 22 26 100
455 44 26 100
456 19 20 100
456 17 46 100
456 33 38 100
457 12 16 100
458 8 21 100
458 7 21 150
458 3 21 99
459 31 12 100
459 31 29 100
459 39 20 100
459 49 27 100
459 33 20 100
459 20 27 99
460 5 46 99
460 32 41 100
460 12 25 100
460 9 48 100
461 22 32 100
461 22 38 100
461 39 20 100
462 21 24 100
462 27 12 100
462 39 20 100
462 4 20 150
462 4 31 100
463 10 18 100
463 9 19 100
463 36 13 100
463 29 46 100
463 44 18 100
464 39 20 100
465 30 35 150
465 9 10 100
465 45 12 100
465 47 17 100
466 3 25 100
466 24 35 150
466 29 40 99
467 47 20 148
467 12 20 100
468 20 27 99
468 20 41 99
468 14 32 99
468 33 38 100
469 46 19 99
469 46 48 100
469 25 46 100
470 35 31 99
470 39 20 100
470 6 25 100
471 0 18 100
471 11 27 100
472 17 27 100
472 2 39 99
472 4 39 100
472 46 39 148
472 44 18 100
473 28 24 100
473 16 13 100
474 17 46 100
475 16 28 99
476 14 32 99
476 3 25 100
476 9 19 100
477 28 12 100
477 16 41 99
477 37 46 100
478 11 38 99
478 2 32 100
479 2 16 100
479 32 31 99
479 33 12 99
480 25 46 100
480 30 29 150
482 31 38 100
482 36 25 100
482 41 41 100
483 37 46 100
483 14 32 99
483 38 19 100
484 39 20 100
485 3 38 100
485 33 20 100
486 12 20 100
486 22 38 100
487 35 31 99
487 6 18 150
487 6 25 100
487 41 7 100
487 20 46 100
488 20 19 99
489 20 41 99
489 33 12 99
490 49 10 100
490 36 13 100
491 37 46 100
491 16 28 99
492 6 17 100
492 12 16 100
493 29 46 100
494 2 32 100
494 13 19 100
494 21 24 100
494 37 30 100
495 41 41 100
495 36 25 100
495 36 31 100
496 4 20 150
496 5 13 100
496 5 46 99
496 33 20 100
497 33 38 100
497 9 28 99
498 6 18 150
498 6 35 150
498 37 12 100
499 10 14 100
499 9 19 100
500 9 5 99
500 9 39 150
500 9 41 99
500 3 25 100
500 49 29 99
500 38 39 150
500 40 39 100
501 27 35 100
501 22 26 100
501 30 26 100
502 30 26 100
502 30 35 150
502 24 26 100
502 22 26 100
502 15 12 99
503 36 31 100
503 20 46 100
504 25 25 100
504 34 38 99
504 17 27 100
505 11 27 100
507 33 18 150
507 33 20 100
507 5 18 100
507 5 46 99
508 44 16 100
508 2 32 100
508 47 20 148
508 29 19 100
508 29 40 99
508 46 48 100
509 16 41 99
510 20 46 100
510 15 12 99
510 0 14 100
510 12 20 100
510 12 25 100
511 49 27 100
511 12 20 100
512 19 5 99
512 23 31 99
513 35 28 99
514 25 46 100
515 36 13 100
515 36 25 100
515 18 12 100
515 28 27 100
516 14 32 99
516 29 19 100
516 28 27 100
516 41 41 100
518 15 12 99
518 19 20 100
519 33 20 100
519 37 46 100
519 34 25 100
520 34 38 99
520 4 31 100
521 35 5 99
521 13 32 100
522 20 18 150
522 20 19 99
522 33 20 100
522 35 35 148
522 28 24 100
523 37 41 100
523 37 46 100
524 42 17 100
524 2 39 99
524 19 39 148
524 16 13 100
524 16 39 150
525 6 25 100
525 46 48 100
525 28 39 100
526 44 16 100
527 37 46 100
527 22 19 100
528 44 35 150
529 20 26 148
529 20 31 100
529 2 26 100
529 2 32 100
529 30 26 100
529 14 7 100
529 9 26 150
530 34 25 100
531 30 35 150
532 20 41 99
532 20 46 100
533 20 26 148
533 17 26 150
533 7 26 100
533 7 33 100
533 22 26 100
534 31 29 100
534 39 32 100
535 37 46 100
535 19 5 99
535 20 19 99
536 28 12 100
536 39 20 100
537 36 13 100
537 36 25 100
537 33 20 100
537 33 38 100
537 46 48 100
538 5 46 99
538 8 10 100
538 9 16 100
539 5 28 100
539 20 31 100
539 20 41 99
541 17 19 100
541 17 46 100
542 20 41 99
542 46 38 99
542 7 12 100
543 1 25 100
544 13 32 100
544 4 20 150
544 48 27 150
545 25 46 100
545 12 20 100
545 6 5 100
546 21 24 100
546 22 32 100
547 18 20 100
547 3 31 100
547 29 19 100
547 19 20 100
548 20 16 100
548 20 41 99
548 5 46 99
549 24 13 99
549 19 40 100
550 36 25 100
550 48 32 100
552 20 46 100
552 18 12 100
552 18 20 100
552 39 20 100
553 7 12 100
553 28 27 100
553 22 32 100
554 20 19 99
554 20 31 100
554 20 41 99
554 40 7 100
554 7 35 100
554 18 20 100
555 11 38 99
555 5 18 100
555 6 5 100
555 6 18 150
556 8 25 100
556 27 35 100
556 7 35 100
556 20 43 150
557 22 5 100
557 34 20 148
557 20 43 150
557 33 20 100
557 36 43 148
557 46 43 99
557 28 43 150
558 30 43 100
558 13 32 100
558 37 46 100
558 43 43 150
560 28 12 100
560 6 25 100
560 14 32 99
561 20 19 99
561 20 46 100
561 19 20 100
562 4 20 150
562 11 38 99
563 37 41 100
563 24 13 99
564 34 12 100
564 5 46 99
565 14 32 99
565 3 31 100
566 34 25 100
566 47 17 100
567 7 38 100
567 20 46 100
567 33 40 100
568 43 19 99
568 41 41 100
569 24 35 150
569 1 25 100
569 18 20 100
569 2 29 100
570 7 38 100
570 9 16 100
570 39 20 100
571 47 20 148
571 17 32 99
571 17 46 100
572 12 31 99
572 9 48 100
573 20 27 99
573 20 41 99
573 17 27 100
573 15 28 100
574 32 35 148
574 25 25 100
574 16 13 100
575 22 19 100
575 33 20 100
576 20 27 99
576 12 20 100
576 49 10 100
577 20 46 100
578 21 0 99
578 38 47 99
578 2 3 100
578 2 5 100
578 9 33 150
578 35 3 150
578 26 33 100
579 29 12 100
579 29 14 150
579 12 20 100
579 3 3 100
579 49 3 100
579 49 33 150
579 21 24 100
580 0 18 100
580 3 47 100
580 35 30 148
580 25 33 100
580 33 12 99
580 10 18 100
580 10 33 150
580 9 33 150
581 44 33 99
581 8 0 100
581 35 3 150
581 43 3 100
582 45 24 100
582 10 47 99
583 37 3 100
583 37 12 100
583 40 3 100
584 4 14 100
584 45 12 100
584 45 24 100
585 8 0 100
585 43 3 100
585 12 47 99
585 35 3 150
586 2 5 100
586 24 33 100
586 25 33 100
586 43 33 99
586 10 30 100
587 19 14 100
587 19 20 100
587 12 47 99
587 44 33 99
588 26 43 150
588 29 0 100
588 14 43 99
588 37 30 100
588 46 43 99
588 45 43 100
588 1 43 148
589 18 20 100
589 35 3 150
589 43 3 100
589 43 43 150
589 48 43 100
589 30 43 100
589 45 24 100
590 3 47 100
590 8 14 100
591 2 5 100
591 2 30 150
591 49 12 150
592 28 24 100
593 19 47 150
593 25 37 99
593 44 16 100
594 23 18 100
594 44 18 100
595 37 30 100
595 22 5 100
595 16 47 99
595 34 20 148
595 30 0 99
595 28 24 100
595 42 30 100
596 37 3 100
596 37 12 100
596 24 33 100
596 8 33 150
596 26 33 100
596 2 3 100
597 16 47 99
597 37 30 100
597 19 14 100
598 30 14 148
598 39 5 100
598 45 24 100
599 15 18 148
599 49 3 100
599 12 20 100
599 12 47 99
600 43 3 100
600 42 30 100
601 10 18 100
601 10 47 99
601 31 12 100
601 31 24 100
601 0 18 100
602 37 30 100
602 10 14 100
602 10 37 100
602 19 5 99
603 16 47 99
603 34 16 100
603 28 24 100
604 45 43 100
604 30 14 148
604 30 43 100
604 48 43 100
604 36 43 148
604 20 43 150
605 46 43 99
605 45 43 100
605 9 5 99
605 9 33 150
605 21 30 150
605 18 20 100
605 18 33 100
605 23 3 150
605 40 3 100
605 40 33 100
605 49 33 150
605 49 43 100
605 3 47 100
606 34 25 100
606 11 0 100
607 45 18 100
607 45 24 100
607 20 18 150
608 35 30 148
608 16 47 99
609 4 20 150
609 19 5 99
610 28 24 100
610 10 47 99
611 8 0 100
611 8 33 150
611 47 12 148
611 49 33 150
611 7 33 100
612 35 5 99
612 43 43 150
612 28 43 150
612 8 14 100
612 9 16 100
612 12 47 99
612 36 43 148
612 46 43 99
613 35 30 148
613 26 43 150
613 30 43 100
613 1 43 148
614 4 14 100
614 7 3 150
614 7 33 100
614 12 37 100
614 12 47 99
614 45 24 100
614 45 43 100
614 8 33 150
614 22 33 150
615 26 14 100
615 23 14 99
616 26 14 100
616 10 3 148
616 10 47 99
616 39 5 100
616 39 20 100
616 35 3 150
617 21 24 100
618 12 47 99
619 27 3 150
619 27 12 100
620 3 47 100
620 36 5 100
620 45 24 100
621 38 14 99
621 27 3 150
621 3 3 100
621 37 30 100
622 16 47 99
622 34 12 100
622 7 3 150
622 10 18 100
622 49 3 100
622 0 18 100
623 38 14 99
623 15 12 99
624 28 24 100
624 35 30 148
624 15 18 148
624 13 37 100
624 38 47 99
625 49 12 150
625 49 33 150
625 22 18 150
625 22 33 150
625 23 18 100
625 13 17 100
625 18 33 100
626 42 30 100
626 28 24 100
627 16 47 99
627 2 5 100
628 12 20 100
628 3 3 100
629 1 14 150
629 6 5 100
629 42 30 100
629 10 47 99
630 37 3 100
630 37 30 100
630 20 16 100
630 18 0 100
631 16 47 99
632 31 24 100
632 3 25 100
632 26 14 100
632 43 5 100
633 13 37 100
633 10 3 148
633 10 14 100
633 10 47 99
633 31 24 100
634 13 0 100
634 2 3 100
635 36 5 100
635 33 14 150
635 3 47 100
637 13 30 148
637 37 3 100
637 49 3 100
637 49 24 150
638 7 33 100
638 7 47 150
638 24 33 100
638 36 33 148
638 43 33 99
639 10 0 100
639 31 12 100
640 27 12 100
640 10 30 100
640 45 24 100
641 44 33 99
641 26 33 100
641 7 33 100
641 42 30 100
641 12 37 100
641 12 47 99
641 24 33 100
642 34 16 100
642 31 24 100
643 43 5 100
643 3 47 100
644 13 0 100
644 37 30 100
644 12 20 100
645 3 47 100
645 18 0 100
645 31 24 100
646 6 5 100
647 26 14 100
647 38 47 99
648 29 14 150
648 34 20 148
648 31 24 100
649 25 30 150
649 19 5 99
649 38 47 99
650 37 30 100
650 19 20 100
651 43 5 100
651 16 47 99
651 18 20 100
652 29 12 100
652 29 30 150
652 10 37 100
653 8 0 100
653 28 24 100
654 10 18 100
654 10 47 99
654 44 18 100
654 34 25 100
655 6 17 100
655 12 20 100
655 7 12 100
655 42 30 100
656 33 18 150
656 37 30 100
656 35 5 99
656 21 24 100
657 15 12 99
657 19 14 100
657 34 16 100
658 28 24 100
658 3 47 100
658 12 20 100
659 30 43 100
659 36 43 148
659 14 43 99
659 26 43 150
659 46 43 99
659 1 43 148
660 4 20 150
660 32 16 99
660 17 5 99
660 14 43 99
660 10 47 99
660 30 43 100
661 42 30 100
662 28 24 100
662 22 5 100
662 38 47 99
662 37 3 100
663 33 20 100
663 35 3 150
663 7 3 150
664 18 0 100
665 21 24 100
665 21 30 150
665 12 47 99
666 38 14 99
666 38 37 100
666 19 5 99
667 38 12 150
667 38 47 99
668 45 24 100
669 10 30 100
669 10 47 99
670 39 20 100
670 9 12 148
670 27 0 100
670 21 24 100
671 17 46 100
671 42 30 100
672 2 16 100
673 46 47 150
673 31 24 100
673 35 5 99
673 9 18 150
674 37 18 100
674 37 30 100
674 30 0 99
675 19 14 100
675 19 20 100
675 38 14 99
675 38 47 99
676 31 12 100
676 31 24 100
676 39 20 100
676 10 14 100
676 10 30 100
676 10 37 100
677 22 14 99
677 12 47 99
678 0 18 100
678 0 36 100
678 6 5 100
678 30 18 99
679 21 24 100
679 42 30 100
680 44 16 100
680 44 18 100
680 5 18 100
680 22 5 100
680 12 47 99
680 10 47 99
681 19 14 100
681 19 25 100
681 45 24 100
682 37 12 100
682 37 30 100
682 10 47 99
682 34 20 148
683 21 0 99
683 19 20 100
684 26 14 100
684 38 47 99
684 28 24 100
684 13 30 148
685 38 14 99
685 39 5 100
685 25 33 100
685 44 33 99
685 49 33 150
685 4 14 100
686 39 20 100
686 20 18 150
686 33 12 99
686 23 3 150
686 2 3 100
687 23 0 100
687 29 12 100
687 24 47 148
687 18 20 100
688 35 3 150
688 35 24 150
688 9 16 100
688 40 3 100
689 0 18 100
689 26 18 100
689 26 33 100
689 28 12 100
689 9 33 150
689 7 33 100
689 49 33 150
690 13 17 100
690 13 30 148
690 3 47 100
691 25 37 99
691 9 5 99
691 21 24 100
692 7 3 150
692 17 0 99
692 18 20 100
692 12 47 99
693 28 24 100
693 19 14 100
694 32 16 99
694 9 5 99
694 39 20 100
694 10 47 99
695 22 14 99
695 37 30 100
696 38 47 99
696 18 33 100
696 10 33 150
696 31 24 100
696 35 5 99
696 43 33 99
697 47 20 148
698 11 0 100
698 19 20 100
698 16 47 99
699 2 30 150
699 13 37 100
699 28 24 100
700 22 5 100
700 22 18 150
700 45 18 100
700 4 20 150
701 15 12 99
701 19 20 100
701 12 47 99
701 42 30 100
702 29 12 100
702 19 20 100
702 43 3 100
702 40 3 100
702 31 24 100
703 10 30 100
703 10 47 99
704 10 18 100
704 37 18 100
705 12 16 100
705 12 47 99
706 15 12 99
706 31 24 100
706 25 25 100
707 3 47 100
707 35 5 99
708 21 24 100
708 21 30 150
708 21 37 100
708 0 23 100
708 34 12 100
709 15 18 148
709 38 47 99
710 22 18 150
710 10 18 100
711 1 14 150
711 17 5 99
711 38 47 99
711 21 24 100
711 21 30 150
712 26 14 100
713 35 3 150
713 12 47 99
713 3 3 100
714 21 24 100
714 21 37 100
714 2 5 100
714 37 30 100
715 17 23 100
715 16 47 99
716 20 16 100
716 22 5 100
716 0 23 100
717 18 14 148
717 21 24 100
717 21 30 150
717 10 47 99
718 0 18 100
718 37 18 100
719 39 5 100
719 10 30 100
719 10 47 99
719 31 24 100
720 30 18 99
720 29 12 100
720 37 18 100
720 13 23 100
721 29 0 100
722 23 14 99
722 21 24 100
722 21 37 100
722 37 30 100
723 19 5 99
723 13 17 100
723 13 23 100
723 16 47 99
724 17 0 99
724 17 23 100
725 29 30 150
725 28 24 100
726 29 12 100
726 5 18 100
726 42 30 100
726 44 18 100
727 38 47 99
728 42 30 100
729 43 5 100
729 16 47 99
729 12 16 100
730 27 0 100
730 30 43 100
730 19 25 100
730 26 43 150
730 21 24 100
731 30 43 100
731 1 43 148
731 6 5 100
731 35 3 150
731 48 43 100
731 28 43 150
732 10 14 100
732 10 30 100
732 10 43 150
732 49 3 100
733 47 17 100
733 44 18 100
733 17 23 100
733 37 18 100
733 38 47 99
734 10 3 148
734 45 12 100
734 45 24 100
734 43 3 100
735 9 5 99
735 12 37 100
735 12 47 99
735 4 14 100
735 37 30 100
736 45 24 100
736 22 14 99
737 3 47 100
737 42 30 100
738 9 5 99
739 33 14 150
739 17 23 100
739 28 24 100
739 38 47 99
740 42 30 100
740 33 12 99
740 33 18 150
741 23 3 150
741 23 14 99
741 16 47 99
742 49 23 100
742 33 12 99
742 42 30 100
742 45 24 100
743 31 38 100
744 10 14 100
744 10 37 100
744 10 47 99
744 8 14 100
744 33 12 99
744 9 16 100
745 0 18 100
745 16 47 99
745 42 30 100
745 28 24 100
745 10 18 100
746 17 5 99
746 17 23 100
746 37 30 100
747 16 47 99
747 42 30 100
747 26 14 100
748 6 25 100
748 18 14 148
748 31 24 100
749 40 3 100
749 18 0 100
749 22 5 100
749 3 3 100
749 3 47 100
750 10 3 148
750 10 14 100
750 28 24 100
750 23 3 150
751 13 30 148
751 12 47 99
752 17 23 100
752 47 12 148
752 35 3 150
753 28 24 100
753 43 5 100
753 49 23 100
754 10 47 99
755 21 37 100
755 26 14 100
756 10 14 100
756 10 30 100
756 36 5 100
756 21 24 100
757 42 30 100
757 3 47 100
758 32 16 99
759 43 5 100
759 12 47 99
759 28 24 100
760 10 30 100
761 45 12 100
761 45 24 100
761 38 47 99
761 7 3 150
761 3 3 100
762 18 0 100
762 18 12 100
762 25 25 100
762 41 23 100
763 3 3 100
763 3 47 100
763 28 12 100
763 10 3 148
764 45 24 100
765 42 30 100
765 16 47 99
766 22 5 100
766 10 3 148
766 3 3 100
767 38 14 99
767 45 24 100
768 39 17 100
768 12 16 100
768 12 37 100
768 23 14 99
768 22 14 99
769 5 18 100
769 44 18 100
769 16 47 99
769 35 5 99
770 7 12 100
771 49 24 150
771 3 47 100
772 35 30 148
772 23 14 99
773 18 0 100
773 6 5 100
773 3 47 100
774 28 24 100
774 10 30 100
775 42 30 100
776 12 47 99
776 37 3 100
776 2 3 100
776 2 5 100
777 10 30 100
777 10 37 100
777 21 24 100
777 13 23 100
778 13 23 100
779 3 47 100
779 34 16 100
779 42 30 100
779 45 24 100
779 43 5 100
780 15 12 99
781 12 47 99
781 35 22 100
781 37 30 100
781 29 22 100
781 18 22 100
781 13 22 150
782 35 12 150
782 35 22 100
782 43 22 148
782 17 22 150
782 9 22 100
783 38 47 99
783 32 22 150
783 31 24 100
784 0 23 100
784 45 22 150
784 37 30 100
784 26 22 100
785 10 30 100
785 10 47 99
785 31 24 100
785 22 5 100
786 23 12 150
787 21 37 100
787 38 47 99
788 37 30 100
788 31 24 100
789 13 23 100
789 3 47 100
790 13 30 148
790 39 5 100
791 3 47 100
791 28 24 100
791 15 49 99
792 42 17 100
792 42 30 100
793 2 16 100
793 27 12 100
793 28 24 100
794 16 47 99
794 28 12 100
794 41 23 100
794 42 30 100
795 35 5 99
795 38 37 100
796 48 25 100
796 28 24 100
796 16 47 99
797 2 3 100
797 43 3 100
798 16 47 99
798 37 30 100
799 21 24 100
800 29 12 100
801 37 30 100
801 39 5 100
801 21 24 100
802 37 30 100
802 47 49 99
803 17 5 99
803 3 3 100
803 2 3 100
804 45 24 100
804 38 37 100
805 10 30 100
805 8 49 100
806 29 46 100
807 35 30 148
807 28 12 100
807 28 24 100
808 19 5 99
809 25 30 150
810 18 12 100
810 21 24 100
811 42 30 100
812 2 3 100
812 21 24 100
812 37 3 100
813 10 30 100
813 43 5 100
814 23 3 150
814 27 3 150
814 41 41 100
815 38 12 150
815 9 16 100
815 21 24 100
817 42 30 100
817 21 37 100
818 25 30 150
819 22 5 100
819 3 24 150
820 27 12 100
820 27 35 100
821 13 30 148
821 47 21 99
821 47 49 99
822 39 5 100
822 21 24 100
823 45 43 100
823 10 43 150
823 43 43 150
824 7 12 100
824 42 30 100
824 45 43 100
824 26 43 150
824 46 43 99
824 36 43 148
824 43 43 150
826 30 43 100
826 20 43 150
826 26 43 150
826 33 12 99
826 42 30 100
826 46 43 99
827 10 43 150
827 6 5 100
827 36 43 148
827 14 43 99
827 28 24 100
828 29 12 100
829 20 16 100
829 33 12 99
829 8 21 100
830 31 24 100
831 23 3 150
832 45 24 100
832 8 21 100
833 36 5 100
833 10 30 100
834 37 30 100
835 20 41 99
835 21 24 100
836 33 12 99
836 18 22 100
836 29 22 100
836 26 22 100
836 13 22 150
836 35 22 100
837 32 22 150
837 28 24 100
837 11 22 150
837 35 22 100
837 43 22 148
838 18 22 100
838 6 5 100
838 12 16 100
838 11 22 150
838 33 49 100
839 42 30 100
841 45 12 100
841 45 24 100
842 49 3 100
842 43 3 100
842 43 5 100
843 28 12 100
843 28 24 100
844 49 27 100
844 37 30 100
844 8 21 100
845 28 24 100
847 22 5 100
847 37 30 100
847 8 21 100
848 2 16 100
848 45 24 100
849 34 12 100
849 2 3 100
849 7 3 150
850 11 27 100
851 17 5 99
851 3 21 99
851 45 24 100
852 28 12 100
852 10 30 100
853 8 49 100
853 49 43 100
853 45 43 100
853 20 43 150
853 26 43 150
853 10 43 150
853 36 43 148
854 30 43 100
854 24 21 100
854 48 43 100
855 35 30 148
855 16 41 99
855 21 24 100
856 10 30 100
856 2 5 100
857 45 24 100
858 49 27 100
859 42 30 100
859 17 5 99
860 31 24 100
862 2 30 150
862 7 12 100
863 24 21 100
863 39 5 100
864 2 49 99
865 15 38 100
865 37 30 100
