7 0 4 100
13 30 4 100
19 0 4 100
25 48 8 99
25 30 4 100
32 43 17 100
32 34 4 100
37 14 4 100
44 34 4 100
49 14 4 100
50 45 17 100
54 14 4 100
59 9 8 99
59 43 10 100
60 34 4 100
61 8 10 100
62 1 10 99
65 40 47 99
65 10 47 150
65 47 47 150
65 31 47 150
65 11 47 100
65 39 47 99
65 43 17 100
65 21 47 99
65 44 47 100
66 44 47 100
66 34 4 100
66 48 47 150
66 11 47 100
67 41 10 99
69 36 47 150
69 38 47 148
69 2 47 150
69 39 47 99
69 49 47 100
69 21 47 99
69 40 47 99
70 26 47 148
70 14 47 150
70 47 47 150
70 42 47 99
71 43 10 100
73 14 4 100
73 37 10 100
74 48 8 99
75 49 30 150
77 47 48 100
78 26 10 100
78 14 4 100
80 8 10 100
82 26 10 100
84 0 4 100
87 2 10 150
87 43 17 100
89 36 8 100
90 0 4 100
92 27 10 100
94 35 10 99
96 37 10 100
96 34 4 100
98 37 30 99
98 38 30 148
99 17 10 150
101 43 17 100
101 14 4 100
101 11 10 99
103 9 8 99
105 27 10 100
106 1 10 99
107 41 10 99
107 14 4 100
113 27 10 100
113 34 4 100
114 9 8 99
114 37 10 100
115 1 10 99
116 43 17 100
118 7 10 148
119 34 4 100
121 7 10 148
121 43 17 100
123 1 10 99
124 39 47 99
124 10 47 150
124 38 47 148
124 11 47 100
124 40 47 99
124 36 47 150
124 14 47 150
125 27 10 100
125 27 47 100
125 2 47 150
125 31 47 150
125 34 4 100
127 23 30 150
129 1 10 99
130 9 8 99
131 25 30 148
131 6 30 100
131 30 4 100
133 8 10 100
135 49 8 99
135 8 10 100
137 5 17 100
137 30 4 100
138 8 10 100
139 5 30 100
139 22 30 99
140 27 10 100
143 14 4 100
145 17 10 150
146 27 18 99
147 24 29 100
150 45 17 100
150 14 4 100
151 37 30 99
151 5 30 100
152 48 8 99
152 48 30 99
152 22 30 99
154 34 4 100
155 43 10 100
156 8 10 100
158 27 10 100
160 35 10 99
160 34 4 100
161 44 30 150
162 2 47 150
162 47 47 150
162 31 47 150
162 26 47 148
162 48 47 150
162 39 47 99
163 43 10 100
163 26 47 148
163 31 47 150
163 2 47 150
163 27 47 100
164 8 10 100
166 2 10 150
166 30 4 100
168 41 10 99
168 45 17 100
171 40 47 99
171 38 47 148
171 15 47 100
171 26 47 148
171 42 47 99
172 40 47 99
172 0 4 100
172 11 10 99
172 11 47 100
172 10 47 150
172 15 47 100
172 38 47 148
173 12 47 150
173 48 48 100
173 8 10 100
175 36 30 150
175 6 30 100
176 26 10 100
178 0 4 100
179 11 10 99
180 35 10 99
182 37 10 100
184 11 10 99
186 0 4 100
186 43 10 100
188 35 10 99
190 36 47 150
190 14 4 100
190 14 47 150
190 48 47 150
190 31 47 150
191 43 10 100
191 15 47 100
191 31 47 150
191 26 47 148
191 27 47 100
191 49 47 100
192 43 10 100
192 10 47 150
193 37 10 100
194 49 30 150
194 37 30 99
196 30 4 100
196 5 17 100
196 5 30 100
196 35 30 100
197 1 30 150
199 44 30 150
200 37 30 99
201 14 4 100
201 37 10 100
202 37 10 100
204 37 10 100
207 0 4 100
208 9 8 99
208 37 10 100
210 1 10 99
211 5 17 100
211 37 10 100
212 37 10 100
213 30 4 100
217 23 30 150
218 17 30 150
218 6 30 100
219 43 17 100
220 34 4 100
221 47 47 150
221 48 47 150
221 38 47 148
221 42 47 99
221 49 47 100
221 10 47 150
222 10 47 150
222 26 47 148
222 12 47 150
222 49 47 100
223 11 10 99
224 1 10 99
225 14 4 100
225 26 10 100
227 37 30 99
227 48 30 99
229 48 8 99
231 17 10 150
231 14 4 100
231 5 17 100
234 43 10 100
235 27 10 100
236 35 10 99
237 0 4 100
240 37 10 100
243 41 10 99
243 14 4 100
244 41 10 99
246 5 17 100
246 43 10 100
248 47 48 100
249 43 10 100
250 36 30 150
250 14 4 100
251 21 18 99
252 37 10 100
252 9 8 99
253 8 10 100
254 34 4 100
255 12 47 150
255 48 47 150
255 10 47 150
255 49 47 100
255 31 47 150
255 27 47 100
255 44 47 100
255 47 47 150
256 47 47 150
256 15 47 100
257 44 10 150
259 27 10 100
260 37 10 100
261 35 10 99
261 0 4 100
262 10 47 150
262 27 47 100
262 21 47 99
262 11 47 100
262 39 47 99
262 47 47 150
263 10 47 150
263 2 47 150
263 28 47 99
263 21 47 99
263 5 17 100
263 44 47 100
264 10 47 150
264 44 47 100
264 14 47 150
264 26 47 148
264 38 47 148
264 27 47 100
265 11 47 100
265 42 47 99
265 14 47 150
265 49 47 100
265 12 47 150
266 14 4 100
268 11 10 99
269 27 10 100
272 35 10 99
272 14 4 100
274 36 47 150
274 15 47 100
274 14 47 150
274 31 47 150
274 26 47 148
275 39 47 99
275 27 47 100
275 10 47 150
275 5 17 100
275 28 47 99
275 12 47 150
276 15 47 100
278 26 10 100
279 30 4 100
280 37 10 100
281 9 8 99
283 37 10 100
284 30 4 100
285 11 10 99
286 41 10 99
288 35 10 99
293 42 9 100
295 45 17 100
300 45 17 100
303 45 17 100
306 22 9 100
309 45 17 100
313 42 9 100
319 43 17 100
322 42 9 100
328 7 9 100
331 5 17 100
335 14 9 148
343 20 9 100
345 11 10 99
346 38 47 148
346 49 47 100
346 47 47 150
346 26 47 148
346 44 47 100
346 21 47 99
346 27 47 100
346 40 47 99
347 12 47 150
347 49 47 100
347 42 47 99
347 44 47 100
348 7 9 100
352 5 17 100
356 22 30 99
356 49 30 150
359 1 10 99
359 20 9 100
361 49 47 100
361 44 47 100
361 14 47 150
361 39 47 99
361 42 47 99
361 10 47 150
362 49 47 100
362 14 47 150
362 39 47 99
362 27 47 100
363 48 47 150
364 43 17 100
369 43 10 100
369 22 9 100
370 1 10 99
370 45 17 100
373 42 9 100
374 38 18 99
375 37 10 100
377 27 10 100
382 8 10 100
383 5 17 100
384 41 10 99
384 7 9 100
385 26 10 100
388 26 10 100
390 23 30 150
391 43 17 100
392 27 10 100
392 7 9 100
394 43 10 100
395 1 10 99
396 42 9 100
401 22 9 100
401 27 10 100
402 37 10 100
404 37 30 99
404 6 30 100
404 45 17 100
405 25 30 148
405 5 30 100
407 48 48 100
408 42 9 100
409 35 10 99
412 35 10 99
413 5 17 100
415 27 10 100
416 6 30 100
416 49 30 150
418 27 10 100
419 38 9 150
420 49 47 100
420 10 47 150
420 47 47 150
420 36 47 150
420 40 47 99
420 27 47 100
420 11 47 100
420 38 47 148
420 48 47 150
421 26 47 148
421 40 47 99
423 43 17 100
424 20 9 100
425 27 10 100
427 35 10 99
428 22 9 100
429 44 30 150
430 8 10 100
431 44 47 100
431 39 47 99
431 42 47 99
431 14 47 150
431 11 47 100
432 41 10 99
432 12 47 150
432 10 47 150
432 26 47 148
432 40 47 99
432 38 47 148
432 44 47 100
434 49 8 99
435 48 47 150
435 11 47 100
435 40 47 99
435 36 47 150
435 26 47 148
435 10 47 150
435 44 47 100
435 39 47 99
435 31 47 150
436 21 47 99
436 49 47 100
437 37 30 99
437 23 30 150
438 7 9 100
440 34 18 99
442 22 9 100
444 20 9 100
445 26 10 100
445 5 17 100
446 43 10 100
447 38 30 148
450 26 10 100
450 20 9 100
452 43 10 100
453 43 17 100
453 5 30 100
453 1 30 150
455 11 10 99
458 27 10 100
461 11 10 99
463 42 9 100
464 44 10 150
465 23 30 150
466 22 9 100
471 45 17 100
476 22 9 100
479 11 47 100
479 49 47 100
479 40 47 99
479 2 47 150
479 7 9 100
479 12 47 150
479 15 47 100
479 38 47 148
479 14 47 150
480 42 47 99
480 48 47 150
480 28 47 99
481 27 10 100
482 37 10 100
483 43 17 100
485 40 47 99
485 42 47 99
485 15 47 100
485 28 47 99
485 11 47 100
485 38 47 148
486 42 9 100
486 42 47 99
486 36 47 150
486 40 47 99
486 43 10 100
486 27 47 100
486 38 47 148
487 21 47 99
490 35 10 99
490 7 9 100
491 8 10 100
492 8 10 100
493 45 17 100
495 20 9 100
497 26 47 148
497 36 47 150
497 2 47 150
497 27 47 100
497 44 47 100
497 10 47 150
497 49 47 100
498 11 10 99
498 11 47 100
498 36 47 150
498 47 47 150
499 41 10 99
500 27 10 100
500 42 9 100
501 48 30 99
501 17 30 150
504 17 30 150
504 5 17 100
505 8 10 100
506 27 10 100
507 22 9 100
507 34 18 99
508 27 10 100
510 20 9 100
511 11 10 99
515 37 10 100
515 20 9 100
516 39 47 99
516 10 47 150
516 31 47 150
516 21 47 99
516 42 47 99
516 12 47 150
516 47 47 150
517 27 47 100
517 37 30 99
517 21 47 99
517 12 47 150
517 42 47 99
517 41 30 150
517 28 47 99
518 5 17 100
518 26 10 100
518 42 9 100
521 1 10 99
524 20 9 100
524 27 10 100
525 8 10 100
526 43 17 100
529 35 10 99
531 7 9 100
532 17 10 150
535 45 17 100
537 20 9 100
538 35 30 100
538 48 30 99
539 44 10 150
541 7 9 100
543 14 47 150
543 27 47 100
543 49 47 100
543 47 47 150
543 39 47 99
543 11 47 100
544 1 10 99
544 49 47 100
544 40 47 99
544 14 47 150
544 42 47 99
544 48 47 150
545 11 10 99
546 20 9 100
546 36 47 150
546 27 47 100
546 48 47 150
546 44 47 100
547 2 47 150
547 12 47 150
547 31 47 150
547 44 47 100
547 15 47 100
548 26 47 148
548 15 47 100
548 38 30 148
548 35 30 100
550 35 10 99
551 42 9 100
552 7 14 100
554 22 9 100
555 3 44 100
556 8 10 100
557 48 14 99
557 11 10 99
558 5 17 100
558 43 10 100
559 34 44 100
560 20 9 100
560 41 10 99
561 36 14 100
563 43 10 100
563 7 14 100
564 20 9 100
564 12 44 100
565 1 10 99
566 9 14 100
566 26 10 100
568 41 10 99
568 48 14 99
568 42 9 100
569 37 10 100
571 3 14 150
572 8 10 100
573 5 17 100
573 48 14 99
574 2 10 150
579 22 9 100
