4 44 6 99
5 30 48 100
7 8 46 99
7 5 48 100
9 20 48 100
10 0 6 150
10 0 28 100
10 0 46 99
11 13 46 99
12 43 48 148
13 44 46 100
14 40 46 100
15 34 48 99
16 4 48 100
19 13 46 99
19 20 48 100
20 40 28 99
21 7 6 150
21 34 46 100
22 2 46 100
22 5 48 100
23 40 6 100
25 49 6 100
26 1 6 100
27 25 6 100
27 13 46 99
28 49 6 100
28 40 28 99
29 41 48 100
30 17 46 100
31 16 48 100
32 3 46 150
33 2 46 100
33 6 48 100
34 9 6 100
35 34 46 100
36 4 48 100
36 2 46 100
38 16 48 100
39 40 6 100
39 40 28 99
41 9 46 100
41 6 48 100
42 0 46 99
43 5 48 100
45 7 6 150
45 16 46 100
46 41 48 100
46 17 46 100
48 0 46 99
48 28 48 100
49 1 48 100
49 17 46 100
50 13 46 99
50 40 6 100
51 34 46 100
52 4 48 100
53 8 46 99
54 5 48 100
54 2 46 100
55 22 28 100
56 41 48 100
57 2 46 100
58 13 6 150
58 13 46 99
60 31 48 100
61 41 48 100
61 17 46 100
63 0 46 99
63 4 48 100
64 25 6 100
64 34 46 100
65 0 28 100
66 48 48 100
68 17 46 100
68 22 48 100
69 16 46 100
70 40 6 100
70 40 46 100
71 4 48 100
72 6 48 100
73 13 46 99
74 22 28 100
75 20 48 100
77 7 6 150
77 16 46 100
78 18 6 99
79 20 48 100
79 40 46 100
82 30 48 100
82 44 46 100
83 29 48 100
83 17 46 100
85 6 48 100
86 13 46 99
87 29 48 100
87 40 28 99
87 40 46 100
88 2 46 100
88 11 6 100
90 34 48 99
91 25 6 100
93 48 6 100
93 13 46 99
93 22 28 100
94 32 48 100
95 31 48 100
97 48 48 100
97 16 46 100
98 9 6 100
98 9 46 100
100 16 48 100
101 22 28 100
102 1 48 100
102 2 46 100
104 34 46 100
104 34 48 99
105 5 48 100
105 8 46 99
106 44 46 100
107 40 6 100
108 32 48 100
110 13 46 99
110 49 6 100
111 8 46 99
112 22 28 100
112 3 6 100
113 30 48 100
114 40 6 100
115 40 46 100
116 31 48 100
117 27 10 150
117 38 10 100
117 0 10 100
117 0 46 99
117 4 10 150
117 8 10 150
118 38 10 100
118 16 46 100
118 16 48 100
118 17 10 100
118 8 10 150
118 13 10 150
118 10 10 150
119 30 10 99
119 17 10 100
119 17 46 100
119 35 10 100
119 4 10 150
119 10 10 150
120 34 46 100
120 34 48 99
120 38 10 100
120 35 10 100
120 25 10 148
121 38 10 100
121 35 10 100
121 25 10 148
121 10 10 150
121 0 10 100
121 6 10 148
122 22 48 100
122 10 10 150
122 27 10 150
122 17 10 100
122 0 10 100
123 25 10 148
123 8 10 150
123 8 46 99
123 13 10 150
124 32 48 100
124 38 10 100
124 27 10 150
124 13 10 150
124 13 46 99
124 5 10 100
124 10 10 150
125 9 46 100
125 35 10 100
125 13 10 150
125 38 10 100
125 6 10 148
125 25 10 148
126 43 48 148
126 8 10 150
126 27 10 150
126 22 28 100
127 17 10 100
127 25 6 100
128 16 46 100
129 40 6 100
129 40 46 100
130 34 46 100
130 34 48 99
131 0 46 99
132 30 48 100
134 40 6 100
136 6 48 100
136 34 46 100
137 40 28 99
138 20 48 100
138 34 46 100
139 6 48 100
139 9 46 100
140 1 6 100
141 16 46 100
142 32 48 100
143 8 46 99
144 18 6 99
144 0 46 99
145 30 48 100
146 13 46 99
147 41 48 100
148 41 48 100
148 22 28 100
150 8 46 99
150 29 48 100
151 25 6 100
152 18 6 99
152 2 46 100
153 48 6 100
154 25 6 100
156 2 46 100
157 6 48 100
157 9 46 100
158 34 46 100
159 1 48 100
159 2 46 100
160 22 28 100
161 11 6 100
162 7 6 150
162 0 46 99
163 18 6 99
163 0 46 99
164 31 48 100
165 6 48 100
167 8 46 99
167 20 6 150
168 44 6 99
168 0 28 100
171 0 6 150
171 0 46 99
172 18 6 99
172 13 46 99
174 1 48 100
174 13 46 99
175 8 46 99
176 14 6 150
177 30 48 100
178 40 28 99
179 1 48 100
180 10 46 150
181 49 6 100
182 48 48 100
182 17 46 100
183 6 48 100
184 9 46 100
185 16 48 100
187 1 48 100
187 0 28 100
188 3 6 100
190 48 48 100
191 32 48 100
191 16 46 100
194 48 48 100
194 22 28 100
195 20 6 150
196 17 46 100
196 9 6 100
197 13 46 99
198 1 48 100
200 13 46 99
200 30 48 100
201 13 46 99
202 2 46 100
203 20 48 100
203 0 46 99
204 1 6 100
205 40 28 99
205 32 48 100
206 40 6 100
208 1 48 100
208 2 46 100
210 48 48 100
211 0 46 99
212 1 6 100
213 4 48 100
214 8 46 99
214 22 28 100
215 29 48 100
216 9 46 100
216 5 48 100
217 0 46 99
218 9 6 100
219 49 6 100
219 9 46 100
220 22 48 100
221 34 46 100
221 40 6 100
223 0 46 99
224 40 28 99
229 44 46 100
232 22 28 100
232 2 46 100
233 34 46 100
234 16 46 100
235 40 46 100
238 0 46 99
239 16 46 100
242 40 28 99
244 8 46 99
245 0 46 99
250 13 46 99
252 0 28 100
253 17 46 100
255 16 46 100
257 40 46 100
258 17 46 100
260 0 28 100
263 44 46 100
266 16 46 100
267 34 46 100
271 40 28 99
272 34 46 100
276 22 28 100
279 0 46 99
280 8 46 99
283 44 46 100
284 34 46 100
286 40 28 99
288 40 46 100
290 8 46 99
291 43 17 99
293 22 28 100
294 1 17 99
295 44 46 100
295 6 9 100
296 7 17 100
296 13 9 100
299 46 17 99
299 40 28 99
301 43 17 99
301 0 46 99
303 7 17 100
304 7 17 100
306 9 46 100
306 7 17 100
307 43 17 99
307 0 46 99
308 46 9 99
308 23 9 99
310 39 28 150
311 23 9 99
311 1 9 100
312 7 17 100
313 13 46 99
313 20 23 100
317 40 28 99
318 46 17 99
319 13 46 99
320 7 17 100
322 2 46 100
322 22 17 100
323 0 46 99
324 1 17 99
325 22 9 150
326 42 9 100
326 13 9 100
327 22 9 150
327 22 28 100
327 42 9 100
328 43 17 99
330 12 9 150
331 42 9 100
331 43 9 150
332 45 9 99
332 23 9 99
334 0 28 100
334 38 23 100
335 46 9 99
335 42 9 100
336 22 17 100
338 21 17 148
338 16 46 100
339 9 46 100
340 40 28 99
341 23 17 148
343 16 46 100
343 1 17 99
344 1 17 99
346 7 17 100
347 16 46 100
348 40 28 99
349 23 17 148
350 43 9 150
350 2 46 100
352 40 46 100
353 42 9 100
353 46 9 99
355 7 17 100
355 40 46 100
356 0 46 99
358 34 46 100
358 40 28 99
358 22 17 100
359 8 46 99
359 46 17 99
361 43 17 99
363 9 46 100
363 22 17 100
364 22 17 100
366 40 28 99
366 22 17 100
367 13 46 99
367 20 23 100
369 13 46 99
369 22 17 100
370 34 46 100
371 8 46 99
371 42 9 100
371 1 9 100
372 7 17 100
374 9 46 100
375 23 9 99
375 46 9 99
376 46 17 99
377 0 28 100
378 22 9 150
378 46 9 99
378 44 46 100
379 17 46 100
380 1 17 99
381 8 46 99
382 40 46 100
382 7 17 100
382 20 23 100
384 0 46 99
385 17 46 100
385 43 17 99
387 46 9 99
387 23 9 99
388 43 17 99
389 7 17 100
390 40 28 99
390 40 46 100
393 22 17 100
395 11 17 100
396 40 28 99
397 20 23 100
397 45 9 99
397 42 9 100
399 11 17 100
399 0 46 99
401 6 9 100
401 42 9 100
402 39 37 100
403 41 9 150
403 17 46 100
403 40 28 99
404 0 46 99
405 1 17 99
406 41 9 150
406 23 9 99
408 12 9 150
409 12 17 150
409 13 46 99
411 0 28 100
412 46 17 99
414 0 46 99
414 7 17 100
416 22 17 100
416 20 23 100
417 40 28 99
418 11 17 100
420 22 17 100
421 7 17 100
421 40 46 100
422 44 46 100
424 12 9 150
424 13 9 100
425 8 46 99
426 0 46 99
426 43 17 99
427 20 23 100
427 40 28 99
429 8 46 99
430 22 17 100
432 13 9 100
432 2 9 100
433 13 46 99
434 8 46 99
434 43 17 99
435 8 46 99
435 45 9 99
436 0 28 100
436 13 9 100
436 34 9 148
437 0 46 99
438 1 9 100
438 36 23 100
438 6 9 100
441 22 17 100
442 17 46 100
443 34 9 148
443 6 9 100
444 45 9 99
444 2 9 100
445 0 28 100
446 13 46 99
446 22 17 100
448 12 17 150
450 11 17 100
451 0 28 100
451 2 9 100
451 42 9 100
453 5 37 100
454 10 46 150
456 16 46 100
457 16 46 100
458 23 17 148
459 22 9 150
461 22 28 100
462 43 17 99
464 19 37 100
465 8 46 99
466 17 23 100
466 22 28 100
467 8 46 99
467 1 17 99
468 43 17 99
470 40 46 100
471 44 46 100
472 23 9 99
472 45 9 99
473 16 46 100
475 22 17 100
476 22 28 100
478 40 46 100
478 31 17 150
480 43 17 99
481 36 23 100
482 16 46 100
482 13 9 100
483 22 9 150
483 22 28 100
484 41 9 150
486 13 46 99
486 46 17 99
488 43 17 99
489 19 37 100
491 17 46 100
492 0 28 100
492 22 17 100
494 23 9 99
494 2 9 100
496 43 17 99
497 22 17 100
498 42 9 100
498 1 9 100
498 22 28 100
500 13 46 99
500 43 17 99
501 6 9 100
501 12 9 150
501 8 46 99
502 44 46 100
503 46 17 99
504 1 17 99
505 34 46 100
506 0 46 99
506 36 23 100
507 1 17 99
508 44 46 100
509 46 17 99
509 44 46 100
510 1 17 99
510 0 28 100
511 1 9 100
511 42 9 100
512 1 9 100
513 13 9 100
514 44 46 100
515 13 46 99
515 1 17 99
516 40 46 100
517 0 46 99
519 43 17 99
520 22 17 100
521 40 28 99
522 17 46 100
524 17 46 100
524 1 37 100
525 2 46 100
526 22 9 150
526 17 23 100
527 1 17 99
528 22 9 150
528 1 9 100
529 0 28 100
531 21 17 148
533 11 17 100
533 0 46 99
535 22 17 100
536 6 9 100
536 40 28 99
537 23 9 99
537 6 9 100
537 46 9 99
538 23 9 99
538 1 9 100
540 43 17 99
541 17 23 100
543 37 9 150
545 46 17 99
547 23 17 148
548 17 9 150
548 46 9 99
551 43 17 99
553 46 17 99
554 7 17 100
556 22 17 100
558 22 17 100
560 22 17 100
564 7 17 100
566 22 9 150
567 11 17 100
568 43 17 99
569 17 23 100
572 1 17 99
575 7 17 100
576 1 17 99
578 16 48 100
579 7 6 150
580 8 46 99
581 41 48 100
581 2 46 100
582 4 48 100
584 40 28 99
584 1 48 100
586 3 6 100
587 5 48 100
587 44 46 100
590 1 48 100
591 25 6 100
591 22 28 100
593 29 48 100
594 41 48 100
596 4 48 100
596 2 46 100
597 16 46 100
598 5 48 100
598 40 28 99
599 13 6 150
601 8 46 99
601 34 48 99
602 34 46 100
603 6 48 100
604 29 48 100
606 1 48 100
606 22 28 100
608 5 48 100
609 16 46 100
610 31 48 100
610 2 46 100
611 32 48 100
611 0 46 99
612 44 46 100
613 6 48 100
614 13 46 99
615 17 46 100
616 28 48 100
617 0 28 100
618 20 48 100
620 49 48 150
622 13 46 99
622 16 48 100
624 8 46 99
624 41 48 100
625 0 46 99
626 16 48 100
626 40 28 99
627 40 46 100
628 5 48 100
629 41 48 100
630 44 46 100
631 8 46 99
631 6 48 100
633 16 46 100
633 16 48 100
635 48 48 100
635 34 46 100
636 0 46 99
637 49 48 150
637 13 46 99
638 0 28 100
639 48 48 100
640 44 6 99
640 44 46 100
642 34 48 99
644 2 46 100
644 16 48 100
646 48 48 100
647 0 6 150
647 0 28 100
648 48 6 100
648 34 46 100
649 17 46 100
649 41 48 100
651 4 48 100
653 30 48 100
656 4 48 100
657 25 6 100
657 22 28 100
657 44 46 100
659 48 48 100
659 13 46 99
660 29 48 100
662 34 48 99
663 44 46 100
664 30 48 100
664 40 28 99
666 1 48 100
667 29 48 100
669 40 46 100
669 22 48 100
670 40 28 99
671 4 48 100
672 34 46 100
673 31 48 100
674 0 46 99
675 4 48 100
675 40 46 100
676 30 48 100
678 6 48 100
678 22 28 100
680 25 6 100
681 32 48 100
681 8 46 99
683 40 46 100
683 1 48 100
684 34 48 99
685 48 6 100
686 40 28 99
687 41 48 100
688 16 46 100
689 48 48 100
690 17 46 100
691 34 48 99
693 32 48 100
694 48 48 100
694 8 46 99
695 40 28 99
696 16 46 100
696 16 48 100
698 32 48 100
700 16 48 100
701 40 28 99
702 30 48 100
703 29 48 100
705 29 48 100
706 40 28 99
707 1 48 100
709 4 48 100
710 22 48 100
712 4 48 100
712 40 28 99
713 44 46 100
714 6 48 100
714 8 46 99
716 13 46 99
716 49 6 100
717 41 48 100
719 35 48 150
720 22 28 100
720 44 6 99
722 31 48 100
723 2 46 100
724 44 46 100
724 5 48 100
726 18 6 99
727 41 48 100
727 8 46 99
729 0 28 100
730 28 48 100
731 29 48 100
733 17 46 100
733 41 48 100
735 3 46 150
735 28 4 100
736 1 48 100
736 40 46 100
737 34 46 100
738 4 48 100
738 13 46 99
740 4 48 100
741 32 48 100
742 44 46 100
743 41 48 100
743 22 28 100
745 1 48 100
746 8 46 99
747 6 48 100
748 4 48 100
749 22 28 100
749 8 46 99
750 20 48 100
752 49 6 100
753 40 46 100
754 34 48 99
756 32 48 100
757 0 28 100
758 2 46 100
758 20 48 100
759 31 48 100
761 32 48 100
763 6 48 100
763 40 28 99
764 13 46 99
765 32 48 100
765 44 46 100
767 31 48 100
767 40 46 100
768 30 48 100
770 8 46 99
770 5 48 100
772 48 48 100
773 40 28 99
774 28 48 100
775 41 48 100
776 40 46 100
777 22 48 100
779 22 28 100
779 22 48 100
780 17 46 100
781 34 48 99
783 43 48 148
784 16 46 100
785 0 28 100
785 29 48 100
787 2 46 100
787 29 48 100
789 31 48 100
791 29 48 100
792 31 48 100
792 22 28 100
794 6 48 100
796 30 48 100
796 16 46 100
798 1 48 100
800 0 28 100
800 0 48 148
802 1 48 100
804 22 28 100
804 22 48 100
806 32 48 100
808 0 48 148
809 44 46 100
810 22 48 100
811 40 28 99
812 17 46 100
812 22 48 100
814 31 48 100
816 5 48 100
817 18 6 99
818 6 48 100
818 22 28 100
820 20 48 100
821 17 46 100
822 16 46 100
822 16 48 100
823 44 6 99
825 34 48 99
825 40 28 99
826 5 48 100
828 5 48 100
829 2 46 100
830 31 48 100
831 13 46 99
832 8 46 99
832 16 48 100
833 40 28 99
834 6 48 100
835 5 48 100
836 18 6 99
837 9 6 100
837 40 46 100
839 31 48 100
840 16 46 100
841 48 48 100
841 0 28 100
842 0 46 99
843 8 46 99
844 13 46 99
844 5 48 100
845 44 6 99
845 44 46 100
847 6 48 100
848 29 48 100
849 0 46 99
851 5 48 100
851 40 28 99
853 28 48 100
855 4 48 100
856 4 48 100
858 22 28 100
858 22 48 100
858 17 46 100
859 7 6 150
861 28 48 100
862 8 46 99
863 30 48 100
863 27 16 100
