461 19 7 100
461 20 5 150
461 20 20 148
461 20 23 150
461 20 28 100
461 20 42 148
461 15 3 100
461 15 6 100
461 15 26 148
461 3 3 100
461 3 20 150
461 3 23 100
461 3 26 150
461 3 28 100
461 3 42 99
461 3 49 128
461 29 12 100
461 29 25 150
461 29 28 100
461 29 32 48
461 1 6 99
461 1 12 100
461 1 20 150
461 1 22 100
461 1 28 100
461 1 41 150
461 48 3 150
461 48 23 150
461 48 25 100
461 48 26 150
461 48 37 100
461 48 44 150
461 48 47 72
461 0 5 100
461 0 6 150
461 0 12 148
461 0 23 150
461 0 26 148
461 0 42 150
461 42 22 150
461 24 25 100
461 24 37 150
461 23 3 150
461 23 7 100
461 23 20 100
461 23 41 99
461 23 42 150
461 22 41 100
461 22 42 150
461 31 3 100
461 31 6 148
461 31 7 100
461 31 12 99
461 31 26 148
461 31 42 150
461 9 6 100
461 9 44 150
461 7 3 150
461 7 6 150
461 7 7 99
461 7 28 148
461 45 20 100
461 45 23 99
462 48 3 150
462 48 23 150
462 48 25 100
462 48 26 96
462 48 44 114
462 33 7 148
462 33 28 150
462 29 3 32
462 29 25 150
462 29 28 100
462 29 37 148
462 34 7 150
462 34 12 100
462 34 20 150
462 34 22 100
462 34 23 150
462 20 5 150
462 20 20 148
462 20 23 150
462 20 28 100
462 20 42 148
462 46 6 100
462 46 25 100
462 46 37 100
462 46 41 50
462 46 49 8
462 6 5 100
462 6 20 150
462 6 22 150
462 0 5 100
462 0 6 150
462 0 12 148
462 0 23 150
462 0 42 150
462 41 6 100
462 41 25 150
462 41 28 100
462 41 37 100
462 15 3 2
462 8 37 99
462 49 6 150
462 49 7 100
462 49 12 100
462 49 22 100
462 49 25 100
462 49 37 150
462 49 42 148
462 4 23 148
462 43 42 100
463 38 20 150
463 38 28 100
463 8 37 99
463 0 5 100
463 0 6 150
463 0 12 148
463 0 23 150
463 0 42 150
463 13 12 148
463 13 41 1
463 12 22 150
463 12 25 148
463 21 20 150
463 21 23 100
463 21 42 100
463 21 44 2
463 44 23 150
463 18 6 100
463 18 12 150
463 18 20 99
463 18 22 148
463 18 23 100
463 18 28 150
463 18 37 100
463 18 42 150
463 15 6 100
463 47 12 99
463 5 42 150
463 26 5 150
463 26 23 100
463 26 37 100
463 1 6 99
463 1 12 100
463 1 20 150
463 1 22 100
463 1 28 100
463 41 6 100
463 41 25 150
463 41 28 100
463 41 37 100
463 40 25 100
463 40 42 100
464 47 12 99
464 34 7 150
464 34 12 100
464 34 20 150
464 34 22 100
464 34 23 150
464 46 6 100
464 46 25 100
464 46 37 100
464 46 42 99
464 24 25 100
464 24 37 150
464 16 7 148
464 16 22 150
464 16 28 150
464 16 37 150
464 41 6 100
464 41 25 150
464 41 28 100
464 41 37 100
464 19 7 100
464 21 20 150
464 21 23 100
464 21 42 100
464 20 5 150
464 20 20 148
464 20 23 150
464 20 28 100
464 20 42 148
464 2 5 148
464 2 7 99
464 31 6 148
464 31 7 100
464 31 12 99
464 31 42 150
464 15 6 100
464 7 6 150
464 7 7 99
464 7 28 104
464 33 7 148
464 33 28 2
465 26 5 150
465 26 23 100
465 26 37 100
465 6 5 100
465 6 20 150
465 6 22 150
465 8 37 99
465 41 6 100
465 41 25 150
465 41 37 100
465 7 6 150
465 7 7 99
465 23 7 100
465 23 20 100
465 23 42 150
465 13 12 148
465 48 23 150
465 48 25 100
465 48 37 100
465 16 7 140
465 16 37 150
465 21 20 150
465 21 23 100
465 21 42 100
465 18 6 100
465 18 12 150
465 18 20 99
465 18 22 148
465 18 23 100
465 18 37 100
465 18 42 150
465 45 20 100
465 45 23 99
465 24 25 100
465 24 37 150
465 32 22 100
466 39 23 150
466 3 20 150
466 3 23 100
466 3 42 99
466 45 20 100
466 45 23 99
466 26 5 150
466 26 23 100
466 26 37 100
466 26 44 8
466 46 25 100
466 46 37 100
466 46 42 99
466 30 23 148
466 30 37 150
466 14 42 100
466 21 20 150
466 21 23 100
466 21 42 100
466 20 5 72
466 20 23 150
466 20 42 148
466 27 12 148
466 27 20 99
466 27 25 100
466 12 22 150
466 12 25 148
466 0 6 150
466 0 12 148
466 0 23 150
466 0 42 150
466 49 6 150
466 49 12 100
466 49 22 100
466 49 25 100
466 49 37 150
466 49 42 148
466 8 37 99
466 48 23 150
466 48 25 100
466 48 37 100
466 34 12 100
466 34 20 150
466 34 22 100
466 34 23 150
467 20 5 12
467 20 23 150
467 20 42 148
467 47 12 99
467 5 42 150
467 42 22 150
467 39 23 150
467 40 25 100
467 40 42 100
467 27 12 148
467 27 20 99
467 27 25 100
467 21 20 150
467 21 23 100
467 21 42 100
467 0 6 150
467 0 12 148
467 0 23 150
467 0 42 150
467 41 6 100
467 41 25 150
467 41 37 100
467 23 20 100
467 23 42 150
467 4 23 148
467 44 23 150
467 18 6 100
467 18 12 150
467 18 20 99
467 18 22 148
467 18 23 100
467 18 37 100
467 18 42 150
467 8 37 99
467 30 23 148
467 30 37 150
468 22 42 150
468 39 23 150
468 13 12 148
468 43 42 100
468 16 22 150
468 16 37 150
468 21 20 150
468 21 23 100
468 21 42 100
468 0 5 12
468 0 12 148
468 0 23 150
468 0 42 150
468 47 12 99
468 5 42 150
468 9 6 100
468 11 20 148
468 11 23 100
468 36 6 99
468 36 12 150
468 36 22 100
468 40 25 100
468 40 42 100
468 41 6 100
468 41 25 150
468 41 37 100
468 4 23 148
469 18 6 100
469 18 12 150
469 18 20 99
469 18 22 148
469 18 23 100
469 18 37 100
469 18 42 150
469 44 23 150
469 17 5 12
469 17 22 150
469 47 12 99
469 32 22 100
469 20 20 148
469 20 23 150
469 20 42 148
469 11 20 148
469 11 23 100
469 39 23 150
469 46 6 100
469 46 25 100
469 46 37 100
469 46 42 99
469 49 6 150
469 49 12 100
469 49 22 100
469 49 25 100
469 49 37 150
469 49 42 148
469 0 6 150
469 0 12 148
469 0 23 150
469 0 42 150
469 45 20 100
469 45 23 99
469 13 12 148
470 14 42 100
470 36 6 99
470 36 12 150
470 36 22 100
470 3 20 150
470 3 23 100
470 3 42 99
470 3 49 8
470 12 25 148
470 2 5 12
470 21 20 150
470 21 23 100
470 21 42 100
470 48 23 150
470 48 25 100
470 48 37 100
470 18 6 100
470 18 12 150
470 18 20 99
470 18 22 148
470 18 23 100
470 18 37 100
470 18 42 150
470 32 22 100
470 17 6 148
470 17 22 150
470 24 25 100
470 24 37 150
470 39 23 150
470 35 12 150
470 4 23 148
471 35 12 150
471 25 3 32
471 14 42 100
471 8 37 99
471 49 6 150
471 49 12 100
471 49 22 100
471 49 25 100
471 49 37 150
471 49 42 148
471 34 12 100
471 34 20 150
471 34 22 100
471 34 23 150
471 42 22 150
471 43 42 100
471 27 12 148
471 27 20 99
471 27 25 100
471 22 42 150
471 0 6 150
471 0 12 148
471 0 23 150
471 0 42 150
471 12 22 150
471 12 25 148
471 3 20 150
471 3 23 100
471 3 42 99
471 6 20 150
471 6 22 150
471 7 6 150
472 16 22 150
472 16 37 150
472 16 49 6
472 24 37 150
472 24 49 2
472 30 23 148
472 30 37 150
472 13 12 148
472 49 6 150
472 49 12 100
472 49 22 100
472 49 25 100
472 49 37 150
472 49 42 148
472 35 12 150
472 14 42 100
472 43 42 100
472 41 6 100
472 41 25 150
472 41 37 100
472 47 12 99
472 22 42 150
472 7 6 150
473 45 20 100
473 45 23 99
473 11 5 12
473 11 23 100
473 29 3 32
473 29 25 150
473 29 37 148
473 16 22 150
473 16 37 150
473 26 23 100
473 26 37 100
473 36 6 99
473 36 12 150
473 36 22 100
473 47 12 99
473 15 6 100
473 10 42 150
473 41 6 100
473 41 25 150
473 41 37 100
473 39 23 150
473 0 6 150
473 0 12 148
473 0 23 150
473 0 42 150
473 3 20 150
473 3 23 100
473 3 42 99
473 4 23 148
474 45 20 100
474 45 23 99
474 41 6 100
474 41 25 150
474 41 37 100
474 1 6 99
474 1 12 100
474 1 20 150
474 1 22 100
474 29 12 100
474 29 25 150
474 29 37 148
474 49 6 150
474 49 12 100
474 49 22 100
474 49 25 100
474 49 37 150
474 49 42 148
474 5 42 150
474 5 44 6
474 34 20 150
474 34 22 100
474 34 23 150
474 16 22 150
474 16 37 150
474 48 23 150
474 48 25 100
474 48 37 100
474 22 42 150
474 40 25 100
474 40 42 100
474 10 42 150
474 23 20 100
474 23 42 150
474 47 12 99
474 44 23 150
474 32 22 100
475 45 20 100
475 45 23 99
475 4 23 148
475 4 49 8
475 40 42 100
475 15 6 100
475 20 5 24
475 20 23 150
475 20 42 148
475 6 20 150
475 6 22 150
475 13 12 148
475 16 22 150
475 16 37 150
475 46 6 100
475 46 25 100
475 46 37 100
475 46 42 99
475 9 6 100
475 9 44 2
475 0 12 148
475 0 23 150
475 0 42 150
475 22 42 150
475 5 42 150
475 23 20 100
475 23 42 150
476 40 25 100
476 40 42 100
476 25 3 32
476 26 23 100
476 26 37 100
476 1 6 99
476 1 12 100
476 1 20 150
476 1 22 100
476 34 12 100
476 34 20 150
476 34 22 100
476 34 23 150
476 24 25 100
476 24 37 150
476 23 20 100
476 23 42 150
476 12 22 150
476 12 25 148
476 31 6 148
476 31 12 99
476 31 42 150
476 15 6 100
476 10 42 150
476 9 6 100
476 42 22 150
476 29 12 100
476 29 25 150
476 29 37 148
477 8 37 99
477 30 3 32
477 30 37 150
477 32 22 100
477 14 42 100
477 15 6 100
477 12 22 150
477 12 25 148
477 6 20 150
477 6 22 150
477 16 22 150
477 16 37 150
477 11 20 148
477 11 23 100
477 26 23 100
477 26 37 100
477 36 6 99
477 36 12 150
477 36 22 100
477 17 6 148
477 17 22 150
477 42 22 150
478 21 20 150
478 21 23 100
478 21 42 100
478 38 20 150
478 29 3 32
478 29 25 150
478 29 37 148
478 27 12 148
478 27 20 99
478 27 25 100
478 46 6 100
478 46 25 100
478 46 37 100
478 46 42 99
478 44 23 150
478 0 6 150
478 0 12 148
478 0 23 150
478 0 42 150
478 26 23 100
478 26 37 100
478 31 6 148
478 31 12 99
478 31 42 150
478 49 6 150
478 49 12 100
478 49 22 100
478 49 25 100
478 49 37 150
478 49 42 148
478 36 6 99
478 36 12 150
478 36 22 100
478 48 23 150
478 48 25 100
478 48 37 100
478 30 23 148
478 30 37 150
478 40 25 100
478 40 42 100
478 32 22 100
479 12 22 150
479 12 25 148
479 47 12 99
479 36 6 99
479 36 12 150
479 36 22 100
479 3 20 150
479 3 23 100
479 3 42 99
479 20 5 12
479 20 23 150
479 20 42 148
479 18 6 100
479 18 12 150
479 18 20 99
479 18 22 148
479 18 23 100
479 18 37 100
479 18 42 150
479 45 20 100
479 45 23 99
479 41 6 100
479 41 25 150
479 41 37 100
479 17 6 148
479 17 22 150
479 49 6 150
479 49 12 100
479 49 22 100
479 49 25 100
479 49 37 150
479 49 42 148
479 13 12 148
479 23 20 100
479 23 42 150
479 16 22 150
479 16 37 150
479 8 37 99
480 4 23 148
480 24 25 100
480 24 37 150
480 11 5 12
480 11 23 100
480 26 23 100
480 26 37 100
480 41 6 100
480 41 25 150
480 41 37 100
480 42 22 150
480 21 20 150
480 21 23 100
480 21 42 100
480 48 23 150
480 48 25 100
480 48 37 100
480 49 6 150
480 49 12 100
480 49 22 100
480 49 25 100
480 49 37 150
480 49 42 148
480 23 20 100
480 23 42 150
480 12 22 150
480 12 25 148
480 10 42 150
480 30 23 148
480 30 37 150
480 9 6 100
481 1 6 99
481 1 12 100
481 1 20 150
481 1 22 100
481 10 3 30
481 6 20 150
481 6 22 150
481 8 37 99
481 32 22 100
481 44 23 150
481 16 3 2
481 16 37 150
481 31 6 148
481 31 12 99
481 31 42 150
481 20 20 148
481 20 23 150
481 20 42 148
481 12 22 150
481 12 25 148
481 48 23 150
481 48 25 100
481 48 37 100
481 46 6 100
481 46 25 100
481 46 37 100
481 46 42 99
481 22 42 150
481 47 12 99
482 16 22 150
482 16 37 150
482 0 5 12
482 0 12 148
482 0 23 150
482 0 42 150
482 12 22 150
482 12 25 148
482 45 20 100
482 45 23 99
482 32 22 100
482 15 6 100
482 39 23 150
482 49 6 150
482 49 12 100
482 49 22 100
482 49 25 100
482 49 37 150
482 49 42 148
482 5 42 150
482 42 22 150
482 26 23 100
482 26 37 100
482 41 6 100
482 41 25 150
482 41 37 100
482 10 42 150
482 17 6 148
482 17 22 150
483 3 20 150
483 3 23 100
483 3 42 99
483 15 6 100
483 20 5 12
483 20 23 150
483 20 42 148
483 22 42 150
483 9 6 100
483 38 20 150
483 7 6 150
483 36 6 99
483 36 12 150
483 36 22 100
483 27 12 148
483 27 20 99
483 27 25 100
483 14 42 100
483 40 25 100
483 40 42 100
483 18 6 100
483 18 12 150
483 18 20 99
483 18 22 148
483 18 23 100
483 18 37 100
483 18 42 150
483 10 42 150
483 0 6 150
483 0 12 148
483 0 23 150
483 0 42 150
484 29 3 32
484 29 25 150
484 29 37 148
484 44 23 150
484 30 23 148
484 30 37 150
484 4 23 148
484 35 12 150
484 32 22 100
484 1 6 99
484 1 12 100
484 1 20 150
484 1 22 100
484 38 20 150
484 48 23 150
484 48 25 100
484 48 37 100
484 47 12 99
484 42 22 150
484 46 6 100
484 46 25 100
484 46 37 100
484 46 42 99
484 43 42 100
484 3 20 150
484 3 23 100
484 3 42 99
484 14 42 100
485 27 12 148
485 27 20 99
485 27 25 100
485 40 25 100
485 40 42 100
485 5 42 150
485 5 44 6
485 48 23 150
485 48 25 100
485 48 37 100
485 12 22 150
485 12 25 148
485 0 5 12
485 0 12 148
485 0 23 150
485 0 42 150
485 24 25 100
485 24 37 150
485 31 6 148
485 31 12 99
485 31 42 150
485 10 42 150
485 18 6 100
485 18 12 150
485 18 20 99
485 18 22 148
485 18 23 100
485 18 37 100
485 18 42 150
485 23 20 100
485 23 42 150
485 36 6 99
485 36 12 150
485 36 22 100
485 43 42 100
486 3 20 150
486 3 23 100
486 3 42 99
486 47 12 99
486 6 5 12
486 6 22 150
486 0 6 150
486 0 12 148
486 0 23 150
486 0 42 150
486 2 44 10
486 35 12 150
486 9 6 100
486 14 42 100
486 13 12 148
486 17 6 148
486 17 22 150
486 49 6 150
486 49 12 100
486 49 22 100
486 49 25 100
486 49 37 150
486 49 42 148
486 29 12 100
486 29 25 150
486 29 37 148
486 36 6 99
486 36 12 150
486 36 22 100
486 27 12 148
486 27 20 99
486 27 25 100
486 15 6 100
487 36 3 30
487 36 12 150
487 36 22 100
487 18 6 100
487 18 12 150
487 18 20 99
487 18 22 148
487 18 23 100
487 18 37 100
487 18 42 150
487 32 22 100
487 32 44 6
487 12 25 148
487 0 6 150
487 0 12 148
487 0 23 150
487 0 42 150
487 31 6 148
487 31 12 99
487 31 42 150
487 14 42 100
487 47 12 99
487 46 6 100
487 46 25 24
487 46 42 99
487 42 22 150
487 17 6 148
487 17 22 150
487 48 23 150
487 48 37 100
487 21 20 150
487 21 23 100
487 21 42 100
487 21 44 2
487 27 20 99
487 35 12 150
487 16 22 150
487 16 37 150
488 15 6 100
488 39 23 150
488 41 6 100
488 41 37 100
488 20 5 12
488 20 23 150
488 20 42 148
488 45 20 100
488 45 23 99
488 12 22 150
488 34 12 100
488 34 20 150
488 34 22 100
488 34 23 150
488 38 20 150
488 49 6 150
488 49 12 100
488 49 22 100
488 49 37 150
488 49 42 148
488 16 22 150
488 16 37 150
488 5 42 150
488 5 44 6
488 21 23 100
488 21 42 100
488 21 44 2
488 44 23 150
489 46 6 100
489 46 37 100
489 46 42 99
489 21 20 150
489 21 23 100
489 21 42 100
489 8 37 99
489 18 6 100
489 18 12 150
489 18 20 99
489 18 22 148
489 18 23 100
489 18 37 100
489 18 42 150
489 2 5 12
489 3 20 150
489 3 23 100
489 3 42 99
489 6 20 150
489 6 22 150
489 36 6 99
489 36 12 150
489 36 22 100
489 27 12 148
489 27 20 99
489 49 6 150
489 49 12 100
489 49 22 100
489 49 37 150
489 49 42 148
489 26 23 100
489 26 37 100
489 15 6 100
489 35 12 150
489 16 22 150
489 16 37 150
490 7 6 150
490 30 23 148
490 30 37 150
490 20 5 12
490 20 23 150
490 20 42 148
490 9 6 100
490 14 42 100
490 0 6 150
490 0 12 148
490 0 23 150
490 0 42 150
490 41 6 100
490 41 37 100
490 44 23 150
490 21 20 150
490 21 23 100
490 21 42 100
490 35 12 150
490 27 12 148
490 27 20 99
490 16 22 150
490 16 37 150
490 13 12 148
490 26 23 100
490 26 37 100
490 4 23 148
491 17 5 12
491 17 22 150
491 26 23 100
491 26 37 100
491 47 12 99
491 41 6 100
491 41 37 100
491 12 22 150
491 29 12 100
491 29 37 148
491 6 20 150
491 6 22 150
491 3 20 150
491 3 23 100
491 3 42 99
491 18 6 100
491 18 12 150
491 18 20 99
491 18 22 148
491 18 23 100
491 18 37 100
491 18 42 150
491 34 12 100
491 34 20 150
491 34 22 100
491 34 23 150
491 48 23 150
491 48 37 100
491 42 22 150
491 39 23 150
491 49 6 150
491 49 12 100
491 49 22 100
491 49 37 150
491 49 42 148
492 23 20 100
492 23 42 150
492 12 22 150
492 18 6 100
492 18 12 150
492 18 20 99
492 18 22 148
492 18 23 100
492 18 37 100
492 18 42 150
492 30 23 148
492 30 37 150
492 40 42 100
492 10 42 150
492 31 6 148
492 31 12 99
492 31 42 150
492 29 12 100
492 29 37 148
492 3 20 150
492 3 23 100
492 3 42 99
492 16 22 150
492 16 37 150
492 27 12 148
492 27 20 99
492 32 22 100
492 35 12 150
492 7 6 150
492 4 23 148
493 49 6 150
493 49 12 100
493 49 22 100
493 49 37 150
493 49 42 148
493 3 20 150
493 3 23 100
493 3 42 99
493 12 22 150
493 5 42 150
493 11 5 24
493 11 23 100
493 9 6 100
493 17 6 148
493 17 22 150
493 4 23 148
493 8 37 99
493 6 20 150
493 6 22 150
493 1 6 99
493 1 12 100
493 1 20 150
493 1 22 100
493 36 6 99
493 36 12 150
493 36 22 100
493 40 42 100
493 44 23 150
493 31 6 148
493 31 12 99
493 31 42 150
493 27 12 148
493 27 20 99
494 41 6 100
494 41 28 100
494 41 37 100
494 2 7 99
494 44 7 150
494 44 23 150
494 23 7 36
494 23 42 150
494 3 20 150
494 3 23 100
494 3 28 100
494 3 42 99
494 8 37 99
494 49 6 150
494 49 12 100
494 49 22 100
494 49 37 150
494 49 42 148
494 28 28 38
494 4 23 148
494 26 23 100
494 26 37 100
494 10 42 150
494 21 20 150
494 21 23 100
494 21 42 100
494 7 6 150
494 6 20 150
494 6 22 150
495 2 5 12
495 29 12 100
495 29 37 148
495 13 12 148
495 20 20 148
495 20 23 150
495 20 42 148
495 23 20 100
495 23 42 150
495 39 23 150
495 47 12 99
495 34 12 100
495 34 20 150
495 34 22 100
495 34 23 150
495 31 6 148
495 31 12 99
495 31 42 150
495 36 6 99
495 36 12 150
495 36 22 100
495 1 6 99
495 1 12 100
495 1 20 150
495 1 22 100
495 6 20 150
495 6 22 150
495 48 23 150
495 48 37 100
495 18 6 100
495 18 12 150
495 18 20 99
495 18 22 148
495 18 23 100
495 18 37 100
495 18 42 118
496 18 6 100
496 18 12 150
496 18 20 99
496 18 22 148
496 18 23 100
496 18 37 100
496 18 42 126
496 4 44 6
496 11 5 12
496 11 23 100
496 11 44 2
496 8 11 2
496 13 12 148
496 15 6 100
496 3 20 150
496 3 23 100
496 41 6 100
496 41 37 100
496 49 6 150
496 49 12 100
496 49 22 100
496 49 37 150
497 17 5 12
497 17 11 8
497 15 6 100
497 47 12 99
497 5 49 6
497 12 22 150
497 30 23 148
497 30 37 150
497 1 6 99
497 1 12 100
497 1 20 150
497 1 22 100
497 42 22 150
497 48 23 150
497 48 37 100
497 49 6 150
497 49 12 100
497 49 22 100
497 49 37 150
497 49 49 2
498 4 11 6
498 17 5 12
498 17 11 2
498 6 20 150
498 6 22 150
498 48 23 150
498 48 37 100
498 26 23 100
498 26 37 100
498 13 12 148
498 5 42 24
498 47 12 99
498 46 6 100
498 46 37 100
498 3 20 150
498 3 23 100
498 41 6 100
498 41 37 100
498 39 23 150
498 21 20 150
498 21 23 100
498 21 42 2
499 48 23 150
499 48 37 100
499 23 20 100
499 23 42 126
499 32 22 100
499 46 6 100
499 46 37 100
499 15 6 100
499 8 11 8
499 45 20 100
499 45 23 99
499 34 12 100
499 34 20 150
499 34 22 100
499 34 23 150
499 13 12 148
499 17 5 12
499 17 22 150
499 20 20 148
499 20 23 150
499 26 23 100
499 26 37 100
500 11 5 12
500 11 23 100
500 18 6 100
500 18 12 150
500 18 20 99
500 18 22 148
500 18 23 100
500 18 37 100
500 18 42 126
500 45 20 100
500 45 23 99
500 8 11 8
500 6 20 150
500 6 22 150
500 41 6 100
500 41 37 100
500 31 6 148
500 31 12 99
500 30 23 148
500 30 37 150
500 35 12 150
500 49 6 150
500 49 12 100
500 49 22 100
500 49 37 150
500 24 37 150
500 4 23 148
500 48 23 150
500 48 37 100
501 47 11 8
501 16 22 150
501 16 37 150
501 16 49 6
501 41 37 100
501 48 23 150
501 48 37 100
501 39 23 150
501 39 49 2
501 49 6 150
501 49 12 100
501 49 22 100
501 49 37 150
501 35 12 150
501 38 20 150
501 17 6 148
501 17 22 150
501 32 22 100
502 40 29 60
502 3 3 32
502 3 23 100
502 3 42 24
502 27 12 148
502 27 20 99
502 48 23 150
502 48 37 100
502 10 42 2
502 38 20 150
502 30 23 148
502 30 37 150
502 32 22 100
502 46 6 100
502 46 37 100
502 42 22 150
503 46 6 100
503 46 37 100
503 46 49 8
503 27 20 99
503 9 6 100
503 7 6 150
503 7 28 148
503 14 28 88
503 49 12 100
503 49 22 100
503 49 37 150
503 29 12 100
503 29 37 148
503 1 6 99
503 1 12 100
503 1 20 150
503 1 22 100
503 1 28 2
503 41 37 100
503 45 20 100
503 45 23 99
503 13 12 148
503 0 5 12
503 0 12 148
503 0 23 150
503 6 20 150
503 6 22 150
503 11 20 148
503 11 23 100
503 15 6 100
504 34 12 100
504 34 20 150
504 34 22 100
504 34 23 150
504 7 6 150
504 35 12 150
504 20 5 12
504 20 23 150
504 20 42 124
504 29 37 148
504 31 6 148
504 31 11 8
504 31 42 2
504 4 23 148
504 45 20 100
504 45 23 99
504 21 20 150
504 21 23 100
504 6 20 150
504 6 22 150
504 3 20 150
504 3 23 100
504 17 6 148
504 17 22 150
505 42 22 150
505 20 5 12
505 20 23 150
505 20 42 124
505 44 23 150
505 6 20 150
505 6 22 150
505 12 22 150
505 41 6 100
505 41 37 100
505 7 6 150
505 45 20 100
505 45 23 99
505 14 11 8
505 18 12 150
505 18 20 99
505 18 22 148
505 18 23 100
505 18 37 100
505 9 6 100
505 35 12 150
506 27 11 6
506 27 20 99
506 5 42 126
506 34 20 150
506 34 22 100
506 34 23 150
506 18 6 100
506 18 12 150
506 18 20 99
506 18 22 148
506 18 23 100
506 18 37 100
506 12 22 150
506 30 23 148
506 30 37 150
506 42 22 150
506 46 6 100
506 46 37 100
506 15 6 100
506 11 5 12
506 11 23 100
506 32 22 100
506 41 6 100
506 41 37 100
506 38 20 150
507 29 12 100
507 29 37 148
507 38 20 150
507 27 11 9
507 27 20 99
507 8 37 99
507 1 6 99
507 1 12 100
507 1 20 150
507 1 22 100
507 14 11 1
507 21 20 150
507 21 23 100
507 21 42 26
507 34 12 100
507 34 20 150
507 34 22 100
507 34 23 150
507 41 6 100
507 41 37 100
507 11 20 148
507 11 23 100
507 47 12 99
507 13 12 148
508 14 42 100
508 45 20 100
508 45 23 99
508 26 5 12
508 26 37 100
508 26 44 8
508 0 6 150
508 0 12 148
508 0 23 150
508 0 42 24
508 23 42 2
508 34 20 150
508 34 22 100
508 34 23 150
508 6 20 150
508 6 22 150
508 49 6 150
508 49 12 100
508 49 22 100
508 49 37 150
508 9 6 100
508 35 12 150
509 30 23 148
509 30 37 150
509 1 6 99
509 1 12 100
509 1 20 150
509 1 22 100
509 20 5 12
509 20 23 150
509 20 42 124
509 0 6 150
509 0 11 8
509 0 23 150
509 15 6 100
509 8 37 99
509 27 12 148
509 27 20 99
509 7 6 150
509 29 12 100
509 29 37 148
509 9 6 100
510 36 3 30
510 36 12 150
510 36 22 100
510 48 23 150
510 48 37 100
510 22 42 126
510 4 23 148
510 28 28 100
510 45 20 100
510 45 23 99
510 32 22 100
510 31 3 2
510 31 12 99
510 0 6 150
510 0 12 148
510 0 23 150
510 13 12 148
510 47 12 99
510 1 6 99
510 1 12 100
510 1 20 150
510 1 22 100
510 1 28 100
511 44 23 150
511 24 37 150
511 7 6 150
511 7 28 36
511 11 23 100
511 11 44 8
511 26 37 100
511 13 12 148
511 35 12 150
511 35 28 2
511 49 6 150
511 49 12 100
511 49 22 100
511 49 37 150
511 49 42 24
511 12 22 150
511 16 11 6
511 16 37 150
511 20 20 148
511 20 23 150
511 0 6 150
511 0 12 148
511 0 23 150
511 14 11 2
512 20 23 150
512 20 42 124
512 41 37 100
512 24 37 150
512 30 23 148
512 30 37 150
512 34 12 100
512 34 20 150
512 34 22 100
512 34 23 150
512 18 6 100
512 18 12 150
512 18 20 99
512 18 22 148
512 18 23 100
512 18 37 100
512 32 22 100
512 32 44 6
512 49 12 100
512 49 22 100
512 49 37 150
512 7 6 150
512 29 12 100
512 29 37 148
512 16 22 150
512 16 37 150
512 15 6 100
512 35 12 150
512 26 23 100
512 26 37 100
513 20 5 12
513 20 23 150
513 28 11 6
513 49 12 100
513 49 22 100
513 49 37 150
513 46 6 100
513 46 37 100
513 31 6 148
513 31 11 2
513 3 20 150
513 3 23 100
513 38 20 150
513 34 12 100
513 34 20 150
513 34 22 100
513 34 23 150
513 7 6 150
513 9 6 100
513 9 44 2
513 45 20 100
513 45 23 99
513 1 6 99
513 1 12 100
513 1 20 150
513 1 22 100
514 26 5 12
514 26 37 100
514 45 20 100
514 45 23 99
514 48 23 150
514 48 37 100
514 6 20 150
514 6 22 150
514 4 11 6
514 14 11 2
514 38 20 150
514 34 12 100
514 34 20 150
514 34 22 100
514 34 23 150
514 44 23 150
514 24 37 150
514 10 42 26
514 36 12 150
514 36 22 100
514 9 6 100
514 42 22 150
515 3 20 150
515 3 23 100
515 3 42 99
515 17 5 12
515 17 11 8
515 9 6 100
515 16 22 150
515 16 37 150
515 8 37 99
515 14 42 26
515 35 12 150
515 20 20 148
515 20 23 150
515 29 12 100
515 29 37 148
515 44 23 150
515 42 22 150
515 15 6 100
516 44 23 150
516 45 20 100
516 45 23 99
516 34 12 100
516 34 20 150
516 34 22 100
516 34 23 150
516 22 42 127
516 48 23 150
516 48 37 100
516 48 44 6
516 27 12 148
516 27 20 99
516 0 5 12
516 0 12 148
516 0 23 150
516 36 6 99
516 36 12 150
516 36 22 100
516 9 6 100
516 9 44 2
516 13 12 148
516 18 6 100
516 18 12 150
516 18 20 99
516 18 22 148
516 18 23 100
516 18 37 100
516 1 6 99
516 1 12 100
516 1 20 150
516 1 22 100
517 28 11 6
517 45 23 99
517 29 12 100
517 29 37 148
517 48 23 150
517 48 37 100
517 36 6 99
517 36 12 150
517 36 22 100
517 8 11 2
517 38 20 150
517 46 6 100
517 46 37 100
517 46 42 99
517 10 42 27
517 3 23 100
517 49 6 150
517 49 12 100
517 49 22 100
517 49 37 150
517 44 23 150
517 13 12 148
517 6 5 12
517 6 22 150
518 25 3 32
518 29 37 148
518 21 20 150
518 21 23 100
518 21 42 100
518 3 20 150
518 3 23 100
518 3 42 24
518 30 37 150
518 24 37 150
518 34 12 100
518 34 20 150
518 34 22 100
518 34 23 150
518 15 6 100
518 9 6 100
518 27 11 6
518 27 20 99
518 35 12 150
518 6 20 150
518 6 22 150
518 46 6 100
518 46 37 100
518 40 42 2
519 3 23 100
519 3 42 99
519 21 20 150
519 21 23 100
519 21 42 27
519 41 6 100
519 41 37 100
519 47 11 8
519 32 22 100
519 1 6 99
519 1 12 100
519 1 20 150
519 1 22 100
519 11 20 148
519 11 23 100
519 27 12 148
519 27 20 99
519 34 12 100
519 34 20 150
519 34 22 100
519 34 23 150
519 13 12 148
519 0 6 150
519 0 12 148
519 0 23 150
519 31 6 148
519 31 11 2
519 15 6 100
520 13 12 148
520 47 11 8
520 23 20 100
520 23 42 126
520 15 6 100
520 18 6 100
520 18 12 150
520 18 20 99
520 18 22 148
520 18 23 100
520 18 37 100
520 2 5 12
520 16 37 150
520 24 37 150
520 20 20 148
520 20 23 150
520 4 23 148
521 7 6 150
521 41 6 100
521 41 37 100
521 25 44 8
521 23 42 126
521 16 37 150
521 18 6 100
521 18 12 150
521 18 20 99
521 18 22 148
521 18 23 100
521 18 37 100
521 38 20 150
521 47 12 99
521 27 12 148
521 27 20 99
521 36 6 99
521 36 12 150
521 36 22 100
521 13 12 148
521 2 5 12
521 30 37 150
522 28 11 9
522 29 12 100
522 29 37 148
522 3 20 150
522 3 23 100
522 3 42 99
522 43 42 26
522 21 23 100
522 21 42 1
522 49 12 100
522 49 22 100
522 49 37 150
522 1 6 99
522 1 12 100
522 1 20 150
522 1 22 100
522 27 12 148
522 27 20 99
522 14 11 1
522 31 12 99
522 41 6 100
522 41 37 100
522 12 22 150
522 7 6 150
522 8 37 99
523 18 6 100
523 18 12 150
523 18 20 99
523 18 22 148
523 18 23 100
523 18 28 150
523 18 37 100
523 18 42 126
523 34 20 150
523 34 22 100
523 34 23 150
523 32 22 100
523 32 44 6
523 26 37 100
523 6 20 150
523 6 22 150
523 0 6 150
523 0 12 148
523 0 23 150
523 41 6 100
523 41 28 88
523 12 22 150
523 48 23 150
523 48 37 100
523 24 37 150
523 31 6 148
523 31 12 99
524 14 11 8
524 11 5 12
524 11 23 100
524 11 44 2
524 34 20 150
524 34 22 100
524 34 23 150
524 6 20 150
524 6 22 150
524 7 6 150
524 29 12 100
524 29 37 148
524 15 6 100
524 32 22 100
524 3 20 150
524 3 23 100
524 3 42 24
524 38 20 150
524 45 20 100
524 45 23 99
524 41 6 100
524 41 37 100
525 37 49 8
525 48 37 100
525 8 11 8
525 7 6 150
525 31 6 148
525 31 12 99
525 2 5 12
525 23 20 100
525 44 23 150
525 9 6 100
525 34 12 100
525 34 20 150
525 34 22 100
525 34 23 150
525 20 20 148
525 20 23 150
525 26 23 100
525 26 37 100
525 4 23 148
526 5 42 126
526 36 12 150
526 36 22 100
526 2 5 12
526 21 23 100
526 46 6 100
526 46 37 100
526 47 12 99
526 41 6 100
526 41 37 100
526 29 12 100
526 29 37 148
526 26 23 100
526 26 37 100
526 0 6 150
526 0 12 148
526 0 23 150
526 9 6 100
526 49 6 150
526 49 12 100
526 49 22 100
526 49 37 150
527 15 6 100
527 36 6 99
527 36 12 150
527 36 22 100
527 29 12 100
527 29 37 148
527 28 11 6
527 11 23 100
527 11 44 8
527 45 23 99
527 7 6 150
527 6 20 150
527 6 22 150
527 13 12 148
527 40 42 100
527 26 23 100
527 26 37 100
527 46 6 100
527 46 37 100
527 46 42 24
527 41 6 100
527 41 37 100
527 42 22 150
528 15 6 100
528 27 12 148
528 27 20 99
528 26 5 12
528 26 37 100
528 46 6 100
528 46 37 100
528 46 42 99
528 4 23 148
528 13 12 148
528 18 6 100
528 18 12 150
528 18 20 99
528 18 22 148
528 18 23 100
528 18 37 100
528 18 42 28
528 30 37 150
528 14 11 2
528 36 12 150
528 36 22 100
528 16 22 150
528 16 37 150
528 24 37 150
528 45 20 100
528 45 23 99
528 49 6 150
528 49 12 100
528 49 22 100
528 49 37 150
528 9 6 100
529 44 23 150
529 11 5 12
529 11 23 100
529 11 44 8
529 17 6 148
529 17 11 8
529 35 12 150
529 20 20 148
529 20 23 150
529 20 42 124
529 3 23 100
529 3 42 3
529 45 20 100
529 45 23 99
529 27 12 148
529 27 20 99
529 6 20 150
529 6 22 150
529 0 6 150
529 0 12 148
529 0 23 150
530 18 6 100
530 18 12 150
530 18 20 99
530 18 22 148
530 18 23 100
530 18 37 100
530 18 42 126
530 13 12 148
530 21 20 150
530 21 23 100
530 42 22 150
530 11 20 148
530 11 23 100
530 4 11 6
530 34 3 32
530 34 20 150
530 34 22 100
530 34 23 150
530 3 20 150
530 3 23 100
530 16 22 150
530 16 37 150
530 39 23 150
530 15 6 100
530 38 20 150
530 20 20 148
530 20 23 150
530 47 12 99
531 41 6 100
531 41 37 100
531 9 6 100
531 8 11 10
531 29 12 100
531 29 37 148
531 5 42 126
531 27 12 148
531 27 20 99
531 42 22 150
531 39 23 150
531 45 20 100
531 45 23 99
531 11 5 12
531 11 23 100
531 26 23 100
531 26 37 100
531 23 20 100
531 31 6 148
531 31 12 99
531 16 22 150
531 16 37 150
532 23 20 100
532 23 42 126
532 49 12 100
532 49 22 100
532 49 37 150
532 45 20 100
532 45 23 99
532 4 11 6
532 35 12 150
532 27 12 148
532 27 20 99
532 1 6 99
532 1 12 100
532 1 20 150
532 1 22 100
532 29 12 100
532 29 37 148
532 34 12 100
532 34 20 150
532 34 22 100
532 34 23 150
532 41 6 100
532 41 37 100
532 18 6 100
532 18 12 150
532 18 20 99
532 18 22 148
532 18 23 100
532 18 37 100
532 17 5 12
532 17 11 2
532 36 6 99
532 36 12 150
532 36 22 100
533 45 20 100
533 45 23 99
533 48 23 150
533 48 37 100
533 48 44 6
533 21 23 100
533 21 42 100
533 21 44 2
533 6 5 12
533 6 22 150
533 36 6 99
533 36 12 150
533 36 22 100
533 28 11 6
533 35 12 150
533 39 23 150
533 38 20 150
533 14 11 2
533 11 23 100
533 17 6 148
533 17 22 150
534 41 6 100
534 41 37 100
534 22 42 126
534 31 11 8
534 3 20 150
534 3 23 100
534 42 22 150
534 29 12 100
534 29 37 148
534 35 12 150
534 20 20 148
534 20 23 150
534 9 6 100
534 12 22 150
534 16 22 150
534 16 37 150
534 39 23 150
534 15 6 100
534 23 20 100
535 24 37 150
535 1 6 99
535 1 12 100
535 1 20 150
535 1 22 100
535 6 20 150
535 6 22 150
535 4 11 6
535 41 6 100
535 41 37 100
535 5 42 126
535 20 23 150
535 3 20 150
535 3 23 100
535 21 20 150
535 21 23 100
535 47 12 99
536 18 6 100
536 18 12 150
536 18 20 99
536 18 22 148
536 18 23 100
536 18 28 150
536 18 37 100
536 18 42 126
536 45 23 99
536 4 23 148
536 30 23 148
536 30 37 150
536 49 6 150
536 49 12 100
536 49 22 100
536 49 37 150
536 38 20 150
536 38 28 88
536 0 12 148
536 0 23 150
536 21 20 150
536 21 23 100
536 32 22 100
536 44 23 150
537 2 5 12
537 17 11 2
537 17 28 150
537 43 42 100
537 4 23 148
537 15 6 100
537 24 37 150
537 27 12 148
537 27 20 99
537 28 28 88
537 18 12 150
537 18 20 99
537 18 22 148
537 18 23 100
537 18 37 100
537 18 42 26
537 3 23 100
537 7 6 150
537 26 23 100
537 26 37 100
537 46 6 100
537 46 37 100
537 39 23 150
537 1 6 99
537 1 12 100
537 1 20 150
537 1 22 100
537 47 12 99
538 36 6 99
538 36 12 150
538 36 22 100
538 27 11 6
538 27 20 99
538 7 6 150
538 42 22 150
538 41 6 100
538 41 37 100
538 38 20 150
538 11 5 12
538 11 23 100
538 21 20 150
538 21 23 100
538 40 49 8
538 35 12 150
538 32 22 100
538 24 37 150
538 46 6 100
538 46 37 100
538 20 20 148
538 20 23 150
539 42 22 150
539 43 42 100
539 20 5 12
539 20 23 150
539 20 28 100
539 20 42 24
539 23 42 2
539 8 11 2
539 47 12 99
539 14 28 36
539 36 12 150
539 36 22 100
539 44 23 150
539 4 23 148
539 45 20 100
539 45 23 99
540 45 20 100
540 45 23 99
540 14 28 148
540 14 42 100
540 3 20 150
540 3 23 100
540 3 28 92
540 31 6 148
540 31 12 99
540 48 23 150
540 48 37 100
540 9 6 100
540 34 12 100
540 34 20 150
540 34 22 100
540 34 23 150
540 21 20 150
540 21 23 100
540 23 20 100
540 7 6 150
541 10 42 126
541 29 37 148
541 42 22 150
541 16 11 6
541 16 37 150
541 35 12 150
541 38 20 150
541 5 44 6
541 18 12 150
541 18 20 99
541 18 22 148
541 18 23 100
541 18 37 100
541 6 5 24
541 6 22 150
541 46 6 100
541 46 37 100
541 17 6 148
541 17 11 2
541 48 23 150
541 48 37 100
541 21 20 150
541 21 23 100
541 21 44 2
541 3 23 100
541 41 6 100
541 41 37 100
542 49 6 150
542 49 12 100
542 49 22 100
542 49 37 150
542 49 42 124
542 17 11 8
542 24 37 150
542 41 6 100
542 41 37 100
542 8 37 99
542 31 6 148
542 31 12 99
542 31 42 2
542 16 22 150
542 16 37 150
542 36 6 99
542 36 12 150
542 36 22 100
542 42 22 150
542 20 20 148
542 20 23 150
542 21 20 150
542 21 23 100
543 36 3 30
543 36 12 150
543 36 22 100
543 6 20 150
543 6 22 150
543 2 11 8
543 47 12 99
543 30 23 148
543 30 37 150
543 18 6 100
543 18 12 150
543 18 20 99
543 18 22 148
543 18 23 100
543 18 37 100
543 18 42 126
543 11 23 100
543 41 6 100
543 41 37 100
543 34 12 100
543 34 20 150
543 34 22 100
543 34 23 150
543 1 6 99
543 1 12 100
543 1 20 150
543 1 22 100
543 7 6 150
543 42 22 150
543 29 12 100
543 29 37 148
543 4 23 148
544 6 5 12
544 6 22 150
544 22 42 126
544 45 20 100
544 45 23 99
544 7 6 150
544 27 12 148
544 27 20 99
544 44 23 150
544 17 6 148
544 17 22 150
544 18 6 100
544 18 12 150
544 18 20 99
544 18 22 148
544 18 23 100
544 18 37 100
544 24 37 150
544 35 12 150
544 13 12 148
545 8 11 8
545 18 6 100
545 18 12 150
545 18 20 99
545 18 22 148
545 18 23 100
545 18 37 100
545 18 42 126
545 47 12 99
545 39 23 150
545 49 6 150
545 49 12 100
545 49 22 100
545 49 37 150
545 35 12 150
545 11 20 148
545 11 23 100
545 13 12 148
545 45 20 100
545 45 23 99
545 38 20 150
546 12 22 150
546 47 11 8
546 13 12 148
546 8 37 99
546 29 12 100
546 29 37 148
546 3 20 150
546 3 23 100
546 3 42 99
546 43 42 26
546 46 37 100
546 30 23 148
546 30 37 150
546 18 6 100
546 18 12 150
546 18 20 99
546 18 22 148
546 18 23 100
546 18 37 100
546 11 5 12
546 11 23 100
547 14 11 8
547 1 6 99
547 1 12 100
547 1 20 150
547 1 22 100
547 11 20 148
547 11 23 100
547 30 3 32
547 30 37 150
547 32 22 100
547 9 6 100
547 17 6 148
547 17 22 150
547 39 23 150
547 23 20 100
547 23 42 26
547 0 12 148
547 0 23 150
547 48 23 150
547 48 37 100
547 24 37 150
547 41 6 100
547 41 37 100
547 6 20 150
547 6 22 150
548 42 22 150
548 6 5 12
548 6 22 150
548 12 22 150
548 29 12 100
548 29 37 148
548 48 23 150
548 48 37 100
548 46 6 100
548 46 37 100
548 46 42 99
548 1 6 99
548 1 12 100
548 1 20 150
548 1 22 100
548 36 6 99
548 36 12 150
548 36 22 100
548 38 20 150
548 44 23 150
548 40 42 28
548 41 37 100
548 13 12 148
548 8 11 8
548 26 23 100
548 26 37 100
549 46 6 100
549 46 37 100
549 46 42 99
549 45 20 100
549 45 23 99
549 40 42 26
549 31 11 8
549 21 20 150
549 21 23 100
549 21 42 1
549 26 37 100
549 47 12 99
549 34 12 100
549 34 20 150
549 34 22 100
549 34 23 150
549 48 23 150
549 48 37 100
549 38 20 150
549 6 20 150
549 6 22 150
549 42 22 150
549 49 6 150
549 49 12 100
549 49 22 100
549 49 37 150
550 32 22 100
550 40 42 100
550 6 5 12
550 6 22 150
550 1 6 99
550 1 12 100
550 1 20 150
550 1 22 100
550 31 6 148
550 31 12 99
550 31 42 26
550 18 6 100
550 18 12 150
550 18 20 99
550 18 22 148
550 18 23 100
550 18 37 100
550 12 22 150
550 3 20 150
550 3 23 100
550 39 23 150
550 13 12 148
550 4 23 148
550 8 37 99
551 31 6 148
551 31 11 8
551 31 42 126
551 26 37 100
551 11 20 148
551 11 23 100
551 41 6 100
551 41 37 100
551 6 20 150
551 6 22 150
551 3 20 150
551 3 23 100
551 9 6 100
551 17 6 148
551 17 22 150
551 4 23 148
551 49 6 150
551 49 12 100
551 49 22 100
551 49 37 150
551 27 12 148
551 27 20 99
552 46 6 100
552 46 37 100
552 46 42 99
552 26 5 12
552 26 37 100
552 39 23 150
552 21 20 150
552 21 23 100
552 21 42 27
552 17 11 8
552 7 6 150
552 16 22 150
552 16 37 150
552 31 6 148
552 31 12 99
552 38 20 150
552 9 6 100
552 23 20 100
552 15 6 100
552 3 20 150
552 3 23 100
552 27 12 148
552 27 20 99
553 1 6 99
553 1 12 100
553 1 20 150
553 1 22 100
553 1 28 100
553 12 22 150
553 12 31 19
553 35 28 100
553 47 12 99
553 41 6 100
553 41 28 36
553 43 42 100
553 22 42 26
553 49 12 100
553 49 22 100
553 49 37 150
553 31 6 148
553 31 12 99
553 11 5 12
553 11 23 100
553 0 6 150
553 0 12 148
553 0 23 150
553 18 6 100
553 18 12 150
553 18 20 99
553 18 22 148
553 18 23 100
553 18 37 100
554 17 5 12
554 17 11 8
554 26 23 100
554 26 37 100
554 20 20 148
554 20 23 150
554 20 42 124
554 31 12 99
554 31 42 2
554 32 22 100
554 46 6 100
554 46 37 100
554 12 22 150
554 1 6 99
554 1 12 100
554 1 20 150
554 1 22 100
554 38 20 150
555 42 22 150
555 14 11 8
555 45 20 100
555 45 23 99
555 38 20 150
555 10 42 26
555 47 12 99
555 36 6 99
555 36 12 150
555 36 22 100
555 31 6 148
555 31 12 99
555 4 23 148
555 44 23 150
555 2 5 12
556 31 6 148
556 31 11 8
556 31 42 126
556 36 12 150
556 36 22 100
556 41 6 100
556 41 37 100
556 42 22 150
556 27 12 148
556 27 20 99
556 35 12 150
556 17 6 148
556 17 22 150
556 0 6 150
556 0 12 148
556 0 23 150
556 0 31 18
556 3 20 150
556 3 23 100
556 6 20 150
556 6 22 150
556 44 23 150
556 1 6 99
556 1 12 100
556 1 20 150
556 1 22 100
556 15 6 100
557 4 23 148
557 4 44 6
557 10 42 26
557 49 12 100
557 49 22 100
557 49 37 150
557 27 12 148
557 27 20 99
557 48 23 150
557 48 37 100
557 31 6 148
557 31 12 99
557 45 20 100
557 45 23 99
557 46 6 100
557 46 37 100
557 26 5 12
557 26 37 100
557 39 23 150
557 15 6 100
557 1 6 99
557 1 12 100
557 1 20 150
557 1 22 100
557 1 28 100
558 28 11 6
558 17 5 12
558 17 11 2
558 17 28 38
558 27 20 99
558 26 23 100
558 26 31 16
558 26 44 8
558 16 37 150
558 36 6 99
558 36 12 150
558 36 22 100
558 23 20 100
558 23 42 126
558 15 6 100
558 40 31 1
558 11 20 148
558 11 23 100
558 11 44 2
558 18 12 150
558 18 20 99
558 18 22 148
558 18 23 100
558 18 37 100
559 40 42 100
559 5 42 24
559 16 11 6
559 16 37 150
559 11 5 12
559 11 23 100
559 45 20 100
559 45 23 99
559 1 6 99
559 1 12 100
559 1 20 150
559 1 22 100
559 36 6 99
559 36 12 150
559 36 22 100
559 34 12 100
559 34 20 150
559 34 22 100
559 34 23 150
559 44 23 150
559 22 42 2
559 41 6 100
559 41 37 100
559 49 6 150
559 49 12 100
559 49 22 100
559 49 37 150
559 18 6 100
559 18 12 150
559 18 20 99
559 18 22 148
559 18 23 100
559 18 37 100
560 48 23 150
560 48 37 100
560 30 23 148
560 30 37 150
560 9 6 100
560 12 22 150
560 34 12 100
560 34 20 150
560 34 22 100
560 34 23 150
560 43 42 100
560 36 6 99
560 36 12 150
560 36 22 100
560 3 20 150
560 3 23 100
560 3 29 60
560 26 5 12
560 26 37 100
560 41 6 100
560 41 37 100
560 40 42 2
560 21 23 100
560 49 6 150
560 49 12 100
560 49 22 100
560 49 37 150
561 34 12 100
561 34 20 150
561 34 22 100
561 34 23 150
561 47 11 8
561 16 22 150
561 16 37 150
561 42 22 150
561 2 5 12
561 0 6 150
561 0 12 148
561 0 23 150
561 0 42 126
561 18 6 100
561 18 12 150
561 18 20 99
561 18 22 148
561 18 23 100
561 18 37 100
561 41 6 100
561 41 37 100
561 23 20 100
561 17 6 148
561 17 22 150
561 21 20 150
561 21 23 100
561 13 12 148
562 48 23 150
562 48 37 100
562 39 23 150
562 23 20 100
562 23 42 126
562 0 11 8
562 0 23 150
562 26 23 100
562 26 37 100
562 6 20 150
562 6 22 150
562 18 6 100
562 18 12 150
562 18 20 99
562 18 22 148
562 18 23 100
562 18 37 100
562 12 22 150
562 13 12 148
562 9 6 100
563 32 22 100
563 25 29 60
563 17 22 150
563 6 20 150
563 6 22 150
563 40 42 100
563 18 6 100
563 18 12 150
563 18 20 99
563 18 22 148
563 18 23 100
563 18 37 100
563 18 42 26
563 48 37 100
563 11 20 148
563 11 23 100
563 44 23 150
563 24 37 150
563 16 22 150
563 16 37 150
563 9 6 100
563 31 6 148
563 31 12 99
564 27 11 6
564 27 20 99
564 16 22 150
564 16 37 150
564 10 42 126
564 34 20 150
564 34 22 100
564 34 23 150
564 9 6 100
564 9 31 19
564 48 37 100
564 24 37 150
564 3 20 150
564 3 23 100
564 21 20 150
564 21 23 100
564 47 12 99
564 49 6 150
564 49 12 100
564 49 22 100
564 49 37 150
564 46 6 100
564 46 37 100
564 2 5 12
565 48 37 100
565 5 49 6
565 16 11 9
565 16 37 150
565 27 12 148
565 27 20 99
565 1 6 99
565 1 12 100
565 1 20 150
565 1 22 100
565 14 11 1
565 20 5 12
565 20 23 150
565 11 20 148
565 11 23 100
565 37 49 2
565 46 37 100
566 36 6 99
566 36 12 150
566 36 22 100
566 2 5 12
566 17 6 148
566 17 22 150
566 34 12 100
566 34 20 150
566 34 22 100
566 34 23 150
566 41 6 100
566 41 37 100
566 13 12 148
566 47 12 99
566 23 20 100
566 23 42 126
566 30 37 150
566 38 20 150
566 9 6 100
566 48 23 150
566 48 37 100
567 17 5 12
567 17 11 8
567 43 42 100
567 29 12 100
567 29 37 148
567 36 6 99
567 36 12 150
567 36 22 100
567 30 23 148
567 30 37 150
567 41 6 100
567 41 37 100
567 35 12 150
567 0 6 150
567 0 12 148
567 0 23 150
567 0 42 24
567 26 37 100
567 6 20 150
567 6 22 150
567 44 23 150
567 23 20 100
567 7 6 150
568 44 23 150
568 7 6 150
568 46 6 100
568 46 37 100
568 46 42 99
568 8 11 8
568 20 5 12
568 20 23 150
568 20 42 24
568 1 12 100
568 1 20 150
568 1 22 100
568 18 6 100
568 18 12 150
568 18 20 99
568 18 22 148
568 18 23 100
568 18 37 100
568 18 42 2
568 16 37 150
568 4 23 148
568 4 44 6
568 31 12 99
568 24 37 150
568 9 6 100
568 9 44 2
568 6 22 150
568 32 22 100
569 2 3 30
569 26 37 100
569 34 12 100
569 34 20 150
569 34 22 100
569 34 23 150
569 7 3 2
569 29 12 100
569 29 37 148
569 15 6 100
569 48 23 150
569 48 37 100
569 32 22 100
569 3 20 150
569 3 23 100
569 13 12 148
569 35 12 150
569 1 6 99
569 1 12 100
569 1 20 150
569 1 22 100
569 31 6 148
569 31 12 99
570 33 3 30
570 20 20 148
570 20 23 150
570 20 28 88
570 45 23 99
570 8 37 99
570 48 23 150
570 48 37 100
570 7 3 2
570 41 6 100
570 41 37 100
570 0 6 150
570 0 12 148
570 0 23 150
570 4 23 148
570 49 6 150
570 49 12 100
570 49 22 100
570 49 37 150
570 34 12 100
570 34 20 150
570 34 22 100
570 34 23 150
570 38 20 150
570 35 12 150
571 16 11 6
571 16 37 150
571 47 12 99
571 23 20 100
571 23 42 126
571 29 37 148
571 44 23 150
571 5 44 6
571 1 12 100
571 1 20 150
571 1 22 100
571 45 20 100
571 45 23 99
571 49 6 150
571 49 12 100
571 49 22 100
571 49 37 150
571 9 6 100
571 9 44 2
571 10 42 1
571 31 11 2
571 2 5 12
572 23 20 100
572 23 42 126
572 11 23 100
572 11 44 8
572 44 23 150
572 24 37 150
572 46 6 100
572 46 37 100
572 49 6 150
572 49 12 100
572 49 22 100
572 49 37 150
572 41 6 100
572 41 37 100
572 39 23 150
572 30 23 148
572 30 37 150
572 27 12 148
572 27 20 99
572 34 12 100
572 34 20 150
572 34 22 100
572 34 23 150
573 24 31 18
573 3 20 150
573 3 23 100
573 3 42 99
573 43 42 26
573 4 11 6
573 42 22 150
573 18 6 100
573 18 12 150
573 18 20 99
573 18 22 148
573 18 23 100
573 18 37 100
573 47 12 99
573 35 12 150
573 7 6 150
573 29 12 100
573 29 37 148
573 41 6 100
573 41 37 100
573 16 22 150
573 16 37 150
573 14 11 2
574 3 23 100
574 3 42 99
574 48 23 150
574 48 37 100
574 38 20 150
574 9 6 100
574 9 44 2
574 45 23 99
574 4 11 6
574 6 5 24
574 6 22 150
574 30 23 148
574 30 37 150
574 1 6 99
574 1 12 100
574 1 20 150
574 1 22 100
574 29 12 100
574 29 37 148
574 18 6 100
574 18 12 150
574 18 20 99
574 18 22 148
574 18 23 100
574 18 37 100
574 18 42 28
574 17 11 2
574 49 12 100
574 49 37 150
575 46 6 100
575 46 31 18
575 46 42 99
575 8 11 8
575 40 31 1
575 45 23 99
575 16 37 150
575 13 12 148
575 22 42 1
575 48 23 150
575 48 37 100
575 15 6 100
575 20 5 12
575 20 23 150
575 49 6 69
575 49 37 150
576 36 12 150
576 22 42 126
576 29 12 100
576 29 37 148
576 44 23 150
576 3 20 150
576 3 23 100
576 47 11 8
576 38 20 150
576 48 23 150
576 48 37 100
576 30 23 148
576 30 37 150
576 20 20 148
576 20 23 150
576 4 23 148
576 49 12 100
576 49 37 150
577 42 22 150
577 48 23 150
577 48 37 100
577 26 23 100
577 26 37 100
577 34 12 100
577 34 20 150
577 34 22 100
577 34 23 150
577 30 23 148
577 30 37 150
577 10 42 126
577 27 12 148
577 27 20 99
577 29 12 100
577 29 37 148
577 23 20 100
577 8 37 99
578 6 20 150
578 3 20 150
578 3 23 100
578 13 12 148
578 41 37 100
578 17 22 -89936
578 30 23 148
578 30 37 150
578 8 37 99
578 47 12 99
578 27 12 148
578 27 20 99
578 35 12 150
578 44 23 150
579 36 12 150
579 36 22 100
579 30 23 148
579 30 37 150
579 12 22 150
579 26 23 100
579 26 37 100
579 21 20 150
579 21 23 100
579 1 12 100
579 1 20 150
579 1 22 100
579 18 12 150
579 18 20 99
579 18 22 148
579 18 23 100
579 18 37 100
579 8 37 99
579 42 22 150
579 48 23 150
579 48 37 100
579 20 20 148
579 20 23 150
579 27 12 148
579 27 20 99
580 24 37 150
580 35 12 150
580 18 12 150
580 18 20 99
580 18 22 148
580 18 23 100
580 18 37 100
580 0 12 148
580 0 23 150
580 3 20 150
580 3 23 100
580 42 22 150
580 38 20 150
580 20 20 148
580 20 23 57
581 42 22 150
581 35 12 150
581 45 20 100
581 3 20 150
581 41 37 100
581 24 37 150
581 13 12 148
581 17 22 88690
582 3 20 150
582 29 12 100
582 29 37 148
582 17 22 -88690
582 27 12 148
582 27 20 99
582 48 37 100
582 6 20 150
582 6 22 150
582 41 37 100
582 1 12 100
582 1 20 150
582 1 22 100
582 31 12 99
582 8 37 99
583 35 12 150
583 16 22 150
583 16 37 150
583 0 12 148
583 27 12 148
583 27 20 99
583 23 20 100
583 38 20 150
583 45 20 100
583 8 37 99
583 31 12 99
583 18 12 150
583 18 20 99
583 18 22 148
583 18 37 100
584 47 12 99
584 30 37 150
584 31 12 99
584 32 22 100
584 36 12 150
584 36 22 100
584 38 20 150
584 21 20 150
584 45 20 100
584 41 37 100
584 6 20 150
584 6 22 150
585 20 20 148
585 27 12 148
585 27 20 99
585 34 12 100
585 34 20 150
585 34 22 100
585 31 12 99
585 42 22 150
585 48 37 100
585 26 37 100
585 11 20 148
585 23 20 100
585 36 12 150
585 36 22 100
585 6 20 150
585 6 22 150
586 1 12 100
586 1 20 150
586 1 22 100
586 6 20 150
586 6 22 150
586 42 22 150
586 32 22 100
586 35 12 150
586 45 20 100
586 18 12 150
586 18 20 99
586 18 22 148
586 18 37 100
586 36 12 150
586 36 22 100
586 41 37 100
587 18 12 150
587 18 20 99
587 18 22 148
587 18 37 100
587 16 22 150
587 16 37 150
587 41 37 100
587 0 12 148
587 35 12 150
587 26 37 100
587 31 12 99
587 42 22 150
587 49 12 100
587 49 22 100
587 49 37 150
587 20 20 148
588 34 12 100
588 34 20 150
588 34 22 100
588 27 12 148
588 27 20 99
588 21 20 150
588 16 22 150
588 16 37 150
588 20 20 148
588 24 37 150
588 38 20 150
589 23 20 100
589 45 20 100
589 42 22 150
589 26 37 100
589 3 20 150
589 27 12 148
589 27 20 99
589 48 37 100
589 34 12 100
589 34 20 150
589 34 22 100
589 32 22 100
589 30 37 150
589 18 12 150
589 18 20 99
589 18 22 148
589 18 37 100
589 20 20 148
590 12 22 150
590 30 37 150
590 45 20 100
590 35 12 150
590 13 12 148
590 41 37 100
590 6 20 150
590 6 22 150
590 23 20 100
590 18 12 150
590 18 20 99
590 18 22 148
590 18 37 100
590 38 20 150
591 6 20 150
591 6 22 150
591 17 22 84650
591 20 20 148
591 3 20 150
591 46 37 100
591 48 37 100
592 31 12 99
592 34 12 100
592 34 20 150
592 49 12 100
592 49 37 150
592 17 22 -84650
592 35 12 150
592 45 20 100
592 29 12 100
592 29 37 148
592 38 20 150
592 30 37 150
592 26 37 100
592 27 12 148
592 27 20 99
593 42 22 150
593 26 37 100
593 13 12 148
593 17 22 84500
593 34 20 150
593 20 20 148
593 38 20 150
594 34 12 100
594 34 20 150
594 23 20 100
594 11 20 148
594 30 37 150
594 49 12 100
594 49 37 150
594 3 20 150
594 45 20 100
595 1 12 100
595 1 20 150
595 29 12 100
595 29 37 148
595 23 20 100
595 13 12 148
595 38 20 150
595 8 37 99
595 49 12 100
595 49 37 150
595 45 20 100
595 16 37 150
596 41 37 100
596 18 12 150
596 18 20 99
596 18 37 100
596 29 12 100
596 29 37 148
596 45 20 100
596 0 12 148
596 3 20 150
596 8 37 99
596 11 20 148
597 6 20 150
597 35 12 150
597 30 37 150
597 17 22 -84500
597 38 20 150
597 32 22 100
597 36 12 150
597 36 22 100
597 1 12 100
597 1 20 150
597 1 22 100
597 16 22 150
597 16 37 150
598 35 12 150
598 3 20 150
598 1 12 100
598 1 20 150
598 1 22 100
598 18 12 150
598 18 20 99
598 18 22 148
598 18 37 100
598 42 22 150
598 41 37 100
598 8 37 99
598 6 20 150
598 6 22 150
598 36 12 150
598 36 22 100
598 38 20 150
598 34 12 100
598 34 20 150
598 34 22 100
598 32 22 100
599 38 20 150
599 47 12 99
599 21 20 150
599 31 12 99
599 26 37 100
599 6 20 150
599 6 22 150
599 45 20 100
599 11 20 148
599 32 22 100
600 26 37 100
600 45 20 100
600 38 20 150
600 11 20 148
600 17 22 82952
600 23 20 100
600 47 12 99
600 27 12 148
600 27 20 99
601 47 12 99
601 1 12 100
601 1 20 150
601 30 37 150
601 3 20 150
601 31 12 99
601 27 12 148
601 27 20 99
601 45 20 100
601 20 20 148
601 34 12 100
601 34 20 150
602 26 37 100
602 35 12 150
602 0 12 148
602 36 12 116
602 6 20 150
602 20 20 148
602 8 37 99
603 6 20 150
603 24 37 150
603 38 20 150
603 49 37 150
603 11 20 148
604 48 37 100
604 38 20 150
604 49 37 150
604 18 20 99
604 18 37 100
604 1 20 150
604 21 20 150
604 29 37 148
605 26 37 100
605 24 37 150
605 8 37 99
605 21 20 150
605 46 37 100
605 17 22 -82952
605 16 22 150
605 16 37 150
606 49 22 100
606 49 37 150
606 48 37 100
606 16 22 150
606 16 37 150
606 3 20 150
606 12 22 150
606 26 37 100
606 23 20 100
607 1 20 150
607 1 22 100
607 3 20 150
607 36 22 100
607 34 20 150
607 34 22 100
607 45 20 100
607 24 37 150
607 23 20 100
607 30 37 150
607 49 22 100
607 49 37 150
607 42 22 150
607 17 22 81852
608 27 20 99
608 17 22 -81852
608 23 20 100
608 21 20 150
608 32 22 100
609 41 37 100
609 23 20 100
609 36 22 100
609 20 20 148
609 17 22 81652
609 45 20 100
609 8 37 99
609 3 20 150
610 45 20 100
610 27 20 99
610 1 20 150
610 11 20 148
610 6 20 150
610 3 20 150
611 49 37 150
611 41 37 100
611 45 20 100
611 8 37 99
611 18 20 99
611 18 37 100
612 16 37 150
612 30 37 150
612 21 20 150
613 21 20 150
613 49 37 150
613 41 37 100
613 34 20 150
614 29 37 148
614 49 37 150
614 23 20 100
614 30 37 150
615 49 37 150
615 1 20 150
615 21 20 150
615 45 20 100
615 16 37 150
615 23 20 100
615 30 37 150
615 48 37 100
615 26 37 100
616 26 37 100
616 30 37 150
616 23 20 100
616 49 37 150
616 11 20 148
616 41 37 100
616 6 20 150
616 21 20 150
617 49 37 150
617 26 37 100
617 27 20 99
617 6 20 150
617 17 22 -81652
617 8 37 99
617 36 22 100
617 3 20 150
617 45 20 100
617 11 20 148
617 48 37 100
618 46 37 100
618 1 20 150
618 1 22 100
618 27 20 99
618 12 22 150
618 42 22 150
618 17 22 81152
618 48 37 100
619 1 20 150
619 46 37 100
619 26 37 100
619 3 20 150
619 38 20 150
619 21 20 150
619 11 20 148
619 30 37 150
620 30 37 150
620 41 37 100
620 20 20 148
620 18 20 99
620 18 37 100
620 17 22 -81152
620 49 22 100
620 49 37 150
621 32 22 100
621 27 20 99
621 49 22 100
621 49 37 150
621 6 20 150
621 6 22 150
621 30 37 150
621 11 20 148
621 3 20 150
621 16 22 150
621 16 37 150
622 1 20 150
622 1 22 100
622 49 22 100
622 49 37 150
622 8 37 99
622 17 22 80352
623 16 37 150
623 48 37 100
623 26 37 100
623 1 20 150
623 38 20 150
623 20 20 148
623 6 20 150
623 17 22 -80352
623 3 20 150
624 29 37 148
624 11 20 148
624 12 22 150
624 3 20 150
624 1 20 150
624 1 22 100
624 18 20 99
624 18 22 148
624 18 37 100
624 49 22 100
624 49 37 150
624 17 22 79854
625 20 20 148
625 41 37 100
625 27 20 99
625 8 37 99
625 11 20 148
625 45 20 100
625 38 20 150
625 17 22 -79854
626 30 37 150
626 17 22 79854
626 18 20 99
626 18 37 100
626 48 37 100
626 24 37 150
626 3 20 150
626 34 20 150
627 20 20 148
627 45 20 100
627 30 37 150
627 1 20 150
627 24 37 150
627 38 20 150
627 16 37 150
628 38 20 150
628 49 37 150
628 16 37 150
628 48 37 100
628 27 20 99
628 23 20 100
628 8 37 99
628 1 20 150
629 23 20 100
629 29 37 148
629 30 37 150
629 17 22 -79854
630 12 22 150
630 8 37 99
630 1 20 150
630 1 22 100
630 3 20 150
630 46 37 100
630 23 20 100
630 49 22 100
630 49 37 150
630 21 20 150
630 6 20 150
630 6 22 150
630 24 37 150
631 8 37 99
631 3 20 150
631 23 20 100
631 18 20 99
631 18 22 148
631 18 37 100
631 32 22 100
632 17 22 79106
632 30 37 150
632 20 20 148
632 1 20 150
632 21 20 150
632 16 37 150
633 16 37 150
633 18 20 99
633 18 37 100
633 29 37 148
633 21 20 150
633 48 37 100
633 49 37 150
633 3 20 150
633 11 20 148
633 46 37 100
633 1 20 150
633 45 20 100
634 20 20 148
634 11 20 148
634 8 37 99
634 29 37 148
634 6 20 150
635 18 20 99
635 18 37 100
635 6 20 150
635 20 20 148
635 11 20 148
635 16 37 150
635 49 37 150
635 46 37 100
635 21 20 150
635 41 37 100
636 16 37 150
636 6 20 150
636 29 37 148
636 30 37 150
636 18 20 99
636 18 37 100
637 24 37 150
637 38 20 150
637 27 20 99
637 29 37 148
637 18 20 99
637 18 37 100
637 23 20 100
637 34 20 150
637 20 20 148
638 23 20 100
638 16 37 150
638 21 20 150
638 20 20 148
638 38 20 150
638 29 37 148
638 6 20 150
639 16 37 150
639 6 20 150
639 23 20 100
639 24 37 150
639 46 37 100
639 30 37 150
639 1 20 150
639 48 37 100
640 1 20 150
640 6 20 150
640 45 20 100
640 34 20 150
640 46 37 100
640 41 37 100
640 11 20 148
640 29 37 148
640 20 20 148
640 23 20 100
641 38 20 150
641 34 20 150
641 17 22 -79106
641 46 37 100
641 27 20 99
641 3 20 150
641 41 37 100
641 6 20 150
641 6 22 150
641 11 20 148
642 30 37 150
642 1 20 150
642 1 22 100
642 42 22 150
642 48 37 100
642 23 20 100
642 36 22 100
643 49 22 100
643 49 37 150
643 24 37 150
643 34 20 150
643 34 22 100
643 29 37 148
643 1 20 150
643 1 22 100
643 23 20 100
644 23 20 100
644 11 20 148
644 26 37 100
644 17 22 78306
644 6 20 150
644 3 20 150
645 34 20 150
645 23 20 100
645 21 20 150
645 27 20 99
645 30 37 150
646 21 20 150
646 48 37 100
646 49 37 150
646 24 37 150
646 45 20 100
646 46 37 100
646 1 20 150
646 3 20 150
647 21 20 150
647 38 20 150
647 18 20 99
647 18 37 100
647 49 37 150
647 26 37 100
647 30 37 150
647 8 37 99
647 17 22 -78306
648 23 20 100
648 30 37 150
648 8 37 99
648 21 20 150
648 6 20 150
648 6 22 150
648 27 20 99
648 45 20 100
649 1 20 150
649 1 22 100
649 46 37 100
649 11 20 148
649 29 37 148
649 8 37 99
649 48 37 100
649 32 22 100
649 42 22 150
649 23 20 100
650 36 22 100
650 41 37 100
650 38 20 150
650 1 20 150
650 1 22 100
650 20 20 148
650 11 20 148
650 49 22 100
650 49 37 137
650 3 20 150
651 42 22 150
651 38 20 150
651 23 20 100
651 17 22 77206
652 11 20 148
652 23 20 100
652 21 20 150
652 45 20 100
652 27 20 99
653 11 20 148
653 34 20 150
653 18 20 99
653 21 20 150
653 38 20 150
653 20 20 148
654 3 20 150
654 23 20 100
654 18 20 99
654 27 20 99
654 45 20 100
655 3 20 150
655 21 20 150
655 6 20 150
655 38 20 150
655 18 20 99
655 11 20 148
656 27 20 99
656 17 22 -77206
656 3 20 150
656 38 20 150
656 6 20 150
656 6 22 150
656 42 22 150
657 34 20 150
657 34 22 100
657 16 22 150
657 12 22 150
657 45 20 100
657 27 20 99
657 32 22 100
657 3 20 150
658 49 22 100
658 16 22 150
658 6 20 150
658 6 22 150
658 27 20 99
658 32 22 100
658 3 20 150
659 49 22 100
659 42 22 150
659 11 20 148
659 6 20 150
659 6 22 150
659 18 20 99
659 18 22 148
659 45 20 100
660 34 20 150
660 34 22 100
660 27 20 99
660 18 20 99
660 18 22 148
660 45 20 100
660 49 22 100
660 3 20 150
660 16 22 150
661 1 20 150
661 1 22 100
661 3 20 150
661 49 22 100
661 23 20 100
661 20 20 148
661 38 20 150
661 6 20 150
661 6 22 150
661 34 20 150
661 34 22 100
662 32 22 100
662 42 22 150
662 38 20 150
662 36 22 100
662 45 20 100
662 1 20 150
662 1 22 100
662 11 20 148
662 18 20 99
662 18 22 148
663 38 20 150
663 11 20 148
663 12 22 150
663 6 20 70
663 42 22 150
663 36 22 100
663 18 22 148
664 42 22 150
664 45 20 1
666 42 22 150
666 49 22 100
666 12 22 150
667 1 22 100
667 12 22 150
667 36 22 100
667 6 22 150
667 34 22 100
668 36 22 100
668 32 22 100
669 34 22 100
669 6 22 150
670 36 22 100
670 17 22 71414
671 49 22 100
671 16 22 150
671 12 22 150
672 6 22 150
672 49 22 100
672 16 22 150
673 16 22 150
673 49 22 100
673 42 22 150
673 34 22 100
673 18 22 148
674 16 22 150
674 32 22 100
674 17 22 69716
678 1 22 100
678 6 22 150
679 34 22 100
679 42 22 150
679 16 22 150
680 1 22 100
680 42 22 150
680 12 22 150
681 36 22 100
681 1 22 100
681 42 22 150
681 32 22 100
682 17 22 68216
683 12 22 150
683 6 22 150
684 6 22 150
684 42 22 150
684 49 22 100
685 17 22 67516
691 32 22 100
691 36 22 100
691 12 22 150
691 1 22 100
692 34 22 100
692 16 22 150
692 42 22 150
693 16 22 150
693 17 22 66516
695 42 22 150
696 6 22 150
696 49 22 100
697 17 22 66116
702 36 22 100
702 18 22 148
702 12 22 150
702 6 22 150
702 42 22 150
703 1 22 100
703 34 22 100
703 12 22 150
704 1 22 100
704 16 22 150
704 49 22 100
705 49 22 100
705 36 22 100
705 12 22 150
705 17 22 64368
707 16 22 150
707 12 22 150
708 42 22 150
708 32 22 100
708 16 22 150
708 36 22 100
709 6 22 150
709 1 22 100
709 12 22 150
709 18 22 148
709 34 22 100
709 32 22 100
709 42 22 150
710 34 22 100
710 42 22 150
711 16 22 150
711 6 22 150
711 12 22 150
711 36 22 100
711 18 22 148
712 6 22 150
712 16 22 150
712 32 22 100
713 17 22 61322
719 36 22 100
719 49 22 100
719 42 22 150
719 16 22 150
720 6 22 150
720 12 22 150
720 42 22 150
720 34 22 100
