3 26 11 100
3 24 37 150
4 26 11 100
5 45 11 100
7 9 37 150
7 2 5 100
8 22 2 100
9 32 32 100
9 16 40 100
9 46 43 100
10 16 40 100
10 22 6 148
10 12 6 148
10 1 6 150
10 26 6 100
11 15 20 150
11 0 6 150
11 39 20 100
11 9 37 150
11 12 6 148
11 4 6 99
12 22 6 148
12 22 11 99
12 20 6 148
12 26 6 100
12 26 11 100
12 40 6 150
12 1 6 150
12 12 6 148
13 12 6 148
13 12 40 100
13 16 40 100
13 25 32 100
14 40 11 99
14 44 21 99
14 34 37 150
14 2 32 100
15 31 40 100
15 15 2 100
15 8 37 100
16 28 11 100
17 3 11 150
17 4 14 100
17 46 14 150
17 24 37 150
17 35 14 150
17 10 14 150
17 39 14 148
17 48 14 150
18 32 14 100
18 43 11 100
18 22 14 150
18 29 14 150
18 39 14 148
18 17 14 100
19 48 14 150
19 39 14 148
19 39 40 150
19 36 14 148
19 25 32 100
19 25 37 150
19 31 14 150
19 29 14 150
20 48 5 100
20 25 32 100
21 28 11 100
21 5 2 100
21 21 30 100
21 24 37 150
22 26 11 100
23 9 37 150
23 6 47 100
23 26 11 100
24 45 11 100
24 22 19 100
25 25 37 150
25 28 11 100
26 2 32 100
26 36 14 148
26 21 14 148
26 26 11 100
26 39 14 148
26 7 14 148
27 7 11 100
27 7 14 148
27 25 32 100
27 25 37 150
27 2 2 100
27 23 43 100
27 48 14 150
27 4 14 100
27 29 14 150
27 36 14 148
28 17 14 100
28 17 20 100
28 7 14 148
28 22 14 150
28 42 21 100
28 30 14 150
28 39 14 148
29 26 11 100
29 47 37 150
29 31 14 150
29 17 14 100
30 30 5 99
30 44 3 100
30 8 37 100
31 30 14 150
31 31 14 150
31 46 14 150
31 17 14 100
31 8 37 100
31 22 11 99
31 22 14 150
32 30 14 150
32 35 14 150
32 39 14 148
32 49 6 150
32 40 6 150
32 40 11 99
32 40 14 148
32 20 6 148
32 17 14 100
32 12 6 148
32 36 14 148
32 46 14 150
33 21 14 148
33 21 40 99
33 10 14 150
33 39 14 148
33 20 6 148
33 32 6 100
33 32 14 100
33 43 6 150
33 12 6 148
33 8 37 100
33 0 6 150
34 35 40 100
34 12 6 148
34 49 6 150
34 43 6 150
34 22 6 148
35 10 2 100
35 40 11 99
35 47 37 150
36 48 5 100
37 18 32 100
38 28 11 100
38 31 37 150
38 24 43 100
38 7 11 100
39 31 40 100
39 24 40 100
39 10 21 100
40 25 37 150
40 37 30 100
41 13 6 150
41 12 6 148
41 17 32 148
41 32 6 100
41 7 11 100
42 40 6 150
42 40 11 99
42 34 37 150
42 1 6 150
42 13 6 150
42 10 2 100
43 7 11 100
43 34 37 150
43 1 6 150
43 32 6 100
43 22 6 148
44 43 6 150
44 43 11 100
44 26 6 100
44 12 6 148
44 20 6 148
44 0 6 150
45 9 37 150
45 7 11 100
45 12 6 148
45 0 6 150
46 4 6 99
46 49 6 150
46 16 40 100
46 6 47 100
46 40 6 150
47 40 6 150
47 32 6 100
47 32 32 100
47 20 6 148
47 12 6 148
47 22 6 148
47 22 19 100
48 40 6 150
48 40 40 150
48 9 37 150
48 1 6 150
48 48 30 100
48 43 6 150
48 32 6 100
49 32 32 100
49 2 2 100
49 13 11 148
50 9 37 150
50 9 43 100
50 43 11 100
50 31 20 100
51 1 40 148
52 22 11 99
53 1 6 150
53 1 40 148
53 48 21 100
53 18 20 150
53 0 6 150
53 43 6 150
53 9 37 150
53 49 6 150
53 32 6 100
53 13 6 150
54 8 37 100
54 7 11 100
54 26 6 100
54 32 6 100
55 21 40 99
55 35 32 100
55 20 6 148
56 32 6 100
56 7 11 100
56 4 6 99
56 43 6 150
56 13 6 150
56 26 6 100
57 32 6 100
57 32 32 100
57 43 6 150
57 43 11 100
57 24 37 150
57 26 6 100
57 29 2 100
57 40 6 150
57 12 6 148
58 32 6 100
58 1 6 150
58 4 6 99
58 45 11 100
58 26 6 100
58 0 6 150
59 1 6 150
59 9 37 150
59 9 43 100
59 18 32 100
59 4 6 99
59 20 6 148
59 13 6 150
59 28 11 100
60 28 11 100
60 40 6 150
60 22 6 148
60 22 19 100
61 8 37 100
61 28 11 100
61 26 6 100
61 23 32 150
62 31 37 150
62 43 11 100
63 31 40 100
64 23 20 100
64 3 40 100
64 10 2 100
64 20 40 100
65 34 37 150
65 28 11 100
66 40 11 99
66 18 32 100
66 22 37 150
66 44 21 99
67 10 32 150
67 22 11 99
68 31 37 150
68 23 43 100
68 28 11 100
69 1 3 99
69 1 5 99
70 42 2 99
70 25 37 150
71 21 40 99
72 25 37 150
73 3 40 100
73 45 11 100
73 23 20 100
73 21 40 99
73 8 37 100
73 17 20 100
74 23 20 100
74 43 11 100
75 31 20 100
75 31 37 150
75 35 32 100
75 26 11 100
76 43 11 100
76 18 32 100
76 29 2 100
77 47 37 150
77 45 11 100
77 48 30 100
78 28 11 100
78 23 20 100
78 33 21 100
78 8 37 100
78 24 20 150
79 22 11 99
79 22 19 100
80 47 37 150
80 40 11 99
81 24 43 100
81 40 11 99
81 2 32 100
82 40 11 99
82 27 2 100
82 24 37 150
83 40 11 99
84 45 11 100
84 9 37 150
85 48 19 150
85 28 11 100
86 8 37 100
86 32 32 100
86 40 11 99
87 8 37 100
88 2 32 100
88 8 37 100
88 13 11 148
89 45 11 100
89 42 2 99
90 43 11 100
90 31 37 150
91 45 11 100
91 23 20 100
91 10 14 150
91 39 14 148
91 17 14 100
91 35 14 150
92 47 37 150
92 40 11 99
92 40 14 148
92 39 14 148
92 48 14 150
92 48 30 100
92 31 14 150
92 10 14 150
93 40 11 99
93 40 14 148
93 33 21 100
93 4 14 100
93 22 14 150
93 32 14 100
93 36 14 148
93 7 14 148
94 47 37 150
94 48 14 150
94 48 47 100
94 32 32 100
94 20 43 100
94 28 11 100
95 30 5 99
95 20 32 100
95 12 2 99
96 24 20 150
96 24 37 150
96 22 11 99
97 45 11 100
97 32 32 100
98 43 11 100
98 9 37 150
99 8 37 100
99 40 11 99
100 40 11 99
100 48 19 150
100 25 32 100
101 15 2 100
101 7 11 100
102 31 37 150
102 31 40 100
103 24 37 150
103 43 11 100
104 22 11 99
104 30 47 100
105 43 11 100
105 23 20 100
105 34 37 150
106 45 11 100
107 47 37 150
107 22 2 100
107 22 11 99
107 21 30 100
108 8 37 100
108 31 20 100
108 23 20 100
109 48 21 100
109 18 32 100
109 21 40 99
109 46 43 100
110 31 37 150
110 28 11 100
111 8 37 100
111 17 32 148
111 28 11 100
112 39 40 150
112 8 37 100
113 12 2 99
113 22 11 99
114 30 14 150
114 34 37 150
114 34 40 99
114 7 14 148
114 21 14 148
114 32 14 100
114 22 14 150
115 24 40 100
115 12 40 100
115 32 14 100
115 17 14 100
115 36 3 100
115 36 14 148
115 35 14 150
116 32 6 100
116 32 14 100
116 28 11 100
116 10 14 150
116 17 14 100
116 17 20 100
116 21 14 148
116 8 37 100
116 36 14 148
116 49 6 150
116 22 6 148
116 22 14 150
116 13 6 150
116 13 20 150
117 49 6 150
117 29 14 150
117 26 6 100
117 26 11 100
117 21 14 148
117 22 6 148
117 1 6 150
118 26 6 100
118 26 11 100
118 43 6 150
118 40 6 150
118 1 6 150
119 31 20 100
119 31 37 150
119 1 6 150
119 45 11 100
119 13 6 150
119 32 32 100
120 48 21 100
120 18 20 150
120 31 20 100
120 31 37 150
120 7 11 100
121 26 11 100
121 42 2 99
121 2 32 100
122 29 14 150
122 39 14 148
122 4 14 100
122 26 11 100
122 22 14 150
122 22 19 100
123 26 11 100
123 36 14 148
123 47 37 150
123 10 14 150
123 30 14 150
123 35 14 150
123 35 32 100
123 46 14 150
124 17 14 100
124 40 11 99
124 40 14 148
124 6 43 100
125 1 47 100
125 41 32 150
125 22 14 150
125 35 14 150
125 4 14 100
126 25 37 150
126 25 40 100
126 40 14 148
126 7 14 148
127 27 2 100
127 5 5 99
128 9 37 150
128 43 11 100
129 2 32 100
129 40 11 99
130 3 40 100
130 22 37 150
130 21 23 100
130 21 40 99
130 32 32 100
131 2 23 100
131 8 37 100
131 40 11 99
132 28 11 100
132 28 23 100
132 2 32 100
133 7 11 100
133 5 2 100
133 2 23 100
134 20 32 100
134 34 23 100
134 28 11 100
135 28 11 100
135 28 23 100
135 34 21 100
136 6 43 100
136 0 23 100
136 26 11 100
137 10 5 100
137 31 20 100
137 21 23 100
137 28 47 100
138 22 11 99
138 22 14 150
138 22 19 100
138 22 37 150
138 7 14 148
138 29 14 150
138 35 14 150
138 10 14 150
138 40 14 148
138 32 14 100
138 31 14 150
138 39 14 148
138 39 23 100
139 36 14 148
139 4 14 100
139 10 2 100
139 10 11 150
139 10 14 150
139 30 14 150
139 35 14 150
139 37 30 100
139 7 14 148
139 17 14 100
140 34 23 100
140 34 37 150
140 26 11 100
140 32 32 100
141 33 23 150
141 21 40 99
142 2 23 100
142 9 37 150
142 44 3 100
142 28 11 100
143 1 40 148
143 8 37 100
144 40 11 99
144 48 30 100
144 28 23 100
145 33 23 150
145 8 37 100
146 27 2 100
146 15 20 150
146 22 11 99
146 21 23 100
147 7 11 100
147 0 23 100
147 44 21 99
147 22 37 150
147 17 32 148
148 40 11 99
149 39 23 100
149 28 11 100
149 13 43 100
149 8 37 100
149 22 19 100
150 0 23 100
150 8 37 100
150 28 11 100
151 26 11 100
151 18 23 150
151 18 32 100
152 21 23 100
152 22 2 100
152 22 37 150
153 21 23 100
153 26 11 100
153 8 37 100
154 1 47 100
154 28 11 100
155 30 5 99
155 39 20 100
155 39 23 100
156 25 32 100
156 25 40 100
156 39 23 100
157 8 37 100
157 40 11 99
157 38 23 150
157 18 32 100
158 28 11 100
158 28 23 100
158 8 37 100
158 5 2 100
159 24 43 100
159 22 11 99
160 37 30 100
160 49 6 150
160 8 37 100
160 48 21 100
160 2 23 100
160 45 11 100
160 32 6 100
161 31 23 150
161 26 6 100
161 26 11 100
161 22 6 148
161 43 6 150
161 40 6 150
162 0 6 150
162 0 23 100
162 8 37 100
162 39 40 150
162 40 6 150
163 43 6 150
163 43 11 100
163 21 23 100
163 32 6 100
163 40 6 150
163 0 6 150
163 22 6 148
164 39 32 150
164 39 40 150
164 26 4 100
164 26 6 100
164 49 6 150
164 4 6 99
164 43 6 150
164 31 37 150
164 40 6 150
165 22 6 148
165 22 19 100
165 22 37 150
165 28 23 100
165 14 9 100
165 12 6 148
165 13 6 150
165 43 6 150
166 9 23 150
166 18 32 100
166 4 6 99
166 22 6 148
166 26 6 100
166 20 6 148
167 40 6 150
167 40 11 99
167 13 6 150
167 24 37 150
167 15 2 100
167 28 23 100
167 32 6 100
167 1 6 150
167 26 6 100
168 0 6 150
168 0 23 100
168 26 6 100
168 43 6 150
168 20 6 148
168 31 20 100
169 25 37 150
169 32 6 100
169 13 3 100
169 13 6 150
169 13 11 148
169 40 6 150
169 20 6 148
170 40 6 150
170 5 5 99
170 31 23 150
170 20 6 148
170 20 32 100
170 43 6 150
171 2 23 100
171 2 32 100
171 1 47 100
171 40 11 99
171 22 37 150
172 45 11 100
172 34 23 100
173 9 37 150
173 9 43 100
173 2 23 100
173 2 32 100
173 22 11 99
173 32 6 100
174 28 11 100
174 17 20 100
174 30 21 100
174 39 20 100
174 5 2 100
174 8 37 100
175 28 23 100
175 12 40 100
176 28 11 100
176 28 23 100
176 2 32 100
176 9 37 150
177 45 11 100
177 38 23 150
178 7 11 100
178 0 23 100
178 24 37 150
179 34 40 99
179 12 40 100
179 18 20 150
180 2 2 100
180 2 23 100
180 7 11 100
180 22 19 100
181 9 23 150
182 45 5 100
182 23 43 100
182 21 23 100
183 37 30 100
183 45 5 100
183 28 23 100
184 10 14 150
184 17 14 100
184 17 20 100
184 28 11 100
184 8 37 100
184 31 14 150
184 31 37 150
184 35 14 150
185 4 14 100
185 25 32 100
185 9 23 150
185 21 14 148
185 31 14 150
185 39 14 148
185 40 11 99
185 40 14 148
185 35 14 150
185 10 14 150
185 17 14 100
186 15 2 100
186 7 14 148
186 46 14 150
186 31 14 150
186 31 37 150
186 31 40 100
186 34 23 100
186 48 14 150
186 22 19 100
187 20 32 100
187 34 23 100
188 15 20 150
188 34 23 100
188 34 37 150
189 24 20 150
189 7 11 100
189 28 11 100
189 39 20 100
190 0 23 100
190 9 37 150
190 43 11 100
191 26 11 100
191 10 21 100
191 9 23 150
192 22 2 100
192 22 37 150
192 2 5 100
192 2 23 100
193 26 11 100
193 0 23 100
195 35 23 150
195 25 37 150
195 43 11 100
196 13 3 100
196 43 11 100
196 28 23 100
196 22 19 100
196 8 37 100
197 2 23 100
197 2 32 100
197 7 11 100
198 0 23 100
198 25 37 150
198 40 11 99
198 39 20 100
198 8 43 99
199 5 2 100
199 12 30 100
199 45 11 100
200 21 23 100
200 21 40 99
200 22 37 150
201 28 11 100
201 28 23 100
202 31 23 150
202 31 37 150
202 22 11 99
203 48 14 150
203 21 14 148
203 21 23 100
203 2 32 100
203 32 14 100
203 43 11 100
203 10 14 150
203 7 14 148
203 46 14 150
204 1 40 148
204 46 14 150
204 9 37 150
204 39 14 148
204 32 14 100
204 35 14 150
204 21 14 148
204 4 14 100
205 27 2 100
205 17 14 100
205 28 11 100
205 28 23 100
205 39 14 148
205 35 14 150
205 35 32 100
205 34 21 100
205 7 14 148
206 7 11 100
206 35 23 150
206 26 4 100
206 9 37 150
207 32 6 100
207 21 23 100
207 8 37 100
207 28 11 100
207 4 6 99
208 45 11 100
208 2 23 100
208 32 6 100
208 13 6 150
209 24 37 150
209 32 6 100
209 13 6 150
210 20 6 148
210 21 23 100
210 8 37 100
211 33 23 150
211 12 6 148
211 40 6 150
211 40 11 99
211 13 6 150
211 49 6 150
211 32 6 100
211 26 6 100
211 0 6 150
212 20 6 148
212 21 23 100
212 2 2 100
212 47 37 150
212 10 11 150
213 11 5 100
213 39 23 100
214 7 19 150
214 47 37 150
215 45 11 100
215 18 23 150
216 26 11 100
216 24 37 150
216 24 43 100
216 34 23 100
217 2 23 100
217 45 11 100
218 29 2 100
218 26 11 100
218 31 37 150
218 0 23 100
218 34 21 100
219 26 11 100
220 26 6 100
220 29 5 99
220 31 23 150
220 31 37 150
220 13 6 150
220 43 6 150
221 32 6 100
221 26 6 100
221 26 11 100
221 2 23 100
221 0 6 150
221 13 6 150
221 22 6 148
222 34 23 100
222 43 6 150
222 43 11 100
222 20 6 148
222 26 6 100
222 49 6 150
222 4 6 99
222 22 6 148
223 12 40 100
223 25 37 150
223 26 6 100
223 2 23 100
223 23 43 100
224 8 37 100
224 26 11 100
225 2 23 100
225 28 11 100
226 39 23 100
226 8 37 100
226 2 2 100
226 43 11 100
227 24 37 150
227 45 9 100
227 34 23 100
227 32 14 100
227 10 14 150
227 4 14 100
227 40 14 148
227 35 14 150
228 33 23 150
228 31 14 150
228 46 14 150
228 10 14 150
228 4 14 100
228 35 14 150
228 29 14 150
228 22 11 99
228 22 14 150
228 30 14 150
228 48 14 150
229 21 14 148
229 26 11 100
229 24 37 150
229 4 14 100
229 5 47 99
229 35 14 150
230 40 11 99
230 43 23 150
230 48 21 100
231 22 11 99
231 21 23 100
232 39 23 100
232 10 2 100
232 47 37 150
232 7 11 100
233 1 40 148
233 21 23 100
234 40 11 99
234 20 43 100
235 35 23 150
235 30 5 99
236 1 6 150
236 45 11 100
236 12 6 148
236 8 37 100
236 4 6 99
236 0 6 150
236 0 23 100
237 22 6 148
237 1 6 150
237 23 20 100
237 43 6 150
237 13 6 150
237 21 23 100
237 26 6 100
238 13 6 150
238 20 6 148
238 21 23 100
238 45 11 100
238 17 20 100
238 12 6 148
239 4 6 99
239 34 37 150
239 34 40 99
239 15 2 100
239 9 37 150
239 32 6 100
239 26 6 100
239 16 40 100
240 22 11 99
240 34 23 100
241 2 23 100
242 34 21 100
242 34 23 100
242 34 37 150
242 26 11 100
242 2 5 100
242 28 47 100
243 2 23 100
243 45 11 100
244 9 37 150
244 12 40 100
244 2 23 100
244 24 20 150
245 46 43 100
245 12 2 99
245 12 40 100
245 34 23 100
246 1 40 148
246 47 37 150
246 39 23 100
247 45 11 100
247 2 23 100
248 31 37 150
248 26 11 100
248 28 23 100
248 22 19 100
249 22 11 99
249 8 37 100
250 9 23 150
250 40 11 99
251 49 6 150
251 0 6 150
251 0 23 100
251 40 6 150
251 40 11 99
251 4 6 99
252 44 3 100
252 9 37 150
252 43 6 150
252 39 23 100
252 32 6 100
252 49 6 150
253 26 6 100
253 26 40 148
253 5 2 100
253 20 6 148
254 35 23 150
254 0 6 150
254 22 6 148
254 22 11 99
254 22 37 150
254 43 6 150
254 30 21 100
254 12 6 148
254 49 6 150
255 8 43 99
255 2 23 100
256 31 14 150
256 31 37 150
256 39 14 148
256 39 23 100
256 21 14 148
256 48 14 150
256 35 14 150
256 46 14 150
256 4 14 100
257 48 14 150
257 3 11 150
257 34 23 100
257 39 14 148
257 21 14 148
257 8 37 100
257 43 11 100
258 4 4 100
258 4 14 100
258 40 11 99
258 40 14 148
258 34 23 100
258 21 14 148
258 39 14 148
258 17 14 100
258 35 14 150
259 43 11 100
259 12 2 99
259 8 37 100
260 35 23 150
260 35 40 100
260 8 37 100
261 45 5 100
261 2 23 100
262 24 37 150
262 34 23 100
263 10 11 150
263 28 23 100
263 22 19 100
264 7 11 100
264 9 37 150
265 34 23 100
265 34 40 99
265 16 40 100
265 27 2 100
266 7 11 100
266 43 23 150
266 31 37 150
267 28 23 100
267 29 40 148
267 10 21 100
268 40 11 99
268 20 43 100
269 13 11 148
269 31 23 150
269 8 37 100
270 43 11 100
271 20 40 100
271 18 23 150
271 34 37 150
272 2 23 100
272 28 3 100
272 28 11 100
272 8 37 100
273 1 40 148
273 33 23 150
274 44 20 150
274 23 20 100
274 26 11 100
275 38 23 150
275 15 39 150
275 9 37 150
275 1 40 148
276 7 11 100
276 39 23 100
277 45 9 100
277 21 23 100
277 47 37 150
278 28 11 100
278 28 23 100
279 6 43 100
279 8 37 100
280 21 23 100
280 45 11 100
280 45 39 99
281 26 11 100
281 47 37 150
282 40 11 99
283 9 37 150
283 44 20 150
283 2 5 100
284 22 11 99
285 26 11 100
285 25 37 150
286 25 40 100
288 40 11 99
288 8 37 100
289 25 37 150
290 40 40 150
291 29 2 100
291 43 11 100
291 34 37 150
292 5 47 99
292 45 11 100
293 17 14 100
293 17 32 148
293 43 11 100
293 29 14 150
293 8 37 100
293 36 14 148
293 7 14 148
293 35 14 150
294 22 11 99
294 22 14 150
294 17 14 100
294 31 14 150
295 40 11 99
295 40 14 148
295 30 14 150
295 46 14 150
295 10 14 150
295 32 14 100
295 36 14 148
295 7 14 148
296 36 14 148
296 17 20 100
296 44 21 99
296 2 32 100
296 8 37 100
296 45 11 100
297 6 43 100
297 24 37 150
297 43 11 100
297 12 2 99
298 8 37 100
298 40 11 99
299 25 5 100
299 7 19 150
300 41 32 150
300 41 33 100
301 40 11 99
301 34 37 150
302 43 11 100
303 34 37 150
303 1 3 99
303 45 11 100
303 18 32 100
304 35 32 100
304 45 11 100
304 8 37 100
304 12 2 99
304 48 47 100
305 40 11 99
306 1 40 148
306 22 19 100
306 22 37 150
307 26 11 100
308 9 37 150
308 45 11 100
308 42 21 100
309 7 11 100
310 27 2 100
310 24 37 150
310 7 19 150
310 21 30 100
311 28 11 100
312 28 11 100
312 22 14 150
312 22 37 150
312 39 14 148
312 40 14 148
312 30 14 150
312 36 14 148
313 2 32 100
313 28 11 100
313 24 43 100
313 36 14 148
313 39 14 148
313 39 33 100
313 32 14 100
313 29 14 150
314 46 14 150
314 4 14 100
314 40 11 99
314 40 14 148
314 29 14 150
314 23 32 150
314 21 14 148
314 39 14 148
314 31 37 150
315 32 14 100
315 10 11 150
316 28 11 100
316 28 47 100
316 47 37 150
316 10 2 100
317 20 40 100
317 31 20 100
318 21 40 99
318 2 32 100
318 20 40 100
318 46 33 100
319 8 37 100
319 26 6 100
319 26 11 100
319 4 6 99
319 32 6 100
319 21 19 150
319 20 6 148
320 1 6 150
320 13 6 150
320 20 6 148
320 20 40 100
320 24 37 150
320 32 6 100
320 22 6 148
320 0 6 150
321 0 6 150
321 1 6 150
321 1 40 148
321 49 6 150
321 20 6 148
321 8 37 100
322 20 32 100
323 42 2 99
323 42 21 100
323 26 11 100
323 25 37 150
324 26 40 148
324 20 32 100
324 17 33 99
325 34 37 150
325 34 40 99
326 48 5 100
326 8 37 100
327 22 19 100
327 31 40 100
328 5 47 99
328 45 11 100
328 24 1 100
328 24 37 150
329 28 11 100
329 23 20 100
330 9 37 150
330 9 43 100
330 24 40 100
330 21 40 99
330 35 32 100
330 42 2 99
331 7 11 100
331 39 33 100
332 26 11 100
332 32 32 100
332 34 37 150
333 22 11 99
333 22 19 100
334 31 40 100
335 9 37 150
335 28 11 100
335 18 20 150
335 17 20 100
336 29 2 100
336 28 11 100
336 30 21 100
337 31 14 150
337 43 11 100
337 29 14 150
337 10 14 150
337 4 14 100
338 48 14 150
338 48 19 150
338 39 14 148
338 39 40 150
338 17 14 100
338 17 32 148
338 4 14 100
338 22 14 150
338 22 37 150
338 21 14 148
338 30 14 150
339 30 14 150
339 24 40 100
339 8 37 100
339 35 14 150
339 22 14 150
340 41 33 100
340 7 14 148
340 40 14 148
340 40 40 150
341 34 37 150
341 45 11 100
341 20 32 100
342 7 11 100
342 2 2 100
342 8 37 100
343 14 19 150
344 20 40 100
345 22 11 99
345 22 37 150
345 38 3 100
346 41 32 150
346 40 11 99
346 28 47 100
347 25 37 150
347 25 40 100
347 21 40 99
348 24 43 100
348 22 2 100
348 22 11 99
348 22 19 100
349 24 37 150
349 2 32 100
349 26 11 100
350 28 11 100
350 48 21 100
351 24 37 150
351 24 40 100
352 25 32 100
352 40 11 99
352 22 19 100
353 9 37 150
353 41 33 100
353 16 40 100
353 12 40 100
354 5 9 100
354 2 32 100
355 46 14 150
355 9 37 150
355 28 11 100
355 2 2 100
355 17 14 100
355 17 33 99
355 31 14 150
355 48 14 150
355 29 14 150
356 35 14 150
356 22 11 99
356 22 14 150
356 23 20 100
356 4 14 100
356 29 14 150
356 31 14 150
356 10 14 150
357 17 14 100
357 39 14 148
357 35 14 150
357 30 14 150
357 26 11 100
358 23 20 100
358 23 32 150
358 12 40 100
358 24 37 150
358 40 14 148
358 31 20 100
358 8 33 100
359 23 20 100
359 8 37 100
359 26 11 100
359 31 20 100
360 25 40 100
361 9 37 150
361 25 32 100
361 28 11 100
361 22 2 100
361 48 21 100
362 30 47 100
363 43 6 150
363 43 11 100
363 26 6 100
363 26 11 100
363 8 37 100
363 22 6 148
363 49 6 150
363 32 6 100
363 4 6 99
364 23 32 150
364 1 3 99
364 1 6 150
364 4 6 99
364 20 6 148
364 0 6 150
364 49 6 150
364 32 6 100
365 4 6 99
365 20 6 148
365 45 11 100
365 49 6 150
365 47 37 150
365 10 11 150
366 28 11 100
366 48 19 150
366 48 30 100
367 2 32 100
367 45 11 100
367 47 37 150
368 10 2 100
369 48 47 100
369 49 33 100
369 7 11 100
369 34 37 150
369 45 11 100
370 20 32 100
371 7 11 100
371 22 37 150
371 5 33 100
372 43 11 100
373 43 11 100
373 33 21 100
373 9 37 150
373 9 43 100
374 16 40 100
374 10 2 100
374 17 33 99
374 25 40 100
375 43 11 100
375 34 37 150
375 25 32 100
376 31 20 100
376 22 19 100
377 34 37 150
377 7 11 100
378 25 32 100
378 40 11 99
379 44 26 99
379 1 5 99
379 31 37 150
380 26 11 100
380 42 2 99
380 8 37 100
381 43 11 100
381 28 3 100
382 17 32 148
382 17 33 99
382 47 37 150
382 31 40 100
383 32 32 100
384 9 37 150
384 12 40 100
384 22 19 100
385 21 40 99
385 40 6 150
385 6 47 100
385 1 6 150
385 39 20 100
385 39 33 100
385 30 21 100
385 31 40 100
385 4 6 99
385 20 6 148
386 20 6 148
386 40 6 150
386 40 11 99
386 26 6 100
386 49 6 150
386 31 37 150
387 8 37 100
387 12 6 148
387 20 6 148
387 40 6 150
387 40 11 99
387 32 6 100
387 4 6 99
387 0 6 150
388 45 11 100
388 32 6 100
389 29 2 100
389 8 37 100
389 7 11 100
389 39 20 100
389 31 20 100
390 8 33 100
390 8 37 100
390 10 11 150
391 35 40 100
392 8 37 100
392 26 11 100
393 9 37 150
393 2 32 100
393 19 4 100
393 40 11 99
393 48 19 150
394 28 11 100
394 29 2 100
395 14 9 100
395 8 37 100
396 45 11 100
396 8 33 100
396 8 37 100
397 33 21 100
397 32 32 100
397 28 11 100
397 8 37 100
397 8 43 99
398 20 32 100
398 22 11 99
398 23 20 100
399 29 14 150
399 10 14 150
399 4 14 100
399 41 33 100
399 43 11 100
399 22 14 150
399 22 37 150
399 30 14 150
400 10 2 100
400 10 14 150
400 3 40 100
400 4 14 100
400 48 14 150
400 32 14 100
400 21 14 148
400 36 14 148
401 47 37 150
401 26 40 148
401 32 14 100
401 46 14 150
401 7 14 148
401 39 14 148
401 21 14 148
401 17 14 100
402 26 11 100
403 3 40 100
403 9 37 150
403 31 40 100
403 8 33 100
404 22 11 99
404 22 37 150
405 20 32 100
405 40 11 99
406 28 11 100
406 29 2 100
406 7 19 150
406 8 37 100
407 35 32 100
407 8 37 100
407 26 11 100
408 45 11 100
409 31 37 150
409 32 32 100
409 13 43 100
409 39 33 100
409 22 11 99
410 8 3 99
410 8 37 100
410 25 32 100
410 42 21 100
410 22 11 99
411 22 19 100
411 3 40 100
412 24 37 150
412 45 11 100
413 2 2 100
413 2 32 100
413 17 20 100
413 8 37 100
414 40 11 99
414 22 11 99
415 39 33 100
415 47 37 150
415 45 11 100
416 40 11 99
417 28 11 100
418 41 32 150
418 43 11 100
418 9 37 150
419 15 2 100
419 25 37 150
419 43 11 100
419 16 19 150
420 43 11 100
421 32 32 100
421 25 32 100
421 25 40 100
421 17 33 99
422 22 11 99
422 8 37 100
422 8 43 99
423 10 14 150
423 31 14 150
423 22 14 150
423 22 19 100
423 35 14 150
424 8 33 100
424 8 37 100
424 33 21 100
424 35 14 150
424 30 14 150
424 46 14 150
424 39 14 148
424 21 14 148
424 21 30 100
424 10 11 150
424 10 14 150
425 15 2 100
425 28 11 100
425 39 14 148
425 40 14 148
425 35 14 150
425 10 14 150
425 32 14 100
426 3 40 100
426 34 37 150
426 34 40 99
427 31 40 100
427 35 32 100
428 22 37 150
428 31 20 100
428 5 9 100
429 3 40 100
430 45 11 100
430 34 37 150
431 27 2 100
431 48 19 150
431 35 40 100
431 24 40 100
432 24 37 150
432 35 32 100
432 40 11 99
433 45 11 100
434 31 37 150
434 46 43 100
434 26 11 100
435 25 32 100
435 25 40 100
435 22 19 100
436 25 37 150
436 40 11 99
436 44 21 99
436 48 47 100
437 40 11 99
437 39 32 150
437 22 19 100
438 17 33 99
438 29 2 100
439 0 6 150
439 8 37 100
439 43 6 150
439 43 11 100
440 9 37 150
440 1 6 150
440 12 6 148
440 32 6 100
440 32 32 100
440 0 6 150
440 49 6 150
440 20 6 148
441 24 37 150
441 24 40 100
441 41 33 100
441 4 6 99
441 40 6 150
441 40 11 99
441 22 6 148
441 22 19 100
441 43 6 150
442 43 6 150
442 4 6 99
443 23 20 100
443 23 32 150
443 24 20 150
443 24 37 150
444 3 11 150
444 22 19 100
445 40 40 150
445 29 2 100
446 39 40 150
446 25 37 150
447 1 3 99
447 1 40 148
447 41 33 100
448 39 40 150
448 9 37 150
449 28 11 100
450 2 32 100
450 21 19 150
450 21 40 99
450 8 37 100
451 40 40 150
451 29 2 100
451 35 32 100
451 47 1 100
452 18 26 99
452 26 11 100
452 34 37 150
453 5 33 100
453 5 47 99
453 40 40 150
453 17 20 100
453 20 43 100
454 33 21 100
454 21 40 99
455 18 32 100
455 24 37 150
455 10 11 150
456 34 40 99
456 20 40 100
457 7 11 100
457 15 2 100
457 8 33 100
457 8 37 100
458 3 40 100
459 22 11 99
459 22 37 150
459 35 32 100
460 26 11 100
460 8 37 100
461 11 5 100
462 28 11 100
462 20 32 100
462 34 37 150
463 48 19 150
463 22 11 99
463 8 37 100
464 27 2 100
464 18 32 100
464 26 11 100
465 30 21 100
465 26 11 100
465 25 37 150
465 17 33 99
466 2 5 100
466 2 32 100
467 1 39 100
467 1 40 148
467 8 37 100
468 32 32 100
468 20 40 100
468 31 37 150
469 18 32 100
469 28 11 100
470 21 40 99
470 12 2 99
470 6 43 100
470 49 33 100
471 24 37 150
471 45 11 100
471 32 32 100
471 34 40 99
471 22 19 100
472 43 11 100
473 1 3 99
473 26 11 100
474 25 37 150
474 25 40 100
474 39 20 100
474 39 33 100
474 13 20 150
474 22 19 100
475 1 40 148
475 41 32 150
476 15 2 100
476 7 11 100
477 8 37 100
478 9 37 150
478 48 21 100
478 40 11 99
478 35 32 100
479 40 11 99
479 8 33 100
479 8 37 100
479 18 32 100
480 12 30 100
480 12 40 100
480 5 47 99
481 26 11 100
481 9 37 150
482 32 32 100
482 15 2 100
482 21 19 150
482 22 11 99
483 7 11 100
483 22 37 150
484 46 33 100
485 24 37 150
485 13 11 148
486 28 11 100
486 4 4 100
487 40 11 99
487 25 37 150
488 5 33 100
488 28 11 100
488 20 32 100
488 20 43 100
488 39 20 100
488 8 37 100
489 8 3 99
489 15 2 100
489 26 11 100
490 30 5 99
491 7 11 100
491 7 14 148
491 17 14 100
491 24 37 150
491 48 14 150
491 32 14 100
491 32 32 100
491 10 14 150
491 39 14 148
491 40 14 148
492 39 14 148
492 34 21 100
492 35 14 150
492 7 11 100
492 7 14 148
492 7 19 150
492 17 14 100
492 40 14 148
493 45 11 100
493 21 14 148
493 17 14 100
493 46 14 150
494 20 40 100
494 30 14 150
494 30 47 100
494 31 37 150
494 32 14 100
495 45 11 100
495 27 2 100
496 35 32 100
496 35 40 100
496 22 37 150
496 17 33 99
496 21 40 99
497 7 11 100
498 26 40 148
498 8 37 100
498 32 32 100
499 28 11 100
499 23 39 148
499 22 19 100
499 22 37 150
500 43 11 100
501 7 11 100
501 41 33 100
501 20 32 100
501 12 2 99
502 0 19 150
502 28 11 100
502 22 37 150
502 20 32 100
503 21 40 99
504 31 20 100
504 31 37 150
504 26 11 100
505 40 11 99
505 22 19 100
505 13 20 150
506 1 40 148
507 27 2 100
507 7 11 100
507 9 37 150
508 14 9 100
508 35 32 100
508 24 43 100
508 8 37 100
508 12 30 100
508 22 19 100
509 48 21 100
509 17 33 99
509 26 11 100
510 40 11 99
511 22 11 99
511 22 37 150
512 43 11 100
512 18 32 100
513 7 11 100
513 25 37 150
514 23 20 100
514 27 2 100
515 25 32 100
515 25 37 150
515 45 11 100
516 49 33 100
516 24 43 100
516 40 11 99
517 48 3 100
517 8 37 100
518 40 11 99
518 22 19 100
519 17 33 99
519 8 37 100
519 28 5 100
520 17 32 148
520 10 2 100
520 10 11 150
521 22 11 99
521 22 37 150
521 44 21 99
522 40 11 99
522 8 37 100
523 8 37 100
523 34 40 99
524 45 11 100
525 47 37 150
525 43 11 100
525 39 20 100
526 26 11 100
526 20 19 150
526 20 32 100
526 20 43 100
526 27 2 100
527 35 40 100
527 3 40 100
527 9 37 150
528 13 20 150
528 8 33 100
528 20 40 100
529 35 32 100
529 45 11 100
530 29 40 148
531 31 37 150
531 36 3 100
531 40 11 99
532 10 2 100
532 10 21 100
532 20 32 100
532 43 11 100
532 17 33 99
533 45 11 100
534 12 40 100
534 48 36 100
534 22 19 100
534 22 37 150
534 31 20 100
535 28 11 100
535 8 37 100
536 5 47 99
536 45 11 100
537 26 11 100
538 48 33 150
538 31 37 150
538 7 11 100
539 24 37 150
539 24 40 100
539 31 40 100
539 2 2 100
539 2 32 100
540 49 1 99
540 22 11 99
541 6 43 100
541 28 11 100
541 22 19 100
541 32 32 100
542 7 14 148
542 21 14 148
542 48 14 150
543 18 32 100
543 43 11 100
543 29 14 150
543 22 14 150
543 22 19 100
543 21 14 148
543 7 14 148
544 28 11 100
544 25 37 150
544 22 14 150
544 31 14 150
544 35 14 150
544 40 14 148
545 36 14 148
545 42 2 99
545 42 21 100
545 10 14 150
545 31 14 150
545 31 20 100
545 7 11 100
545 7 14 148
546 8 37 100
546 18 26 99
546 18 32 100
546 43 11 100
547 31 37 150
547 7 11 100
548 40 11 99
548 25 32 100
549 47 37 150
549 18 32 100
549 25 40 100
551 34 37 150
551 26 11 100
551 15 2 100
551 49 33 100
551 20 32 100
551 40 11 99
552 45 11 100
552 7 19 150
553 43 11 100
553 47 37 150
554 22 11 99
555 24 37 150
555 20 32 100
556 29 40 148
556 7 3 100
556 13 43 100
557 28 5 100
557 25 32 100
557 10 2 100
558 47 37 150
558 45 11 100
558 42 21 100
558 22 19 100
559 16 40 100
559 46 33 100
560 31 20 100
560 31 37 150
560 13 11 148
560 13 20 150
560 41 32 150
561 45 11 100
561 8 33 100
561 8 37 100
562 35 32 100
563 7 11 100
563 28 11 100
564 12 2 99
564 24 37 150
564 4 4 100
564 22 11 99
565 47 37 150
566 13 11 148
566 10 32 150
566 43 39 99
566 22 19 100
567 22 37 150
567 12 40 100
568 41 33 100
568 45 11 100
569 40 11 99
569 8 37 100
570 25 32 100
570 25 37 150
570 45 11 100
570 29 2 100
571 25 32 100
571 13 11 148
571 13 43 100
571 34 21 100
571 22 19 100
572 26 11 100
572 8 37 100
573 8 37 100
573 7 11 100
574 17 33 99
574 20 40 100
574 34 40 99
575 32 32 100
575 29 40 148
575 24 37 150
575 6 47 100
576 5 2 100
576 5 5 99
576 5 33 100
576 24 37 150
576 48 30 100
