34 0 0 100
34 0 3 144
34 0 16 150
34 0 19 99
34 0 25 150
34 0 26 100
34 0 27 150
34 0 42 100
34 0 44 150
46 0 0 100
46 0 3 150
46 0 6 100
46 0 16 150
46 0 19 99
46 0 25 150
46 0 26 100
46 0 27 150
46 0 42 100
46 0 44 150
74 0 0 100
74 0 3 150
74 0 6 100
74 0 16 150
74 0 19 99
74 0 25 150
74 0 26 100
74 0 27 150
74 0 42 100
74 0 44 150
79 3 7 100
79 3 17 150
79 3 29 99
79 3 30 150
79 3 37 100
79 3 39 148
79 3 45 39
83 32 11 150
83 32 24 100
83 32 25 150
83 32 26 99
83 32 28 150
83 32 30 100
83 32 31 150
83 32 34 100
83 32 40 150
83 32 46 60
83 32 49 100
87 32 1 100
87 32 11 150
87 32 24 100
87 32 25 150
87 32 26 99
87 32 28 150
87 32 30 100
87 32 31 150
87 32 34 100
87 32 40 150
87 32 46 60
87 32 49 100
104 3 7 100
104 3 17 150
104 3 29 99
104 3 30 150
104 3 37 100
104 3 39 148
104 3 45 96
109 0 3 150
109 0 6 100
109 0 16 150
109 0 19 99
109 0 25 150
109 0 26 100
109 0 27 150
109 0 42 100
109 0 44 150
116 0 0 100
116 0 3 150
116 0 6 100
116 0 16 150
116 0 19 99
116 0 25 150
116 0 26 100
116 0 27 150
116 0 42 100
116 0 44 150
138 32 1 100
138 32 11 150
138 32 24 100
138 32 25 150
138 32 26 99
138 32 28 150
138 32 30 100
138 32 31 150
138 32 34 100
138 32 40 150
138 32 46 99
138 32 48 150
138 32 49 100
142 0 0 100
142 0 3 150
142 0 6 100
142 0 16 150
142 0 19 99
142 0 25 150
142 0 26 100
142 0 27 150
142 0 42 100
142 0 44 150
157 0 0 100
157 0 3 150
157 0 6 100
157 0 16 150
157 0 19 99
157 0 25 150
157 0 26 100
157 0 27 150
157 0 42 100
157 0 44 150
165 9 0 100
165 9 5 84
165 9 29 148
165 9 36 48
165 9 40 100
165 9 44 150
165 9 46 99
165 9 48 150
187 0 0 100
187 0 3 150
187 0 6 100
187 0 16 150
187 0 19 99
187 0 25 150
187 0 26 100
187 0 27 150
187 0 42 100
187 0 44 150
190 32 1 100
190 32 11 150
190 32 24 100
190 32 25 150
190 32 26 99
190 32 28 150
190 32 30 100
190 32 31 150
190 32 34 100
190 32 40 150
190 32 46 99
190 32 48 150
190 32 49 100
233 3 7 100
233 3 17 150
233 3 29 99
233 3 30 150
233 3 37 100
233 3 39 148
233 3 45 99
238 0 0 100
238 0 3 150
238 0 6 100
238 0 16 150
238 0 19 99
238 0 25 150
238 0 26 100
238 0 27 150
238 0 42 100
238 0 44 150
251 32 1 100
251 32 11 150
251 32 24 100
251 32 25 150
251 32 26 99
251 32 28 150
251 32 30 100
251 32 31 150
251 32 34 100
251 32 40 150
251 32 46 99
251 32 48 150
251 32 49 100
268 3 7 100
268 3 17 150
268 3 29 99
268 3 30 150
268 3 37 100
268 3 39 148
268 3 45 99
268 13 11 100
268 13 13 150
268 13 14 100
268 13 16 148
268 13 34 100
268 13 42 150
268 13 48 100
283 13 11 100
283 13 13 150
283 13 14 100
283 13 16 148
283 13 34 100
283 13 42 150
283 13 48 100
285 32 1 100
285 32 11 150
285 32 24 70
285 32 26 99
285 32 28 150
285 32 30 100
285 32 31 150
285 32 34 100
285 32 40 150
285 32 46 99
285 32 48 150
285 32 49 100
302 0 0 100
302 0 3 150
302 0 6 100
302 0 16 150
302 0 19 99
302 0 25 150
302 0 26 100
302 0 27 150
302 0 42 100
302 0 44 150
304 0 0 100
304 0 3 150
304 0 6 100
304 0 16 150
304 0 19 99
304 0 25 150
304 0 26 100
304 0 27 150
304 0 42 100
304 0 44 150
311 32 1 100
311 32 11 150
311 32 24 100
311 32 25 150
311 32 26 99
311 32 28 150
311 32 30 100
311 32 31 150
311 32 34 100
311 32 40 150
311 32 46 99
311 32 48 150
311 32 49 100
326 0 0 100
326 0 3 150
326 0 6 100
326 0 16 150
326 0 19 99
326 0 25 150
326 0 26 100
326 0 27 150
326 0 42 100
326 0 44 150
332 0 0 100
332 0 3 150
332 0 6 100
332 0 16 150
332 0 19 99
332 0 25 150
332 0 26 100
332 0 27 150
332 0 42 100
332 0 44 150
339 3 7 100
339 3 17 150
339 3 29 99
339 3 30 150
339 3 37 100
339 3 39 148
339 3 45 99
342 48 0 42
342 48 24 100
342 48 38 44
342 48 45 148
342 48 49 99
353 32 1 100
353 32 11 150
353 32 24 100
353 32 25 150
353 32 26 99
353 32 28 150
353 32 30 100
353 32 31 150
353 32 34 100
353 32 40 150
353 32 46 99
353 32 48 150
353 32 49 100
354 9 0 100
354 9 5 150
354 9 7 100
354 9 29 148
354 9 36 99
354 9 39 150
354 9 40 100
354 9 44 150
354 9 46 99
354 9 48 150
372 0 0 100
372 0 3 150
372 0 6 100
372 0 16 150
372 0 19 99
372 0 25 150
372 0 26 100
372 0 27 150
372 0 42 100
372 0 44 150
385 0 0 100
385 0 3 150
385 0 6 100
385 0 16 150
385 0 19 99
385 0 25 150
385 0 26 100
385 0 27 150
385 0 42 100
385 0 44 150
390 34 3 100
390 34 5 150
390 34 9 100
390 34 17 150
390 34 18 100
390 34 19 150
390 34 20 100
390 34 23 148
390 34 29 99
390 34 33 150
390 34 34 100
390 34 37 150
390 34 39 100
390 34 40 148
390 34 42 100
390 34 47 148
390 34 48 100
391 32 1 100
391 32 11 150
391 32 24 100
391 32 25 150
391 32 26 99
391 32 28 150
391 32 30 100
391 32 31 150
391 32 34 100
391 32 40 150
391 32 46 99
391 32 48 150
391 32 49 100
408 0 0 100
408 0 3 150
408 0 6 100
408 0 16 150
408 0 19 99
408 0 25 150
408 0 26 100
408 0 27 150
408 0 42 100
408 0 44 150
422 48 0 57
422 48 24 100
422 48 38 40
422 48 45 148
422 48 49 99
427 0 0 100
427 0 3 150
427 0 6 100
427 0 16 150
427 0 19 99
427 0 25 150
427 0 26 100
427 0 27 150
427 0 42 100
427 0 44 150
437 32 1 100
437 32 11 150
437 32 24 100
437 32 25 150
437 32 26 99
437 32 28 150
437 32 30 100
437 32 31 150
437 32 34 100
437 32 40 150
437 32 46 99
437 32 48 150
437 32 49 100
443 0 0 100
443 0 3 150
443 0 6 100
443 0 16 150
443 0 19 99
443 0 25 150
443 0 26 100
443 0 27 150
443 0 42 100
443 0 44 150
456 0 0 100
456 0 3 150
456 0 6 100
456 0 16 150
456 0 19 99
456 0 25 150
456 0 26 100
456 0 27 150
456 0 42 100
456 0 44 150
456 3 7 100
456 3 17 150
456 3 29 99
456 3 30 150
456 3 37 100
456 3 39 148
456 3 45 99
459 32 1 100
459 32 11 150
459 32 24 100
459 32 25 150
459 32 26 99
459 32 28 150
459 32 30 100
459 32 31 150
459 32 34 100
459 32 40 150
459 32 46 99
459 32 48 150
459 32 49 100
468 0 0 100
468 0 3 150
468 0 6 100
468 0 16 150
468 0 19 99
468 0 25 150
468 0 26 100
468 0 27 150
468 0 42 100
468 0 44 150
480 3 7 100
480 3 17 150
480 3 29 99
480 3 30 150
480 3 37 100
480 3 39 148
480 3 45 99
485 0 0 100
485 0 3 150
485 0 6 100
485 0 16 150
485 0 19 99
485 0 25 150
485 0 26 100
485 0 27 150
485 0 42 100
485 0 44 150
497 0 0 100
497 0 3 150
497 0 6 100
497 0 16 150
497 0 19 99
497 0 25 150
497 0 26 100
497 0 27 150
497 0 42 100
497 0 44 150
504 32 1 100
504 32 11 150
504 32 24 100
504 32 25 150
504 32 26 99
504 32 28 150
504 32 30 100
504 32 31 150
504 32 34 100
504 32 40 150
504 32 46 99
504 32 48 150
504 32 49 100
504 34 3 100
504 34 5 150
504 34 9 100
504 34 17 150
504 34 18 92
504 34 20 100
504 34 23 148
504 34 29 99
504 34 33 106
504 34 37 150
504 34 39 100
504 34 40 148
504 34 42 100
504 34 47 148
504 34 48 100
523 0 0 100
523 0 3 150
523 0 6 100
523 0 16 150
523 0 19 99
523 0 25 150
523 0 26 100
523 0 27 150
523 0 42 100
523 0 44 150
535 32 1 100
535 32 11 150
535 32 24 100
535 32 25 150
535 32 26 99
535 32 28 150
535 32 30 100
535 32 31 150
535 32 34 100
535 32 40 150
535 32 46 99
535 32 48 150
535 32 49 100
536 0 0 100
536 0 3 150
536 0 6 100
536 0 16 150
536 0 19 99
536 0 25 150
536 0 26 100
536 0 27 150
536 0 42 100
536 0 44 150
540 0 0 100
540 0 3 150
540 0 6 100
540 0 16 150
540 0 19 99
540 0 25 150
540 0 26 100
540 0 27 150
540 0 42 100
540 0 44 150
542 32 1 100
542 32 11 150
542 32 24 100
542 32 25 150
542 32 26 99
542 32 28 150
542 32 30 100
542 32 31 150
542 32 34 100
542 32 40 150
542 32 46 99
542 32 48 150
542 32 49 100
545 0 0 100
545 0 3 150
545 0 6 100
545 0 16 150
545 0 19 99
545 0 25 150
545 0 26 100
545 0 27 150
545 0 42 100
545 0 44 150
559 3 7 100
559 3 17 150
559 3 29 99
559 3 30 150
559 3 37 100
559 3 39 148
559 3 45 99
573 32 1 100
573 32 11 150
573 32 24 100
573 32 25 150
573 32 26 99
573 32 28 150
573 32 30 100
573 32 31 150
573 32 34 100
573 32 40 150
573 32 46 99
573 32 48 150
573 32 49 100
582 0 0 100
582 0 3 150
582 0 6 100
582 0 16 150
582 0 19 99
582 0 25 150
582 0 26 100
582 0 27 150
582 0 42 100
582 0 44 150
586 0 0 100
586 0 3 150
586 0 6 100
586 0 16 150
586 0 19 99
586 0 25 150
586 0 26 100
586 0 27 150
586 0 42 100
586 0 44 150
606 0 0 100
606 0 3 150
606 0 6 100
606 0 16 150
606 0 19 99
606 0 25 150
606 0 26 100
606 0 27 150
606 0 42 100
606 0 44 150
608 32 1 100
608 32 11 150
608 32 24 100
608 32 25 150
608 32 26 99
608 32 28 150
608 32 30 100
608 32 31 150
608 32 34 100
608 32 40 150
608 32 46 99
608 32 48 150
608 32 49 100
617 0 0 100
617 0 3 150
617 0 6 100
617 0 16 150
617 0 19 99
617 0 25 150
617 0 26 100
617 0 27 150
617 0 42 100
617 0 44 150
626 13 11 100
626 13 13 150
626 13 14 100
626 13 16 148
626 13 34 100
626 13 42 150
626 13 48 100
634 0 0 100
634 0 3 150
634 0 6 100
634 0 16 150
634 0 19 99
634 0 25 150
634 0 26 100
634 0 27 150
634 0 42 100
634 0 44 150
646 3 7 100
646 3 17 150
646 3 29 99
646 3 30 150
646 3 37 100
646 3 39 148
646 3 45 99
659 13 11 100
659 13 13 150
659 13 14 100
659 13 16 148
659 13 34 100
659 13 42 150
659 13 48 100
661 13 11 100
661 13 13 150
661 13 14 100
661 13 16 148
661 13 34 100
661 13 42 150
661 13 48 100
668 9 0 100
668 9 5 108
668 9 29 148
668 9 36 99
668 9 39 150
668 9 40 100
668 9 44 150
668 9 46 99
668 9 48 150
675 0 0 100
675 0 3 150
675 0 6 100
675 0 16 150
675 0 19 99
675 0 25 150
675 0 26 100
675 0 27 150
675 0 42 100
675 0 44 150
678 13 11 100
678 13 13 150
678 13 14 100
678 13 16 148
678 13 34 100
678 13 42 150
678 13 48 100
680 32 1 100
680 32 11 150
680 32 24 100
680 32 25 150
680 32 26 99
680 32 28 150
680 32 30 100
680 32 31 150
680 32 34 100
680 32 40 150
680 32 46 99
680 32 48 150
680 32 49 100
692 27 10 20
692 27 20 18
692 27 25 150
692 27 28 100
692 27 33 100
692 27 37 46
692 46 11 100
692 46 15 148
692 46 18 36
692 46 27 150
692 46 38 26
692 46 46 100
692 29 1 148
692 29 6 99
692 29 13 150
692 29 26 100
692 29 28 148
692 29 36 100
692 29 46 150
692 11 3 100
692 11 17 150
692 11 24 99
692 11 36 148
692 11 39 100
692 11 44 150
692 11 45 100
692 11 48 150
692 21 7 100
692 21 9 138
692 21 28 100
692 21 33 100
692 21 43 148
692 2 1 100
692 2 3 150
692 2 9 2
692 2 25 150
692 2 27 100
692 2 33 150
692 2 45 100
692 2 49 4
692 24 13 30
692 24 27 150
692 24 34 99
692 24 43 150
692 24 46 100
692 24 47 150
692 1 3 99
692 1 11 150
692 1 15 99
692 1 25 150
692 1 28 100
692 1 36 150
692 1 39 150
692 1 42 100
692 1 44 150
692 34 3 100
692 34 5 2
692 34 19 150
692 34 23 148
692 34 29 99
692 34 33 150
692 34 34 100
692 34 39 100
692 34 40 148
692 34 42 100
692 34 47 80
692 6 1 100
692 6 3 99
692 6 6 150
692 6 14 3
692 6 24 100
692 6 25 148
692 6 26 100
692 6 27 150
692 6 28 99
692 6 33 150
692 6 34 100
692 6 39 150
692 6 40 100
692 6 44 148
692 18 15 150
692 18 19 100
692 18 24 150
692 18 29 99
692 18 36 150
692 18 39 100
692 18 40 148
692 18 44 100
692 18 45 150
692 18 47 2
692 45 6 100
692 45 7 150
692 45 15 9
692 45 17 150
692 45 26 150
692 45 34 99
692 45 36 150
692 45 42 100
692 45 43 148
692 16 1 100
692 16 3 148
692 16 6 150
692 16 27 150
692 16 31 100
692 16 39 100
692 16 43 150
692 47 6 99
692 47 7 150
692 47 17 100
692 47 36 148
692 47 43 100
692 23 6 150
692 23 17 100
692 23 26 100
692 23 31 148
692 23 36 150
692 10 6 99
692 10 7 148
692 10 8 48
692 10 33 148
692 10 36 6
693 35 23 100
693 35 26 150
693 35 28 100
693 35 31 150
693 35 34 100
693 35 39 100
693 35 48 148
693 17 23 100
693 17 29 150
693 17 31 100
693 17 34 99
693 17 48 150
693 25 3 99
693 25 11 99
693 25 16 100
693 25 23 100
693 25 26 150
693 25 28 99
693 25 30 110
693 25 39 150
693 25 48 150
693 28 3 100
693 28 23 100
693 28 27 150
693 28 34 150
693 28 45 100
693 28 46 150
693 28 48 100
693 7 11 150
693 7 17 150
693 7 25 100
693 7 26 150
693 7 40 148
693 7 43 100
693 7 45 150
693 13 11 100
693 13 16 148
693 13 34 100
693 13 42 150
693 13 48 100
693 16 1 100
693 16 3 148
693 16 6 150
693 16 27 150
693 16 31 100
693 16 39 100
693 16 43 150
693 14 1 100
693 14 3 100
693 14 7 100
693 14 11 100
693 14 23 99
693 14 26 150
693 14 34 100
693 14 39 150
693 14 42 99
693 14 46 150
693 38 3 100
693 38 11 148
693 38 33 150
693 38 39 148
693 40 6 100
693 40 17 100
693 40 31 148
693 40 39 100
693 40 45 150
693 10 6 99
693 10 7 148
693 10 17 52
693 29 1 148
693 29 6 99
693 29 26 100
693 29 28 148
693 29 46 150
693 22 6 100
693 22 15 8
693 22 23 100
693 22 24 150
693 22 25 99
693 22 29 150
693 22 40 150
693 22 42 150
693 22 43 99
693 1 3 99
693 1 11 150
693 1 25 150
693 1 28 100
693 1 39 150
693 1 42 100
693 1 44 150
693 37 19 100
693 37 25 148
693 37 28 99
693 37 40 148
693 37 44 100
693 37 46 150
693 19 31 100
693 19 45 100
694 27 16 99
694 27 24 100
694 27 25 150
694 27 28 100
694 27 33 100
694 14 1 100
694 14 3 72
694 14 11 100
694 14 23 99
694 14 26 150
694 14 34 100
694 14 39 150
694 14 42 99
694 14 46 150
694 36 1 99
694 36 7 127
694 36 13 108
694 36 26 150
694 36 28 100
694 36 29 150
694 36 33 84
694 36 46 100
694 9 29 148
694 9 39 150
694 9 40 100
694 9 44 150
694 9 46 99
694 9 48 150
694 5 26 100
694 5 39 150
694 5 44 150
694 0 6 100
694 0 16 150
694 0 19 99
694 0 25 150
694 0 26 100
694 0 27 150
694 0 42 100
694 0 44 150
694 42 19 100
694 42 23 100
694 42 24 150
694 42 25 100
694 42 26 150
694 42 31 150
694 42 34 100
694 44 6 100
694 44 39 150
694 44 45 100
694 44 46 150
694 21 15 2
694 21 43 148
694 33 1 100
694 33 16 100
694 33 19 99
694 33 24 100
694 33 28 150
694 33 39 150
694 33 43 100
694 33 44 150
694 33 45 99
694 45 6 100
694 45 16 100
694 45 26 150
694 45 34 99
694 45 42 100
694 45 43 120
694 37 25 148
694 37 28 99
694 37 40 148
694 37 44 100
694 37 46 150
694 12 11 100
694 12 23 100
694 12 25 150
694 12 29 99
694 12 34 150
694 32 1 100
694 32 11 150
694 32 24 100
694 32 25 150
694 32 26 99
694 32 28 150
694 32 31 150
694 32 34 100
694 32 40 150
694 32 46 99
694 32 48 150
694 24 1 100
694 24 26 100
694 24 27 150
694 24 34 99
694 24 46 100
694 39 28 28
694 39 44 150
694 39 45 100
694 39 46 148
695 20 19 150
695 20 24 150
695 20 31 100
695 34 18 12
695 34 23 148
695 34 29 99
695 34 34 100
695 34 39 100
695 34 40 148
695 34 42 100
695 34 48 100
695 21 15 8
695 30 26 148
695 30 34 150
695 30 36 100
695 30 43 1
695 45 16 100
695 45 26 150
695 45 34 99
695 45 42 100
695 14 1 100
695 14 11 100
695 14 23 99
695 14 26 150
695 14 34 100
695 14 39 150
695 14 42 99
695 14 46 150
695 47 6 99
695 5 26 100
695 5 39 150
695 5 44 150
695 48 16 148
695 48 24 100
695 48 40 100
695 48 45 148
695 6 1 100
695 6 6 150
695 6 24 100
695 6 25 148
695 6 26 100
695 6 27 150
695 6 34 100
695 6 39 134
695 6 44 148
695 35 16 99
695 35 23 100
695 35 26 150
695 35 31 54
695 35 48 148
695 23 6 150
695 23 26 100
695 49 1 148
695 49 23 99
695 49 44 100
695 49 46 148
695 12 11 100
695 12 23 100
695 12 25 150
695 12 29 99
695 12 34 150
695 19 45 100
695 18 19 100
695 18 24 150
695 18 29 99
695 18 40 148
695 18 44 100
695 18 45 150
695 18 48 150
696 47 6 99
696 47 49 30
696 32 11 150
696 32 24 100
696 32 25 150
696 32 26 99
696 32 34 100
696 32 40 18
696 32 48 150
696 44 6 100
696 44 45 40
696 35 16 99
696 35 23 100
696 35 26 150
696 35 34 100
696 35 37 16
696 4 11 100
696 4 15 8
696 4 27 148
696 4 46 100
696 33 1 100
696 33 16 100
696 33 19 99
696 33 24 84
696 24 1 100
696 24 26 100
696 24 27 150
696 24 34 99
696 24 46 100
696 41 11 99
696 41 16 100
696 41 29 33
696 7 11 150
696 7 25 100
696 7 26 150
696 7 45 1
696 36 1 99
696 36 11 100
696 36 25 100
696 36 26 150
696 36 46 100
696 20 19 150
696 2 1 100
696 2 11 99
696 2 25 150
696 2 27 100
696 18 19 100
696 18 44 100
696 18 48 150
696 46 1 150
696 46 11 76
696 46 46 100
696 37 19 100
696 37 25 148
696 37 44 100
696 37 46 150
697 37 19 100
697 37 25 100
697 37 46 150
697 16 1 100
697 16 6 150
697 16 27 150
697 30 16 150
697 30 26 148
697 30 34 150
697 30 42 99
697 3 29 12
697 12 34 150
697 40 6 100
697 21 33 64
697 15 26 150
697 15 42 148
697 15 44 150
697 23 6 150
697 23 26 100
697 18 19 100
697 18 24 9
697 18 48 150
697 11 44 150
697 11 48 150
697 33 1 100
697 33 16 100
697 33 19 99
697 33 44 150
697 35 16 99
697 35 23 100
697 35 26 150
697 35 34 100
697 35 48 148
697 27 16 99
697 17 23 100
697 17 34 99
697 17 48 150
697 2 1 100
697 2 27 100
697 2 45 2
698 10 7 36
698 34 23 148
698 34 34 100
698 34 42 100
698 34 48 100
698 49 1 148
698 49 23 84
698 49 46 148
698 12 11 12
698 42 19 100
698 42 24 9
698 42 31 1
698 36 1 99
698 36 7 1
698 36 46 100
698 0 6 100
698 0 16 150
698 0 19 99
698 0 26 100
698 0 27 150
698 0 42 100
698 0 44 150
698 33 1 100
698 33 16 100
698 33 19 99
698 33 44 150
698 8 27 100
698 8 34 92
698 2 1 100
698 2 27 100
698 32 1 100
698 32 26 99
698 32 46 99
698 32 48 150
698 5 26 100
698 5 44 150
698 18 19 100
698 18 44 100
698 18 48 150
698 26 42 148
698 26 46 148
698 6 1 100
698 6 6 150
698 6 26 100
698 6 27 150
698 6 44 148
699 43 16 100
699 43 29 2
699 22 16 99
699 22 24 8
699 33 1 100
699 33 16 100
699 33 19 99
699 33 24 1
699 26 42 148
699 26 46 148
699 8 27 100
699 8 48 100
699 37 19 100
699 37 44 100
699 37 46 150
699 47 6 99
699 14 1 100
699 14 11 12
699 14 42 99
699 14 46 150
699 23 6 150
699 23 26 100
699 31 1 99
699 31 16 150
699 31 42 100
699 18 19 100
699 18 44 44
699 5 26 100
699 40 6 100
699 34 19 150
699 34 42 100
699 34 48 100
700 23 6 150
700 23 26 100
700 18 19 100
700 18 24 9
700 18 48 150
700 21 33 64
700 4 27 148
700 4 40 2
700 16 1 100
700 16 6 150
700 16 27 150
700 10 6 99
700 29 1 148
700 29 6 99
700 29 26 100
700 29 46 150
700 25 16 44
700 25 31 2
700 14 1 100
700 14 26 150
700 14 42 99
700 14 46 150
700 2 1 100
700 2 25 143
700 5 26 100
700 33 1 100
700 33 19 99
700 37 19 100
700 37 44 1
700 28 27 150
700 28 46 150
700 28 48 100
701 26 24 8
701 26 46 148
701 17 48 150
701 45 6 100
701 45 15 8
701 45 42 100
701 13 11 12
701 13 48 100
701 47 6 99
701 42 19 100
701 42 24 1
701 42 31 1
701 23 26 100
701 29 1 148
701 29 6 99
701 29 26 100
701 29 46 150
701 22 6 100
701 22 42 150
701 4 27 148
701 4 46 100
701 2 1 26
701 37 19 100
701 37 46 150
701 39 46 148
701 11 48 150
702 12 11 12
702 30 42 99
702 30 43 34
702 14 42 99
702 14 46 150
702 14 49 30
702 6 6 150
702 6 26 100
702 6 27 150
702 47 6 99
702 49 46 148
702 28 27 150
702 28 46 150
702 28 48 100
702 34 19 150
702 34 42 100
702 34 48 100
702 26 42 148
702 26 46 148
702 20 19 150
702 46 27 150
702 46 46 100
702 0 6 58
702 0 26 100
702 0 27 150
702 0 42 100
702 4 27 148
702 4 46 90
703 8 48 100
703 17 31 8
703 43 43 33
703 6 27 150
703 7 11 12
703 7 43 1
703 34 19 150
703 34 42 100
703 34 48 100
703 32 26 99
703 32 31 2
703 30 26 148
703 30 42 99
703 18 19 100
703 18 48 2
703 14 26 150
703 14 42 99
704 4 27 148
704 4 36 100
704 30 26 148
704 30 34 48
704 7 26 150
704 7 45 8
704 24 27 150
704 35 26 150
704 35 31 12
704 45 6 18
704 45 42 100
704 22 42 150
704 32 26 99
704 2 27 100
704 1 42 100
705 45 6 18
705 45 42 100
705 4 11 12
705 4 33 64
705 37 19 100
705 48 24 10
705 1 42 100
705 15 26 150
705 15 42 148
705 18 19 100
705 29 26 100
705 5 26 100
705 24 26 100
705 24 27 150
706 25 26 150
706 25 30 54
706 15 42 148
706 15 44 150
706 15 49 30
706 29 1 16
706 29 46 60
706 0 26 100
706 0 27 150
706 0 42 100
706 0 44 138
706 36 26 150
706 26 42 148
706 14 26 24
707 32 1 20
707 28 27 150
707 28 48 2
707 37 44 1
707 41 15 6
707 1 42 100
707 21 15 2
707 24 27 150
707 20 19 150
707 20 24 1
708 20 24 9
708 11 44 150
708 11 48 20
708 0 26 84
708 0 42 100
708 0 44 138
708 30 42 99
708 37 19 100
708 37 44 1
708 13 42 150
708 24 27 150
708 8 27 100
709 40 6 18
709 34 19 150
709 34 42 100
709 30 16 60
709 36 15 9
709 45 15 1
709 20 24 1
710 25 11 12
710 11 24 9
710 18 29 12
710 36 33 64
710 37 19 100
710 42 19 100
711 29 1 16
711 19 31 8
711 48 40 2
712 37 46 60
712 45 42 38
712 7 43 1
712 34 42 1
713 41 29 1
714 33 19 99
714 33 24 1
714 8 27 80
715 45 15 8
715 45 34 48
716 20 19 150
716 2 11 12
717 0 42 36
718 29 13 108
718 33 15 8
718 33 43 32
719 20 24 9
719 0 27 78
720 37 19 72
724 36 43 3
729 13 11 12
732 24 49 30
735 11 24 9
736 47 6 18
742 19 31 8
742 23 6 18
743 23 31 12
748 46 11 12
749 42 31 12
749 22 40 48
753 32 1 2
753 35 26 34
765 21 15 2
765 39 44 39
766 21 43 32
772 36 28 2
775 25 31 10
777 43 29 1
778 17 48 20
782 29 28 36
788 31 36 100
790 39 43 34
792 1 42 38
795 22 6 18
795 38 33 64
797 30 43 2
801 0 25 142
802 35 31 12
808 36 29 12
810 41 15 6
811 31 1 18
818 4 11 12
819 9 48 20
821 23 37 15
825 33 16 60
828 32 40 50
841 18 13 100
841 18 15 8
842 19 45 8
844 32 1 18
849 18 15 8
849 18 48 20
856 33 45 6
