2 5 14 100
2 13 46 148
2 37 11 150
2 15 11 99
2 1 14 150
3 14 22 100
3 28 11 150
3 28 38 148
3 20 11 100
4 2 5 100
4 2 46 99
4 22 4 150
4 22 38 100
4 26 9 150
4 1 11 100
4 46 16 148
4 0 11 150
4 36 9 100
4 36 11 100
4 39 9 100
4 7 9 150
5 22 46 150
5 32 22 100
5 2 46 99
5 26 20 100
5 11 4 100
5 1 11 100
6 31 46 100
6 49 35 100
6 28 11 150
6 28 22 99
6 20 11 100
6 19 38 100
6 6 11 150
7 22 4 150
7 22 5 99
7 22 46 150
7 4 1 100
7 21 46 99
7 28 11 150
7 28 14 100
7 15 11 99
7 25 14 100
7 24 1 100
7 24 11 150
7 12 1 99
7 38 1 99
7 1 1 99
8 2 22 99
8 28 3 99
8 28 11 150
8 35 4 100
8 1 11 100
8 10 26 100
9 36 11 100
9 11 46 100
9 29 22 100
9 29 46 100
9 32 22 100
9 20 11 100
9 20 14 100
9 20 20 99
9 47 11 99
10 38 46 100
10 28 11 150
10 28 22 99
10 28 43 100
10 18 46 100
10 42 5 100
10 36 11 100
10 47 11 99
11 35 4 100
11 35 22 100
11 39 9 100
11 15 11 99
11 1 11 100
11 1 46 148
11 36 9 100
11 36 11 100
11 6 9 100
11 16 9 100
11 22 38 100
11 26 9 150
12 17 11 100
12 29 1 100
12 29 46 100
12 39 1 100
12 47 11 99
12 30 4 100
12 38 1 99
12 38 46 100
12 48 1 100
12 15 11 99
12 13 1 100
13 36 11 100
13 36 14 150
13 17 11 100
13 8 46 150
13 7 11 100
13 7 22 100
13 44 5 100
13 5 14 100
14 25 14 100
14 25 40 100
14 25 46 150
14 40 4 99
14 7 11 100
14 34 4 100
14 34 11 148
14 34 26 100
14 13 1 100
14 42 14 100
14 45 1 100
14 28 14 100
14 41 1 100
15 38 1 99
15 38 46 100
15 47 11 99
15 47 14 100
15 32 1 99
15 45 14 148
15 45 16 100
15 13 46 148
15 42 5 100
15 15 11 99
15 17 11 100
16 36 11 100
16 36 43 100
16 4 4 148
16 4 46 150
16 25 20 150
16 25 35 148
16 1 11 100
16 37 11 150
16 19 38 100
17 38 1 99
17 40 4 99
17 40 9 99
17 24 1 100
17 24 11 150
17 41 1 100
17 39 1 100
17 39 9 100
17 5 9 150
17 33 1 150
17 26 9 150
17 25 9 150
17 36 11 100
18 47 11 99
18 47 14 100
18 22 5 99
18 22 38 100
18 22 46 150
18 16 14 99
18 36 11 100
18 36 43 100
18 1 11 100
18 1 22 150
19 7 11 100
19 7 22 100
19 7 46 150
19 14 46 100
19 36 11 100
19 34 4 100
19 16 14 99
20 49 16 99
20 1 11 100
20 11 13 100
20 11 38 150
20 31 3 100
20 47 11 99
20 0 11 150
20 28 43 100
21 18 46 100
21 40 4 99
21 40 9 99
21 0 11 150
21 35 14 100
21 35 22 100
21 37 11 150
21 37 46 100
21 5 9 150
21 5 14 100
21 2 5 100
21 7 9 150
21 47 9 150
21 22 38 100
22 30 4 100
22 21 46 99
22 31 46 100
22 24 11 150
22 24 38 99
22 1 11 100
22 1 22 150
22 20 11 100
23 36 11 100
23 36 43 100
23 32 1 99
23 39 1 100
23 42 14 100
23 18 46 100
23 38 1 99
23 33 1 150
23 4 4 148
23 8 35 99
23 37 11 150
23 12 1 99
24 37 11 150
24 37 22 100
24 37 46 100
24 16 46 100
24 20 11 100
24 7 11 100
24 2 5 100
24 24 38 99
25 14 22 100
25 14 46 100
25 37 11 150
25 37 46 100
25 24 11 150
26 5 14 100
26 4 4 148
26 4 46 150
26 28 11 150
26 28 14 100
26 28 22 99
26 24 5 100
26 24 38 99
26 6 11 150
26 32 22 100
27 24 14 100
27 24 38 99
27 38 3 100
27 36 11 100
27 36 14 150
27 36 43 100
27 16 14 99
27 37 11 150
27 37 22 100
27 40 4 99
28 17 11 100
28 7 11 100
28 7 46 150
28 29 1 100
28 34 11 148
28 19 1 150
28 19 38 100
28 13 1 100
28 1 1 99
28 25 40 100
28 35 20 99
29 28 11 150
29 28 22 99
29 37 11 150
29 40 4 99
29 39 5 99
30 2 22 99
30 2 46 99
30 28 11 150
30 28 43 100
30 11 4 100
30 11 46 100
30 47 11 99
31 36 11 100
31 6 11 150
31 42 3 148
31 35 4 100
31 22 38 100
31 10 16 100
31 18 46 100
32 38 46 100
32 30 4 100
32 7 11 100
32 7 22 100
32 11 46 100
32 0 11 150
32 39 5 99
33 33 46 150
33 29 22 100
33 0 4 100
33 0 11 150
33 26 20 100
33 1 11 100
33 22 38 100
33 6 11 150
34 12 43 100
34 49 16 99
34 6 11 150
34 1 11 100
35 32 22 100
35 34 4 100
35 34 11 148
35 38 46 100
35 18 46 100
35 35 22 100
35 15 5 99
35 15 11 99
35 21 35 99
35 36 11 100
36 15 11 99
36 33 46 150
36 9 4 148
36 7 11 100
36 7 22 100
36 46 38 148
36 12 35 99
37 10 16 100
37 25 3 100
37 11 13 100
37 2 5 100
37 35 20 99
37 6 11 150
37 19 38 100
38 6 11 150
38 29 22 100
38 29 46 100
38 48 46 100
38 34 4 100
38 34 11 148
38 47 11 99
38 20 11 100
39 22 38 100
39 11 35 100
39 31 26 100
39 37 11 150
39 37 22 100
39 20 11 100
40 28 11 150
40 28 22 99
40 25 46 150
40 31 46 100
40 3 4 150
40 47 11 99
40 2 5 100
40 2 22 99
40 22 38 100
41 16 46 100
41 22 38 100
41 7 11 100
41 7 16 99
41 37 11 150
41 47 11 99
41 15 11 99
42 47 11 99
42 28 3 99
42 28 11 150
42 28 22 99
42 28 43 100
42 9 4 148
42 18 46 100
42 19 38 100
42 26 20 100
43 29 35 100
43 29 46 100
43 6 11 150
43 1 11 100
43 34 4 100
43 17 11 100
43 39 5 99
43 22 38 100
44 16 3 100
44 18 40 99
44 35 4 100
44 35 22 100
44 22 38 100
44 36 11 100
45 21 46 99
45 11 13 100
45 11 46 100
45 45 16 100
45 37 11 150
45 36 11 100
45 1 11 100
45 34 11 148
46 28 11 150
46 28 22 99
46 35 20 99
46 25 46 150
46 15 5 99
46 15 11 99
47 4 4 148
47 4 46 150
47 31 46 100
47 29 22 100
47 35 14 100
47 20 11 100
47 20 14 100
47 19 38 100
47 37 11 150
47 28 14 100
48 40 4 99
48 26 20 100
48 18 46 100
48 49 16 99
48 34 11 148
48 34 26 100
48 37 11 150
48 39 5 99
49 32 22 100
49 1 11 100
49 1 46 148
49 37 11 150
49 37 22 100
49 37 46 100
49 19 38 100
50 36 11 100
50 15 11 99
50 31 46 100
50 9 4 148
50 0 11 150
50 25 40 100
51 42 5 100
51 36 11 100
51 15 11 99
51 19 38 100
51 6 11 150
51 14 22 100
51 14 46 100
51 17 16 100
51 38 46 100
52 2 22 99
52 2 46 99
52 6 11 150
52 20 11 100
52 20 20 99
52 7 46 150
52 9 4 148
52 40 38 150
53 16 14 99
53 16 46 100
53 7 11 100
53 7 22 100
53 36 11 100
53 36 14 150
53 36 43 100
53 47 11 99
53 11 4 100
53 19 38 100
54 42 5 100
54 15 11 99
54 49 16 99
54 33 46 150
54 47 11 99
54 16 46 100
54 22 38 100
54 34 4 100
54 34 11 148
55 15 11 99
55 34 4 100
55 34 11 148
55 20 35 99
55 7 22 100
55 7 46 150
55 24 38 99
56 26 20 100
56 18 46 100
56 22 38 100
56 38 46 100
56 36 11 100
56 17 11 100
56 37 11 150
56 37 22 100
56 29 22 100
57 33 1 150
57 33 46 150
57 3 4 150
57 0 11 150
57 34 11 148
57 12 1 99
57 42 5 100
58 48 1 100
58 48 46 100
58 28 11 150
58 28 35 100
58 14 46 100
58 41 1 100
58 33 1 150
58 45 1 100
58 17 11 100
58 1 1 99
58 35 4 100
59 11 38 150
59 20 11 100
59 20 20 99
59 1 1 99
59 1 11 100
59 47 11 99
59 4 1 100
59 29 1 100
59 33 1 150
59 19 1 150
60 44 5 100
60 6 11 150
60 7 11 100
60 7 22 100
60 7 46 150
60 47 11 99
60 4 1 100
60 4 4 148
60 14 35 99
60 19 38 100
61 25 14 100
61 25 38 150
61 25 46 150
61 30 4 100
61 48 1 100
61 0 11 150
61 35 14 100
61 35 22 100
61 47 11 99
62 5 3 150
62 39 5 99
62 26 20 100
62 49 16 99
62 49 35 100
62 34 11 148
62 34 26 100
62 36 11 100
62 17 11 100
63 9 4 148
63 42 19 150
63 17 11 100
63 35 22 100
63 34 11 148
64 48 46 100
64 19 19 99
64 19 38 100
64 15 11 99
64 20 11 100
64 37 11 150
64 25 3 100
64 25 40 100
64 40 4 99
65 29 1 100
65 29 19 100
65 29 46 100
65 28 11 150
65 37 46 100
65 1 1 99
65 1 11 100
65 26 20 100
65 44 5 100
65 48 1 100
66 46 19 100
66 12 1 99
66 12 46 150
66 45 1 100
66 45 16 100
66 14 10 99
66 14 22 100
66 7 11 100
66 40 4 99
67 28 11 150
67 28 22 99
67 28 35 100
67 28 38 148
67 8 19 100
67 8 46 150
67 6 11 150
67 42 10 100
67 20 11 100
67 32 22 100
67 17 11 100
68 18 46 100
68 41 4 150
68 41 19 100
68 29 22 100
68 29 46 100
68 2 5 100
68 17 11 100
68 15 11 99
68 10 26 100
68 37 10 100
69 12 43 100
69 12 46 150
69 21 10 100
69 40 4 99
69 6 11 150
69 37 11 150
69 14 19 99
69 20 11 100
70 23 19 100
70 6 11 150
70 0 11 150
70 33 46 150
70 40 38 150
70 7 22 100
70 20 20 99
71 7 11 100
71 7 22 100
71 7 46 150
71 31 10 150
71 11 4 100
71 11 38 150
71 22 5 99
71 20 11 100
71 8 19 100
71 47 11 99
72 47 11 99
72 47 14 100
72 3 4 150
72 3 10 100
72 3 19 100
72 48 46 100
72 29 46 100
72 31 16 150
72 28 11 150
73 49 16 99
73 16 9 100
73 16 19 100
73 16 46 100
73 15 5 99
73 15 11 99
73 47 9 150
73 47 11 99
73 37 11 150
73 25 9 150
73 25 40 100
73 39 9 100
73 13 9 99
74 23 19 100
74 18 46 100
74 24 38 99
74 33 46 150
74 11 4 100
74 28 11 150
74 34 11 148
75 35 4 100
75 35 20 99
75 12 46 150
75 13 19 100
75 13 38 150
75 10 16 100
75 0 11 150
75 47 11 99
75 14 10 99
76 29 1 100
76 29 19 100
76 29 46 100
76 4 1 100
76 4 46 150
76 19 1 150
76 19 5 100
76 19 38 100
76 28 11 150
76 28 43 100
76 39 1 100
76 38 1 99
76 0 4 100
76 0 11 150
77 14 10 99
77 14 19 99
77 14 46 100
77 30 4 100
77 29 46 100
77 46 16 148
77 46 38 148
77 47 11 99
77 28 11 150
78 25 10 100
78 25 46 150
78 30 4 100
78 3 19 100
78 28 11 150
78 28 22 99
78 36 11 100
78 15 11 99
79 39 1 100
79 39 5 99
79 39 38 150
79 20 11 100
79 20 20 99
79 13 1 100
79 13 19 100
79 36 11 100
79 32 1 99
79 28 11 150
79 45 1 100
79 1 1 99
80 7 3 148
80 7 11 100
80 7 22 100
80 9 4 148
80 3 10 100
80 3 19 100
80 3 43 99
80 35 22 100
80 11 46 100
80 17 11 100
81 13 19 100
81 13 46 148
81 34 4 100
81 34 11 148
81 28 11 150
81 37 10 100
82 20 11 100
82 22 5 99
82 22 38 100
82 22 46 150
82 34 11 148
82 8 19 100
82 15 11 99
82 35 22 100
82 24 10 99
82 24 38 6
82 18 40 99
83 6 11 150
83 6 43 100
83 0 11 150
83 0 19 100
83 45 1 100
83 45 13 100
83 25 46 150
83 37 46 100
83 19 1 150
83 48 1 100
83 13 1 100
84 3 4 150
84 3 10 100
84 3 19 100
84 45 1 100
84 7 11 100
84 38 1 99
84 20 11 100
84 12 1 99
84 47 11 99
84 48 1 100
84 1 1 99
85 42 5 100
85 42 10 100
85 9 26 100
85 19 1 150
85 19 19 99
85 19 38 100
85 30 4 100
85 39 1 100
85 15 11 99
85 14 35 99
85 14 46 100
85 1 1 99
85 1 11 100
85 36 11 100
85 32 1 99
85 4 1 100
86 17 11 100
86 32 22 100
86 3 10 100
86 3 19 100
86 30 9 150
86 38 46 100
86 8 46 150
86 36 9 100
86 36 11 100
86 22 38 100
86 16 9 100
87 46 16 148
87 46 19 100
87 15 5 99
87 15 11 99
87 45 20 150
87 47 9 150
87 47 11 99
87 20 11 100
87 20 35 99
87 12 46 150
87 1 10 150
87 1 11 100
88 1 11 100
88 1 19 100
88 1 22 150
88 14 10 99
88 39 9 100
88 47 9 150
88 47 11 99
88 25 3 100
88 25 9 150
88 34 4 100
88 34 9 100
88 20 11 100
88 13 9 99
89 34 4 100
89 34 11 148
89 11 10 100
89 11 46 100
89 14 22 100
89 14 46 100
89 47 11 99
89 22 38 100
90 25 10 100
90 25 46 150
90 3 4 150
90 3 19 100
90 3 35 100
90 44 5 100
90 34 11 148
90 6 11 150
90 7 22 100
91 41 19 100
91 33 10 100
91 33 46 150
91 13 38 150
91 32 22 100
91 28 11 150
91 47 11 99
91 7 11 100
91 20 20 99
92 15 11 99
92 10 16 100
92 30 4 100
92 6 11 150
92 1 19 100
92 1 46 148
92 24 10 99
93 40 4 99
93 40 9 99
93 6 9 100
93 6 11 150
93 18 46 100
93 24 5 100
93 24 10 99
93 1 11 100
93 1 19 100
93 1 22 150
93 1 46 148
93 7 9 150
93 7 11 100
93 26 9 150
93 36 9 100
94 10 35 99
94 8 13 100
94 8 19 100
94 8 46 150
94 11 10 100
94 36 11 100
94 13 1 100
94 17 11 100
94 47 11 99
94 29 1 100
95 35 4 100
95 35 20 99
95 35 22 100
95 42 10 100
95 42 19 150
95 48 1 100
95 48 46 100
95 29 1 100
95 29 46 100
95 33 1 150
95 31 26 100
95 37 11 150
95 1 11 100
96 25 3 100
96 25 9 150
96 28 11 150
96 8 19 100
96 20 11 100
96 22 5 99
96 24 10 99
96 40 4 99
96 40 9 99
96 13 9 99
96 15 11 99
97 11 4 100
97 28 11 150
97 28 22 99
97 28 38 148
97 14 19 99
97 7 9 150
97 7 11 100
97 20 20 99
98 24 1 100
98 24 5 100
98 24 10 99
98 29 1 100
98 29 19 100
98 29 46 100
98 17 11 100
98 4 1 100
98 16 46 100
98 12 1 99
98 15 11 99
99 20 11 100
99 20 35 99
99 34 4 100
99 34 11 148
99 41 1 100
99 41 19 100
99 7 11 100
99 7 46 150
99 33 1 150
99 33 10 100
99 1 1 99
99 39 1 100
99 39 38 150
100 42 10 100
100 10 26 100
100 24 1 100
100 17 11 100
100 36 11 100
100 36 43 100
100 40 4 99
100 14 19 99
100 14 22 100
100 14 46 100
100 20 11 100
100 12 1 99
100 28 22 99
100 29 46 100
101 14 10 99
101 14 19 99
101 14 22 100
101 14 46 100
101 28 11 150
101 28 14 100
101 25 9 150
101 1 11 100
101 19 5 100
101 19 9 150
101 35 4 100
101 35 20 99
101 36 9 100
101 36 11 100
101 21 9 150
102 20 11 100
102 3 10 100
102 3 19 100
102 47 11 99
102 28 22 99
102 22 46 150
102 36 9 100
102 36 11 100
102 48 46 100
102 11 13 100
103 0 4 100
103 0 11 150
103 0 19 100
103 29 22 100
103 29 46 100
103 28 11 150
103 11 46 100
103 34 26 100
104 8 19 100
104 8 46 150
104 32 22 100
104 9 10 150
104 20 11 100
104 20 20 99
104 42 5 100
104 47 11 99
104 36 11 100
104 11 4 100
105 38 19 100
105 38 46 100
105 40 38 150
105 21 10 100
105 21 46 99
105 14 22 100
105 6 11 150
105 36 11 100
105 37 22 100
106 8 19 100
106 8 46 150
106 9 4 148
106 6 11 150
106 20 11 100
106 37 10 100
106 37 22 100
106 47 11 99
107 16 19 100
107 16 46 100
107 18 40 99
107 18 46 100
107 3 10 100
107 11 4 100
107 11 38 150
107 7 11 100
107 7 22 100
107 1 11 100
107 2 5 100
108 24 10 99
108 25 3 100
108 25 20 150
108 2 22 99
108 2 46 99
108 4 19 99
108 20 11 100
108 35 4 100
108 19 38 100
109 22 5 99
109 22 46 150
109 16 19 100
109 7 11 100
109 7 16 99
109 24 10 6
109 6 11 150
109 28 11 150
110 0 4 100
110 0 11 150
110 0 19 100
110 0 35 100
110 28 11 150
110 28 16 150
110 34 11 148
110 25 46 150
110 22 38 100
111 21 10 100
111 21 35 99
111 21 46 99
111 37 11 150
111 37 22 100
111 37 46 100
111 31 26 100
111 16 19 100
111 34 4 100
111 34 11 148
111 35 20 99
112 8 19 100
112 8 35 99
112 8 46 150
112 47 11 99
112 39 5 99
112 37 11 150
112 37 22 100
112 29 22 100
112 34 4 100
113 9 10 150
113 0 4 100
113 0 11 150
113 0 19 100
113 19 38 100
113 20 11 100
113 1 11 100
113 35 22 100
114 20 11 100
114 35 4 100
114 35 22 100
114 23 19 100
114 14 10 99
114 14 46 100
114 13 46 148
114 22 38 100
114 34 11 148
115 35 20 99
115 44 5 100
115 10 16 100
115 37 10 100
115 37 11 150
115 37 46 100
115 19 19 99
115 19 38 100
115 7 11 100
115 20 11 100
115 2 46 99
116 7 11 100
116 7 22 100
116 7 46 150
116 0 4 100
116 0 11 150
116 11 10 100
116 4 19 99
117 29 22 100
117 29 46 100
117 6 11 150
117 6 43 100
117 41 4 150
117 28 11 150
117 28 38 148
117 33 10 100
118 44 5 100
118 28 11 150
118 42 10 100
118 42 19 150
118 31 46 100
118 21 46 99
118 20 11 100
118 22 38 100
118 17 11 100
119 25 10 100
119 25 40 100
119 25 46 150
119 29 19 100
119 1 11 100
119 46 16 148
119 15 11 99
119 36 11 100
120 15 5 99
120 15 11 99
120 47 11 99
120 7 11 100
120 7 22 100
120 7 46 150
120 16 19 100
120 9 4 148
120 29 22 100
120 22 38 100
121 7 3 148
121 7 11 100
121 7 22 100
121 37 11 150
121 13 19 100
121 19 38 100
121 30 4 100
121 6 43 100
121 10 35 99
122 8 19 100
122 8 35 99
122 8 46 150
122 2 22 99
122 2 46 99
122 3 10 100
122 36 11 100
123 44 5 100
123 32 22 100
123 19 19 99
123 19 38 100
123 27 26 99
123 21 10 100
123 21 35 99
123 21 46 99
123 4 4 148
124 2 22 99
124 2 46 99
124 21 10 100
124 21 46 99
124 19 19 99
124 3 43 99
124 37 11 150
124 34 4 100
124 34 11 148
124 0 11 150
125 10 16 100
125 37 10 100
125 37 11 150
125 37 46 100
125 19 19 99
125 19 38 100
125 35 20 99
125 18 40 99
125 1 11 100
125 0 11 150
126 41 19 100
126 36 11 100
126 36 43 100
126 32 22 100
126 21 46 99
126 14 22 100
126 14 46 100
126 1 11 100
126 0 11 150
126 47 11 99
127 36 5 150
127 36 11 100
127 35 13 148
127 35 22 100
127 22 38 100
127 13 19 100
127 20 11 100
127 1 11 100
127 17 11 100
128 35 4 100
128 35 20 99
128 35 22 100
128 46 19 100
128 37 10 100
128 37 11 150
128 37 46 100
128 48 46 100
128 12 35 99
128 15 11 99
129 28 11 150
129 28 35 100
129 15 11 99
129 46 19 100
129 14 10 99
129 14 46 100
129 3 4 150
129 19 38 100
129 37 46 100
129 31 26 100
129 17 11 100
130 16 3 100
130 16 19 100
130 37 10 100
130 37 11 150
130 37 22 100
130 36 11 100
130 2 5 100
131 34 4 100
131 34 11 148
131 14 10 99
131 14 19 99
131 14 46 100
131 39 1 100
131 39 38 150
131 48 1 100
131 48 46 100
131 26 20 100
131 28 11 150
131 13 1 100
131 45 1 100
131 12 1 99
132 47 11 99
132 37 10 100
132 37 11 150
132 37 22 100
132 19 19 99
132 3 4 150
132 3 35 100
132 16 3 100
132 1 11 100
133 25 9 150
133 25 10 100
133 25 46 150
133 38 19 100
133 14 22 100
133 42 5 100
133 0 4 100
133 0 11 150
133 36 9 100
133 36 11 100
133 26 9 150
133 32 22 100
133 22 38 100
133 47 9 150
134 8 19 100
134 8 46 150
134 7 11 100
134 7 22 100
134 19 38 100
134 1 11 100
134 18 17 100
134 0 11 150
134 0 17 99
135 14 17 99
135 14 19 99
135 14 22 100
135 14 46 100
135 34 4 100
135 34 11 148
135 0 11 150
135 0 17 99
135 48 46 100
135 19 38 100
135 10 17 150
136 49 16 99
136 33 10 100
136 33 46 150
136 35 4 100
136 35 20 99
136 34 11 148
136 44 5 100
136 6 11 150
136 6 43 100
136 38 19 100
136 38 46 100
137 36 10 150
137 36 11 100
137 6 11 150
137 21 35 99
137 21 46 99
137 13 19 100
137 13 38 150
137 0 4 100
137 0 17 99
137 35 22 100
137 18 17 100
137 32 22 100
138 34 4 100
138 34 9 100
138 34 11 148
138 2 5 100
138 2 17 150
138 2 22 99
138 2 46 99
138 39 9 100
138 39 38 150
138 40 9 99
138 11 10 100
138 11 46 100
138 13 9 99
138 13 19 100
138 5 9 150
138 20 11 100
138 1 11 100
139 7 11 100
139 7 22 100
139 7 46 150
139 4 19 99
139 17 11 100
139 25 10 100
139 29 22 100
139 29 35 100
139 15 11 99
139 0 4 100
139 0 17 99
140 7 11 100
140 7 46 150
140 22 38 100
140 47 11 99
140 11 10 100
140 11 35 100
140 23 19 100
140 29 1 100
141 18 46 100
141 31 46 100
141 38 1 99
141 38 19 100
141 0 4 100
141 0 11 150
141 40 38 150
141 2 5 100
141 1 1 99
141 1 11 100
141 25 10 100
141 15 11 99
141 29 1 100
141 32 1 99
142 33 1 150
142 34 11 148
142 2 22 99
142 37 11 150
142 39 1 100
142 16 19 100
143 28 11 150
143 28 16 150
143 31 26 100
143 31 46 100
143 21 46 99
143 32 1 99
143 20 11 100
143 8 19 100
143 12 1 99
143 9 4 148
144 18 46 100
144 41 1 100
144 41 19 100
144 7 11 100
144 7 22 100
144 7 46 150
144 17 11 100
144 24 5 100
144 3 10 100
144 39 1 100
144 0 11 150
144 32 1 99
144 32 22 100
144 46 38 148
144 4 1 100
144 13 1 100
145 12 1 99
145 12 46 150
145 15 11 99
145 30 4 100
145 32 22 100
145 34 11 148
146 16 9 100
146 16 19 100
146 16 46 100
146 35 4 100
146 35 22 100
146 4 1 100
146 20 11 100
146 5 9 150
146 7 9 150
146 7 11 100
146 47 9 150
146 47 11 99
146 39 1 100
146 39 38 150
146 21 10 100
146 21 46 99
147 12 1 99
147 12 46 150
147 48 1 100
147 36 10 150
147 36 11 100
147 45 1 100
147 3 19 100
147 13 1 100
147 35 4 100
147 35 22 100
147 19 5 100
147 19 38 100
147 37 11 150
147 47 11 99
148 14 19 99
148 14 35 99
148 14 46 100
148 20 11 100
148 37 11 150
148 37 46 100
149 17 11 100
149 25 10 100
149 25 38 150
149 25 46 150
149 2 22 99
149 4 19 99
149 31 13 100
149 32 22 100
149 3 35 100
149 6 11 150
149 11 4 100
149 47 11 99
150 40 4 99
150 19 1 150
150 19 5 100
150 19 19 99
150 6 11 150
150 32 1 99
150 47 11 99
150 45 1 100
150 8 35 99
150 16 3 100
150 13 1 100
150 3 10 100
151 22 38 100
151 22 46 150
151 23 19 100
151 14 10 99
151 14 22 100
151 14 35 99
151 36 11 100
151 37 11 150
151 37 22 100
151 20 11 100
152 6 11 150
152 28 11 150
152 28 16 150
152 37 10 100
152 37 19 150
152 37 46 100
152 22 4 150
152 22 5 99
152 2 46 99
153 28 11 150
153 28 22 99
153 28 38 148
153 7 11 100
153 7 46 150
153 48 1 100
153 13 1 100
153 13 19 100
153 0 4 100
153 45 1 100
154 22 38 100
154 22 46 150
154 3 10 100
154 3 19 100
154 3 35 100
154 33 1 150
154 15 11 99
154 14 46 100
154 39 1 100
154 28 11 150
154 41 1 100
154 17 11 100
154 4 1 100
154 13 1 100
154 1 1 99
155 22 5 99
155 22 38 100
155 22 46 150
155 28 11 150
155 30 4 100
155 39 1 100
155 16 19 100
155 0 11 150
155 49 16 99
155 11 13 100
156 34 11 148
156 34 35 150
156 19 1 150
156 19 19 99
156 19 38 100
156 38 1 99
156 38 35 148
156 38 46 100
156 31 46 100
156 49 35 100
156 48 1 100
156 41 1 100
156 14 22 100
157 34 4 100
157 34 11 148
157 34 26 100
157 6 11 150
157 48 1 100
157 48 46 100
157 14 10 99
157 14 19 99
157 14 46 100
157 30 48 100
157 7 11 100
158 23 19 100
158 36 11 100
158 39 5 99
158 39 48 100
158 0 4 100
158 0 11 150
158 0 35 100
158 24 35 150
158 24 48 150
158 29 22 100
158 29 35 100
158 29 46 100
158 38 46 100
158 37 10 100
159 23 19 100
159 14 10 99
159 14 22 100
159 14 35 99
159 14 46 100
159 17 11 100
159 17 16 100
159 29 35 100
159 29 46 100
159 40 4 99
159 40 38 150
159 20 35 99
159 38 35 148
160 29 19 100
160 29 22 100
160 29 35 100
160 29 46 100
160 3 10 100
160 3 35 100
160 38 35 148
160 38 46 100
160 13 35 150
160 35 4 100
161 1 19 100
161 1 46 148
161 1 48 99
161 32 22 100
161 32 48 148
161 44 5 100
161 20 16 150
161 3 48 100
161 15 48 100
161 8 38 150
162 47 48 100
162 3 4 150
162 3 19 100
162 3 48 100
162 2 46 99
162 45 1 100
162 15 48 100
162 48 1 100
162 48 46 100
162 19 1 150
162 19 38 100
162 16 48 150
162 33 1 150
163 3 10 100
163 3 19 100
163 3 48 100
163 32 22 100
163 32 48 148
163 48 46 100
163 7 22 100
163 30 4 100
163 30 48 100
163 42 5 100
164 18 40 99
164 18 46 100
164 13 19 100
164 13 35 150
164 13 38 150
164 13 46 148
164 37 10 100
164 37 22 100
164 40 4 99
164 20 35 99
164 11 35 100
165 24 35 150
165 7 22 100
165 37 10 100
165 37 22 100
165 34 35 150
165 12 35 99
165 39 38 150
165 10 35 99
165 13 19 100
166 31 10 150
166 31 46 100
166 39 5 99
166 39 38 150
166 40 4 99
166 23 19 100
166 38 35 148
166 38 46 100
166 3 35 100
166 28 35 100
166 1 35 100
167 48 1 100
167 48 4 150
167 48 46 100
167 41 1 100
167 41 19 100
167 25 10 100
167 25 35 148
167 28 35 100
167 0 35 100
167 8 35 99
167 33 1 150
167 18 46 100
167 12 1 99
167 32 1 99
168 12 46 150
168 25 10 100
168 38 19 100
168 19 38 100
168 29 22 100
168 49 48 100
168 7 22 100
169 46 19 100
169 13 4 150
169 13 46 148
169 2 5 100
169 2 22 99
169 2 46 99
169 15 48 100
169 1 48 99
169 14 10 99
169 49 48 100
170 33 10 100
170 33 46 150
170 19 9 150
170 19 19 99
170 19 38 100
170 36 9 100
170 5 9 150
170 3 48 100
170 13 9 99
170 16 9 100
170 16 48 150
170 14 22 100
170 34 4 100
171 30 48 100
171 17 3 148
171 17 16 100
171 23 19 100
171 28 22 99
171 28 38 148
171 25 10 100
171 15 48 100
171 49 48 100
172 32 22 100
172 32 48 148
172 0 19 100
172 25 9 150
172 25 10 100
172 14 22 100
172 11 48 148
172 3 48 100
172 49 48 100
172 42 5 100
172 13 9 99
172 6 9 100
172 1 48 99
172 24 48 150
172 47 9 150
172 47 48 100
173 28 22 99
173 28 35 100
173 35 4 100
173 35 35 150
173 18 46 100
173 4 19 99
173 10 35 99
173 36 9 100
173 21 10 100
173 21 46 99
173 22 38 100
174 30 4 100
174 30 48 100
174 28 16 150
174 28 22 99
174 28 35 100
174 33 10 100
174 33 46 150
174 25 35 148
174 0 35 100
174 9 26 100
174 38 35 148
174 3 48 100
175 16 19 100
175 16 46 100
175 16 48 150
175 48 4 150
175 48 46 100
175 42 5 100
175 29 22 100
175 32 48 148
175 47 48 100
175 22 38 100
175 3 48 100
176 1 19 100
176 1 22 150
176 1 35 100
176 1 46 148
176 1 48 99
176 8 35 99
176 28 35 100
176 13 35 150
177 47 9 150
177 47 48 100
177 21 9 150
177 21 10 100
177 21 46 99
177 16 9 100
177 16 19 100
177 16 46 100
177 16 48 150
177 40 9 99
177 11 13 100
177 11 48 148
177 39 5 99
177 2 22 99
177 28 22 99
178 3 4 150
178 3 10 100
178 3 19 100
178 3 35 100
178 29 22 100
178 29 35 100
178 29 46 100
178 20 35 99
178 6 9 100
178 16 9 100
178 19 9 150
178 7 9 150
178 14 35 99
178 40 9 99
178 31 26 100
179 21 10 100
179 21 35 99
179 21 46 99
179 4 1 100
179 4 19 99
179 49 35 100
179 38 1 99
179 38 3 100
179 38 35 148
179 1 1 99
179 1 35 100
179 37 22 100
179 48 1 100
179 13 1 100
179 30 4 100
180 7 46 150
180 44 5 100
180 23 19 100
180 13 1 100
180 13 35 150
180 48 1 100
180 45 1 100
180 45 35 148
180 1 1 99
180 1 35 100
180 19 1 150
181 36 10 150
181 24 48 100
181 38 3 100
181 38 19 100
181 12 35 99
181 1 22 150
181 1 48 99
181 30 4 100
181 30 48 100
181 49 48 100
181 22 38 100
182 38 19 100
182 38 46 100
182 13 4 150
182 13 46 148
182 7 22 100
182 28 22 99
182 25 10 100
182 16 48 150
182 47 48 100
183 7 22 100
183 7 46 150
183 32 48 148
183 42 5 100
183 42 19 150
183 40 38 150
183 47 48 100
184 2 22 99
184 2 46 99
184 41 19 100
184 3 10 100
184 3 48 100
184 28 22 99
184 28 38 148
184 49 48 100
184 25 40 100
184 32 48 148
184 1 48 99
185 30 4 100
185 30 48 100
185 46 19 100
185 38 35 148
185 38 46 100
185 34 35 150
185 24 35 150
185 32 22 100
185 32 48 148
185 48 46 100
185 39 48 100
186 20 13 150
186 44 5 100
186 35 22 100
186 28 22 99
186 28 38 148
186 23 19 100
186 37 10 100
186 37 46 100
186 7 46 150
187 4 1 100
187 4 4 148
187 4 19 99
187 4 46 150
187 13 1 100
187 11 10 100
187 11 48 148
187 45 1 100
187 49 48 100
187 29 1 100
187 21 10 100
187 15 48 100
187 39 1 100
187 39 48 100
188 30 48 100
188 14 10 99
188 14 19 99
188 14 22 100
188 14 35 99
188 14 46 100
188 45 35 148
188 47 48 100
188 49 35 100
188 49 48 100
188 28 22 99
188 28 35 100
188 28 38 148
188 15 5 99
188 15 48 100
188 13 46 148
189 19 19 99
189 7 22 100
189 34 4 100
189 34 35 150
189 38 35 148
189 28 35 100
189 14 10 99
190 4 4 148
190 4 19 99
190 4 46 150
190 8 35 99
190 29 22 100
190 21 10 100
190 34 26 100
190 7 22 100
190 49 48 100
190 30 48 100
191 2 5 100
191 1 19 100
191 1 35 100
191 1 48 99
191 30 48 100
191 13 35 150
191 14 35 99
191 11 35 100
191 28 3 99
192 1 19 100
192 1 22 150
192 1 35 100
192 1 46 148
192 16 46 100
192 25 35 148
192 25 38 150
192 11 4 100
192 11 35 100
193 49 35 100
193 21 35 99
193 21 46 99
193 41 4 150
193 41 19 100
193 22 38 100
193 29 22 100
193 29 35 100
193 29 46 100
193 13 35 150
193 2 22 99
194 47 48 100
194 32 22 100
194 32 48 148
194 8 19 100
194 8 46 150
194 36 10 150
194 39 5 99
194 39 48 100
195 34 4 100
195 46 19 100
195 28 14 100
195 28 22 99
195 49 48 100
195 35 22 100
195 37 10 100
195 37 46 100
195 21 46 99
195 22 38 100
195 32 48 148
195 15 48 100
196 14 10 99
196 14 19 99
196 14 22 100
196 14 35 99
196 14 46 100
196 10 35 99
196 47 48 100
196 20 35 99
196 1 35 100
196 1 46 148
196 35 4 100
197 40 4 99
197 40 38 150
197 48 46 100
197 15 5 99
197 11 10 100
197 11 35 100
197 34 35 150
197 3 19 100
197 3 35 100
197 35 22 100
197 32 22 100
198 37 10 100
198 37 22 100
198 37 46 100
198 48 46 100
198 38 19 100
198 30 4 100
198 30 48 100
198 49 48 100
198 40 38 150
198 15 48 100
199 18 46 100
199 41 19 100
199 15 5 99
199 15 48 100
199 19 38 100
199 33 10 100
199 14 22 100
199 35 4 100
199 35 22 100
199 16 48 150
199 49 48 100
200 49 35 100
200 49 48 100
200 32 22 100
200 32 48 148
200 12 46 150
200 35 4 100
200 35 22 100
200 42 10 100
200 0 19 100
200 1 48 99
200 47 48 100
200 3 48 100
201 22 38 100
201 22 46 150
201 14 19 99
201 14 35 99
201 15 48 100
201 11 35 100
201 20 16 150
201 20 35 99
201 35 35 150
202 3 4 150
202 3 10 100
202 3 35 100
202 1 22 150
202 1 35 100
202 1 46 148
202 8 35 99
202 39 5 99
202 12 35 99
202 4 19 99
203 7 3 148
203 7 22 100
203 25 10 100
203 25 40 100
203 21 46 99
203 11 48 148
204 4 19 99
204 4 46 150
204 11 4 100
204 11 10 100
204 11 35 100
204 11 48 148
204 38 35 148
204 35 22 100
204 35 35 150
204 7 16 99
204 39 48 100
205 30 48 100
205 11 10 100
205 11 46 100
205 11 48 148
205 32 48 148
205 17 16 100
205 31 26 100
205 31 46 100
205 15 5 99
205 41 19 100
206 30 4 100
206 30 48 100
206 31 46 100
206 8 19 100
206 5 34 148
206 19 1 150
206 49 48 100
206 14 10 99
206 14 46 100
206 41 1 100
206 15 48 100
206 1 1 99
206 1 48 99
207 29 1 100
207 29 19 100
207 29 22 100
207 29 35 100
207 40 4 99
207 15 48 100
207 30 48 100
207 39 48 100
208 16 9 100
208 16 19 100
208 16 46 100
208 16 48 150
208 44 5 100
208 25 9 150
208 25 10 100
208 25 35 148
208 11 4 100
208 11 35 100
208 3 35 100
208 20 35 99
208 6 9 100
208 45 1 100
208 33 1 150
208 26 9 150
208 26 47 100
209 37 10 100
209 37 19 150
209 37 22 100
209 37 46 100
209 18 46 100
209 32 1 99
209 32 22 100
209 32 48 148
209 38 1 99
209 45 1 100
209 49 48 100
209 36 9 100
209 3 48 100
210 17 16 100
210 42 5 100
210 42 10 100
210 11 4 100
210 11 35 100
210 11 46 100
210 11 48 148
210 3 19 100
210 3 35 100
210 34 4 100
210 34 35 150
210 28 35 100
210 21 46 99
211 1 10 150
211 1 19 100
211 1 22 150
211 1 46 148
211 1 48 99
211 11 38 150
211 11 48 148
211 3 48 100
212 13 1 100
212 13 4 150
212 13 19 100
212 13 46 148
212 11 48 148
212 30 48 100
212 3 48 100
212 49 48 100
212 32 1 99
212 29 1 100
212 48 1 100
212 18 40 99
213 1 1 99
213 1 19 100
213 1 35 100
213 1 46 148
213 1 48 99
213 21 10 100
213 25 38 150
213 28 16 150
213 28 22 99
213 34 4 100
213 11 48 148
213 42 5 100
213 49 48 100
214 37 22 100
214 37 46 100
214 40 38 150
214 29 19 100
214 29 46 100
214 39 48 100
214 11 48 148
214 16 48 150
215 49 35 100
215 49 48 100
215 42 10 100
215 23 19 100
215 41 4 150
215 21 35 99
215 21 46 99
215 0 35 100
215 27 26 99
215 38 35 148
215 38 46 100
215 14 22 100
215 29 22 100
216 12 1 99
216 12 35 99
216 11 4 100
216 11 10 100
216 11 48 148
216 15 5 99
216 15 48 100
216 46 19 100
216 48 1 100
216 31 3 100
216 16 48 150
216 1 1 99
217 13 1 100
217 13 19 100
217 13 46 148
217 1 1 99
217 1 22 150
217 1 48 99
217 11 10 100
217 11 48 148
217 41 1 100
218 18 46 100
218 22 4 150
218 22 38 100
218 23 19 100
218 15 48 100
218 1 22 150
218 1 35 100
218 1 48 99
218 29 35 100
218 29 46 100
218 14 10 99
218 14 35 99
219 37 10 100
219 37 22 100
219 11 4 100
219 11 35 100
219 1 19 100
219 1 35 100
219 10 35 99
219 8 35 99
219 21 35 99
219 38 3 100
219 7 22 100
219 19 5 100
219 19 38 100
220 23 19 100
220 18 46 100
220 33 10 100
220 8 35 99
220 40 4 99
220 3 35 100
220 25 35 148
220 12 35 99
221 25 10 100
221 25 35 148
221 25 38 150
221 25 46 150
221 7 22 100
221 28 22 99
221 28 35 100
221 46 19 100
221 12 35 99
221 1 35 100
221 42 5 100
221 24 35 150
222 35 22 100
222 6 9 100
222 29 1 100
222 29 13 100
222 29 19 100
222 29 46 100
222 26 9 150
222 8 38 150
222 40 9 99
222 45 1 100
222 12 1 99
222 31 46 100
222 30 9 150
222 30 48 100
222 11 48 148
222 49 48 100
222 4 1 100
223 9 4 148
223 9 26 100
223 46 19 100
223 10 35 99
223 49 35 100
223 49 48 100
223 36 9 100
223 25 9 150
223 25 35 148
223 45 1 100
223 35 22 100
223 19 9 150
224 40 4 99
224 40 9 99
224 28 3 99
224 37 10 100
224 3 19 100
224 3 48 100
224 5 9 150
224 49 48 100
224 13 1 100
224 4 1 100
224 30 48 100
224 12 1 99
224 22 5 99
224 38 1 99
225 20 16 150
225 23 19 100
225 41 1 100
225 36 9 100
225 36 10 150
225 2 46 99
225 7 9 150
225 30 9 150
225 30 48 100
225 38 46 100
225 6 9 100
225 47 48 100
226 40 4 99
226 40 38 150
226 16 19 100
226 16 46 100
226 16 48 150
226 37 10 100
226 37 22 100
226 37 46 100
226 25 35 148
226 28 22 99
226 28 35 100
226 15 48 100
226 21 35 99
226 10 35 99
227 18 46 100
227 40 4 99
227 38 1 99
227 38 19 100
227 38 46 100
227 47 48 100
227 48 1 100
227 15 5 99
227 15 48 100
227 29 1 100
227 25 10 100
227 45 1 100
227 39 1 100
227 39 48 100
228 37 22 100
228 37 46 100
228 19 19 99
228 19 38 100
228 21 35 99
228 34 4 100
228 16 48 150
229 13 9 99
229 13 35 150
229 13 46 148
229 28 22 99
229 28 35 100
229 16 9 100
229 16 46 100
229 16 48 150
229 19 9 150
229 9 26 100
229 40 4 99
229 40 9 99
229 1 35 100
229 1 48 99
229 21 9 150
229 21 10 100
229 32 48 148
230 12 46 150
230 30 4 100
230 30 48 100
230 28 16 150
230 4 19 99
230 37 10 100
230 11 48 148
230 39 5 99
230 39 48 100
231 47 48 100
231 19 19 99
231 10 35 99
231 38 35 148
231 37 22 100
231 49 35 100
231 3 35 100
231 32 22 100
231 20 35 99
232 35 4 100
232 35 22 100
232 13 19 100
232 13 46 148
232 32 48 148
232 30 48 100
232 29 46 100
232 16 48 150
232 15 5 99
232 9 26 100
233 42 3 148
233 42 10 100
233 42 19 150
233 16 9 100
233 0 4 100
233 0 35 100
233 3 35 100
233 49 16 99
233 49 35 100
233 45 35 148
233 13 9 99
233 36 9 100
233 25 9 150
233 34 9 100
234 20 14 100
234 20 35 99
234 19 1 150
234 19 19 99
234 19 38 100
234 35 4 100
234 35 22 100
234 3 10 100
234 3 48 100
234 41 1 100
234 38 1 99
234 29 1 100
234 39 1 100
234 39 48 100
235 22 5 99
235 22 46 150
235 34 4 100
235 25 10 100
235 46 19 100
235 39 48 100
235 32 48 148
236 13 1 100
236 13 19 100
236 13 35 150
236 13 46 148
236 28 22 99
236 28 35 100
236 3 10 100
236 3 35 100
236 3 48 100
236 32 1 99
236 32 48 148
236 48 1 100
236 49 16 99
236 49 48 100
236 35 4 100
236 29 1 100
236 45 1 100
236 19 38 100
237 14 10 99
237 14 19 99
237 14 22 100
237 14 35 99
237 14 46 100
237 34 4 100
237 34 35 150
237 48 46 100
237 28 35 100
237 11 35 100
237 15 48 100
238 20 35 99
238 8 19 100
238 8 35 99
238 8 46 150
238 19 5 100
238 19 38 100
238 0 35 100
238 28 22 99
238 28 35 100
238 37 10 100
238 37 22 100
238 37 46 100
239 37 22 100
239 37 46 100
239 19 19 99
239 19 38 100
239 49 48 100
239 47 48 100
239 30 48 100
239 18 40 99
239 18 46 100
240 15 48 100
240 47 48 100
240 48 4 150
240 48 46 100
240 11 48 148
240 32 22 100
240 32 48 148
240 29 19 100
241 3 10 100
241 3 19 100
241 3 48 100
241 12 46 150
241 2 5 100
241 2 22 99
241 1 48 99
241 35 4 100
241 19 38 100
241 30 48 100
242 7 22 100
242 46 19 100
242 30 48 100
242 36 10 150
242 2 17 150
242 2 22 99
242 47 48 100
242 14 17 99
242 1 48 99
242 16 3 100
242 16 17 150
242 16 48 150
242 28 17 99
243 0 4 100
243 0 17 99
243 0 19 100
243 0 35 100
243 15 48 100
243 49 35 100
243 37 10 100
243 37 22 100
243 37 46 100
243 43 47 99
243 14 17 99
243 14 35 99
243 16 3 100
243 16 17 150
243 3 35 100
244 32 22 100
244 32 48 148
244 37 10 100
244 37 46 100
244 10 16 100
244 10 17 150
244 8 19 100
244 35 4 100
244 3 48 100
245 40 4 99
245 40 5 150
245 19 19 99
245 19 38 100
245 8 46 150
245 37 10 100
245 37 22 100
245 37 46 100
245 18 40 99
245 32 48 148
246 29 19 100
246 29 22 100
246 21 10 100
246 1 48 99
246 16 48 150
246 35 4 100
246 35 22 100
246 47 48 100
246 30 48 100
246 3 48 100
247 30 4 100
247 30 48 100
247 37 10 100
247 37 22 100
247 13 35 150
247 13 38 150
247 38 3 100
247 38 35 148
247 34 35 150
247 14 35 99
248 33 1 150
248 33 10 100
248 9 26 100
248 28 22 99
248 3 19 100
248 3 48 100
248 2 5 100
248 45 1 100
248 16 48 150
248 11 48 148
248 47 48 100
249 0 4 100
249 0 19 100
249 0 35 100
249 49 35 100
249 49 48 100
249 4 1 100
249 4 46 150
249 8 35 99
249 12 1 99
249 12 35 99
249 14 10 99
249 14 22 100
249 14 35 99
249 38 1 99
249 39 48 100
250 12 46 150
250 11 4 100
250 11 10 100
250 11 46 100
250 11 48 148
250 9 26 100
250 0 19 100
250 16 48 150
250 3 48 100
250 15 5 99
250 29 22 100
251 19 19 99
251 19 38 100
251 46 16 148
251 29 22 100
251 29 46 100
251 33 10 100
251 11 4 100
251 11 46 100
251 11 48 148
251 3 48 100
252 39 48 100
252 47 48 100
252 19 19 99
252 19 38 100
252 42 3 148
252 1 22 150
252 1 35 100
252 8 35 99
252 34 4 100
252 34 35 150
253 11 4 100
253 11 46 100
253 11 48 148
253 29 19 100
253 29 22 100
253 29 46 100
253 1 48 99
253 37 22 100
253 30 48 100
254 7 22 100
254 7 46 150
254 49 48 100
254 46 19 100
254 46 38 148
254 22 5 99
254 30 48 100
254 32 48 148
254 39 48 100
255 38 19 100
255 3 4 150
255 3 10 100
255 3 48 100
255 19 38 100
255 2 22 99
255 11 48 148
255 30 48 100
256 20 16 150
256 42 5 100
256 42 10 100
256 40 4 99
256 40 9 99
256 33 46 150
256 39 9 100
256 39 48 100
256 36 9 100
256 32 48 148
256 15 48 100
256 47 9 150
256 47 48 100
257 48 9 148
257 48 46 100
257 37 10 100
257 37 19 150
257 37 22 100
257 37 46 100
257 8 35 99
257 8 38 150
257 28 22 99
257 28 35 100
257 10 35 99
257 13 35 150
258 16 3 100
258 16 19 100
258 7 22 100
258 1 10 150
258 1 35 100
258 21 35 99
258 35 35 150
258 40 4 99
258 49 35 100
259 7 9 150
259 7 16 99
259 34 9 100
259 34 35 150
259 2 5 100
259 20 35 99
259 45 13 100
259 45 35 148
259 23 19 100
259 5 9 150
260 10 35 99
260 35 4 100
260 35 22 100
260 35 35 150
260 9 3 100
260 38 1 99
260 38 19 100
260 38 35 148
260 38 46 100
260 45 1 100
260 49 35 100
260 36 9 100
260 37 46 100
260 22 38 100
260 29 1 100
260 39 1 100
260 39 9 100
260 12 1 99
261 34 4 100
261 34 26 100
261 34 35 150
261 46 19 100
261 49 16 99
261 49 35 100
261 18 40 99
261 18 46 100
261 29 35 100
261 25 10 100
261 25 35 148
262 28 22 99
262 28 38 148
262 47 48 100
262 1 19 100
262 1 48 99
262 29 22 100
262 14 10 99
262 34 4 100
262 30 48 100
263 33 10 100
263 33 46 150
263 16 19 100
263 16 46 100
263 16 48 150
263 11 4 100
263 11 48 148
263 47 48 100
263 42 5 100
263 37 22 100
263 15 48 100
264 47 48 100
264 1 19 100
264 1 22 150
264 1 48 99
264 34 4 100
264 38 3 100
264 11 10 100
264 11 48 148
264 3 48 100
264 49 48 100
264 39 5 99
265 14 10 99
265 14 19 99
265 14 22 100
265 14 35 99
265 14 46 100
265 49 48 100
265 30 48 100
265 29 1 100
265 29 13 100
265 39 1 100
265 39 48 100
265 48 1 100
265 4 1 100
266 11 35 100
266 11 46 100
266 33 1 150
266 1 19 100
266 1 22 150
266 1 35 100
266 1 48 99
266 34 35 150
266 42 14 100
267 2 5 100
267 2 22 99
267 2 46 99
267 8 19 100
267 8 35 99
267 8 38 150
267 33 10 100
267 35 4 100
267 35 35 150
267 25 35 148
267 3 35 100
268 42 10 100
268 23 19 100
268 34 4 100
268 16 46 100
268 16 48 150
268 47 48 100
268 29 46 100
268 49 48 100
269 33 10 100
269 33 46 150
269 37 22 100
269 37 46 100
269 29 19 100
269 29 22 100
269 29 35 100
269 10 35 99
269 39 38 150
269 40 4 99
269 0 35 100
269 45 35 148
270 46 19 100
270 13 46 148
270 34 4 100
270 39 5 99
270 39 48 100
270 30 48 100
270 14 10 99
270 14 22 100
270 16 48 150
270 35 22 100
271 47 48 100
271 14 19 99
271 14 22 100
271 14 35 99
271 14 46 100
271 18 46 100
271 40 4 99
271 38 35 148
271 3 35 100
272 16 9 100
272 16 19 100
272 16 46 100
272 26 9 150
272 3 10 100
272 3 35 100
272 4 46 150
272 31 26 100
272 8 35 99
272 8 38 150
272 47 9 150
272 6 9 100
272 29 22 100
272 29 35 100
272 1 35 100
273 29 19 100
273 29 22 100
273 29 35 100
273 29 46 100
273 9 4 148
273 9 10 150
273 8 35 99
273 8 38 150
273 15 5 99
273 11 35 100
273 10 16 100
273 10 35 99
273 28 35 100
274 32 1 99
274 13 1 100
274 13 19 100
274 13 35 150
274 13 46 148
274 1 1 99
274 1 35 100
274 1 46 148
274 4 1 100
274 25 35 148
274 12 1 99
275 22 5 99
275 22 38 100
275 7 3 148
275 7 22 100
275 29 19 100
275 29 22 100
275 29 35 100
275 37 10 100
275 18 40 99
275 38 35 148
275 35 4 100
275 35 35 150
276 8 19 100
276 32 22 100
276 32 48 148
276 16 48 150
276 39 48 100
277 45 16 100
277 11 4 100
277 11 10 100
277 11 46 100
277 11 48 148
277 2 22 99
277 2 46 99
277 14 19 99
277 1 48 99
277 15 48 100
278 16 19 100
278 16 46 100
278 16 48 150
278 4 1 100
278 4 4 148
278 9 26 100
278 11 35 100
278 11 46 100
278 34 35 150
278 19 1 150
278 19 5 100
278 38 1 99
278 38 35 148
278 45 1 100
279 10 35 99
279 1 19 100
279 1 22 150
279 1 35 100
279 1 46 148
279 12 35 99
279 22 38 100
279 11 4 100
279 11 10 100
279 11 35 100
280 8 13 100
280 8 19 100
280 8 35 99
280 9 3 100
280 20 35 99
280 29 22 100
280 29 35 100
280 14 22 100
280 14 35 99
280 25 40 100
281 48 9 148
281 48 46 100
281 5 9 150
281 36 9 100
281 45 16 100
281 45 35 148
281 16 9 100
281 16 19 100
281 44 5 100
281 6 9 100
281 38 35 148
281 10 35 99
282 32 22 100
282 32 48 148
282 28 22 99
282 28 35 100
282 28 38 148
282 12 46 150
282 30 4 100
282 30 48 100
282 47 48 100
282 38 19 100
282 25 10 100
283 15 48 100
283 14 10 99
283 14 19 99
283 14 22 100
283 14 46 100
283 39 38 150
283 39 48 100
283 1 48 99
283 37 10 100
283 16 3 100
283 16 48 150
283 11 4 100
284 19 5 100
284 19 9 150
284 19 19 99
284 19 38 100
284 0 4 100
284 0 35 100
284 40 9 99
284 31 46 100
284 30 9 150
284 8 35 99
284 34 9 100
284 34 35 150
284 1 22 150
284 1 35 100
284 3 10 100
285 13 9 99
285 13 19 100
285 16 46 100
285 16 48 150
285 0 4 100
285 15 48 100
285 11 10 100
285 11 48 148
285 1 22 150
285 34 26 100
286 15 5 99
286 15 48 100
286 8 35 99
286 35 4 100
286 35 22 100
286 42 10 100
286 42 39 99
286 30 48 100
286 49 48 100
286 14 19 99
286 14 22 100
286 16 39 150
286 16 48 150
286 34 39 100
287 48 39 100
287 39 48 100
287 47 48 100
287 37 22 100
287 37 39 150
287 42 39 99
287 0 39 99
287 44 39 148
287 32 48 148
288 7 22 100
288 36 10 150
288 36 39 150
288 49 48 100
288 47 48 100
288 15 48 100
288 30 4 100
288 30 48 100
288 16 19 100
288 16 39 150
288 29 39 150
289 11 38 150
289 34 19 150
289 34 39 100
289 13 39 100
289 49 48 100
289 38 39 150
289 16 39 150
289 19 5 100
290 45 1 100
290 29 22 100
290 29 35 100
290 29 39 150
290 35 4 100
290 35 14 100
290 36 39 150
290 5 39 100
290 44 39 148
290 34 39 100
290 46 39 100
291 4 4 148
291 10 16 100
291 10 23 100
291 10 26 100
291 34 39 100
291 18 23 100
291 46 39 100
291 16 39 150
291 15 5 99
291 29 39 150
291 28 39 100
292 2 5 100
292 17 16 100
292 28 14 100
292 28 35 100
292 28 39 100
292 0 39 99
292 37 39 150
292 37 41 100
292 38 39 150
292 3 39 150
292 25 23 100
292 13 39 100
293 12 35 99
293 29 39 150
293 46 38 148
293 46 39 100
293 40 4 99
293 17 16 100
293 27 41 100
293 22 41 100
294 39 5 99
294 39 38 150
294 13 4 150
294 13 35 150
294 20 14 100
294 35 41 100
294 21 41 100
294 25 23 100
294 17 16 100
295 43 23 100
295 43 41 150
295 40 4 99
295 2 5 100
295 47 14 100
295 11 35 100
295 29 35 100
295 17 16 100
296 30 4 100
296 7 16 99
296 22 23 148
296 22 38 100
296 22 41 100
296 16 14 99
296 37 41 100
296 1 35 100
297 14 41 100
297 7 16 99
297 15 5 99
297 15 23 100
297 9 26 100
297 25 40 100
297 10 16 100
297 37 41 100
298 47 11 99
298 47 14 100
298 47 41 100
298 10 16 100
298 10 23 100
298 4 4 148
298 27 41 100
298 22 38 100
299 44 5 100
299 24 14 100
299 35 4 100
299 49 16 99
299 17 16 100
300 49 16 99
300 49 23 150
300 49 41 148
300 35 4 100
300 35 14 100
300 44 5 100
301 27 23 100
301 27 26 99
301 27 41 100
301 8 35 99
301 22 41 100
301 30 4 100
301 20 16 150
302 18 40 99
302 2 5 100
302 20 14 100
302 20 16 150
302 0 4 100
303 15 5 99
303 15 23 100
303 3 35 100
303 41 41 148
303 16 14 99
303 20 16 150
303 35 41 100
303 38 41 100
303 22 38 100
304 20 35 99
304 43 41 150
304 9 4 148
304 9 26 100
304 36 49 150
305 12 14 150
305 38 41 100
305 38 49 100
305 49 16 99
305 49 49 150
305 47 11 99
305 47 41 100
305 47 49 148
305 29 5 150
305 23 49 150
306 30 4 100
306 43 23 100
306 43 41 150
306 9 26 100
306 31 16 150
306 40 4 99
307 30 4 100
307 42 5 100
307 42 14 100
307 3 35 100
307 38 41 100
307 38 49 100
307 43 41 150
307 28 16 150
308 37 23 150
308 37 41 100
308 24 14 100
308 28 16 150
308 28 35 100
308 39 5 99
308 19 38 100
309 35 4 100
309 35 35 150
309 17 16 100
310 1 11 100
310 1 35 100
310 45 16 100
310 44 5 100
310 22 4 150
310 22 38 100
310 30 9 150
310 27 23 100
311 42 14 100
311 5 41 150
311 11 4 100
311 21 35 99
311 21 41 100
311 31 16 150
311 31 26 100
311 43 23 100
312 18 23 100
312 6 9 100
312 11 4 100
312 7 16 99
312 2 5 100
312 21 41 100
313 20 14 100
313 20 16 150
313 20 35 99
313 19 5 100
314 41 4 150
314 41 23 150
314 22 38 100
315 31 16 150
315 31 26 100
315 45 14 148
315 45 16 100
315 37 5 148
315 37 41 100
315 11 4 100
315 43 41 150
316 46 16 148
316 46 38 148
316 11 4 100
316 11 35 100
316 1 11 100
316 10 23 100
317 19 5 100
317 19 9 150
317 29 35 100
317 30 4 100
317 28 16 150
317 28 35 100
317 13 9 99
317 25 23 100
317 25 40 100
318 36 9 100
318 45 16 100
318 35 41 100
318 22 5 99
318 22 41 100
318 7 16 99
318 27 23 100
318 27 26 99
319 3 4 150
319 45 14 148
319 45 16 100
319 22 38 100
320 10 16 100
320 10 35 99
320 0 4 100
320 47 41 100
321 0 4 100
321 0 5 150
321 0 35 100
321 5 14 100
321 18 23 100
321 45 16 100
321 10 16 100
322 35 4 100
322 35 14 100
322 35 41 100
322 29 23 148
322 40 38 150
322 1 11 100
322 49 16 99
322 49 41 148
322 25 40 100
322 42 5 100
323 25 23 100
323 25 38 150
323 10 16 100
323 27 41 100
324 21 35 99
324 21 41 100
324 15 5 99
324 36 14 150
324 10 16 100
324 3 4 150
324 35 41 100
325 5 9 150
325 5 41 150
325 6 23 99
325 14 41 100
325 44 5 100
325 34 4 100
325 34 16 148
325 17 16 100
325 19 38 100
326 15 23 100
326 6 9 100
326 8 35 99
326 13 9 99
326 49 16 99
326 35 4 100
327 45 16 100
327 9 26 100
327 37 23 150
327 11 4 100
327 11 35 100
327 39 5 99
328 46 16 148
328 13 9 99
328 38 41 100
328 43 23 100
328 44 5 100
328 18 40 99
329 11 4 100
329 11 35 100
329 11 38 150
329 36 9 100
329 34 9 100
329 34 16 148
329 25 23 100
330 20 14 100
330 20 16 150
330 20 35 99
330 30 4 100
330 19 5 100
330 9 26 100
331 12 35 99
331 31 16 150
331 30 4 100
331 43 41 150
331 36 11 100
331 36 49 150
331 24 14 100
331 27 41 100
331 27 49 150
331 15 5 99
331 19 38 100
332 45 16 100
332 14 41 100
332 35 4 100
332 41 23 150
332 19 38 100
333 30 4 100
333 30 9 150
333 15 5 99
333 15 23 100
333 45 16 100
333 45 35 148
333 14 41 100
333 0 49 100
334 29 35 100
334 14 14 150
334 14 35 99
334 14 41 100
334 21 41 100
334 17 16 100
334 34 4 100
334 39 38 150
334 10 16 100
335 12 35 99
335 40 4 99
335 40 5 150
335 40 38 150
335 14 10 99
335 14 41 100
335 24 41 150
335 10 16 100
336 43 23 100
336 43 41 150
336 24 14 100
336 24 41 50
336 0 4 100
336 20 16 150
336 19 38 100
337 45 16 100
337 6 9 100
337 6 23 99
337 30 4 100
337 15 5 99
337 47 41 100
337 27 41 100
337 19 38 100
338 5 9 150
338 5 14 100
338 10 16 100
338 19 5 100
338 19 9 150
338 16 9 100
338 6 9 100
338 25 9 150
338 25 40 100
338 17 16 100
339 34 4 100
339 34 16 148
339 49 41 148
339 49 49 150
339 15 11 99
339 46 49 150
340 0 4 100
340 0 49 100
340 9 26 100
340 44 5 100
340 1 14 150
340 5 41 150
340 49 16 99
340 49 23 150
340 47 41 100
341 42 5 100
341 46 16 148
341 40 4 99
341 18 23 100
341 18 40 99
341 21 41 100
341 22 38 100
342 13 4 150
342 13 9 99
342 7 16 99
342 7 49 148
342 41 41 148
342 23 49 150
342 47 41 100
342 0 49 100
342 22 38 100
343 45 14 148
343 45 16 100
343 41 41 148
343 44 5 100
343 43 23 100
344 37 41 100
344 7 16 99
344 13 4 150
344 21 41 100
344 45 16 100
344 27 26 99
345 38 41 100
345 5 14 100
345 29 5 150
345 7 11 100
345 30 4 100
345 37 41 100
345 10 23 100
346 2 23 150
346 27 26 99
346 27 41 100
346 0 4 100
346 0 35 100
346 42 14 100
346 20 16 150
347 45 16 100
347 6 23 99
347 44 5 100
347 30 4 100
347 5 41 150
347 38 41 100
348 16 14 99
348 5 41 150
348 6 23 99
348 2 5 100
349 30 4 100
349 30 9 150
349 18 23 100
349 18 40 99
349 31 16 150
349 1 35 100
349 21 41 100
349 47 41 100
350 26 9 150
350 10 16 100
350 19 5 100
350 19 38 100
350 34 4 100
350 14 41 100
350 36 11 100
350 27 41 100
351 15 5 99
351 15 23 100
351 43 41 150
351 24 14 100
351 34 4 100
351 34 16 148
351 34 26 100
351 19 38 100
352 14 35 99
352 14 41 100
352 26 9 150
352 20 16 150
352 3 4 150
352 37 41 100
353 35 41 100
353 29 23 148
353 10 16 100
353 42 5 100
353 22 41 100
353 18 40 99
354 43 23 100
354 46 16 148
354 46 38 148
354 45 14 148
354 45 35 148
354 30 4 100
355 10 16 100
355 10 23 100
355 40 4 99
355 40 5 150
355 47 41 100
356 9 4 148
356 12 14 150
356 12 35 99
356 21 41 100
356 27 23 100
356 27 41 100
356 25 38 150
356 17 16 100
356 10 16 100
357 34 4 100
357 34 16 148
357 34 35 150
357 44 5 100
357 35 41 100
357 21 41 100
357 11 38 150
357 7 11 100
358 47 14 100
358 47 41 100
358 49 16 99
358 49 23 150
358 49 35 100
358 39 5 99
358 35 41 100
358 19 38 100
359 0 4 100
359 14 41 100
359 47 9 150
359 47 41 100
359 15 23 100
359 31 16 150
359 31 26 100
360 15 5 99
360 38 41 100
360 19 9 150
360 16 9 100
360 11 4 100
360 11 35 100
360 7 16 99
361 42 5 100
361 42 14 100
361 10 16 100
361 10 23 100
361 10 35 99
361 27 41 100
361 38 41 100
361 18 40 99
361 19 38 100
361 7 16 99
362 16 9 100
362 27 23 100
362 27 41 100
362 5 9 150
362 9 4 148
362 30 4 100
362 30 9 150
362 45 16 100
362 21 9 150
362 21 41 100
363 14 14 150
363 0 4 100
363 7 16 99
363 27 23 100
363 28 38 148
363 39 5 99
364 47 11 99
364 47 41 100
364 49 16 99
364 14 41 100
364 9 26 100
364 7 16 99
364 42 5 100
365 40 4 99
365 24 14 100
365 31 16 150
366 41 4 150
366 41 23 150
366 41 41 148
366 17 16 100
366 19 5 100
366 19 9 150
367 27 26 99
367 27 41 100
367 0 4 100
367 47 14 100
367 47 41 100
367 45 16 100
367 25 40 100
368 28 16 150
368 28 35 100
368 43 5 150
368 43 23 100
368 43 41 150
368 0 4 100
369 6 23 99
369 31 16 150
369 31 26 100
369 14 14 150
369 14 35 99
370 11 4 100
370 11 23 150
370 11 38 150
370 22 5 99
370 22 41 100
370 20 16 150
370 14 41 100
371 1 11 100
371 22 4 150
371 22 5 99
371 31 16 150
371 20 14 100
372 30 4 100
372 10 16 100
372 20 14 100
373 36 9 100
373 12 40 150
373 31 16 150
373 44 5 100
373 37 41 100
373 0 4 100
373 18 23 100
374 22 5 99
374 22 41 100
374 36 9 100
374 12 35 99
374 31 26 100
374 6 9 100
375 40 4 99
375 40 38 150
375 45 16 100
375 15 23 100
375 21 35 99
376 9 4 148
376 21 35 99
376 21 46 99
376 39 5 99
376 24 14 100
376 28 16 150
376 47 11 99
377 0 4 100
377 0 35 100
377 14 41 100
377 25 14 100
377 20 16 150
377 27 26 99
377 27 41 100
377 42 5 100
378 41 41 148
378 30 4 100
378 10 16 100
378 10 23 100
379 3 35 100
379 23 23 148
379 17 16 100
379 22 5 99
379 22 38 100
379 22 41 100
379 5 14 100
379 47 41 100
379 7 16 99
380 16 14 99
380 30 4 100
380 14 41 100
380 43 23 100
380 7 16 99
380 34 26 100
381 31 16 150
381 39 5 99
381 39 9 100
381 37 41 100
381 30 4 100
381 21 35 99
381 21 41 100
382 25 14 100
382 25 23 100
382 21 35 99
382 21 41 100
382 49 16 99
382 49 41 148
382 19 5 100
382 30 4 100
382 13 9 99
382 15 11 99
383 30 4 100
383 14 41 100
383 49 16 99
383 31 26 100
384 5 9 150
384 5 41 150
384 21 35 99
384 21 41 100
384 43 5 150
384 43 23 100
384 0 4 100
384 49 16 99
385 12 35 99
385 6 9 100
385 40 4 99
385 31 16 150
385 31 26 100
385 25 40 100
386 23 23 148
386 19 5 100
386 19 9 150
386 17 16 100
386 0 4 100
386 0 35 100
387 11 4 100
387 11 35 100
387 20 14 100
387 22 5 99
387 22 38 100
388 39 9 100
388 10 16 100
388 10 23 100
388 10 35 99
388 49 41 148
388 35 4 100
388 16 9 100
389 5 9 150
389 5 41 150
389 38 1 99
389 19 5 100
389 19 38 100
389 17 11 100
389 10 26 100
389 10 35 99
390 31 16 150
390 5 14 100
390 5 41 150
390 30 4 100
390 35 41 100
390 8 35 99
391 11 4 100
391 11 35 100
391 39 5 99
391 45 16 100
391 38 41 100
392 48 4 150
392 34 16 148
392 22 5 99
392 22 38 100
392 22 41 100
392 28 14 100
392 43 23 100
392 43 41 150
393 35 4 100
393 35 35 150
393 22 38 100
393 16 9 100
393 28 16 150
394 27 23 100
394 27 41 100
394 0 5 150
394 0 35 100
394 21 41 100
394 10 16 100
394 10 23 100
394 35 14 100
395 31 16 150
395 31 26 100
395 29 23 148
395 22 4 150
395 22 38 100
395 22 41 100
396 20 16 150
396 16 9 100
396 39 5 99
396 39 9 100
396 34 4 100
397 25 9 150
397 25 10 100
397 25 40 100
397 14 41 100
397 20 11 100
397 20 16 150
397 49 41 148
397 40 4 99
397 44 5 100
398 37 41 100
398 0 4 100
398 13 26 148
398 46 16 148
398 47 14 100
399 5 14 100
399 5 41 150
399 42 5 100
399 28 16 150
399 28 35 100
399 10 23 100
399 10 35 99
399 22 41 100
400 27 23 100
400 27 41 100
400 14 41 100
400 44 5 100
400 19 38 100
400 9 4 148
400 46 16 148
400 35 14 100
401 41 23 150
401 41 41 148
401 11 4 100
401 11 35 100
402 13 9 99
402 35 4 100
402 35 14 100
402 20 16 150
402 36 9 100
402 26 9 150
402 16 9 100
402 49 16 99
402 34 9 100
402 39 5 99
403 28 14 100
403 28 16 150
403 28 35 100
403 35 4 100
404 34 26 100
404 6 23 99
404 5 41 150
404 17 16 100
404 42 5 100
405 30 4 100
405 37 41 100
405 19 5 100
405 19 38 100
405 0 35 100
405 0 49 100
405 22 41 100
405 17 16 100
405 27 49 150
405 11 35 100
405 28 14 100
405 47 49 148
406 10 16 100
406 37 41 100
406 39 9 100
406 39 38 150
406 4 4 148
406 18 40 99
406 22 41 100
406 47 11 99
406 16 9 100
407 43 5 150
407 43 23 100
407 43 41 150
407 47 14 100
407 9 26 100
407 3 35 100
407 45 16 100
407 11 4 100
407 17 16 100
408 37 41 100
408 47 41 100
408 19 38 100
408 43 23 100
408 20 16 150
408 20 35 99
408 40 4 99
409 42 5 100
409 42 14 100
409 34 4 100
409 34 16 148
409 38 49 100
409 22 38 100
409 47 49 148
410 22 5 99
410 22 38 100
410 22 41 100
410 5 14 100
410 25 40 100
410 28 16 150
410 28 35 100
410 35 41 100
410 0 49 100
411 0 4 100
411 25 14 100
412 7 9 150
412 7 16 99
412 14 35 99
412 13 4 150
412 13 9 99
412 37 23 150
412 45 16 100
412 44 5 100
412 30 9 150
412 5 9 150
412 34 9 100
412 16 9 100
413 30 4 100
413 35 41 100
413 21 35 99
413 17 11 100
413 17 16 100
413 27 26 99
413 45 16 100
414 40 4 99
414 40 5 150
414 40 9 99
414 21 41 100
414 14 41 100
414 25 23 100
415 31 16 150
415 31 26 100
415 1 35 100
415 20 14 100
415 10 16 100
416 18 23 100
416 48 4 150
416 11 35 100
416 7 16 99
416 15 5 99
416 25 14 100
416 19 38 100
417 11 4 100
417 11 35 100
417 19 5 100
417 19 38 100
417 22 41 100
417 47 41 100
417 35 41 100
418 5 14 100
418 35 4 100
418 35 35 150
418 35 41 100
418 15 23 100
418 20 16 150
418 22 38 100
419 31 16 150
419 25 14 100
419 41 41 148
419 2 5 100
419 0 4 100
420 23 23 148
420 39 5 99
420 21 35 99
420 8 35 99
420 27 26 99
420 35 22 100
421 1 35 100
421 4 4 148
421 28 16 150
421 48 9 148
421 27 23 100
421 27 41 100
421 38 41 100
422 29 35 100
422 28 14 100
422 40 4 99
422 5 41 150
422 20 11 100
423 14 41 100
423 42 5 100
423 17 16 100
423 16 9 100
423 47 41 100
423 15 5 99
423 15 23 100
423 30 4 100
423 36 9 100
424 5 9 150
424 5 41 150
424 36 49 150
424 49 16 99
424 49 49 150
424 18 40 99
424 18 49 150
424 0 4 100
424 27 26 99
425 1 35 100
425 31 16 150
425 39 5 99
425 47 14 100
425 10 23 100
426 35 4 100
426 35 14 100
426 46 16 148
426 19 38 100
426 9 26 100
427 38 35 148
427 38 41 100
427 9 4 148
427 35 41 100
427 49 16 99
427 19 5 100
427 19 38 100
427 7 16 99
428 29 35 100
428 35 4 100
428 35 14 100
428 7 11 100
428 7 16 99
428 44 5 100
429 17 16 100
429 19 9 150
429 19 38 100
429 0 4 100
429 0 35 100
429 37 41 100
429 35 41 100
430 46 16 148
430 38 35 148
430 38 41 100
430 42 5 100
430 42 14 100
430 43 23 100
431 22 4 150
431 22 5 99
431 22 23 148
431 22 38 100
431 22 41 100
431 11 35 100
431 43 41 150
431 39 9 100
431 34 16 148
432 13 38 150
432 18 23 100
432 22 41 100
432 46 16 148
432 14 41 100
433 12 14 150
433 13 4 150
433 40 5 150
433 28 16 150
433 21 41 100
434 45 16 100
434 27 23 100
434 27 41 100
434 30 4 100
434 47 11 99
434 13 38 150
435 20 16 150
435 18 23 100
435 18 40 99
435 11 4 100
435 34 9 100
435 34 26 100
435 16 9 100
435 44 5 100
436 25 14 100
436 38 41 100
436 7 16 99
437 34 4 100
437 34 16 148
437 39 5 99
437 40 4 99
437 49 35 100
437 49 41 148
437 35 14 100
437 35 41 100
438 42 5 100
438 15 23 100
438 13 38 150
438 28 16 150
438 40 4 99
439 31 16 150
439 31 26 100
439 1 11 100
439 1 14 150
439 40 4 99
439 25 40 100
439 41 41 148
440 2 5 100
440 2 23 150
440 20 16 150
440 34 4 100
441 12 35 99
441 7 16 99
441 47 14 100
441 47 41 100
441 37 41 100
441 44 5 100
441 15 23 100
442 25 14 100
442 25 23 100
442 25 35 148
442 27 26 99
442 27 41 100
442 38 41 100
442 48 4 150
442 17 16 100
443 42 5 100
443 18 40 99
443 49 16 99
443 0 4 100
443 17 16 100
444 40 4 99
444 40 9 99
444 40 38 150
444 34 9 100
444 34 16 148
444 2 5 100
444 2 23 150
444 28 35 100
445 6 9 100
445 30 4 100
445 30 9 150
445 14 10 99
445 14 41 100
445 10 16 100
445 10 26 100
445 21 9 150
445 21 41 100
445 36 9 100
446 6 9 100
446 45 14 148
446 45 16 100
446 13 9 99
446 36 5 150
446 36 49 150
446 38 41 100
446 38 49 100
446 27 49 150
447 16 9 100
447 10 16 100
447 10 23 100
447 11 4 100
447 47 41 100
447 5 41 150
448 19 5 100
448 19 38 100
448 3 4 150
448 34 16 148
448 15 11 99
448 36 49 150
448 27 49 150
449 29 22 100
449 10 16 100
449 10 23 100
449 10 26 100
449 47 14 100
449 25 40 100
449 11 4 100
449 32 22 100
449 49 16 99
450 36 5 150
450 15 23 100
450 38 41 100
450 38 49 100
450 11 4 100
450 16 14 99
450 46 16 148
450 46 38 148
451 38 41 100
451 27 23 100
451 27 41 100
452 34 4 100
452 34 9 100
452 34 16 148
452 34 26 100
452 20 16 150
452 20 35 99
452 37 23 150
452 37 41 100
452 40 9 99
452 14 41 100
452 2 5 100
453 27 23 100
453 44 5 100
453 1 11 100
453 1 14 150
453 1 35 100
453 3 4 150
453 45 16 100
454 15 23 100
454 35 4 100
454 49 16 99
454 49 35 100
455 23 23 148
455 34 4 100
455 34 16 148
455 34 35 150
455 27 41 100
455 2 5 100
455 20 14 100
455 39 38 150
456 37 41 100
456 39 5 99
456 27 23 100
456 10 16 100
456 47 14 100
456 19 38 100
457 23 49 150
457 12 35 99
457 28 16 150
457 6 9 100
457 21 41 100
457 38 41 100
457 38 49 100
457 16 9 100
457 35 4 100
457 49 49 150
458 1 35 100
458 10 16 100
458 10 23 100
458 43 41 150
458 18 40 99
458 9 4 148
458 11 38 150
458 2 5 100
459 35 4 100
459 35 14 100
459 35 41 100
459 3 35 100
459 6 23 99
459 7 16 99
459 37 41 100
460 9 26 100
460 45 16 100
460 40 4 99
460 40 5 150
460 43 41 150
461 11 23 150
461 11 35 100
461 11 38 150
461 22 41 100
461 12 14 150
461 27 41 100
461 45 16 100
461 20 11 100
462 45 16 100
462 45 35 148
462 7 9 150
462 7 16 99
462 6 23 99
462 2 5 100
462 3 4 150
462 43 41 150
463 0 4 100
463 0 35 100
463 5 9 150
463 5 41 150
463 11 35 100
463 28 16 150
463 18 23 100
463 42 5 100
464 37 41 100
464 41 41 148
464 19 9 150
464 19 38 100
464 9 26 100
464 0 4 100
464 45 16 100
465 12 35 99
465 16 14 99
465 21 41 100
465 42 5 100
465 11 4 100
465 37 41 100
466 45 16 100
466 34 26 100
466 19 5 100
466 47 41 100
467 46 16 148
467 23 23 148
467 0 4 100
467 0 35 100
467 45 14 148
468 43 23 100
468 43 41 150
468 45 35 148
468 34 4 100
468 39 5 99
468 47 41 100
469 43 41 150
469 40 4 99
469 40 9 99
469 7 16 99
469 38 35 148
469 34 26 100
470 30 4 100
470 12 14 150
470 12 35 99
470 20 16 150
470 37 5 148
470 37 46 100
471 29 35 100
471 15 23 100
471 19 38 100
471 49 16 99
471 49 41 148
471 18 40 99
472 38 41 100
472 46 16 148
472 42 5 100
472 19 9 150
472 19 38 100
472 18 23 100
472 36 11 100
472 5 41 150
472 13 4 150
472 1 35 100
472 10 16 100
473 49 16 99
473 16 14 99
473 9 4 148
473 19 5 100
473 19 38 100
473 21 35 99
474 27 23 100
474 27 26 99
474 27 41 100
474 44 24 99
474 5 14 100
474 28 16 150
474 35 4 100
475 38 35 148
475 34 4 100
475 25 23 100
475 15 5 99
476 34 16 148
476 12 14 150
476 12 35 99
476 18 49 150
476 8 38 150
476 0 49 100
476 42 5 100
476 37 41 100
476 22 41 100
476 47 49 148
477 29 23 148
477 37 41 100
477 22 4 150
477 22 41 100
477 32 1 99
478 42 5 100
478 25 9 150
478 25 23 100
478 21 35 99
478 21 41 100
478 0 4 100
478 37 41 100
478 47 11 99
479 6 23 99
479 11 4 100
479 11 35 100
479 28 14 100
479 28 16 150
479 49 16 99
479 49 41 148
480 13 9 99
480 16 9 100
480 30 4 100
480 39 5 99
480 37 41 100
480 31 26 100
481 11 23 150
481 11 38 150
481 16 14 99
481 34 16 148
481 47 41 100
481 38 41 100
481 14 41 100
482 4 4 148
482 2 5 100
482 8 38 150
482 20 16 150
483 11 4 100
483 0 5 150
483 21 41 100
483 35 14 100
483 17 11 100
483 17 16 100
484 40 4 99
484 25 14 100
484 25 23 100
484 25 40 100
484 9 26 100
484 47 41 100
484 49 35 100
484 49 41 148
485 7 16 99
485 21 41 100
485 39 5 99
485 30 4 100
485 27 41 100
486 21 35 99
486 21 41 100
486 34 4 100
486 34 16 148
486 34 26 100
486 22 5 99
486 1 14 150
486 18 23 100
487 37 41 100
487 31 16 150
487 43 23 100
487 43 41 150
488 9 4 148
488 41 23 150
488 41 41 148
488 14 14 150
488 20 16 150
488 22 5 99
488 22 38 100
488 25 40 100
489 11 4 100
489 31 16 150
489 26 9 150
489 18 23 100
489 15 5 99
489 37 41 100
489 21 41 100
490 34 4 100
490 34 9 100
490 34 16 148
490 35 41 100
490 6 9 100
490 6 23 99
490 7 9 150
490 7 11 100
490 39 9 100
490 5 9 150
490 14 41 100
491 35 4 100
491 35 14 100
491 35 35 150
491 35 41 100
491 15 5 99
491 28 38 148
491 45 16 100
492 15 5 99
492 43 41 150
492 37 41 100
492 12 35 99
492 7 16 99
492 28 14 100
492 27 26 99
493 21 9 150
493 21 41 100
493 38 41 100
493 15 23 100
493 30 4 100
493 31 16 150
494 41 4 150
494 41 23 150
494 15 5 99
494 7 16 99
494 1 35 100
494 10 26 100
495 14 41 100
495 45 16 100
495 21 9 150
495 0 4 100
495 27 23 100
495 49 16 99
496 9 26 100
496 0 4 100
496 0 5 150
496 0 35 100
496 49 16 99
496 49 41 148
496 47 11 99
496 47 14 100
496 47 41 100
496 10 23 100
496 25 40 100
497 28 14 100
497 28 16 150
497 28 35 100
497 28 38 148
497 6 23 99
498 9 4 148
498 25 9 150
498 31 16 150
498 15 5 99
498 35 41 100
498 38 49 100
499 11 4 100
499 11 35 100
499 11 46 100
499 23 49 150
499 39 5 99
499 17 16 100
499 7 49 148
499 38 41 100
499 35 41 100
500 37 41 100
500 45 14 148
500 45 16 100
500 5 41 150
500 47 49 148
500 17 16 100
500 19 38 100
500 27 49 150
501 41 4 150
501 41 23 150
501 41 41 148
501 1 11 100
501 1 35 100
501 44 5 100
501 38 49 100
501 45 16 100
502 45 14 148
502 45 16 100
502 18 23 100
502 49 35 100
502 49 41 148
502 34 4 100
502 34 26 100
503 11 4 100
503 5 9 150
503 49 16 99
503 2 5 100
503 2 22 99
504 28 16 150
504 22 5 99
504 22 38 100
504 18 40 99
504 35 4 100
504 9 26 100
505 40 4 99
505 35 14 100
505 35 41 100
505 19 5 100
505 49 16 99
505 14 41 100
505 18 23 100
506 20 14 100
506 20 16 150
506 20 35 99
506 35 4 100
506 29 35 100
506 7 16 99
507 29 35 100
507 46 16 148
507 46 49 150
507 7 49 148
507 35 41 100
507 44 5 100
507 37 41 100
508 35 4 100
508 35 14 100
508 35 35 150
508 35 41 100
508 19 38 100
508 17 16 100
508 37 41 100
509 3 4 150
509 3 35 100
509 7 16 99
509 31 26 100
509 14 41 100
509 15 5 99
509 15 23 100
509 5 14 100
510 38 41 100
510 38 49 100
510 39 5 99
510 39 9 100
510 19 9 150
510 45 16 100
510 47 9 150
510 47 11 99
510 47 41 100
510 25 9 150
510 11 4 100
511 47 14 100
511 47 41 100
511 26 20 100
511 31 16 150
511 2 23 150
511 17 16 100
511 37 41 100
511 22 38 100
511 20 20 99
511 20 35 99
512 29 5 150
512 29 35 100
512 20 14 100
512 45 16 100
512 11 4 100
512 47 9 150
512 47 41 100
512 6 9 100
512 34 26 100
513 21 41 100
513 47 14 100
513 9 4 148
513 15 23 100
513 49 16 99
513 26 20 100
514 21 9 150
514 21 35 99
514 15 5 99
514 49 16 99
514 19 38 100
514 22 20 150
514 34 4 100
514 34 9 100
514 10 16 100
515 5 9 150
515 8 35 99
515 8 38 150
515 2 5 100
515 34 4 100
515 34 9 100
515 29 20 150
515 35 20 99
515 49 16 99
516 40 4 99
516 40 9 99
516 47 9 150
516 47 14 100
516 20 16 150
516 34 26 100
517 3 35 100
517 21 9 150
517 19 5 100
517 19 9 150
517 19 38 100
517 22 23 148
517 46 16 148
517 39 9 100
518 18 23 100
518 18 40 99
518 31 16 150
518 4 4 148
518 3 35 100
518 25 14 100
518 25 20 150
518 25 23 100
518 17 11 100
519 5 9 150
519 35 4 100
519 15 5 99
519 15 23 100
519 40 9 99
519 19 38 100
520 40 4 99
520 40 9 99
520 26 20 100
520 10 16 100
520 39 5 99
520 16 14 99
520 45 20 150
520 49 49 150
521 42 14 100
521 47 49 148
521 28 16 150
521 28 20 150
521 28 35 100
521 28 38 148
521 11 4 100
521 0 49 100
521 25 20 150
521 25 23 100
522 2 5 100
522 14 35 99
522 22 20 150
522 22 38 100
522 19 38 100
522 34 4 100
522 34 16 148
523 18 23 100
523 18 40 99
523 20 14 100
523 20 16 150
523 20 20 99
523 34 16 148
523 15 5 99
523 25 20 150
524 26 20 100
524 49 16 99
524 49 35 100
524 11 4 100
524 11 35 100
524 11 38 150
524 42 14 100
524 25 20 150
525 35 4 100
525 35 20 99
525 26 9 150
525 26 20 100
525 36 5 150
525 29 23 148
525 29 35 100
525 27 26 99
525 7 16 99
526 13 4 150
526 13 9 99
526 0 35 100
526 17 16 100
526 26 20 100
526 35 20 99
526 45 16 100
527 28 14 100
527 28 16 150
527 19 5 100
527 19 9 150
527 19 38 100
527 30 4 100
527 30 9 150
527 20 20 99
527 9 26 100
528 17 16 100
528 13 9 99
528 10 23 100
528 36 9 100
528 2 5 100
529 28 16 150
529 28 20 150
529 28 35 100
529 28 38 148
529 22 4 150
529 22 20 150
529 22 38 100
529 18 46 100
529 26 20 100
530 7 16 99
530 20 14 100
530 20 20 99
530 30 4 100
530 26 20 100
530 42 5 100
531 18 23 100
531 14 35 99
531 16 9 100
531 16 14 99
531 17 16 100
531 30 4 100
531 30 9 150
531 9 26 100
532 31 16 150
532 5 9 150
532 1 35 100
532 7 9 150
532 6 9 100
532 28 38 148
532 20 20 99
532 42 5 100
533 0 4 100
533 25 9 150
533 25 20 150
533 25 23 100
533 45 16 100
533 2 5 100
533 30 9 150
533 21 9 150
533 36 9 100
534 1 14 150
534 48 4 150
534 22 20 150
534 22 23 148
534 22 38 100
534 6 9 100
535 43 5 150
535 43 23 100
535 13 9 99
535 25 9 150
535 25 20 150
535 25 40 100
535 48 9 148
535 22 38 100
535 35 4 100
535 28 16 150
535 28 35 100
536 15 48 100
536 20 16 150
536 20 35 99
536 5 9 150
536 47 9 150
536 47 48 100
536 30 4 100
536 30 48 100
536 8 38 150
536 32 48 148
536 1 48 99
537 47 14 100
537 47 48 100
537 16 48 150
537 17 16 100
537 6 23 99
537 28 20 150
537 10 16 100
538 26 20 100
538 11 4 100
538 11 35 100
538 11 38 150
538 11 48 148
538 39 48 100
538 46 16 148
538 47 14 100
538 47 48 100
538 9 26 100
538 45 20 150
539 13 4 150
539 13 9 99
539 45 16 100
539 32 48 148
539 19 9 150
539 19 38 100
539 15 48 100
539 26 20 100
540 10 16 100
540 20 14 100
540 20 20 99
540 1 48 99
540 16 48 150
540 15 48 100
540 22 20 150
540 40 4 99
541 36 49 150
541 23 49 150
541 15 48 100
541 31 16 150
541 38 49 100
541 47 14 100
541 47 48 100
541 35 4 100
541 35 20 99
542 31 16 150
542 31 26 100
542 0 4 100
542 0 35 100
542 34 9 100
542 16 9 100
542 16 48 150
542 18 23 100
542 18 40 99
542 13 38 150
542 25 20 150
543 7 9 150
543 7 16 99
543 46 38 148
543 0 35 100
543 23 23 148
543 39 48 100
543 15 48 100
543 3 48 100
543 35 20 99
544 19 9 150
544 1 48 99
544 39 48 100
544 15 48 100
544 31 16 150
544 16 48 150
544 9 4 148
544 29 20 150
544 25 20 150
545 19 9 150
545 19 38 100
545 35 4 100
545 35 20 99
545 34 9 100
545 34 16 148
545 14 35 99
545 47 48 100
545 20 20 99
546 14 14 150
546 14 35 99
546 0 4 100
546 11 48 148
546 10 16 100
546 10 23 100
546 10 26 100
546 35 20 99
546 34 9 100
546 26 9 150
547 15 48 100
547 22 20 150
547 34 4 100
547 34 16 148
547 39 48 100
547 3 48 100
548 8 35 99
548 42 14 100
548 25 9 150
548 25 23 100
548 47 9 150
548 47 48 100
548 28 16 150
548 32 48 148
549 47 9 150
549 47 14 100
549 47 48 100
549 41 4 150
549 22 38 100
549 46 16 148
549 46 26 150
549 6 9 100
549 6 23 99
549 40 9 99
549 8 35 99
549 11 48 148
550 7 9 150
550 7 16 99
550 7 49 148
550 11 4 100
550 11 48 148
550 49 48 100
550 49 49 150
550 0 49 100
550 1 48 99
550 6 9 100
551 46 16 148
551 18 23 100
551 18 40 99
551 39 9 100
551 39 48 100
551 27 26 99
551 29 20 150
551 11 4 100
551 11 48 148
552 10 16 100
552 10 23 100
552 10 35 99
552 13 38 150
552 30 4 100
552 30 48 100
552 17 16 100
552 22 20 150
552 11 48 148
552 49 48 100
552 47 14 100
552 47 48 100
553 14 35 99
553 22 20 150
553 45 16 100
553 45 20 150
553 47 9 150
553 47 48 100
553 11 48 148
553 16 48 150
554 31 16 150
554 25 9 150
554 25 14 100
554 25 20 150
554 25 38 150
554 6 9 100
554 39 9 100
554 39 48 100
554 49 35 100
554 49 48 100
554 1 48 99
554 3 4 150
554 3 48 100
555 45 16 100
555 45 20 150
555 2 23 150
555 30 4 100
555 30 48 100
555 20 14 100
555 20 20 99
555 16 48 150
556 49 16 99
556 49 35 100
556 49 48 100
556 29 20 150
556 26 20 100
556 13 38 150
556 40 4 99
557 31 16 150
557 31 26 100
557 25 14 100
557 25 20 150
557 25 23 100
557 16 48 150
557 30 4 100
558 11 35 100
558 11 38 150
558 11 48 148
558 30 9 150
558 49 16 99
558 49 48 100
558 3 48 100
558 48 9 148
558 20 14 100
558 47 48 100
558 1 48 99
559 28 16 150
559 28 20 150
559 28 35 100
559 29 20 150
559 29 23 148
559 35 4 100
559 49 48 100
559 11 48 148
559 1 48 99
560 3 4 150
560 3 48 100
560 40 38 150
560 5 14 100
560 46 16 148
560 47 48 100
560 15 48 100
561 5 14 100
561 10 16 100
561 10 35 99
561 26 20 100
561 46 38 148
561 18 40 99
561 25 20 150
561 29 20 150
561 39 48 100
562 27 23 100
562 45 13 100
562 45 16 100
562 45 20 150
562 45 35 148
562 11 13 100
562 11 38 150
562 11 48 148
562 26 20 100
562 37 13 150
562 10 16 100
562 8 13 100
563 8 13 100
563 8 35 99
563 12 14 150
563 22 20 150
563 22 38 100
563 45 13 100
563 45 16 100
563 45 20 150
563 16 48 150
563 31 13 100
563 49 48 100
563 43 23 100
563 19 13 99
563 35 13 148
564 7 16 99
564 11 13 100
564 11 48 148
564 27 23 100
564 27 26 99
564 8 13 100
564 16 48 150
564 20 13 150
564 20 20 99
564 37 13 150
564 45 13 100
565 26 20 100
565 19 13 99
565 49 16 99
565 49 48 100
565 32 48 148
565 14 14 150
565 37 13 150
566 46 16 148
566 20 13 150
566 20 20 99
566 37 10 100
566 37 13 150
566 28 20 150
566 32 48 148
566 29 13 100
566 29 20 150
566 26 20 100
567 22 20 150
567 22 23 148
567 22 38 100
567 16 14 99
567 16 48 150
567 31 13 100
567 31 16 150
567 31 26 100
567 15 48 100
567 39 48 100
567 19 13 99
567 11 13 100
567 11 48 148
567 3 48 100
567 25 40 100
568 32 48 148
568 35 13 148
568 35 14 100
568 35 20 99
568 8 13 100
568 8 35 99
568 20 13 150
568 20 16 150
568 20 20 99
568 45 13 100
568 39 48 100
568 10 23 100
568 16 48 150
568 11 13 100
569 21 9 150
569 17 16 100
569 28 38 148
569 49 16 99
569 49 48 100
569 1 48 99
569 26 20 100
569 6 9 100
569 16 48 150
570 16 14 99
570 16 48 150
570 10 16 100
570 10 23 100
570 40 38 150
570 39 48 100
570 28 20 150
570 26 20 100
570 11 13 100
570 20 13 150
571 29 13 100
571 29 20 150
571 29 35 100
571 37 13 150
571 30 9 150
571 46 16 148
571 10 16 100
571 10 26 100
571 11 13 100
571 11 48 148
571 8 13 100
572 6 23 99
572 28 14 100
572 28 20 150
572 28 35 100
572 11 13 100
572 11 48 148
572 7 16 99
572 15 48 100
573 28 14 100
573 28 16 150
573 28 20 150
573 16 48 150
573 26 20 100
573 22 20 150
573 22 38 100
573 1 48 99
573 3 48 100
573 10 26 100
573 32 48 148
573 18 40 99
573 35 13 148
574 11 13 100
574 11 48 148
574 47 9 150
574 47 13 150
574 47 48 100
574 36 9 100
574 37 13 150
574 19 13 99
575 22 23 148
575 29 13 100
575 17 16 100
575 25 14 100
575 39 48 100
576 15 48 100
576 34 16 148
576 31 13 100
576 42 14 100
576 37 13 150
576 19 13 99
576 19 38 100
576 12 35 99
576 1 48 99
576 29 13 100
577 20 13 150
577 20 16 150
577 1 48 99
577 25 23 100
577 25 38 150
577 11 13 100
577 11 48 148
577 35 13 148
577 19 13 99
577 8 13 100
577 37 13 150
578 37 13 150
578 35 13 148
578 8 13 100
579 1 48 99
579 35 13 148
579 37 13 150
580 31 13 100
581 29 13 100
581 20 13 150
581 47 13 150
581 8 13 100
581 31 13 100
582 37 13 150
583 11 13 100
583 31 13 100
583 29 13 100
584 47 13 150
585 31 13 100
585 47 13 150
585 19 13 99
585 29 13 100
586 35 13 148
586 29 13 100
586 19 13 99
586 45 13 100
587 47 13 150
587 20 13 150
587 35 13 148
587 31 13 100
588 19 13 99
588 29 13 100
589 31 13 100
589 20 13 150
589 19 13 99
589 37 13 150
589 29 13 100
590 8 13 100
590 35 13 148
590 11 13 100
591 8 13 100
591 29 13 100
592 47 13 150
592 19 13 99
592 20 13 150
593 31 13 100
593 35 13 148
593 47 13 150
593 20 13 150
593 11 13 100
594 11 13 100
594 45 13 100
594 31 13 100
594 8 13 100
595 45 13 100
595 31 13 100
595 37 13 150
595 35 13 148
595 47 13 150
596 29 13 100
596 19 13 99
596 45 13 100
597 31 13 100
597 19 13 99
597 11 13 100
597 20 13 150
598 45 13 100
598 37 13 150
598 19 13 99
598 8 13 100
599 19 13 99
600 19 13 99
600 45 13 100
600 35 13 148
601 11 13 100
601 19 13 99
601 31 13 100
602 20 13 150
602 8 13 100
603 11 13 100
603 20 13 150
603 35 13 148
603 29 13 100
603 45 13 100
604 31 13 100
604 11 13 100
604 20 13 150
605 47 13 150
605 31 13 100
606 20 13 150
606 8 13 100
606 37 13 150
606 29 13 100
606 19 13 99
607 20 13 150
607 11 13 100
607 37 13 150
607 45 13 100
607 47 13 150
608 11 13 100
608 37 13 150
608 29 13 100
608 45 13 100
609 31 13 100
609 20 13 150
609 8 13 100
610 47 13 150
611 35 13 148
612 37 13 150
612 31 13 100
612 11 13 100
613 45 13 100
613 47 13 150
613 37 13 150
613 11 13 100
614 31 13 100
614 45 13 100
614 47 13 150
615 31 13 100
615 37 13 150
615 11 13 100
616 47 13 150
616 31 13 100
616 45 13 100
616 8 13 100
617 31 13 100
617 20 13 150
618 31 13 100
618 35 13 148
