2 12 31 100
3 36 22 100
3 31 47 100
3 14 7 100
3 39 47 100
3 26 31 99
4 28 35 100
4 39 47 100
4 18 47 148
5 36 22 100
5 16 31 100
6 26 20 100
6 34 21 100
7 6 31 100
8 23 47 100
8 36 22 100
8 39 47 100
9 18 31 100
9 8 26 99
9 8 33 100
10 49 42 99
10 19 7 100
10 27 35 100
10 42 43 99
11 2 22 100
11 36 22 100
11 17 20 100
11 7 13 100
12 6 31 100
13 3 31 99
13 28 35 100
14 20 22 150
14 14 46 99
14 16 31 100
15 12 31 100
15 8 26 99
16 34 21 100
16 36 22 100
16 18 31 100
17 8 42 150
17 32 25 99
17 28 35 100
18 12 31 100
18 11 20 100
18 38 47 150
18 41 2 150
18 46 13 100
18 31 22 100
18 31 47 100
18 21 2 100
18 29 2 99
18 5 2 99
19 2 22 100
19 14 43 100
19 21 2 100
19 29 2 99
19 18 31 100
19 16 2 100
20 26 31 99
20 2 26 99
21 2 22 100
22 37 7 100
22 37 13 100
22 37 20 100
22 3 31 99
22 8 46 100
23 33 36 100
23 6 31 100
23 18 22 100
25 9 46 99
25 37 20 100
25 2 22 100
26 46 13 100
26 30 48 148
26 38 48 100
26 16 31 100
26 16 48 99
27 5 33 99
27 35 47 100
27 16 31 100
27 3 21 100
27 41 22 150
27 31 47 100
28 49 42 99
28 16 43 99
29 10 4 100
29 32 25 99
29 32 26 150
29 9 46 99
30 30 20 100
30 2 22 100
31 38 7 100
31 6 31 100
31 3 41 100
32 2 22 100
32 21 13 100
32 31 18 99
32 18 31 100
33 28 35 100
33 49 42 99
33 6 31 100
34 5 20 100
34 31 22 100
34 13 21 99
34 2 26 99
35 27 48 100
35 38 48 100
35 7 48 100
36 42 3 100
36 8 33 100
36 36 22 100
37 18 22 100
37 18 31 100
37 34 21 100
38 18 18 100
38 30 18 100
38 30 20 100
38 36 18 100
38 42 43 99
39 6 31 100
39 28 7 99
39 9 46 99
39 2 22 100
40 39 47 100
40 41 31 99
40 6 47 100
41 38 7 100
41 36 22 100
42 11 20 100
42 21 13 100
42 41 31 99
42 8 26 99
43 31 22 100
43 31 47 100
43 12 31 100
43 18 47 148
44 31 35 100
44 26 31 99
45 19 4 148
45 37 22 150
45 32 25 99
46 48 43 100
46 3 31 99
46 18 47 148
46 7 13 100
47 35 33 100
47 35 47 100
47 18 18 100
47 18 22 100
47 13 21 99
48 18 31 100
48 18 47 148
48 42 20 100
48 31 47 100
48 8 26 99
49 2 22 100
49 48 0 100
49 16 31 100
50 7 13 100
51 39 35 100
52 14 7 100
52 40 22 150
52 19 4 148
52 6 31 100
53 36 22 100
53 9 33 100
53 41 20 100
53 41 31 99
54 6 31 100
54 8 13 100
54 8 26 99
54 8 43 100
55 4 46 100
55 36 22 100
56 10 4 100
56 23 4 100
56 23 47 100
56 0 31 150
56 30 35 100
56 35 47 100
57 8 33 100
57 38 47 150
58 30 20 100
58 32 25 99
58 36 22 100
59 18 22 100
59 18 31 100
59 4 46 100
59 6 47 100
60 30 35 100
60 2 26 99
61 2 22 100
61 26 31 99
61 49 42 99
62 30 31 150
62 2 22 100
63 47 43 100
63 6 31 100
63 31 42 100
63 42 36 100
64 31 22 100
64 3 21 100
64 37 13 100
65 30 20 100
65 12 31 100
65 2 26 99
66 42 18 150
66 17 18 100
66 4 18 100
66 2 22 100
67 8 46 100
67 27 38 100
67 46 38 150
67 12 31 100
68 8 33 100
68 26 20 100
68 2 22 100
68 9 41 100
69 3 21 100
69 36 3 99
69 8 13 100
69 8 26 99
69 27 38 100
69 18 38 100
70 25 18 100
70 24 11 100
70 3 31 99
70 13 38 100
70 37 7 100
70 37 22 150
71 27 38 100
71 13 38 100
71 13 43 100
71 38 38 100
72 11 46 100
72 16 31 100
72 36 22 100
73 13 25 99
73 23 47 100
73 8 13 100
73 6 47 100
74 31 22 100
74 31 42 100
74 2 26 99
74 37 20 100
75 27 0 100
75 3 31 99
76 21 49 100
76 26 18 100
76 3 18 150
76 25 18 100
77 14 42 150
78 31 22 100
78 18 31 100
78 34 21 100
79 29 38 150
79 8 13 100
79 8 26 99
79 8 43 100
79 8 46 100
79 34 38 150
80 17 20 100
80 36 22 100
80 18 31 100
81 19 7 100
81 9 33 100
81 36 22 100
81 39 47 100
81 31 47 100
82 32 25 99
82 32 41 99
82 44 42 100
83 39 35 100
83 20 20 100
83 36 22 100
84 35 47 100
84 38 47 150
85 41 31 99
85 8 26 99
86 20 20 100
86 20 22 150
86 39 35 100
86 18 31 100
87 8 46 100
87 20 38 150
87 18 38 100
88 36 22 100
88 14 43 100
88 8 13 100
88 8 33 100
88 32 41 99
89 36 22 100
90 16 31 100
90 13 21 99
90 5 20 100
90 5 49 100
91 2 22 100
91 2 26 99
91 7 25 99
92 23 47 100
92 28 35 100
92 35 47 100
92 12 31 100
93 16 31 100
93 2 22 100
93 46 11 100
93 44 42 100
94 18 31 100
94 24 48 150
94 9 33 100
94 23 48 150
94 32 48 99
95 11 20 100
95 3 21 100
95 14 7 100
95 23 47 100
95 35 47 100
96 20 38 150
96 36 2 150
96 36 22 100
96 23 2 99
96 23 47 100
96 13 38 100
96 6 2 100
96 8 2 99
96 27 38 100
96 29 2 99
97 24 4 100
97 46 4 100
97 5 2 99
97 5 7 148
97 28 7 99
97 42 7 150
97 23 2 99
97 29 2 99
98 39 47 100
98 34 38 150
98 29 38 150
98 20 22 150
98 20 43 100
98 8 13 100
98 8 26 99
98 41 31 99
98 23 47 100
98 49 42 99
99 5 49 100
100 28 35 100
100 5 20 100
100 18 22 100
100 8 46 100
101 35 33 100
101 30 18 100
101 6 31 100
101 13 21 99
101 28 7 99
102 7 25 99
102 18 22 100
103 1 38 150
103 29 38 150
103 3 31 99
103 3 41 100
103 2 26 99
104 18 22 100
104 18 31 100
104 21 13 100
105 28 4 150
105 27 38 100
105 31 47 100
105 1 38 150
106 15 35 148
106 20 20 100
106 20 22 150
106 20 43 100
106 49 42 99
106 3 31 99
107 23 47 100
107 18 47 148
107 9 33 100
107 35 47 100
108 35 47 100
108 38 47 150
108 6 49 100
109 8 26 99
109 20 22 150
110 3 31 99
110 15 36 100
110 45 13 100
110 47 3 100
111 26 20 100
111 26 31 99
111 2 22 100
111 2 46 99
112 37 7 100
113 44 21 100
113 18 22 100
113 32 25 99
114 1 38 150
114 7 38 148
114 42 18 150
114 42 43 99
114 18 18 100
114 38 18 100
115 32 41 99
115 25 18 100
115 38 18 100
115 41 22 150
115 26 18 100
115 5 33 99
116 17 20 100
116 6 31 100
116 6 49 100
116 12 7 99
116 45 13 100
117 31 22 100
118 16 31 100
118 16 48 99
118 14 48 150
119 38 47 150
119 38 48 100
119 9 33 100
119 49 26 150
119 49 42 99
119 2 22 100
120 16 13 100
120 31 47 100
120 18 47 148
120 38 7 100
121 35 47 100
121 17 20 100
121 21 35 100
121 26 31 99
122 39 35 100
122 39 47 100
122 40 22 150
122 41 31 99
122 7 38 148
122 38 38 100
123 31 22 100
123 31 47 100
124 14 43 100
124 27 38 100
124 43 49 100
124 7 25 99
124 31 42 100
125 36 22 100
125 46 13 100
125 28 7 99
126 38 38 100
126 38 47 150
126 41 31 99
126 46 38 150
126 12 31 100
126 12 33 99
127 34 21 100
127 16 31 100
127 38 18 100
127 44 42 100
127 29 11 99
128 38 47 150
128 30 20 100
128 31 22 100
128 31 47 100
129 32 41 99
129 30 35 100
129 2 22 100
129 2 26 99
129 16 31 100
130 5 7 148
130 32 0 100
131 17 18 100
131 17 20 100
131 3 18 150
131 26 18 100
131 31 22 100
132 12 31 100
132 37 13 100
132 14 42 150
132 14 43 100
132 31 22 100
133 15 36 100
133 6 31 100
134 31 22 100
135 27 38 100
135 42 3 100
135 19 38 150
135 18 38 100
135 2 26 99
136 16 48 99
136 3 21 100
136 38 48 100
136 32 48 99
136 49 42 99
137 26 31 99
137 36 22 100
137 31 42 100
137 16 13 100
138 13 25 99
138 30 20 100
138 32 41 99
139 21 49 100
139 36 22 100
139 2 26 99
140 16 31 100
140 39 47 100
140 38 47 150
141 7 13 100
141 16 43 99
141 31 22 100
141 31 42 100
142 20 20 100
143 2 22 100
143 46 11 100
144 39 35 100
144 35 33 100
144 41 31 99
144 19 7 100
145 20 25 99
145 36 22 100
145 16 13 100
145 17 46 99
145 8 26 99
146 42 20 100
147 31 22 100
147 31 42 100
148 16 31 100
149 12 7 99
149 31 22 100
149 6 49 100
150 35 33 100
150 13 43 100
150 31 22 100
151 46 13 100
151 37 41 99
151 37 48 148
151 7 48 100
152 11 20 100
152 11 48 150
152 32 11 100
152 32 25 99
152 18 22 100
153 3 31 99
153 28 7 99
153 2 26 99
154 2 22 100
154 6 31 100
154 44 21 100
154 44 42 100
155 12 33 99
155 11 20 100
155 17 18 100
155 26 18 100
155 25 18 100
155 13 18 100
156 26 31 99
156 16 13 100
157 18 22 100
157 6 49 100
158 37 7 100
158 47 3 100
158 41 31 99
158 7 38 148
158 13 38 100
159 29 35 100
159 48 43 100
159 2 22 100
160 9 27 150
160 9 33 100
160 33 27 148
160 4 27 99
161 26 31 99
161 44 21 100
161 18 22 100
161 42 36 100
162 41 31 99
163 6 47 100
163 38 7 100
163 38 38 100
163 38 47 150
163 31 22 100
163 18 37 150
163 18 38 100
163 40 37 100
163 27 38 100
163 14 37 100
164 39 18 99
164 38 3 100
164 32 25 99
165 4 46 100
165 17 20 100
165 32 26 150
165 39 47 100
165 16 13 100
165 12 37 100
165 18 22 100
165 18 37 150
165 23 47 100
165 20 37 100
165 11 37 99
166 14 37 100
166 6 47 100
166 6 49 100
166 35 47 100
166 41 37 150
166 7 38 148
166 11 37 99
167 19 38 150
167 3 21 100
167 3 41 100
167 5 37 150
167 48 43 100
167 18 22 100
167 18 37 150
167 45 37 100
168 14 37 100
168 39 47 100
168 46 37 100
168 46 38 150
168 48 38 99
168 1 37 100
168 41 31 99
168 41 37 150
168 5 33 99
168 5 37 150
169 20 22 150
169 20 37 100
169 12 7 99
169 12 37 100
169 23 47 100
169 16 13 100
170 27 38 100
170 14 7 100
170 7 38 148
170 11 7 148
170 31 47 100
170 37 7 100
171 41 44 150
171 29 44 148
171 17 46 99
171 38 38 100
171 38 44 100
171 22 44 99
171 2 22 100
171 2 26 99
171 2 44 100
172 20 20 100
172 41 31 99
172 5 33 99
173 3 18 150
173 5 18 150
173 16 13 100
174 6 31 100
174 6 49 100
174 44 22 148
175 20 25 99
176 34 38 150
176 37 20 100
176 4 46 100
176 29 38 150
176 26 31 99
176 2 22 100
176 2 26 99
177 31 22 100
177 28 7 99
177 8 43 100
177 6 31 100
178 6 31 100
178 27 35 100
178 27 38 100
178 18 38 100
178 13 38 100
179 31 22 100
179 11 20 100
179 45 13 100
180 26 31 99
181 13 21 99
181 26 31 99
181 43 49 100
182 41 22 150
182 41 31 99
182 9 33 100
183 38 7 100
183 38 38 100
183 18 31 100
183 18 38 100
183 48 38 99
183 26 20 100
184 26 31 99
184 9 46 99
184 2 22 100
184 2 26 99
184 3 21 100
185 26 31 99
185 37 7 100
186 45 42 150
186 31 22 100
186 20 43 100
186 42 11 100
187 41 20 100
188 44 21 100
189 16 31 100
189 16 38 148
189 8 26 99
189 8 46 100
189 38 38 100
189 20 22 150
190 46 13 100
190 26 20 100
190 10 41 100
191 12 31 100
191 27 38 100
191 31 22 100
191 1 38 150
191 18 38 100
191 32 25 99
192 6 31 100
192 5 33 99
193 13 18 100
193 13 43 100
193 35 3 100
193 25 18 100
193 2 22 100
193 26 18 100
193 18 18 100
194 12 31 100
194 44 21 100
194 18 22 100
194 22 16 100
195 18 18 100
195 42 18 150
195 44 42 100
195 39 18 99
195 8 26 99
196 2 22 100
196 11 20 100
196 3 31 99
197 8 46 100
197 8 48 148
197 30 48 148
197 14 7 100
197 6 49 100
198 5 37 150
198 36 22 100
199 6 31 100
199 14 37 100
199 46 13 100
199 46 37 100
199 1 37 100
199 20 37 100
200 16 31 100
200 42 20 100
200 29 35 100
200 11 37 99
200 40 37 100
201 5 37 150
201 2 22 100
201 2 26 99
201 27 38 100
201 27 48 100
201 1 37 100
201 1 38 150
201 1 48 150
201 17 48 148
201 16 31 100
201 45 37 100
202 48 38 99
202 41 31 99
202 41 37 150
202 5 37 150
202 13 38 100
202 29 38 150
202 45 37 100
202 44 22 148
202 4 46 100
202 11 37 99
203 6 31 100
203 18 37 150
203 18 38 100
203 7 38 148
203 45 37 100
203 12 37 100
204 40 37 100
204 48 43 100
204 46 37 100
204 42 20 100
204 45 37 100
204 18 22 100
204 18 37 150
204 49 42 99
205 3 21 100
205 19 7 100
205 7 13 100
205 39 35 100
206 5 49 100
206 29 35 100
206 2 22 100
207 12 7 99
207 34 38 150
207 18 38 100
207 26 7 148
208 5 7 148
208 5 33 99
208 29 35 100
208 38 3 100
208 38 38 100
208 20 25 99
209 16 31 100
209 17 46 99
209 8 26 99
209 20 22 150
210 20 20 100
210 20 38 150
210 46 38 150
211 28 7 99
211 26 31 99
211 2 22 100
211 49 42 99
212 43 13 100
212 4 18 100
212 39 18 99
212 5 18 150
212 31 22 100
212 0 43 100
213 12 4 150
213 49 35 148
213 49 42 99
213 34 38 150
213 16 38 148
214 37 20 100
214 36 22 100
214 8 26 99
215 7 38 148
215 6 49 100
215 46 38 150
216 44 21 100
216 14 7 100
216 14 46 99
216 16 31 100
216 16 38 148
216 31 22 100
216 38 38 100
218 8 46 100
218 30 20 100
218 30 35 100
218 18 22 100
219 7 13 100
220 47 43 100
220 36 22 100
221 46 38 150
221 18 22 100
221 18 38 100
221 28 7 99
223 29 38 150
223 48 38 99
223 27 38 100
223 36 22 100
224 5 7 148
224 5 20 100
224 2 26 99
224 34 21 100
224 16 13 100
224 49 42 99
225 10 49 100
226 31 22 100
226 38 38 100
226 7 38 148
227 9 46 99
228 11 20 100
228 20 22 150
228 45 13 100
229 48 43 100
229 8 26 99
229 8 42 150
229 42 11 100
230 36 22 100
231 16 38 148
231 46 38 150
232 29 38 150
232 44 21 100
232 31 22 100
232 18 38 100
233 13 38 100
233 8 26 99
234 9 33 100
234 9 41 100
234 16 13 100
234 42 20 100
234 44 42 100
234 31 22 100
235 38 3 100
236 18 22 100
236 6 49 100
237 47 43 100
237 38 38 100
237 34 38 150
237 31 22 100
238 21 13 100
240 44 21 100
240 44 22 148
241 2 26 99
242 31 22 100
242 31 35 100
242 31 42 100
242 8 46 100
242 20 20 100
243 28 7 99
243 21 49 100
244 10 4 100
244 2 22 100
244 9 33 100
244 7 13 100
245 29 44 148
245 3 44 100
245 16 44 150
245 36 22 100
245 44 44 100
246 2 26 99
246 2 44 100
246 0 43 100
247 31 22 100
247 26 20 100
247 16 38 148
247 48 38 99
248 13 38 100
248 18 38 100
248 2 46 99
248 27 38 100
249 16 13 100
249 27 38 100
249 5 33 99
249 37 7 100
250 40 22 150
251 14 7 100
252 30 20 100
252 34 21 100
252 2 22 100
253 26 11 100
253 31 22 100
253 31 42 100
254 38 7 100
254 33 42 150
255 11 37 99
255 5 37 150
255 27 38 100
255 40 37 100
255 16 38 148
255 16 43 99
255 1 37 100
255 46 37 100
256 14 37 100
256 21 41 99
256 31 22 100
256 1 37 100
256 8 26 99
257 41 20 100
257 41 37 150
257 34 38 150
257 40 37 100
257 7 13 100
257 7 38 148
257 11 37 99
258 35 3 100
258 46 37 100
258 45 37 100
258 12 37 100
259 46 37 100
259 41 37 150
259 18 22 100
259 18 37 150
259 45 37 100
259 45 42 150
259 14 37 100
260 1 37 100
260 43 49 100
260 11 37 99
260 14 37 100
260 40 37 100
261 20 20 100
261 16 13 100
262 3 21 100
262 36 22 100
263 28 7 99
263 2 26 99
263 14 43 100
264 40 22 150
264 30 20 100
265 9 33 100
265 8 13 100
266 18 22 100
266 8 26 99
267 36 2 150
267 29 2 99
267 17 2 100
267 16 2 100
267 21 2 100
267 21 49 100
267 49 42 99
268 5 2 99
268 5 20 100
268 5 33 99
268 12 7 99
268 7 38 148
268 17 2 100
268 23 2 99
268 13 38 100
268 27 38 100
268 36 22 100
269 21 13 100
270 17 46 99
270 18 22 100
272 42 43 99
272 34 38 150
272 16 38 148
272 31 22 100
273 46 13 100
273 18 22 100
274 43 26 150
274 9 41 100
275 9 33 100
275 37 20 100
275 32 11 100
275 22 9 99
276 20 38 150
276 2 22 100
276 48 38 99
278 16 38 148
278 31 22 100
278 31 42 100
278 20 20 100
278 20 38 150
279 44 21 100
279 43 13 100
280 32 48 99
280 28 7 99
280 2 22 100
280 19 38 150
280 38 38 100
280 38 48 100
280 37 48 148
280 27 38 100
280 12 33 99
281 28 35 100
281 19 38 150
281 13 38 100
282 20 22 150
282 20 43 100
282 2 26 99
283 38 7 100
283 38 38 100
283 20 38 150
284 19 38 150
284 13 21 99
284 13 38 100
284 11 20 100
284 18 22 100
284 18 38 100
285 8 13 100
285 20 4 100
285 43 4 100
285 12 7 99
286 2 22 100
286 13 11 99
287 8 33 100
288 35 3 100
288 36 22 100
288 21 49 100
290 9 46 99
291 42 20 100
291 42 43 99
292 8 26 99
293 14 7 100
293 8 33 100
294 31 42 100
296 2 26 99
296 41 20 100
296 31 42 100
297 11 4 100
297 11 46 100
297 46 4 100
299 48 43 100
299 12 7 99
299 12 33 99
300 43 13 100
302 37 7 100
302 37 20 100
303 2 46 99
304 19 7 100
306 9 7 148
306 11 20 100
307 14 43 100
307 11 4 100
309 41 33 150
310 37 20 100
310 43 26 150
313 44 42 100
314 11 46 100
314 12 7 99
316 14 43 100
316 14 46 99
317 20 20 100
318 2 26 99
318 2 46 99
319 12 7 99
321 38 48 100
321 6 48 150
321 7 48 100
321 5 20 100
322 9 33 100
324 1 48 150
324 43 4 100
324 12 48 150
324 24 4 100
324 8 26 99
326 17 20 100
326 12 7 99
326 13 43 100
327 9 33 100
328 12 7 99
329 15 36 100
330 17 46 99
332 11 20 100
333 42 42 148
334 12 7 99
334 16 43 99
335 37 13 100
336 41 2 150
336 2 26 99
336 5 2 99
337 9 33 100
337 19 7 100
337 30 20 100
337 29 2 99
337 5 2 99
337 23 2 99
338 41 2 150
338 21 2 100
340 19 7 100
340 11 20 100
340 44 42 100
341 28 7 99
342 14 46 99
343 14 7 100
344 13 43 100
345 20 20 100
346 12 33 99
347 2 26 99
347 2 46 99
350 9 33 100
351 26 20 100
351 44 42 100
351 8 26 99
352 19 7 100
352 42 43 99
354 31 42 100
354 11 20 100
356 5 4 99
357 5 33 99
358 36 7 150
359 19 4 148
360 44 42 100
360 42 43 99
361 11 20 100
361 35 14 99
362 8 13 100
362 8 26 99
363 19 15 100
364 19 46 100
365 12 7 99
365 31 42 100
368 21 26 148
369 48 43 100
369 14 46 99
369 37 20 100
372 20 20 100
373 17 46 99
374 49 42 99
376 34 39 100
376 5 33 99
376 8 26 99
376 19 7 100
377 20 43 100
378 36 7 150
378 46 4 100
378 5 4 99
379 42 20 100
380 31 42 100
381 8 33 100
382 8 26 99
385 30 20 100
385 47 43 100
386 5 33 99
387 37 7 100
388 30 20 100
389 14 3 100
390 2 26 99
391 11 7 148
393 12 33 99
394 47 43 100
394 41 20 100
397 12 33 99
398 2 26 99
398 38 7 100
399 9 33 100
399 40 15 100
400 37 7 100
400 37 20 100
401 11 46 100
402 0 43 100
403 2 26 99
403 30 20 100
404 7 13 100
405 9 7 148
406 8 33 100
407 42 20 100
410 8 26 99
410 8 43 100
411 41 20 100
413 12 7 99
413 19 46 100
414 12 33 99
414 26 20 100
417 16 7 150
417 20 4 100
417 23 4 100
418 16 43 99
418 45 42 150
420 26 20 100
420 2 26 99
421 8 33 100
423 11 20 100
423 11 46 100
426 17 20 100
426 17 46 99
427 2 26 99
427 12 7 99
427 16 43 99
428 37 48 148
428 30 48 148
430 41 2 150
430 21 2 100
430 7 48 100
430 49 42 99
430 36 2 150
430 23 2 99
431 12 33 99
431 36 2 150
432 16 2 100
432 0 20 150
432 38 7 100
432 29 2 99
433 2 26 99
434 45 13 100
435 17 46 99
435 19 7 100
437 16 43 99
437 42 20 100
437 42 42 148
440 8 26 99
440 42 20 100
441 2 46 99
443 9 46 99
443 30 20 100
446 42 43 99
447 11 46 100
447 8 26 99
449 44 42 100
450 42 7 150
450 42 20 100
450 8 33 100
451 31 42 100
452 14 7 100
453 37 7 100
453 37 20 100
453 42 43 99
456 17 20 100
456 17 46 99
456 2 26 99
456 31 42 100
458 29 2 99
458 16 2 100
459 41 2 150
459 5 2 99
459 17 2 100
459 6 2 100
459 16 2 100
460 29 2 99
460 9 46 99
461 9 33 100
462 12 4 150
462 8 26 99
463 26 20 100
463 47 43 100
464 38 7 100
465 14 46 99
467 44 42 100
468 28 7 99
468 37 20 100
469 35 33 100
470 2 26 99
471 8 43 100
471 41 20 100
472 4 46 100
476 19 7 100
476 19 46 100
477 8 26 99
477 17 20 100
477 41 36 99
478 37 13 100
480 16 43 99
480 14 3 100
482 44 42 100
482 6 2 100
482 16 2 100
483 28 7 99
483 41 2 150
483 41 20 100
483 9 46 99
483 8 2 99
483 8 26 99
483 16 2 100
484 23 2 99
484 41 2 150
486 30 20 100
486 49 42 99
486 9 33 100
488 9 7 148
488 36 2 150
488 29 2 99
489 16 2 100
490 41 2 150
490 6 2 100
490 8 2 99
490 8 26 99
490 8 43 100
490 29 2 99
491 30 20 100
491 49 42 99
493 8 33 100
494 37 20 100
495 31 42 100
496 8 26 99
497 8 46 100
498 16 43 99
499 11 20 100
500 8 26 99
501 37 7 100
502 35 33 100
504 23 48 150
504 8 48 148
504 26 20 100
507 16 43 99
508 14 46 99
508 7 26 148
509 26 20 100
510 5 33 99
510 31 42 100
511 12 7 99
512 12 7 99
512 4 46 100
513 42 15 100
514 41 20 100
515 19 7 100
515 9 33 100
516 14 43 100
518 2 26 99
519 20 16 100
519 20 20 100
519 8 33 100
520 8 13 100
522 41 20 100
522 1 48 150
522 27 48 100
522 7 48 100
523 36 7 150
525 0 43 100
525 8 26 99
526 2 46 99
526 42 20 100
527 23 2 99
527 6 2 100
527 5 2 99
527 17 2 100
527 41 2 150
528 7 39 100
528 17 2 100
528 16 2 100
528 23 2 99
530 8 46 100
530 26 20 100
531 28 7 99
533 8 26 99
534 16 43 99
534 20 20 100
535 33 42 150
535 37 7 100
536 12 33 99
537 7 48 100
537 12 48 150
537 32 48 99
538 38 7 100
538 42 20 100
539 14 46 99
539 8 26 99
541 41 20 100
541 35 33 100
543 16 43 99
544 8 26 99
544 47 3 100
545 42 20 100
545 45 13 100
547 2 46 99
548 31 42 100
548 19 7 100
549 9 33 100
550 30 20 100
550 31 42 100
552 13 43 100
553 38 7 100
554 31 42 100
554 8 26 99
555 41 20 100
555 19 7 100
558 9 33 100
559 20 20 100
560 2 26 99
560 8 43 100
561 37 7 100
561 4 46 100
562 17 20 100
563 8 33 100
564 19 7 100
565 11 48 150
565 38 7 100
565 38 48 100
565 1 48 150
567 42 20 100
569 9 33 100
569 16 43 99
570 26 20 100
570 14 7 100
571 8 26 99
572 47 42 150
573 30 20 100
574 42 36 100
578 9 46 99
578 8 13 100
578 8 26 99
578 7 25 99
578 37 22 150
579 48 43 100
579 26 31 99
580 12 7 99
580 12 48 150
580 18 22 100
580 8 13 100
580 8 48 148
581 11 7 148
581 26 7 148
582 2 22 100
582 41 31 99
582 28 7 99
583 11 20 100
583 8 13 100
583 8 33 100
584 31 22 100
585 3 31 99
585 2 26 99
586 20 20 100
586 7 13 100
586 44 22 148
587 12 31 100
588 9 46 99
588 8 26 99
588 8 43 100
589 12 33 99
589 36 22 100
589 13 25 99
589 10 49 100
589 5 20 100
590 45 13 100
590 47 3 100
590 19 7 100
591 3 21 100
591 3 31 99
592 2 22 100
592 41 31 99
593 17 18 100
593 3 18 150
593 38 18 100
593 31 22 100
594 44 42 100
595 36 22 100
595 37 20 100
595 37 35 99
595 35 33 100
595 3 31 99
596 39 45 100
596 2 22 100
596 2 26 99
596 2 45 150
596 42 43 99
596 29 45 100
597 13 21 99
597 39 45 100
598 44 42 100
598 41 20 100
599 31 22 100
599 20 7 150
599 20 25 99
600 18 31 100
601 6 31 100
602 18 22 100
602 31 42 100
602 2 26 99
602 34 21 100
603 16 13 100
603 4 46 100
604 8 33 100
604 41 20 100
604 16 43 99
606 44 22 148
606 45 13 100
606 8 26 99
607 18 22 100
608 41 31 99
608 35 3 100
609 32 25 99
609 41 31 99
609 45 13 100
609 2 22 100
609 31 35 100
610 16 31 100
610 35 33 100
611 21 35 100
611 21 49 100
611 2 22 100
611 12 31 100
612 21 35 100
612 2 26 99
613 16 31 100
613 16 43 99
613 35 33 100
613 37 35 99
614 20 20 100
614 12 7 99
614 12 31 100
615 5 4 99
616 10 49 100
616 44 21 100
616 44 22 148
617 18 22 100
617 20 7 150
617 36 3 99
617 36 7 150
617 12 7 99
618 31 42 100
618 16 31 100
619 28 7 99
619 44 21 100
619 19 46 100
619 17 18 100
619 4 18 100
619 30 18 100
620 26 20 100
620 41 22 150
620 2 26 99
620 28 35 100
621 42 43 99
621 20 25 99
622 7 13 100
622 5 49 100
622 36 22 100
623 20 20 100
623 45 31 150
624 42 31 148
624 35 33 100
624 36 22 100
625 17 18 100
625 38 18 100
625 5 18 150
626 12 31 100
626 14 46 99
626 40 22 150
627 2 26 99
627 13 21 99
628 31 22 100
628 31 35 100
628 8 31 148
628 22 44 99
628 15 44 150
628 21 44 150
629 49 35 148
629 8 26 99
629 15 44 150
629 10 49 100
630 0 43 100
630 41 20 100
630 41 31 99
630 7 13 100
631 2 22 100
631 2 46 99
631 35 3 100
632 16 31 100
633 2 22 100
633 16 31 100
634 44 42 100
634 36 22 100
635 16 13 100
636 16 31 100
636 19 26 148
636 36 22 100
637 43 49 100
637 5 20 100
637 5 33 99
637 3 21 100
638 11 46 100
638 32 25 99
639 44 22 148
639 8 43 100
640 33 42 150
640 16 31 100
641 2 26 99
641 21 13 100
641 11 20 100
642 31 22 100
643 32 25 99
643 36 22 100
644 46 13 100
645 20 20 100
645 6 31 100
646 40 22 150
646 13 21 99
647 16 13 100
647 16 43 99
647 2 26 99
648 11 20 100
648 11 48 150
648 44 42 100
648 1 48 150
648 12 7 99
649 32 48 99
649 2 22 100
649 26 31 99
650 12 31 100
650 12 33 99
651 16 13 100
651 20 20 100
652 2 22 100
652 48 38 99
652 29 38 150
652 41 31 99
653 13 25 99
654 9 46 99
654 40 22 150
656 49 26 150
656 49 42 99
656 37 20 100
656 47 43 100
657 16 13 100
657 13 21 99
658 40 22 150
658 41 31 99
658 26 11 100
659 42 11 100
659 12 31 100
660 5 20 100
660 29 38 150
660 34 38 150
660 6 31 100
661 12 31 100
661 20 22 150
661 13 21 99
662 12 33 99
662 32 25 99
662 32 41 99
663 21 13 100
663 21 26 148
663 5 20 100
663 3 31 99
663 41 22 150
664 37 35 99
665 11 48 150
665 18 22 100
665 1 48 150
666 26 31 99
666 8 43 100
666 14 7 100
666 49 42 99
667 2 22 100
667 44 42 100
667 19 7 100
668 9 46 99
668 3 31 99
669 38 38 100
669 45 13 100
669 9 33 100
669 31 22 100
669 48 38 99
669 13 38 100
670 9 41 100
670 8 26 99
670 21 35 100
671 20 20 100
671 20 22 150
671 20 25 99
672 1 38 150
672 13 38 100
672 5 33 99
673 45 13 100
673 13 38 100
673 27 38 100
673 34 38 150
674 26 18 100
674 37 22 150
674 34 18 150
674 48 43 100
674 17 18 100
675 38 18 100
675 25 18 100
675 20 20 100
675 17 18 100
675 13 18 100
676 25 18 100
676 2 22 100
676 2 26 99
676 21 13 100
676 30 18 100
676 42 18 150
677 46 38 150
677 41 31 99
677 48 38 99
677 12 48 150
677 30 48 148
677 32 48 99
678 2 22 100
678 5 20 100
678 27 38 100
678 31 42 100
679 31 35 100
679 16 31 100
680 4 46 100
680 2 22 100
680 2 26 99
681 16 31 100
681 16 38 148
681 27 38 100
681 13 21 99
682 18 18 100
682 18 22 100
682 42 18 150
682 25 18 100
682 43 13 100
683 16 43 99
683 32 25 99
683 11 20 100
684 26 31 99
684 37 22 150
684 37 35 99
684 14 46 99
685 3 31 99
685 3 41 100
685 28 7 99
685 28 9 100
685 31 42 100
686 28 35 100
687 2 22 100
687 2 26 99
687 2 46 99
687 16 31 100
688 18 31 100
688 16 13 100
689 44 22 148
689 46 11 100
689 13 18 100
689 39 18 99
689 38 3 100
689 38 18 100
691 17 18 100
691 17 20 100
691 26 18 100
691 39 18 99
691 46 13 100
691 42 43 99
691 36 18 100
691 36 22 100
692 8 26 99
693 18 22 100
693 18 31 100
693 18 38 100
693 16 38 148
693 20 4 100
693 4 4 148
693 48 38 99
694 9 33 100
695 7 13 100
695 31 22 100
696 49 42 99
696 26 31 99
696 34 21 100
696 32 41 99
697 41 22 150
697 41 31 99
697 36 3 99
698 42 20 100
698 38 38 100
698 3 31 99
699 8 26 99
699 8 46 100
699 1 38 150
699 36 22 100
699 32 25 99
700 12 7 99
700 12 31 100
700 16 13 100
700 16 38 148
700 16 43 99
700 18 38 100
700 27 38 100
701 1 38 150
701 29 38 150
702 5 20 100
702 5 33 99
702 16 31 100
702 31 22 100
702 2 26 99
703 28 7 99
703 31 42 100
703 29 38 150
703 18 38 100
704 19 38 150
704 3 21 100
704 34 38 150
704 36 22 100
706 26 20 100
706 26 31 99
706 37 13 100
706 37 22 150
707 26 31 99
708 38 7 100
708 38 38 100
708 29 38 150
708 23 16 100
708 32 25 99
708 20 43 100
709 38 38 100
709 3 31 99
709 27 38 100
709 13 38 100
709 31 22 100
709 9 33 100
710 1 38 150
710 13 21 99
710 13 38 100
711 45 13 100
711 18 22 100
711 18 31 100
711 18 38 100
711 38 38 100
711 8 26 99
711 19 38 150
712 11 20 100
713 36 22 100
713 16 31 100
713 16 38 148
713 29 35 100
713 29 38 150
714 38 3 100
714 18 22 100
714 2 26 99
715 29 35 100
715 16 13 100
715 16 31 100
716 8 42 150
716 8 43 100
716 2 22 100
716 18 31 100
716 28 4 150
717 20 38 150
717 7 38 148
717 31 22 100
718 10 41 100
719 1 38 150
719 9 46 99
719 5 20 100
719 36 22 100
719 8 26 99
719 20 38 150
719 6 31 100
720 3 31 99
721 8 13 100
721 8 33 100
721 20 25 99
721 31 22 100
722 30 20 100
722 41 31 99
723 48 38 99
723 13 21 99
723 13 38 100
723 29 38 150
723 3 31 99
723 9 46 99
724 39 35 100
724 44 22 148
725 44 42 100
725 7 38 148
725 41 31 99
725 20 38 150
726 16 38 148
726 16 43 99
726 34 38 150
726 2 22 100
726 2 26 99
728 23 48 150
728 46 13 100
728 46 38 150
728 12 48 150
728 26 20 100
728 32 48 99
728 36 22 100
729 27 38 100
729 41 31 99
729 37 7 100
729 16 38 148
729 46 38 150
730 41 31 99
730 8 33 100
730 2 22 100
731 18 31 100
732 13 38 100
732 20 22 150
732 20 38 150
732 27 38 100
732 16 13 100
732 16 31 100
733 6 31 100
733 31 42 100
733 42 20 100
733 2 26 99
734 27 38 100
734 20 25 99
734 20 38 150
734 17 46 99
734 36 22 100
735 20 43 100
735 41 31 99
735 2 26 99
735 3 21 100
736 31 22 100
736 10 41 100
736 16 31 100
736 37 7 100
737 31 42 100
737 42 20 100
738 37 7 100
738 6 31 100
738 2 22 100
738 5 33 99
739 3 21 100
739 3 31 99
740 7 13 100
740 28 4 150
741 41 22 150
741 41 31 99
742 38 38 100
742 18 38 100
742 1 38 150
742 5 33 99
743 27 38 100
743 11 20 100
743 11 46 100
743 14 43 100
743 38 38 100
743 13 38 100
744 27 48 100
744 12 48 150
744 7 48 100
744 36 22 100
744 8 26 99
745 27 48 100
745 7 25 99
745 7 48 100
745 17 48 148
745 18 22 100
745 34 21 100
746 42 11 100
746 32 48 99
746 23 48 150
746 41 31 99
747 38 48 100
747 2 22 100
747 41 31 99
748 38 38 100
748 16 38 148
748 44 21 100
749 25 18 100
749 9 7 148
749 9 33 100
749 20 38 150
749 39 18 99
749 46 38 150
749 35 3 100
749 42 18 150
750 8 26 99
750 18 22 100
751 18 22 100
751 49 42 99
751 10 41 100
752 8 7 148
752 8 46 100
752 3 21 100
752 9 7 148
752 42 3 100
753 21 2 100
753 21 13 100
753 20 22 150
753 8 2 99
753 3 31 99
753 16 2 100
753 29 2 99
754 41 2 150
754 41 20 100
754 41 31 99
754 8 2 99
754 8 26 99
754 36 2 150
754 44 42 100
755 2 22 100
755 5 18 150
755 39 18 99
755 16 43 99
755 36 18 100
756 12 31 100
756 7 13 100
757 14 3 100
757 26 31 99
757 31 35 100
758 36 22 100
758 26 31 99
759 35 47 100
759 9 41 100
759 31 18 99
759 31 22 100
759 31 47 100
759 37 20 100
759 30 18 100
759 36 18 100
759 39 18 99
760 31 42 100
760 8 26 99
761 43 13 100
761 29 38 150
761 18 22 100
761 18 38 100
762 44 42 100
762 11 20 100
762 7 25 99
763 18 22 100
763 18 31 100
763 3 21 100
764 16 43 99
765 16 2 100
765 16 31 100
765 41 2 150
765 11 46 100
765 14 7 100
765 12 33 99
766 11 48 150
766 20 22 150
766 6 2 100
766 6 31 100
766 6 47 100
766 6 48 150
766 31 47 100
767 39 35 100
767 18 22 100
767 18 26 150
767 18 31 100
767 18 38 100
767 34 38 150
767 6 2 100
767 20 20 100
767 31 35 100
767 8 2 99
767 38 38 100
768 31 47 100
768 41 2 150
768 35 47 100
769 38 38 100
769 23 2 99
769 8 2 99
769 8 13 100
769 1 38 150
769 31 22 100
769 41 2 150
769 17 2 100
770 46 38 150
770 18 31 100
770 18 38 100
770 21 2 100
770 37 20 100
770 34 21 100
771 2 22 100
771 13 38 100
771 21 2 100
771 8 2 99
771 8 33 100
771 12 31 100
771 5 2 99
772 41 2 150
772 21 41 99
772 33 42 150
773 14 48 150
773 8 13 100
773 8 26 99
773 8 48 148
773 32 25 99
773 32 48 99
774 18 22 100
775 17 20 100
775 38 47 150
775 23 47 100
776 18 22 100
776 18 31 100
776 42 43 99
776 13 21 99
777 1 38 150
777 3 31 99
777 20 38 150
777 38 47 150
777 35 47 100
778 6 11 99
778 6 31 100
778 9 46 99
779 30 35 100
779 16 31 100
779 40 22 150
779 23 47 100
779 6 47 100
780 21 26 148
780 21 41 99
780 6 31 100
781 20 20 100
781 15 44 150
781 35 3 100
781 35 47 100
781 23 47 100
781 44 44 100
781 43 13 100
781 31 22 100
781 38 44 100
782 43 31 150
782 6 18 100
782 6 44 100
782 6 48 150
782 9 44 100
782 9 46 99
782 2 44 100
782 30 48 148
782 18 38 100
783 30 31 150
783 23 47 100
783 1 38 150
783 9 33 100
783 36 22 100
784 23 47 100
784 44 21 100
785 37 7 100
785 37 20 100
785 36 22 100
785 6 47 100
785 15 36 100
786 20 25 99
786 20 38 150
786 20 43 100
786 8 26 99
786 27 38 100
786 18 22 100
786 18 38 100
786 18 47 148
786 9 46 99
787 20 38 150
787 6 47 100
787 8 13 100
787 1 38 150
788 26 20 100
788 26 31 99
788 39 47 100
788 45 42 150
789 6 47 100
789 1 38 150
789 44 22 148
789 38 38 100
789 38 47 150
790 27 38 100
790 35 33 100
790 35 47 100
790 19 38 150
790 13 38 100
790 18 31 100
791 2 22 100
791 2 26 99
791 41 31 99
791 13 21 99
793 7 13 100
793 26 20 100
793 36 22 100
793 19 7 100
794 10 41 100
794 49 42 99
794 11 0 99
795 16 43 99
795 7 25 99
795 38 47 150
795 18 22 100
795 5 33 99
796 41 20 100
796 41 31 99
796 20 38 150
796 8 26 99
796 46 38 150
796 2 22 100
797 16 31 100
798 43 13 100
798 7 38 148
798 18 22 100
798 18 31 100
798 18 38 100
799 17 2 100
799 17 20 100
799 36 2 150
799 29 2 99
799 47 42 150
799 21 2 100
799 5 2 99
799 12 31 100
799 41 2 150
800 44 21 100
800 21 2 100
800 18 22 100
801 2 26 99
802 31 22 100
803 1 38 150
803 16 13 100
803 16 31 100
803 16 38 148
803 18 22 100
804 18 18 100
804 18 31 100
804 18 38 100
804 7 38 148
804 47 43 100
805 37 41 99
805 2 22 100
805 6 31 100
806 5 20 100
806 12 31 100
806 31 35 100
806 31 47 100
806 18 47 148
807 37 13 100
807 36 22 100
807 6 31 100
807 2 26 99
808 20 38 150
808 12 33 99
808 13 38 100
809 30 20 100
809 14 7 100
809 7 25 99
809 36 22 100
809 13 38 100
810 33 36 100
810 7 38 148
810 27 38 100
810 26 31 99
811 3 21 100
811 37 22 150
812 0 43 100
812 39 47 100
812 45 13 100
812 31 47 100
813 18 22 100
813 42 11 100
814 35 33 100
814 35 47 100
814 41 31 99
814 23 47 100
814 14 42 150
814 31 47 100
815 19 38 150
815 13 38 100
815 42 20 100
815 27 38 100
815 18 22 100
816 26 31 99
816 31 47 100
816 17 46 99
816 43 26 150
816 23 47 100
817 36 22 100
817 12 31 100
818 32 11 100
818 18 47 148
818 44 21 100
818 12 7 99
818 23 47 100
819 41 20 100
819 41 31 99
819 44 42 100
819 38 47 150
819 39 47 100
820 46 13 100
820 40 22 150
821 9 46 99
821 42 3 100
821 42 43 99
821 32 25 99
821 28 7 99
821 12 31 100
822 36 22 100
822 1 38 150
822 18 38 100
823 34 38 150
823 38 38 100
823 38 47 150
823 18 38 100
823 2 26 99
824 18 22 100
824 44 42 100
824 21 35 100
825 5 7 148
825 5 20 100
825 32 41 99
825 21 13 100
825 11 7 148
826 30 35 100
827 41 22 150
827 41 31 99
827 29 11 99
827 17 48 148
827 27 48 100
827 6 48 150
828 42 18 150
828 42 20 100
828 25 18 100
828 16 38 148
828 18 18 100
828 18 22 100
828 18 38 100
828 11 46 100
828 44 21 100
828 39 18 99
829 16 38 148
829 38 38 100
829 2 26 99
829 7 25 99
830 36 22 100
830 13 38 100
830 13 43 100
830 31 42 100
831 41 31 99
831 31 42 100
832 14 7 100
832 14 46 99
832 31 22 100
833 38 47 150
833 6 31 100
833 6 47 100
833 13 21 99
834 3 31 99
834 6 47 100
834 2 22 100
834 2 26 99
834 45 13 100
834 35 33 100
834 35 47 100
834 17 20 100
835 3 31 99
835 39 47 100
836 23 47 100
836 6 31 100
836 6 47 100
836 44 22 148
836 44 42 100
837 34 21 100
837 10 41 100
838 7 48 100
838 23 47 100
838 23 48 150
838 37 20 100
838 35 47 100
839 39 47 100
839 31 22 100
839 31 42 100
839 31 47 100
839 2 26 99
839 20 38 150
839 16 2 100
839 16 38 148
839 16 48 99
840 29 2 99
840 5 2 99
840 37 13 100
840 21 2 100
840 13 25 99
840 13 43 100
840 6 2 100
841 21 2 100
841 21 35 100
841 41 2 150
841 41 22 150
841 31 18 99
841 34 18 150
841 16 2 100
841 17 18 100
842 42 20 100
842 6 31 100
843 9 7 148
843 44 21 100
843 26 31 99
843 36 22 100
844 8 26 99
844 27 35 100
845 18 31 100
845 31 42 100
845 9 41 100
846 31 22 100
846 5 20 100
847 2 22 100
847 38 38 100
847 38 47 150
847 29 38 150
847 9 33 100
848 39 47 100
848 48 43 100
848 44 21 100
848 44 42 100
849 37 13 100
849 41 31 99
849 36 22 100
850 31 18 99
850 35 3 100
850 32 25 99
851 43 26 150
851 27 35 100
851 18 22 100
852 42 20 100
852 39 35 100
852 21 2 100
852 36 2 150
852 5 2 99
853 26 31 99
853 5 2 99
853 28 35 100
853 31 22 100
853 15 36 100
853 46 38 150
853 34 38 150
854 2 22 100
854 43 13 100
854 16 2 100
854 16 31 100
854 5 2 99
855 17 2 100
855 17 20 100
855 17 46 99
855 16 2 100
855 16 31 100
855 6 11 99
856 36 22 100
857 24 48 150
857 3 18 150
857 23 48 150
857 5 18 150
857 5 33 99
857 2 26 99
858 4 18 100
858 36 22 100
859 3 21 100
859 3 41 100
859 42 43 99
860 36 22 100
860 6 31 100
861 21 13 100
861 11 20 100
861 16 31 100
862 13 0 100
862 13 25 99
862 38 7 100
862 37 22 150
863 43 13 100
864 14 37 100
864 40 37 100
864 36 22 100
864 5 20 100
864 5 37 150
864 6 31 100
864 8 26 99
864 18 37 150
865 2 46 99
865 16 31 100
865 45 37 100
865 41 37 150
865 1 37 100
865 12 37 100
865 40 37 100
866 14 37 100
866 41 37 150
866 11 37 99
866 45 37 100
866 18 37 150
867 46 37 100
867 1 37 100
867 5 37 150
867 18 37 150
868 18 37 150
868 5 37 150
