3 34 42 100
4 26 20 100
4 46 3 99
5 25 43 100
7 5 0 100
7 23 20 100
7 36 42 99
9 30 43 100
10 7 43 150
10 18 40 99
11 13 3 100
11 32 36 100
11 12 36 99
12 23 20 100
13 34 42 100
13 38 20 100
13 39 32 100
14 21 0 99
14 28 42 100
15 43 31 99
16 23 20 100
17 13 21 99
18 46 3 99
18 38 20 100
19 12 40 99
19 12 43 150
20 49 3 150
21 40 0 100
21 28 42 100
21 27 21 99
22 42 19 100
22 37 20 100
23 36 42 99
23 46 43 148
23 42 21 99
23 30 43 100
25 26 20 100
26 28 36 150
26 27 21 99
26 44 31 100
27 12 32 99
27 12 43 150
27 20 19 100
28 12 40 99
29 11 36 99
29 26 20 100
29 26 36 100
29 13 3 100
29 13 21 99
31 26 20 100
31 46 3 99
32 20 0 100
32 46 43 148
33 32 36 100
33 19 21 100
33 17 42 100
33 14 36 150
35 45 31 100
35 38 20 100
36 9 3 100
37 19 21 100
37 19 43 99
37 42 43 150
37 43 0 100
38 23 20 100
38 42 40 100
39 36 42 99
40 42 21 99
40 42 32 100
41 26 20 100
41 11 19 100
42 46 43 148
42 24 42 100
43 30 31 100
43 43 21 100
44 11 19 100
44 23 20 100
46 0 21 100
46 47 3 100
46 12 43 150
46 4 43 100
47 49 40 99
47 42 19 100
48 23 20 100
49 44 21 100
49 44 31 100
50 31 32 100
50 30 43 100
51 0 0 100
52 11 19 100
52 42 21 99
52 26 20 100
53 43 31 99
54 30 43 100
54 13 3 100
54 25 43 100
55 37 36 150
55 7 43 150
55 26 36 100
55 31 21 100
56 20 19 100
56 20 40 100
56 23 20 100
56 45 36 99
56 8 36 100
58 0 21 100
58 30 43 100
59 17 42 100
59 26 20 100
61 37 20 100
61 25 31 100
61 12 0 100
61 27 21 99
62 49 32 100
63 24 42 100
63 37 20 100
64 35 19 100
65 13 21 99
65 46 40 100
66 14 36 150
66 38 20 100
67 43 31 99
68 37 20 100
68 42 19 100
69 27 21 99
69 46 3 99
70 28 42 100
71 26 20 100
72 49 0 100
73 16 21 100
73 23 20 100
74 4 43 100
74 46 3 99
74 46 40 100
74 39 32 100
75 25 43 100
76 0 21 100
76 2 42 148
76 25 43 100
77 47 3 100
78 11 19 100
78 34 31 100
78 42 43 150
78 30 43 100
79 23 20 100
79 27 21 99
81 1 0 100
81 46 3 99
81 37 20 100
82 44 21 100
83 46 40 100
84 23 20 100
85 9 3 100
85 31 21 100
85 31 32 100
86 23 20 100
87 13 17 100
88 16 21 100
88 44 31 100
88 6 0 100
89 23 20 100
90 25 43 100
90 19 43 99
91 31 21 100
92 20 40 100
92 38 20 100
92 46 3 99
93 33 42 100
94 0 21 100
94 35 19 100
95 44 31 100
95 1 0 100
95 8 43 100
95 19 43 99
96 37 20 100
96 36 42 99
97 28 42 100
97 44 21 100
98 23 20 100
99 30 43 100
99 11 19 100
100 43 21 100
100 19 43 99
101 22 32 99
101 47 3 100
101 19 43 99
102 12 40 99
102 8 43 100
103 43 21 100
103 26 20 100
104 24 31 99
105 31 0 100
106 31 21 100
106 31 36 150
106 30 26 100
106 36 42 99
106 38 20 100
106 11 36 99
107 46 29 100
107 26 41 99
108 42 43 150
108 0 26 100
108 47 26 100
108 20 4 100
109 45 31 100
109 8 43 100
109 16 21 100
109 4 43 100
110 35 19 100
110 30 26 100
110 44 26 150
110 12 40 99
110 38 20 100
111 10 29 99
111 17 42 100
112 20 13 100
112 20 26 150
112 20 32 100
112 31 13 100
112 31 21 100
112 32 13 150
112 22 13 100
112 30 13 100
112 38 20 100
113 30 13 100
113 40 0 100
113 29 10 100
113 44 10 150
114 2 36 100
114 45 36 99
114 13 3 100
114 32 12 100
115 43 21 100
115 30 26 100
115 30 43 100
115 11 26 100
115 19 43 99
116 26 20 100
116 46 3 99
117 49 29 100
117 46 12 99
118 13 3 100
118 13 21 99
118 47 19 100
118 48 41 100
118 38 20 100
119 20 40 100
119 49 36 148
120 1 0 100
120 12 36 99
120 12 43 150
120 31 36 150
120 10 29 99
121 26 13 99
121 30 13 100
121 30 43 100
121 19 13 99
121 19 21 100
121 19 43 99
121 49 13 100
121 20 13 100
122 43 31 99
122 19 13 99
122 20 13 100
122 29 41 100
123 47 26 100
123 4 26 100
123 37 20 100
124 28 42 100
124 16 21 100
124 46 12 99
125 10 29 99
125 4 0 100
125 37 20 100
126 26 41 99
127 7 10 100
127 20 26 150
127 31 21 100
127 43 31 99
127 49 10 99
127 44 10 150
127 4 26 100
128 49 40 99
128 24 42 100
128 37 20 100
129 7 41 99
129 39 14 99
130 36 42 99
130 37 20 100
130 37 36 150
130 11 36 99
130 27 21 99
131 13 3 100
131 20 32 100
131 24 29 100
131 7 41 99
132 20 0 100
133 44 21 100
133 4 43 100
133 32 36 100
133 47 36 100
134 44 26 150
134 8 43 100
135 24 31 99
135 0 13 100
135 39 13 150
135 30 13 100
135 4 13 100
136 47 19 100
136 47 20 150
136 48 13 99
136 48 41 100
136 26 13 99
136 49 29 100
136 4 43 100
136 19 21 100
136 19 43 99
137 44 12 100
137 20 40 100
139 38 20 100
139 43 21 100
139 46 29 100
140 26 41 99
140 33 42 100
140 25 43 100
140 8 43 100
141 46 43 148
141 32 13 150
141 32 36 100
141 18 13 100
141 18 19 100
141 22 13 100
141 19 13 99
141 20 13 100
141 31 13 100
142 27 21 99
142 30 13 100
142 30 43 100
142 47 36 100
142 8 43 100
142 32 12 100
142 32 13 150
142 49 13 100
142 6 13 100
142 22 13 100
142 0 13 100
143 25 31 100
143 20 32 100
143 48 41 100
144 6 13 100
144 32 13 150
144 4 13 100
144 4 43 100
144 19 13 99
144 19 43 99
144 20 13 100
145 48 13 99
145 48 41 100
145 21 0 99
145 20 13 100
145 7 43 150
145 31 21 100
146 42 40 100
146 28 42 100
146 39 4 99
146 10 29 99
146 23 20 100
148 10 29 99
148 44 21 100
148 20 19 100
149 15 23 100
149 16 10 99
149 48 41 100
149 9 3 100
149 44 10 150
150 37 20 100
151 47 3 100
151 0 21 100
151 37 20 100
151 35 41 100
152 49 10 99
152 47 3 100
152 12 10 100
152 42 10 148
153 24 31 99
153 42 10 148
153 8 10 99
154 43 21 100
154 44 26 150
154 11 19 100
154 11 26 100
154 26 20 100
155 10 29 99
155 20 40 100
155 44 12 100
156 48 41 100
156 37 20 100
156 37 30 100
157 0 0 100
157 0 21 100
157 34 42 100
158 24 31 99
158 35 41 100
158 39 32 100
158 7 10 100
158 41 10 100
158 18 10 100
159 37 20 100
159 41 10 100
159 25 43 100
159 0 10 100
159 49 10 99
159 18 19 100
160 43 21 100
160 29 41 100
160 49 29 100
161 26 20 100
162 12 43 150
163 42 21 99
163 49 29 100
163 43 31 99
164 30 36 150
164 12 36 99
164 12 40 99
164 42 19 100
165 37 20 100
165 14 18 100
165 48 41 100
166 13 21 99
166 10 29 99
166 30 43 100
166 25 43 100
167 46 43 148
167 11 19 100
168 46 12 99
169 35 41 100
169 31 0 100
169 38 20 100
169 46 29 100
169 1 42 150
170 0 21 100
171 46 37 150
171 10 4 100
172 24 29 100
172 6 41 100
172 13 3 100
173 41 26 148
173 4 43 100
173 31 32 100
173 49 40 99
173 37 20 100
173 8 43 100
174 19 21 100
174 18 19 100
175 46 29 100
175 46 43 148
175 29 41 100
175 25 31 100
176 11 36 99
176 34 42 100
176 8 36 100
176 37 20 100
177 9 23 100
177 42 19 100
177 42 21 99
178 35 41 100
179 25 43 100
179 23 20 100
180 16 21 100
180 16 30 100
180 13 3 100
180 48 41 100
181 37 36 150
181 25 43 100
181 24 29 100
181 32 12 100
182 12 40 99
182 35 19 100
182 23 20 100
183 27 21 99
183 34 31 100
183 47 26 100
183 12 26 100
185 20 0 100
185 20 26 150
185 42 43 150
185 49 29 100
185 25 43 100
186 38 20 100
186 44 21 100
187 22 13 100
187 22 32 99
187 25 41 150
187 6 13 100
187 31 13 100
187 19 13 99
187 0 13 100
188 0 13 100
188 19 43 99
188 30 31 100
188 30 43 100
189 26 20 100
189 26 41 99
189 42 21 99
190 49 13 100
190 48 13 99
190 11 19 100
190 20 13 100
191 34 42 100
191 26 13 99
191 48 13 99
191 22 13 100
191 19 13 99
192 7 41 99
192 1 13 150
192 39 13 150
192 14 18 100
192 49 13 100
192 49 40 99
192 44 21 100
192 31 13 100
192 18 13 100
193 23 0 100
193 23 20 100
193 19 13 99
193 19 43 99
193 48 26 150
193 36 42 99
193 46 29 100
193 11 26 100
195 8 43 100
195 47 3 100
195 16 21 100
195 42 43 150
196 23 20 100
197 42 19 100
197 42 32 100
197 24 14 99
197 24 31 99
198 45 26 100
198 44 21 100
198 49 13 100
198 48 13 99
198 30 13 100
198 30 26 100
198 22 13 100
199 13 3 100
199 19 13 99
199 48 13 99
199 49 13 100
199 49 29 100
199 49 36 148
199 32 36 100
199 39 23 99
200 19 20 150
200 28 42 100
200 43 12 100
200 20 40 100
201 25 43 100
201 16 21 100
201 16 30 100
201 4 43 100
202 13 3 100
202 0 0 100
202 26 41 99
203 37 20 100
203 44 12 100
204 8 43 100
204 25 43 100
204 19 21 100
204 49 29 100
205 33 42 100
205 7 43 150
206 46 43 148
207 44 21 100
207 6 41 100
207 11 19 100
208 31 13 100
208 19 13 99
208 19 43 99
208 46 3 99
208 46 43 148
208 28 13 150
208 39 13 150
209 30 13 100
209 10 29 99
210 38 20 100
210 36 42 99
210 27 21 99
210 12 32 99
210 12 40 99
211 16 26 150
211 42 19 100
211 42 43 150
211 43 12 100
212 43 31 99
212 44 26 150
212 11 26 100
212 46 29 100
213 36 26 150
213 36 42 99
213 27 21 99
214 22 13 100
214 47 19 100
214 23 20 100
214 19 13 99
214 19 43 99
214 20 13 100
214 1 13 150
215 46 3 99
215 19 13 99
215 19 43 99
215 28 13 150
215 29 41 100
216 43 21 100
216 34 42 100
217 0 10 100
217 16 10 99
217 41 10 100
218 20 0 100
218 7 41 99
218 7 43 150
218 23 20 100
219 18 19 100
219 18 40 99
219 19 21 100
220 16 30 100
220 23 20 100
220 24 29 100
220 24 31 99
221 16 3 150
221 6 37 99
221 6 41 100
221 46 37 150
223 39 13 150
223 43 21 100
223 19 13 99
223 31 13 100
223 26 13 99
223 26 20 100
223 4 13 100
223 30 13 100
224 42 32 100
224 48 41 100
225 14 18 100
225 30 13 100
225 18 13 100
225 18 19 100
225 20 13 100
225 19 13 99
225 26 13 99
225 26 20 100
226 44 10 150
226 44 21 100
226 29 10 100
226 29 41 100
226 48 13 99
226 18 10 100
226 18 13 100
227 33 42 100
227 19 13 99
227 19 43 99
227 45 31 100
227 8 43 100
227 20 13 100
227 48 13 99
228 12 40 99
228 22 13 100
228 28 13 150
228 6 13 100
228 6 41 100
229 18 13 100
229 18 19 100
229 10 29 99
229 44 21 100
230 7 41 99
230 26 20 100
231 21 0 99
231 20 13 100
231 33 42 100
231 32 12 100
231 32 13 150
231 0 13 100
231 26 13 99
231 26 20 100
231 49 13 100
231 19 13 99
232 29 10 100
232 42 10 148
232 42 21 99
233 14 24 100
233 7 41 99
234 26 20 100
235 49 29 100
235 49 32 100
235 32 12 100
235 27 21 99
236 37 20 100
236 30 43 100
236 12 40 99
237 9 23 100
237 44 31 100
237 47 19 100
238 42 21 99
238 31 13 100
238 30 13 100
238 26 13 99
238 26 42 150
238 20 13 100
238 19 13 99
239 4 0 100
239 4 13 100
239 26 13 99
239 26 20 100
239 26 41 99
239 12 10 100
239 49 10 99
240 47 3 100
240 49 10 99
241 41 30 99
241 43 21 100
241 19 43 99
242 22 29 150
242 30 36 150
242 12 36 99
243 38 20 100
243 46 12 99
244 47 31 99
244 0 0 100
244 0 21 100
244 35 41 100
245 23 20 100
245 13 3 100
245 0 10 100
245 12 10 100
245 12 40 99
245 29 10 100
246 12 43 150
246 35 41 100
246 24 29 100
247 13 3 100
247 13 21 99
247 20 32 100
247 8 43 100
248 8 43 100
248 25 43 100
248 35 41 100
249 26 20 100
250 47 19 100
250 36 42 99
250 0 21 100
250 24 29 100
250 12 43 150
251 32 12 100
251 32 36 100
251 17 4 100
251 2 36 100
252 10 3 150
253 28 13 150
253 6 0 100
253 6 13 100
253 6 41 100
253 44 21 100
253 4 13 100
253 4 43 100
253 18 13 100
253 1 13 150
254 4 43 100
254 26 20 100
254 10 29 99
255 20 40 100
256 34 23 99
256 44 21 100
256 9 3 100
256 46 43 148
257 26 20 100
257 46 12 99
258 24 14 99
258 24 31 99
258 26 13 99
258 26 41 99
258 1 13 150
258 32 13 150
258 12 43 150
258 22 13 100
258 48 13 99
259 25 43 100
259 31 0 100
259 31 13 100
259 31 21 100
259 42 43 150
260 13 3 100
261 4 43 100
261 7 41 99
261 8 43 100
262 1 13 150
262 13 3 100
262 13 21 99
262 41 30 99
262 22 13 100
262 4 13 100
263 14 32 100
263 18 13 100
263 18 19 100
263 33 42 100
263 23 20 100
263 48 13 99
263 48 41 100
264 31 13 100
264 31 36 150
264 25 43 100
264 33 42 100
264 24 29 100
264 19 43 99
264 42 40 100
265 42 10 148
266 43 12 100
266 33 42 100
266 41 10 100
266 29 10 100
267 23 20 100
267 13 21 99
267 28 42 100
268 7 41 99
268 0 13 100
268 42 19 100
268 6 13 100
268 47 3 100
268 22 13 100
268 31 13 100
268 1 13 150
269 39 13 150
269 37 20 100
270 48 41 100
270 46 29 100
270 33 42 100
270 16 21 100
271 28 42 100
271 44 17 100
271 14 18 100
271 37 20 100
272 43 0 100
273 20 40 100
273 25 43 100
273 34 42 100
273 19 21 100
273 19 43 99
273 32 12 100
274 46 29 100
275 38 20 100
276 16 21 100
276 36 42 99
278 23 20 100
278 26 13 99
278 26 41 99
278 32 13 150
278 20 13 100
278 20 19 100
278 48 13 99
278 46 29 100
278 22 13 100
279 42 21 99
279 42 32 100
279 19 13 99
280 32 12 100
280 32 13 150
280 24 42 100
280 1 13 150
280 23 20 100
281 11 19 100
281 42 10 148
281 42 43 150
281 12 10 100
281 6 13 100
281 4 13 100
281 20 13 100
281 48 13 99
282 44 12 100
282 44 21 100
282 22 13 100
282 49 0 100
282 49 13 100
282 49 40 99
282 8 43 100
282 46 43 148
282 20 13 100
282 0 13 100
283 35 41 100
283 4 13 100
283 20 13 100
283 31 13 100
284 47 3 100
284 47 31 99
284 10 29 99
285 1 13 150
285 22 13 100
285 31 13 100
285 31 21 100
285 31 36 150
285 30 13 100
285 38 20 100
285 32 13 150
285 32 36 100
285 35 19 100
285 26 13 99
286 26 42 150
286 7 10 100
286 41 10 100
286 16 10 99
287 7 41 99
287 7 43 150
287 1 13 150
287 18 13 100
287 31 13 100
287 20 13 100
287 48 13 99
288 28 42 100
288 48 13 99
288 43 21 100
289 18 19 100
289 37 20 100
290 10 4 100
291 7 41 99
291 37 20 100
291 32 13 150
291 28 13 150
291 28 42 100
291 0 13 100
291 0 21 100
291 1 13 150
292 28 13 150
292 28 42 100
292 43 12 100
293 22 32 99
293 12 40 99
293 20 19 100
293 37 30 100
294 28 13 150
294 31 13 100
294 31 21 100
294 19 13 99
294 26 13 99
294 26 20 100
294 4 13 100
294 20 13 100
295 32 13 150
295 19 13 99
295 19 43 99
295 1 13 150
295 44 31 100
295 4 13 100
295 4 43 100
295 28 13 150
296 8 36 100
296 46 29 100
296 2 36 100
296 17 42 100
297 47 3 100
297 47 36 100
297 4 43 100
297 0 21 100
297 12 36 99
297 8 43 100
297 35 18 148
297 35 41 100
298 23 20 100
299 10 29 99
299 47 3 100
299 7 41 99
300 0 21 100
301 38 20 100
302 34 42 100
302 42 40 100
302 6 41 100
303 26 20 100
303 10 29 99
303 46 3 99
303 44 21 100
304 25 43 100
304 32 12 100
304 4 43 100
305 48 13 99
305 1 13 150
305 20 13 100
305 39 13 150
305 49 13 100
305 19 13 99
305 19 43 99
306 44 21 100
306 26 41 99
306 19 43 99
307 40 0 100
307 12 10 100
307 42 10 148
307 18 10 100
307 10 29 99
308 37 20 100
308 8 10 99
308 2 3 150
308 16 10 99
308 41 10 100
308 47 31 99
309 32 12 100
309 32 13 150
309 18 13 100
309 0 13 100
309 22 13 100
309 49 13 100
309 4 13 100
309 27 21 99
310 7 41 99
310 23 20 100
310 34 42 100
311 22 13 100
311 22 32 99
311 39 13 150
311 28 13 150
311 31 13 100
312 42 21 99
312 42 43 150
312 1 13 150
313 47 3 100
313 26 13 99
313 42 40 100
313 31 13 100
313 32 13 150
313 28 13 150
314 32 13 150
314 46 12 99
314 46 29 100
314 29 41 100
314 26 13 99
315 27 21 99
315 4 43 100
315 12 43 150
316 22 13 100
316 49 13 100
316 24 31 99
316 0 13 100
316 1 13 150
316 23 20 100
316 18 13 100
317 42 10 148
317 42 43 150
317 20 13 100
317 49 10 99
318 35 41 100
318 13 21 99
319 46 43 148
319 30 43 100
319 34 42 100
320 8 43 100
320 46 29 100
321 21 0 99
321 38 20 100
321 44 12 100
322 16 10 99
322 16 21 100
322 47 31 99
322 7 10 100
322 8 10 99
322 12 40 99
323 7 41 99
324 16 10 99
325 41 10 100
325 3 19 148
325 26 20 100
325 26 41 99
325 49 10 99
325 43 21 100
326 38 20 100
326 46 3 99
326 46 29 100
327 45 31 100
327 8 43 100
327 35 41 100
328 43 21 100
329 26 20 100
329 14 32 100
330 20 19 100
330 42 43 150
330 35 41 100
331 32 13 150
331 49 13 100
331 49 29 100
331 49 40 99
331 18 13 100
331 48 13 99
331 13 21 99
331 30 13 100
332 37 20 100
332 24 42 100
332 30 13 100
332 48 41 100
332 28 42 100
333 14 46 100
334 42 21 99
334 42 43 150
334 35 41 100
334 44 31 100
335 33 42 100
335 10 29 99
336 19 43 99
336 23 20 100
336 9 3 100
337 28 42 100
337 26 41 99
337 20 0 100
337 46 43 148
337 13 21 99
338 33 42 100
338 49 29 100
339 47 19 100
339 37 20 100
339 1 42 150
339 26 41 99
340 19 21 100
341 49 40 99
341 32 12 100
342 49 3 150
342 49 29 100
342 48 41 100
342 19 43 99
342 30 43 100
343 16 21 100
343 12 32 99
343 10 4 100
344 42 20 150
344 35 41 100
345 39 13 150
345 26 13 99
345 20 13 100
345 20 19 100
345 18 13 100
346 28 13 150
346 28 36 150
346 28 42 100
346 43 21 100
346 8 36 100
346 7 41 99
346 39 13 150
347 23 20 100
348 37 29 148
348 34 31 100
349 47 3 100
349 37 20 100
349 27 21 99
350 20 40 100
350 34 42 100
350 49 10 99
350 26 41 99
350 7 10 100
350 16 10 99
351 31 0 100
352 42 21 99
352 43 12 100
352 26 20 100
352 33 42 100
353 48 13 99
353 6 13 100
353 0 13 100
353 28 13 150
353 30 13 100
353 20 13 100
354 42 10 148
354 37 20 100
354 14 18 100
354 35 41 100
354 29 10 100
355 47 19 100
355 46 29 100
355 13 21 99
355 18 10 100
355 24 42 100
356 48 41 100
356 33 42 100
357 38 20 100
357 45 31 100
358 46 29 100
358 27 21 99
358 31 32 100
359 13 3 100
359 42 40 100
359 38 20 100
360 47 36 100
360 12 36 99
360 17 42 100
361 25 43 100
361 44 12 100
361 44 21 100
361 30 43 100
362 48 13 99
362 48 41 100
362 14 18 100
362 4 13 100
362 39 13 150
362 0 13 100
362 19 13 99
363 39 13 150
363 18 13 100
363 4 13 100
363 22 13 100
363 6 13 100
363 47 31 99
363 46 29 100
364 19 13 99
364 19 20 150
364 19 21 100
364 6 13 100
364 6 41 100
365 9 3 100
365 47 19 100
366 38 20 100
367 19 13 99
367 19 21 100
367 46 29 100
367 23 0 100
368 12 40 99
368 39 13 150
368 46 12 99
368 20 13 100
368 6 13 100
368 19 13 99
369 49 13 100
369 49 32 100
369 7 41 99
369 17 42 100
369 1 13 150
369 32 13 150
370 0 13 100
370 0 21 100
370 26 13 99
370 26 20 100
370 26 38 100
370 19 13 99
370 18 13 100
371 43 31 99
371 10 29 99
371 26 20 100
373 12 12 148
373 12 43 150
373 43 21 100
374 7 43 150
374 8 43 100
374 34 42 100
375 2 3 150
375 24 29 100
376 31 13 100
376 31 21 100
376 22 13 100
376 48 13 99
376 1 13 150
376 42 19 100
376 18 13 100
376 38 20 100
376 26 13 99
377 29 41 100
377 42 40 100
377 19 13 99
377 34 42 100
378 40 0 100
378 17 42 100
378 23 20 100
379 14 18 100
379 7 41 99
379 48 13 99
379 30 13 100
379 27 21 99
379 39 13 150
379 32 13 150
380 8 32 100
380 30 13 100
380 10 29 99
381 30 36 150
381 35 41 100
381 34 42 100
381 1 42 150
382 38 20 100
382 44 21 100
382 44 31 100
383 7 41 99
383 24 29 100
384 38 20 100
385 35 41 100
385 31 21 100
385 17 42 100
386 38 20 100
386 36 42 99
386 20 40 100
387 24 42 100
388 24 42 100
388 43 21 100
388 28 13 150
388 31 13 100
388 18 13 100
388 22 13 100
388 39 13 150
388 6 13 100
388 6 41 100
389 37 20 100
389 30 43 100
389 8 43 100
389 46 29 100
390 0 10 100
390 6 41 100
390 47 31 99
390 18 10 100
390 29 10 100
391 46 43 148
391 31 21 100
391 24 42 100
392 8 43 100
392 18 13 100
392 26 13 99
392 39 13 150
393 32 12 100
393 32 13 150
393 4 0 100
393 4 13 100
393 4 43 100
393 31 13 100
393 12 32 99
393 12 43 150
394 29 41 100
394 4 43 100
394 8 43 100
394 43 21 100
394 10 29 99
395 20 40 100
395 34 42 100
396 36 42 99
396 30 36 150
396 30 43 100
396 2 36 100
396 46 29 100
396 19 43 99
397 38 20 100
397 13 21 99
397 42 19 100
397 24 31 99
398 43 18 150
398 45 14 100
399 29 41 100
400 46 43 148
400 26 20 100
400 43 21 100
400 49 10 99
401 7 10 100
401 7 41 99
401 7 43 150
401 29 10 100
401 4 43 100
401 17 42 100
402 36 42 99
402 10 29 99
403 20 19 100
403 13 21 99
403 43 31 99
404 38 20 100
404 8 10 99
404 12 10 100
404 41 10 100
405 18 40 99
406 0 21 100
406 43 12 100
406 8 32 100
406 37 20 100
407 37 30 100
407 34 42 100
408 41 46 100
408 23 0 100
408 35 41 100
408 34 42 100
409 49 10 99
409 49 42 148
409 18 10 100
409 12 10 100
409 37 20 100
409 31 21 100
410 46 29 100
410 7 41 99
411 26 20 100
412 6 41 100
412 33 42 100
412 27 21 99
413 9 3 100
413 43 31 99
414 2 36 100
414 14 36 150
414 7 41 99
414 39 13 150
414 6 13 100
414 30 13 100
414 46 40 100
415 33 42 100
415 32 12 100
415 32 13 150
415 38 20 100
415 4 13 100
415 49 13 100
415 49 29 100
416 12 43 150
416 42 21 99
417 49 36 148
417 7 41 99
418 20 13 100
418 16 21 100
418 19 13 99
418 32 13 150
418 49 13 100
418 37 20 100
418 33 42 100
418 1 13 150
419 45 36 99
419 32 36 100
419 2 17 100
419 17 42 100
420 12 36 99
420 32 36 100
420 48 41 100
421 44 21 100
421 36 42 99
421 10 29 99
421 26 20 100
422 34 42 100
423 26 20 100
423 14 32 100
423 12 40 99
423 24 42 100
424 20 45 100
424 30 31 100
424 27 21 99
424 48 41 100
425 31 29 150
425 33 42 100
425 30 43 100
425 46 43 148
426 23 0 100
426 8 43 100
426 26 41 99
426 19 43 99
427 31 13 100
427 31 21 100
427 18 13 100
427 18 19 100
427 22 13 100
427 4 13 100
427 32 13 150
428 30 13 100
428 30 43 100
428 49 13 100
429 17 42 100
429 7 41 99
429 24 29 100
429 23 20 100
429 32 12 100
430 4 13 100
430 32 13 150
430 20 13 100
430 33 42 100
430 28 13 150
430 18 13 100
431 24 31 99
431 0 21 100
431 25 43 100
432 18 40 99
432 29 41 100
432 37 20 100
432 47 3 100
433 39 13 150
433 20 13 100
433 4 13 100
433 4 42 148
433 31 13 100
433 31 21 100
433 1 13 150
433 32 13 150
434 22 32 99
434 23 20 100
434 49 29 100
435 31 13 100
435 48 13 99
435 48 41 100
435 39 13 150
435 18 13 100
435 0 13 100
435 30 13 100
435 28 42 100
436 38 20 100
436 27 21 99
436 47 3 100
437 32 13 150
437 20 0 100
437 20 13 100
437 28 13 150
437 49 13 100
437 39 13 150
438 26 41 99
439 39 13 150
439 1 13 150
439 38 20 100
439 49 13 100
439 22 13 100
439 13 21 99
439 24 42 100
439 30 13 100
440 42 10 148
440 31 13 100
440 49 10 99
440 26 41 99
440 14 18 100
440 24 42 100
441 36 42 99
441 23 20 100
441 49 29 100
441 49 40 99
442 42 21 99
442 32 12 100
442 32 13 150
442 28 13 150
442 28 42 100
442 49 13 100
442 4 13 100
443 4 13 100
443 35 41 100
443 47 3 100
443 49 13 100
445 38 20 100
445 36 42 99
445 13 21 99
445 7 41 99
446 9 3 100
446 23 20 100
447 22 32 99
447 29 41 100
447 24 42 100
448 13 21 99
449 38 20 100
450 18 40 99
451 42 21 99
451 23 20 100
452 20 19 100
452 30 31 100
452 9 3 100
454 17 42 100
454 31 21 100
454 26 20 100
456 33 42 100
456 37 20 100
457 19 21 100
458 20 32 100
459 28 42 100
459 30 43 100
459 18 40 99
459 4 43 100
460 44 21 100
460 0 0 100
460 38 20 100
461 33 42 100
462 49 36 148
462 18 19 100
462 13 3 100
462 30 31 100
462 30 36 150
462 30 43 100
462 8 43 100
463 13 21 99
463 38 20 100
465 7 43 150
466 43 21 100
466 13 3 100
467 23 20 100
467 2 42 148
468 18 40 99
469 44 21 100
469 44 31 100
469 23 20 100
470 36 42 99
470 20 19 100
472 12 36 99
472 16 21 100
472 8 36 100
473 4 43 100
473 39 32 100
473 19 43 99
473 26 20 100
474 42 43 150
474 47 31 99
475 7 43 150
475 43 21 100
475 8 43 100
476 28 42 100
477 34 42 100
477 49 40 99
478 13 21 99
478 38 20 100
478 33 42 100
478 35 19 100
479 8 43 100
479 25 43 100
480 8 43 100
481 16 21 100
481 33 42 100
481 25 43 100
482 23 20 100
482 49 3 150
483 27 0 99
484 45 31 100
484 37 20 100
485 0 21 100
486 18 40 99
487 8 43 100
487 33 42 100
487 19 43 99
488 44 21 100
488 34 42 100
489 26 20 100
490 42 43 150
491 9 3 100
491 44 21 100
492 31 32 100
492 26 20 100
492 43 31 99
492 42 19 100
493 24 42 100
494 11 36 99
494 12 36 99
494 31 21 100
495 23 20 100
496 20 40 100
496 46 43 148
497 19 21 100
498 47 3 100
498 38 20 100
500 0 21 100
500 47 31 99
500 24 42 100
501 46 43 148
501 4 43 100
502 21 0 99
502 12 32 99
502 37 20 100
503 31 21 100
503 42 19 100
504 36 42 99
505 47 36 100
505 45 36 99
505 46 40 100
505 26 20 100
506 25 43 100
506 49 42 148
506 19 21 100
506 19 43 99
507 36 42 99
508 38 20 100
509 36 42 99
509 19 21 100
510 34 42 100
510 26 20 100
511 43 31 99
512 44 21 100
512 34 42 100
513 46 3 99
513 46 43 148
514 42 40 100
514 23 20 100
515 2 3 150
515 19 21 100
516 37 20 100
516 19 43 99
518 19 21 100
518 17 42 100
519 38 20 100
519 39 32 100
520 34 42 100
521 17 42 100
521 42 21 99
521 42 43 150
521 48 17 100
523 43 31 99
523 26 20 100
523 49 40 99
523 20 19 100
524 23 0 100
524 19 21 100
524 19 43 99
525 46 3 99
525 46 43 148
525 4 43 100
527 0 21 100
528 8 43 100
528 26 20 100
528 30 43 100
529 34 31 100
530 0 21 100
530 24 42 100
530 4 43 100
530 18 19 100
531 26 20 100
531 19 43 99
531 46 3 99
532 42 40 100
533 27 21 99
533 35 19 100
534 34 42 100
534 39 32 100
535 18 20 150
535 42 45 100
536 43 21 100
536 17 42 100
536 33 42 100
538 34 31 100
538 23 20 100
539 16 21 100
539 30 43 100
539 8 43 100
540 33 42 100
541 47 3 100
541 47 19 100
541 47 36 100
541 18 40 99
541 38 20 100
541 2 36 100
542 44 21 100
542 19 43 99
543 34 42 100
543 25 43 100
544 12 32 99
545 17 42 100
545 26 20 100
545 31 21 100
546 42 19 100
547 38 20 100
548 43 21 100
550 18 40 99
550 37 20 100
551 27 21 99
552 37 20 100
553 32 36 100
553 38 36 150
554 42 21 99
555 23 20 100
556 11 19 100
556 19 43 99
557 7 43 150
557 44 21 100
557 12 43 150
559 42 32 100
560 44 20 150
560 44 21 100
561 4 43 100
561 19 43 99
561 42 19 100
561 42 40 100
563 19 21 100
564 37 20 100
566 7 43 150
566 19 21 100
567 37 20 100
568 12 36 99
568 47 36 100
569 42 21 99
570 37 20 100
571 20 40 100
572 38 20 100
572 42 21 99
575 7 43 150
575 4 43 100
575 31 21 100
576 26 20 100
577 40 0 100
578 6 41 100
578 43 21 100
578 25 43 100
578 36 42 99
579 46 3 99
579 37 20 100
580 1 42 150
580 46 29 100
580 11 19 100
581 24 31 99
581 44 21 100
581 22 32 99
582 37 20 100
583 20 40 100
583 49 29 100
584 27 21 99
584 8 10 99
584 8 43 100
584 32 12 100
584 42 10 148
584 26 20 100
584 29 10 100
585 30 13 100
585 0 13 100
585 48 13 99
585 48 41 100
585 26 13 99
585 6 13 100
585 9 3 100
585 28 13 150
586 23 0 100
586 18 10 100
586 49 10 99
587 4 13 100
587 22 13 100
587 44 21 100
587 44 31 100
587 41 10 100
587 28 13 150
587 49 13 100
587 7 41 99
587 48 13 99
588 28 13 150
588 7 43 150
590 13 3 100
590 13 21 99
590 37 20 100
590 10 29 99
590 29 41 100
590 35 19 100
590 30 43 100
590 4 43 100
591 12 40 99
591 39 23 99
592 30 31 100
592 38 20 100
593 7 10 100
593 48 17 100
593 33 42 100
593 27 21 99
593 44 10 150
594 7 41 99
594 7 43 150
595 37 29 148
595 20 32 100
595 17 42 100
596 26 20 100
596 20 4 100
596 16 21 100
597 0 13 100
597 22 13 100
597 35 41 100
597 32 13 150
597 31 13 100
597 4 13 100
597 20 13 100
597 33 42 100
598 8 0 100
598 32 12 100
599 42 21 99
599 42 40 100
599 24 29 100
599 37 20 100
600 14 18 100
600 44 10 150
600 44 31 100
600 0 10 100
600 48 41 100
600 41 10 100
601 18 19 100
602 31 21 100
602 12 10 100
602 14 38 100
602 42 10 148
602 42 20 150
604 1 13 150
604 8 43 100
604 22 13 100
604 7 41 99
604 7 43 150
604 48 13 99
604 18 13 100
604 19 13 99
604 28 13 150
605 13 3 100
605 13 21 99
605 46 29 100
606 20 32 100
606 48 41 100
606 43 31 99
606 37 20 100
607 19 43 99
607 49 10 99
607 42 10 148
608 31 0 100
608 31 21 100
608 29 10 100
608 34 42 100
608 20 40 100
608 19 43 99
608 46 43 148
609 49 29 100
609 42 43 150
610 42 19 100
610 7 41 99
611 42 10 148
611 42 21 99
611 30 31 100
611 0 10 100
611 26 20 100
611 16 10 99
611 46 12 99
614 23 20 100
614 1 13 150
614 26 13 99
614 26 41 99
614 31 13 100
614 31 21 100
614 20 13 100
614 24 29 100
615 48 13 99
615 20 13 100
615 20 19 100
616 20 13 100
616 46 3 99
616 46 12 99
616 46 43 148
616 6 13 100
616 1 13 150
617 7 41 99
617 6 13 100
617 30 13 100
617 30 43 100
617 23 20 100
617 1 13 150
617 9 3 100
617 16 21 100
618 24 29 100
618 24 31 99
618 30 43 100
618 12 40 99
618 47 19 100
618 4 43 100
619 6 41 100
619 49 32 100
619 12 43 150
620 13 21 99
620 25 43 100
620 16 10 99
620 4 43 100
620 18 10 100
621 8 10 99
621 8 36 100
621 8 43 100
621 19 43 99
621 35 41 100
621 32 36 100
622 47 19 100
622 42 43 150
622 10 29 99
623 47 3 100
623 13 21 99
623 25 43 100
624 44 10 150
624 44 31 100
624 25 43 100
624 8 10 99
624 8 43 100
624 26 41 99
625 8 36 100
625 8 43 100
625 32 13 150
625 32 36 100
625 0 13 100
625 19 13 99
625 19 43 99
625 31 13 100
626 32 13 150
626 13 3 100
626 13 21 99
626 42 40 100
627 19 13 99
628 40 0 100
628 49 29 100
628 4 43 100
628 35 41 100
628 42 43 150
629 26 20 100
629 36 42 99
629 11 19 100
629 8 10 99
629 27 21 99
629 49 10 99
630 41 10 100
630 24 42 100
631 35 41 100
631 49 29 100
632 27 21 99
632 38 20 100
633 28 42 100
633 29 41 100
634 2 42 148
634 10 29 99
635 35 41 100
635 24 31 99
635 49 40 99
635 27 21 99
636 2 17 100
636 16 10 99
636 7 10 100
636 7 43 150
636 49 10 99
637 7 41 99
637 47 3 100
637 38 20 100
637 31 32 100
638 31 0 100
638 46 29 100
639 13 21 99
639 48 41 100
639 37 20 100
639 20 19 100
640 25 43 100
640 30 43 100
640 43 31 99
641 21 34 100
641 13 21 99
642 6 29 150
642 6 41 100
643 8 10 99
643 43 12 100
643 12 10 100
644 38 20 100
644 42 10 148
644 42 19 100
644 42 21 99
644 42 40 100
644 28 42 100
645 33 42 100
646 46 29 100
647 39 32 100
647 17 42 100
647 6 41 100
647 13 21 99
648 15 17 99
648 9 6 99
648 29 10 100
648 8 10 99
648 18 10 100
649 28 13 150
649 28 20 148
649 28 42 100
649 49 13 100
649 32 13 150
649 30 13 100
649 26 13 99
650 27 21 99
650 6 13 100
650 6 41 100
650 30 13 100
650 39 13 150
650 35 19 100
650 1 13 150
651 49 13 100
651 22 13 100
651 34 42 100
652 47 3 100
652 24 29 100
652 46 3 99
652 46 12 99
652 23 20 100
653 8 0 100
653 49 40 99
653 17 42 100
653 27 21 99
655 49 29 100
655 49 36 148
655 29 41 100
655 26 20 100
655 13 3 100
656 48 13 99
656 22 13 100
656 31 13 100
656 13 21 99
656 4 13 100
656 30 13 100
656 30 31 100
656 32 13 150
657 11 36 99
657 37 20 100
658 26 41 99
658 44 12 100
659 26 20 100
659 9 3 100
659 11 19 100
660 35 41 100
660 12 29 150
660 12 32 99
660 44 21 100
661 6 13 100
661 32 13 150
661 32 36 100
661 11 36 99
661 20 13 100
661 19 13 99
661 1 13 150
661 4 13 100
662 13 3 100
662 42 19 100
663 19 21 100
663 37 20 100
663 42 40 100
664 46 29 100
664 24 42 100
664 19 43 99
665 25 31 100
665 25 43 100
665 42 19 100
666 13 21 99
666 48 41 100
666 23 20 100
667 42 10 148
667 45 36 99
667 28 42 100
667 8 10 99
667 8 36 100
668 11 19 100
668 6 13 100
668 22 13 100
668 34 42 100
668 26 13 99
668 28 13 150
668 14 18 100
669 43 0 100
669 43 21 100
669 28 13 150
669 28 36 150
669 4 13 100
669 4 43 100
669 6 13 100
669 6 41 100
669 30 13 100
669 30 43 100
670 18 13 100
670 24 29 100
670 0 13 100
670 39 13 150
670 48 13 99
671 44 12 100
671 44 20 150
672 47 3 100
672 47 19 100
672 39 13 150
672 6 13 100
672 16 21 100
672 49 13 100
672 49 40 99
672 31 13 100
672 26 13 99
672 1 13 150
673 30 13 100
673 49 13 100
673 33 41 148
673 33 42 100
673 39 13 150
673 19 13 99
674 38 20 100
674 28 13 150
674 6 13 100
674 47 3 100
675 48 41 100
675 0 10 100
675 0 21 100
675 44 10 150
675 49 10 99
676 20 13 100
676 20 32 100
676 26 13 99
676 26 20 100
676 47 3 100
676 6 13 100
676 39 13 150
676 18 13 100
677 6 13 100
677 28 36 150
677 8 36 100
677 47 19 100
677 47 31 99
678 44 12 100
678 44 21 100
678 10 29 99
679 48 41 100
680 36 34 99
680 19 43 99
681 21 0 99
681 9 3 100
681 37 20 100
681 7 43 150
681 12 40 99
681 0 13 100
681 0 21 100
681 31 13 100
682 26 13 99
682 20 13 100
682 31 13 100
682 0 13 100
682 33 42 100
682 4 13 100
683 39 13 150
683 6 13 100
683 6 41 100
683 8 43 100
683 20 13 100
683 19 13 99
683 19 43 99
683 0 13 100
683 48 13 99
683 10 29 99
684 7 10 100
684 7 43 150
684 49 10 99
684 18 10 100
684 18 19 100
684 27 21 99
684 27 38 100
685 19 43 99
685 17 42 100
685 30 31 100
685 30 43 100
686 24 42 100
687 42 20 150
687 42 21 99
687 4 42 148
687 6 41 100
687 49 29 100
688 41 10 100
688 8 10 99
688 29 10 100
690 42 10 148
690 42 21 99
690 42 40 100
690 42 43 150
690 18 10 100
690 27 0 99
691 29 41 100
691 46 12 99
691 37 20 100
692 49 29 100
692 49 32 100
692 46 3 99
692 11 19 100
693 46 3 99
693 46 43 148
693 48 13 99
693 16 21 100
693 4 13 100
693 4 43 100
693 30 13 100
693 31 13 100
694 1 13 150
694 46 43 148
694 32 13 150
694 33 42 100
694 26 41 99
695 33 42 100
695 46 43 148
696 49 29 100
696 47 31 99
696 42 21 99
696 29 41 100
697 38 20 100
697 35 19 100
697 49 10 99
697 41 10 100
697 43 12 100
697 29 10 100
698 47 26 100
698 11 26 100
699 19 21 100
699 31 0 100
699 9 3 100
700 29 10 100
700 38 20 100
700 12 10 100
700 12 40 99
700 0 10 100
701 29 41 100
701 30 43 100
701 46 29 100
701 46 43 148
702 31 21 100
702 24 42 100
703 0 13 100
703 19 13 99
703 37 20 100
703 31 13 100
703 36 42 99
704 43 31 99
704 8 43 100
704 32 13 150
705 31 13 100
705 31 21 100
705 31 32 100
705 49 10 99
705 49 13 100
705 41 10 100
705 36 42 99
705 16 10 99
705 8 43 100
706 24 29 100
706 27 41 150
706 19 43 99
706 25 43 100
708 19 21 100
708 23 0 100
708 23 20 100
708 18 40 99
708 29 41 100
709 10 29 99
710 14 36 150
710 11 36 99
710 26 41 99
710 47 31 99
711 37 20 100
711 31 21 100
711 43 12 100
712 20 19 100
712 7 10 100
712 8 10 99
712 12 10 100
713 31 13 100
713 1 13 150
713 22 13 100
713 4 13 100
713 13 3 100
713 48 13 99
713 48 41 100
713 28 13 150
714 42 21 99
714 38 20 100
714 10 29 99
715 27 0 99
715 9 3 100
717 48 41 100
717 46 40 100
717 38 20 100
717 31 21 100
718 43 31 99
719 35 41 100
720 44 21 100
720 37 20 100
720 37 36 150
720 18 19 100
720 42 43 150
722 31 32 100
722 30 43 100
722 46 43 148
723 47 3 100
723 35 41 100
723 23 20 100
724 43 21 100
725 19 43 99
725 47 3 100
725 47 31 99
725 43 0 100
726 35 41 100
726 42 21 99
727 36 42 99
727 23 20 100
727 42 40 100
728 47 36 100
728 8 36 100
728 26 41 99
729 11 19 100
729 23 20 100
729 42 21 99
730 16 3 150
730 14 18 100
730 9 23 100
731 7 41 99
731 7 43 150
731 19 43 99
732 42 21 99
733 19 43 99
733 31 32 100
734 6 0 100
734 6 41 100
734 46 3 99
734 46 43 148
734 4 43 100
735 31 21 100
735 23 20 100
736 28 42 100
736 35 41 100
736 47 31 99
737 28 42 100
737 2 17 100
737 38 20 100
738 42 19 100
738 42 21 99
738 42 40 100
738 42 43 150
738 46 12 99
739 26 41 99
739 8 43 100
741 19 21 100
741 19 43 99
741 47 31 99
741 27 0 99
742 46 43 148
743 25 43 100
744 42 20 150
744 42 21 99
745 12 43 150
745 46 3 99
746 20 32 100
747 44 21 100
747 44 31 100
747 42 40 100
747 31 0 100
748 37 20 100
749 47 3 100
750 42 21 99
751 39 4 99
751 26 20 100
751 8 43 100
751 30 43 100
752 12 43 150
753 9 3 100
753 35 19 100
753 16 21 100
754 44 31 100
754 42 43 150
754 8 43 100
756 46 40 100
756 16 21 100
756 26 20 100
758 45 31 100
758 37 20 100
759 17 42 100
759 42 21 99
760 49 36 148
760 49 42 148
761 32 36 100
761 23 20 100
762 30 43 100
762 25 43 100
763 49 36 148
763 34 42 100
763 16 21 100
764 37 20 100
765 49 32 100
765 49 40 99
765 31 21 100
765 9 3 100
766 42 43 150
766 33 42 100
767 45 36 99
767 12 36 99
767 2 36 100
768 23 20 100
768 27 21 99
769 9 3 100
770 47 3 100
770 25 43 100
770 46 43 148
770 24 42 100
771 38 20 100
771 13 21 99
773 24 31 99
774 27 21 99
774 36 42 99
774 37 20 100
776 12 40 99
776 26 20 100
776 34 42 100
777 8 43 100
777 30 43 100
778 17 22 100
778 0 21 100
778 33 22 100
778 45 22 100
778 20 32 100
779 28 42 100
780 9 3 100
780 0 21 100
781 19 43 99
782 12 43 150
783 36 42 99
783 30 43 100
783 43 21 100
783 38 20 100
784 30 43 100
784 17 42 100
784 25 43 100
785 44 31 100
786 13 21 99
786 24 42 100
786 46 40 100
786 26 20 100
787 22 32 99
789 8 36 100
789 42 21 99
789 32 36 100
790 45 31 100
791 26 20 100
792 31 21 100
792 47 3 100
793 38 20 100
795 43 21 100
795 12 40 99
796 45 31 100
796 2 6 100
797 37 20 100
797 28 42 100
798 16 21 100
799 23 20 100
800 28 42 100
801 16 21 100
801 22 32 99
802 38 20 100
802 26 42 150
803 30 43 100
803 9 3 100
804 27 21 99
804 46 40 100
804 30 43 100
805 25 31 100
805 49 36 148
806 38 20 100
807 43 21 100
807 4 43 100
807 8 43 100
808 47 3 100
809 26 20 100
810 16 21 100
810 34 42 100
811 38 20 100
811 13 3 100
812 30 43 100
812 36 42 99
812 25 43 100
813 31 21 100
813 18 40 99
813 34 42 100
814 30 31 100
814 30 37 100
815 8 32 100
815 37 20 100
815 17 42 100
815 30 37 100
817 23 20 100
818 43 21 100
819 46 43 148
821 26 20 100
821 24 42 100
821 13 21 99
822 45 31 100
823 7 43 150
823 12 40 99
824 47 3 100
824 42 21 99
824 8 43 100
824 38 20 100
825 30 43 100
826 7 43 150
827 37 36 150
827 26 36 100
827 33 42 100
827 19 21 100
827 19 43 99
828 30 31 100
829 23 20 100
829 11 36 99
829 24 42 100
830 26 36 100
830 19 21 100
831 26 20 100
832 49 32 100
832 49 40 99
833 43 21 100
834 38 20 100
834 24 31 99
836 42 21 99
836 26 20 100
837 46 3 99
838 19 43 99
838 24 42 100
839 31 21 100
839 31 32 100
839 36 42 99
840 4 43 100
841 20 40 100
841 24 31 99
841 38 20 100
842 7 43 150
842 17 42 100
842 42 21 99
843 23 20 100
844 28 36 150
844 4 43 100
844 19 43 99
844 32 36 100
845 42 21 99
847 38 20 100
848 8 43 100
848 27 21 99
848 19 43 99
850 23 20 100
851 0 21 100
851 42 40 100
854 13 21 99
854 37 20 100
856 23 20 100
857 0 21 100
859 8 32 100
859 38 20 100
859 49 40 99
860 16 21 100
861 37 20 100
863 43 21 100
864 26 20 100
865 4 43 100
866 25 43 100
