2 0 6 150
2 0 23 150
2 21 20 150
2 17 22 150
2 16 22 150
2 36 6 99
3 33 7 148
3 40 25 100
3 31 7 100
3 31 12 99
3 1 20 150
3 41 25 150
3 20 23 150
3 27 25 100
3 46 25 100
4 0 12 148
4 42 22 150
4 38 20 150
4 38 28 100
4 34 22 100
4 1 22 100
4 1 28 100
4 12 25 148
4 29 25 150
4 29 37 148
4 27 25 100
5 15 6 100
5 45 20 100
5 45 23 99
5 24 25 100
5 24 37 150
5 9 6 100
5 17 22 150
5 30 37 150
5 11 20 148
5 11 23 100
5 48 25 100
5 48 37 100
5 36 6 99
5 36 22 100
5 34 22 100
6 35 12 150
6 41 6 100
6 41 25 150
6 41 37 100
6 16 22 150
6 16 37 150
6 46 6 100
6 46 37 100
6 36 6 99
6 36 22 100
6 30 37 150
6 45 20 100
6 18 20 99
6 18 22 148
6 18 37 100
6 8 37 99
7 20 20 148
7 20 23 150
7 16 22 150
7 49 12 100
7 49 22 100
7 34 22 100
8 45 20 100
8 45 23 99
8 49 6 150
8 49 12 100
8 49 22 100
8 15 6 100
8 3 23 100
8 34 22 100
8 16 22 150
8 27 20 99
9 32 22 100
9 29 12 100
9 17 22 150
9 21 20 150
9 21 23 100
9 31 7 100
9 31 12 99
9 2 7 99
9 3 23 100
9 49 7 100
9 49 22 100
10 36 12 150
10 36 22 100
10 46 37 100
10 48 37 100
10 42 22 150
10 26 37 100
10 18 20 99
10 18 37 100
10 30 37 150
10 45 20 100
10 49 22 100
10 49 37 150
11 0 6 150
11 0 12 148
11 0 23 150
11 49 6 150
11 20 20 148
12 26 37 100
12 0 12 148
12 20 20 148
12 20 28 100
12 7 28 148
12 29 37 148
12 46 37 100
13 46 37 100
13 48 37 100
13 18 12 150
13 18 20 99
13 18 37 100
13 1 20 150
14 21 20 150
14 16 22 150
14 16 37 150
14 15 6 100
14 48 37 100
14 30 37 150
14 47 12 99
14 7 6 150
14 36 22 100
15 13 12 148
15 6 20 150
15 6 22 150
15 9 6 100
15 17 6 148
15 17 22 150
15 16 22 150
15 16 37 150
15 18 6 100
15 18 37 100
15 48 37 100
15 24 37 150
15 46 37 100
16 3 20 150
16 3 23 100
16 3 28 100
16 31 6 148
16 1 6 99
16 1 28 100
16 41 37 100
16 27 20 99
17 41 37 100
17 21 20 150
17 21 23 100
17 36 12 150
17 36 22 100
17 6 22 150
17 8 37 99
17 24 37 150
17 29 37 148
18 17 6 148
18 17 22 150
18 36 6 99
18 36 12 150
18 36 22 100
18 46 37 100
18 29 37 148
18 21 20 150
18 8 37 99
18 41 37 100
19 11 20 148
19 7 6 150
19 1 6 99
19 1 12 100
19 1 22 100
19 32 22 100
19 23 20 100
19 48 37 100
19 16 22 150
19 16 37 150
19 42 22 150
19 26 37 100
19 49 22 100
19 49 37 150
20 6 20 150
20 6 22 150
20 34 12 100
20 34 22 100
20 34 23 150
20 46 6 100
20 46 37 100
20 29 12 100
20 1 6 99
20 1 22 100
20 49 6 150
21 1 12 100
21 1 20 150
21 1 22 100
21 8 37 99
21 29 37 148
21 49 22 100
21 49 37 150
21 16 3 100
21 16 22 150
21 16 37 150
21 30 37 150
22 34 12 100
22 34 20 150
22 34 22 100
22 34 23 150
22 49 6 150
22 49 22 100
22 41 6 100
22 17 22 150
22 21 23 100
23 1 12 100
23 1 20 150
23 1 28 100
23 44 7 150
23 44 23 150
23 34 7 150
23 34 12 100
23 7 28 148
24 47 12 99
24 20 20 148
24 31 12 99
25 34 12 100
25 34 20 150
25 34 22 100
25 34 23 150
25 46 6 100
25 42 22 150
25 20 20 148
26 17 6 148
26 17 22 150
26 27 12 148
26 27 20 99
26 15 6 100
26 36 6 99
26 36 22 100
26 48 37 100
26 18 6 100
26 18 22 148
26 18 37 100
26 1 6 99
26 30 37 150
26 49 37 150
27 21 20 150
27 21 23 100
27 11 20 148
27 11 23 100
27 36 6 99
27 41 6 100
27 41 37 100
27 18 37 100
28 9 6 100
28 4 23 148
28 29 12 100
28 15 6 100
28 16 22 150
28 36 6 99
28 36 22 100
28 17 22 150
28 27 20 99
29 44 23 150
29 29 12 100
29 49 12 100
29 49 22 100
29 23 20 100
29 26 23 100
30 45 20 100
30 45 23 99
30 27 12 148
30 27 20 99
30 18 20 99
30 18 22 148
30 12 22 150
31 12 22 150
31 3 20 150
31 36 6 99
31 36 12 150
31 36 22 100
31 24 37 150
31 34 22 100
31 8 37 99
31 29 37 148
31 18 6 100
31 18 37 100
32 1 6 99
32 1 20 150
32 1 22 100
32 32 22 100
32 18 20 99
32 18 22 148
32 18 37 100
33 1 20 150
33 1 22 100
33 6 22 150
33 41 37 100
33 48 37 100
33 34 22 100
33 29 37 148
33 24 37 150
34 24 37 150
34 34 12 100
34 34 20 150
34 34 23 150
34 48 37 100
34 36 6 99
34 26 23 100
34 9 6 100
35 48 23 150
35 23 20 100
35 47 12 99
35 20 20 148
35 7 6 150
35 34 12 100
35 34 22 100
35 18 22 148
36 0 6 150
36 0 23 150
36 42 22 150
36 21 20 150
36 46 6 100
36 34 12 100
36 34 22 100
36 49 22 100
36 36 22 100
37 14 28 148
37 1 6 99
37 1 12 100
37 1 20 150
37 1 28 100
37 15 6 100
37 48 23 150
37 34 12 100
37 18 6 100
37 18 23 100
38 0 6 150
38 49 6 150
38 49 22 100
38 49 37 150
38 18 20 99
38 18 22 148
38 18 37 100
38 38 20 150
38 29 37 148
39 21 20 150
39 21 23 100
39 0 6 150
39 0 12 148
39 16 37 150
39 26 37 100
39 1 6 99
39 1 22 100
40 27 12 148
40 27 20 99
40 41 6 100
40 36 6 99
40 38 20 150
40 46 6 100
41 44 23 150
41 27 20 99
41 27 25 100
41 24 25 100
41 17 5 100
41 17 22 150
41 29 25 150
41 32 22 100
41 26 23 100
41 49 22 100
41 49 25 100
42 7 6 150
42 30 23 148
42 17 6 148
42 6 20 150
42 29 12 100
42 29 25 150
42 40 25 100
42 49 25 100
42 12 25 148
42 48 25 100
43 24 25 100
43 24 37 150
43 30 37 150
43 40 25 100
43 26 37 100
43 1 12 100
43 1 20 150
43 29 12 100
43 29 37 148
43 23 20 100
43 41 37 100
44 36 12 150
44 36 22 100
44 26 37 100
44 6 20 150
44 6 22 150
44 41 37 100
44 29 37 148
44 42 22 150
44 40 25 100
44 46 37 100
45 9 6 100
45 16 37 150
45 49 6 150
45 49 12 100
45 23 20 100
45 27 20 99
45 30 23 148
45 26 37 100
45 29 12 100
46 41 6 100
46 23 20 100
46 32 22 100
46 4 23 148
46 26 23 100
46 49 6 150
46 49 12 100
46 49 22 100
46 6 22 150
47 1 6 99
47 1 12 100
47 1 20 150
47 1 22 100
47 36 6 99
47 36 22 100
47 44 23 150
47 6 22 150
47 41 6 100
48 4 23 148
48 17 6 148
48 17 22 150
48 45 20 100
48 32 22 100
48 11 20 148
48 12 22 150
48 41 6 100
48 34 12 100
48 49 12 100
49 8 37 99
49 27 12 148
49 27 20 99
49 29 37 148
49 1 6 99
49 24 37 150
49 41 6 100
49 41 37 100
49 7 6 150
50 47 12 99
50 8 37 99
50 0 6 150
50 15 6 100
50 36 22 100
50 27 20 99
50 30 37 150
50 34 20 150
50 34 22 100
50 18 22 148
50 18 37 100
50 41 37 100
51 8 37 99
51 12 22 150
51 24 37 150
51 23 20 100
51 30 37 150
51 15 6 100
51 26 37 100
51 42 22 150
51 49 6 150
51 49 12 100
51 49 37 150
51 1 6 99
51 1 20 150
52 7 6 150
52 1 6 99
52 1 12 100
52 1 20 150
52 1 22 100
52 17 22 150
52 26 37 100
52 36 22 100
52 30 37 150
52 49 12 100
52 49 37 150
53 29 12 100
53 29 28 100
53 27 20 99
53 46 6 100
53 41 6 100
53 41 28 100
53 1 6 99
53 1 22 100
53 12 22 150
53 26 23 100
53 4 23 148
54 36 6 99
54 36 12 150
54 36 22 100
54 3 20 150
54 3 23 100
54 0 6 150
54 1 22 100
54 12 22 150
54 32 22 100
54 45 20 100
55 36 12 150
55 36 22 100
55 49 22 100
55 1 20 150
55 1 22 100
55 32 22 100
56 0 6 150
56 15 6 100
56 24 37 150
56 41 6 100
56 41 37 100
56 20 20 148
56 46 37 100
56 18 22 148
56 18 37 100
57 48 23 150
57 48 37 100
57 17 6 148
57 17 22 150
57 46 6 100
57 46 37 100
57 21 20 150
57 21 23 100
57 34 12 100
57 34 22 100
57 47 12 99
57 12 22 150
57 45 20 100
58 29 12 100
58 39 23 150
58 34 12 100
58 34 20 150
58 34 22 100
58 18 22 148
59 45 20 100
59 36 6 99
59 36 22 100
59 41 6 100
59 41 37 100
59 48 37 100
59 15 6 100
59 12 22 150
59 16 22 150
59 16 37 150
60 0 6 150
60 0 23 150
60 6 20 150
60 6 22 150
60 27 20 99
60 17 6 148
60 17 22 150
60 36 22 100
60 18 20 99
60 18 22 148
60 18 37 100
61 30 37 150
61 41 37 100
61 17 22 150
61 45 20 100
61 32 22 100
61 27 20 99
62 6 20 150
62 6 22 150
62 39 23 150
62 9 6 100
62 26 23 100
62 7 6 150
62 34 12 100
63 36 6 99
63 36 12 150
63 36 22 100
63 11 20 148
63 11 23 100
63 15 6 100
63 6 22 150
63 32 22 100
64 23 20 100
64 15 6 100
64 15 26 148
64 20 23 150
64 7 6 150
64 47 12 99
64 18 6 100
64 18 22 148
64 18 23 100
64 32 22 100
64 5 26 148
64 36 22 100
65 45 20 100
65 26 37 100
65 15 6 100
65 41 6 100
65 41 37 100
65 13 12 148
65 17 6 148
65 17 22 150
65 8 37 99
65 12 22 150
66 27 12 148
66 27 20 99
66 20 20 148
66 8 37 99
66 29 37 148
66 26 37 100
66 12 22 150
66 46 6 100
66 46 37 100
67 29 28 100
67 29 37 148
67 6 20 150
67 6 22 150
67 26 23 100
67 26 37 100
67 12 22 150
67 1 6 99
67 1 22 100
67 1 28 100
67 9 6 100
67 30 37 150
67 45 20 100
67 14 26 100
67 46 6 100
67 46 37 100
68 47 12 99
68 1 6 99
68 1 20 150
68 1 22 100
68 1 28 100
68 17 6 148
68 17 22 150
68 34 22 100
68 30 37 150
68 18 6 100
68 18 22 148
68 18 37 100
69 30 23 148
69 30 37 150
69 3 20 150
69 3 23 100
69 26 37 100
69 47 12 99
69 8 37 99
69 49 6 150
69 49 12 100
69 49 37 150
69 9 6 100
69 41 6 100
70 21 20 150
70 21 23 100
70 35 12 150
70 15 6 100
70 17 6 148
71 36 6 99
71 36 12 150
71 36 22 100
71 6 20 150
71 6 22 150
71 4 23 148
71 11 23 100
71 7 6 150
71 41 6 100
71 17 22 150
72 38 20 150
72 16 22 150
72 42 22 150
72 36 6 99
72 36 12 150
72 3 23 100
72 17 6 148
73 38 20 150
73 38 28 100
73 28 28 100
73 18 6 100
73 18 20 99
73 18 22 148
73 18 23 100
73 20 23 150
73 46 6 100
73 31 6 148
73 49 22 100
74 18 6 100
74 18 12 150
74 18 20 99
74 18 22 148
74 18 23 100
74 15 6 100
74 21 20 150
74 21 23 100
75 9 6 100
75 4 23 148
75 17 6 148
75 49 12 100
75 21 20 150
75 46 6 100
76 11 20 148
76 11 23 100
76 13 12 148
76 1 6 99
76 1 22 100
76 17 6 148
76 17 22 150
76 49 22 100
76 3 23 100
77 12 22 150
77 34 12 100
77 34 20 150
77 34 22 100
77 34 23 150
77 31 6 148
77 31 12 99
77 41 6 100
77 45 20 100
78 21 20 150
78 21 23 100
78 0 12 148
78 0 23 150
78 34 22 100
78 36 6 99
79 1 6 99
79 1 12 100
79 1 20 150
79 1 22 100
79 31 6 148
79 18 22 148
79 18 23 100
79 36 22 100
80 3 20 150
80 3 23 100
80 12 22 150
80 20 23 150
80 36 22 100
81 42 22 150
81 11 20 148
81 11 23 100
81 45 20 100
81 1 12 100
81 1 22 100
81 18 22 148
81 36 22 100
82 46 6 100
82 9 6 100
82 15 6 100
82 0 23 150
82 18 20 99
82 18 22 148
82 18 23 100
82 11 20 148
82 42 22 150
83 41 6 100
83 41 37 100
83 12 22 150
83 26 37 100
83 11 20 148
83 1 6 99
83 1 22 100
83 9 6 100
83 36 22 100
83 8 37 99
84 18 6 100
84 18 12 150
84 18 20 99
84 18 22 148
84 18 23 100
84 18 37 100
84 36 6 99
84 36 22 100
84 6 20 150
84 6 22 150
84 41 37 100
84 48 37 100
84 11 23 100
85 6 20 150
85 31 6 148
85 31 12 99
85 48 37 100
85 9 6 100
85 41 6 100
85 41 37 100
85 16 37 150
86 46 37 100
86 49 12 100
86 49 37 150
86 0 12 148
86 0 23 150
86 26 37 100
86 6 20 150
87 35 12 150
87 42 22 150
87 36 22 100
87 1 20 150
87 20 23 150
88 42 22 150
88 49 7 100
88 49 12 100
88 49 22 100
88 0 23 150
88 45 20 100
88 34 7 150
88 34 20 150
88 34 22 100
89 49 6 150
89 49 12 100
89 49 22 100
89 31 6 148
89 44 23 150
89 17 22 150
89 34 20 150
89 34 22 100
90 48 23 150
90 4 23 148
90 18 12 150
90 18 20 99
90 49 12 100
90 45 20 100
91 34 3 100
91 34 20 150
91 34 23 150
92 1 20 150
92 1 22 100
92 49 22 100
92 12 22 150
92 27 20 99
92 39 23 150
93 20 20 148
93 20 23 150
93 27 25 100
93 11 5 100
93 24 25 100
94 46 6 100
94 46 25 100
94 46 37 100
94 18 6 100
94 18 12 150
94 18 20 99
94 18 22 148
94 18 37 100
94 42 22 150
94 41 6 100
94 41 25 150
94 41 37 100
94 26 37 100
94 8 37 99
94 16 37 150
94 23 20 100
95 11 20 148
95 0 6 150
95 0 12 148
95 6 22 150
95 27 25 100
95 48 25 100
95 48 37 100
95 40 25 100
96 33 7 148
96 29 25 150
96 29 37 148
96 20 20 148
96 10 7 150
96 6 22 150
96 16 22 150
96 16 37 150
96 40 25 100
96 18 6 100
96 18 20 99
96 18 22 148
96 18 37 100
97 16 22 150
97 16 37 150
97 4 23 148
97 3 20 150
97 3 23 100
97 35 12 150
97 15 6 100
97 36 6 99
97 36 22 100
97 29 25 150
97 29 37 148
97 48 25 100
97 48 37 100
98 23 20 100
98 42 22 150
98 29 12 100
98 29 37 148
98 34 22 100
98 34 23 150
98 26 37 100
98 0 6 150
98 17 6 148
98 48 37 100
99 26 37 100
99 23 20 100
99 3 20 150
99 47 12 99
99 41 6 100
99 12 22 150
99 6 22 150
100 23 20 100
100 42 22 150
100 34 12 100
100 34 22 100
100 1 22 100
100 8 37 99
100 18 20 99
100 18 37 100
100 12 25 148
101 40 25 100
101 30 37 150
101 35 12 150
101 15 6 100
101 6 20 150
102 16 37 150
102 39 23 150
102 41 6 100
102 41 25 150
102 41 37 100
102 0 6 150
102 45 20 100
102 11 20 148
103 17 6 148
103 16 37 150
103 48 23 150
103 48 25 100
103 48 37 100
103 30 37 150
103 6 20 150
103 27 12 148
103 27 25 100
103 36 6 99
103 49 6 150
103 49 25 100
103 49 37 150
103 21 23 100
103 26 37 100
104 11 20 148
104 11 23 100
104 7 6 150
104 16 22 150
104 48 25 100
104 48 37 100
104 34 22 100
104 49 6 150
104 49 22 100
104 49 25 100
104 27 20 99
104 27 25 100
104 15 6 100
105 27 12 148
105 27 20 99
105 27 25 100
105 46 25 100
105 45 20 100
106 47 12 99
106 6 20 150
106 18 37 100
106 40 25 100
106 31 12 99
106 16 37 150
107 31 12 99
107 17 22 150
107 3 20 150
107 3 23 100
107 26 23 100
107 26 37 100
107 24 37 150
107 34 22 100
108 11 20 148
108 11 23 100
108 42 22 150
108 30 23 148
108 30 37 150
108 9 6 100
108 13 12 148
108 17 6 148
108 17 22 150
108 36 22 100
109 26 23 100
109 42 22 150
109 21 20 150
109 18 6 100
109 18 12 150
109 18 20 99
109 18 22 148
109 0 6 150
109 32 22 100
110 36 6 99
110 36 12 150
110 36 22 100
110 15 6 100
110 3 20 150
110 3 23 100
110 12 22 150
110 34 22 100
110 34 23 150
110 17 6 148
111 7 6 150
111 30 23 148
111 32 22 100
111 15 6 100
111 6 20 150
111 6 22 150
111 27 12 148
112 49 6 150
112 49 22 100
112 49 25 100
112 0 6 150
112 0 23 150
112 6 20 150
112 6 22 150
112 41 25 150
112 1 22 100
113 16 22 150
113 12 22 150
113 12 25 148
113 11 20 148
113 11 23 100
113 9 6 100
113 32 22 100
113 0 6 150
113 0 23 150
113 47 12 99
113 24 25 100
113 23 20 100
113 29 25 150
114 11 20 148
114 11 23 100
114 48 25 100
114 29 25 150
114 1 6 99
114 1 22 100
114 41 6 100
114 41 25 150
114 0 6 150
115 17 22 150
115 26 23 100
115 31 12 99
115 20 20 148
115 20 23 150
115 41 25 150
115 29 12 100
115 49 22 100
116 23 20 100
116 48 23 150
116 29 12 100
116 27 20 99
116 10 3 99
117 15 6 100
117 45 20 100
117 21 20 150
117 6 22 150
117 0 6 150
117 0 12 148
117 17 22 150
118 47 12 99
118 23 20 100
118 48 23 150
118 15 6 100
118 42 22 150
118 46 6 100
118 17 22 150
119 34 20 150
119 34 22 100
119 34 23 150
119 26 23 100
119 31 6 148
119 32 22 100
119 17 6 148
119 17 22 150
119 15 6 100
119 27 20 99
120 49 22 100
120 23 20 100
120 21 20 150
120 21 23 100
120 16 22 150
121 36 6 99
121 36 12 150
121 36 22 100
121 38 20 150
121 8 37 99
121 46 6 100
121 46 37 100
121 49 37 150
121 24 37 150
121 9 6 100
122 24 37 150
122 39 23 150
122 11 20 148
122 11 23 100
122 12 22 150
122 35 12 150
122 15 6 100
122 16 22 150
122 32 22 100
122 17 6 148
123 3 20 150
123 0 6 150
123 0 12 148
123 41 6 100
124 9 6 100
124 0 6 150
124 0 12 148
124 0 23 150
124 31 12 99
124 38 20 150
124 46 6 100
125 48 37 100
125 6 20 150
125 23 20 100
125 8 37 99
125 36 6 99
125 36 12 150
125 46 6 100
125 46 37 100
126 16 22 150
126 16 37 150
126 29 12 100
126 29 37 148
126 42 22 150
126 21 20 150
126 49 6 150
126 49 37 150
126 18 6 100
126 18 37 100
126 46 6 100
126 46 37 100
127 46 6 100
127 46 37 100
127 8 37 99
127 49 6 150
127 49 12 100
127 49 22 100
127 49 37 150
127 26 23 100
127 23 20 100
127 36 22 100
127 17 22 150
127 18 20 99
127 18 23 100
128 0 6 150
128 21 20 150
128 23 20 100
128 34 12 100
128 46 6 100
128 46 37 100
128 29 37 148
129 18 6 100
129 18 12 150
129 18 20 99
129 18 23 100
129 18 37 100
129 24 37 150
129 30 37 150
129 7 6 150
129 26 23 100
129 26 37 100
129 9 6 100
130 1 12 100
130 1 20 150
130 1 22 100
130 17 22 150
130 48 23 150
130 34 22 100
130 23 20 100
131 46 6 100
131 31 6 148
131 31 12 99
131 26 23 100
131 11 20 148
131 11 23 100
131 1 12 100
132 39 23 150
132 21 20 150
132 16 22 150
132 47 12 99
132 34 22 100
132 1 6 99
132 1 22 100
133 44 23 150
133 45 20 100
133 31 6 148
133 27 20 99
133 17 6 148
133 17 22 150
133 7 6 150
133 34 22 100
133 32 22 100
134 33 7 148
134 12 7 150
134 27 12 148
134 27 20 99
134 34 20 150
134 1 6 99
135 36 6 99
135 36 12 150
135 36 22 100
135 20 20 148
135 20 23 150
135 21 23 100
135 12 22 150
135 46 6 100
135 1 22 100
136 45 20 100
136 9 6 100
136 0 6 150
136 0 12 148
136 49 22 100
136 49 37 150
136 41 6 100
136 41 37 100
136 24 37 150
136 46 37 100
137 11 20 148
137 11 23 100
137 31 6 148
137 31 12 99
137 42 22 150
137 6 22 150
137 12 22 150
137 34 22 100
137 36 6 99
138 6 20 150
138 6 22 150
138 8 37 99
138 36 6 99
138 36 12 150
138 36 22 100
138 27 20 99
138 4 23 148
138 7 6 150
138 21 23 100
139 17 22 150
139 47 12 99
139 30 23 148
139 45 20 100
139 23 20 100
139 36 22 100
139 32 22 100
140 34 12 100
140 34 20 150
140 34 22 100
140 34 23 150
140 17 5 100
141 23 20 100
141 48 23 150
141 45 20 100
141 45 23 99
141 46 6 100
141 18 6 100
141 18 12 150
141 18 22 148
141 49 6 150
141 49 12 100
141 49 22 100
142 31 12 99
142 23 20 100
142 21 23 100
142 1 22 100
142 27 20 99
143 18 12 150
143 18 20 99
143 18 22 148
143 18 37 100
143 30 37 150
143 24 37 150
143 6 22 150
143 46 37 100
144 24 37 150
144 3 20 150
144 1 12 100
144 1 22 100
144 49 12 100
144 49 22 100
144 49 37 150
144 41 37 100
144 16 22 150
144 16 37 150
144 8 37 99
144 26 37 100
145 47 12 99
145 3 20 150
145 34 22 100
145 24 37 150
145 23 20 100
145 16 22 150
145 2 44 100
146 21 20 150
146 24 37 150
146 8 37 99
146 6 22 150
146 13 12 148
146 48 37 100
146 26 37 100
146 49 22 100
146 49 37 150
147 38 20 150
147 47 12 99
147 30 23 148
147 27 20 99
147 46 6 100
147 17 6 148
147 17 22 150
147 32 22 100
147 42 22 150
147 18 22 148
147 18 23 100
148 11 20 148
148 11 23 100
148 35 12 150
148 0 6 150
148 31 6 148
148 12 22 150
148 3 23 100
148 49 22 100
149 36 3 99
149 36 12 150
149 36 22 100
149 30 23 148
149 49 22 100
149 3 20 150
149 12 22 150
150 39 23 150
150 20 20 148
150 0 6 150
150 18 6 100
150 18 20 99
150 18 22 148
150 36 22 100
150 16 22 150
151 3 20 150
151 3 23 100
151 4 23 148
151 1 6 99
151 15 6 100
151 46 6 100
152 20 20 148
152 29 12 100
152 29 37 148
152 7 6 150
152 41 6 100
152 41 37 100
152 34 22 100
152 16 22 150
152 16 37 150
152 48 37 100
152 15 6 100
153 27 12 148
153 27 20 99
153 21 20 150
153 16 22 150
153 16 37 150
153 31 6 148
153 9 6 100
153 34 22 100
153 18 22 148
154 31 12 99
154 11 20 148
154 11 23 100
154 6 22 150
154 18 22 148
154 32 22 100
155 27 12 148
155 27 20 99
155 17 6 148
155 17 22 150
155 16 22 150
155 16 37 150
155 18 6 100
155 18 20 99
155 18 37 100
156 3 20 150
156 3 23 100
156 39 23 150
156 24 37 150
156 12 22 150
156 48 37 100
156 36 12 150
156 36 22 100
156 49 22 100
156 49 37 150
157 13 12 148
157 15 6 100
157 20 20 148
157 20 23 150
157 31 6 148
157 16 22 150
157 32 22 100
158 45 20 100
158 29 12 100
158 29 37 148
158 32 22 100
158 48 37 100
158 42 22 150
158 24 37 150
158 9 6 100
158 49 6 150
158 49 22 100
158 49 37 150
158 15 6 100
158 38 20 150
159 18 6 100
159 18 12 150
159 18 20 99
159 18 23 100
159 18 37 100
159 41 6 100
159 41 37 100
159 23 20 100
159 11 23 100
159 36 6 99
159 36 22 100
160 17 22 150
160 42 22 150
160 36 12 150
160 18 20 99
161 18 6 100
161 18 20 99
161 18 23 100
161 1 6 99
161 1 12 100
161 1 20 150
161 11 23 100
161 15 6 100
162 0 6 150
162 21 20 150
162 7 6 150
162 45 20 100
162 8 37 99
162 41 37 100
162 34 22 100
163 11 20 148
163 11 23 100
163 32 22 100
163 26 37 100
163 1 22 100
163 48 25 100
163 48 37 100
163 46 25 100
163 46 37 100
164 31 6 148
164 21 20 150
164 21 23 100
164 8 37 99
164 9 6 100
164 44 23 150
164 18 22 148
164 18 37 100
164 34 22 100
164 41 25 150
165 49 6 150
165 49 12 100
165 49 22 100
165 49 25 100
165 41 6 100
165 41 25 150
165 48 23 150
165 48 25 100
165 20 20 148
165 6 22 150
165 46 25 100
165 18 20 99
165 18 22 148
165 1 22 100
166 39 23 150
166 27 20 99
166 27 25 100
166 24 25 100
166 18 20 99
166 40 25 100
166 29 25 150
167 0 12 148
167 0 23 150
167 49 22 100
167 49 25 100
167 45 20 100
167 45 23 99
167 23 20 100
168 11 5 100
168 11 23 100
168 47 12 99
168 49 12 100
168 49 22 100
168 36 22 100
168 21 26 150
168 26 26 148
169 4 23 148
169 15 6 100
169 45 20 100
169 45 23 99
169 7 6 150
169 1 6 99
169 1 20 150
169 1 22 100
170 48 37 100
170 41 6 100
170 41 37 100
170 30 37 150
170 3 20 150
170 6 22 150
170 7 6 150
170 27 12 148
171 25 3 100
171 29 37 148
171 6 20 150
171 6 22 150
171 1 22 100
171 48 37 100
171 36 22 100
171 14 26 100
171 23 20 100
172 7 6 150
172 24 37 150
172 20 20 148
172 31 6 148
172 31 12 99
172 42 22 150
172 34 22 100
172 26 37 100
173 23 20 100
173 39 23 150
173 49 12 100
173 49 22 100
173 49 37 150
173 42 22 150
173 12 22 150
173 30 37 150
173 26 37 100
173 1 12 100
173 1 22 100
174 27 12 148
174 27 20 99
174 30 23 148
174 1 6 99
174 1 20 150
174 1 22 100
174 7 6 150
175 0 23 150
175 2 7 99
175 18 20 99
175 18 22 148
175 18 23 100
175 36 22 100
175 30 7 100
175 19 7 100
176 1 12 100
176 1 20 150
176 1 22 100
176 31 12 99
176 12 22 150
176 3 20 150
176 3 23 100
177 47 12 99
177 42 22 150
177 44 23 150
177 45 20 100
177 45 23 99
177 46 6 100
177 36 6 99
177 36 22 100
177 17 6 148
177 18 22 148
177 12 22 150
177 31 12 99
178 12 22 150
178 45 20 100
178 36 6 99
178 36 12 150
178 36 22 100
178 15 6 100
178 38 20 150
178 24 37 150
178 9 6 100
178 29 37 148
178 46 37 100
179 21 20 150
179 21 23 100
179 16 37 150
179 46 6 100
179 46 37 100
179 9 6 100
179 48 37 100
180 30 37 150
180 47 12 99
180 21 20 150
180 34 22 100
180 24 37 150
180 1 22 100
180 42 22 150
180 29 37 148
180 18 20 99
180 18 37 100
181 9 6 100
181 44 23 150
181 20 20 148
181 26 23 100
181 26 37 100
181 31 6 148
181 41 6 100
181 18 22 148
182 42 22 150
182 20 20 148
182 20 23 150
182 9 6 100
182 13 12 148
182 7 6 150
182 36 22 100
182 1 22 100
183 20 20 148
183 20 23 150
183 23 20 100
183 12 22 150
183 27 12 148
183 1 6 99
183 1 22 100
183 32 22 100
183 42 22 150
184 29 12 100
184 29 37 148
184 48 37 100
184 38 20 150
184 41 6 100
184 41 37 100
184 12 22 150
184 9 6 100
184 49 22 100
184 49 37 150
184 34 22 100
185 44 23 150
185 34 12 100
185 34 20 150
185 1 6 99
185 1 12 100
185 49 6 150
185 49 37 150
185 21 23 100
186 32 22 100
186 44 23 150
186 3 20 150
186 35 12 150
186 41 6 100
186 34 22 100
186 1 6 99
186 1 22 100
186 49 6 150
187 45 20 100
187 34 20 150
187 36 6 99
187 15 6 100
187 8 37 99
188 48 37 100
188 9 6 100
188 45 20 100
188 35 12 150
188 18 6 100
188 18 20 99
188 18 22 148
188 18 37 100
188 32 22 100
188 17 6 148
188 12 22 150
189 35 12 150
189 11 20 148
189 11 23 100
189 7 6 150
189 15 6 100
189 48 37 100
189 24 37 150
189 8 37 99
189 45 23 99
190 9 6 100
190 35 12 150
190 44 23 150
190 29 37 148
190 38 20 150
190 18 6 100
190 18 22 148
190 18 37 100
190 36 6 99
190 36 22 100
190 32 22 100
191 42 22 150
191 12 22 150
191 31 12 99
191 23 20 100
191 8 37 99
191 29 37 148
191 21 20 150
191 46 37 100
192 49 6 150
192 20 20 148
192 41 6 100
192 41 37 100
193 30 23 148
193 0 6 150
193 0 12 148
193 46 6 100
193 38 20 150
193 36 6 99
193 23 20 100
193 31 12 99
194 23 20 100
194 36 6 99
194 36 22 100
194 15 6 100
194 11 23 100
194 12 22 150
194 32 22 100
194 4 23 148
194 1 6 99
194 1 12 100
195 30 23 148
195 9 6 100
195 11 20 148
195 42 22 150
195 18 6 100
195 18 20 99
195 18 22 148
196 32 22 100
196 12 22 150
196 34 12 100
196 34 20 150
196 34 22 100
196 34 23 150
196 1 6 99
197 4 23 148
197 20 20 148
197 49 12 100
197 27 20 99
197 21 23 100
197 1 12 100
198 49 6 150
198 49 12 100
198 49 22 100
198 49 37 150
198 9 6 100
198 3 20 150
198 16 22 150
198 16 37 150
198 41 37 100
199 8 37 99
199 7 6 150
199 44 23 150
199 23 20 100
199 35 12 150
199 31 6 148
199 41 37 100
199 45 20 100
200 38 20 150
200 42 22 150
200 48 37 100
200 12 22 150
200 16 22 150
200 16 37 150
200 26 37 100
201 44 23 150
201 1 20 150
201 1 22 100
201 42 22 150
201 6 22 150
202 31 6 148
202 31 12 99
202 26 23 100
202 26 37 100
202 48 23 150
202 48 37 100
202 15 6 100
202 49 12 100
202 49 22 100
202 49 37 150
202 27 20 99
202 45 20 100
203 41 6 100
203 44 23 150
203 0 6 150
203 20 20 148
203 16 22 150
203 47 12 99
203 18 6 100
203 18 20 99
203 18 22 148
204 23 20 100
204 0 6 150
204 0 12 148
204 30 37 150
204 27 20 99
204 1 6 99
204 1 22 100
204 8 37 99
204 34 22 100
205 18 20 99
205 18 22 148
205 18 37 100
205 1 22 100
205 12 22 150
205 41 37 100
205 23 20 100
206 27 12 148
206 27 20 99
206 39 23 150
206 49 37 150
206 17 5 100
206 16 37 150
206 8 37 99
207 44 23 150
207 27 20 99
207 48 37 100
207 29 37 148
207 0 3 99
207 1 20 150
207 18 37 100
208 41 6 100
208 41 37 100
208 27 12 148
208 27 20 99
208 48 23 150
208 15 6 100
208 49 22 100
208 46 6 100
208 42 22 150
208 23 20 100
208 21 23 100
208 1 22 100
209 15 6 100
209 16 22 150
209 11 20 148
209 11 23 100
209 18 6 100
209 18 12 150
209 18 22 148
209 18 23 100
209 36 6 99
210 12 22 150
210 13 12 148
210 34 20 150
210 34 22 100
210 7 6 150
210 16 22 150
210 18 6 100
211 39 23 150
211 38 20 150
211 27 20 99
211 31 6 148
211 46 6 100
212 46 37 100
212 42 22 150
212 35 12 150
212 23 20 100
212 48 37 100
212 27 20 99
212 36 22 100
213 27 12 148
213 27 20 99
213 23 20 100
213 46 37 100
213 0 23 150
213 6 22 150
213 36 22 100
214 11 20 148
214 11 23 100
214 26 23 100
214 26 37 100
214 17 6 148
214 0 6 150
214 0 12 148
214 48 37 100
214 12 22 150
215 24 37 150
215 49 6 150
215 49 12 100
215 49 22 100
215 21 20 150
215 21 23 100
215 26 23 100
215 26 37 100
215 42 22 150
215 15 6 100
216 31 6 148
216 31 12 99
216 48 23 150
216 11 20 148
216 47 12 99
216 36 6 99
216 36 22 100
217 4 23 148
217 38 20 150
217 16 22 150
217 13 12 148
217 41 6 100
217 9 6 100
217 15 6 100
217 45 20 100
217 42 22 150
218 21 20 150
218 21 23 100
218 6 22 150
218 46 6 100
218 32 22 100
218 34 12 100
218 34 22 100
218 34 23 150
218 49 6 150
218 49 22 100
218 16 22 150
219 3 20 150
219 3 23 100
219 27 12 148
219 32 22 100
219 17 6 148
219 42 22 150
220 27 12 148
220 27 20 99
220 45 20 100
220 17 6 148
220 12 22 150
220 31 6 148
221 27 12 148
221 27 20 99
221 16 7 148
221 45 20 100
221 45 23 99
221 4 23 148
221 49 7 100
222 30 37 150
222 48 37 100
222 20 20 148
222 46 6 100
222 46 37 100
222 6 22 150
222 24 37 150
222 15 6 100
222 32 22 100
222 16 22 150
222 16 37 150
222 0 12 148
223 29 12 100
223 29 37 148
223 48 37 100
223 36 6 99
223 24 37 150
223 41 6 100
223 41 37 100
223 6 20 150
223 1 6 99
223 30 37 150
224 26 23 100
224 45 20 100
224 45 23 99
224 0 6 150
224 0 12 148
224 27 20 99
224 34 22 100
224 9 6 100
225 45 20 100
225 21 20 150
225 6 22 150
225 16 22 150
225 16 37 150
225 1 6 99
225 1 22 100
225 8 37 99
225 30 37 150
225 32 22 100
226 48 23 150
226 48 37 100
226 30 37 150
226 41 6 100
226 16 22 150
226 17 6 148
226 27 12 148
226 27 20 99
226 34 22 100
226 36 22 100
227 17 6 148
227 41 6 100
227 21 20 150
227 21 23 100
227 34 12 100
227 34 22 100
227 3 23 100
227 32 22 100
227 16 22 150
228 12 22 150
228 38 20 150
228 18 6 100
228 18 12 150
228 18 20 99
228 18 22 148
228 18 23 100
228 0 6 150
228 46 6 100
228 21 23 100
229 47 12 99
229 36 22 100
229 1 12 100
229 1 20 150
230 23 20 100
230 34 12 100
230 34 20 150
230 34 22 100
230 34 23 150
230 18 6 100
230 18 22 148
230 9 6 100
231 11 20 148
231 11 23 100
231 18 6 100
231 18 12 150
231 18 22 148
231 18 23 100
231 42 22 150
231 15 6 100
231 41 6 100
231 16 22 150
232 3 20 150
232 3 23 100
232 0 12 148
232 36 22 100
232 12 22 150
233 41 6 100
233 41 37 100
233 29 12 100
233 29 37 148
233 46 6 100
233 46 37 100
233 3 20 150
233 31 6 148
233 16 22 150
233 16 37 150
233 1 22 100
233 18 22 148
233 18 37 100
233 26 37 100
234 18 6 100
234 18 12 150
234 18 20 99
234 18 22 148
234 18 37 100
234 36 6 99
234 36 22 100
234 20 20 148
234 24 37 150
234 34 22 100
234 30 37 150
235 35 12 150
235 45 20 100
235 32 22 100
235 9 6 100
235 1 6 99
235 1 22 100
235 26 37 100
236 34 12 100
236 34 20 150
236 34 22 100
236 34 23 150
236 24 37 150
236 46 6 100
236 27 20 99
237 9 6 100
237 6 20 150
237 44 23 150
237 3 23 100
237 49 6 150
237 49 12 100
237 13 12 148
237 36 6 99
238 27 20 99
238 41 6 100
238 48 23 150
238 42 22 150
238 36 6 99
238 36 22 100
238 21 20 150
238 16 22 150
239 49 12 100
239 49 22 100
239 45 20 100
239 45 23 99
239 42 22 150
239 0 23 150
239 9 6 100
239 34 22 100
240 9 6 100
240 47 12 99
240 31 6 148
240 31 12 99
240 48 23 150
240 27 20 99
240 38 20 150
241 20 20 148
241 20 23 150
241 7 6 150
241 6 22 150
241 9 6 100
241 31 12 99
241 12 22 150
242 18 6 100
242 18 20 99
242 18 22 148
242 18 23 100
242 49 6 150
242 49 22 100
242 21 23 100
242 27 20 99
242 9 6 100
243 36 6 99
243 36 12 150
243 36 22 100
243 11 20 148
243 11 23 100
243 17 6 148
243 26 23 100
244 48 23 150
244 45 20 100
244 35 12 150
244 18 20 99
244 18 22 148
244 32 22 100
244 6 5 100
245 38 20 150
245 44 23 150
245 29 12 100
245 15 6 100
245 49 6 150
245 49 22 100
245 6 22 150
246 36 6 99
246 36 22 100
246 27 20 99
246 1 6 99
246 1 20 150
246 1 22 100
246 0 6 150
246 31 12 99
247 1 6 99
247 1 12 100
247 1 20 150
247 1 22 100
247 49 6 150
247 49 22 100
247 16 22 150
247 20 23 150
248 49 6 150
248 49 22 100
248 30 23 148
248 41 6 100
248 11 20 148
248 11 23 100
248 45 20 100
248 32 22 100
248 18 6 100
249 49 6 150
249 49 22 100
249 36 6 99
249 36 22 100
249 42 22 150
249 23 20 100
249 0 23 150
249 45 20 100
250 3 20 150
250 18 12 150
251 34 20 150
251 34 22 100
251 34 23 150
251 11 23 100
251 9 6 100
251 32 22 100
251 42 22 150
251 40 25 100
251 31 6 148
252 38 20 150
252 32 22 100
252 11 23 100
252 41 6 100
252 41 25 150
252 7 6 150
252 24 25 100
252 15 6 100
252 42 22 150
252 49 12 100
252 49 22 100
252 49 25 100
252 46 25 100
253 4 23 148
253 42 22 150
253 47 12 99
253 32 22 100
253 34 12 100
253 34 20 150
253 34 22 100
253 27 20 99
253 27 25 100
253 26 23 100
253 41 6 100
253 41 25 150
253 12 25 148
253 17 6 148
253 40 25 100
254 24 25 100
254 1 20 150
254 1 22 100
254 36 22 100
254 44 23 150
254 16 22 150
255 1 12 100
255 1 20 150
255 1 22 100
255 6 22 150
255 42 22 150
255 3 23 100
255 26 23 100
255 23 20 100
255 48 25 100
256 32 22 100
256 4 23 148
256 20 20 148
256 6 22 150
256 15 6 100
256 47 12 99
256 41 6 100
256 36 6 99
256 36 22 100
257 21 20 150
257 21 23 100
257 30 23 148
257 1 12 100
258 17 6 148
258 31 6 148
258 31 12 99
258 21 20 150
258 21 23 100
259 27 12 148
259 27 20 99
259 31 6 148
259 49 6 150
259 49 22 100
259 42 22 150
259 38 20 150
259 32 22 100
260 6 20 150
260 26 44 100
260 47 12 99
260 23 20 100
260 34 12 100
261 23 20 100
261 42 22 150
261 12 22 150
261 34 12 100
261 1 6 99
261 9 6 100
262 26 23 100
262 7 6 150
262 9 6 100
262 21 20 150
262 21 23 100
262 16 22 150
262 42 22 150
262 27 12 148
262 27 20 99
262 41 6 100
263 31 6 148
263 23 20 100
263 46 6 100
263 39 23 150
263 12 22 150
263 42 22 150
263 1 22 100
264 39 23 150
264 25 3 100
264 21 20 150
264 21 23 100
264 6 22 150
264 49 12 100
264 49 22 100
264 36 22 100
264 18 20 99
265 41 37 100
265 13 12 148
265 32 22 100
265 6 20 150
265 6 22 150
265 34 22 100
266 39 23 150
266 20 20 148
266 12 22 150
266 46 37 100
266 41 37 100
267 24 37 150
267 45 20 100
267 35 12 150
267 18 20 99
267 18 22 148
267 18 37 100
267 26 37 100
267 49 22 100
267 49 37 150
267 16 22 150
267 16 37 150
267 34 22 100
267 41 37 100
267 29 37 148
268 32 22 100
268 1 20 150
268 1 22 100
268 23 20 100
268 46 37 100
268 11 23 100
268 42 22 150
269 31 12 99
269 12 22 150
269 3 20 150
269 3 23 100
269 26 37 100
269 6 22 150
269 45 20 100
269 41 37 100
270 8 37 99
270 45 20 100
270 32 22 100
270 23 20 100
270 29 37 148
270 49 22 100
270 49 37 150
270 24 37 150
270 46 37 100
270 12 22 150
271 36 12 150
271 36 22 100
271 16 22 150
271 16 37 150
271 1 20 150
271 1 22 100
271 34 23 150
272 13 12 148
272 27 20 99
272 29 37 148
272 39 23 150
272 41 37 100
272 1 22 100
272 42 22 150
272 49 22 100
272 49 37 150
272 45 20 100
273 11 20 148
273 11 23 100
273 30 23 148
274 23 20 100
274 18 12 150
274 18 20 99
274 18 23 100
274 21 23 100
275 36 12 150
275 36 22 100
275 23 20 100
275 41 37 100
275 1 22 100
275 6 22 150
275 29 37 148
276 13 12 148
276 30 37 150
276 16 37 150
276 27 20 99
276 6 20 150
276 8 37 99
277 0 12 148
277 0 23 150
277 21 20 150
277 49 22 100
277 16 22 150
277 32 22 100
278 45 20 100
278 45 23 99
278 12 22 150
278 20 20 148
278 29 12 100
278 49 22 100
278 36 22 100
279 11 20 148
279 11 23 100
279 16 22 150
279 29 12 100
279 42 22 150
279 20 23 150
279 47 12 99
280 23 20 100
280 45 20 100
280 45 23 99
280 1 22 100
280 12 22 150
280 12 25 148
280 27 25 100
280 18 23 100
280 49 22 100
280 49 25 100
281 16 22 150
281 0 23 150
281 48 25 100
281 46 25 100
281 12 22 150
281 12 25 148
281 18 20 99
281 27 25 100
282 42 22 150
282 45 20 100
282 34 12 100
282 34 20 150
282 34 22 100
282 18 12 150
282 18 22 148
282 40 25 100
282 24 25 100
282 41 25 150
283 21 20 150
283 21 23 100
283 40 25 100
283 36 22 100
283 11 23 100
283 1 22 100
283 12 22 150
284 23 20 100
284 30 23 148
284 45 20 100
284 0 12 148
285 1 12 100
285 1 20 150
285 1 22 100
285 42 22 150
285 24 37 150
285 26 37 100
285 41 37 100
285 18 37 100
286 3 20 150
286 3 23 100
286 49 12 100
286 49 22 100
286 49 37 150
286 1 12 100
286 48 37 100
286 18 20 99
286 18 23 100
287 18 20 99
287 18 22 148
287 18 23 100
287 16 22 150
287 11 23 100
288 12 22 150
288 34 12 100
288 34 20 150
288 34 22 100
288 34 23 150
288 23 20 100
289 16 22 150
289 45 20 100
290 40 42 100
290 49 12 100
290 49 22 100
290 48 23 150
290 45 20 100
290 47 12 99
290 6 22 150
291 29 12 100
291 36 22 100
291 26 23 100
291 27 20 99
291 18 20 99
291 18 22 148
291 18 23 100
291 32 22 100
292 43 42 100
292 29 12 100
292 36 22 100
292 32 22 100
292 11 20 148
292 11 23 100
292 6 22 150
292 18 20 99
292 18 23 100
293 23 20 100
293 23 42 150
293 0 12 148
293 0 23 150
293 16 22 150
293 1 22 100
293 49 22 100
294 3 20 150
294 3 23 100
294 3 42 99
294 11 23 100
294 6 22 150
294 1 12 100
294 1 22 100
294 32 22 100
294 31 12 99
295 29 12 100
295 29 37 148
295 6 20 150
295 3 42 99
296 8 37 99
296 26 37 100
296 29 12 100
296 29 37 148
296 3 20 150
296 20 20 148
296 34 12 100
296 46 37 100
297 21 20 150
297 21 23 100
297 21 42 100
297 43 42 100
297 45 23 99
298 40 42 100
298 23 20 100
298 34 12 100
298 34 22 100
298 34 23 150
298 16 22 150
298 18 20 99
299 11 20 148
299 11 23 100
299 10 42 150
299 36 12 150
299 36 22 100
299 49 12 100
300 11 20 148
300 11 23 100
300 24 37 150
300 40 42 100
300 46 37 100
300 30 37 150
300 36 22 100
300 8 37 99
300 29 12 100
300 29 37 148
300 6 22 150
300 1 22 100
301 44 23 150
301 45 20 100
301 20 20 148
301 20 42 148
301 13 12 148
301 49 22 100
301 1 22 100
302 11 20 148
302 11 23 100
302 1 12 100
302 1 22 100
302 30 23 148
302 6 22 150
302 18 22 148
302 36 22 100
302 40 42 100
303 8 37 99
303 26 37 100
303 12 22 150
303 30 37 150
303 46 37 100
303 46 42 99
303 24 37 150
303 1 12 100
303 1 20 150
303 1 22 100
304 20 20 148
304 20 42 148
304 23 20 100
304 26 37 100
304 30 37 150
304 13 12 148
305 11 20 148
305 0 42 150
305 30 37 150
305 16 22 150
305 16 37 150
305 36 22 100
305 32 22 100
305 1 12 100
306 49 12 100
306 49 22 100
306 49 37 150
306 45 20 100
306 45 23 99
306 21 20 150
306 21 42 100
306 16 22 150
306 1 22 100
306 18 37 100
307 22 42 150
307 32 22 100
307 1 20 150
307 1 22 100
307 6 22 150
307 48 37 100
307 8 37 99
307 49 37 150
308 31 12 99
308 6 20 150
308 6 22 150
308 18 22 148
308 18 37 100
308 1 22 100
308 16 37 150
308 46 37 100
308 46 42 99
308 8 37 99
309 18 12 150
309 18 20 99
309 18 22 148
309 18 23 100
309 18 37 100
309 18 42 150
309 44 23 150
309 21 20 150
309 42 22 150
309 8 37 99
309 26 37 100
309 16 37 150
310 35 12 150
310 8 37 99
310 3 20 150
310 3 42 99
310 16 37 150
310 18 37 100
311 0 12 148
311 0 42 150
311 30 37 150
311 26 37 100
311 20 20 148
311 41 37 100
311 24 37 150
312 39 23 150
312 41 37 100
312 23 20 100
312 23 42 150
312 1 12 100
312 1 22 100
312 46 37 100
312 42 22 150
312 36 22 100
312 8 37 99
313 35 12 150
313 29 37 148
313 26 23 100
313 26 37 100
313 16 22 150
313 1 20 150
313 1 22 100
313 38 20 150
313 21 23 100
313 21 42 100
313 36 22 100
314 49 12 100
314 49 22 100
314 49 42 148
314 42 22 150
314 18 20 99
314 18 23 100
314 34 12 100
314 34 22 100
314 21 23 100
315 45 20 100
315 45 23 99
315 43 42 100
315 6 20 150
315 1 12 100
316 23 20 100
316 23 42 150
316 35 12 150
316 6 22 150
316 3 23 100
316 42 22 150
316 0 23 150
317 12 22 150
317 6 20 150
317 6 22 150
317 29 12 100
317 18 20 99
317 31 12 99
317 40 42 100
318 6 20 150
318 14 42 100
318 47 12 99
318 24 37 150
318 49 37 150
318 26 37 100
319 26 37 100
319 49 12 100
319 49 37 150
319 49 42 148
319 8 37 99
319 20 20 148
319 24 37 150
320 26 23 100
320 26 37 100
320 1 12 100
320 1 20 150
320 30 37 150
320 43 42 100
320 49 37 150
320 21 23 100
321 16 22 150
321 14 42 100
321 31 12 99
321 49 22 100
321 45 20 100
321 45 23 99
321 23 20 100
321 1 22 100
322 20 20 148
322 20 23 150
322 20 42 148
322 11 20 148
322 11 23 100
322 31 12 99
323 18 12 150
323 18 20 99
323 18 42 150
323 45 20 100
324 29 12 100
324 3 20 150
324 3 23 100
324 3 42 99
325 27 12 148
325 27 20 99
325 26 23 100
325 18 20 99
325 18 23 100
325 18 42 150
325 49 12 100
326 30 23 148
326 40 42 100
326 34 12 100
326 34 20 150
326 34 22 100
326 16 22 150
326 6 22 150
326 18 23 100
327 4 23 148
327 47 12 99
327 10 42 150
327 49 22 100
327 36 22 100
327 34 20 150
327 34 22 100
328 34 12 100
328 34 20 150
328 49 42 148
328 27 20 99
329 22 42 150
329 44 23 150
329 36 22 100
329 18 20 99
329 18 22 148
329 6 22 150
329 27 20 99
330 47 12 99
330 38 20 150
330 23 41 99
330 17 41 100
330 32 22 100
330 42 22 150
330 34 22 100
331 38 20 150
331 47 12 99
331 32 22 100
331 16 22 150
331 16 37 150
332 34 12 100
332 34 20 150
332 34 22 100
332 34 23 150
332 40 42 100
332 49 12 100
332 49 22 100
332 49 37 150
332 49 42 148
332 26 37 100
332 36 22 100
332 8 37 99
333 44 23 150
333 18 12 150
333 18 20 99
333 18 23 100
333 18 37 100
333 23 20 100
333 48 37 100
333 43 42 100
333 32 22 100
334 27 12 148
334 27 20 99
334 14 42 100
334 20 23 150
334 23 20 100
335 5 42 150
335 11 20 148
335 11 23 100
335 35 12 150
335 49 22 100
335 32 22 100
336 38 20 150
336 16 22 150
336 3 23 100
336 3 42 99
336 47 12 99
336 36 22 100
336 1 22 100
336 49 22 100
336 45 23 99
337 26 23 100
337 26 37 100
337 8 37 99
337 41 37 100
337 0 12 148
337 0 42 150
337 42 22 150
337 1 20 150
337 1 22 100
337 12 22 150
338 22 42 150
338 36 12 150
338 6 20 150
338 4 23 148
338 24 37 150
338 48 37 100
338 30 37 150
338 45 20 100
339 45 20 100
339 45 23 99
339 21 23 100
339 21 42 100
339 23 20 100
339 47 12 99
339 29 12 100
340 22 42 150
340 8 37 99
340 21 20 150
340 1 12 100
340 1 22 100
340 16 22 150
340 16 37 150
340 18 37 100
341 48 37 100
341 45 20 100
341 16 22 150
341 16 37 150
341 49 12 100
341 49 22 100
341 34 22 100
341 27 20 99
341 40 42 100
342 21 20 150
342 21 23 100
342 21 42 100
342 6 22 150
342 49 12 100
342 49 22 100
342 12 22 150
342 26 23 100
343 0 12 148
343 0 42 150
343 30 37 150
343 34 12 100
343 34 20 150
343 16 37 150
343 29 37 148
344 22 42 150
344 12 22 150
344 31 12 99
344 11 20 148
344 18 20 99
344 18 22 148
344 18 37 100
344 26 37 100
344 16 37 150
345 40 42 100
345 31 12 99
345 12 22 150
345 38 20 150
345 32 22 100
345 6 22 150
345 39 23 150
345 26 37 100
345 16 37 150
346 14 42 100
346 42 22 150
346 46 37 100
346 35 12 150
346 6 20 150
346 6 22 150
346 34 23 150
346 29 37 148
347 16 22 150
347 30 23 148
347 47 12 99
347 11 20 148
347 11 23 100
347 40 42 100
347 1 22 100
347 49 22 100
347 18 37 100
347 21 42 100
348 29 12 100
348 40 42 100
348 38 20 150
348 20 23 150
348 49 12 100
349 16 22 150
349 26 23 100
349 45 20 100
349 45 23 99
349 35 12 150
349 10 42 150
349 6 20 150
349 6 22 150
350 29 12 100
350 16 22 150
350 18 20 99
350 18 22 148
350 43 42 100
350 23 20 100
350 34 22 100
351 1 12 100
351 1 20 150
351 1 22 100
351 5 42 150
351 42 22 150
351 21 23 100
351 36 22 100
352 18 12 150
352 18 20 99
352 18 22 148
352 18 23 100
352 16 22 150
352 27 20 99
352 39 23 150
353 36 12 150
353 36 22 100
353 43 42 100
353 3 20 150
353 3 42 99
353 49 22 100
353 42 22 150
354 47 12 99
354 45 20 100
354 45 23 99
354 49 22 100
354 1 22 100
354 42 22 150
354 18 20 99
354 18 23 100
355 5 42 150
355 3 20 150
355 3 23 100
355 32 22 100
355 29 12 100
355 6 22 150
356 27 12 148
356 27 20 99
356 11 23 100
356 29 12 100
356 4 23 148
356 34 22 100
356 45 20 100
356 6 22 150
356 42 22 150
357 26 23 100
357 11 20 148
357 43 42 100
357 31 12 99
358 39 23 150
358 14 42 100
358 45 20 100
358 45 23 99
358 27 12 148
358 27 20 99
358 49 22 100
358 16 22 150
359 34 12 100
359 34 20 150
359 34 22 100
359 0 42 150
359 30 37 150
359 26 37 100
359 8 37 99
359 46 37 100
359 41 37 100
359 12 22 150
360 10 42 150
360 32 22 100
360 32 44 99
360 18 12 150
360 18 20 99
360 18 22 148
360 18 37 100
360 12 22 150
360 34 22 100
361 26 23 100
361 45 20 100
361 45 23 99
361 31 42 150
361 49 22 100
361 1 20 150
361 1 22 100
362 43 42 100
362 23 20 100
362 18 20 99
362 18 22 148
362 18 23 100
362 6 22 150
362 49 22 100
362 42 22 150
363 14 42 100
363 16 22 150
363 16 37 150
363 49 12 100
363 49 22 100
363 49 37 150
363 36 22 100
363 41 37 100
363 8 37 99
363 29 12 100
363 29 37 148
363 11 20 148
364 34 12 100
364 34 20 150
364 34 22 100
364 34 23 150
364 45 20 100
364 45 23 99
364 36 22 100
364 3 42 99
364 32 22 100
365 36 12 150
365 36 22 100
365 12 22 150
365 34 20 150
365 34 22 100
365 11 5 100
365 14 42 100
365 8 37 99
365 21 42 100
366 43 42 100
366 1 20 150
366 1 22 100
366 38 20 150
366 26 23 100
366 26 37 100
366 36 22 100
366 49 22 100
366 49 37 150
367 46 37 100
367 16 22 150
367 16 37 150
367 8 37 99
367 31 12 99
367 27 20 99
367 39 23 150
368 6 20 150
368 6 22 150
368 23 20 100
368 23 42 150
368 21 23 100
368 34 22 100
368 42 22 150
369 48 23 150
369 27 12 148
369 27 20 99
369 34 3 100
369 34 22 100
369 16 22 150
369 21 42 100
370 16 22 150
370 21 20 150
370 21 23 100
370 21 42 100
370 49 6 150
370 49 12 100
370 49 22 100
370 1 6 99
370 45 20 100
370 45 23 99
371 34 20 150
371 34 22 100
371 34 23 150
371 22 42 150
371 49 22 100
371 32 22 100
371 23 20 100
372 11 20 148
372 11 23 100
372 12 22 150
372 48 23 150
372 3 42 99
372 13 12 148
372 1 6 99
372 1 22 100
372 42 22 150
373 23 20 100
373 23 42 150
373 41 37 100
373 42 22 150
373 49 12 100
373 49 22 100
373 49 37 150
373 8 37 99
373 18 20 99
373 18 37 100
374 26 23 100
374 26 37 100
374 10 42 150
374 41 37 100
374 3 20 150
374 31 12 99
374 18 22 148
374 32 22 100
374 12 22 150
375 44 23 150
375 11 20 148
375 11 23 100
375 42 22 150
375 41 6 100
375 29 12 100
375 0 6 150
375 0 12 148
376 49 6 150
376 49 12 100
376 49 22 100
376 49 42 148
376 30 23 148
376 7 6 150
376 12 22 150
376 36 22 100
377 44 23 150
377 6 20 150
377 6 22 150
377 20 20 148
377 0 12 148
377 32 22 100
377 43 42 100
378 43 42 100
378 20 20 148
378 20 23 150
378 6 22 150
378 11 23 100
378 45 20 100
378 0 12 148
378 49 22 100
379 32 22 100
379 31 12 99
379 36 22 100
379 44 23 150
379 6 20 150
379 6 22 150
380 1 12 100
380 1 20 150
380 1 22 100
380 21 23 100
380 21 42 100
380 11 23 100
380 47 12 99
380 27 20 99
380 16 22 150
380 42 22 150
380 2 3 99
381 13 12 148
381 1 6 99
381 1 20 150
381 1 22 100
381 21 42 100
381 0 6 150
381 42 22 150
381 3 42 99
382 29 12 100
382 49 22 100
382 42 22 150
382 6 20 150
382 6 22 150
382 3 23 100
382 3 42 99
383 17 5 100
383 1 20 150
383 1 22 100
383 49 22 100
383 49 42 148
383 4 23 148
383 18 20 99
383 18 22 148
383 18 23 100
384 27 12 148
384 27 20 99
384 43 42 100
384 16 22 150
384 45 23 99
384 34 22 100
385 16 22 150
385 12 22 150
385 13 12 148
385 43 42 100
385 4 23 148
385 20 20 148
385 18 20 99
385 18 22 148
385 18 23 100
386 26 23 100
386 22 42 150
386 12 22 150
386 38 20 150
386 21 23 100
386 31 12 99
386 1 22 100
387 21 20 150
387 21 23 100
387 21 42 100
387 36 12 150
388 20 20 148
388 20 23 150
388 20 42 148
388 18 12 150
388 18 20 99
388 18 22 148
388 18 23 100
388 1 22 100
388 32 22 100
389 47 12 99
389 46 42 99
389 42 22 150
389 45 20 100
389 16 22 150
390 20 20 148
390 20 42 148
390 35 12 150
390 32 22 100
390 23 20 100
391 46 37 100
391 46 42 99
391 12 22 150
391 20 20 148
391 16 22 150
391 16 37 150
391 29 12 100
391 29 37 148
391 41 37 100
391 18 37 100
392 18 12 150
392 18 20 99
392 18 37 100
392 18 42 150
392 48 37 100
392 23 20 100
392 24 37 150
392 16 37 150
392 31 12 99
392 11 5 100
393 21 20 150
393 21 23 100
393 21 42 100
393 13 12 148
393 6 22 150
393 8 37 99
393 42 22 150
393 24 37 150
393 45 23 99
394 31 42 150
394 18 20 99
394 18 22 148
394 18 23 100
394 38 20 150
395 47 12 99
395 27 20 99
395 42 22 150
395 5 42 150
395 32 22 100
395 36 22 100
395 34 22 100
395 6 22 150
396 32 22 100
396 40 42 100
396 6 20 150
396 6 22 150
396 18 6 100
396 18 12 150
396 18 20 99
396 18 23 100
396 36 6 99
396 36 22 100
396 1 6 99
396 39 23 150
397 36 12 150
397 36 22 100
397 42 22 150
397 6 20 150
397 0 23 150
397 0 42 150
398 34 12 100
398 34 20 150
398 34 22 100
398 34 23 150
398 0 42 150
398 16 22 150
398 42 22 150
399 15 6 100
399 23 20 100
399 9 6 100
399 46 6 100
399 49 12 100
399 49 22 100
399 4 23 148
400 48 23 150
400 43 41 150
400 43 42 100
400 27 20 99
400 11 20 148
400 11 23 100
400 12 22 150
400 32 22 100
400 34 22 100
401 35 12 150
401 26 23 100
401 42 22 150
401 34 20 150
401 34 22 100
401 14 42 100
401 45 23 99
401 16 22 150
402 26 23 100
402 23 20 100
402 23 42 150
402 27 12 148
402 27 20 99
402 42 22 150
403 1 12 100
403 1 20 150
403 1 22 100
403 45 23 99
403 17 5 100
403 48 23 150
403 22 42 150
403 18 22 148
404 29 12 100
404 20 20 148
404 20 23 150
404 42 22 150
404 21 42 100
404 47 12 99
404 49 22 100
404 12 22 150
405 14 42 100
405 27 12 148
405 27 20 99
405 20 20 148
405 20 23 150
405 1 22 100
406 45 20 100
406 0 12 148
406 0 42 150
406 27 20 99
406 1 22 100
406 48 37 100
406 42 22 150
406 18 37 100
406 32 22 100
406 26 37 100
407 24 37 150
407 39 23 150
407 35 12 150
407 14 42 100
407 27 20 99
407 48 37 100
407 3 23 100
407 26 37 100
408 23 20 100
408 27 12 148
408 27 20 99
409 1 12 100
409 1 20 150
409 1 22 100
409 45 20 100
409 49 22 100
409 49 42 148
410 18 12 150
410 18 20 99
410 18 22 148
410 18 42 150
410 36 22 100
410 1 22 100
410 49 22 100
411 16 22 150
411 16 37 150
411 3 20 150
411 3 42 99
411 6 22 150
411 48 37 100
411 30 37 150
411 8 37 99
412 13 12 148
412 17 5 100
412 24 37 150
412 22 42 150
412 32 22 100
412 38 20 150
412 18 20 99
412 18 22 148
412 18 23 100
412 11 23 100
413 48 23 150
413 40 42 100
413 29 12 100
413 11 20 148
413 18 22 148
414 30 3 100
414 30 23 148
414 1 12 100
414 1 20 150
414 1 22 100
414 31 12 99
414 31 42 150
414 42 22 150
415 24 37 150
415 29 12 100
415 29 37 148
415 3 20 150
415 3 42 99
415 45 20 100
415 46 37 100
415 16 37 150
415 36 22 100
416 3 20 150
416 3 23 100
416 3 42 99
416 46 37 100
416 6 22 150
416 49 12 100
416 49 22 100
416 31 12 99
416 45 23 99
417 14 42 100
417 34 12 100
417 34 20 150
417 34 23 150
417 47 12 99
417 40 42 100
417 23 20 100
418 34 12 100
418 34 20 150
418 34 22 100
418 49 22 100
418 14 42 100
418 36 22 100
419 6 20 150
419 29 12 100
419 40 42 100
419 49 12 100
419 49 22 100
420 23 20 100
420 18 12 150
420 18 20 99
420 18 23 100
420 3 23 100
421 48 23 150
421 6 5 100
421 6 20 150
421 22 42 150
421 47 12 99
422 5 42 150
422 4 23 148
422 16 22 150
422 1 12 100
422 1 20 150
422 1 22 100
422 47 12 99
423 47 12 99
423 38 20 150
423 20 23 150
423 6 22 150
423 26 23 100
423 14 42 100
423 12 22 150
423 16 22 150
423 18 20 99
424 36 12 150
424 36 22 100
424 18 20 99
424 18 22 148
424 18 37 100
424 18 42 150
424 41 37 100
424 1 22 100
425 41 37 100
425 43 42 100
425 48 23 150
425 48 37 100
425 24 37 150
425 32 22 100
425 11 20 148
425 1 12 100
425 1 22 100
425 12 22 150
426 40 42 100
426 6 20 150
426 6 22 150
426 47 12 99
426 49 22 100
426 49 37 150
426 45 20 100
426 45 23 99
426 20 23 150
427 14 42 100
427 11 20 148
427 11 23 100
427 7 6 150
427 34 12 100
427 47 12 99
427 49 6 150
428 13 12 148
428 11 20 148
428 11 23 100
428 21 23 100
428 21 42 100
428 3 42 99
429 21 20 150
429 21 23 100
429 32 22 100
429 6 20 150
429 6 22 150
429 12 22 150
430 30 23 148
430 48 23 150
430 49 12 100
430 49 22 100
430 23 20 100
430 3 42 99
430 18 22 148
430 34 12 100
430 34 22 100
431 29 12 100
431 11 20 148
431 34 22 100
431 36 22 100
431 0 42 150
432 1 12 100
432 1 20 150
432 1 22 100
432 26 23 100
432 23 20 100
432 14 42 100
432 11 23 100
433 23 20 100
433 31 12 99
433 46 49 100
433 20 23 150
433 16 22 150
433 17 5 100
433 12 22 150
434 31 6 148
434 31 12 99
434 12 22 150
434 35 12 150
434 38 20 150
434 48 23 150
434 9 6 100
434 45 20 100
434 42 22 150
435 14 42 100
435 23 20 100
435 36 22 100
435 42 22 150
435 3 23 100
435 44 23 150
435 1 12 100
435 1 22 100
435 34 22 100
436 32 22 100
436 38 20 150
436 16 22 150
436 5 42 150
436 35 12 150
436 18 20 99
436 18 23 100
436 49 22 100
437 14 42 100
437 18 12 150
437 18 20 99
437 18 22 148
437 18 23 100
437 27 20 99
437 39 23 150
437 6 22 150
438 38 20 150
438 44 23 150
438 18 12 150
438 18 42 150
438 2 3 99
439 46 42 99
439 3 20 150
439 3 23 100
439 0 12 148
439 21 23 100
440 20 20 148
440 20 23 150
440 20 42 148
440 45 20 100
441 49 12 100
441 49 22 100
441 49 42 148
441 45 20 100
441 45 23 99
441 3 23 100
441 18 20 99
441 18 22 148
441 16 22 150
442 4 23 148
442 23 20 100
442 23 42 150
442 0 12 148
442 42 22 150
442 32 22 100
442 49 22 100
443 42 22 150
443 48 37 100
443 12 22 150
443 11 20 148
443 21 20 150
443 21 42 100
443 30 37 150
443 18 22 148
443 18 37 100
443 29 37 148
444 2 44 100
444 3 20 150
444 3 42 99
444 26 37 100
444 13 12 148
444 12 22 150
444 32 22 100
444 36 22 100
444 6 5 100
444 6 22 150
444 46 37 100
445 41 37 100
445 48 37 100
445 13 12 148
445 24 37 150
445 6 20 150
445 6 22 150
445 21 42 100
445 18 22 148
445 18 37 100
446 16 22 150
446 16 37 150
446 36 22 100
446 20 20 148
446 20 23 150
446 20 42 148
446 12 22 150
446 13 12 148
447 40 42 100
447 47 12 99
447 38 20 150
447 30 23 148
447 27 20 99
448 16 3 100
448 16 22 150
448 16 37 150
448 10 42 150
448 6 20 150
448 6 22 150
448 34 12 100
449 8 37 99
449 0 42 150
449 45 20 100
449 45 23 99
449 20 20 148
449 26 37 100
449 32 22 100
449 16 22 150
449 16 37 150
450 36 12 150
450 36 22 100
450 23 20 100
450 32 22 100
450 41 37 100
450 26 37 100
450 12 22 150
450 16 22 150
450 16 37 150
451 1 12 100
451 1 20 150
451 1 22 100
451 12 22 150
451 30 37 150
451 21 42 100
451 49 12 100
451 49 22 100
451 49 37 150
451 8 37 99
451 45 20 100
451 48 37 100
452 42 22 150
452 0 42 150
452 12 22 150
452 27 20 99
452 16 37 150
452 41 37 100
452 48 37 100
452 26 37 100
453 36 12 150
453 1 12 100
453 1 20 150
453 24 37 150
453 43 42 100
453 18 20 99
453 18 37 100
453 30 37 150
453 49 37 150
453 16 37 150
454 16 37 150
454 4 23 148
454 14 42 100
454 13 12 148
454 6 20 150
454 40 42 100
455 18 12 150
455 18 20 99
455 18 22 148
455 18 37 100
455 14 42 100
455 46 37 100
455 30 37 150
455 45 20 100
455 24 37 150
456 42 22 150
456 48 23 150
456 48 37 100
456 35 12 150
456 20 20 148
456 26 37 100
456 12 22 150
457 39 23 150
457 36 12 150
457 36 22 100
457 18 20 99
457 18 22 148
457 18 23 100
457 18 42 150
457 23 20 100
458 21 20 150
458 21 23 100
458 21 42 100
458 0 5 100
458 34 22 100
458 1 22 100
458 45 23 99
459 30 37 150
459 36 12 150
459 36 22 100
459 49 22 100
459 49 37 150
459 49 42 148
459 29 37 148
459 11 20 148
459 24 37 150
460 27 12 148
460 27 20 99
460 36 22 100
460 16 22 150
460 30 23 148
460 40 42 100
460 45 20 100
460 34 22 100
460 48 37 100
461 34 12 100
461 34 20 150
461 34 22 100
461 12 22 150
461 16 22 150
461 16 37 150
461 43 42 100
461 1 22 100
461 8 37 99
461 23 20 100
462 24 37 150
462 27 12 148
462 27 20 99
462 49 22 100
462 49 37 150
462 42 22 150
462 48 23 150
462 48 37 100
463 45 20 100
463 45 23 99
463 34 12 100
463 34 20 150
463 34 22 100
463 10 42 150
463 3 23 100
463 42 22 150
463 18 22 148
463 32 22 100
464 31 12 99
464 31 42 150
464 16 22 150
464 21 20 150
464 21 23 100
464 3 23 100
464 34 22 100
464 42 22 150
465 30 23 148
465 40 42 100
465 34 12 100
465 34 20 150
465 34 22 100
465 49 12 100
465 49 22 100
465 16 22 150
465 11 5 100
466 11 20 148
466 13 12 148
466 3 42 99
467 10 42 150
467 1 12 100
467 1 20 150
467 1 22 100
467 0 23 150
467 36 22 100
467 45 20 100
467 49 22 100
468 31 12 99
468 31 42 150
468 30 23 148
468 38 20 150
468 26 23 100
468 18 22 148
468 16 22 150
469 48 23 150
469 18 12 150
469 18 20 99
469 18 22 148
469 16 22 150
469 21 42 100
469 36 22 100
470 44 23 150
470 20 20 148
470 18 12 150
470 18 20 99
471 39 23 150
471 40 42 100
471 26 23 100
471 31 3 100
471 31 12 99
471 34 12 100
471 34 20 150
471 34 22 100
472 48 23 150
472 27 12 148
472 27 20 99
472 23 20 100
473 20 20 148
473 20 23 150
473 20 42 148
473 47 12 99
473 18 22 148
473 6 22 150
473 12 22 150
473 34 22 100
474 38 20 150
474 3 42 99
474 47 12 99
474 42 22 150
474 31 12 99
474 1 22 100
474 6 22 150
475 44 23 150
475 27 20 99
475 17 5 100
475 1 12 100
475 1 20 150
475 1 22 100
475 18 22 148
476 47 12 99
476 22 42 150
476 21 20 150
476 42 22 150
476 34 22 100
476 12 22 150
476 41 37 100
476 8 37 99
477 24 37 150
477 8 37 99
477 3 3 100
477 3 20 150
477 3 23 100
477 3 42 99
477 13 12 148
477 41 37 100
477 39 23 150
477 42 22 150
477 16 22 150
477 16 37 150
478 45 20 100
478 45 23 99
478 14 42 100
478 3 20 150
478 3 23 100
478 3 42 99
478 16 22 150
478 31 12 99
478 1 22 100
478 6 22 150
479 8 37 99
479 41 37 100
479 26 37 100
479 45 20 100
479 42 22 150
479 0 12 148
479 46 37 100
479 46 42 99
479 6 22 150
480 44 23 150
480 14 42 100
480 42 22 150
480 46 37 100
480 1 12 100
480 1 20 150
480 1 22 100
480 26 37 100
480 31 12 99
480 23 20 100
481 1 12 100
481 1 20 150
481 1 22 100
481 21 42 100
481 24 37 150
481 30 37 150
481 49 37 150
481 46 37 100
482 16 22 150
482 16 37 150
482 4 23 148
482 6 20 150
482 6 22 150
482 49 12 100
482 49 42 148
483 30 23 148
483 12 22 150
483 6 20 150
483 6 22 150
483 27 12 148
483 46 42 99
483 18 23 100
484 11 20 148
484 11 23 100
484 31 3 100
484 31 12 99
484 31 42 150
484 49 12 100
484 49 22 100
484 23 20 100
485 3 20 150
485 3 42 99
485 34 22 100
485 6 22 150
485 36 22 100
486 14 42 100
486 27 12 148
486 27 20 99
486 38 20 150
486 21 42 100
487 32 22 100
487 12 22 150
487 21 20 150
487 21 42 100
487 18 12 150
487 34 22 100
488 0 12 148
488 0 42 150
488 45 20 100
488 1 22 100
488 18 20 99
488 18 22 148
489 24 37 150
489 14 42 100
489 26 37 100
489 12 22 150
489 48 37 100
489 20 20 148
489 30 37 150
489 36 12 150
489 36 22 100
489 8 37 99
490 38 20 150
490 44 23 150
490 32 22 100
490 45 23 99
490 0 5 100
490 0 42 150
490 49 12 100
490 49 22 100
490 16 22 150
490 46 37 100
490 1 22 100
491 1 12 100
491 1 20 150
491 1 22 100
491 44 23 150
491 32 22 100
491 34 22 100
491 36 22 100
492 23 20 100
492 23 42 150
492 29 12 100
492 6 20 150
492 45 23 99
493 5 42 150
493 27 12 148
493 27 20 99
493 34 12 100
493 34 22 100
493 34 23 150
493 48 23 150
493 49 22 100
493 18 22 148
494 34 7 150
494 34 12 100
494 34 20 150
494 34 22 100
494 34 23 150
494 7 7 99
494 7 28 148
494 32 22 100
494 31 42 150
494 33 28 150
495 6 20 150
495 6 22 150
495 44 23 150
495 12 22 150
495 14 42 100
495 23 20 100
495 0 12 148
495 36 22 100
496 14 42 100
496 20 20 148
496 32 22 100
496 31 12 99
496 49 22 100
496 40 42 100
496 36 22 100
497 39 23 150
497 6 20 150
497 6 22 150
497 18 12 150
497 18 20 99
497 18 22 148
497 32 22 100
498 3 20 150
498 3 23 100
498 3 42 99
498 31 12 99
498 6 22 150
498 42 22 150
498 30 23 148
498 1 22 100
499 4 23 148
499 13 12 148
499 23 20 100
499 23 42 150
499 0 5 100
499 49 22 100
499 27 20 99
500 5 42 150
500 12 22 150
500 45 20 100
500 45 23 99
500 1 22 100
500 16 22 150
500 49 22 100
500 27 20 99
501 45 20 100
501 45 23 99
501 13 12 148
501 49 22 100
501 49 37 150
501 46 37 100
501 12 22 150
501 36 22 100
501 8 37 99
502 13 12 148
502 34 20 150
502 34 23 150
502 21 42 100
502 8 37 99
502 24 37 150
503 11 20 148
503 11 23 100
503 4 23 148
503 1 12 100
503 1 22 100
503 1 28 100
503 34 22 100
503 31 12 99
503 3 28 100
503 18 20 99
503 18 22 148
504 8 37 99
504 1 12 100
504 1 20 150
504 1 22 100
504 26 37 100
504 12 22 150
504 34 22 100
504 46 37 100
504 46 42 99
504 24 37 150
504 18 37 100
505 46 37 100
505 46 42 99
505 1 12 100
505 1 20 150
505 1 22 100
505 34 22 100
505 36 22 100
506 27 12 148
506 27 20 99
506 42 22 150
506 26 23 100
506 49 22 100
506 49 42 148
506 36 22 100
506 3 20 150
507 21 20 150
507 21 42 100
507 41 6 100
507 41 37 100
507 26 37 100
507 8 37 99
507 48 37 100
507 49 6 150
507 49 12 100
507 49 22 100
507 49 37 150
508 8 37 99
508 42 22 150
508 0 12 148
508 0 42 150
508 36 22 100
508 16 22 150
508 32 22 100
508 34 20 150
508 34 22 100
509 13 12 148
509 36 22 100
509 26 37 100
509 6 5 100
509 6 20 150
509 6 22 150
509 16 22 150
509 16 37 150
509 49 37 150
509 49 42 148
509 29 37 148
509 23 20 100
510 36 3 99
510 36 12 150
510 36 22 100
510 48 23 150
510 48 37 100
510 21 20 150
510 21 23 100
510 21 42 100
510 12 22 150
510 3 28 100
510 18 28 150
510 18 37 100
510 32 22 100
511 0 11 100
511 0 12 148
511 0 42 150
511 11 20 148
512 18 12 150
512 18 20 99
512 18 42 150
512 11 44 100
513 6 20 150
513 6 22 150
513 38 20 150
513 44 23 150
513 47 12 99
513 34 22 100
513 36 22 100
514 23 20 100
514 12 22 150
514 49 12 100
514 49 22 100
514 18 23 100
514 3 23 100
514 3 42 99
514 47 12 99
515 30 23 148
515 23 20 100
515 23 42 150
515 21 20 150
515 31 12 99
516 20 20 148
516 20 42 148
516 42 22 150
516 49 22 100
517 11 20 148
517 43 42 100
517 16 22 150
517 16 37 150
517 48 37 100
517 26 37 100
517 31 12 99
517 24 37 150
517 18 20 99
517 18 22 148
517 18 37 100
518 36 12 150
518 36 22 100
518 1 12 100
518 1 20 150
518 1 22 100
518 24 37 150
518 29 37 148
518 8 37 99
518 41 37 100
518 32 22 100
518 16 22 150
518 16 37 150
518 49 22 100
518 49 42 148
519 0 6 150
519 0 12 148
519 0 23 150
519 45 20 100
519 21 42 100
519 26 37 100
519 46 6 100
519 15 6 100
520 14 42 100
520 42 22 150
520 32 22 100
520 20 20 148
520 20 23 150
520 27 20 99
520 47 12 99
520 18 23 100
520 6 5 100
521 36 12 150
521 36 22 100
521 23 20 100
521 23 42 150
522 40 42 100
522 1 12 100
522 1 20 150
522 1 22 100
522 42 22 150
522 21 23 100
523 29 12 100
523 29 28 100
523 38 20 150
523 38 28 100
523 20 20 148
523 20 42 148
523 6 22 150
523 47 12 99
523 36 22 100
523 32 22 100
524 11 20 148
524 11 23 100
524 28 11 99
524 49 42 148
524 3 23 100
525 23 20 100
525 3 20 150
525 3 23 100
525 11 23 100
525 22 49 100
526 32 22 100
526 47 12 99
526 12 22 150
526 1 20 150
526 1 22 100
526 18 22 148
526 18 23 100
526 26 23 100
526 46 42 99
526 49 22 100
527 47 12 99
527 22 42 150
527 42 22 150
527 11 20 148
527 1 12 100
528 27 12 148
528 27 20 99
528 18 20 99
528 18 23 100
528 21 23 100
528 21 42 100
529 5 42 150
529 0 5 100
529 0 12 148
529 34 20 150
529 34 22 100
529 23 20 100
529 12 22 150
529 32 22 100
530 29 12 100
530 39 23 150
530 43 42 100
530 18 20 99
531 5 42 150
531 48 23 150
531 47 12 99
531 38 20 150
531 42 22 150
531 12 22 150
531 31 12 99
532 46 42 99
532 23 20 100
532 29 12 100
532 48 23 150
532 38 20 150
532 18 23 100
533 3 20 150
533 3 42 99
533 18 12 150
533 18 22 148
533 49 22 100
533 1 22 100
534 1 12 100
534 1 20 150
534 1 22 100
534 23 42 150
534 39 23 150
534 47 12 99
534 6 22 150
534 10 3 99
534 36 22 100
535 47 12 99
535 9 6 100
535 30 23 148
535 41 6 100
535 0 42 150
535 6 20 150
535 36 6 99
536 29 12 100
536 29 28 100
536 0 23 150
536 0 42 150
536 17 28 150
536 6 20 150
536 6 22 150
536 31 12 99
537 18 20 99
537 18 22 148
537 18 23 100
537 18 28 150
537 3 20 150
537 3 23 100
537 3 28 100
537 3 42 99
537 1 12 100
537 1 22 100
537 16 22 150
538 6 20 150
538 6 22 150
538 8 37 99
538 26 37 100
538 13 12 148
538 29 37 148
538 34 22 100
539 36 12 150
539 36 22 100
539 20 20 148
539 20 28 100
539 20 42 148
539 48 37 100
539 27 20 99
539 46 37 100
539 32 22 100
539 17 28 150
540 20 20 148
540 20 23 150
540 20 28 100
540 42 22 150
540 46 37 100
540 46 42 99
540 6 5 100
540 6 22 150
540 33 28 150
540 27 12 148
540 41 37 100
541 45 20 100
541 45 23 99
541 12 22 150
541 22 42 150
541 16 22 150
541 16 37 150
541 35 12 150
541 34 22 100
541 24 37 150
541 30 37 150
541 8 37 99
542 38 20 150
542 46 42 99
542 47 12 99
542 44 23 150
542 45 20 100
542 32 22 100
543 29 12 100
543 42 22 150
543 48 23 150
543 28 11 99
543 20 20 148
543 20 42 148
543 6 22 150
543 16 22 150
543 49 22 100
544 36 12 150
544 27 20 99
544 23 20 100
544 46 42 99
544 18 23 100
544 26 23 100
545 6 20 150
545 6 22 150
545 9 6 100
545 47 12 99
545 15 6 100
545 32 22 100
545 1 6 99
545 1 12 100
545 1 22 100
545 5 42 150
545 18 23 100
546 44 23 150
546 14 42 100
546 38 20 150
546 29 12 100
546 48 23 150
546 36 22 100
546 45 20 100
547 21 20 150
547 21 23 100
547 21 42 100
547 34 22 100
547 12 22 150
547 16 22 150
548 38 20 150
548 30 23 148
548 32 22 100
548 40 42 100
548 42 22 150
548 46 42 99
548 3 23 100
548 13 12 148
549 36 12 150
549 36 22 100
549 44 23 150
549 46 42 99
549 34 20 150
549 34 22 100
549 49 22 100
550 38 20 150
550 12 22 150
550 27 12 148
550 27 20 99
550 21 23 100
550 21 42 100
550 18 22 148
550 18 23 100
550 49 22 100
551 30 23 148
551 47 12 99
551 23 20 100
551 23 42 150
551 34 22 100
551 0 5 100
551 1 22 100
551 6 22 150
552 21 20 150
552 21 23 100
552 21 42 100
552 27 20 99
552 11 23 100
552 49 22 100
552 1 22 100
553 3 20 150
553 3 28 100
553 3 42 99
553 26 37 100
553 32 22 100
553 23 20 100
553 24 37 150
553 13 12 148
553 35 28 100
553 30 37 150
553 16 22 150
553 16 37 150
553 46 37 100
554 36 6 99
554 36 12 150
554 36 22 100
554 6 20 150
554 6 22 150
554 18 22 148
554 18 37 100
554 18 42 150
554 34 22 100
555 4 23 148
555 8 37 99
555 49 12 100
555 49 22 100
555 49 37 150
555 49 42 148
555 26 37 100
555 29 37 148
555 46 6 100
555 46 37 100
555 18 20 99
555 18 22 148
555 12 22 150
556 32 22 100
556 17 6 148
556 34 12 100
556 34 20 150
556 34 22 100
556 0 42 150
556 1 6 99
556 1 22 100
557 32 22 100
557 40 42 100
557 33 28 150
557 24 37 150
557 45 20 100
557 12 22 150
557 46 6 100
557 46 37 100
557 31 12 99
557 20 20 148
557 20 28 100
558 48 37 100
558 10 42 150
558 46 37 100
558 24 37 150
558 38 20 150
558 1 12 100
558 1 22 100
558 27 11 99
558 27 12 148
558 18 22 148
558 18 37 100
559 43 42 100
559 46 6 100
559 34 20 150
559 34 22 100
559 34 23 150
559 23 20 100
560 10 42 150
560 23 20 100
560 41 6 100
560 35 12 150
560 3 23 100
560 40 29 99
560 45 20 100
560 45 23 99
561 0 5 100
561 0 6 150
561 27 20 99
561 34 22 100
561 49 22 100
561 1 22 100
561 21 42 100
561 12 22 150
562 3 20 150
562 3 23 100
562 3 42 99
562 11 20 148
562 11 23 100
562 35 12 150
562 1 6 99
563 27 20 99
563 30 37 150
563 24 37 150
563 20 42 148
563 15 6 100
564 23 20 100
564 23 42 150
564 11 20 148
564 30 37 150
564 24 37 150
564 8 37 99
564 12 22 150
565 32 22 100
565 29 12 100
565 29 37 148
565 3 20 150
565 27 12 148
565 27 20 99
565 18 6 100
565 18 37 100
565 24 37 150
566 31 12 99
566 34 20 150
566 34 22 100
566 43 42 100
566 16 22 150
566 16 37 150
566 36 6 99
566 36 22 100
566 46 37 100
566 49 37 150
566 26 37 100
566 24 37 150
567 32 22 100
567 6 20 150
567 6 22 150
567 0 12 148
567 0 42 150
567 30 37 150
567 16 22 150
567 16 37 150
567 41 6 100
567 41 37 100
567 48 37 100
567 49 37 150
568 29 12 100
568 29 37 148
568 2 44 100
568 1 6 99
568 1 20 150
568 1 22 100
568 41 37 100
568 32 22 100
568 20 42 148
568 6 22 150
568 27 20 99
569 26 37 100
569 33 3 99
569 31 12 99
569 16 22 150
569 16 37 150
569 21 20 150
569 21 42 100
569 48 37 100
570 12 22 150
570 28 28 100
570 33 28 150
570 14 42 100
570 18 6 100
570 18 12 150
570 18 20 99
570 18 23 100
570 18 37 100
570 30 37 150
570 29 12 100
570 1 6 99
571 1 6 99
571 1 12 100
571 1 20 150
571 1 22 100
571 43 42 100
571 32 22 100
571 18 20 99
571 18 22 148
571 18 23 100
572 49 12 100
572 49 22 100
572 49 42 148
572 0 5 100
572 20 20 148
572 36 6 99
572 36 22 100
572 16 22 150
573 31 12 99
573 31 42 150
573 3 20 150
573 32 22 100
573 16 22 150
573 1 12 100
573 1 22 100
574 20 20 148
574 20 23 150
574 20 42 148
574 38 20 150
574 28 11 99
574 18 6 100
575 34 12 100
575 34 20 150
575 34 23 150
575 14 31 100
575 14 42 100
576 31 12 99
576 31 42 150
576 0 12 148
576 0 23 150
576 20 20 148
576 11 23 100
577 32 22 100
577 34 22 100
577 14 42 100
577 42 22 150
577 45 20 100
