2 48 29 150
2 28 20 100
2 12 20 100
3 33 29 150
3 47 20 150
4 12 20 100
4 49 29 150
4 40 6 100
4 40 20 100
4 10 20 100
5 41 6 100
5 5 37 100
5 38 29 100
5 39 29 100
6 7 29 100
6 47 29 150
6 25 38 100
7 15 42 99
7 44 29 100
7 12 20 100
7 12 37 99
7 23 42 100
7 41 42 99
7 42 20 99
8 28 20 100
8 28 28 100
8 28 37 99
8 44 29 100
8 49 29 150
8 40 6 100
8 40 20 100
8 10 20 100
9 9 20 100
9 9 29 150
9 38 20 150
9 43 34 100
10 39 29 100
10 33 6 100
10 33 29 150
11 42 20 99
11 42 29 148
11 9 20 100
11 12 20 100
12 9 29 150
12 0 28 99
12 48 42 150
12 36 42 148
13 42 6 150
13 42 29 148
14 45 16 99
14 45 38 100
14 20 40 99
14 42 29 148
14 39 29 100
14 19 21 99
15 24 6 100
15 42 29 148
16 16 29 100
16 37 36 100
16 39 29 100
17 48 29 150
17 3 37 100
17 40 6 100
17 39 29 100
18 38 20 150
18 38 29 100
18 42 20 99
18 10 20 100
18 3 49 100
19 39 29 100
19 30 37 100
19 47 20 150
19 47 29 150
19 47 42 100
19 4 42 150
19 18 34 99
19 42 20 99
19 23 42 100
20 33 6 100
20 33 29 150
20 3 37 100
20 46 38 99
20 38 20 150
20 20 3 100
20 40 20 100
20 42 20 99
20 47 20 150
21 44 29 100
21 4 15 99
21 4 42 150
21 30 15 148
21 30 37 100
21 23 42 100
21 48 29 150
21 9 20 100
21 40 20 100
22 5 37 100
22 33 29 150
22 28 20 100
22 15 42 99
22 36 36 100
23 39 29 100
23 28 20 100
23 40 6 100
23 40 20 100
23 38 20 150
23 38 29 100
24 35 21 100
24 1 36 99
24 6 29 100
24 16 29 100
25 48 29 150
25 23 40 99
26 48 29 150
26 12 20 100
26 12 37 99
26 40 6 100
26 40 20 100
26 28 20 100
27 6 29 100
27 16 29 100
27 5 36 150
27 47 20 150
28 39 29 100
28 17 42 150
28 48 42 150
28 7 29 100
28 28 20 100
28 41 6 100
29 2 38 99
29 20 37 148
29 10 20 100
29 6 29 100
29 28 20 100
29 16 29 100
30 38 20 150
30 38 22 100
30 38 29 100
30 47 20 150
30 2 44 99
30 6 29 100
31 33 6 100
31 33 29 150
32 26 20 100
32 26 28 100
32 12 20 100
32 10 20 100
32 48 29 150
33 27 34 99
33 27 37 100
33 44 29 100
33 41 6 100
33 36 40 100
33 12 20 100
34 4 3 100
34 4 6 100
34 44 29 100
34 27 36 150
34 27 37 100
34 38 29 100
35 42 29 148
35 42 37 100
35 39 29 100
35 41 36 100
35 49 49 100
35 38 7 99
36 6 29 100
36 47 20 150
36 35 21 100
36 2 38 99
36 26 20 100
37 16 29 100
37 39 29 100
37 26 20 100
37 28 20 100
37 6 29 100
38 37 16 100
38 26 20 100
38 39 29 100
39 25 37 150
39 9 20 100
39 9 29 150
39 38 6 150
39 38 20 150
39 38 29 100
39 40 20 100
39 28 20 100
40 16 29 100
40 9 20 100
40 27 34 99
40 27 37 100
40 12 20 100
40 14 48 99
40 28 20 100
41 40 20 100
41 6 29 100
41 17 40 100
42 9 29 150
42 9 38 99
42 19 6 150
42 49 29 150
42 49 37 100
43 39 29 100
43 22 7 100
43 7 29 100
43 42 37 100
44 7 29 100
44 16 29 100
45 0 36 100
45 14 6 100
45 38 29 100
45 39 29 100
45 39 43 100
45 43 23 100
46 6 29 100
46 4 38 100
47 33 6 100
47 33 29 150
47 37 36 100
47 28 37 99
47 6 29 100
48 44 29 100
48 38 29 100
49 47 29 150
49 49 37 100
49 14 6 100
50 36 36 100
50 36 40 100
50 48 29 150
50 14 34 99
50 34 3 100
51 39 29 100
51 47 20 150
51 47 29 150
51 11 37 100
51 41 24 99
51 40 20 100
51 42 20 99
52 3 37 100
52 49 29 150
52 46 38 99
52 4 6 100
53 38 29 100
53 9 49 100
53 7 29 100
53 24 6 100
54 16 29 100
54 38 29 100
55 49 29 150
56 10 20 100
56 10 42 100
56 43 16 100
56 43 38 99
56 26 20 100
56 38 20 150
56 38 29 100
56 38 42 100
56 44 29 100
56 47 42 100
57 19 6 150
57 19 21 99
57 6 29 100
57 30 40 100
57 44 29 100
58 27 36 150
58 44 29 100
58 42 20 99
58 42 42 150
58 36 42 148
58 12 20 100
58 47 20 150
59 28 20 100
59 12 20 100
59 41 42 99
59 26 20 100
59 38 22 100
59 38 29 100
59 38 42 100
59 4 42 150
59 44 29 100
60 47 20 150
60 47 29 150
60 47 42 100
60 20 37 148
60 10 20 100
60 10 42 100
60 16 42 150
60 38 20 150
61 45 15 150
61 47 29 150
61 47 42 100
61 19 21 99
61 43 15 148
61 48 42 150
61 16 29 100
62 38 29 100
62 30 37 100
62 45 38 100
62 39 29 100
63 34 37 99
63 41 6 100
63 27 34 99
63 16 29 100
63 12 20 100
63 28 20 100
64 16 3 100
64 16 29 100
64 19 7 100
64 42 20 99
64 42 29 148
64 26 20 100
64 26 44 100
65 33 29 150
65 10 20 100
65 42 20 99
65 12 20 100
65 38 20 150
66 28 20 100
66 28 37 99
66 1 36 99
66 10 20 100
66 39 29 100
66 38 20 150
66 38 29 100
67 6 29 100
67 0 38 100
67 40 20 100
67 9 20 100
67 41 42 99
67 20 40 99
67 15 42 99
68 4 6 100
68 4 42 150
68 30 37 100
68 44 29 100
68 49 29 150
69 12 20 100
69 0 28 99
69 48 29 150
69 40 20 100
70 26 20 100
70 41 6 100
70 33 29 150
71 38 29 100
71 48 29 150
71 28 37 99
71 9 49 100
72 1 16 100
72 1 36 99
72 48 29 150
72 7 34 100
72 9 20 100
73 40 6 100
73 40 20 100
73 10 20 100
73 33 29 150
73 28 20 100
73 28 37 99
73 25 38 100
74 44 29 100
74 46 21 100
74 36 36 100
74 42 29 148
75 28 37 99
75 14 6 100
75 33 6 100
75 33 29 150
76 7 29 100
76 26 36 100
76 15 48 100
76 49 29 150
76 36 40 100
77 4 6 100
77 4 15 99
77 27 37 100
77 28 15 150
77 49 29 150
78 49 29 150
78 4 23 100
78 47 20 150
79 42 20 99
79 42 29 148
79 10 20 100
80 24 3 100
80 24 6 100
80 48 29 150
80 44 29 100
80 22 7 100
80 34 22 99
81 0 38 100
81 6 29 100
82 38 29 100
82 39 29 100
82 28 15 150
82 37 15 148
82 41 6 100
83 26 36 100
83 27 34 99
83 33 29 150
83 39 29 100
83 23 40 99
84 20 7 100
84 20 37 148
84 10 20 100
84 48 29 150
84 38 20 150
84 19 21 99
84 12 20 100
85 39 29 100
85 33 6 100
86 47 20 150
86 47 29 150
86 34 37 99
86 10 20 100
86 7 29 100
86 40 20 100
86 36 36 100
87 49 29 150
87 48 42 150
87 47 20 150
87 47 42 100
87 32 42 100
87 43 38 99
88 11 37 100
88 39 29 100
88 12 20 100
88 26 20 100
88 20 49 100
88 6 29 100
89 23 42 100
89 9 20 100
89 9 29 150
89 48 42 150
89 11 37 100
89 40 20 100
89 26 20 100
90 4 6 100
90 33 29 150
90 44 29 100
91 48 29 150
91 26 20 100
91 46 38 99
91 47 20 150
91 47 42 100
91 10 10 100
91 10 20 100
92 7 29 100
92 1 36 99
92 46 21 100
92 49 29 150
92 40 6 100
92 40 20 100
92 38 20 150
92 9 20 100
93 26 36 100
93 6 29 100
93 36 40 100
94 12 20 100
94 12 37 99
94 48 29 150
94 44 29 100
94 2 44 99
94 14 6 100
94 40 20 100
95 7 29 100
95 44 29 100
95 0 3 99
96 19 30 100
96 7 29 100
96 1 16 100
96 40 20 100
96 38 20 150
97 28 20 100
97 28 37 99
97 39 29 100
97 16 29 100
97 26 20 100
97 40 6 100
97 40 20 100
97 38 20 150
97 12 20 100
97 27 34 99
98 40 20 100
98 16 29 100
98 46 38 99
98 21 23 100
98 10 20 100
98 6 29 100
98 30 37 100
99 14 6 100
99 39 29 100
99 27 37 100
99 12 20 100
99 47 20 150
100 34 37 99
100 33 6 100
100 33 29 150
100 0 28 99
100 28 20 100
100 40 20 100
100 49 29 150
100 38 20 150
101 44 29 100
101 34 37 99
102 39 29 100
102 38 7 99
102 38 29 100
102 20 40 99
103 48 29 150
103 35 21 100
103 7 29 100
103 40 6 100
104 1 36 99
104 6 29 100
105 16 29 100
105 47 29 150
105 47 49 100
105 36 37 150
105 14 6 100
105 24 43 100
105 45 38 100
106 33 29 150
106 49 37 100
106 18 34 99
107 47 29 150
107 33 6 100
107 49 37 100
108 37 36 100
108 47 20 150
108 47 29 150
108 44 29 100
108 26 20 100
108 42 20 99
109 4 6 100
109 4 38 100
109 48 29 150
110 17 40 100
110 11 37 100
110 13 28 100
110 12 20 100
110 28 20 100
110 2 3 100
110 10 20 100
110 42 29 148
111 1 36 99
111 16 29 100
111 12 37 99
112 29 37 100
112 42 29 148
112 7 29 100
112 18 7 100
113 48 29 150
113 26 20 100
113 33 6 100
114 26 20 100
114 49 29 150
114 12 20 100
114 16 29 100
115 14 6 100
115 14 34 99
115 38 20 150
115 38 29 100
115 16 29 100
115 47 20 150
115 30 40 100
116 29 37 100
116 13 28 100
116 16 29 100
116 40 20 100
116 34 22 99
117 16 29 100
117 12 37 99
117 7 29 100
117 35 6 148
117 4 38 100
118 5 37 100
118 44 29 100
118 47 29 150
119 6 29 100
119 10 20 100
119 10 42 100
119 13 46 100
119 38 20 150
119 38 29 100
119 38 42 100
119 30 46 100
119 41 42 99
119 40 20 100
120 40 6 100
120 40 20 100
120 40 28 100
120 42 20 99
120 42 29 148
120 0 46 100
120 13 46 100
120 28 20 100
121 46 21 100
121 35 46 100
121 44 29 100
121 8 46 100
121 10 20 100
121 30 15 148
121 2 15 100
122 30 37 100
122 40 6 100
122 49 29 150
122 7 29 100
122 7 34 100
123 39 29 100
123 26 36 100
123 40 6 100
123 23 40 99
124 13 36 150
124 2 3 100
124 3 49 100
124 33 29 150
124 38 29 100
125 24 6 100
125 39 29 100
125 38 29 100
126 38 20 150
126 38 29 100
126 38 37 150
126 10 20 100
126 28 20 100
127 19 21 99
127 39 29 100
127 42 29 148
128 10 20 100
128 26 20 100
128 49 29 150
128 19 7 100
128 12 20 100
129 49 29 150
129 49 37 100
129 36 40 100
129 41 6 100
129 0 28 99
129 6 29 100
130 42 29 148
130 42 42 150
130 23 42 100
130 36 48 150
130 47 42 100
130 46 38 99
131 9 20 100
131 9 29 150
131 39 29 100
132 43 16 100
132 43 34 100
132 43 36 148
132 6 29 100
132 26 20 100
132 47 20 150
133 6 29 100
133 14 6 100
133 47 20 150
133 47 29 150
133 42 20 99
133 26 20 100
134 3 37 100
134 7 15 100
134 7 29 100
134 42 20 99
134 6 29 100
134 13 15 148
135 26 20 100
135 28 20 100
135 44 29 100
135 41 6 100
135 16 29 100
135 9 20 100
136 13 28 100
136 11 37 100
136 49 29 150
136 9 20 100
136 38 20 150
136 10 20 100
137 28 37 99
137 28 40 100
137 14 6 100
137 49 29 150
137 0 38 100
138 44 29 100
138 6 29 100
138 49 37 100
138 38 42 100
139 10 42 100
139 44 29 100
139 49 29 150
140 41 2 99
140 41 6 100
140 41 42 99
140 10 20 100
140 33 29 150
140 42 20 99
141 11 37 100
141 26 20 100
141 29 23 100
141 48 29 150
141 25 49 100
142 47 29 150
142 0 3 99
142 0 36 100
142 24 6 100
142 35 21 100
143 49 29 150
144 10 24 100
144 48 29 150
144 14 6 100
144 14 34 99
144 17 40 100
144 30 37 100
144 38 29 100
144 38 36 100
145 16 29 100
145 19 7 100
145 30 28 100
145 39 29 100
146 48 29 150
147 49 29 150
147 49 37 100
147 2 38 99
147 44 29 100
147 41 6 100
147 41 42 99
147 47 42 100
147 32 42 100
148 39 29 100
148 45 16 99
149 20 6 150
149 20 37 148
149 48 29 150
149 6 29 100
150 6 29 100
150 2 38 99
151 1 36 99
151 7 29 100
151 33 29 150
151 9 20 100
151 36 40 100
152 28 20 100
152 49 29 150
152 47 20 150
152 33 6 100
153 49 29 150
153 36 10 100
153 36 36 100
153 14 34 99
153 18 7 100
154 39 29 100
154 4 42 150
154 0 16 100
154 49 29 150
154 15 42 99
154 23 42 100
155 9 29 150
155 30 37 100
155 2 3 100
155 24 6 100
156 42 20 99
156 42 29 148
156 42 37 100
157 3 37 100
157 4 38 100
157 4 42 150
157 49 29 150
157 6 29 100
157 42 20 99
157 42 42 150
158 0 36 100
158 9 20 100
158 9 29 150
158 24 6 100
158 5 37 100
158 28 20 100
158 28 40 100
159 6 29 100
159 6 49 99
159 42 20 99
159 42 29 148
159 47 20 150
159 10 20 100
160 34 15 150
160 34 37 99
160 4 15 99
160 4 42 150
160 28 20 100
160 29 15 100
160 42 20 99
160 42 29 148
160 42 42 150
160 0 41 100
161 16 29 100
161 10 20 100
161 40 6 100
161 40 28 100
161 49 37 100
161 39 29 100
162 7 29 100
162 7 34 100
162 19 21 99
163 42 20 99
163 42 29 148
163 42 37 100
163 44 29 100
163 26 20 100
163 26 28 100
163 47 20 150
164 23 40 99
164 6 29 100
164 3 37 100
164 33 6 100
165 42 29 148
165 16 29 100
166 33 6 100
166 33 29 150
166 38 36 100
167 48 29 150
167 26 20 100
167 26 36 100
167 22 7 100
167 9 20 100
167 16 29 100
167 12 20 100
168 6 29 100
168 28 20 100
168 26 20 100
169 20 37 148
169 24 6 100
169 12 20 100
169 40 20 100
169 48 29 150
170 0 38 100
170 26 20 100
170 42 20 99
170 42 29 148
170 28 20 100
170 38 29 100
171 5 36 150
171 10 20 100
171 30 40 100
171 44 29 100
171 47 29 150
171 41 6 100
172 26 44 100
172 24 3 100
172 9 29 150
173 48 29 150
173 18 34 99
173 28 37 99
174 37 22 99
174 37 36 100
174 18 7 100
174 4 6 100
174 49 29 150
174 35 21 100
175 39 29 100
175 0 36 100
175 6 29 100
175 41 6 100
176 39 29 100
176 48 29 150
176 42 20 99
176 26 20 100
177 48 29 150
177 10 20 100
177 21 23 100
177 47 20 150
178 19 21 99
178 49 29 150
178 12 20 100
178 28 20 100
178 28 28 100
179 19 6 150
179 38 29 100
179 25 49 100
179 16 29 100
179 28 37 99
180 2 38 99
180 44 29 100
180 12 37 99
180 39 29 100
181 7 29 100
181 7 34 100
181 23 40 99
181 24 6 100
181 38 29 100
182 28 20 100
182 49 29 150
182 42 20 99
182 40 20 100
182 26 20 100
182 38 7 99
183 28 37 99
183 36 36 100
183 9 29 150
183 19 30 100
184 7 29 100
184 47 29 150
184 36 36 100
185 39 29 100
185 39 43 100
185 43 3 100
185 16 29 100
185 42 20 99
185 40 6 100
185 40 20 100
185 26 20 100
186 44 29 100
186 30 15 148
186 19 21 99
186 43 15 148
187 29 36 150
187 29 37 100
187 38 29 100
187 41 6 100
187 6 29 100
188 26 28 100
188 38 10 100
188 38 29 100
188 16 29 100
189 4 6 100
189 49 29 150
189 24 16 100
189 36 40 100
189 47 20 150
189 40 20 100
189 38 20 150
190 14 34 99
190 28 20 100
190 49 29 150
190 47 20 150
190 43 36 148
190 39 29 100
191 42 20 99
191 42 29 148
191 41 6 100
191 47 20 150
191 26 20 100
192 47 29 150
192 47 42 100
192 38 42 100
192 15 42 99
192 15 48 100
192 42 20 99
193 46 21 100
193 23 28 100
193 23 42 100
193 33 29 150
194 43 38 99
194 44 29 100
194 49 29 150
194 49 37 100
195 34 37 99
195 42 29 148
195 4 6 100
195 38 7 99
196 49 29 150
196 41 6 100
197 2 15 100
197 3 49 100
197 23 40 99
197 22 15 150
197 48 29 150
197 44 29 100
197 28 20 100
198 40 20 100
198 5 37 100
198 10 20 100
198 44 29 100
199 3 37 100
199 2 3 100
199 37 36 100
199 48 29 150
199 7 29 100
200 22 15 150
200 38 6 150
200 38 29 100
200 13 15 148
200 7 29 100
201 42 20 99
201 42 29 148
201 38 20 150
201 0 38 100
202 42 20 99
202 42 29 148
202 42 42 150
202 30 15 148
202 27 34 99
202 22 15 150
202 41 42 99
202 47 20 150
203 38 20 150
203 38 29 100
203 49 29 150
203 26 20 100
204 14 48 99
204 49 29 150
204 40 20 100
204 28 20 100
204 47 20 150
204 34 21 150
205 36 40 100
205 38 6 150
205 38 29 100
205 39 29 100
206 38 20 150
206 38 29 100
206 7 29 100
206 12 20 100
207 22 0 99
207 22 7 100
207 36 0 99
207 33 29 150
207 15 0 100
207 46 0 100
207 46 38 99
207 7 29 100
207 12 20 100
207 29 0 99
207 8 0 100
208 45 16 99
208 39 0 99
208 39 29 100
208 22 0 99
208 16 29 100
208 6 0 99
208 26 20 100
209 25 0 100
209 28 20 100
209 14 6 100
209 22 0 99
209 9 20 100
209 9 29 150
209 7 23 100
209 17 0 100
210 38 29 100
210 2 38 99
210 17 0 100
210 44 29 100
210 25 0 100
210 41 6 100
210 37 0 100
211 12 37 99
211 19 0 100
211 19 21 99
211 36 0 99
211 29 0 99
211 44 29 100
211 26 44 100
211 38 29 100
211 15 0 100
211 8 0 100
211 46 0 100
212 43 34 100
212 43 36 148
212 28 20 100
212 28 37 99
212 6 0 99
212 6 29 100
212 36 0 99
212 23 0 100
212 33 6 100
212 29 0 99
212 26 20 100
212 46 0 100
212 47 20 150
212 19 0 100
212 15 0 100
213 27 37 100
213 37 0 100
213 46 0 100
213 36 0 99
213 49 29 150
213 7 29 100
214 49 29 150
214 49 49 100
214 12 20 100
214 10 20 100
214 29 0 99
214 40 6 100
214 40 20 100
215 43 36 148
215 38 20 150
215 38 29 100
215 38 37 150
215 25 0 100
215 36 0 99
215 36 46 100
215 15 0 100
215 29 0 99
215 23 0 100
215 23 46 100
215 49 29 150
216 23 0 100
216 23 40 99
216 23 46 100
216 4 6 100
216 4 15 99
216 7 15 100
216 7 29 100
216 16 29 100
216 15 0 100
216 35 46 100
216 36 0 99
216 36 46 100
216 9 20 100
216 6 0 99
216 48 46 100
217 38 20 150
217 38 29 100
217 9 20 100
217 15 0 100
217 42 0 100
217 42 20 99
217 10 20 100
217 37 0 100
218 28 20 100
218 15 0 100
218 36 0 99
218 42 0 100
218 42 20 99
218 42 29 148
218 37 0 100
218 37 22 99
218 19 0 100
218 25 0 100
218 6 0 99
218 6 29 100
219 28 20 100
219 28 28 100
219 12 20 100
219 14 6 100
219 44 29 100
219 38 20 150
220 29 3 100
220 7 29 100
220 7 34 100
220 16 29 100
220 10 20 100
220 33 6 100
221 30 37 100
221 7 29 100
221 12 20 100
221 42 29 148
222 28 15 150
222 28 37 99
222 9 29 150
222 40 6 100
222 19 21 99
222 45 15 150
223 9 29 150
223 27 37 100
223 38 29 100
223 28 15 150
223 29 15 100
224 14 6 100
224 9 29 150
224 20 40 99
224 26 28 100
225 0 38 100
225 48 29 150
225 44 29 100
226 6 29 100
226 49 37 100
226 7 29 100
226 38 7 99
226 33 6 100
227 6 29 100
228 34 37 99
228 47 29 150
228 5 36 150
228 41 6 100
228 14 34 99
228 7 29 100
229 40 20 100
229 30 37 100
229 30 40 100
229 9 20 100
229 9 29 150
229 26 20 100
230 2 38 99
230 12 20 100
230 38 29 100
230 44 29 100
231 33 6 100
231 33 29 150
231 46 21 100
232 44 29 100
232 9 20 100
232 47 20 150
232 39 29 100
233 33 29 150
233 34 15 150
233 38 20 150
233 10 20 100
233 7 15 100
233 7 49 100
233 12 20 100
234 6 29 100
234 9 20 100
234 9 29 150
234 40 20 100
234 28 15 150
234 28 20 100
234 4 15 99
234 4 42 150
234 30 15 148
234 48 42 150
234 42 20 99
235 36 37 150
235 36 40 100
235 9 29 150
235 14 6 100
235 10 42 100
236 47 29 150
236 29 37 100
236 29 43 100
236 26 28 100
236 26 36 100
236 4 6 100
237 7 29 100
237 42 20 99
237 42 29 148
237 42 37 100
237 40 20 100
237 27 34 99
237 47 20 150
238 16 29 100
239 41 36 100
239 46 21 100
239 38 20 150
239 38 29 100
239 48 29 150
240 9 20 100
240 9 29 150
240 18 7 100
240 43 3 100
240 43 15 148
240 40 6 100
240 40 20 100
240 4 15 99
241 49 29 150
241 10 20 100
241 26 20 100
241 20 40 99
241 4 15 99
241 2 15 100
241 7 15 100
242 41 6 100
242 40 20 100
242 5 37 100
242 9 20 100
242 9 29 150
242 4 15 99
242 2 15 100
242 6 29 100
242 7 15 100
243 30 37 100
243 39 29 100
243 0 36 100
243 28 20 100
244 47 20 150
244 47 29 150
244 5 37 100
244 12 20 100
244 38 10 100
244 38 29 100
245 0 38 100
245 49 29 150
245 4 6 100
246 42 29 148
246 26 36 100
246 46 21 100
246 33 6 100
247 6 29 100
247 42 29 148
248 5 37 100
248 38 29 100
248 6 29 100
248 7 34 100
248 40 6 100
249 25 38 100
249 42 29 148
249 42 37 100
250 29 43 100
250 44 29 100
250 18 7 100
250 0 28 99
250 30 40 100
250 30 48 99
251 10 10 100
251 38 6 150
251 38 29 100
251 42 29 148
252 11 37 100
252 34 44 100
252 12 20 100
253 33 29 150
253 6 29 100
253 9 20 100
253 9 29 150
253 12 20 100
253 42 20 99
253 28 20 100
254 12 20 100
254 6 29 100
254 6 49 99
254 26 20 100
254 26 28 100
254 40 20 100
254 42 20 99
254 38 20 150
254 38 29 100
255 47 20 150
255 47 29 150
255 46 21 100
255 38 20 150
255 14 34 99
256 9 29 150
256 38 22 100
256 40 6 100
257 39 29 100
257 49 29 150
257 32 36 150
257 20 7 100
257 20 40 99
258 0 28 99
258 0 37 150
258 28 20 100
258 12 20 100
258 39 29 100
258 42 20 99
258 42 29 148
258 40 20 100
259 44 29 100
259 49 37 100
259 16 3 100
259 4 6 100
260 39 29 100
260 3 37 100
260 38 7 99
260 38 29 100
261 9 29 150
261 9 38 99
261 19 21 99
262 3 36 148
262 33 29 150
262 26 20 100
262 23 40 99
262 40 20 100
262 41 24 99
263 34 37 99
263 47 20 150
263 47 29 150
263 40 6 100
263 33 29 150
264 43 23 100
264 35 46 100
264 36 46 100
264 14 6 100
264 13 46 100
264 16 29 100
264 38 29 100
264 20 46 150
265 35 46 100
265 11 37 100
265 6 29 100
265 14 34 99
266 16 29 100
266 6 29 100
266 0 38 100
266 24 6 100
267 39 29 100
267 44 29 100
268 48 29 150
268 42 20 99
268 26 16 100
268 26 20 100
268 10 20 100
268 9 20 100
268 12 20 100
269 5 37 100
269 33 6 100
269 33 29 150
269 40 20 100
269 28 20 100
269 44 29 100
270 39 29 100
270 17 40 100
271 6 29 100
271 44 29 100
271 4 6 100
271 46 21 100
271 0 36 100
272 20 12 150
272 48 29 150
272 41 6 100
272 27 34 99
272 27 37 100
272 16 29 100
273 48 29 150
273 49 37 100
273 49 49 100
273 0 28 99
273 42 20 99
274 29 36 150
274 41 6 100
274 16 29 100
274 28 20 100
274 10 20 100
274 42 29 148
275 33 29 150
275 2 3 100
276 20 7 100
276 42 20 99
276 42 29 148
276 42 37 100
276 45 15 150
276 9 20 100
277 23 40 99
277 6 29 100
277 42 20 99
277 26 20 100
277 26 36 100
277 2 15 100
278 20 6 150
278 48 29 150
278 38 29 100
279 7 29 100
279 1 36 99
279 9 29 150
279 35 21 100
280 30 28 100
280 6 29 100
281 14 6 100
281 42 29 148
281 6 29 100
281 41 36 100
282 26 20 100
282 7 29 100
282 43 38 99
282 46 7 100
282 36 10 100
282 42 20 99
283 48 29 150
283 38 20 150
283 38 29 100
283 38 36 100
283 46 21 100
283 18 34 99
284 24 6 100
284 39 29 100
284 40 20 100
284 42 20 99
284 28 20 100
284 6 29 100
285 47 29 150
285 23 40 99
286 9 29 150
286 33 6 100
286 30 37 100
287 47 29 150
287 9 38 99
288 26 20 100
288 44 29 100
288 40 20 100
288 38 20 150
288 38 29 100
289 48 29 150
290 9 29 150
290 39 29 100
290 41 6 100
290 30 28 100
290 35 21 100
290 37 44 100
291 47 20 150
291 47 23 99
291 47 29 150
291 10 20 100
291 17 37 148
291 42 20 99
292 9 29 150
292 40 6 100
292 2 3 100
292 2 30 100
293 40 20 100
293 29 43 100
293 22 7 100
293 38 20 150
293 38 29 100
293 48 29 150
293 42 20 99
294 9 29 150
294 9 49 100
294 12 37 99
295 3 36 148
295 27 34 99
295 7 29 100
296 49 29 150
296 46 21 100
296 28 40 100
296 41 6 100
296 41 42 99
296 9 29 150
296 23 42 100
296 15 42 99
297 47 29 150
297 18 7 100
297 37 44 100
297 4 38 100
298 37 15 148
298 47 29 150
298 28 15 150
298 28 37 99
299 35 6 148
299 48 29 150
299 43 36 148
299 39 29 100
299 28 37 99
300 40 20 100
300 39 29 100
300 12 20 100
300 9 20 100
300 6 29 100
301 16 29 100
301 10 20 100
302 4 6 100
302 36 10 100
302 46 21 100
302 44 29 100
302 6 29 100
302 23 28 100
303 28 37 99
303 27 34 99
303 9 29 150
304 42 29 148
304 42 37 100
304 7 29 100
304 14 6 100
304 26 36 100
305 7 29 100
305 6 29 100
306 5 36 150
306 5 37 100
306 4 6 100
306 40 20 100
306 44 29 100
306 23 40 99
306 12 20 100
307 49 29 150
307 49 37 100
307 12 20 100
307 44 29 100
308 16 29 100
308 49 37 100
308 24 6 100
309 45 38 100
309 33 29 150
309 6 29 100
310 16 29 100
310 39 29 100
311 17 42 150
311 9 29 150
311 20 3 100
311 10 42 100
311 27 34 99
311 28 28 100
311 28 37 99
311 38 42 100
311 4 6 100
312 7 29 100
312 26 20 100
312 40 20 100
312 16 29 100
313 10 20 100
313 10 24 100
313 42 20 99
313 42 29 148
313 22 7 100
313 23 40 99
313 46 21 100
313 3 49 100
313 28 20 100
314 9 20 100
314 9 29 150
314 9 38 99
314 12 20 100
315 38 20 150
315 38 29 100
315 49 29 150
315 26 20 100
315 40 20 100
316 33 6 100
316 33 29 150
316 30 15 148
316 30 37 100
316 18 7 100
317 24 37 150
317 9 29 150
318 33 29 150
318 31 43 100
318 39 29 100
318 7 15 100
318 7 34 100
319 47 29 150
319 40 6 100
319 0 36 100
320 16 29 100
320 45 16 99
320 6 29 100
320 38 20 150
320 10 20 100
320 26 20 100
321 23 28 100
321 23 40 99
321 49 29 150
321 28 20 100
321 10 20 100
321 42 20 99
322 28 20 100
322 0 38 100
322 47 29 150
322 47 42 100
322 14 6 100
322 48 42 150
323 47 29 150
323 11 37 100
323 44 29 100
324 12 20 100
324 9 20 100
324 9 29 150
324 38 7 99
324 38 20 150
325 19 21 99
325 42 29 148
326 9 29 150
326 34 3 100
326 44 29 100
326 15 28 100
326 15 42 99
326 17 42 150
327 34 37 99
327 48 29 150
327 48 42 150
327 41 6 100
327 41 42 99
327 2 38 99
327 27 34 99
328 6 29 100
328 38 29 100
328 38 42 100
328 49 37 100
328 10 42 100
329 10 20 100
329 34 37 99
329 30 28 100
329 24 6 100
329 6 29 100
329 38 20 150
329 42 20 99
330 36 40 100
330 6 29 100
330 6 49 99
330 33 29 150
331 48 29 150
331 33 6 100
331 37 15 148
331 19 21 99
331 13 15 148
332 4 6 100
332 33 29 150
333 26 20 100
333 28 20 100
333 28 37 99
333 6 29 100
333 9 20 100
333 9 29 150
334 40 6 100
334 49 29 150
334 20 23 100
335 7 29 100
335 38 29 100
335 38 36 100
335 30 37 100
336 47 29 150
336 40 6 100
336 2 38 99
336 17 0 100
336 37 0 100
336 6 0 99
336 29 0 99
337 22 0 99
337 22 7 100
337 19 0 100
337 40 20 100
337 3 37 100
337 39 0 99
337 39 29 100
337 7 29 100
337 38 20 150
337 47 20 150
337 18 30 99
338 36 0 99
338 36 36 100
338 16 29 100
338 30 48 99
338 39 0 99
338 39 29 100
338 29 0 99
338 35 21 100
338 22 0 99
338 46 0 100
339 16 29 100
339 8 0 100
339 24 6 100
339 23 0 100
339 25 0 100
339 36 0 99
339 22 0 99
339 17 0 100
339 19 0 100
340 49 29 150
340 17 0 100
340 17 40 100
340 37 0 100
340 6 0 99
340 6 29 100
340 26 28 100
340 15 0 100
340 39 0 99
341 7 29 100
341 16 3 100
341 16 29 100
341 47 20 150
341 23 0 100
341 39 0 99
341 19 0 100
341 0 38 100
341 17 0 100
342 30 37 100
342 29 0 99
342 24 6 100
342 28 20 100
342 46 0 100
342 17 0 100
342 9 20 100
342 9 29 150
342 23 0 100
342 37 0 100
342 7 34 100
342 40 20 100
342 8 0 100
342 26 20 100
343 23 0 100
343 37 0 100
343 37 15 148
343 15 0 100
343 9 20 100
343 9 29 150
343 43 15 148
343 36 0 99
343 22 0 99
343 46 0 100
343 29 0 99
344 20 37 148
344 35 6 148
344 22 0 99
344 49 29 150
344 29 0 99
344 39 0 99
344 39 29 100
344 17 0 100
345 36 0 99
345 27 37 100
345 6 0 99
345 6 29 100
345 42 0 100
345 42 20 99
345 46 0 100
345 12 20 100
345 39 0 99
345 39 29 100
345 22 0 99
346 33 6 100
346 33 29 150
346 13 28 100
346 12 20 100
346 12 37 99
346 26 20 100
346 20 40 99
347 28 20 100
347 48 29 150
347 48 42 150
347 4 42 150
347 12 20 100
347 42 20 99
348 40 20 100
348 20 49 100
348 26 20 100
348 12 20 100
348 12 37 99
348 39 29 100
349 0 38 100
349 30 37 100
349 48 29 150
349 26 20 100
349 4 6 100
349 33 29 150
349 34 22 99
350 49 29 150
350 18 34 99
350 40 28 100
350 19 21 99
351 27 37 100
351 48 29 150
351 4 6 100
352 42 29 148
352 42 37 100
352 7 29 100
353 16 29 100
353 3 37 100
353 4 6 100
354 5 36 150
354 5 37 100
354 42 20 99
354 42 29 148
354 6 29 100
354 2 3 100
354 40 20 100
354 26 20 100
355 26 20 100
355 23 40 99
355 24 6 100
355 12 20 100
355 7 29 100
355 46 38 99
355 10 20 100
355 28 20 100
356 9 29 150
356 7 29 100
357 20 7 100
357 9 29 150
358 28 20 100
358 7 29 100
358 38 20 150
358 38 29 100
358 38 42 100
358 15 42 99
358 35 21 100
358 16 42 150
358 9 20 100
359 6 29 100
359 41 6 100
359 38 29 100
359 12 43 100
359 43 34 100
360 29 37 100
360 28 40 100
360 16 29 100
361 16 29 100
361 16 42 150
361 38 29 100
361 38 42 100
361 14 6 100
361 43 38 99
361 7 29 100
362 48 29 150
362 48 42 150
362 23 42 100
362 32 42 100
362 37 16 100
363 42 29 148
363 42 37 100
364 43 36 148
364 26 20 100
364 26 44 100
364 3 49 100
364 47 20 150
364 47 29 150
364 12 20 100
364 39 29 100
365 7 29 100
365 23 42 100
365 37 36 100
365 16 42 150
365 32 42 100
366 42 29 148
366 10 24 100
366 40 6 100
366 18 34 99
366 39 29 100
367 40 20 100
367 40 28 100
367 19 21 99
367 26 20 100
367 38 20 150
367 38 29 100
367 44 29 100
368 17 37 148
368 6 29 100
368 14 6 100
368 42 20 99
369 47 20 150
369 47 29 150
369 28 20 100
369 26 20 100
369 12 20 100
369 42 20 99
369 40 20 100
369 39 29 100
370 2 3 100
370 39 29 100
370 3 37 100
370 40 28 100
370 46 7 100
371 4 6 100
371 3 37 100
371 44 29 100
371 48 29 150
372 13 15 148
372 38 29 100
372 29 15 100
372 44 29 100
373 45 38 100
373 28 20 100
373 28 40 100
373 44 29 100
373 26 20 100
373 47 20 150
373 41 6 100
373 39 29 100
374 9 20 100
374 9 29 150
374 29 37 100
374 42 20 99
374 12 20 100
375 47 20 150
375 47 29 150
375 29 37 100
375 40 20 100
375 18 34 99
375 12 20 100
375 19 21 99
376 44 29 100
376 45 38 100
376 48 29 150
376 3 37 100
377 47 29 150
377 49 37 100
377 0 28 99
378 41 6 100
378 38 29 100
378 16 29 100
379 24 37 150
379 7 29 100
379 44 29 100
379 13 36 150
379 28 40 100
380 46 6 150
380 44 29 100
380 7 29 100
381 16 29 100
381 49 49 100
382 19 6 150
382 16 29 100
382 49 29 150
382 49 37 100
382 30 28 100
383 43 34 100
383 48 29 150
384 30 37 100
384 30 48 99
384 46 7 100
384 49 29 150
385 45 38 100
385 7 29 100
385 40 6 100
385 40 20 100
385 33 29 150
385 10 20 100
386 12 20 100
386 16 29 100
386 40 20 100
387 7 29 100
387 7 34 100
387 27 37 100
387 29 3 100
387 48 29 150
387 40 6 100
388 49 29 150
388 4 38 100
388 4 42 150
388 10 20 100
388 10 42 100
388 19 21 99
388 40 20 100
388 32 42 100
389 34 37 99
389 30 40 100
389 42 20 99
389 42 29 148
389 10 20 100
390 14 6 100
390 28 20 100
390 44 29 100
390 38 20 150
390 38 29 100
391 38 29 100
391 38 42 100
391 42 0 100
391 42 42 150
391 16 29 100
391 32 42 100
391 6 0 99
392 3 37 100
392 46 0 100
392 15 0 100
392 6 0 99
392 6 29 100
392 38 29 100
392 41 6 100
393 19 0 100
393 17 0 100
393 17 42 150
393 48 29 150
393 48 42 150
393 43 15 148
393 43 23 100
393 40 20 100
393 13 15 148
393 25 0 100
393 36 0 99
394 25 0 100
394 25 38 100
394 32 42 100
394 47 20 150
394 47 29 150
394 47 42 100
394 46 0 100
394 30 37 100
394 30 40 100
394 6 0 99
394 42 0 100
394 42 20 99
394 42 42 150
394 22 0 99
394 17 0 100
394 19 0 100
395 8 0 100
395 25 0 100
395 49 29 150
395 17 0 100
395 15 0 100
395 22 0 99
396 43 36 148
396 16 29 100
396 37 0 100
396 6 0 99
396 6 29 100
396 19 0 100
396 19 7 100
396 19 21 99
396 15 0 100
396 29 0 99
397 46 0 100
397 24 6 100
397 24 43 100
397 10 20 100
397 18 34 99
397 29 0 99
397 29 37 100
397 40 20 100
397 19 0 100
397 16 29 100
397 38 20 150
397 38 29 100
397 25 0 100
397 17 0 100
398 30 37 100
398 6 0 99
398 6 29 100
398 6 49 99
398 23 0 100
398 16 29 100
398 17 0 100
398 19 0 100
398 2 44 99
399 41 6 100
399 19 0 100
399 48 29 150
399 36 0 99
399 12 37 99
399 45 38 100
399 29 0 99
399 8 0 100
399 15 0 100
400 8 0 100
400 15 0 100
400 29 0 99
400 29 36 150
400 47 29 150
400 38 29 100
400 17 0 100
400 36 0 99
400 42 0 100
401 25 0 100
401 47 29 150
401 15 0 100
401 30 40 100
401 42 0 100
401 37 0 100
401 14 6 100
402 29 0 99
402 47 20 150
402 47 29 150
402 26 20 100
402 26 28 100
402 40 20 100
403 42 20 99
403 42 29 148
403 26 20 100
403 46 21 100
404 7 29 100
404 48 29 150
404 9 20 100
404 33 6 100
405 42 20 99
405 42 29 148
405 29 3 100
405 43 34 100
406 40 6 100
406 40 28 100
406 7 29 100
406 48 29 150
407 22 7 100
407 47 20 150
407 47 29 150
407 40 20 100
407 37 36 100
407 10 20 100
408 7 29 100
408 38 29 100
409 44 29 100
409 30 28 100
409 35 21 100
409 0 16 100
410 9 29 150
410 7 29 100
410 35 6 148
411 38 29 100
411 9 38 99
411 44 29 100
412 33 6 100
412 33 29 150
412 14 34 99
412 42 20 99
412 12 20 100
413 29 37 100
413 47 20 150
413 47 29 150
413 47 42 100
413 17 42 150
414 32 36 150
414 38 29 100
414 49 29 150
414 23 40 99
414 24 6 100
414 19 21 99
415 25 49 100
415 38 29 100
415 7 15 100
415 43 15 148
415 33 6 100
416 42 29 148
416 42 42 150
416 4 15 99
416 4 42 150
416 15 42 99
416 44 29 100
416 30 15 148
417 34 37 99
417 42 20 99
417 42 29 148
417 26 20 100
417 10 20 100
418 42 29 148
418 4 3 100
418 4 6 100
419 28 40 100
419 7 29 100
419 15 42 99
419 42 29 148
419 42 42 150
419 38 10 100
419 35 21 100
419 18 30 99
420 49 29 150
420 49 37 100
420 28 28 100
421 49 29 150
421 46 38 99
421 24 6 100
421 43 34 100
422 49 29 150
422 49 37 100
422 46 7 100
423 16 29 100
423 10 20 100
423 28 20 100
423 48 29 150
424 14 44 100
424 28 20 100
424 28 37 99
424 10 20 100
424 47 29 150
425 43 38 99
425 40 6 100
425 49 29 150
425 49 37 100
425 16 29 100
426 17 37 148
426 49 29 150
427 26 28 100
427 34 37 99
427 7 29 100
427 41 6 100
427 23 40 99
428 41 6 100
428 39 29 100
429 13 15 148
429 46 21 100
429 44 29 100
429 40 20 100
429 37 15 148
429 26 20 100
429 48 29 150
429 16 29 100
430 28 20 100
430 16 29 100
430 10 24 100
431 7 29 100
431 7 34 100
431 44 29 100
431 25 38 100
432 47 29 150
432 20 3 100
432 40 6 100
432 7 29 100
433 39 29 100
433 15 42 99
433 28 40 100
433 38 42 100
433 42 42 150
434 6 29 100
434 6 49 99
434 34 37 99
434 39 29 100
434 38 7 99
435 45 38 100
435 6 29 100
435 35 21 100
435 14 6 100
435 42 20 99
435 42 29 148
436 7 29 100
436 28 20 100
436 47 20 150
437 26 20 100
437 28 20 100
437 28 37 99
437 16 29 100
437 44 29 100
437 10 20 100
438 35 6 148
438 48 29 150
438 37 36 100
438 26 20 100
438 12 20 100
438 42 20 99
439 28 20 100
439 28 40 100
439 27 34 99
439 42 29 148
439 43 43 100
440 33 29 150
440 28 15 150
440 38 29 100
440 30 15 148
441 26 36 100
441 42 29 148
441 18 7 100
442 30 28 100
442 30 37 100
442 7 29 100
442 9 29 150
443 46 6 150
443 44 29 100
443 39 29 100
443 0 16 100
444 39 29 100
444 24 6 100
444 37 22 99
445 4 42 150
445 0 28 99
445 33 29 150
445 9 20 100
445 16 29 100
445 16 42 150
445 40 20 100
445 38 20 150
446 6 29 100
447 0 3 99
447 0 36 100
447 0 37 150
447 20 40 99
447 48 29 150
447 12 20 100
447 40 20 100
447 26 20 100
448 38 29 100
448 7 29 100
448 7 34 100
448 34 37 99
448 44 29 100
448 42 20 99
448 45 38 100
449 4 6 100
449 6 29 100
449 19 21 99
449 36 36 100
450 47 29 150
450 47 49 100
450 6 29 100
450 42 37 100
451 8 23 100
451 39 29 100
452 49 29 150
452 19 6 150
452 7 29 100
452 2 38 99
453 39 29 100
453 38 7 99
453 38 20 150
453 38 29 100
454 47 20 150
454 47 29 150
454 20 40 99
454 19 21 99
455 44 29 100
455 7 15 100
455 7 29 100
455 3 37 100
455 28 15 150
455 4 6 100
456 33 6 100
456 33 29 150
456 47 20 150
456 38 20 150
457 23 42 100
457 15 42 99
457 3 37 100
457 44 29 100
457 28 15 150
457 28 20 100
457 4 15 99
457 4 42 150
457 6 29 100
458 16 29 100
458 13 28 100
458 4 15 99
458 44 29 100
459 19 6 150
459 38 29 100
459 2 38 99
459 43 34 100
459 39 29 100
459 49 37 100
460 15 16 100
460 42 29 148
461 44 29 100
461 41 6 100
461 4 3 100
461 39 29 100
462 18 7 100
462 42 20 99
462 42 29 148
462 28 20 100
462 26 20 100
462 26 44 100
463 7 29 100
463 43 38 99
463 38 10 100
463 38 29 100
464 44 29 100
464 3 37 100
464 7 29 100
465 14 6 100
465 49 29 150
465 49 37 100
465 5 36 150
465 40 20 100
466 39 29 100
466 36 40 100
466 35 21 100
466 6 29 100
466 10 20 100
466 26 20 100
466 28 20 100
467 44 29 100
467 6 29 100
467 38 6 150
467 38 20 150
467 10 20 100
467 42 20 99
468 39 29 100
468 12 20 100
468 12 37 99
468 28 20 100
468 42 20 99
469 42 20 99
469 42 29 148
469 44 29 100
469 26 20 100
469 27 34 99
469 47 20 150
470 20 49 100
470 47 20 150
470 47 29 150
470 28 20 100
470 28 28 100
470 38 20 150
470 41 24 99
471 12 20 100
471 3 36 148
471 24 6 100
471 44 29 100
472 40 20 100
472 10 20 100
472 39 29 100
472 38 29 100
473 11 37 100
473 45 38 100
473 33 29 150
473 44 29 100
474 44 29 100
474 13 28 100
474 6 29 100
474 14 6 100
474 16 3 100
474 35 21 100
475 28 37 99
475 43 34 100
475 44 29 100
476 24 6 100
476 33 29 150
476 20 7 100
476 38 20 150
476 38 29 100
477 42 20 99
477 42 29 148
477 10 20 100
477 40 20 100
478 47 20 150
478 47 29 150
478 42 20 99
478 42 37 100
478 40 6 100
479 42 29 148
479 46 38 99
479 16 29 100
479 30 40 100
480 20 7 100
480 28 28 100
480 39 29 100
480 44 29 100
481 34 37 99
481 39 29 100
481 41 6 100
482 11 37 100
482 41 36 100
482 9 29 150
482 7 29 100
483 14 6 100
483 14 34 99
483 14 44 100
483 3 36 148
483 48 29 150
483 35 21 100
484 25 37 150
484 6 29 100
485 47 16 99
485 47 29 150
485 17 40 100
485 33 6 100
485 33 29 150
486 22 15 150
486 49 29 150
486 45 15 150
486 28 20 100
487 7 29 100
487 16 29 100
487 47 20 150
487 40 20 100
487 34 37 99
488 47 20 150
488 47 29 150
488 47 49 100
488 26 20 100
488 42 20 99
488 12 43 100
488 41 6 100
489 15 28 100
489 44 29 100
489 20 7 100
489 39 29 100
490 43 36 148
490 34 37 99
490 33 6 100
490 33 29 150
491 18 34 99
491 25 38 100
491 47 29 150
491 7 29 100
492 30 37 100
492 49 29 150
492 0 3 99
493 10 20 100
493 40 6 100
493 40 20 100
493 9 20 100
493 9 29 150
493 48 30 100
493 42 20 99
494 20 40 99
494 12 20 100
494 38 20 150
494 38 29 100
494 44 29 100
494 10 20 100
495 47 20 150
495 47 23 99
495 47 29 150
495 35 21 100
495 24 6 100
495 0 28 99
495 28 20 100
495 26 20 100
496 45 15 150
496 33 29 150
496 2 15 100
496 38 7 99
496 38 29 100
496 12 37 99
497 7 29 100
497 40 6 100
498 42 29 148
499 23 40 99
499 33 29 150
499 17 37 148
499 9 29 150
499 9 38 99
499 37 22 99
500 49 29 150
500 49 37 100
501 39 29 100
501 33 6 100
501 12 37 99
501 24 6 100
502 9 29 150
502 3 37 100
502 7 29 100
502 7 34 100
503 28 20 100
503 28 37 99
503 49 29 150
503 40 20 100
503 2 38 99
503 42 20 99
504 5 37 100
504 16 3 100
504 16 29 100
504 6 29 100
504 6 49 99
504 14 48 99
505 18 7 100
505 26 20 100
505 47 20 150
505 47 29 150
505 42 20 99
505 42 37 100
506 29 36 150
506 29 37 100
506 26 20 100
506 42 20 99
506 42 29 148
506 23 40 99
506 44 29 100
506 40 20 100
507 30 37 100
507 16 29 100
507 12 20 100
508 16 29 100
508 16 42 150
508 35 6 148
508 36 42 148
508 49 29 150
509 16 29 100
509 24 16 100
509 44 29 100
510 33 6 100
510 33 29 150
510 5 36 150
511 47 20 150
511 47 29 150
511 25 1 148
511 12 20 100
511 12 37 99
511 44 29 100
511 28 20 100
511 40 1 100
512 23 1 150
512 23 28 100
512 23 40 99
512 44 29 100
512 27 34 99
512 46 7 100
513 0 38 100
513 33 6 100
513 33 29 150
513 38 29 100
514 30 37 100
514 33 29 150
515 14 6 100
515 38 20 150
515 38 29 100
515 9 20 100
515 35 21 100
515 39 29 100
516 38 29 100
516 38 37 150
516 38 42 100
516 6 29 100
516 45 38 100
516 47 42 100
516 42 20 99
516 42 42 150
517 34 37 99
517 7 29 100
517 14 6 100
518 5 37 100
518 44 29 100
518 38 29 100
519 29 37 100
519 7 29 100
519 24 6 100
519 38 29 100
520 41 42 99
520 49 29 150
520 4 42 150
520 47 42 100
521 11 37 100
521 49 29 150
521 38 29 100
521 33 6 100
521 4 3 100
522 28 28 100
522 42 29 148
523 47 29 150
523 47 49 100
523 49 37 100
523 30 40 100
524 26 28 100
524 40 6 100
524 27 34 99
524 47 29 150
525 18 7 100
525 16 29 100
525 47 29 150
526 23 42 100
526 16 29 100
526 16 42 150
526 7 29 100
526 38 42 100
526 45 38 100
527 48 29 150
527 48 42 150
527 23 28 100
527 23 42 100
527 30 37 100
527 26 20 100
527 28 20 100
527 46 21 100
528 8 0 100
528 39 0 99
528 39 29 100
528 39 43 100
528 28 20 100
528 35 6 148
528 22 0 99
528 29 0 99
529 36 0 99
529 39 0 99
529 39 29 100
529 42 0 100
529 42 29 148
529 25 0 100
530 34 37 99
530 43 36 148
530 6 0 99
530 6 29 100
530 36 0 99
530 46 0 100
530 8 0 100
530 33 6 100
530 44 29 100
531 42 0 100
531 42 29 148
531 37 0 100
531 39 0 99
531 15 0 100
531 20 40 99
531 19 0 100
532 17 0 100
532 19 0 100
532 4 6 100
532 4 38 100
532 16 29 100
532 49 29 150
532 36 0 99
532 26 16 100
532 46 0 100
532 25 0 100
532 15 0 100
532 15 48 100
533 23 0 100
533 39 0 99
533 39 29 100
533 46 0 100
533 15 0 100
533 27 34 99
533 22 0 99
533 37 0 100
534 0 28 99
534 41 42 99
534 28 20 100
534 33 29 150
534 26 20 100
534 23 0 100
534 23 42 100
534 8 0 100
534 7 29 100
534 9 20 100
534 29 0 99
535 0 37 150
535 23 0 100
535 23 42 100
535 22 0 99
535 6 0 99
535 6 29 100
535 38 29 100
535 38 42 100
535 19 0 100
535 4 6 100
535 37 0 100
535 29 0 99
535 8 0 100
535 40 20 100
536 7 29 100
536 10 20 100
536 17 0 100
536 40 20 100
536 47 20 150
536 19 0 100
536 19 21 99
536 37 0 100
537 36 0 99
537 36 36 100
537 36 42 148
537 15 0 100
537 15 42 99
537 39 0 99
537 39 29 100
537 37 0 100
537 48 29 150
537 8 0 100
538 36 0 99
538 24 3 100
538 24 6 100
538 48 29 150
538 6 0 99
538 8 0 100
538 25 0 100
539 16 29 100
539 16 42 150
539 3 36 148
539 3 49 100
539 15 42 99
539 32 42 100
540 43 38 99
540 46 7 100
540 46 21 100
540 33 29 150
540 38 29 100
541 17 0 100
541 24 6 100
541 44 29 100
541 49 29 150
541 19 0 100
541 42 0 100
541 2 15 100
541 13 15 148
541 29 0 99
541 29 15 100
541 39 0 99
541 36 0 99
542 33 29 150
542 17 0 100
542 47 20 150
542 8 0 100
542 38 20 150
542 19 0 100
543 33 6 100
543 33 29 150
543 18 34 99
543 34 44 100
543 46 0 100
543 17 0 100
544 43 23 100
544 46 0 100
544 46 21 100
544 8 0 100
544 22 0 99
544 33 6 100
544 33 29 150
544 38 29 100
544 17 0 100
544 17 40 100
545 33 29 150
545 1 36 99
545 11 37 100
545 6 0 99
545 25 0 100
545 39 0 99
545 8 0 100
546 5 37 100
546 33 6 100
546 33 29 150
546 19 0 100
546 43 36 148
547 8 0 100
547 46 0 100
547 46 38 99
547 33 6 100
547 33 29 150
547 37 0 100
547 6 0 99
547 6 29 100
547 36 0 99
548 4 42 150
548 27 37 100
548 16 29 100
548 16 42 150
548 15 0 100
548 23 0 100
548 22 0 99
548 42 0 100
548 6 0 99
548 46 0 100
549 36 0 99
549 15 0 100
549 46 0 100
549 16 29 100
549 47 29 150
549 25 0 100
549 39 0 99
549 17 0 100
549 23 0 100
549 29 0 99
550 7 29 100
550 41 6 100
550 46 0 100
550 38 10 100
550 38 20 150
550 6 0 99
550 8 0 100
550 12 20 100
550 12 37 99
550 36 0 99
550 39 0 99
550 25 0 100
551 37 0 100
551 2 30 100
551 7 29 100
551 16 29 100
551 23 0 100
551 23 28 100
551 42 0 100
551 42 20 99
551 12 20 100
551 40 20 100
551 10 20 100
552 25 0 100
552 29 0 99
552 23 0 100
552 38 29 100
552 15 0 100
552 46 0 100
552 46 21 100
552 8 0 100
552 7 29 100
553 9 20 100
553 9 29 150
553 15 0 100
553 34 3 100
553 34 37 99
553 42 0 100
553 8 0 100
553 32 36 150
553 6 0 99
553 40 6 100
553 18 34 99
553 29 0 99
554 22 0 99
554 22 7 100
554 37 0 100
554 30 40 100
554 7 29 100
554 47 29 150
555 28 37 99
555 19 0 100
555 0 38 100
555 46 0 100
555 8 0 100
556 44 29 100
556 38 29 100
556 37 0 100
556 25 0 100
556 29 0 99
556 14 6 100
556 46 0 100
556 6 0 99
556 6 29 100
557 29 0 99
557 29 37 100
557 39 0 99
557 39 29 100
557 38 22 100
557 38 29 100
557 8 0 100
557 42 0 100
557 49 49 100
557 36 0 99
557 22 0 99
558 49 29 150
558 42 0 100
558 24 6 100
558 19 0 100
558 19 7 100
558 39 0 99
558 46 0 100
558 8 0 100
559 28 20 100
559 28 37 99
559 10 20 100
559 10 24 100
559 33 29 150
559 46 0 100
559 26 20 100
559 38 29 100
559 37 0 100
559 19 0 100
559 42 0 100
560 16 29 100
560 26 20 100
560 46 0 100
560 46 38 99
560 8 0 100
560 36 0 99
560 9 20 100
560 17 0 100
560 40 20 100
560 19 0 100
561 34 37 99
561 4 6 100
561 3 36 148
561 44 29 100
561 16 29 100
561 26 20 100
561 38 20 150
562 47 20 150
562 47 29 150
562 47 42 100
562 29 0 99
562 16 29 100
562 16 42 150
562 25 0 100
562 17 0 100
562 17 40 100
562 17 42 150
562 46 0 100
562 39 0 99
563 49 29 150
563 49 37 100
563 37 0 100
563 46 0 100
563 29 0 99
564 14 6 100
564 14 34 99
564 39 0 99
564 39 29 100
564 47 20 150
564 2 38 99
564 10 20 100
564 17 0 100
564 36 0 99
564 16 29 100
564 6 0 99
564 19 0 100
564 19 21 99
564 38 20 150
565 17 0 100
565 28 20 100
565 48 29 150
565 26 20 100
565 10 20 100
566 6 29 100
566 34 15 150
566 31 43 100
566 37 15 148
567 26 6 150
567 26 28 100
567 16 29 100
567 49 29 150
568 6 29 100
568 47 20 150
568 28 20 100
568 9 20 100
569 19 7 100
569 19 21 99
569 32 36 150
569 24 3 100
569 7 29 100
570 40 20 100
570 48 29 150
570 39 29 100
570 38 20 150
570 38 29 100
570 28 20 100
571 25 37 150
571 48 29 150
571 14 6 100
571 30 40 100
572 44 29 100
572 29 23 100
572 47 29 150
572 4 6 100
573 6 29 100
573 38 10 100
573 38 20 150
573 38 36 100
573 9 20 100
573 40 20 100
573 28 37 99
574 40 28 100
574 47 29 150
574 6 29 100
575 27 36 150
575 33 6 100
575 33 29 150
576 47 20 150
576 47 29 150
576 38 20 150
576 9 20 100
577 46 21 100
577 9 49 100
577 32 36 150
577 14 6 100
578 12 20 100
578 38 20 150
578 38 29 100
578 38 42 100
578 49 29 150
578 47 42 100
578 28 20 100
579 23 42 100
579 40 20 100
579 10 20 100
579 28 20 100
579 19 7 100
579 19 21 99
580 14 34 99
580 42 20 99
580 42 29 148
580 42 42 150
580 40 20 100
580 35 46 100
580 12 20 100
580 47 29 150
580 47 42 100
580 13 46 100
580 44 29 100
580 8 46 100
580 15 42 99
581 23 40 99
581 23 46 100
581 47 29 150
581 49 37 100
581 42 20 99
581 6 29 100
581 8 46 100
581 0 46 100
582 36 42 148
582 8 2 100
582 42 20 99
582 42 29 148
582 42 42 150
582 40 20 100
582 38 20 150
583 42 20 99
583 42 29 148
583 42 37 100
583 47 20 150
583 9 20 100
583 16 29 100
583 8 1 148
584 3 36 148
584 29 1 150
584 9 10 100
584 9 20 100
584 9 29 150
584 1 1 99
584 12 20 100
585 28 20 100
585 28 37 99
585 44 29 100
585 38 20 150
585 38 29 100
585 38 42 100
585 41 42 99
585 26 20 100
585 12 20 100
586 24 3 100
586 49 29 150
586 17 40 100
586 17 42 150
586 0 36 100
586 39 29 100
587 7 29 100
587 34 22 99
587 34 37 99
587 42 29 148
587 42 42 150
587 15 42 99
587 26 36 100
588 6 29 100
588 27 37 100
588 32 42 100
588 48 42 150
588 38 29 100
588 38 36 100
588 38 42 100
589 15 16 100
589 15 42 99
589 15 48 100
589 16 29 100
589 16 42 150
589 44 29 100
589 47 23 99
589 47 42 100
589 1 36 99
590 49 29 150
590 6 29 100
591 5 37 100
591 23 40 99
591 23 42 100
591 15 42 99
591 42 29 148
591 42 42 150
591 19 7 100
592 29 36 150
592 29 37 100
592 48 29 150
593 47 20 150
593 47 29 150
593 26 20 100
593 26 28 100
593 12 20 100
593 9 24 100
593 9 29 150
594 24 37 150
594 49 29 150
594 18 34 99
594 17 42 150
594 42 20 99
594 42 42 150
595 39 29 100
595 47 20 150
595 47 29 150
595 36 10 100
595 10 20 100
595 12 20 100
596 26 20 100
596 7 29 100
596 6 0 99
596 6 29 100
596 35 21 100
596 37 0 100
596 12 20 100
596 40 20 100
596 15 0 100
597 11 37 100
597 42 0 100
597 42 20 99
597 36 0 99
597 36 36 100
597 36 40 100
597 40 20 100
597 6 0 99
597 22 0 99
597 22 7 100
597 28 20 100
597 39 0 99
598 27 36 150
598 15 0 100
598 15 16 100
598 22 0 99
598 31 43 100
598 39 0 99
598 39 29 100
598 46 0 100
598 17 0 100
599 19 0 100
599 8 0 100
599 41 42 99
599 17 0 100
599 17 42 150
599 42 0 100
599 42 29 148
599 20 3 100
599 36 0 99
599 15 0 100
599 15 42 99
600 34 37 99
600 22 0 99
600 10 20 100
600 32 36 150
600 42 0 100
600 42 20 99
600 42 29 148
600 6 0 99
600 37 0 100
600 36 0 99
600 25 0 100
601 42 0 100
601 42 20 99
601 42 29 148
601 42 37 100
601 9 20 100
601 19 0 100
601 29 0 99
601 37 0 100
601 22 0 99
601 7 29 100
601 7 34 100
602 10 42 100
602 30 37 100
602 30 40 100
602 22 0 99
602 16 29 100
602 16 42 150
602 17 0 100
602 39 0 99
602 39 29 100
602 15 0 100
603 3 49 100
603 44 29 100
603 22 0 99
603 49 29 150
603 19 0 100
603 6 0 99
604 29 0 99
604 29 36 150
604 29 37 100
604 44 29 100
604 16 29 100
604 36 0 99
604 37 0 100
604 22 0 99
605 46 0 100
605 46 7 100
605 10 10 100
605 10 20 100
605 10 24 100
605 29 0 99
605 29 37 100
605 15 0 100
605 37 0 100
605 26 20 100
605 38 20 150
605 6 0 99
606 39 0 99
606 14 48 99
606 36 0 99
606 45 38 100
606 25 0 100
606 42 0 100
606 22 0 99
607 42 29 148
607 44 29 100
608 23 40 99
608 7 29 100
608 16 29 100
608 10 20 100
608 47 20 150
608 47 23 99
608 9 20 100
609 34 37 99
609 16 29 100
609 16 42 150
609 9 29 150
609 38 42 100
609 41 42 99
610 35 21 100
610 42 20 99
610 42 29 148
610 49 27 100
610 12 20 100
610 20 7 100
611 43 3 100
611 43 16 100
611 36 10 100
611 12 20 100
611 48 29 150
611 9 29 150
612 44 29 100
613 10 20 100
613 10 24 100
613 41 36 100
613 28 20 100
613 28 40 100
613 47 20 150
613 44 29 100
614 37 22 99
614 43 34 100
614 39 29 100
614 44 29 100
615 20 7 100
615 39 29 100
615 9 20 100
616 47 20 150
616 47 29 150
616 47 42 100
616 45 38 100
616 36 36 100
616 36 42 148
616 10 20 100
616 10 42 100
616 41 2 99
616 38 20 150
616 38 29 100
616 12 20 100
616 42 20 99
617 44 29 100
617 9 29 150
617 20 3 100
618 6 29 100
618 16 29 100
618 19 7 100
618 19 21 99
619 49 29 150
619 20 40 99
619 20 46 150
619 10 20 100
619 9 20 100
619 28 20 100
619 30 46 100
619 16 29 100
619 42 20 99
619 36 46 100
620 42 29 148
620 1 27 100
620 13 46 100
620 30 46 100
620 4 3 100
621 12 20 100
621 8 23 100
621 8 46 100
621 40 20 100
621 9 20 100
621 9 29 150
622 38 29 100
622 38 36 100
622 48 29 150
623 1 36 99
623 5 37 100
623 38 29 100
623 38 42 100
623 9 29 150
623 42 42 150
623 37 44 100
624 48 29 150
624 32 42 100
624 38 10 100
625 35 48 148
625 5 36 150
625 5 37 100
625 16 29 100
625 38 7 99
625 38 29 100
626 39 29 100
626 7 29 100
626 42 37 100
626 20 40 99
626 44 29 100
627 6 29 100
627 26 20 100
627 18 7 100
627 39 29 100
627 45 38 100
627 38 20 150
628 12 20 100
628 45 16 99
628 38 20 150
628 38 29 100
628 40 20 100
628 10 20 100
629 7 29 100
629 40 20 100
629 44 29 100
629 16 29 100
629 9 20 100
629 9 24 100
629 35 21 100
629 26 20 100
629 12 20 100
630 44 29 100
630 43 34 100
630 48 9 150
630 7 29 100
631 41 42 99
631 20 37 148
631 9 20 100
631 9 29 150
631 28 20 100
631 12 20 100
631 48 42 150
632 10 20 100
632 30 37 100
632 30 40 100
632 40 20 100
632 20 7 100
632 20 49 100
632 29 36 150
632 12 20 100
633 12 20 100
633 12 37 99
633 7 29 100
633 32 42 100
633 41 42 99
633 15 42 99
633 40 20 100
634 25 10 148
634 25 38 100
634 28 20 100
634 28 37 99
634 10 20 100
634 10 42 100
634 33 29 150
635 16 29 100
635 16 42 150
635 42 20 99
635 42 29 148
635 42 37 100
635 42 42 150
635 23 28 100
635 10 20 100
635 40 20 100
635 39 29 100
635 38 29 100
636 40 20 100
636 10 20 100
636 47 20 150
636 47 29 150
636 26 20 100
636 29 37 100
637 16 29 100
637 19 7 100
637 23 40 99
637 49 29 150
637 44 29 100
637 42 20 99
637 42 29 148
637 34 22 99
638 36 36 100
638 6 29 100
638 40 20 100
638 38 20 150
639 6 29 100
639 33 29 150
639 12 37 99
640 9 20 100
640 9 29 150
640 28 20 100
640 32 42 100
640 14 34 99
640 4 42 150
640 1 27 100
640 1 36 99
640 12 20 100
640 23 42 100
641 34 3 100
641 34 37 99
641 7 29 100
641 6 29 100
641 15 42 99
641 16 42 150
642 37 16 100
642 37 36 100
642 16 29 100
642 9 29 150
643 17 40 100
643 18 7 100
643 16 29 100
643 48 29 150
643 43 43 100
643 1 36 99
643 14 48 99
644 49 29 150
645 29 0 99
645 29 37 100
645 49 29 150
645 36 0 99
645 16 29 100
646 49 29 150
646 8 0 100
646 39 0 99
646 37 0 100
646 37 36 100
646 14 48 99
646 29 0 99
646 15 0 100
646 36 0 99
646 19 0 100
647 29 0 99
647 29 37 100
647 7 29 100
647 44 29 100
647 32 9 99
647 32 42 100
647 47 42 100
647 38 10 100
647 38 42 100
647 19 0 100
647 8 0 100
647 6 0 99
648 33 29 150
648 9 20 100
648 9 24 100
648 6 0 99
648 6 29 100
649 46 0 100
649 46 7 100
649 26 20 100
649 26 28 100
649 26 36 100
649 12 20 100
649 10 20 100
649 10 42 100
649 17 0 100
649 25 0 100
649 44 29 100
649 22 0 99
649 37 0 100
650 46 0 100
650 36 0 99
650 36 36 100
650 36 40 100
650 16 29 100
650 26 20 100
650 38 20 150
650 38 29 100
650 29 0 99
650 17 0 100
650 7 29 100
650 7 34 100
650 9 20 100
650 25 0 100
651 36 0 99
651 44 29 100
651 22 0 99
651 19 0 100
651 39 0 99
651 39 29 100
652 35 21 100
652 6 0 99
652 6 29 100
652 23 0 100
652 44 29 100
652 24 37 150
652 39 0 99
652 15 0 100
652 21 23 100
652 8 0 100
653 4 15 99
653 4 42 150
653 33 29 150
653 48 29 150
653 48 42 150
653 27 37 100
653 13 15 148
653 15 0 100
653 19 0 100
653 19 7 100
653 7 15 100
653 8 0 100
653 46 0 100
654 28 37 99
654 22 0 99
654 29 0 99
654 39 0 99
654 39 29 100
654 7 29 100
654 36 0 99
655 10 42 100
655 8 0 100
655 15 0 100
655 15 42 99
655 15 48 100
655 4 42 150
655 6 0 99
655 6 29 100
655 44 29 100
655 19 0 100
655 20 40 99
656 1 36 99
656 22 0 99
656 30 37 100
656 23 0 100
656 47 29 150
656 43 34 100
656 29 0 99
656 8 0 100
656 17 0 100
656 15 0 100
657 47 29 150
657 36 10 100
657 2 38 99
657 9 29 150
658 38 29 100
658 34 37 99
658 41 24 99
658 48 48 150
659 44 29 100
659 5 37 100
659 16 29 100
659 7 29 100
659 7 49 100
660 47 20 150
660 47 29 150
660 36 36 100
660 40 20 100
660 49 37 100
660 26 20 100
661 24 16 100
661 17 40 100
661 16 29 100
661 28 20 100
661 43 38 99
661 48 29 150
662 17 42 150
662 6 29 100
662 39 29 100
662 10 20 100
662 10 42 100
662 40 20 100
663 29 37 100
663 42 42 150
663 16 42 150
664 9 29 150
664 39 29 100
664 43 15 148
664 2 15 100
664 37 22 99
665 20 3 100
665 20 7 100
666 16 29 100
666 16 42 150
666 49 29 150
666 49 37 100
666 28 40 100
666 19 21 99
667 25 37 150
667 38 20 150
667 38 29 100
667 38 42 100
667 48 42 150
667 43 23 100
667 40 20 100
667 16 29 100
667 16 42 150
667 17 42 150
667 28 20 100
668 48 29 150
668 12 37 99
669 36 10 100
669 36 42 148
669 33 29 150
669 16 29 100
669 16 42 150
669 9 2 99
669 9 20 100
669 25 1 148
669 29 1 150
669 1 1 99
669 47 20 150
670 48 29 150
670 48 42 150
670 44 29 100
670 28 20 100
670 15 42 99
670 15 48 100
670 36 36 100
671 6 29 100
671 4 42 150
671 32 42 100
671 43 34 100
671 7 29 100
671 36 42 148
671 12 37 99
672 22 7 100
672 10 10 100
672 10 20 100
672 40 20 100
672 23 40 99
672 26 20 100
672 12 20 100
672 39 29 100
673 38 29 100
673 6 29 100
673 2 38 99
673 44 29 100
674 6 29 100
674 39 29 100
674 48 2 100
674 9 20 100
674 38 7 99
674 38 20 150
674 42 20 99
675 47 29 150
675 47 42 100
675 14 48 99
675 11 37 100
675 41 42 99
675 10 42 100
676 33 29 150
676 26 20 100
676 26 36 100
676 9 20 100
676 9 24 100
676 9 29 150
676 10 20 100
676 30 37 100
677 47 20 150
677 47 29 150
677 28 20 100
677 28 28 100
677 28 37 99
677 26 20 100
677 2 30 100
678 28 37 99
678 28 40 100
678 6 29 100
678 47 29 150
678 24 46 150
678 48 46 100
678 36 46 100
678 30 46 100
679 35 46 100
679 18 7 100
679 38 29 100
679 1 27 100
679 6 29 100
680 32 9 99
680 32 36 150
680 13 9 100
680 36 10 100
680 48 29 150
681 8 16 100
681 8 23 100
681 49 29 150
681 6 29 100
682 10 20 100
682 39 29 100
682 44 29 100
682 40 20 100
683 29 36 150
683 12 20 100
683 28 20 100
683 27 9 99
683 39 29 100
683 36 42 148
684 6 29 100
684 27 37 100
684 42 20 99
684 42 42 150
684 46 21 100
684 39 29 100
684 15 42 99
684 12 20 100
685 36 36 100
685 36 40 100
685 42 20 99
685 42 29 148
685 10 20 100
685 47 20 150
685 34 37 99
685 28 20 100
686 40 20 100
686 16 29 100
686 39 7 150
686 39 29 100
687 25 37 150
687 0 36 100
687 6 29 100
687 26 20 100
688 40 20 100
688 12 20 100
688 49 29 150
688 49 49 100
688 9 20 100
688 36 36 100
688 36 42 148
688 41 42 99
688 23 42 100
688 26 20 100
689 27 34 99
689 27 37 100
689 36 10 100
689 36 40 100
689 28 15 150
689 28 20 100
689 44 29 100
689 34 15 150
689 38 20 150
689 38 29 100
690 40 20 100
690 19 7 100
690 22 15 150
690 14 48 99
690 9 20 100
690 9 29 150
690 43 15 148
690 43 43 100
690 42 37 100
690 38 29 100
691 34 37 99
691 9 29 150
691 42 42 150
691 17 42 150
692 9 20 100
692 9 29 150
692 6 29 100
692 47 20 150
692 42 20 99
693 20 7 100
693 20 23 100
693 48 29 150
693 14 48 99
693 25 38 100
693 49 37 100
694 23 42 100
694 7 29 100
694 32 42 100
694 33 29 150
694 26 20 100
694 9 20 100
694 15 42 99
694 12 20 100
695 20 40 99
695 47 20 150
695 47 29 150
695 35 21 100
695 9 20 100
695 9 24 100
696 36 42 148
696 26 20 100
696 27 37 100
696 33 29 150
696 9 20 100
696 42 20 99
696 42 42 150
696 44 29 100
697 48 29 150
697 48 42 150
697 0 16 100
697 0 28 99
697 0 36 100
697 17 42 150
697 38 20 150
697 38 29 100
697 38 42 100
697 10 20 100
697 47 20 150
697 28 20 100
698 4 42 150
698 17 42 150
698 12 20 100
698 5 2 100
698 6 29 100
699 48 29 150
699 48 42 150
699 15 42 99
699 28 20 100
699 28 37 99
699 33 29 150
699 10 20 100
699 10 42 100
699 12 20 100
700 20 40 99
700 30 37 100
700 33 29 150
700 17 42 150
700 40 20 100
700 4 42 150
700 10 20 100
700 26 20 100
701 16 29 100
701 42 20 99
701 42 29 148
701 13 36 150
701 13 39 99
702 30 37 100
702 44 29 100
702 37 22 99
702 7 29 100
702 9 20 100
703 3 36 148
703 42 20 99
703 42 29 148
703 7 29 100
703 12 20 100
703 46 7 100
704 4 3 100
704 10 20 100
704 37 36 100
704 9 20 100
704 9 29 150
704 40 20 100
705 33 29 150
705 39 29 100
705 41 42 99
705 40 20 100
705 38 20 150
705 38 37 150
705 38 42 100
705 15 42 99
706 9 20 100
706 9 29 150
706 1 36 99
706 36 40 100
706 30 37 100
706 30 48 99
706 40 20 100
707 18 7 100
707 5 37 100
707 10 20 100
707 28 20 100
707 44 29 100
707 7 29 100
707 26 20 100
708 44 29 100
708 33 29 150
708 32 42 100
708 36 10 100
708 36 36 100
708 36 42 148
708 38 20 150
708 38 42 100
708 8 23 100
708 12 20 100
708 12 37 99
708 26 20 100
709 36 36 100
709 9 20 100
709 9 29 150
709 10 20 100
709 26 20 100
709 48 27 100
709 38 29 100
710 46 38 99
710 5 37 100
710 26 20 100
710 42 29 148
710 39 29 100
711 22 7 100
711 38 20 150
711 38 29 100
711 29 37 100
711 14 34 99
711 26 20 100
712 23 28 100
712 23 40 99
712 23 42 100
712 49 29 150
712 49 37 100
712 7 29 100
712 16 42 150
712 15 42 99
712 26 20 100
713 38 10 100
713 38 20 150
713 38 29 100
713 7 29 100
713 28 20 100
713 42 20 99
714 9 29 150
714 9 49 100
714 41 36 100
714 33 29 150
714 28 37 99
715 3 37 100
716 0 46 100
716 7 29 100
716 12 20 100
716 33 29 150
716 48 42 150
716 48 46 100
716 10 20 100
716 10 42 100
716 9 20 100
716 8 46 100
717 9 20 100
717 9 24 100
717 9 29 150
717 26 20 100
717 38 20 150
717 36 46 100
718 0 3 99
718 0 16 100
718 0 46 100
718 16 29 100
718 49 29 150
718 19 7 100
718 14 34 99
719 9 29 150
719 35 46 100
719 38 36 100
719 38 42 100
719 30 40 100
719 30 48 99
719 28 37 99
719 4 42 150
720 6 29 100
720 44 29 100
720 36 42 148
721 28 37 99
721 17 42 150
721 46 21 100
721 4 42 150
721 33 29 150
721 16 29 100
722 26 20 100
722 47 20 150
722 47 29 150
722 44 29 100
722 2 38 99
722 40 20 100
723 38 29 100
723 38 36 100
723 38 37 150
723 44 29 100
723 23 40 99
724 30 37 100
724 38 20 150
724 38 29 100
724 38 36 100
724 10 20 100
724 6 29 100
725 33 29 150
725 0 28 99
725 39 29 100
725 48 42 150
725 17 42 150
726 11 37 100
726 16 3 100
726 16 29 100
726 40 20 100
726 38 7 99
726 38 10 100
726 38 20 150
726 38 29 100
726 12 20 100
727 6 29 100
727 49 37 100
727 28 20 100
727 27 34 99
727 7 29 100
728 33 29 150
728 9 20 100
728 9 24 100
728 38 20 150
728 12 20 100
729 2 44 99
729 39 29 100
729 14 48 99
729 44 29 100
729 3 36 148
730 28 37 99
730 28 40 100
730 6 29 100
730 9 29 150
731 12 37 99
731 42 29 148
731 6 29 100
732 20 7 100
732 39 29 100
732 6 29 100
732 47 20 150
733 42 20 99
733 45 16 99
733 28 20 100
733 20 23 100
734 29 36 150
734 30 48 99
734 44 29 100
734 48 29 150
735 45 38 100
735 6 29 100
735 39 29 100
735 0 3 99
735 20 7 100
736 1 16 100
736 38 29 100
737 38 20 150
737 38 29 100
737 44 29 100
737 1 36 99
737 41 24 99
737 40 20 100
737 42 20 99
738 18 34 99
738 28 20 100
738 28 37 99
738 28 40 100
738 10 20 100
738 7 29 100
738 7 49 100
738 39 29 100
739 38 20 150
739 38 29 100
739 45 15 150
739 3 37 100
739 39 29 100
739 30 15 148
739 16 29 100
740 49 29 150
740 19 7 100
741 8 46 100
741 36 46 100
741 24 46 150
741 13 46 100
741 6 29 100
741 9 29 150
741 35 46 100
742 29 36 150
742 49 29 150
742 10 42 100
742 7 29 100
742 38 42 100
742 47 42 100
742 23 40 99
742 23 46 100
743 12 37 99
743 38 10 100
743 38 29 100
743 30 48 99
743 39 29 100
744 11 37 100
744 36 42 148
744 48 29 150
744 48 42 150
745 36 36 100
745 36 37 150
745 36 42 148
745 38 29 100
745 38 42 100
745 23 42 100
745 42 29 148
746 42 20 99
746 49 27 100
746 21 23 100
746 24 43 100
746 25 38 100
746 38 20 150
747 39 29 100
747 42 20 99
747 12 20 100
747 48 2 100
747 40 20 100
748 33 29 150
748 12 20 100
748 30 40 100
748 18 7 100
748 18 34 99
748 4 3 100
748 36 10 100
749 44 29 100
749 30 37 100
749 49 29 150
749 42 20 99
749 42 42 150
749 41 36 100
749 41 42 99
749 16 42 150
750 36 36 100
750 16 29 100
750 7 29 100
750 41 24 99
751 32 42 100
751 0 46 100
751 42 0 100
751 42 29 148
751 42 42 150
751 17 0 100
751 13 46 100
751 37 0 100
751 44 29 100
751 19 0 100
751 19 21 99
752 38 20 150
752 38 29 100
752 46 0 100
752 46 38 99
752 0 46 100
752 8 0 100
752 8 46 100
752 47 20 150
752 6 0 99
752 6 29 100
752 40 20 100
752 36 0 99
752 36 46 100
752 37 0 100
752 15 0 100
753 9 20 100
753 9 29 150
753 11 37 100
753 23 0 100
753 23 40 99
753 23 46 100
753 36 0 99
753 46 0 100
753 46 7 100
753 26 20 100
753 40 20 100
753 39 0 99
753 19 0 100
753 42 0 100
754 7 29 100
754 32 36 150
754 34 22 99
754 34 37 99
754 37 0 100
754 15 0 100
754 23 0 100
754 39 0 99
754 39 29 100
754 42 0 100
755 3 37 100
755 8 0 100
755 47 29 150
755 15 0 100
755 41 36 100
755 23 0 100
755 44 29 100
755 32 9 99
755 22 0 99
756 7 29 100
756 0 3 99
756 25 0 100
756 48 42 150
756 16 29 100
756 16 42 150
757 3 36 148
757 25 0 100
757 36 0 99
757 36 10 100
757 19 0 100
757 28 20 100
757 26 20 100
757 48 29 150
757 40 20 100
758 3 37 100
758 7 15 100
758 7 29 100
758 22 0 99
758 22 7 100
758 22 15 150
758 9 20 100
758 9 29 150
758 23 0 100
758 37 0 100
758 8 0 100
758 25 0 100
758 36 0 99
759 6 0 99
759 6 29 100
759 45 16 99
759 29 0 99
759 7 29 100
759 37 0 100
759 0 28 99
759 12 20 100
759 38 20 150
759 19 0 100
760 47 20 150
760 47 29 150
760 29 0 99
760 30 40 100
760 17 0 100
760 38 20 150
760 38 29 100
760 42 0 100
760 42 20 99
760 8 0 100
761 15 0 100
761 25 0 100
761 46 0 100
761 28 37 99
761 7 29 100
761 7 34 100
761 39 0 99
761 39 29 100
761 36 0 99
761 22 0 99
762 19 0 100
762 19 7 100
762 28 20 100
762 28 37 99
762 37 0 100
762 48 29 150
762 16 29 100
762 10 20 100
763 49 29 150
763 28 20 100
763 47 20 150
764 20 23 100
764 20 40 99
764 37 36 100
764 26 20 100
764 15 48 100
764 12 20 100
764 49 29 150
764 38 29 100
764 42 20 99
765 20 37 148
765 44 29 100
765 47 20 150
765 40 20 100
765 28 20 100
765 16 29 100
765 1 36 99
766 29 37 100
766 42 29 148
766 7 29 100
766 41 24 99
767 41 36 100
767 41 42 99
767 39 29 100
767 49 37 100
767 47 42 100
767 43 34 100
767 10 10 100
767 10 42 100
768 9 20 100
768 9 29 150
768 32 42 100
768 26 20 100
768 26 36 100
768 6 29 100
768 22 7 100
769 6 29 100
769 27 37 100
769 12 20 100
769 47 20 150
769 47 29 150
770 46 7 100
770 46 21 100
770 23 40 99
770 10 20 100
770 38 20 150
770 38 29 100
770 7 29 100
771 15 42 99
771 44 29 100
771 9 10 100
771 9 20 100
771 4 42 150
771 39 29 100
771 28 20 100
772 1 27 100
772 10 20 100
772 33 29 150
772 3 49 100
773 38 20 150
773 38 36 100
773 38 42 100
773 5 37 100
773 36 42 148
773 15 42 99
773 9 20 100
774 47 20 150
774 49 37 100
774 16 29 100
774 41 36 100
775 20 7 100
775 20 40 99
775 7 15 100
775 7 29 100
775 37 15 148
775 15 48 100
775 12 37 99
776 5 37 100
776 28 20 100
776 28 28 100
776 39 0 99
776 39 29 100
776 44 29 100
776 6 0 99
776 6 29 100
776 48 42 150
776 47 20 150
776 47 42 100
776 23 0 100
776 23 42 100
776 29 0 99
776 15 0 100
776 25 0 100
776 40 20 100
777 2 3 100
777 6 0 99
777 6 29 100
777 47 29 150
777 39 0 99
777 27 34 99
777 36 0 99
777 23 0 100
777 19 0 100
778 38 29 100
778 38 42 100
778 7 29 100
778 6 0 99
778 32 42 100
778 17 0 100
778 17 42 150
778 37 0 100
779 19 0 100
779 11 37 100
779 36 0 99
779 36 36 100
779 29 0 99
779 42 0 100
780 36 0 99
780 9 29 150
780 12 37 99
780 17 0 100
780 38 29 100
781 43 38 99
781 42 0 100
781 42 29 148
781 8 0 100
781 15 0 100
781 38 7 99
782 38 10 100
782 38 29 100
782 38 37 150
782 15 0 100
782 49 29 150
782 29 0 99
782 36 0 99
782 36 40 100
782 42 0 100
782 17 0 100
783 17 0 100
783 48 2 100
783 48 29 150
783 26 20 100
783 19 0 100
783 22 0 99
783 25 0 100
783 25 1 148
783 42 0 100
783 42 20 99
783 37 0 100
783 1 1 99
784 9 20 100
784 9 24 100
784 9 29 150
784 6 0 99
784 6 29 100
784 14 1 100
784 23 0 100
784 28 20 100
784 42 0 100
784 42 20 99
784 39 0 99
785 2 3 100
785 25 0 100
785 1 36 99
785 36 0 99
785 36 42 148
785 4 42 150
785 8 0 100
785 10 20 100
785 10 22 100
785 39 0 99
785 39 29 100
785 33 29 150
785 9 20 100
786 37 0 100
786 37 36 100
786 6 0 99
786 6 29 100
786 34 37 99
786 7 29 100
786 7 34 100
786 19 0 100
786 9 20 100
786 36 0 99
786 17 0 100
786 23 0 100
787 6 0 99
787 6 29 100
787 15 0 100
787 19 0 100
787 5 37 100
787 23 40 99
787 37 36 100
787 33 29 150
788 37 16 100
788 37 36 100
788 30 48 99
788 10 10 100
788 10 20 100
788 38 7 99
788 38 20 150
788 38 29 100
788 39 29 100
788 12 20 100
788 40 20 100
789 11 37 100
789 39 0 99
789 39 29 100
789 29 0 99
789 17 0 100
789 47 20 150
789 42 0 100
789 7 29 100
790 40 20 100
790 22 0 99
790 15 0 100
790 38 20 150
790 49 37 100
790 8 0 100
790 36 0 99
790 42 0 100
790 42 20 99
790 6 0 99
791 35 21 100
791 7 29 100
791 10 24 100
791 8 0 100
791 38 29 100
791 25 0 100
791 27 37 100
791 29 0 99
791 37 0 100
792 48 42 150
792 29 0 99
792 25 0 100
792 46 0 100
792 37 0 100
792 30 48 99
792 9 10 100
792 32 42 100
792 39 0 99
793 49 29 150
793 9 38 99
793 23 0 100
793 23 40 99
793 23 42 100
793 18 7 100
793 36 0 99
793 15 0 100
793 39 0 99
793 39 29 100
793 46 0 100
794 47 29 150
794 42 0 100
794 46 0 100
794 14 48 99
794 23 0 100
794 37 0 100
795 23 0 100
795 23 42 100
795 19 0 100
795 48 29 150
795 48 42 150
795 44 29 100
795 6 0 99
795 25 0 100
795 45 15 150
795 8 0 100
795 22 0 99
795 22 15 150
795 12 37 99
796 12 20 100
796 12 37 99
796 25 0 100
796 33 29 150
796 5 36 150
796 8 0 100
796 6 0 99
796 6 29 100
796 40 20 100
796 47 20 150
797 16 29 100
797 29 0 99
797 29 23 100
797 0 16 100
797 20 7 100
797 17 0 100
797 26 20 100
797 40 20 100
797 19 0 100
797 19 21 99
797 37 0 100
797 38 20 150
797 38 29 100
798 9 29 150
798 8 0 100
798 42 0 100
798 23 0 100
798 36 0 99
799 6 0 99
799 6 29 100
799 38 20 150
799 38 29 100
799 38 36 100
799 38 42 100
799 37 0 100
799 44 29 100
799 8 0 100
799 23 0 100
799 23 42 100
799 48 42 150
799 25 0 100
799 9 20 100
800 46 0 100
800 46 7 100
800 26 20 100
800 26 36 100
800 49 29 150
800 49 37 100
800 36 0 99
800 36 10 100
800 36 40 100
801 15 39 100
801 10 20 100
801 12 20 100
801 38 20 150
802 5 37 100
802 23 46 100
802 9 29 150
802 36 36 100
802 36 46 100
802 13 46 100
802 44 29 100
802 35 46 100
802 48 46 100
803 27 34 99
803 30 46 100
803 30 48 99
803 38 7 99
803 38 29 100
803 48 29 150
803 9 49 100
804 0 36 100
804 0 37 150
804 9 29 150
804 38 22 100
805 6 29 100
805 24 43 100
805 27 37 100
805 47 29 150
806 27 36 150
806 46 7 100
806 6 29 100
806 20 40 99
806 12 20 100
806 38 20 150
806 38 29 100
806 9 20 100
807 17 0 100
807 17 42 150
807 46 0 100
807 38 42 100
807 19 0 100
807 6 0 99
807 47 42 100
807 5 37 100
807 36 0 99
808 37 0 100
808 19 0 100
808 42 0 100
808 42 29 148
808 46 0 100
808 15 0 100
808 15 28 100
808 15 48 100
808 16 29 100
809 8 0 100
809 39 0 99
809 39 29 100
809 34 37 99
809 32 42 100
809 23 0 100
809 23 42 100
809 7 29 100
809 15 0 100
809 15 42 99
809 40 20 100
809 28 20 100
809 19 0 100
809 38 20 150
810 32 42 100
810 30 37 100
810 8 0 100
810 19 0 100
810 15 0 100
810 15 42 99
810 16 42 150
810 36 0 99
811 49 29 150
811 49 37 100
811 19 0 100
811 46 0 100
811 42 0 100
811 29 0 99
812 33 29 150
812 3 37 100
812 22 0 99
812 29 0 99
812 6 0 99
812 6 29 100
812 28 40 100
812 15 0 100
812 46 0 100
812 48 30 100
812 19 0 100
813 29 0 99
813 19 0 100
813 19 21 99
813 16 29 100
813 16 42 150
813 6 0 99
813 6 29 100
813 42 0 100
813 42 20 99
813 42 42 150
813 15 0 100
813 8 0 100
813 10 10 100
813 10 20 100
814 27 36 150
814 19 0 100
814 41 24 99
814 37 0 100
814 9 20 100
814 9 29 150
814 10 20 100
814 26 20 100
814 8 0 100
814 38 20 150
814 38 29 100
814 17 0 100
814 17 27 100
815 20 23 100
815 26 20 100
815 45 38 100
815 12 20 100
815 12 37 99
815 39 0 99
815 39 29 100
815 8 0 100
815 41 42 99
815 47 20 150
815 47 42 100
815 25 0 100
815 36 0 99
815 36 42 148
815 46 0 100
816 18 34 99
816 47 29 150
816 47 42 100
816 42 0 100
816 42 29 148
816 42 37 100
816 42 42 150
816 38 42 100
816 15 0 100
816 46 0 100
817 37 0 100
817 37 36 100
817 20 40 99
817 25 0 100
817 10 20 100
817 7 29 100
817 16 29 100
817 38 20 150
817 42 0 100
817 42 20 99
817 17 0 100
818 33 29 150
818 34 3 100
818 38 7 99
818 38 29 100
819 47 16 99
819 47 20 150
819 47 29 150
819 47 42 100
819 38 20 150
819 38 29 100
819 38 42 100
819 15 42 99
820 26 20 100
820 10 20 100
820 44 29 100
820 42 20 99
821 32 42 100
821 36 10 100
821 36 42 148
821 10 20 100
821 10 42 100
821 9 29 150
821 39 29 100
821 30 28 100
822 38 16 99
822 38 20 150
822 38 22 100
822 38 29 100
822 47 20 150
822 47 29 150
822 26 20 100
822 36 40 100
823 9 29 150
823 36 42 148
823 47 42 100
824 49 29 150
824 49 37 100
824 12 20 100
824 0 36 100
824 6 29 100
824 15 42 99
824 15 48 100
824 32 42 100
824 40 20 100
824 9 20 100
825 44 29 100
825 46 21 100
825 34 37 99
825 4 42 150
825 48 29 150
826 40 20 100
826 5 37 100
826 16 29 100
827 12 20 100
827 12 37 99
827 42 20 99
827 42 29 148
827 37 36 100
827 33 29 150
827 38 7 99
827 38 20 150
827 47 20 150
827 9 20 100
828 5 37 100
828 43 34 100
828 0 36 100
828 30 40 100
828 30 48 99
828 9 29 150
829 6 29 100
829 6 49 99
829 11 37 100
829 0 38 100
829 33 29 150
829 26 20 100
830 15 42 99
830 5 37 100
830 10 20 100
830 10 42 100
830 36 42 148
830 48 29 150
830 26 20 100
830 40 20 100
831 37 9 99
831 0 37 150
831 7 29 100
831 42 29 148
831 38 10 100
832 6 29 100
832 9 24 100
832 9 29 150
832 37 36 100
832 43 23 100
833 30 37 100
833 30 48 99
833 46 7 100
833 38 29 100
833 7 29 100
833 20 40 99
834 4 38 100
834 47 29 150
835 7 29 100
835 34 37 99
835 15 48 100
835 26 36 100
835 38 29 100
836 27 2 100
836 19 7 100
836 16 29 100
836 6 29 100
836 7 29 100
838 40 20 100
838 12 20 100
838 47 20 150
838 41 24 99
839 26 20 100
839 16 29 100
839 38 20 150
839 46 21 100
840 26 20 100
840 38 20 150
840 9 20 100
840 40 20 100
841 37 16 100
841 37 36 100
841 30 40 100
841 26 20 100
841 10 20 100
842 17 27 100
842 36 10 100
842 39 29 100
842 26 20 100
842 19 7 100
843 20 37 148
843 12 20 100
843 5 36 150
843 38 20 150
843 10 20 100
844 13 28 100
844 3 37 100
845 7 15 100
845 38 7 99
845 15 48 100
845 29 15 100
846 2 15 100
846 34 37 99
846 7 29 100
847 11 37 100
847 48 42 150
847 16 42 150
848 43 34 100
848 38 20 150
848 34 37 99
848 47 20 150
848 42 20 99
849 32 36 150
849 32 42 100
849 30 37 100
849 30 40 100
849 10 20 100
849 10 42 100
849 44 29 100
849 47 20 150
849 47 42 100
849 12 20 100
850 34 3 100
851 18 7 100
851 28 37 99
851 41 36 100
851 44 39 100
851 34 44 100
851 20 23 100
852 40 20 100
852 16 29 100
852 26 20 100
852 17 0 100
852 9 10 100
852 9 20 100
852 36 0 99
852 46 0 100
853 41 42 99
853 32 42 100
853 6 0 99
853 48 42 150
853 42 0 100
853 19 0 100
853 29 0 99
854 23 0 100
854 23 40 99
854 24 16 100
854 28 20 100
854 12 20 100
854 29 0 99
854 29 36 150
854 39 0 99
854 26 20 100
854 40 20 100
855 46 0 100
855 46 6 150
855 46 7 100
855 46 38 99
855 36 0 99
855 3 37 100
855 38 6 150
855 38 20 150
855 38 29 100
855 4 6 100
855 17 0 100
855 24 6 100
855 9 20 100
855 6 0 99
856 8 0 100
856 24 6 100
856 49 49 100
856 10 20 100
856 46 0 100
856 46 21 100
856 19 0 100
856 29 0 99
856 23 0 100
857 27 34 99
857 27 37 100
857 17 0 100
857 6 0 99
857 10 24 100
857 25 0 100
858 15 0 100
858 35 6 148
858 42 0 100
858 42 6 150
858 29 0 99
858 24 6 100
858 0 3 99
858 14 6 100
858 17 0 100
859 28 28 100
859 28 37 99
859 6 0 99
859 6 29 100
859 42 0 100
859 37 0 100
859 29 0 99
860 42 0 100
860 2 7 148
860 36 0 99
860 23 0 100
860 17 0 100
860 39 0 99
860 19 0 100
860 15 0 100
860 15 48 100
861 4 38 100
861 26 20 100
861 19 0 100
861 29 0 99
861 23 0 100
861 40 20 100
861 22 0 99
861 38 20 150
862 28 37 99
862 28 40 100
862 14 6 100
862 29 0 99
862 29 23 100
862 40 6 100
862 23 0 100
862 18 7 100
862 38 6 150
862 38 29 100
862 15 0 100
862 26 6 150
863 6 0 99
863 10 10 100
863 10 20 100
863 19 0 100
863 42 0 100
863 42 20 99
863 23 0 100
863 25 0 100
863 24 6 100
863 12 20 100
864 23 0 100
864 17 0 100
865 42 37 100
865 42 42 150
865 48 42 150
