297 26 2 100
297 26 4 75
297 26 7 150
297 26 18 99
297 26 19 150
304 26 2 100
304 26 4 90
304 26 7 150
304 26 18 36
310 26 2 100
310 26 4 60
310 26 7 150
310 26 18 69
320 26 2 100
320 26 4 105
320 26 7 150
320 26 18 99
320 26 19 150
332 26 2 100
332 26 4 75
332 26 7 150
332 26 18 99
332 26 19 150
338 26 2 100
338 26 4 60
338 26 7 150
338 26 18 99
338 26 19 150
343 26 2 100
343 26 4 60
343 26 7 150
343 26 18 99
343 26 19 150
351 26 2 100
351 26 4 90
351 26 7 150
351 26 18 99
351 26 19 150
359 26 2 100
359 26 4 90
359 26 7 150
359 26 18 81
366 26 2 100
366 26 4 60
366 26 7 150
366 26 18 99
366 26 19 150
373 26 2 100
373 26 4 75
373 26 7 150
373 26 18 72
380 26 2 100
380 26 4 75
380 26 7 150
380 26 18 69
388 26 2 100
388 26 4 75
388 26 7 150
388 26 18 99
388 26 19 150
396 26 2 100
396 26 4 105
396 26 7 150
396 26 18 36
402 26 2 100
402 26 4 60
402 26 7 150
402 26 18 69
592 26 2 100
592 26 4 150
592 26 5 100
592 26 7 150
592 26 18 99
592 26 19 150
632 26 2 100
632 26 4 150
632 26 5 100
632 26 7 150
632 26 18 99
632 26 19 150
654 39 12 100
654 39 17 148
654 39 22 99
654 39 29 150
654 39 42 100
654 39 46 150
656 39 12 100
656 39 17 148
656 39 22 99
656 39 29 150
656 39 42 80
675 39 12 100
675 39 17 148
675 39 22 99
675 39 29 150
675 39 42 100
675 39 46 150
677 26 2 100
677 26 4 150
677 26 5 100
677 26 7 150
677 26 18 99
677 26 19 150
681 39 12 100
681 39 17 148
681 39 22 99
681 39 29 150
681 39 42 100
681 39 46 150
682 39 12 100
682 39 17 148
682 39 22 99
682 39 29 150
682 39 42 100
682 39 46 150
685 39 12 100
685 39 17 148
685 39 22 99
685 39 29 150
685 39 42 100
685 39 46 150
690 39 12 100
690 39 17 148
690 39 22 99
690 39 29 150
690 39 42 100
690 39 46 150
692 13 2 100
692 13 4 150
692 13 12 150
692 13 18 150
692 13 21 150
692 13 32 100
692 13 43 100
692 39 12 100
692 39 17 148
692 39 22 99
692 39 29 150
692 39 42 40
692 33 19 45
692 33 22 100
692 33 23 150
692 33 27 148
692 33 43 60
692 46 5 100
692 46 7 150
692 46 9 150
692 46 10 16
692 46 21 150
692 46 22 99
692 46 30 100
692 3 17 150
692 3 22 100
692 3 29 150
692 3 30 100
692 3 31 150
692 3 36 34
692 38 5 148
692 38 9 99
692 38 16 150
692 38 30 100
692 38 45 100
692 18 2 148
692 18 4 100
692 18 12 128
692 18 16 150
692 18 23 48
692 18 27 100
692 18 29 150
692 18 40 99
692 18 48 30
692 2 9 150
692 2 12 2
692 2 22 150
692 2 27 150
692 2 31 100
692 17 5 148
692 17 16 100
692 17 31 99
692 17 32 148
692 17 45 100
692 36 4 100
692 36 9 150
692 36 13 99
692 36 40 100
692 20 7 99
692 20 9 150
692 20 18 100
692 20 27 99
692 20 29 150
692 20 32 100
692 20 37 150
692 20 46 100
692 41 2 150
692 41 4 99
692 41 27 150
692 41 40 100
692 9 22 150
692 9 27 150
692 9 29 100
692 9 45 150
692 9 47 38
692 1 7 150
692 1 9 21
692 43 10 2
692 6 26 100
692 6 29 150
693 9 22 150
693 9 27 150
693 9 29 100
693 9 45 150
693 35 2 99
693 35 4 100
693 35 7 150
693 35 28 100
693 35 32 150
693 35 37 100
693 22 17 99
693 22 27 99
693 22 29 150
693 22 32 100
693 38 2 100
693 38 5 148
693 38 16 150
693 38 45 100
693 26 2 100
693 26 4 150
693 26 5 100
693 26 7 150
693 26 18 99
693 31 5 148
693 31 7 100
693 31 16 150
693 31 22 100
693 31 26 148
693 31 29 99
693 31 32 150
693 29 2 150
693 29 13 99
693 29 17 150
693 29 40 150
693 34 5 99
693 34 21 150
693 34 31 148
693 34 37 99
693 34 46 148
693 15 22 100
693 15 31 100
693 17 5 148
693 17 16 100
693 17 31 99
693 17 32 148
693 17 45 100
693 2 7 100
693 2 21 100
693 2 22 150
693 2 27 150
693 2 31 100
693 13 2 100
693 13 4 150
693 13 18 150
693 13 21 150
693 13 32 100
693 12 2 150
693 12 13 150
693 12 28 99
693 12 31 150
693 12 37 150
693 12 40 100
693 45 4 150
693 45 5 76
693 45 37 99
693 45 45 99
693 42 2 99
693 42 16 148
693 42 17 99
693 42 21 148
693 42 29 100
693 42 32 150
693 42 46 150
693 3 17 150
693 3 22 100
693 3 29 150
693 3 31 150
694 36 4 100
694 36 13 99
694 36 40 100
694 24 7 100
694 24 16 150
694 24 22 150
694 24 28 150
694 24 29 100
694 24 31 150
694 24 46 100
694 28 26 100
694 28 40 150
694 28 45 99
694 43 29 99
694 40 7 150
694 40 28 100
694 40 32 150
694 3 17 150
694 3 22 100
694 3 29 150
694 3 31 150
694 42 2 99
694 42 16 148
694 42 17 99
694 42 21 148
694 42 29 100
694 42 32 150
694 42 46 150
694 49 2 150
694 49 17 150
694 49 18 99
694 49 27 150
694 20 7 99
694 20 18 100
694 20 27 99
694 20 29 150
694 20 32 100
694 20 37 150
694 20 46 100
694 46 5 1
694 46 16 150
694 46 21 150
694 46 22 99
694 1 2 99
694 1 7 150
694 1 13 99
694 26 2 100
694 26 4 150
694 26 7 150
694 26 18 99
694 5 4 150
694 5 22 99
694 5 26 150
694 5 45 150
694 9 22 150
694 9 27 150
694 9 29 100
694 9 45 150
694 34 21 150
694 34 31 148
694 34 37 99
694 34 46 148
694 41 2 150
694 41 4 99
694 41 27 150
694 41 40 100
695 3 17 150
695 3 22 100
695 3 29 150
695 3 31 150
695 49 2 150
695 49 17 150
695 49 18 99
695 49 27 150
695 21 4 99
695 21 7 148
695 21 17 100
695 21 21 150
695 21 28 100
695 18 2 148
695 18 4 100
695 18 13 100
695 18 16 150
695 18 26 150
695 18 27 100
695 18 29 150
695 18 40 99
695 0 2 150
695 33 21 150
695 33 22 100
695 33 27 148
695 33 46 127
695 28 40 150
695 28 45 99
695 23 2 99
695 23 16 100
695 23 18 150
695 23 21 100
695 23 27 99
695 23 28 150
695 23 31 100
695 23 32 150
695 23 37 100
695 23 45 148
695 15 22 100
695 15 31 100
695 46 7 150
695 46 16 150
695 46 21 150
695 46 22 99
695 19 4 99
695 19 17 150
695 19 18 100
695 19 29 100
695 43 29 99
695 10 13 100
695 10 21 100
695 10 28 150
695 10 29 100
695 40 7 150
695 40 28 100
695 40 32 150
695 38 2 100
695 38 16 150
695 38 45 100
695 8 4 100
695 8 16 150
695 8 26 150
695 8 31 150
695 8 40 150
696 9 22 150
696 9 27 150
696 9 29 100
696 9 45 150
696 18 2 148
696 18 4 100
696 18 13 100
696 18 16 150
696 18 26 150
696 18 27 100
696 18 29 150
696 18 40 99
696 31 5 80
696 31 16 150
696 31 22 100
696 31 26 148
696 31 29 99
696 31 32 150
696 49 2 150
696 49 17 150
696 49 18 99
696 49 27 150
696 32 2 100
696 32 4 150
696 32 13 100
696 32 17 150
696 32 18 100
696 32 27 99
696 32 28 148
696 32 46 20
696 41 4 99
696 41 27 150
696 41 40 100
696 34 21 150
696 34 31 148
696 34 37 99
696 4 7 150
696 4 26 33
696 4 40 100
696 3 17 150
696 3 22 100
696 3 29 150
696 3 31 150
696 27 28 99
696 27 32 148
696 2 7 100
696 2 21 92
696 2 31 100
696 44 17 148
696 44 27 150
696 44 31 100
696 44 37 99
696 15 31 100
696 46 5 1
696 46 16 150
696 38 2 100
696 38 16 150
696 38 45 100
696 36 4 20
696 36 40 100
697 41 2 150
697 41 4 15
697 41 40 100
697 21 7 148
697 21 17 100
697 21 28 100
697 28 26 8
697 28 45 99
697 30 16 150
697 30 17 100
697 30 31 150
697 30 37 150
697 16 27 150
697 16 32 100
697 16 37 150
697 16 40 100
697 2 7 100
697 2 22 60
697 2 31 100
697 38 2 100
697 38 16 150
697 38 45 100
697 9 27 150
697 9 29 100
697 9 45 150
697 22 17 3
697 22 29 150
697 22 32 100
697 47 7 148
697 47 13 99
697 47 16 68
697 42 29 100
697 42 32 150
697 42 46 22
697 4 26 3
697 4 40 100
697 6 29 150
697 7 7 150
697 7 28 100
697 7 31 150
697 48 2 99
697 48 13 150
697 48 21 1
697 48 29 150
697 48 40 150
697 15 31 100
698 43 29 99
698 10 13 100
698 10 21 28
698 10 29 100
698 17 16 6
698 17 32 148
698 17 45 100
698 27 28 99
698 27 32 148
698 2 7 100
698 2 27 150
698 2 31 100
698 15 31 100
698 31 7 100
698 31 26 8
698 36 4 15
698 36 40 100
698 5 45 150
698 4 7 150
698 4 31 148
698 4 40 100
698 12 2 150
698 12 13 150
698 12 28 99
698 12 31 150
698 12 37 150
698 12 40 100
698 37 7 150
698 37 13 99
698 37 17 34
698 37 40 150
698 37 46 20
698 34 31 148
698 34 37 99
698 26 2 100
698 26 7 150
698 26 18 99
698 40 7 150
698 40 28 100
698 40 32 150
699 21 4 15
699 21 17 32
699 18 2 148
699 18 13 100
699 18 16 4
699 18 29 6
699 30 31 150
699 30 37 60
699 36 40 100
699 42 2 99
699 42 32 150
699 42 46 22
699 39 22 60
699 32 13 100
699 32 18 100
699 32 27 99
699 32 28 148
699 26 2 100
699 26 7 150
699 26 18 99
699 16 27 150
699 16 32 100
699 16 40 100
699 5 45 150
699 15 31 100
699 35 2 99
699 35 7 150
699 35 28 100
699 35 32 150
699 40 7 150
699 40 28 100
699 40 32 150
699 48 2 99
699 48 13 150
699 48 27 99
699 48 40 150
699 28 40 150
699 28 45 99
700 26 2 100
700 26 7 150
700 26 18 99
700 2 7 100
700 2 21 28
700 2 31 100
700 25 40 150
700 15 31 100
700 41 2 150
700 41 27 150
700 41 40 76
700 18 2 148
700 18 13 100
700 18 26 12
700 49 2 150
700 49 18 99
700 49 27 150
700 44 27 150
700 44 31 100
700 42 2 99
700 42 32 150
700 42 46 21
700 22 32 100
700 32 2 100
700 32 13 100
700 32 18 100
700 32 27 99
700 32 28 148
700 13 2 100
700 13 18 150
700 13 32 100
700 7 7 150
700 7 28 100
700 7 31 150
700 4 7 150
700 4 31 148
700 3 31 150
701 15 31 100
701 23 2 99
701 23 16 4
701 23 21 28
701 23 28 150
701 23 31 100
701 23 32 150
701 23 45 148
701 0 2 150
701 2 7 100
701 2 27 150
701 2 31 100
701 10 13 100
701 10 28 150
701 10 29 6
701 48 13 150
701 48 27 99
701 48 40 1
701 40 7 150
701 40 28 100
701 40 32 150
701 45 27 148
701 45 45 99
701 8 26 10
701 34 31 148
701 34 46 20
701 13 18 150
701 13 32 100
701 41 2 150
701 41 27 150
701 32 2 100
701 32 13 100
701 32 17 32
701 32 27 99
701 32 28 148
701 22 27 99
701 22 29 1
701 14 27 150
702 15 22 60
702 35 2 99
702 35 7 150
702 35 28 100
702 35 32 150
702 20 7 99
702 20 18 100
702 20 27 99
702 20 29 7
702 20 46 22
702 36 40 9
702 24 16 6
702 24 31 150
702 13 2 100
702 13 18 150
702 13 32 100
702 9 19 45
702 9 45 150
702 42 2 99
702 42 32 150
702 5 45 150
702 31 7 100
702 31 32 150
702 8 31 150
702 45 27 148
702 45 45 99
702 3 31 150
702 26 2 100
702 26 7 150
702 26 18 99
702 33 27 148
703 19 4 15
703 19 29 34
703 20 7 99
703 20 18 100
703 20 27 99
703 20 32 100
703 20 46 1
703 29 13 99
703 29 17 2
703 24 16 3
703 24 31 150
703 48 2 99
703 48 13 150
703 48 27 99
703 46 7 150
703 14 27 150
703 44 27 150
703 44 31 100
703 11 7 99
703 11 26 9
703 38 2 100
703 38 45 100
703 42 2 99
703 42 32 150
703 0 2 150
703 28 45 99
704 35 2 99
704 35 7 150
704 35 28 100
704 35 32 150
704 12 2 150
704 12 13 150
704 12 28 99
704 12 31 150
704 39 17 32
704 48 2 99
704 48 13 150
704 48 21 28
704 15 31 100
704 28 45 99
704 18 2 148
704 18 13 100
704 18 16 6
704 20 7 99
704 20 18 100
704 20 27 99
704 20 32 100
704 20 46 1
704 47 13 99
704 38 2 100
704 38 45 100
704 2 7 100
704 2 27 124
704 23 2 99
704 23 18 150
704 23 28 150
704 23 31 100
704 23 32 150
704 23 45 148
704 41 2 150
704 30 31 150
705 8 16 6
705 30 17 32
705 46 7 150
705 46 22 60
705 13 18 150
705 13 32 100
705 17 31 99
705 17 32 148
705 17 45 100
705 39 29 7
705 4 31 148
705 0 2 150
705 41 2 150
705 23 2 99
705 23 18 150
705 23 28 150
705 23 31 100
705 23 32 150
705 23 45 148
705 33 46 1
705 28 45 99
705 49 2 150
705 49 18 57
705 31 32 150
706 19 4 15
706 1 7 150
706 1 13 99
706 24 7 100
706 24 16 3
706 24 31 150
706 36 13 99
706 38 2 100
706 38 45 100
706 8 16 2
706 37 7 36
706 37 17 2
706 41 2 150
706 44 31 100
706 11 45 100
706 32 2 100
706 32 13 100
706 32 28 148
706 45 45 99
706 16 32 100
706 33 46 1
707 10 28 150
707 10 29 6
707 48 40 9
707 45 45 99
707 17 31 99
707 17 32 44
707 42 17 30
707 20 18 32
707 32 2 2
707 32 17 2
707 40 28 100
707 34 31 148
708 36 4 15
708 36 40 9
708 32 13 100
708 32 17 32
708 32 46 20
708 30 16 3
708 40 28 100
708 43 29 6
708 17 45 100
708 3 22 60
708 47 13 99
708 24 28 150
708 24 31 150
708 27 28 99
708 6 29 1
709 29 13 99
709 34 31 148
709 34 46 20
709 41 4 15
709 17 16 2
709 17 45 100
709 2 22 60
709 26 19 1
709 12 13 150
709 12 28 99
709 12 31 150
709 47 13 99
709 4 31 148
710 28 26 8
710 6 26 2
710 4 31 148
710 47 13 99
710 47 16 4
710 3 17 32
710 41 2 36
710 34 46 20
710 8 31 150
710 23 28 86
710 23 45 148
711 4 31 148
711 4 40 8
711 15 31 100
711 41 2 36
711 13 21 1
711 32 13 100
711 32 17 2
711 17 31 99
711 17 45 100
711 28 45 99
712 4 5 80
712 4 40 8
712 27 32 28
712 23 45 148
712 37 13 99
712 37 17 2
712 34 31 148
712 3 31 150
712 40 7 1
712 17 45 100
712 10 13 100
713 35 4 12
713 10 13 100
713 10 21 28
713 32 19 45
713 23 45 148
713 30 31 150
713 47 13 99
713 28 26 8
713 24 31 150
713 5 45 150
713 44 31 100
714 45 4 15
714 42 16 4
714 31 16 2
714 32 13 100
714 32 17 2
714 6 26 2
714 10 13 100
714 12 13 150
714 12 31 150
715 8 16 4
715 8 40 8
715 37 13 99
715 37 16 1
715 48 13 150
715 48 40 1
715 7 31 150
715 7 46 1
716 29 2 36
716 7 7 1
716 7 46 21
716 4 31 148
716 2 31 100
716 24 31 150
716 42 32 30
716 32 18 32
716 17 45 100
717 19 4 15
717 23 32 30
717 17 16 1
717 17 45 100
717 28 26 8
717 1 13 99
717 20 46 1
717 44 31 100
717 7 26 2
718 15 31 100
718 7 31 150
718 7 46 21
718 12 31 150
718 12 40 8
718 39 17 32
718 30 31 36
718 10 21 28
718 37 13 99
718 37 16 2
719 23 2 36
719 21 4 15
719 2 22 60
720 24 16 3
721 7 31 42
722 49 17 32
722 17 45 100
723 8 4 18
723 18 29 33
723 39 46 20
723 36 40 1
724 35 32 30
724 6 29 7
724 21 17 32
725 23 16 4
725 43 29 6
725 8 26 2
725 33 46 1
726 8 26 10
727 38 16 6
727 13 4 15
727 12 13 36
728 2 31 2
729 8 26 10
729 28 45 99
729 26 7 40
730 23 18 3
730 37 17 2
731 4 7 39
731 17 45 100
732 40 7 1
732 14 17 30
732 7 46 2
732 17 16 1
733 42 16 4
733 49 17 1
733 16 40 1
733 37 16 1
734 28 45 99
734 7 31 42
734 48 21 28
735 44 17 32
735 19 18 34
736 35 7 40
736 42 29 6
737 20 18 32
737 23 18 2
737 38 45 100
738 43 29 6
738 21 7 40
738 48 40 1
739 38 2 36
739 14 17 30
739 29 17 2
741 20 46 21
741 14 17 30
742 18 4 15
743 38 16 3
743 37 13 36
743 20 29 7
744 17 16 1
744 16 40 1
745 34 31 40
745 17 16 5
745 3 17 32
745 19 4 15
746 12 28 48
746 2 22 60
747 27 32 32
747 38 45 100
747 14 17 30
748 4 7 39
748 35 7 1
749 9 22 60
749 30 16 6
749 16 40 1
749 7 46 1
750 48 13 36
751 10 13 36
751 5 45 150
751 9 45 150
751 21 17 32
751 17 45 100
752 46 16 3
752 34 46 20
752 28 45 99
753 10 29 6
753 36 4 15
753 22 29 1
753 38 45 100
754 43 29 6
754 7 7 1
755 15 22 60
756 19 18 34
757 17 16 1
757 24 31 2
758 19 17 30
758 8 9 72
758 49 17 2
758 21 21 28
758 45 45 99
759 26 4 15
760 12 31 42
761 7 7 40
761 17 45 100
762 47 13 36
762 16 40 9
762 8 4 15
763 15 22 60
763 0 2 36
763 48 21 1
764 6 29 7
764 11 45 100
764 10 28 48
765 31 7 40
766 11 22 60
766 21 4 15
766 22 32 30
766 23 16 2
767 13 2 36
767 24 16 3
768 31 7 40
768 48 2 36
769 32 2 36
769 40 32 2
770 27 32 28
770 45 45 99
770 38 45 100
771 5 22 60
777 19 17 30
777 49 17 2
786 43 29 33
787 6 26 10
788 15 22 60
805 37 13 36
813 24 29 34
814 14 17 30
815 13 2 36
819 18 16 4
820 17 16 2
823 30 16 3
824 20 18 32
829 29 40 8
832 18 16 4
837 31 16 1
844 4 31 40
845 26 18 33
846 31 26 8
855 33 46 1
858 13 4 15
858 7 26 2
864 44 17 32
