17 25 2 100
17 25 8 104
17 25 14 148
17 25 17 100
17 25 36 150
17 25 42 100
24 44 0 99
24 44 1 148
24 44 4 100
24 44 19 150
24 44 24 100
24 44 26 150
24 44 27 100
24 44 30 148
24 44 34 99
24 44 35 148
24 44 36 99
24 44 39 150
24 44 41 100
24 44 42 150
28 25 2 100
28 25 8 150
28 25 12 100
28 25 14 148
28 25 17 100
28 25 36 150
28 25 42 100
53 25 2 100
53 25 8 150
53 25 12 100
53 25 14 148
53 25 17 100
53 25 36 150
53 25 42 100
55 25 2 100
55 25 8 150
55 25 12 100
55 25 14 148
55 25 17 100
55 25 36 150
55 25 42 100
56 44 0 99
56 44 1 148
56 44 4 100
56 44 19 150
56 44 24 100
56 44 26 150
56 44 27 100
56 44 30 148
56 44 34 99
56 44 35 148
56 44 36 99
56 44 39 150
56 44 41 100
56 44 42 150
62 25 2 100
62 25 8 76
62 25 14 148
62 25 17 100
62 25 36 150
62 25 42 100
62 44 0 99
62 44 1 148
62 44 4 100
62 44 19 150
62 44 24 100
62 44 26 150
62 44 27 100
62 44 30 148
62 44 34 99
62 44 35 148
62 44 36 99
62 44 39 150
62 44 41 100
62 44 42 150
67 25 2 100
67 25 8 104
67 25 14 148
67 25 17 100
67 25 36 150
67 25 42 100
73 25 2 100
73 25 8 106
73 25 14 148
73 25 17 100
73 25 36 150
73 25 42 100
77 25 2 100
77 25 8 104
77 25 14 148
77 25 17 100
77 25 36 150
77 25 42 100
82 25 2 100
82 25 8 106
82 25 14 148
82 25 17 100
82 25 36 150
82 25 42 100
89 25 2 100
89 25 8 104
89 25 14 148
89 25 17 100
89 25 36 150
89 25 42 100
100 44 0 99
100 44 1 148
100 44 4 100
100 44 19 150
100 44 24 100
100 44 26 150
100 44 27 100
100 44 30 148
100 44 34 99
100 44 35 148
100 44 36 99
100 44 39 150
100 44 41 100
100 44 42 150
105 25 2 100
105 25 8 106
105 25 14 148
105 25 17 100
105 25 36 150
105 25 42 100
125 25 2 100
125 25 8 104
125 25 14 148
125 25 17 100
125 25 36 150
125 25 42 100
133 2 11 100
133 2 14 148
133 2 15 100
133 2 23 148
133 2 24 100
133 2 25 150
133 2 26 100
133 2 29 150
133 2 33 100
133 2 40 150
133 2 44 100
133 2 47 150
135 44 0 99
135 44 1 148
135 44 4 100
135 44 19 150
135 44 24 100
135 44 26 150
135 44 27 100
135 44 30 148
135 44 34 99
135 44 35 148
135 44 36 99
135 44 39 150
135 44 41 100
135 44 42 150
136 25 2 100
136 25 8 106
136 25 14 148
136 25 17 100
136 25 36 150
136 25 42 100
138 25 2 100
138 25 8 104
138 25 14 148
138 25 17 100
138 25 36 150
138 25 42 100
146 25 2 100
146 25 8 150
146 25 12 100
146 25 14 148
146 25 17 100
146 25 36 150
146 25 42 100
150 25 2 100
150 25 8 150
150 25 12 100
150 25 14 148
150 25 17 100
150 25 36 150
150 25 42 100
158 25 2 100
158 25 8 150
158 25 12 100
158 25 14 148
158 25 17 100
158 25 36 150
158 25 42 100
161 25 2 100
161 25 8 76
161 25 14 148
161 25 17 100
161 25 36 150
161 25 42 100
161 44 0 99
161 44 1 148
161 44 4 100
161 44 19 150
161 44 24 100
161 44 26 150
161 44 27 100
161 44 30 148
161 44 34 99
161 44 35 148
161 44 36 99
161 44 39 150
161 44 41 100
161 44 42 150
170 2 11 100
170 2 14 148
170 2 15 100
170 2 23 148
170 2 24 100
170 2 25 150
170 2 26 100
170 2 29 150
170 2 33 100
170 2 40 150
170 2 44 100
170 2 47 150
180 25 2 100
180 25 8 104
180 25 14 148
180 25 17 100
180 25 36 150
180 25 42 100
193 44 0 99
193 44 1 148
193 44 4 100
193 44 19 150
193 44 24 100
193 44 26 150
193 44 27 100
193 44 30 148
193 44 34 99
193 44 35 148
193 44 36 99
193 44 39 150
193 44 41 100
193 44 42 150
193 25 2 100
193 25 8 106
193 25 14 148
193 25 17 100
193 25 36 150
193 25 42 100
193 2 11 100
193 2 14 148
193 2 15 100
193 2 23 148
193 2 24 100
193 2 25 150
193 2 26 100
193 2 29 150
193 2 33 100
193 2 40 150
193 2 44 100
193 2 47 150
201 44 0 99
201 44 1 148
201 44 4 100
201 44 19 150
201 44 24 100
201 44 26 150
201 44 27 100
201 44 30 148
201 44 34 99
201 44 35 148
201 44 36 99
201 44 39 150
201 44 41 100
201 44 42 150
211 25 2 100
211 25 8 104
211 25 14 148
211 25 17 100
211 25 36 150
211 25 42 100
225 25 2 100
225 25 8 106
225 25 14 148
225 25 17 100
225 25 36 150
225 25 42 100
228 24 2 100
228 24 16 150
228 24 20 100
228 24 25 150
228 24 30 99
228 24 39 148
228 24 42 100
228 24 43 148
228 24 49 100
229 33 1 100
229 33 4 56
229 33 16 148
229 33 17 100
229 33 25 150
229 33 35 100
229 33 41 148
233 33 1 100
233 33 4 132
233 33 16 148
233 33 17 100
233 33 25 150
233 33 35 100
233 33 41 148
247 33 1 100
247 33 4 132
247 33 16 148
247 33 17 100
247 33 25 150
247 33 35 100
247 33 41 80
250 24 16 150
250 24 20 100
250 24 25 150
250 24 30 99
250 24 39 148
250 24 42 100
250 24 43 148
250 24 49 100
268 2 11 100
268 2 14 148
268 2 15 100
268 2 23 148
268 2 24 100
268 2 25 150
268 2 26 100
268 2 29 150
268 2 33 100
268 2 40 150
268 2 44 100
268 2 47 150
270 33 1 100
270 33 4 68
270 33 16 148
270 33 17 100
270 33 25 150
270 33 35 100
270 33 41 120
281 24 16 150
281 24 20 100
281 24 25 150
281 24 30 99
281 24 39 148
281 24 42 100
281 24 43 148
281 24 49 100
284 33 1 100
284 33 4 64
284 33 16 148
284 33 17 100
284 33 25 150
284 33 35 100
284 33 41 48
289 25 8 150
289 25 12 100
289 25 14 148
289 25 17 100
289 25 36 150
289 25 42 100
295 2 11 100
295 2 14 148
295 2 15 100
295 2 23 148
295 2 24 100
295 2 25 150
295 2 26 100
295 2 29 150
295 2 33 100
295 2 40 150
295 2 44 100
295 2 47 150
303 25 2 100
303 25 8 150
303 25 12 100
303 25 14 148
303 25 17 100
303 25 36 150
303 25 42 100
308 2 11 100
308 2 14 148
308 2 15 100
308 2 23 148
308 2 24 100
308 2 25 150
308 2 26 100
308 2 29 150
308 2 33 100
308 2 40 150
308 2 44 100
308 2 47 150
312 25 2 100
312 25 8 150
312 25 12 100
312 25 14 148
312 25 17 100
312 25 36 150
312 25 42 100
313 24 2 100
313 24 16 150
313 24 20 100
313 24 25 150
313 24 30 99
313 24 39 148
313 24 42 100
313 24 43 148
313 24 49 100
333 25 2 100
333 25 8 150
333 25 12 100
333 25 14 148
333 25 17 100
333 25 36 150
333 25 42 100
336 25 2 100
336 25 8 150
336 25 12 100
336 25 14 148
336 25 17 100
336 25 36 150
336 25 42 100
337 2 11 100
337 2 14 148
337 2 15 100
337 2 23 148
337 2 24 100
337 2 25 150
337 2 26 100
337 2 29 150
337 2 33 100
337 2 40 150
337 2 44 100
337 2 47 150
356 24 2 100
356 24 16 150
356 24 20 100
356 24 25 150
356 24 30 99
356 24 39 148
356 24 42 100
356 24 43 148
356 24 49 100
370 24 2 100
370 24 16 150
370 24 20 100
370 24 25 150
370 24 30 99
370 24 39 148
370 24 42 100
370 24 43 148
370 24 49 100
374 33 1 100
374 33 4 68
374 33 16 148
374 33 17 100
374 33 25 150
374 33 35 100
374 33 41 148
378 33 1 100
378 33 4 64
378 33 16 148
378 33 17 100
378 33 25 150
378 33 35 100
378 33 41 148
386 33 1 100
386 33 4 68
386 33 16 148
386 33 17 100
386 33 25 150
386 33 35 100
386 33 41 148
387 25 2 100
387 25 8 150
387 25 12 100
387 25 14 148
387 25 17 100
387 25 36 150
387 25 42 100
388 24 2 100
388 24 16 150
388 24 20 100
388 24 25 150
388 24 30 99
388 24 39 148
388 24 42 100
388 24 43 148
388 24 49 100
399 33 1 100
399 33 4 132
399 33 16 148
399 33 17 100
399 33 25 150
399 33 35 100
399 33 41 84
409 24 16 150
409 24 20 100
409 24 25 150
409 24 30 99
409 24 39 148
409 24 42 100
409 24 43 148
409 24 49 100
413 2 11 100
413 2 14 148
413 2 15 100
413 2 23 148
413 2 24 100
413 2 25 150
413 2 26 100
413 2 29 150
413 2 33 100
413 2 40 150
413 2 44 100
413 2 47 150
423 33 1 100
423 33 4 64
423 33 16 148
423 33 17 100
423 33 25 150
423 33 35 100
423 33 41 48
429 24 16 150
429 24 20 100
429 24 25 150
429 24 30 99
429 24 39 148
429 24 42 100
429 24 43 148
429 24 49 100
434 25 2 100
434 25 8 150
434 25 12 100
434 25 14 148
434 25 17 100
434 25 36 150
434 25 42 100
439 33 1 100
439 33 4 132
439 33 16 148
439 33 17 100
439 33 25 150
439 33 35 100
439 33 41 72
452 33 4 132
452 33 16 148
452 33 17 100
452 33 25 150
452 33 35 100
452 33 41 72
453 2 14 148
453 2 15 100
453 2 23 148
453 2 24 100
453 2 25 150
453 2 26 100
453 2 29 150
453 2 33 100
453 2 40 150
453 2 44 100
453 2 47 150
457 2 11 100
457 2 14 148
457 2 15 100
457 2 23 148
457 2 24 100
457 2 25 150
457 2 26 100
457 2 29 150
457 2 33 100
457 2 40 150
457 2 44 100
457 2 47 150
460 24 2 100
460 24 16 150
460 24 20 100
460 24 25 150
460 24 30 99
460 24 39 148
460 24 42 100
460 24 43 148
460 24 49 100
467 24 2 100
467 24 16 150
467 24 20 100
467 24 25 150
467 24 30 99
467 24 39 148
467 24 42 100
467 24 43 148
467 24 49 100
468 25 2 100
468 25 8 150
468 25 12 100
468 25 14 148
468 25 17 100
468 25 36 150
468 25 42 100
483 33 1 100
483 33 4 132
483 33 16 148
483 33 17 100
483 33 25 150
483 33 35 100
483 33 41 72
484 25 8 150
484 25 12 100
484 25 14 148
484 25 17 100
484 25 36 150
484 25 42 100
497 25 2 100
497 25 8 150
497 25 12 100
497 25 14 148
497 25 17 100
497 25 36 150
497 25 42 100
498 33 1 100
498 33 4 68
498 33 16 148
498 33 17 100
498 33 25 150
498 33 35 100
498 33 41 48
499 25 8 150
499 25 12 100
499 25 14 148
499 25 17 100
499 25 36 150
499 25 42 100
510 25 2 100
510 25 8 150
510 25 12 100
510 25 14 148
510 25 17 100
510 25 36 150
510 25 42 100
510 2 11 100
510 2 14 148
510 2 15 100
510 2 23 148
510 2 24 100
510 2 25 150
510 2 26 100
510 2 29 150
510 2 33 100
510 2 40 150
510 2 44 100
510 2 47 150
514 33 1 100
514 33 4 64
514 33 16 148
514 33 17 100
514 33 25 150
514 33 35 100
514 33 41 72
526 24 16 150
526 24 20 100
526 24 25 150
526 24 30 99
526 24 39 148
526 24 42 100
526 24 43 148
526 24 49 100
537 33 1 100
537 33 4 68
537 33 16 148
537 33 17 100
537 33 25 150
537 33 35 100
537 33 41 96
540 25 8 150
540 25 12 100
540 25 14 148
540 25 17 100
540 25 36 150
540 25 42 100
551 24 2 100
551 24 16 150
551 24 20 100
551 24 25 150
551 24 30 99
551 24 39 148
551 24 42 100
551 24 43 148
551 24 49 100
557 25 2 100
557 25 8 150
557 25 12 100
557 25 14 148
557 25 17 100
557 25 36 150
557 25 42 100
564 25 2 100
564 25 8 150
564 25 12 100
564 25 14 148
564 25 17 100
564 25 36 150
564 25 42 100
567 24 2 100
567 24 16 150
567 24 20 100
567 24 25 150
567 24 30 99
567 24 39 148
567 24 42 100
567 24 43 148
567 24 49 100
576 33 1 100
576 33 4 64
576 33 16 148
576 33 17 100
576 33 25 150
576 33 35 100
576 33 41 148
587 33 1 100
587 33 4 68
587 33 16 148
587 33 17 100
587 33 25 150
587 33 35 100
587 33 41 44
597 33 4 64
597 33 16 148
597 33 17 100
597 33 25 150
597 33 35 100
597 33 41 96
601 25 8 150
601 25 12 100
601 25 14 148
601 25 17 100
601 25 36 150
601 25 42 100
607 33 1 100
607 33 4 68
607 33 16 148
607 33 17 100
607 33 25 150
607 33 35 100
607 33 41 48
616 33 4 64
616 33 16 148
616 33 17 100
616 33 25 150
616 33 35 100
616 33 41 72
628 33 4 68
628 33 16 148
628 33 17 100
628 33 25 150
628 33 35 100
628 33 41 120
630 24 16 150
630 24 20 100
630 24 25 150
630 24 30 99
630 24 39 148
630 24 42 100
630 24 43 148
630 24 49 100
651 47 9 100
651 47 10 148
651 47 11 99
651 47 15 148
651 47 17 99
651 47 20 148
651 47 27 99
651 47 34 150
651 47 39 99
651 47 44 150
655 47 9 100
655 47 10 148
655 47 11 99
655 47 15 148
655 47 17 99
655 47 20 148
655 47 27 99
655 47 34 150
655 47 39 99
655 47 44 150
658 47 9 100
658 47 10 148
658 47 11 99
658 47 15 148
658 47 17 99
658 47 20 148
658 47 27 99
658 47 34 150
658 47 39 99
658 47 44 150
660 47 9 100
660 47 10 148
660 47 11 99
660 47 15 148
660 47 17 99
660 47 20 148
660 47 27 99
660 47 34 150
660 47 39 99
660 47 44 150
668 47 9 100
668 47 10 148
668 47 11 99
668 47 15 148
668 47 17 99
668 47 20 148
668 47 27 99
668 47 34 150
668 47 39 99
668 47 44 150
673 33 1 100
673 33 4 64
673 33 16 148
673 33 17 100
673 33 25 150
673 33 35 100
673 33 41 148
675 2 11 100
675 2 14 148
675 2 15 100
675 2 23 148
675 2 24 100
675 2 25 150
675 2 26 100
675 2 29 150
675 2 33 100
675 2 40 150
675 2 44 100
675 2 47 150
676 47 9 100
676 47 10 148
676 47 11 99
676 47 15 148
676 47 17 99
676 47 20 148
676 47 27 99
676 47 34 150
676 47 39 99
676 47 44 150
678 47 9 100
678 47 10 148
678 47 11 99
678 47 15 148
678 47 17 99
678 47 20 148
678 47 27 99
678 47 34 150
678 47 39 99
678 47 44 150
681 47 9 100
681 47 10 148
681 47 11 99
681 47 15 148
681 47 17 99
681 47 20 148
681 47 27 99
681 47 34 150
681 47 39 99
681 47 44 150
685 47 9 100
685 47 10 148
685 47 11 99
685 47 15 148
685 47 17 99
685 47 20 148
685 47 27 99
685 47 34 150
685 47 39 99
685 47 44 150
686 47 9 100
686 47 10 148
686 47 11 99
686 47 15 148
686 47 17 99
686 47 20 148
686 47 27 99
686 47 34 150
686 47 39 99
686 47 44 150
692 13 17 150
692 13 25 100
692 13 38 100
692 13 39 148
692 13 40 100
692 13 41 150
692 13 43 99
692 29 2 54
692 29 10 100
692 29 14 150
692 29 23 148
692 29 24 99
692 29 30 150
692 29 45 48
692 29 48 112
692 30 1 150
692 30 6 150
692 30 8 100
692 30 25 148
692 30 31 100
692 30 36 150
692 30 44 100
692 27 0 100
692 27 6 74
692 27 11 150
692 27 19 100
692 27 24 99
692 27 31 150
692 27 40 100
692 27 42 150
692 27 43 100
692 27 47 99
692 27 49 100
692 47 10 148
692 47 11 99
692 47 15 148
692 47 17 99
692 47 20 148
692 47 27 99
692 47 34 150
692 47 39 99
692 47 44 150
692 14 35 100
692 14 38 148
692 14 39 99
692 14 44 148
692 34 4 2
692 34 27 150
692 34 34 150
692 34 42 100
692 34 43 148
692 34 44 100
692 39 6 1
692 39 29 48
692 39 31 148
692 39 33 99
692 39 42 100
692 39 44 150
692 39 49 150
692 28 17 99
692 28 23 99
692 28 26 150
692 28 27 99
692 28 39 100
692 7 1 100
692 7 11 148
692 7 27 100
692 7 41 36
692 12 1 99
692 12 11 100
692 12 19 150
692 12 20 100
692 12 25 150
692 12 27 100
692 12 47 99
692 4 1 100
692 4 8 148
692 4 10 100
692 4 11 148
692 4 12 99
692 4 39 100
692 4 44 148
692 4 47 100
692 24 16 150
692 24 20 100
692 24 25 150
692 24 30 99
692 24 39 148
692 24 42 100
692 24 43 148
692 24 49 90
692 23 10 100
692 23 19 150
692 23 23 100
692 23 27 150
692 23 34 100
692 5 0 99
692 5 10 150
692 5 11 99
692 5 15 100
692 5 16 150
692 5 27 150
692 5 34 150
692 5 35 100
692 5 39 150
692 5 40 100
692 5 42 150
692 2 11 100
692 2 14 148
692 2 15 100
692 2 23 148
692 2 24 100
692 2 25 150
692 2 26 100
692 2 33 100
692 2 40 150
692 2 44 100
692 2 47 150
693 19 12 150
693 19 15 99
693 19 17 148
693 19 23 148
693 19 24 100
693 19 26 150
693 19 33 150
693 19 36 100
693 19 41 26
693 6 8 150
693 6 15 99
693 6 30 99
693 6 31 8
693 6 43 148
693 6 47 100
693 1 1 100
693 1 15 150
693 1 16 100
693 1 17 150
693 1 26 99
693 1 33 150
693 1 43 150
693 1 47 150
693 18 8 148
693 18 10 150
693 18 16 100
693 18 17 150
693 18 19 150
693 18 23 100
693 18 39 148
693 18 43 100
693 47 10 148
693 47 11 99
693 47 15 148
693 47 17 99
693 47 20 148
693 47 27 99
693 47 34 150
693 47 39 99
693 47 44 150
693 15 8 100
693 15 19 150
693 15 24 100
693 15 25 150
693 21 15 100
693 21 20 150
693 21 24 100
693 21 30 148
693 21 34 99
693 21 35 148
693 21 36 100
693 21 39 99
693 21 42 150
693 27 0 100
693 27 10 99
693 27 11 150
693 27 19 100
693 27 24 99
693 27 31 2
693 27 42 150
693 27 43 100
693 27 47 99
693 13 17 150
693 13 25 100
693 13 38 64
693 13 40 100
693 13 43 99
693 8 0 100
693 8 1 150
693 8 15 100
693 8 19 150
693 8 24 99
693 8 25 150
693 8 27 100
693 8 35 100
693 8 36 150
693 8 40 99
693 8 42 148
693 8 43 100
693 32 0 100
693 32 8 100
693 32 12 148
693 32 25 150
693 32 27 100
693 32 36 150
693 32 40 100
693 32 47 150
693 40 11 150
693 40 15 100
693 40 16 150
693 40 17 100
693 40 25 100
693 40 26 148
693 40 27 99
693 40 33 100
693 40 39 100
693 10 0 100
693 10 10 100
693 10 11 150
693 10 14 100
693 10 15 150
693 10 17 100
693 10 26 150
693 10 27 100
693 10 39 100
693 33 1 100
693 33 11 100
693 33 16 148
693 33 17 100
693 33 25 150
693 33 35 100
693 29 8 150
693 29 10 100
693 29 14 150
693 29 23 148
693 29 24 99
693 29 30 150
693 29 47 99
693 2 11 100
693 2 14 148
693 2 15 100
693 2 23 148
693 2 24 100
693 2 25 150
693 2 26 100
693 2 33 100
693 2 40 150
693 2 44 100
693 2 47 150
694 4 1 100
694 4 8 148
694 4 10 100
694 4 11 148
694 4 12 99
694 4 39 100
694 4 44 148
694 4 47 100
694 41 14 100
694 41 20 150
694 41 30 100
694 41 35 150
694 35 0 100
694 35 10 150
694 35 11 99
694 35 12 150
694 35 19 150
694 35 25 100
694 35 26 150
694 35 34 148
694 35 43 148
694 31 1 100
694 31 10 150
694 31 12 100
694 31 16 150
694 31 20 100
694 31 34 100
694 31 35 150
694 31 39 100
694 38 1 100
694 38 11 148
694 38 17 150
694 38 36 150
694 38 39 99
694 38 42 150
694 38 43 99
694 48 0 99
694 48 10 150
694 48 25 100
694 48 26 150
694 48 35 100
694 48 40 100
694 48 43 150
694 48 44 100
694 34 25 100
694 34 27 150
694 34 34 150
694 34 42 100
694 34 43 148
694 34 44 100
694 11 16 150
694 11 19 100
694 11 20 148
694 11 25 148
694 11 26 100
694 11 27 148
694 11 36 99
694 11 44 150
694 7 1 100
694 7 11 148
694 7 27 100
694 7 43 150
694 45 10 99
694 45 14 100
694 45 16 150
694 45 23 150
694 45 24 100
694 45 25 150
694 45 33 150
694 45 34 100
694 12 1 99
694 12 11 100
694 12 19 150
694 12 20 100
694 12 25 150
694 12 27 100
694 12 47 99
694 26 30 99
694 26 34 100
694 26 35 150
694 26 42 100
694 26 43 150
694 23 1 100
694 23 10 100
694 23 19 150
694 23 23 100
694 23 27 150
694 23 34 100
694 2 11 100
694 2 14 148
694 2 15 100
694 2 23 148
694 2 24 100
694 2 25 36
694 2 33 100
694 2 40 150
694 2 44 100
694 2 47 150
694 25 8 150
694 25 12 100
694 25 14 148
694 25 17 100
694 25 36 150
694 25 42 100
694 39 20 148
694 39 30 99
694 39 33 99
694 39 42 100
694 39 44 150
695 47 10 148
695 47 11 99
695 47 15 148
695 47 17 99
695 47 20 148
695 47 27 99
695 47 34 150
695 47 39 99
695 47 44 150
695 43 1 100
695 43 19 100
695 43 35 99
695 43 44 150
695 6 8 150
695 6 15 99
695 6 30 99
695 6 40 100
695 6 43 148
695 6 47 100
695 2 11 100
695 2 14 148
695 2 15 100
695 2 23 148
695 2 24 100
695 2 26 100
695 2 33 100
695 2 40 150
695 2 44 100
695 2 47 150
695 30 0 100
695 30 1 150
695 30 8 100
695 30 36 150
695 30 44 100
695 29 8 150
695 29 10 100
695 29 14 150
695 29 23 148
695 29 24 99
695 29 30 150
695 29 47 99
695 34 27 150
695 34 34 150
695 34 42 100
695 34 43 148
695 34 44 100
695 9 0 99
695 9 10 150
695 9 16 100
695 9 20 100
695 9 24 100
695 9 26 100
695 9 34 150
695 9 36 100
695 9 42 150
695 9 43 100
695 20 0 99
695 20 1 148
695 20 10 150
695 20 19 99
695 20 20 150
695 20 24 100
695 20 26 148
695 20 34 100
695 20 43 150
695 20 44 100
695 20 47 150
695 48 0 99
695 48 10 150
695 48 26 150
695 48 35 100
695 48 40 100
695 48 43 150
695 48 44 100
695 7 1 100
695 7 11 148
695 7 27 100
695 7 43 150
695 18 8 148
695 18 10 150
695 18 16 100
695 18 17 150
695 18 19 150
695 18 23 100
695 18 39 148
695 18 43 100
695 33 1 100
695 33 11 100
695 33 16 148
695 33 17 100
695 33 35 100
695 41 14 100
695 41 20 150
695 41 30 100
695 41 35 150
695 17 8 150
695 17 10 99
695 17 12 150
695 17 19 100
695 17 20 150
695 17 23 150
695 17 26 150
695 17 27 100
695 17 35 99
695 26 30 99
695 26 34 100
695 26 35 150
695 26 42 100
695 26 43 150
696 34 4 66
696 34 34 150
696 34 42 100
696 34 43 148
696 34 44 100
696 7 1 100
696 7 11 148
696 7 27 100
696 7 43 150
696 4 1 100
696 4 8 148
696 4 10 100
696 4 11 148
696 4 12 99
696 4 39 100
696 4 44 148
696 4 47 100
696 19 12 150
696 19 15 99
696 19 17 148
696 19 23 148
696 19 24 100
696 19 26 150
696 19 33 150
696 19 36 100
696 19 43 100
696 22 1 100
696 22 14 99
696 22 33 148
696 22 34 100
696 22 43 100
696 27 0 100
696 27 10 99
696 27 11 150
696 27 19 100
696 27 24 99
696 27 40 100
696 27 42 150
696 27 43 100
696 27 47 99
696 9 0 99
696 9 10 150
696 9 16 100
696 9 20 100
696 9 24 100
696 9 26 100
696 9 34 150
696 9 36 100
696 9 42 150
696 9 43 100
696 6 8 150
696 6 15 99
696 6 30 99
696 6 40 100
696 6 43 148
696 6 47 100
696 41 14 100
696 41 20 150
696 41 30 100
696 41 35 150
696 49 11 150
696 49 19 100
696 49 24 150
696 49 26 99
696 49 42 99
696 49 44 148
696 38 1 100
696 38 11 148
696 38 17 150
696 38 36 150
696 38 39 99
696 38 42 150
696 38 43 99
696 45 10 99
696 45 14 100
696 45 16 150
696 45 23 150
696 45 24 100
696 45 33 150
696 45 34 100
696 28 17 99
696 28 23 99
696 28 26 150
696 28 27 99
696 28 39 100
696 17 8 150
696 17 10 99
696 17 12 150
696 17 19 100
696 17 20 150
696 17 23 150
696 17 26 150
696 17 27 100
696 17 35 99
696 32 0 100
696 32 8 100
696 32 12 148
696 32 27 100
696 32 36 150
696 32 40 100
696 32 47 150
696 46 1 99
696 46 15 150
696 46 27 100
696 46 34 150
696 46 35 100
696 46 39 150
696 46 47 150
697 23 1 100
697 23 10 100
697 23 19 150
697 23 23 100
697 23 27 150
697 23 34 100
697 46 1 99
697 46 15 150
697 46 27 100
697 46 34 150
697 46 35 100
697 46 39 150
697 46 47 150
697 42 8 150
697 42 12 100
697 42 30 150
697 42 33 148
697 42 34 100
697 42 36 150
697 42 40 100
697 19 12 150
697 19 15 99
697 19 17 148
697 19 23 148
697 19 24 100
697 19 26 150
697 19 33 150
697 19 36 100
697 19 43 100
697 20 0 99
697 20 1 148
697 20 10 150
697 20 19 99
697 20 20 150
697 20 24 100
697 20 26 148
697 20 34 100
697 20 43 150
697 20 44 100
697 20 47 150
697 47 10 148
697 47 11 99
697 47 15 148
697 47 17 99
697 47 20 148
697 47 27 99
697 47 34 150
697 47 39 99
697 47 44 150
697 6 8 110
697 6 30 99
697 6 40 100
697 6 43 148
697 6 47 100
697 49 11 150
697 49 19 100
697 49 24 150
697 49 26 99
697 49 42 99
697 49 44 148
697 48 0 99
697 48 10 150
697 48 25 56
697 48 35 100
697 48 40 100
697 48 43 150
697 48 44 100
697 10 0 100
697 10 10 100
697 10 11 150
697 10 14 100
697 10 15 150
697 10 17 100
697 10 26 150
697 10 27 100
697 10 39 100
697 43 1 100
697 43 19 100
697 43 35 99
697 43 44 150
697 36 1 100
697 36 12 100
697 36 14 148
697 36 16 100
697 36 24 150
697 36 40 150
697 24 16 150
697 24 20 100
697 24 30 99
697 24 39 148
697 24 42 100
697 24 43 148
697 37 11 100
697 37 14 150
697 37 24 100
697 37 26 150
697 37 34 148
697 37 40 150
697 37 44 100
697 3 0 100
697 3 1 150
697 3 16 100
697 3 19 148
697 3 34 100
697 3 36 150
697 3 39 99
697 3 40 148
697 31 1 100
697 31 10 150
697 31 12 100
697 31 16 150
697 31 20 100
697 31 34 100
697 31 35 150
697 31 39 100
698 19 12 150
698 19 15 99
698 19 17 148
698 19 23 148
698 19 24 100
698 19 26 150
698 19 33 150
698 19 36 100
698 19 41 24
698 25 12 100
698 25 14 148
698 25 17 100
698 25 36 150
698 25 42 100
698 47 10 148
698 47 11 99
698 47 15 148
698 47 17 99
698 47 20 148
698 47 27 99
698 47 34 150
698 47 39 99
698 47 44 150
698 0 19 150
698 0 20 99
698 0 24 100
698 0 27 150
698 2 11 100
698 2 14 148
698 2 15 100
698 2 23 148
698 2 24 100
698 2 25 1
698 2 33 100
698 2 40 150
698 2 44 100
698 2 47 150
698 32 0 100
698 32 12 148
698 32 27 100
698 32 36 150
698 32 40 100
698 32 47 150
698 31 1 100
698 31 10 150
698 31 12 100
698 31 16 150
698 31 20 100
698 31 34 100
698 31 35 150
698 31 39 100
698 37 11 100
698 37 14 150
698 37 24 100
698 37 26 150
698 37 31 6
698 37 40 150
698 37 44 100
698 24 16 150
698 24 20 100
698 24 30 99
698 24 39 148
698 24 42 100
698 24 43 148
698 36 1 100
698 36 12 100
698 36 14 148
698 36 16 100
698 36 24 150
698 36 40 150
698 20 0 99
698 20 1 148
698 20 10 150
698 20 19 99
698 20 20 150
698 20 24 100
698 20 26 148
698 20 34 100
698 20 43 150
698 20 44 100
698 20 47 150
698 3 0 100
698 3 1 150
698 3 16 100
698 3 19 148
698 3 34 100
698 3 36 150
698 3 39 99
698 3 40 148
698 13 17 150
698 13 39 148
698 13 40 100
698 13 43 66
698 21 20 150
698 21 24 100
698 21 30 148
698 21 34 99
698 21 35 148
698 21 36 100
698 21 39 99
698 21 42 150
698 43 1 100
698 43 19 100
698 43 31 2
698 43 44 150
698 42 12 100
698 42 30 150
698 42 33 148
698 42 34 100
698 42 36 150
698 42 40 100
699 29 10 100
699 29 14 150
699 29 23 148
699 29 24 99
699 29 30 150
699 29 47 99
699 26 29 84
699 26 34 100
699 26 35 150
699 26 42 100
699 22 1 100
699 22 14 99
699 22 25 56
699 22 34 100
699 30 0 100
699 30 1 150
699 30 36 150
699 30 44 100
699 4 1 100
699 4 10 100
699 4 11 148
699 4 12 99
699 4 39 100
699 4 44 148
699 4 47 100
699 6 15 99
699 6 30 99
699 6 40 100
699 6 47 100
699 41 14 100
699 41 20 150
699 41 30 100
699 41 35 150
699 16 11 150
699 16 14 99
699 16 15 148
699 16 16 100
699 16 19 150
699 16 26 99
699 16 27 150
699 16 30 100
699 2 11 100
699 2 14 148
699 2 15 100
699 2 23 148
699 2 24 100
699 2 25 1
699 2 33 100
699 2 40 150
699 2 44 100
699 2 47 150
699 15 19 150
699 15 24 100
699 15 41 24
699 20 1 148
699 20 10 150
699 20 19 99
699 20 20 150
699 20 24 100
699 20 26 148
699 20 34 100
699 20 44 100
699 20 47 150
699 14 35 100
699 14 39 99
699 14 44 148
699 37 11 100
699 37 14 150
699 37 24 100
699 37 26 150
699 37 34 148
699 37 40 150
699 37 44 100
699 11 16 150
699 11 19 100
699 11 20 148
699 11 26 100
699 11 27 148
699 11 36 99
699 11 44 150
699 35 0 100
699 35 10 150
699 35 11 99
699 35 12 150
699 35 19 150
699 35 26 150
699 35 34 148
699 46 1 99
699 46 15 150
699 46 27 100
699 46 34 150
699 46 35 100
699 46 39 150
699 46 47 150
700 33 1 100
700 33 4 64
700 33 16 148
700 33 17 100
700 33 35 100
700 44 0 99
700 44 1 44
700 44 24 100
700 44 26 150
700 44 27 100
700 44 30 148
700 44 34 99
700 44 35 148
700 44 36 99
700 44 39 150
700 44 42 150
700 34 27 150
700 34 34 150
700 34 42 100
700 34 44 100
700 10 0 100
700 10 10 100
700 10 11 150
700 10 14 100
700 10 15 150
700 10 17 100
700 10 26 150
700 10 27 100
700 10 39 100
700 11 16 150
700 11 19 100
700 11 20 148
700 11 26 100
700 11 27 148
700 11 36 99
700 11 44 150
700 18 10 150
700 18 16 100
700 18 17 150
700 18 19 150
700 18 23 100
700 18 39 148
700 48 0 99
700 48 10 150
700 48 26 150
700 48 35 100
700 48 40 100
700 48 43 2
700 42 12 100
700 42 30 150
700 42 33 148
700 42 34 100
700 42 36 150
700 42 40 100
700 47 10 148
700 47 11 99
700 47 15 148
700 47 17 15
700 47 27 99
700 47 34 150
700 47 39 99
700 47 44 150
700 32 0 100
700 32 12 148
700 32 27 100
700 32 36 150
700 32 40 100
700 32 47 150
700 21 15 100
700 21 20 150
700 21 24 100
700 21 30 148
700 21 34 99
700 21 35 148
700 21 36 100
700 21 39 99
700 21 42 150
700 12 11 100
700 12 19 150
700 12 20 100
700 12 27 100
700 12 47 99
700 6 15 99
700 6 30 99
700 6 40 100
700 6 47 100
700 41 14 100
700 41 20 150
700 41 30 100
700 41 35 150
700 3 0 100
700 3 16 100
700 3 19 148
700 3 34 100
700 3 36 150
700 3 39 99
700 3 40 148
700 14 35 100
700 14 39 99
700 14 44 24
701 35 10 150
701 35 11 99
701 35 12 150
701 35 19 150
701 35 26 150
701 35 34 148
701 19 12 150
701 19 15 99
701 19 23 148
701 19 24 100
701 19 26 150
701 19 33 150
701 19 36 100
701 19 41 24
701 47 11 99
701 47 15 148
701 47 20 148
701 47 27 99
701 47 34 150
701 47 39 99
701 47 44 2
701 14 39 99
701 37 11 100
701 37 14 150
701 37 24 100
701 37 26 150
701 37 34 148
701 37 40 150
701 22 1 14
701 22 33 148
701 22 34 100
701 5 0 99
701 5 10 150
701 5 11 99
701 5 15 100
701 5 16 150
701 5 27 150
701 5 34 150
701 5 35 100
701 5 39 150
701 5 40 100
701 5 42 150
701 42 8 105
701 42 30 150
701 42 33 148
701 42 34 100
701 42 36 150
701 42 40 100
701 34 27 150
701 34 34 150
701 34 42 100
701 44 0 99
701 44 19 150
701 44 24 100
701 44 26 150
701 44 27 100
701 44 30 148
701 44 34 99
701 44 35 148
701 44 36 99
701 44 39 150
701 44 42 150
701 20 0 99
701 20 10 150
701 20 19 99
701 20 20 150
701 20 24 100
701 20 26 148
701 20 34 100
701 20 47 134
701 24 20 100
701 24 30 99
701 24 39 148
701 24 42 100
701 26 30 99
701 26 34 100
701 26 35 150
701 26 42 100
701 18 10 34
701 18 19 150
701 18 23 100
701 18 39 148
701 11 16 150
701 11 19 100
701 11 20 148
701 11 26 100
701 11 27 148
701 11 36 99
701 7 11 148
701 7 27 100
702 9 0 99
702 9 10 13
702 9 20 100
702 9 24 100
702 9 26 100
702 9 34 150
702 9 36 100
702 9 42 150
702 10 0 100
702 10 11 150
702 10 14 100
702 10 15 150
702 10 26 150
702 10 27 100
702 10 39 100
702 33 1 13
702 33 16 148
702 33 35 100
702 8 0 100
702 8 15 100
702 8 19 150
702 8 24 99
702 8 27 100
702 8 35 100
702 8 36 150
702 8 40 99
702 8 42 148
702 17 12 150
702 17 19 100
702 17 20 150
702 17 23 150
702 17 26 150
702 17 27 100
702 17 35 99
702 6 15 99
702 6 30 99
702 6 40 100
702 22 14 99
702 22 33 148
702 22 34 100
702 20 0 99
702 20 19 99
702 20 20 150
702 20 24 100
702 20 26 148
702 20 34 100
702 41 14 100
702 41 20 150
702 41 30 100
702 41 35 150
702 23 19 150
702 23 23 100
702 23 27 150
702 23 34 100
702 15 19 150
702 15 24 100
702 42 12 100
702 42 30 150
702 42 33 148
702 42 34 100
702 42 36 150
702 42 40 100
702 11 16 150
702 11 19 100
702 11 20 148
702 11 26 100
702 11 27 148
702 11 36 99
702 0 19 150
702 0 20 99
702 0 24 100
702 0 27 150
702 19 12 150
702 19 15 99
702 19 23 148
702 19 24 100
702 19 26 150
702 19 33 150
702 19 36 100
702 45 14 100
702 45 16 150
702 45 23 150
702 45 24 100
702 45 33 150
702 45 34 100
703 0 8 105
703 0 24 100
703 0 27 150
703 39 20 148
703 39 30 99
703 39 33 99
703 39 42 100
703 34 27 150
703 34 34 150
703 34 42 100
703 49 11 150
703 49 24 150
703 49 26 99
703 49 42 99
703 42 12 100
703 42 30 150
703 42 33 148
703 42 34 100
703 42 36 150
703 42 40 100
703 47 10 12
703 47 15 148
703 47 17 78
703 47 27 99
703 47 34 150
703 47 39 99
703 12 1 12
703 12 20 100
703 12 27 100
703 30 0 100
703 30 36 150
703 4 11 148
703 4 12 99
703 4 39 100
703 25 12 100
703 25 14 148
703 25 17 2
703 25 42 100
703 1 15 150
703 1 16 100
703 1 26 99
703 1 33 150
703 43 1 1
703 3 0 100
703 3 16 100
703 3 34 100
703 3 36 150
703 3 39 99
703 3 40 148
703 26 30 99
703 26 34 100
703 26 35 150
703 26 42 100
703 27 0 100
703 27 11 150
703 27 24 99
703 27 40 100
703 27 42 150
703 35 0 100
703 35 11 99
703 35 12 150
703 35 26 150
703 35 34 148
704 27 0 100
704 27 10 12
704 27 24 99
704 27 40 100
704 27 42 150
704 25 12 100
704 25 14 148
704 25 36 150
704 25 42 100
704 32 0 100
704 32 12 148
704 32 27 100
704 32 36 150
704 32 40 100
704 21 15 100
704 21 20 150
704 21 24 100
704 21 30 148
704 21 34 99
704 21 35 148
704 21 36 100
704 21 39 99
704 21 42 150
704 33 1 13
704 33 16 148
704 33 35 100
704 33 41 24
704 31 16 150
704 31 20 100
704 31 34 100
704 31 35 150
704 31 39 100
704 26 30 99
704 26 34 100
704 26 35 150
704 26 42 100
704 45 14 100
704 45 16 150
704 45 23 150
704 45 24 100
704 45 33 150
704 45 34 100
704 24 16 150
704 24 20 100
704 24 30 99
704 24 39 148
704 24 42 100
704 49 11 150
704 49 24 150
704 49 26 99
704 49 42 99
704 2 11 100
704 2 14 148
704 2 15 100
704 2 23 148
704 2 24 100
704 2 26 100
704 2 33 100
704 2 40 150
704 22 14 99
704 22 33 148
704 22 34 100
704 43 35 99
704 48 0 99
704 48 26 150
704 48 35 100
704 48 40 100
704 35 0 100
704 35 11 99
704 35 12 126
704 35 34 148
704 29 14 150
704 29 23 148
704 29 24 99
704 29 30 150
705 12 1 12
705 12 19 32
705 12 25 57
705 41 14 100
705 41 20 150
705 41 30 100
705 41 35 150
705 8 0 100
705 8 15 100
705 8 24 99
705 8 27 100
705 8 35 100
705 8 36 150
705 8 40 99
705 8 42 148
705 29 10 12
705 29 23 148
705 29 24 99
705 29 30 150
705 36 14 148
705 36 16 100
705 36 24 150
705 36 40 150
705 27 0 100
705 27 11 150
705 27 24 99
705 27 40 100
705 27 42 150
705 43 1 1
705 10 0 100
705 10 11 150
705 10 14 100
705 10 15 150
705 10 26 150
705 10 27 100
705 10 39 100
705 2 11 100
705 2 14 148
705 2 15 100
705 2 23 148
705 2 24 100
705 2 26 100
705 2 33 100
705 2 40 150
705 39 20 148
705 39 30 99
705 39 33 99
705 39 42 100
705 34 27 150
705 34 34 150
705 34 42 100
705 9 0 99
705 9 16 100
705 9 20 100
705 9 24 100
705 9 26 100
705 9 34 150
705 9 36 100
705 9 42 150
705 37 11 100
705 37 14 150
705 37 24 100
705 37 26 150
705 37 34 148
705 37 40 150
705 24 16 150
705 24 20 100
705 24 30 99
705 24 39 148
705 24 42 100
705 26 30 99
705 26 34 100
705 26 35 150
705 26 42 100
705 15 24 100
706 35 0 100
706 35 10 12
706 35 26 150
706 35 34 148
706 45 14 100
706 45 16 150
706 45 23 150
706 45 24 100
706 45 33 150
706 45 34 100
706 15 24 100
706 9 0 99
706 9 16 100
706 9 20 100
706 9 24 100
706 9 26 100
706 9 34 150
706 9 36 100
706 9 42 150
706 11 16 150
706 11 20 148
706 11 26 100
706 11 27 148
706 11 36 99
706 34 27 150
706 34 34 150
706 34 42 100
706 22 1 13
706 22 33 148
706 22 34 100
706 32 0 100
706 32 27 100
706 32 36 150
706 32 40 100
706 13 17 80
706 13 40 100
706 8 0 100
706 8 15 100
706 8 24 99
706 8 27 100
706 8 35 100
706 8 36 126
706 8 42 148
706 49 11 150
706 49 24 150
706 49 26 99
706 49 42 99
706 20 0 99
706 20 20 150
706 20 24 100
706 20 26 148
706 20 34 100
706 37 11 100
706 37 14 150
706 37 24 100
706 37 26 150
706 37 34 148
706 37 40 150
706 38 11 148
706 38 39 99
706 38 42 150
706 33 11 100
706 33 16 148
706 33 35 100
706 40 11 150
706 40 15 100
706 40 16 150
706 40 26 148
706 40 27 99
706 40 33 100
706 40 39 100
707 10 0 100
707 10 10 12
707 10 14 100
707 10 15 150
707 10 26 150
707 10 27 100
707 10 39 100
707 4 1 12
707 4 39 100
707 31 1 1
707 31 20 100
707 31 34 100
707 31 35 150
707 31 39 100
707 44 0 99
707 44 19 32
707 44 26 150
707 44 27 100
707 44 30 148
707 44 34 99
707 44 35 148
707 44 39 150
707 44 42 150
707 40 11 150
707 40 15 100
707 40 16 150
707 40 26 148
707 40 27 99
707 40 33 100
707 40 39 100
707 18 16 100
707 18 23 100
707 18 39 148
707 26 30 99
707 26 34 100
707 26 35 150
707 26 42 100
707 37 11 100
707 37 14 150
707 37 24 100
707 37 26 150
707 37 34 148
707 37 40 150
707 5 0 99
707 5 11 99
707 5 15 100
707 5 16 150
707 5 27 150
707 5 34 150
707 5 35 100
707 5 39 150
707 5 40 100
707 5 42 150
707 11 16 150
707 11 20 148
707 11 26 100
707 11 27 148
707 0 20 99
707 0 24 100
707 0 27 150
707 46 15 150
707 46 27 100
707 46 34 150
707 46 35 100
707 46 39 150
707 13 39 148
707 13 40 100
707 21 15 100
707 21 20 150
707 21 24 100
707 21 30 148
707 21 34 99
707 21 35 148
707 21 39 99
707 21 42 150
707 47 11 99
707 47 15 148
707 47 20 148
707 47 27 99
707 47 34 150
707 47 39 99
707 45 14 100
707 45 16 150
707 45 23 150
707 45 24 100
707 45 33 150
707 45 34 100
708 47 10 12
708 47 20 148
708 47 27 99
708 47 34 150
708 47 39 99
708 18 16 100
708 18 23 100
708 18 39 148
708 18 43 60
708 41 20 150
708 41 30 100
708 41 35 150
708 28 23 99
708 28 26 150
708 28 27 99
708 28 39 100
708 21 15 100
708 21 20 150
708 21 24 100
708 21 30 148
708 21 34 99
708 21 35 148
708 21 39 99
708 21 42 150
708 32 0 100
708 32 25 57
708 32 40 100
708 2 14 148
708 2 15 100
708 2 23 148
708 2 24 100
708 2 26 100
708 2 33 100
708 2 40 150
708 9 0 99
708 9 2 60
708 9 20 100
708 9 24 100
708 9 26 100
708 9 34 150
708 9 42 150
708 15 24 100
708 14 35 100
708 14 39 99
708 3 0 100
708 3 1 12
708 3 34 100
708 3 39 99
708 3 40 148
708 38 39 99
708 38 42 150
708 17 12 1
708 17 23 150
708 17 26 150
708 17 27 100
708 17 35 99
708 29 14 150
708 29 23 148
708 29 24 99
708 29 30 150
708 16 14 99
708 16 15 148
708 16 16 100
708 16 26 99
708 16 27 150
708 16 30 100
708 12 20 100
708 12 27 100
709 38 1 14
709 38 42 150
709 36 2 60
709 36 16 100
709 36 24 150
709 36 25 57
709 2 15 100
709 2 23 148
709 2 24 100
709 2 26 100
709 2 33 100
709 24 16 150
709 24 20 100
709 24 30 99
709 24 39 148
709 24 42 100
709 33 16 148
709 33 35 48
709 19 23 148
709 19 24 100
709 19 26 150
709 19 33 150
709 29 10 12
709 29 23 148
709 29 24 99
709 29 30 150
709 25 14 148
709 25 42 100
709 11 16 150
709 11 20 148
709 11 26 100
709 11 27 148
709 40 15 100
709 40 16 150
709 40 26 148
709 40 27 99
709 40 33 100
709 40 39 100
709 17 20 150
709 17 23 150
709 17 26 150
709 17 27 100
709 13 39 148
709 41 14 100
709 41 20 150
709 41 30 100
709 31 16 150
709 31 20 100
709 31 34 100
709 31 39 100
709 48 0 99
709 48 26 150
709 8 0 100
709 8 15 100
709 8 24 99
709 8 27 100
709 8 42 148
710 23 1 13
710 23 27 150
710 23 34 100
710 36 12 36
710 36 16 100
710 36 24 150
710 36 40 26
710 3 16 100
710 3 34 100
710 3 39 99
710 37 11 24
710 37 24 100
710 37 26 150
710 37 34 148
710 9 0 99
710 9 16 100
710 9 20 100
710 9 24 100
710 9 26 100
710 9 34 150
710 9 42 150
710 9 43 60
710 46 27 100
710 46 34 150
710 46 39 150
710 10 0 100
710 10 14 100
710 10 15 150
710 10 26 150
710 10 27 100
710 10 39 100
710 8 0 100
710 8 15 100
710 8 24 99
710 8 27 100
710 8 42 148
710 18 16 100
710 18 23 100
710 18 39 148
710 45 14 100
710 45 16 150
710 45 23 150
710 45 24 100
710 45 33 150
710 45 34 100
710 32 0 100
710 32 27 100
710 39 20 148
710 39 30 99
710 39 33 99
710 39 42 100
710 7 27 100
710 27 0 20
710 27 42 150
710 48 26 150
710 13 39 148
711 48 10 12
711 49 11 24
711 49 26 99
711 49 42 99
711 47 15 148
711 47 17 78
711 47 27 99
711 47 34 150
711 47 39 99
711 35 12 36
711 35 34 148
711 17 20 150
711 17 23 150
711 17 26 150
711 17 27 100
711 16 14 99
711 16 15 148
711 16 16 100
711 16 26 99
711 16 27 150
711 16 30 100
711 22 14 99
711 22 33 148
711 22 34 100
711 23 23 100
711 23 27 150
711 23 34 100
711 25 14 148
711 25 17 2
711 42 30 150
711 42 33 148
711 42 34 100
711 33 16 148
711 31 16 150
711 31 20 100
711 31 34 100
711 31 39 100
711 18 16 100
711 18 23 100
711 18 39 148
711 24 16 150
711 24 20 100
711 24 30 99
711 24 39 148
711 24 42 100
711 26 30 99
711 26 34 100
711 26 42 100
712 2 11 24
712 2 15 100
712 2 23 148
712 2 24 100
712 2 26 100
712 2 33 100
712 21 15 100
712 21 20 150
712 21 24 100
712 21 30 148
712 21 34 99
712 21 39 99
712 21 42 150
712 25 12 36
712 25 42 100
712 34 27 150
712 34 34 150
712 34 42 100
712 10 10 12
712 10 15 150
712 10 26 150
712 10 27 100
712 10 39 100
712 29 14 150
712 29 23 148
712 29 24 99
712 29 30 150
712 42 30 150
712 42 33 148
712 42 34 100
712 33 1 13
712 33 41 24
712 44 26 150
712 44 27 100
712 44 30 148
712 44 34 99
712 44 39 150
712 44 42 150
712 41 14 100
712 41 20 150
712 41 30 100
712 45 14 100
712 45 16 150
712 45 23 150
712 45 24 100
712 45 33 150
712 45 34 100
712 1 15 150
712 1 16 100
712 1 26 99
712 1 33 150
712 8 15 100
712 8 24 99
712 8 27 100
712 8 42 148
712 23 23 100
712 23 27 150
712 23 34 100
712 3 16 100
712 3 34 100
712 3 39 99
712 6 15 99
712 6 30 99
713 41 14 100
713 41 20 150
713 41 30 100
713 46 1 12
713 46 27 100
713 46 34 150
713 46 39 150
713 37 14 150
713 37 24 100
713 37 26 150
713 37 34 8
713 35 10 12
713 35 43 12
713 27 42 150
713 27 43 3
713 47 20 148
713 47 27 99
713 47 39 99
713 10 14 100
713 10 15 150
713 10 26 150
713 10 27 100
713 10 39 100
713 20 20 150
713 20 24 100
713 20 26 148
713 39 20 148
713 39 30 99
713 39 33 99
713 39 42 100
713 22 1 1
713 22 33 148
713 5 15 100
713 5 16 150
713 5 27 150
713 5 34 1
713 5 42 150
713 28 23 99
713 28 26 150
713 28 27 99
713 28 39 100
713 11 16 150
713 11 20 148
713 11 26 100
713 11 27 148
713 6 15 99
713 6 30 99
713 24 16 150
713 24 20 100
713 24 30 99
713 24 39 148
713 24 42 100
714 10 10 12
714 10 15 150
714 10 26 150
714 10 27 100
714 10 39 100
714 44 1 12
714 44 26 150
714 44 27 100
714 44 30 148
714 44 39 150
714 44 41 24
714 0 20 99
714 0 24 100
714 0 27 150
714 19 15 99
714 19 23 148
714 19 24 100
714 19 26 150
714 19 33 150
714 26 30 99
714 26 42 100
714 47 15 148
714 47 20 148
714 47 27 99
714 47 39 99
714 17 20 150
714 17 23 150
714 17 25 56
714 17 27 100
714 45 14 100
714 45 16 150
714 45 23 150
714 45 24 100
714 45 33 150
714 16 14 99
714 16 15 148
714 16 16 100
714 16 26 99
714 16 27 150
714 16 30 100
714 29 14 150
714 29 23 148
714 29 24 99
714 29 30 18
714 9 20 100
714 9 24 100
714 9 26 100
714 9 42 150
714 8 15 100
714 8 24 99
714 8 25 1
714 8 42 148
714 42 33 148
714 11 16 150
714 11 20 148
714 11 26 100
714 11 27 148
714 27 24 99
714 27 42 150
714 38 39 99
714 38 42 150
715 29 10 12
715 29 23 148
715 29 24 99
715 29 47 72
715 20 24 100
715 20 26 148
715 20 34 64
715 17 23 150
715 17 25 56
715 17 27 100
715 48 26 150
715 0 20 99
715 0 24 100
715 0 27 150
715 30 1 2
715 38 42 150
715 31 16 150
715 31 20 100
715 31 34 2
715 40 15 100
715 40 16 14
715 40 27 99
715 40 33 100
715 40 39 100
715 44 24 32
715 44 27 100
715 44 39 150
715 44 42 150
715 32 27 100
715 9 20 100
715 9 26 100
715 9 42 150
715 19 15 99
715 19 23 148
715 19 26 150
715 19 33 150
715 24 20 4
715 24 42 100
715 35 26 150
715 27 42 150
716 47 10 12
716 47 27 99
716 47 39 99
716 42 12 36
716 42 40 26
716 7 1 12
716 41 14 100
716 41 30 1
716 45 23 150
716 45 24 1
716 11 26 100
716 11 27 148
716 48 26 150
716 12 27 100
716 40 15 100
716 40 26 148
716 40 27 99
716 40 33 100
716 40 39 100
716 9 26 100
716 9 42 150
716 28 23 99
716 28 26 150
716 28 27 99
716 28 39 100
716 10 14 100
716 10 15 150
716 10 26 145
716 10 39 100
716 32 27 100
716 46 15 150
716 46 27 100
716 46 39 150
717 41 14 100
717 41 35 150
717 13 39 148
717 13 41 24
717 26 34 66
717 0 27 150
717 38 1 2
717 38 42 150
717 19 15 99
717 19 23 148
717 19 33 150
717 34 27 150
717 34 42 100
717 5 10 12
717 5 27 150
717 5 39 150
717 5 42 150
717 14 35 2
717 12 27 100
717 12 47 72
717 8 27 100
717 8 42 148
717 25 14 148
717 25 42 100
717 44 27 100
717 44 39 132
717 16 14 99
717 16 15 148
717 16 27 150
717 22 14 99
717 22 33 148
718 3 1 12
718 17 27 100
718 18 23 100
718 18 31 15
718 27 42 150
718 27 43 3
718 44 39 2
718 24 42 100
718 6 15 99
718 38 42 150
718 9 42 150
718 22 14 99
718 22 33 148
718 49 42 99
718 39 33 99
718 39 42 100
719 40 15 100
719 40 27 99
719 40 31 9
719 40 39 32
719 2 15 100
719 2 23 148
719 2 33 100
719 9 10 12
719 9 43 15
719 7 27 100
719 16 14 99
719 16 15 148
719 16 27 150
719 45 14 100
719 45 23 150
719 45 33 150
719 42 33 148
719 39 33 99
719 39 42 100
719 29 14 150
719 29 23 148
719 44 27 100
719 44 42 150
719 8 15 100
719 8 27 100
719 8 42 148
719 23 23 100
719 23 27 150
719 6 15 99
720 46 1 12
720 46 27 100
720 46 35 100
720 46 39 32
720 27 43 15
720 47 27 99
720 42 33 148
720 15 25 56
720 41 35 52
720 12 27 100
720 2 14 148
720 2 15 100
720 2 23 148
720 2 25 1
720 43 1 1
720 22 14 99
720 22 33 148
721 21 15 100
721 21 34 66
721 19 15 36
721 19 33 150
721 49 11 24
721 45 10 12
721 45 23 121
721 20 1 12
721 36 14 148
721 36 40 26
721 46 27 100
721 40 27 39
721 17 27 2
722 2 25 57
722 25 14 148
722 25 17 80
722 49 42 99
722 33 1 13
722 48 10 12
722 26 42 100
722 21 42 150
722 9 42 150
722 44 42 150
722 40 33 100
723 26 34 66
723 8 1 12
723 5 10 12
723 22 1 1
723 22 33 148
723 11 41 24
723 25 42 100
723 2 14 148
723 2 33 100
723 48 40 2
723 29 14 150
724 47 10 12
724 5 42 150
724 1 33 150
724 25 14 148
724 25 42 100
724 9 42 150
724 26 42 100
724 11 31 8
724 39 42 100
724 33 1 1
725 26 42 100
725 48 10 12
725 37 14 150
725 45 14 100
725 45 33 150
725 15 8 100
725 22 1 1
725 22 33 148
725 2 14 148
725 2 33 100
725 42 8 3
725 39 33 99
725 39 42 100
725 9 42 150
725 6 8 2
726 1 1 12
726 46 34 66
726 28 23 99
726 22 1 1
726 22 33 132
726 29 10 12
726 29 23 80
726 25 14 148
726 25 42 100
726 8 42 148
726 21 42 150
726 9 42 150
726 34 42 100
727 11 27 144
727 2 14 148
727 2 33 32
727 10 14 100
727 39 42 100
728 28 23 99
728 22 1 13
728 22 33 32
728 47 10 12
728 10 14 100
728 5 42 150
728 38 42 150
729 42 30 150
729 42 31 8
729 16 30 30
729 9 42 150
729 37 14 150
729 10 14 100
729 24 42 100
729 38 42 150
729 34 42 100
730 36 1 12
730 4 10 12
730 2 14 148
730 49 42 99
731 45 10 12
731 45 33 2
731 21 42 150
731 41 14 100
731 0 8 105
731 39 42 100
731 1 1 12
731 36 14 148
732 33 1 14
732 22 43 12
732 37 40 24
732 8 42 148
732 10 14 100
732 5 42 150
732 29 14 150
732 21 42 150
733 43 1 13
733 31 10 12
733 44 42 150
733 33 11 24
733 45 33 32
733 39 42 100
734 30 1 12
734 24 42 100
734 24 49 80
734 27 10 12
734 21 42 150
734 31 1 1
734 1 33 30
735 14 35 100
735 15 19 32
735 45 33 34
735 33 11 24
735 38 42 150
735 10 14 100
735 27 42 150
736 4 1 12
736 26 42 100
736 23 1 1
736 45 14 100
736 45 33 32
736 10 14 100
736 36 14 148
736 21 42 150
737 23 1 13
737 12 11 24
737 12 47 72
737 20 20 92
737 24 39 32
738 5 10 12
738 43 1 13
738 37 14 150
739 30 1 12
739 45 33 1
740 33 1 13
740 16 15 148
740 22 14 99
740 47 10 12
740 47 39 30
740 2 15 8
741 10 14 100
741 10 17 80
741 44 42 1
743 28 39 2
743 8 27 1
744 39 29 150
744 33 1 1
746 41 14 4
747 1 17 80
747 23 1 1
748 1 43 60
748 27 40 26
748 44 27 44
748 48 26 81
749 21 34 66
751 32 8 100
751 32 29 84
751 39 33 30
753 44 42 3
754 17 12 36
754 12 27 46
755 37 11 24
755 45 33 3
756 44 1 12
756 44 27 100
756 44 42 3
756 8 0 24
756 40 26 80
757 46 35 100
757 46 39 32
758 49 11 24
759 27 0 26
760 2 25 57
760 45 41 24
761 25 42 52
763 48 10 12
765 18 8 104
766 13 41 24
766 17 19 32
767 28 39 32
768 39 42 52
769 45 25 57
769 49 42 54
770 36 1 12
771 31 1 2
772 2 33 32
772 10 14 4
774 4 1 12
774 36 14 52
775 15 41 24
776 37 11 24
777 28 27 42
777 5 27 2
777 44 42 1
778 47 39 30
779 2 40 24
780 8 1 12
780 19 33 30
781 22 1 13
781 48 43 1
781 10 39 2
781 2 26 80
782 32 12 36
784 6 40 26
784 30 1 12
785 31 1 14
785 29 23 148
785 49 26 99
785 17 23 32
785 19 26 132
786 28 39 32
787 44 30 148
787 44 42 1
791 19 17 80
791 10 39 32
792 19 33 33
792 16 14 99
792 16 15 104
793 22 34 64
794 17 27 100
794 3 0 100
794 3 1 12
794 45 33 32
795 10 0 100
795 10 10 12
795 10 27 44
795 0 20 93
798 17 23 150
798 12 1 12
798 28 23 30
800 29 14 4
803 33 25 56
804 10 27 100
804 10 39 32
804 36 14 52
806 19 41 24
806 47 27 99
806 47 39 30
807 48 40 26
807 28 39 2
807 9 26 100
807 9 42 55
810 43 1 1
810 35 10 12
811 5 10 12
811 49 19 32
812 35 10 12
814 35 10 12
814 29 30 150
814 20 0 24
815 14 39 30
815 5 27 144
815 42 40 2
816 18 10 12
819 8 15 1
821 1 43 15
821 22 1 2
821 22 34 64
821 20 26 148
821 6 8 1
822 44 1 12
823 22 14 51
824 10 39 32
824 44 42 1
825 6 40 26
825 5 15 54
826 46 39 2
826 42 40 26
828 40 27 42
829 36 25 57
829 4 39 32
830 10 39 32
830 48 35 52
830 42 34 66
830 28 26 30
831 8 1 12
835 11 27 144
835 9 26 100
835 28 26 150
835 37 26 30
836 20 20 92
837 8 19 32
837 23 1 1
837 43 35 51
838 21 34 66
838 10 39 2
838 2 26 100
838 35 26 82
840 48 40 2
840 19 26 150
840 28 26 81
843 31 35 1
845 21 20 90
846 10 39 2
846 1 15 54
847 43 1 1
847 16 15 104
848 9 10 12
848 46 1 12
849 39 20 40
850 10 17 80
851 49 11 24
851 5 34 2
851 21 15 100
851 40 15 4
852 18 9 99
852 18 10 12
852 10 9 150
852 10 27 44
852 49 41 24
852 33 1 1
853 5 10 12
853 31 1 1
853 34 25 1
853 2 14 148
853 3 9 123
854 8 15 1
856 49 11 24
856 10 27 2
856 11 20 92
857 10 39 32
858 21 42 3
859 10 39 32
859 31 35 52
861 10 14 52
862 25 14 52
863 6 31 8
863 10 39 2
864 44 39 32
865 0 27 44
