121 49 0 100
121 49 3 150
121 49 10 99
121 49 12 150
121 49 13 100
121 49 19 150
121 49 29 100
121 49 31 150
121 49 32 100
121 49 36 148
121 49 40 99
121 49 42 148
121 19 13 99
121 19 20 150
121 19 21 100
121 19 41 150
121 19 43 99
126 19 13 99
126 19 20 150
126 19 21 100
126 19 41 150
126 19 43 99
126 49 0 100
126 49 3 150
126 49 10 99
126 49 12 150
126 49 13 100
126 49 19 150
126 49 29 100
126 49 31 150
126 49 32 100
126 49 36 148
126 49 40 99
126 49 42 148
136 19 13 99
136 19 20 150
136 19 21 100
136 19 41 150
136 19 43 99
139 49 0 100
139 49 3 150
139 49 10 99
139 49 12 150
139 49 13 100
139 49 19 150
139 49 29 100
139 49 31 150
139 49 32 100
139 49 36 148
139 49 40 99
139 49 42 148
148 19 13 99
148 19 20 150
148 19 21 100
148 19 41 150
148 19 43 99
159 19 13 99
159 19 20 150
159 19 21 100
159 19 41 150
159 19 43 99
159 49 0 100
159 49 3 150
159 49 10 99
159 49 12 150
159 49 13 100
159 49 19 150
159 49 29 100
159 49 31 150
159 49 32 100
159 49 36 148
159 49 40 99
159 49 42 148
164 19 13 99
164 19 20 150
164 19 21 100
164 19 41 150
164 19 43 99
168 19 13 99
168 19 20 150
168 19 21 100
168 19 41 150
168 19 43 99
172 19 13 99
172 19 20 150
172 19 21 100
172 19 41 150
172 19 43 99
172 49 0 100
172 49 3 150
172 49 10 99
172 49 12 150
172 49 13 100
172 49 19 150
172 49 29 100
172 49 31 150
172 49 32 100
172 49 36 148
172 49 40 99
172 49 42 148
175 19 13 99
175 19 20 150
175 19 21 100
175 19 41 150
175 19 43 99
176 19 13 99
176 19 20 150
176 19 21 100
176 19 41 150
176 19 43 99
180 19 13 99
180 19 20 150
180 19 21 100
180 19 41 150
180 19 43 99
182 19 13 99
182 19 20 150
182 19 21 100
182 19 41 150
182 19 43 99
183 19 13 99
183 19 20 150
183 19 21 100
183 19 41 150
183 19 43 99
189 19 13 99
189 19 20 150
189 19 21 100
189 19 41 150
189 19 43 99
191 19 13 99
191 19 20 150
191 19 21 100
191 19 41 150
191 19 43 99
193 19 13 99
193 19 20 150
193 19 21 100
193 19 41 150
193 19 43 99
201 49 0 100
201 49 3 150
201 49 10 99
201 49 12 150
201 49 13 100
201 49 19 150
201 49 29 100
201 49 31 150
201 49 32 100
201 49 36 148
201 49 40 99
201 49 42 148
205 19 13 99
205 19 20 150
205 19 21 100
205 19 41 150
205 19 43 99
206 49 0 100
206 49 3 150
206 49 10 99
206 49 12 150
206 49 13 100
206 49 19 150
206 49 29 100
206 49 31 150
206 49 32 100
206 49 36 148
206 49 40 99
206 49 42 148
217 19 13 99
217 19 20 150
217 19 21 100
217 19 41 150
217 19 43 99
219 19 13 99
219 19 20 150
219 19 21 100
219 19 41 150
219 19 43 99
224 19 13 99
224 19 20 150
224 19 21 100
224 19 41 150
224 19 43 99
233 49 0 100
233 49 3 150
233 49 10 99
233 49 12 150
233 49 13 100
233 49 19 150
233 49 29 100
233 49 31 150
233 49 32 100
233 49 36 148
233 49 40 99
233 49 42 148
237 19 13 99
237 19 20 150
237 19 21 100
237 19 41 150
237 19 43 99
238 19 13 99
238 19 20 150
238 19 21 100
238 19 41 150
238 19 43 99
240 49 0 100
240 49 3 150
240 49 10 99
240 49 12 150
240 49 13 100
240 49 19 150
240 49 29 100
240 49 31 150
240 49 32 100
240 49 36 148
240 49 40 99
240 49 42 148
242 19 13 99
242 19 20 150
242 19 21 100
242 19 41 150
242 19 43 99
245 19 13 99
245 19 20 150
245 19 21 100
245 19 41 150
245 19 43 99
248 19 13 99
248 19 20 150
248 19 21 100
248 19 41 150
248 19 43 99
252 49 0 100
252 49 3 150
252 49 10 99
252 49 12 150
252 49 13 100
252 49 19 150
252 49 29 100
252 49 31 150
252 49 32 100
252 49 36 148
252 49 40 99
252 49 42 148
255 19 13 99
255 19 20 150
255 19 21 100
255 19 41 150
255 19 43 99
264 19 13 99
264 19 20 150
264 19 21 100
264 19 41 150
264 19 43 99
266 19 13 99
266 19 20 150
266 19 21 100
266 19 41 150
266 19 43 99
266 49 0 100
266 49 3 150
266 49 10 99
266 49 12 150
266 49 13 100
266 49 19 150
266 49 29 100
266 49 31 150
266 49 32 100
266 49 36 148
266 49 40 99
266 49 42 148
270 19 13 99
270 19 20 150
270 19 21 100
270 19 41 150
270 19 43 99
274 49 0 100
274 49 3 150
274 49 10 99
274 49 12 150
274 49 13 100
274 49 19 150
274 49 29 100
274 49 31 150
274 49 32 100
274 49 36 148
274 49 40 99
274 49 42 148
278 19 13 99
278 19 20 150
278 19 21 100
278 19 41 150
278 19 43 99
282 49 0 100
282 49 3 150
282 49 10 99
282 49 12 150
282 49 13 100
282 49 19 150
282 49 29 100
282 49 31 150
282 49 32 100
282 49 36 148
282 49 40 99
282 49 42 148
289 19 13 99
289 19 20 150
289 19 21 100
289 19 41 150
289 19 43 99
293 19 13 99
293 19 20 150
293 19 21 100
293 19 41 150
293 19 43 99
298 19 13 99
298 19 20 150
298 19 21 100
298 19 41 150
298 19 43 99
300 49 0 100
300 49 3 150
300 49 10 99
300 49 12 150
300 49 13 100
300 49 19 150
300 49 29 100
300 49 31 150
300 49 32 100
300 49 36 148
300 49 40 99
300 49 42 148
302 19 13 99
302 19 20 150
302 19 21 100
302 19 41 150
302 19 43 99
307 19 13 99
307 19 20 150
307 19 21 100
307 19 41 150
307 19 43 99
310 49 0 100
310 49 3 150
310 49 10 99
310 49 12 150
310 49 13 100
310 49 19 150
310 49 29 100
310 49 31 150
310 49 32 100
310 49 36 148
310 49 40 99
310 49 42 148
316 19 13 99
316 19 20 150
316 19 21 100
316 19 41 150
316 19 43 99
320 49 0 100
320 49 3 150
320 49 10 99
320 49 12 150
320 49 13 100
320 49 19 150
320 49 29 100
320 49 31 150
320 49 32 100
320 49 36 148
320 49 40 99
320 49 42 148
324 19 13 99
324 19 20 150
324 19 21 100
324 19 41 150
324 19 43 99
327 19 13 99
327 19 20 150
327 19 21 100
327 19 41 150
327 19 43 99
330 19 13 99
330 19 20 150
330 19 21 100
330 19 41 150
330 19 43 99
330 49 0 100
330 49 3 150
330 49 10 99
330 49 12 150
330 49 13 100
330 49 19 150
330 49 29 100
330 49 31 150
330 49 32 100
330 49 36 148
330 49 40 99
330 49 42 148
332 19 13 99
332 19 20 150
332 19 21 100
332 19 41 150
332 19 43 99
336 19 13 99
336 19 20 150
336 19 21 100
336 19 41 150
336 19 43 99
340 19 13 99
340 19 20 150
340 19 21 100
340 19 41 150
340 19 43 99
345 19 13 99
345 19 20 150
345 19 21 100
345 19 41 150
345 19 43 99
349 19 13 99
349 19 20 150
349 19 21 100
349 19 41 150
349 19 43 99
352 19 13 99
352 19 20 150
352 19 21 100
352 19 41 150
352 19 43 99
353 49 0 100
353 49 3 150
353 49 10 99
353 49 12 150
353 49 13 100
353 49 19 150
353 49 29 100
353 49 31 150
353 49 32 100
353 49 36 148
353 49 40 99
353 49 42 148
359 19 13 99
359 19 20 150
359 19 21 100
359 19 41 150
359 19 43 99
363 19 13 99
363 19 20 150
363 19 21 100
363 19 41 150
363 19 43 99
366 49 0 100
366 49 3 150
366 49 10 99
366 49 12 150
366 49 13 100
366 49 19 150
366 49 29 100
366 49 31 150
366 49 32 100
366 49 36 148
366 49 40 99
366 49 42 148
372 19 13 99
372 19 20 150
372 19 21 100
372 19 41 150
372 19 43 99
376 49 0 100
376 49 3 150
376 49 10 99
376 49 12 150
376 49 13 100
376 49 19 150
376 49 29 100
376 49 31 150
376 49 32 100
376 49 36 148
376 49 40 99
376 49 42 148
379 19 13 99
379 19 20 150
379 19 21 100
379 19 41 150
379 19 43 99
381 19 13 99
381 19 20 150
381 19 21 100
381 19 41 150
381 19 43 99
387 19 13 99
387 19 20 150
387 19 21 100
387 19 41 150
387 19 43 99
389 19 13 99
389 19 20 150
389 19 21 100
389 19 41 150
389 19 43 99
392 19 13 99
392 19 20 150
392 19 21 100
392 19 41 150
392 19 43 99
396 49 0 100
396 49 3 150
396 49 10 99
396 49 12 150
396 49 13 100
396 49 19 150
396 49 29 100
396 49 31 150
396 49 32 100
396 49 36 148
396 49 40 99
396 49 42 148
399 19 13 99
399 19 20 150
399 19 21 100
399 19 41 150
399 19 43 99
406 19 13 99
406 19 20 150
406 19 21 100
406 19 41 150
406 19 43 99
409 49 0 100
409 49 3 150
409 49 10 99
409 49 12 150
409 49 13 100
409 49 19 150
409 49 29 100
409 49 31 150
409 49 32 100
409 49 36 148
409 49 40 99
409 49 42 148
410 19 13 99
410 19 20 150
410 19 21 100
410 19 41 150
410 19 43 99
413 19 13 99
413 19 20 150
413 19 21 100
413 19 41 150
413 19 43 99
422 19 13 99
422 19 20 150
422 19 21 100
422 19 41 150
422 19 43 99
423 19 13 99
423 19 20 150
423 19 21 100
423 19 41 150
423 19 43 99
427 19 13 99
427 19 20 150
427 19 21 100
427 19 41 150
427 19 43 99
431 19 13 99
431 19 20 150
431 19 21 100
431 19 41 150
431 19 43 99
434 49 0 100
434 49 3 150
434 49 10 99
434 49 12 150
434 49 13 100
434 49 19 150
434 49 29 100
434 49 31 150
434 49 32 100
434 49 36 148
434 49 40 99
434 49 42 148
435 19 13 99
435 19 20 150
435 19 21 100
435 19 41 150
435 19 43 99
443 19 13 99
443 19 20 150
443 19 21 100
443 19 41 150
443 19 43 99
444 19 13 99
444 19 20 150
444 19 21 100
444 19 41 150
444 19 43 99
448 19 13 99
448 19 20 150
448 19 21 100
448 19 41 150
448 19 43 99
579 19 13 99
579 19 20 150
579 19 21 100
579 19 41 150
579 19 43 99
586 19 13 99
586 19 20 150
586 19 21 100
586 19 41 150
586 19 43 99
590 49 0 100
590 49 3 150
590 49 10 99
590 49 12 150
590 49 13 100
590 49 19 150
590 49 29 100
590 49 31 150
590 49 32 100
590 49 36 148
590 49 40 99
590 49 42 148
590 19 13 99
590 19 20 150
590 19 21 100
590 19 41 150
590 19 43 99
597 19 13 99
597 19 20 150
597 19 21 100
597 19 41 150
597 19 43 99
600 19 13 99
600 19 20 150
600 19 21 100
600 19 41 150
600 19 43 99
603 49 0 100
603 49 3 150
603 49 10 99
603 49 12 150
603 49 13 100
603 49 19 150
603 49 29 100
603 49 31 150
603 49 32 100
603 49 36 148
603 49 40 99
603 49 42 148
606 19 13 99
606 19 20 150
606 19 21 100
606 19 41 150
606 19 43 99
610 19 13 99
610 19 20 150
610 19 21 100
610 19 41 150
610 19 43 99
615 19 13 99
615 19 20 150
615 19 21 100
615 19 41 150
615 19 43 99
617 49 0 100
617 49 3 150
617 49 10 99
617 49 12 150
617 49 13 100
617 49 19 150
617 49 29 100
617 49 31 150
617 49 32 100
617 49 36 148
617 49 40 99
617 49 42 148
620 19 13 99
620 19 20 150
620 19 21 100
620 19 41 150
620 19 43 99
624 19 13 99
624 19 20 150
624 19 21 100
624 19 41 150
624 19 43 99
629 19 13 99
629 19 20 150
629 19 21 100
629 19 41 150
629 19 43 99
633 19 13 99
633 19 20 150
633 19 21 100
633 19 41 150
633 19 43 99
637 19 13 99
637 19 20 150
637 19 21 100
637 19 41 150
637 19 43 99
639 19 13 99
639 19 20 150
639 19 21 100
639 19 41 150
639 19 43 99
644 49 0 100
644 49 3 150
644 49 10 99
644 49 12 150
644 49 13 100
644 49 19 150
644 49 29 100
644 49 31 150
644 49 32 100
644 49 36 148
644 49 40 99
644 49 42 148
647 19 13 99
647 19 20 150
647 19 21 100
647 19 41 150
647 19 43 99
654 19 13 99
654 19 20 150
654 19 21 100
654 19 41 150
654 19 43 99
655 19 13 99
655 19 20 150
655 19 21 100
655 19 41 150
655 19 43 99
659 19 13 99
659 19 20 150
659 19 21 100
659 19 41 150
659 19 43 99
661 49 0 100
661 49 3 150
661 49 10 99
661 49 12 150
661 49 13 100
661 49 19 150
661 49 29 100
661 49 31 150
661 49 32 100
661 49 36 148
661 49 40 99
661 49 42 148
675 49 0 100
675 49 3 150
675 49 10 99
675 49 12 150
675 49 13 100
675 49 19 150
675 49 29 100
675 49 31 150
675 49 32 100
675 49 36 148
675 49 40 99
675 49 42 148
682 19 13 99
682 19 20 150
682 19 21 100
682 19 41 150
682 19 43 99
683 19 13 99
683 19 20 150
683 19 21 100
683 19 41 150
683 19 43 99
685 19 13 99
685 19 20 150
685 19 21 100
685 19 41 150
685 19 43 99
686 49 0 100
686 49 3 150
686 49 10 99
686 49 12 150
686 49 13 100
686 49 19 150
686 49 29 100
686 49 31 150
686 49 32 100
686 49 36 148
686 49 40 99
686 49 42 148
687 19 13 99
687 19 20 150
687 19 21 100
687 19 41 150
687 19 43 99
688 19 13 99
688 19 20 150
688 19 21 100
688 19 41 150
688 19 43 99
692 5 0 100
692 5 6 150
692 5 24 100
692 5 30 150
692 5 38 100
692 31 0 100
692 31 7 16
692 31 16 16
692 31 23 150
692 31 24 36
692 31 32 100
692 31 36 150
692 29 3 150
692 29 6 3
692 29 14 100
692 29 18 148
692 29 41 100
692 10 3 150
692 10 4 100
692 10 18 150
692 10 23 100
692 10 26 150
692 10 29 99
692 10 30 150
692 22 5 42
692 22 14 150
692 22 15 84
692 22 32 99
692 22 38 150
692 22 46 100
692 32 12 100
692 32 13 150
692 32 26 150
692 32 28 36
692 32 36 100
692 32 38 84
692 4 13 100
692 4 19 150
692 4 26 100
692 4 31 148
692 4 42 148
692 4 43 100
692 1 0 100
692 1 13 150
692 1 14 100
692 1 18 148
692 1 34 100
692 1 37 150
692 1 42 150
692 1 45 100
692 46 3 99
692 46 4 150
692 46 12 18
692 46 29 100
692 46 31 148
692 46 37 150
692 46 40 100
692 46 43 148
692 0 0 100
692 0 6 1
692 0 13 100
692 0 19 150
692 0 21 100
692 0 26 100
692 0 27 48
692 0 37 100
692 36 23 150
692 36 26 150
692 36 34 15
692 36 42 99
692 26 13 99
692 26 20 100
692 26 32 148
692 26 36 100
692 26 41 48
692 16 2 12
692 16 10 99
692 16 17 150
692 16 21 100
692 16 26 150
692 16 30 100
692 16 31 150
692 16 41 2
692 3 46 100
692 41 10 100
692 41 23 150
692 41 26 148
692 41 30 99
692 41 46 28
692 28 13 150
692 28 14 100
692 28 20 148
692 28 26 100
692 28 36 150
692 28 42 100
693 20 0 100
693 20 3 150
693 20 4 100
693 20 13 100
693 20 14 42
693 20 26 150
693 20 32 100
693 20 40 100
693 24 18 150
693 24 29 100
693 24 30 148
693 24 31 99
693 24 42 100
693 48 4 150
693 48 13 99
693 48 16 2
693 48 26 150
693 48 40 150
693 48 41 50
693 6 13 100
693 6 26 150
693 6 29 150
693 6 30 100
693 6 40 150
693 16 3 150
693 16 10 99
693 16 17 150
693 16 21 100
693 16 26 150
693 16 30 100
693 16 31 150
693 40 0 100
693 15 17 99
693 15 19 150
693 15 23 74
693 39 4 99
693 39 13 150
693 39 19 148
693 39 31 150
693 39 32 100
693 39 40 150
693 42 10 148
693 42 19 100
693 42 20 150
693 42 21 99
693 42 32 100
693 42 34 1
693 42 43 150
693 46 3 99
693 46 4 150
693 46 18 150
693 46 29 100
693 46 31 148
693 46 40 100
693 46 43 148
693 29 3 150
693 29 10 100
693 29 18 148
693 28 3 148
693 28 13 150
693 28 20 148
693 28 26 100
693 28 36 150
693 28 42 100
693 22 13 100
693 22 29 150
693 22 32 99
693 27 0 99
693 27 21 99
693 26 13 99
693 26 20 100
693 26 32 148
693 26 36 100
693 26 42 150
693 25 12 2
693 25 29 150
693 25 31 100
693 25 32 150
693 25 43 100
694 17 4 30
694 17 31 150
694 17 40 148
694 17 42 100
694 37 20 100
694 37 21 150
694 37 29 148
694 37 30 11
694 26 13 99
694 26 20 100
694 26 32 148
694 26 36 100
694 26 41 48
694 34 31 100
694 34 32 150
694 34 42 100
694 27 0 99
694 27 21 99
694 27 41 2
694 19 20 150
694 19 21 100
694 19 43 99
694 31 0 100
694 31 13 100
694 31 21 100
694 31 29 150
694 31 32 100
694 31 36 150
694 15 17 54
694 15 26 150
694 47 3 100
694 47 17 1
694 47 20 150
694 47 26 100
694 47 31 99
694 47 36 100
694 11 19 100
694 11 26 100
694 11 36 99
694 8 0 100
694 8 10 99
694 8 21 148
694 8 29 150
694 8 32 100
694 8 36 100
694 8 43 100
694 23 0 100
694 23 20 100
694 23 29 150
694 23 40 148
694 32 13 150
694 32 26 150
694 32 32 150
694 32 36 100
694 30 13 100
694 30 18 150
694 30 26 100
694 30 31 100
694 30 36 150
694 30 40 150
694 30 43 100
694 9 3 100
694 9 32 150
694 40 0 100
695 5 0 100
695 43 0 100
695 43 4 1
695 43 29 150
695 43 31 99
695 43 40 150
695 10 3 150
695 10 26 150
695 10 29 99
695 18 10 100
695 18 13 100
695 18 19 100
695 18 20 150
695 18 26 99
695 18 40 99
695 48 13 99
695 48 26 150
695 48 40 150
695 48 41 50
695 1 13 150
695 1 42 150
695 15 19 150
695 15 26 150
695 36 26 150
695 36 40 150
695 36 42 99
695 8 0 100
695 8 10 99
695 8 21 148
695 8 29 150
695 8 32 24
695 8 43 100
695 14 26 118
695 14 36 150
695 11 19 100
695 11 36 99
695 12 0 100
695 12 10 100
695 12 29 150
695 12 36 99
695 12 40 99
695 12 43 150
695 34 31 100
695 34 42 100
695 32 13 150
695 32 36 100
695 19 13 99
695 19 20 150
695 19 21 100
695 19 43 99
695 40 0 100
696 24 29 100
696 24 31 99
696 24 42 100
696 36 40 150
696 36 42 99
696 13 3 100
696 13 19 150
696 13 21 99
696 11 19 100
696 11 36 99
696 14 29 150
696 14 32 12
696 10 3 150
696 10 29 99
696 37 20 100
696 37 21 150
696 37 29 148
696 37 36 150
696 43 0 100
696 43 21 100
696 43 29 150
696 43 31 99
696 43 40 150
696 22 13 100
696 22 29 150
696 17 31 150
696 17 40 148
696 17 42 100
696 4 0 100
696 4 13 100
696 4 19 150
696 4 31 148
696 4 42 148
696 4 43 100
696 35 19 100
696 35 21 150
696 35 41 48
696 8 10 99
696 8 21 148
696 8 29 150
696 8 36 100
696 8 43 100
696 23 0 100
696 23 20 100
696 23 29 150
696 23 40 148
696 39 13 150
696 39 19 148
696 39 31 150
696 39 40 150
696 30 13 100
696 30 31 100
696 30 36 150
696 30 40 150
696 30 43 100
697 29 3 150
697 29 10 100
697 29 41 2
697 6 0 60
697 6 29 150
697 6 40 150
697 13 3 100
697 13 19 150
697 13 21 99
697 22 13 100
697 22 29 150
697 36 40 150
697 36 42 99
697 34 31 100
697 34 42 100
697 45 19 150
697 45 31 100
697 45 36 99
697 45 40 150
697 25 12 42
697 25 31 100
697 25 43 100
697 33 42 100
697 0 10 100
697 0 13 100
697 0 19 150
697 0 21 100
697 10 3 150
697 10 29 99
697 30 13 100
697 30 31 100
697 30 36 150
697 30 40 150
697 30 43 100
697 37 20 100
697 37 21 150
697 37 29 148
697 37 36 150
697 42 10 148
697 42 19 100
697 42 20 150
697 42 21 99
697 42 40 100
697 42 43 150
697 19 13 99
697 19 20 150
697 19 21 100
697 19 43 99
698 41 10 100
698 41 26 148
698 27 0 21
698 47 3 100
698 47 19 100
698 47 20 150
698 47 26 44
698 0 10 100
698 0 13 100
698 0 19 150
698 0 21 100
698 26 13 99
698 26 20 100
698 26 32 12
698 26 42 150
698 18 10 100
698 18 13 100
698 18 19 100
698 18 20 150
698 18 26 3
698 38 20 100
698 38 36 150
698 10 3 150
698 10 29 99
698 23 20 100
698 23 29 150
698 23 40 148
698 2 3 150
698 2 36 100
698 2 42 148
698 33 42 100
698 16 3 150
698 16 10 99
698 16 21 100
698 16 31 2
698 49 10 99
698 49 13 100
698 49 19 150
698 49 29 100
698 49 36 148
698 49 40 99
698 49 42 148
698 6 13 100
698 6 29 150
698 6 40 150
698 37 20 100
698 37 21 150
698 37 29 148
698 37 36 150
698 1 13 150
698 1 42 150
699 15 19 150
699 15 23 48
699 39 19 148
699 39 32 12
699 17 40 148
699 17 42 100
699 22 13 100
699 22 29 150
699 12 0 20
699 12 29 150
699 12 36 99
699 12 40 99
699 12 43 150
699 2 3 150
699 2 36 100
699 2 42 148
699 32 13 150
699 32 36 100
699 18 10 100
699 18 13 100
699 18 19 100
699 18 20 150
699 18 40 15
699 31 13 100
699 31 21 100
699 31 29 150
699 31 36 150
699 35 21 150
699 29 3 150
699 29 10 100
699 16 3 150
699 16 10 99
699 16 21 100
699 20 3 150
699 20 13 100
699 37 20 100
699 37 21 150
699 37 29 148
699 37 36 150
700 26 13 99
700 26 20 100
700 26 32 12
700 26 41 48
700 17 31 24
700 29 3 150
700 29 10 100
700 29 41 2
700 19 20 150
700 19 21 100
700 19 43 99
700 45 36 99
700 45 40 3
700 11 36 99
700 10 3 150
700 10 29 99
700 49 3 150
700 49 10 99
700 49 13 100
700 49 29 100
700 49 36 148
700 49 42 148
700 32 13 150
700 32 36 33
700 35 21 150
700 30 13 100
700 30 43 100
700 31 13 100
700 31 21 100
700 31 29 150
701 1 13 150
701 1 42 150
701 45 31 24
701 18 13 100
701 18 15 12
701 6 13 100
701 6 29 150
701 6 41 48
701 42 20 150
701 42 21 99
701 42 43 150
701 47 3 100
701 47 20 150
701 31 13 100
701 31 21 100
701 31 29 150
701 37 20 100
701 37 21 150
701 37 29 148
701 8 10 99
701 8 21 148
701 8 29 150
701 8 43 100
701 46 3 99
701 46 29 100
701 46 43 148
701 32 13 150
701 14 29 150
701 26 13 99
701 26 20 100
701 26 42 150
701 10 3 150
701 10 29 6
702 0 13 100
702 0 21 100
702 13 3 100
702 13 21 99
702 9 3 100
702 9 32 12
702 8 21 148
702 8 29 36
702 46 3 99
702 46 40 8
702 26 13 99
702 26 20 100
702 26 41 51
702 37 20 100
702 37 21 150
702 12 10 100
702 12 40 3
702 20 3 4
702 38 20 100
702 35 21 150
702 43 21 100
703 24 42 100
703 23 20 100
703 23 40 8
703 15 19 33
703 42 10 148
703 42 20 150
703 42 21 99
703 42 40 2
703 29 10 100
703 29 41 1
703 31 21 100
703 43 21 100
703 27 21 99
703 13 21 99
704 37 20 100
704 37 21 150
704 37 29 32
704 31 0 20
704 31 21 100
704 47 12 42
704 47 31 24
704 25 43 100
704 2 42 148
704 22 13 100
704 22 29 2
704 26 13 99
704 26 20 100
704 26 42 150
704 20 13 100
704 39 13 150
705 20 0 20
705 20 32 12
705 42 20 150
705 42 21 99
705 42 40 2
705 19 13 99
705 19 20 150
705 19 21 100
705 19 41 50
705 23 20 100
705 17 42 100
705 46 43 148
705 41 10 100
705 47 20 150
705 8 10 99
705 8 21 148
705 8 43 100
705 48 13 99
705 48 40 1
705 18 10 100
705 18 13 100
705 18 20 150
705 38 20 100
705 26 13 99
705 26 20 100
705 26 42 150
706 16 10 99
706 16 21 100
706 16 31 24
706 39 13 150
706 39 32 12
706 8 21 148
706 8 29 33
706 33 42 100
706 42 10 148
706 42 20 150
706 42 21 99
706 42 43 150
706 34 42 100
706 23 20 100
706 23 29 1
706 6 40 1
706 49 13 100
706 49 42 148
706 35 21 150
706 7 10 100
706 7 43 150
707 39 13 150
707 39 19 32
707 6 29 33
707 41 10 100
707 30 13 100
707 30 43 100
707 23 20 100
707 23 29 1
707 48 13 99
707 48 41 2
707 8 10 99
707 8 21 148
707 8 43 100
707 19 13 99
707 19 20 150
707 19 21 100
707 19 43 99
707 35 21 150
707 43 21 100
708 16 10 99
708 16 21 100
708 16 31 24
708 43 0 20
708 43 40 3
708 34 42 100
708 36 42 99
708 28 13 150
708 28 20 148
708 28 42 100
708 12 10 100
708 12 43 150
708 35 21 150
708 1 13 150
708 1 42 150
708 20 13 100
708 8 10 99
708 8 21 148
708 8 43 100
709 4 0 20
709 4 19 1
709 4 43 100
709 14 29 33
709 39 40 10
709 1 42 150
709 45 40 1
709 7 41 48
709 13 3 56
709 20 13 100
709 25 41 2
709 18 10 100
709 18 13 100
709 18 20 150
709 12 10 100
709 12 43 150
709 32 13 150
709 22 13 100
710 34 31 24
710 4 6 14
710 4 42 148
710 4 43 100
710 12 10 100
710 12 29 34
710 12 40 9
710 41 10 100
710 25 41 50
710 17 17 30
710 16 10 99
710 16 21 100
710 30 13 100
710 30 17 2
710 33 42 100
710 35 21 150
710 45 40 2
710 13 21 99
710 39 13 150
711 45 31 24
711 19 20 150
711 19 21 100
711 19 43 99
711 44 10 150
711 44 12 42
711 44 21 100
711 37 20 100
711 37 21 150
711 37 29 32
711 14 29 3
711 47 20 150
711 39 13 150
711 42 10 148
711 42 20 150
711 42 21 99
711 42 43 150
711 24 42 100
711 46 43 148
711 13 21 99
712 17 40 8
712 46 3 54
712 47 3 2
712 45 19 1
712 16 21 100
712 16 41 50
712 44 20 150
712 44 21 100
712 41 10 100
712 23 0 20
712 22 13 100
712 25 43 100
712 48 13 99
712 35 21 150
712 29 10 100
713 17 31 24
713 49 0 20
713 49 13 100
713 49 32 12
713 12 10 100
713 12 43 150
713 4 13 100
713 4 42 148
713 4 43 100
713 26 13 99
713 26 20 100
713 26 41 48
713 37 20 100
713 37 21 150
713 48 13 99
713 48 41 2
713 31 13 100
713 31 21 100
713 0 10 100
713 0 13 100
713 0 21 100
713 44 10 150
713 44 20 150
713 44 21 100
713 25 43 100
713 29 10 100
714 45 40 11
714 0 13 100
714 0 21 100
714 6 13 100
714 6 29 33
714 27 21 99
714 27 41 2
714 2 42 148
714 38 20 100
714 48 13 99
714 24 42 100
714 1 13 150
714 1 42 150
714 22 13 100
714 8 10 99
714 8 21 148
714 8 43 100
714 32 13 150
714 34 42 100
714 36 42 99
715 10 3 54
715 23 0 20
715 23 29 1
715 20 32 12
715 19 20 16
715 19 43 99
715 7 10 100
715 7 43 150
715 1 13 150
715 1 42 150
715 27 21 99
715 22 13 100
715 34 42 100
715 49 10 99
715 49 13 100
715 49 42 148
715 18 10 100
715 18 13 100
715 31 13 100
715 31 21 100
715 46 43 148
715 0 10 100
715 0 13 100
715 0 21 100
716 32 12 42
716 35 19 32
716 14 29 33
716 12 40 9
716 33 42 100
716 6 13 100
716 6 40 2
716 18 13 100
716 18 20 40
716 0 13 100
716 0 21 100
716 48 13 99
716 22 13 100
716 44 10 150
716 44 21 100
716 44 31 24
717 6 0 20
717 6 40 11
717 27 41 2
717 16 21 100
717 16 31 24
717 36 42 99
717 17 42 100
717 32 13 150
717 33 42 100
717 22 13 100
717 45 19 1
717 1 42 150
717 29 10 100
718 18 10 100
718 18 13 100
718 18 19 32
718 12 32 12
718 21 31 24
718 48 13 99
718 48 40 2
718 27 21 99
718 32 13 150
718 37 21 150
718 46 29 1
718 45 19 1
718 28 42 100
718 31 13 100
718 31 21 100
718 0 10 100
718 0 13 100
718 0 21 100
719 12 0 20
719 12 40 9
719 32 13 150
719 47 20 40
719 44 21 100
719 29 10 100
719 29 41 50
719 42 21 99
719 42 40 2
719 48 13 99
719 20 13 100
719 37 21 150
719 49 10 99
719 49 13 100
719 49 42 148
719 17 42 100
719 25 43 100
720 42 10 148
720 42 11 4
720 42 43 150
720 43 12 40
720 43 31 24
720 22 13 100
720 37 21 150
720 37 36 150
720 49 10 99
720 49 12 2
720 49 36 60
720 31 13 100
720 31 21 100
720 7 10 100
720 7 19 1
720 44 10 150
720 44 21 100
720 29 10 100
720 4 13 100
720 4 42 148
720 4 43 100
721 7 10 100
721 7 19 33
721 16 10 99
721 16 21 100
721 16 31 24
721 12 40 9
721 25 43 100
721 20 13 100
721 8 10 99
721 8 21 148
721 8 43 100
721 48 13 99
721 48 40 2
721 30 43 100
721 22 13 100
721 19 13 99
721 19 21 100
721 19 43 99
721 33 42 100
721 13 21 99
721 31 13 100
721 31 21 100
722 44 10 150
722 44 20 40
722 44 34 18
722 29 3 56
722 0 0 20
722 0 13 100
722 0 21 100
722 16 10 99
722 16 21 100
722 34 32 12
722 31 13 100
722 31 21 100
722 23 40 8
722 26 42 150
722 19 13 99
722 19 21 100
722 19 43 99
722 6 13 100
722 6 40 3
723 46 3 54
723 11 19 32
723 43 40 3
723 32 32 12
723 34 42 100
723 30 13 100
723 30 43 100
723 25 41 50
723 28 13 150
723 28 20 40
723 9 3 2
723 7 10 100
723 7 19 1
723 36 42 99
723 18 10 100
723 18 13 100
724 35 21 117
724 19 20 40
724 0 0 20
724 0 13 100
724 0 21 1
724 42 32 12
724 28 3 56
724 28 42 100
724 33 42 100
724 49 10 99
724 49 13 100
724 49 42 148
724 32 13 150
724 48 13 99
724 48 40 1
725 12 0 20
725 12 32 12
725 34 31 24
725 25 18 39
725 22 13 100
725 48 13 99
725 48 40 2
725 26 42 150
725 35 21 33
725 0 13 100
725 39 13 150
726 36 40 11
726 30 13 100
726 30 18 1
726 40 0 20
726 20 32 12
726 49 13 100
726 49 42 148
726 24 42 100
726 18 10 100
726 18 13 100
726 18 20 40
726 37 21 32
726 19 41 50
726 6 13 100
726 28 13 150
726 28 42 100
726 42 43 150
726 34 42 100
727 2 42 148
727 35 21 33
727 49 32 12
727 48 13 99
727 48 40 2
727 26 13 99
727 26 42 150
727 39 13 150
727 30 13 100
727 30 43 100
727 19 13 99
727 19 43 99
728 0 0 20
728 0 21 33
728 38 36 110
728 34 42 100
728 17 40 8
728 26 13 99
728 26 42 15
729 30 40 9
729 9 3 56
729 39 19 32
729 1 13 150
729 31 13 100
729 42 20 39
729 48 13 99
729 48 41 50
729 7 43 150
730 49 3 56
730 39 11 4
730 39 23 48
730 2 17 32
730 18 20 2
730 4 43 100
730 26 13 99
730 19 13 99
730 19 43 99
730 7 43 150
731 0 11 4
731 0 19 33
731 22 32 12
731 47 31 24
731 27 41 50
731 30 13 100
731 30 43 100
731 39 13 150
732 24 31 24
732 49 19 32
732 38 20 40
732 0 13 100
732 0 21 1
732 42 43 150
733 8 0 20
733 18 13 100
733 18 34 16
733 33 34 2
733 30 43 100
733 39 13 150
733 20 3 2
734 46 3 54
734 40 0 20
734 48 13 99
734 48 40 3
734 49 13 100
734 43 21 2
734 19 43 99
734 39 13 150
734 32 13 150
735 45 40 11
735 48 41 50
735 28 20 40
735 32 13 150
735 22 13 100
735 2 42 4
735 0 21 33
735 12 43 150
735 26 13 99
736 8 21 32
736 0 13 100
736 0 21 1
736 1 13 150
736 49 13 100
736 26 13 99
736 27 41 2
736 6 40 2
737 18 20 40
737 4 0 20
737 4 42 4
737 29 41 2
737 19 13 99
737 19 21 32
737 45 40 2
737 1 13 150
737 20 13 100
737 26 13 99
737 7 43 150
738 36 40 11
738 20 19 32
738 46 43 148
738 26 13 99
738 4 13 100
738 4 19 1
738 44 21 1
739 1 0 20
739 8 21 32
739 44 20 40
739 35 41 48
739 28 41 2
739 25 43 100
740 44 20 40
740 18 13 100
740 18 40 9
740 4 43 100
740 46 43 148
740 48 13 99
740 48 40 2
741 32 13 150
741 39 13 150
741 39 31 24
741 46 43 148
741 36 40 1
741 13 21 33
742 43 21 32
742 19 43 99
742 8 32 12
742 49 13 100
742 45 40 2
742 4 13 100
742 4 43 100
742 0 13 100
742 0 21 1
742 28 13 150
743 49 0 20
743 49 31 24
743 6 40 2
743 31 21 32
743 28 20 40
743 8 43 100
743 25 43 100
744 34 32 12
744 26 13 99
744 26 20 40
744 28 13 150
744 6 13 100
744 25 43 100
744 48 13 99
744 19 13 99
744 19 21 34
745 12 0 20
745 7 43 150
745 47 3 56
745 30 13 100
745 30 43 100
745 39 13 150
745 8 43 100
745 49 13 100
746 17 31 24
746 18 20 40
746 13 21 33
746 31 0 20
746 49 13 100
746 30 13 100
746 30 43 100
747 16 21 32
747 30 43 100
747 46 43 148
747 28 13 150
747 32 13 150
747 19 13 99
747 19 43 99
747 39 13 150
747 39 40 2
748 6 0 20
748 6 40 11
748 4 31 24
748 46 43 148
748 22 13 100
748 48 13 99
748 42 21 33
748 7 43 150
748 31 13 100
749 26 13 99
749 26 20 40
749 13 3 56
749 6 40 11
749 7 43 150
749 12 43 150
750 26 13 99
750 26 20 40
750 20 0 20
750 20 40 8
750 48 40 3
750 31 13 100
750 4 13 100
750 4 43 100
750 1 13 150
750 32 13 150
751 12 4 60
751 47 31 24
751 30 43 100
751 42 21 33
751 7 43 150
751 39 13 150
751 31 13 100
751 32 13 150
752 28 13 150
752 4 0 20
752 4 31 24
752 35 21 33
752 49 32 12
752 30 43 100
752 45 40 2
752 20 13 100
752 7 43 150
752 0 13 100
753 18 13 100
753 18 19 32
753 1 13 150
753 25 43 100
753 4 13 100
753 4 19 1
753 31 13 100
753 30 13 100
753 30 43 100
754 44 21 33
754 39 32 12
754 7 43 150
754 49 13 100
754 36 40 1
755 42 20 39
755 45 31 24
755 25 43 100
755 12 43 150
755 49 13 100
755 6 13 100
756 26 13 99
756 26 20 41
756 30 13 100
756 30 31 24
756 39 13 150
757 26 13 99
757 26 20 40
757 48 40 11
757 30 31 24
757 6 13 100
758 37 20 40
758 48 40 11
758 43 31 24
758 26 13 99
758 39 13 150
758 30 13 100
758 30 43 4
759 19 13 99
759 19 20 40
759 48 40 11
759 0 13 100
759 1 13 150
760 32 13 150
760 32 36 100
760 1 13 150
760 1 42 102
760 26 20 40
760 26 42 2
760 39 40 2
760 8 36 8
762 39 40 10
763 34 42 4
763 0 21 33
766 46 43 84
767 19 20 40
770 19 21 34
774 18 40 3
776 6 40 14
777 8 21 32
778 17 31 24
778 7 22 100
778 48 40 3
782 18 40 9
782 2 3 54
782 13 3 2
784 7 43 81
786 2 42 4
789 2 36 100
789 19 20 40
803 0 21 2
805 45 40 11
805 13 21 33
807 30 43 84
810 27 21 33
812 25 43 100
812 4 42 4
814 14 32 12
818 43 40 3
823 25 31 24
825 19 43 81
826 37 21 32
827 33 42 4
827 48 40 11
829 1 42 102
838 4 42 104
839 33 42 4
842 1 42 3
842 26 20 1
844 8 21 32
844 12 40 3
848 7 43 81
865 19 43 78
