294 44 5 100
294 44 15 150
294 44 20 100
294 44 34 148
294 44 35 99
294 44 42 148
294 44 45 100
294 44 47 150
297 2 6 99
297 2 8 148
297 2 11 100
297 2 13 150
297 2 14 100
297 2 18 148
297 2 24 100
297 2 28 150
297 2 31 100
297 2 33 54
297 2 41 148
297 2 43 100
297 2 47 150
300 30 5 100
300 30 8 150
300 30 17 100
300 30 19 150
300 30 23 99
300 30 29 56
300 30 36 150
300 30 45 99
300 30 46 150
301 44 5 100
301 44 15 150
301 44 20 100
301 44 34 148
301 44 35 99
301 44 42 148
301 44 45 100
301 44 47 150
302 44 5 100
302 44 15 150
302 44 20 100
302 44 34 148
302 44 35 99
302 44 42 148
302 44 45 100
302 44 47 150
303 44 5 100
303 44 15 150
303 44 20 100
303 44 34 148
303 44 35 99
303 44 42 148
303 44 45 100
303 44 47 150
304 44 5 100
304 44 15 150
304 44 20 100
304 44 34 148
304 44 35 99
304 44 42 128
304 44 47 150
307 44 5 100
307 44 15 150
307 44 20 100
307 44 34 148
307 44 35 99
307 44 42 148
307 44 45 100
307 44 47 150
318 44 5 100
318 44 15 150
318 44 20 100
318 44 34 148
318 44 35 99
318 44 42 148
318 44 45 100
318 44 47 150
319 44 5 100
319 44 15 150
319 44 20 100
319 44 34 148
319 44 35 99
319 44 42 148
319 44 45 100
319 44 47 150
322 44 5 100
322 44 15 150
322 44 20 100
322 44 34 148
322 44 35 99
322 44 42 148
322 44 45 100
322 44 47 150
323 33 0 100
323 33 5 150
323 33 6 100
323 33 28 150
323 33 31 100
323 33 32 150
323 33 33 100
323 33 40 150
323 33 42 100
323 33 49 150
326 44 5 100
326 44 15 150
326 44 20 100
326 44 34 148
326 44 35 99
326 44 42 148
326 44 45 100
326 44 47 150
330 44 5 100
330 44 15 150
330 44 20 100
330 44 34 148
330 44 35 99
330 44 42 148
330 44 45 100
330 44 47 150
331 1 0 99
331 1 5 150
331 1 6 100
331 1 13 150
331 1 19 100
331 1 21 150
331 1 24 100
331 1 28 150
331 1 29 54
331 1 43 100
331 1 45 150
331 1 46 100
332 44 5 100
332 44 15 150
332 44 20 100
332 44 34 148
332 44 35 99
332 44 42 124
332 44 47 150
340 44 5 100
340 44 15 150
340 44 20 100
340 44 34 148
340 44 35 99
340 44 42 148
340 44 45 100
340 44 47 150
341 44 5 100
341 44 15 150
341 44 20 100
341 44 34 148
341 44 35 99
341 44 42 148
341 44 45 100
341 44 47 150
345 44 5 100
345 44 15 150
345 44 20 100
345 44 34 148
345 44 35 99
345 44 42 148
345 44 45 100
345 44 47 150
345 14 1 100
345 14 11 148
345 14 13 99
345 14 16 150
345 14 24 100
345 14 30 150
345 14 31 100
345 14 36 148
345 14 42 100
345 14 43 150
347 44 5 100
347 44 15 150
347 44 20 100
347 44 34 148
347 44 35 99
347 44 42 148
347 44 45 100
347 44 47 150
350 44 5 100
350 44 15 150
350 44 20 100
350 44 34 148
350 44 35 99
350 44 42 148
350 44 45 100
350 44 47 150
351 44 5 100
351 44 15 150
351 44 20 100
351 44 34 148
351 44 35 99
351 44 42 148
351 44 45 100
351 44 47 150
352 44 5 100
352 44 15 150
352 44 20 100
352 44 34 148
352 44 35 99
352 44 42 148
352 44 45 100
352 44 47 150
355 44 5 100
355 44 15 150
355 44 20 100
355 44 34 148
355 44 35 99
355 44 42 148
355 44 45 100
355 44 47 150
356 44 5 100
356 44 15 150
356 44 20 100
356 44 34 148
356 44 35 99
356 44 42 148
356 44 45 100
356 44 47 150
361 44 5 100
361 44 15 150
361 44 20 100
361 44 34 148
361 44 35 99
361 44 42 148
361 44 45 100
361 44 47 150
362 44 5 100
362 44 15 150
362 44 20 100
362 44 34 148
362 44 35 99
362 44 42 148
362 44 45 100
362 44 47 150
363 33 0 100
363 33 5 150
363 33 6 100
363 33 28 150
363 33 31 100
363 33 32 150
363 33 33 100
363 33 40 150
363 33 42 100
363 33 49 150
365 44 5 100
365 44 15 150
365 44 20 100
365 44 34 148
365 44 35 99
365 44 42 148
365 44 45 100
365 44 47 150
370 44 5 100
370 44 15 150
370 44 20 100
370 44 34 148
370 44 35 99
370 44 42 148
370 44 45 100
370 44 47 150
372 44 5 100
372 44 15 150
372 44 20 100
372 44 34 148
372 44 35 99
372 44 42 148
372 44 45 100
372 44 47 150
374 44 5 100
374 44 15 150
374 44 20 100
374 44 34 148
374 44 35 99
374 44 42 148
374 44 45 100
374 44 47 150
375 44 5 100
375 44 15 150
375 44 20 100
375 44 34 148
375 44 35 99
375 44 42 148
375 44 45 100
375 44 47 150
380 44 5 100
380 44 15 150
380 44 20 100
380 44 34 148
380 44 35 99
380 44 42 148
380 44 45 100
380 44 47 150
383 14 1 100
383 14 11 148
383 14 13 99
383 14 16 150
383 14 24 100
383 14 30 150
383 14 31 100
383 14 36 148
383 14 42 100
383 14 43 150
384 44 5 100
384 44 15 150
384 44 20 100
384 44 34 148
384 44 35 99
384 44 42 148
384 44 45 100
384 44 47 150
395 14 1 100
395 14 11 148
395 14 13 99
395 14 16 150
395 14 24 100
395 14 30 150
395 14 31 100
395 14 36 148
395 14 42 100
395 14 43 150
396 44 5 100
396 44 15 150
396 44 20 100
396 44 34 148
396 44 35 99
396 44 42 148
396 44 45 100
396 44 47 150
398 14 1 100
398 14 11 148
398 14 13 99
398 14 16 150
398 14 24 100
398 14 30 150
398 14 31 100
398 14 36 148
398 14 42 100
398 14 43 150
400 33 0 100
400 33 5 150
400 33 6 100
400 33 28 150
400 33 31 100
400 33 32 150
400 33 33 100
400 33 40 150
400 33 42 100
400 33 49 150
414 44 5 100
414 44 15 150
414 44 20 100
414 44 34 148
414 44 35 99
414 44 42 148
414 44 45 100
414 44 47 150
417 14 1 100
417 14 11 148
417 14 13 99
417 14 16 150
417 14 24 100
417 14 30 150
417 14 31 100
417 14 36 148
417 14 42 100
417 14 43 150
418 14 1 100
418 14 11 148
418 14 13 99
418 14 16 150
418 14 24 100
418 14 30 150
418 14 31 100
418 14 36 148
418 14 42 100
418 14 43 150
424 44 5 100
424 44 15 150
424 44 20 100
424 44 34 148
424 44 35 99
424 44 42 148
424 44 45 100
424 44 47 150
434 14 1 100
434 14 11 148
434 14 13 99
434 14 16 150
434 14 24 100
434 14 30 150
434 14 31 100
434 14 36 148
434 14 42 100
434 14 43 150
436 44 5 100
436 44 15 150
436 44 20 100
436 44 34 148
436 44 35 99
436 44 42 148
436 44 45 100
436 44 47 150
444 33 0 100
444 33 5 150
444 33 6 100
444 33 28 150
444 33 31 100
444 33 32 150
444 33 33 100
444 33 40 150
444 33 42 100
444 33 49 150
449 44 5 100
449 44 15 150
449 44 20 100
449 44 34 148
449 44 35 99
449 44 42 148
449 44 45 100
449 44 47 150
464 33 0 100
464 33 5 150
464 33 6 100
464 33 28 150
464 33 31 100
464 33 32 150
464 33 33 100
464 33 40 150
464 33 42 100
464 33 49 150
469 44 5 100
469 44 15 150
469 44 20 100
469 44 34 148
469 44 35 99
469 44 42 148
469 44 45 100
469 44 47 150
481 14 1 100
481 14 11 148
481 14 13 99
481 14 16 150
481 14 24 100
481 14 30 150
481 14 31 100
481 14 36 148
481 14 42 100
481 14 43 150
483 44 5 100
483 44 15 150
483 44 20 100
483 44 34 148
483 44 35 99
483 44 42 148
483 44 45 100
483 44 47 150
495 44 5 100
495 44 15 150
495 44 20 100
495 44 34 148
495 44 35 99
495 44 42 148
495 44 45 100
495 44 47 150
500 38 3 100
500 38 17 148
500 38 18 100
500 38 29 150
500 38 32 100
500 38 33 148
500 38 39 100
500 38 41 148
500 38 46 100
506 14 1 100
506 14 11 148
506 14 13 99
506 14 16 150
506 14 24 100
506 14 30 150
506 14 31 100
506 14 36 148
506 14 42 100
506 14 43 150
519 44 5 100
519 44 15 150
519 44 20 100
519 44 34 148
519 44 35 99
519 44 42 148
519 44 45 100
519 44 47 150
524 44 5 100
524 44 15 150
524 44 20 100
524 44 34 148
524 44 35 99
524 44 42 148
524 44 45 100
524 44 47 150
532 33 0 100
532 33 5 150
532 33 6 100
532 33 28 150
532 33 31 100
532 33 32 150
532 33 33 100
532 33 40 150
532 33 42 100
532 33 49 150
545 44 5 100
545 44 15 150
545 44 20 100
545 44 34 148
545 44 35 99
545 44 42 148
545 44 45 100
545 44 47 150
546 14 1 100
546 14 11 148
546 14 13 99
546 14 16 150
546 14 24 100
546 14 30 150
546 14 31 100
546 14 36 148
546 14 42 100
546 14 43 150
552 14 1 100
552 14 11 148
552 14 13 99
552 14 16 150
552 14 24 100
552 14 30 150
552 14 31 100
552 14 36 148
552 14 42 100
552 14 43 150
555 30 5 100
555 30 8 150
555 30 17 100
555 30 19 90
555 30 29 148
555 30 32 100
555 30 36 150
555 30 45 99
555 30 46 150
569 44 5 100
569 44 15 150
569 44 20 100
569 44 34 148
569 44 35 99
569 44 42 148
569 44 45 100
569 44 47 150
572 14 1 100
572 14 11 148
572 14 13 99
572 14 16 150
572 14 24 100
572 14 30 150
572 14 31 100
572 14 36 148
572 14 42 100
572 14 43 150
575 38 3 100
575 38 17 148
575 38 18 100
575 38 29 150
575 38 32 100
575 38 33 148
575 38 39 100
575 38 41 148
575 38 46 100
593 33 0 100
593 33 5 150
593 33 6 100
593 33 28 150
593 33 31 100
593 33 32 150
593 33 33 100
593 33 40 150
593 33 42 100
593 33 49 150
632 33 0 100
632 33 5 150
632 33 6 100
632 33 28 150
632 33 31 100
632 33 32 150
632 33 33 100
632 33 40 150
632 33 42 100
632 33 49 150
692 38 3 16
692 38 18 100
692 38 29 30
692 38 33 148
692 38 39 96
692 38 46 100
692 12 5 99
692 12 8 8
692 12 31 148
692 12 35 99
692 12 42 150
692 12 45 150
692 12 47 99
692 24 1 14
692 24 22 36
692 24 34 100
692 24 40 150
692 36 15 100
692 36 31 99
692 36 34 150
692 36 35 100
692 36 36 148
692 36 46 99
692 48 6 150
692 48 23 100
692 48 24 150
692 48 31 150
692 48 41 150
692 48 46 100
692 48 47 150
692 48 49 80
692 26 11 100
692 26 16 148
692 26 26 30
692 26 32 148
692 26 33 100
692 26 43 148
692 26 46 100
692 21 6 100
692 21 16 150
692 21 18 99
692 21 24 150
692 21 30 120
692 21 40 100
692 15 6 150
692 15 21 150
692 15 31 148
692 15 33 100
692 15 43 99
692 15 46 100
692 28 0 100
692 28 13 100
692 28 15 2
692 28 32 100
692 28 33 150
692 28 35 100
692 28 40 148
692 28 43 99
692 28 46 100
692 31 0 100
692 31 6 150
692 31 20 150
692 31 23 42
692 31 35 100
692 31 42 99
692 31 46 148
692 49 5 100
692 49 6 150
692 49 11 99
692 49 17 100
692 49 34 150
692 49 36 100
692 18 0 100
692 18 5 148
692 18 14 32
692 18 32 148
692 18 33 100
692 18 34 150
692 18 35 99
692 18 36 150
692 18 40 150
692 18 47 100
692 45 0 100
692 45 6 150
692 45 13 150
692 45 18 150
692 45 33 56
692 45 42 148
692 45 47 150
692 0 0 100
692 0 6 100
692 0 21 100
692 0 34 100
692 0 41 100
692 37 0 100
692 37 6 150
692 37 21 100
692 37 31 100
692 37 35 148
692 37 40 99
692 37 42 150
692 8 0 100
692 8 11 150
692 8 16 100
692 8 21 148
692 8 32 100
692 8 45 99
693 46 0 100
693 46 11 99
693 46 17 150
693 46 21 100
693 46 32 100
693 46 35 100
693 46 41 150
693 46 46 148
693 46 47 99
693 36 31 99
693 36 34 150
693 36 35 100
693 36 36 148
693 36 46 99
693 32 5 148
693 32 17 99
693 32 32 99
693 32 34 150
693 32 35 100
693 5 11 99
693 5 16 150
693 5 17 100
693 5 28 72
693 47 6 100
693 47 11 148
693 47 13 100
693 47 20 150
693 47 24 100
693 47 43 150
693 44 5 100
693 44 20 100
693 44 34 148
693 44 35 99
693 44 42 148
693 44 45 100
693 44 47 150
693 0 0 100
693 0 6 55
693 0 34 100
693 0 41 100
693 22 0 100
693 22 1 1
693 22 17 100
693 22 18 150
693 22 24 150
693 22 34 150
693 22 47 150
693 35 18 99
693 35 21 100
693 35 24 148
693 35 32 99
693 35 34 150
693 35 35 99
693 35 36 150
693 35 40 132
693 42 5 100
693 42 13 148
693 42 36 148
693 42 46 148
693 40 21 150
693 40 32 150
693 40 42 150
693 40 47 150
693 34 11 99
693 34 13 99
693 34 32 100
693 34 34 150
693 34 35 99
693 34 43 148
693 49 5 100
693 49 11 99
693 49 17 100
693 49 34 150
693 49 36 100
693 30 5 100
693 30 17 100
693 30 32 100
693 30 36 150
693 30 45 99
693 30 46 150
693 48 24 150
693 48 31 150
693 48 41 150
693 48 46 100
693 48 47 150
693 17 18 150
693 17 24 150
693 17 34 100
693 17 35 150
693 17 42 99
694 6 0 100
694 6 17 150
694 6 21 99
694 6 35 150
694 6 43 150
694 32 5 148
694 32 17 99
694 32 32 99
694 32 34 150
694 32 35 100
694 25 16 150
694 25 21 100
694 25 35 150
694 25 36 100
694 25 41 100
694 25 42 148
694 25 46 100
694 33 0 100
694 33 5 150
694 33 31 100
694 33 32 150
694 33 40 1
694 19 16 150
694 19 17 99
694 19 18 150
694 19 21 100
694 19 36 100
694 19 41 150
694 19 42 100
694 19 46 150
694 18 0 100
694 18 5 148
694 18 20 100
694 18 32 148
694 18 34 150
694 18 35 99
694 18 36 150
694 18 47 100
694 24 18 150
694 24 24 150
694 24 34 100
694 49 5 100
694 49 11 99
694 49 17 100
694 49 34 150
694 49 36 100
694 9 21 3
694 9 45 150
694 9 46 100
694 23 11 100
694 23 18 100
694 23 35 100
694 23 45 100
694 34 11 99
694 34 13 99
694 34 32 48
694 34 35 99
694 34 43 148
694 17 18 150
694 17 24 150
694 17 34 100
694 17 35 150
694 17 42 99
694 31 0 100
694 31 20 150
694 31 34 150
694 31 35 100
694 31 42 99
694 31 46 148
694 13 17 150
694 13 45 100
694 13 46 150
694 35 18 99
694 35 24 148
694 35 34 150
694 35 35 99
694 35 36 150
694 29 0 99
694 29 13 148
694 29 16 100
694 29 18 150
694 29 20 100
694 29 41 100
694 29 43 150
694 29 45 150
695 14 11 148
695 14 13 99
695 14 16 150
695 14 24 100
695 14 31 100
695 14 36 148
695 14 42 100
695 14 43 150
695 33 0 100
695 33 5 150
695 33 31 100
695 33 42 100
695 41 0 100
695 41 24 148
695 41 31 100
695 41 34 150
695 41 36 100
695 41 41 150
695 41 43 100
695 41 46 150
695 42 0 100
695 42 5 100
695 42 13 148
695 42 36 148
695 42 46 148
695 40 42 150
695 40 47 150
695 6 0 100
695 6 17 150
695 6 35 150
695 6 43 150
695 9 36 150
695 9 45 150
695 9 46 100
695 48 24 150
695 48 31 150
695 48 41 150
695 48 46 28
695 46 0 100
695 46 11 99
695 46 17 150
695 46 35 100
695 46 41 150
695 46 47 99
695 13 17 150
695 13 45 100
695 13 46 2
695 30 17 100
695 30 36 150
695 30 45 99
695 30 46 1
695 31 20 150
695 31 34 150
695 31 35 100
695 31 42 99
695 27 16 100
695 27 20 150
695 27 41 150
695 27 45 99
695 27 47 100
695 8 0 64
695 8 16 100
695 8 45 99
695 11 16 148
695 11 31 100
695 45 13 150
695 45 18 150
695 45 35 99
695 45 42 148
695 45 47 150
696 43 5 100
696 43 36 150
696 43 41 150
696 43 45 100
696 43 47 150
696 35 18 99
696 35 24 148
696 35 34 150
696 35 35 99
696 35 36 150
696 42 5 100
696 42 13 148
696 42 36 148
696 4 5 100
696 4 17 99
696 4 18 150
696 4 31 100
696 4 35 100
696 4 43 150
696 41 24 148
696 41 31 100
696 41 34 150
696 41 36 100
696 41 41 150
696 41 43 100
696 44 5 100
696 44 20 100
696 44 34 148
696 44 35 99
696 44 42 148
696 44 45 100
696 44 47 150
696 15 31 148
696 15 43 99
696 22 11 150
696 22 17 100
696 22 18 150
696 22 24 150
696 22 34 150
696 22 47 150
696 23 11 100
696 23 18 100
696 23 35 100
696 23 45 100
696 48 24 150
696 48 31 150
696 48 41 150
696 48 47 150
696 0 34 100
696 0 41 100
696 11 16 148
696 11 31 100
696 33 5 150
696 33 31 100
696 33 42 100
696 7 17 100
696 7 24 148
696 27 16 100
696 27 20 150
696 27 41 150
696 27 45 99
696 27 47 100
696 21 16 150
696 21 18 99
696 21 24 150
697 37 0 34
697 37 35 148
697 37 40 9
697 17 18 150
697 17 24 150
697 17 34 100
697 17 35 150
697 17 42 99
697 34 11 99
697 34 13 99
697 34 34 150
697 34 35 99
697 34 43 148
697 44 5 100
697 44 20 100
697 44 34 148
697 44 35 99
697 44 42 148
697 44 45 100
697 44 47 150
697 46 11 99
697 46 17 150
697 46 35 100
697 46 41 150
697 46 47 99
697 12 5 99
697 12 18 100
697 12 31 148
697 12 35 99
697 12 42 150
697 12 45 150
697 12 47 99
697 42 5 100
697 42 13 148
697 42 36 148
697 33 5 150
697 33 31 100
697 33 40 1
697 30 5 100
697 30 17 100
697 30 36 150
697 30 45 99
697 18 5 148
697 18 20 100
697 18 34 150
697 18 35 99
697 18 36 150
697 18 47 100
697 19 16 150
697 19 17 99
697 19 18 150
697 19 36 100
697 19 41 150
697 19 42 100
697 11 16 148
697 11 31 100
697 16 18 99
697 16 20 150
697 47 11 148
697 47 13 100
697 47 20 150
697 47 24 100
697 47 43 150
697 22 11 150
697 22 17 100
697 22 18 150
697 22 24 150
697 22 34 150
697 22 47 150
697 38 17 148
697 38 18 100
697 38 41 148
698 17 18 150
698 17 24 150
698 17 34 100
698 17 35 150
698 17 42 99
698 13 17 150
698 13 45 100
698 44 5 100
698 44 20 100
698 44 34 148
698 44 35 99
698 44 42 148
698 44 45 100
698 44 47 150
698 49 5 100
698 49 11 99
698 49 34 150
698 49 36 100
698 36 31 99
698 36 34 150
698 36 35 100
698 36 36 148
698 42 5 100
698 42 13 148
698 42 36 148
698 32 5 148
698 32 34 150
698 32 35 100
698 6 21 27
698 6 43 150
698 34 11 99
698 34 13 99
698 34 34 150
698 34 35 99
698 34 43 148
698 31 20 150
698 31 34 150
698 31 35 100
698 31 42 99
698 23 11 100
698 23 18 100
698 23 35 100
698 23 45 100
698 5 11 99
698 5 16 150
698 5 42 148
698 16 18 99
698 16 20 150
698 16 21 1
698 26 11 100
698 26 16 148
698 26 43 148
698 1 5 150
698 1 13 150
698 1 24 100
698 1 42 148
698 1 43 100
698 1 45 150
698 41 24 148
698 41 31 100
698 41 34 150
698 41 36 100
698 41 41 150
698 41 43 100
699 25 16 150
699 25 35 150
699 25 36 100
699 25 41 100
699 25 42 148
699 43 5 100
699 43 36 150
699 43 41 150
699 43 45 100
699 43 47 150
699 9 36 150
699 9 45 150
699 37 31 100
699 37 35 148
699 37 42 150
699 2 11 100
699 2 13 150
699 2 18 148
699 2 24 100
699 2 31 100
699 2 36 100
699 2 41 148
699 2 43 100
699 2 47 150
699 29 13 148
699 29 16 100
699 29 18 150
699 29 20 100
699 29 41 72
699 29 45 150
699 48 24 150
699 48 31 150
699 48 47 150
699 23 11 100
699 23 18 100
699 23 35 100
699 23 45 100
699 36 31 99
699 36 34 150
699 36 35 100
699 36 36 148
699 11 16 148
699 11 31 100
699 32 5 148
699 32 34 150
699 32 35 100
699 44 5 100
699 44 20 100
699 44 34 148
699 44 35 99
699 44 42 148
699 44 45 100
699 44 47 150
699 0 34 100
699 40 42 150
699 40 47 150
699 33 5 150
699 33 31 100
699 33 42 100
699 10 11 150
699 10 13 100
699 10 20 99
699 10 34 100
700 30 5 100
700 30 17 1
700 30 45 99
700 43 5 100
700 43 36 150
700 43 45 100
700 43 47 150
700 15 31 148
700 15 43 99
700 41 24 148
700 41 31 100
700 41 34 150
700 41 36 100
700 41 43 100
700 45 13 150
700 45 18 150
700 45 35 99
700 45 42 148
700 45 47 150
700 34 11 99
700 34 13 99
700 34 34 150
700 34 35 99
700 34 43 148
700 42 5 100
700 42 13 148
700 42 36 148
700 37 31 100
700 37 35 148
700 37 42 150
700 6 35 150
700 6 43 150
700 44 5 100
700 44 20 100
700 44 34 148
700 44 35 99
700 44 42 148
700 44 45 100
700 44 47 150
700 38 18 21
700 47 13 100
700 47 20 150
700 47 24 100
700 47 43 150
700 25 16 150
700 25 35 150
700 25 36 100
700 25 42 148
700 19 16 150
700 19 36 100
700 19 42 100
700 1 5 150
700 1 13 150
700 1 24 100
700 1 42 148
700 1 43 100
700 1 45 150
700 36 31 99
700 36 34 150
700 36 35 100
700 36 36 148
701 16 20 150
701 16 21 28
701 9 36 150
701 9 40 10
701 18 5 148
701 18 20 100
701 18 34 150
701 18 35 99
701 18 36 150
701 18 47 100
701 22 11 150
701 22 24 150
701 22 34 150
701 22 47 150
701 27 16 100
701 27 20 150
701 27 45 99
701 27 47 100
701 29 13 148
701 29 16 100
701 29 20 100
701 29 43 150
701 29 45 150
701 15 31 148
701 15 43 99
701 31 20 150
701 31 34 150
701 31 35 100
701 31 42 99
701 21 16 150
701 21 24 150
701 33 5 150
701 33 31 100
701 33 42 100
701 10 11 150
701 10 13 100
701 10 20 99
701 10 34 100
701 17 24 150
701 17 34 100
701 17 35 150
701 17 42 99
701 35 24 148
701 35 34 150
701 35 35 99
701 35 36 150
701 39 13 150
701 39 34 100
701 39 35 148
701 39 36 100
701 39 42 99
701 39 45 148
701 37 31 100
701 37 35 148
701 37 42 150
702 42 5 100
702 42 13 148
702 42 36 148
702 30 5 100
702 30 36 150
702 30 45 99
702 16 20 150
702 44 5 100
702 44 20 100
702 44 34 148
702 44 35 99
702 44 42 148
702 44 45 100
702 44 47 150
702 47 11 148
702 47 13 100
702 47 20 150
702 47 24 5
702 32 5 148
702 32 34 150
702 32 35 100
702 36 31 99
702 36 34 150
702 36 35 100
702 36 36 148
702 21 16 150
702 21 40 10
702 10 13 100
702 10 20 99
702 10 34 100
702 27 16 100
702 27 20 150
702 27 45 99
702 27 47 100
702 46 11 99
702 46 35 100
702 46 47 99
702 33 5 150
702 33 31 100
702 33 42 100
702 39 13 150
702 39 34 100
702 39 35 148
702 39 36 100
702 39 42 99
702 39 45 148
702 23 11 100
702 23 35 100
702 23 45 100
702 29 13 148
702 29 16 100
702 29 20 100
702 29 43 150
702 29 45 150
702 12 5 99
702 12 31 148
702 12 35 99
702 12 42 150
702 12 45 150
702 12 47 99
703 24 34 100
703 27 16 100
703 27 20 150
703 27 45 99
703 27 47 100
703 37 31 100
703 37 35 148
703 37 42 150
703 18 5 140
703 18 34 150
703 18 35 99
703 18 36 150
703 18 47 100
703 39 13 150
703 39 28 44
703 39 35 148
703 39 36 100
703 39 42 99
703 39 45 148
703 41 31 100
703 41 34 150
703 41 36 100
703 41 43 100
703 14 11 148
703 14 13 99
703 14 16 150
703 14 31 100
703 14 36 148
703 14 42 100
703 14 43 150
703 5 11 99
703 5 16 150
703 5 42 148
703 9 36 150
703 9 45 150
703 0 34 100
703 23 11 100
703 23 35 100
703 23 45 100
703 40 42 150
703 40 47 150
703 43 36 150
703 43 45 100
703 43 47 150
703 28 13 100
703 28 31 150
703 28 35 100
703 28 43 99
703 15 31 148
703 15 43 99
703 3 16 99
703 3 36 150
703 3 47 148
704 32 5 32
704 32 35 100
704 28 13 100
704 28 31 150
704 28 35 100
704 28 40 8
704 18 20 100
704 18 34 150
704 18 35 99
704 18 36 150
704 18 47 100
704 5 11 99
704 5 16 150
704 5 42 148
704 29 13 148
704 29 16 100
704 29 20 100
704 29 43 150
704 29 45 150
704 2 11 100
704 2 13 150
704 2 31 100
704 2 36 100
704 2 43 100
704 2 47 150
704 27 16 100
704 27 20 150
704 27 45 99
704 27 47 100
704 17 34 100
704 17 35 150
704 17 40 2
704 3 16 99
704 3 36 150
704 3 47 148
704 49 11 99
704 49 34 150
704 49 36 100
704 22 11 150
704 22 34 150
704 22 47 150
704 37 31 100
704 37 35 148
704 37 42 150
704 39 13 150
704 39 34 100
704 39 35 148
704 39 36 100
704 39 42 99
704 39 45 148
704 11 16 148
704 11 31 100
704 19 16 150
704 19 36 100
704 19 42 100
704 13 45 100
705 20 13 100
705 20 45 100
705 49 11 99
705 49 34 150
705 49 36 100
705 28 0 32
705 28 31 150
705 28 35 100
705 28 40 8
705 35 34 150
705 35 35 99
705 35 36 150
705 30 5 3
705 30 45 99
705 15 31 148
705 15 43 99
705 23 11 20
705 23 40 2
705 26 43 148
705 31 20 150
705 31 34 150
705 31 35 100
705 31 42 99
705 43 36 150
705 43 47 150
705 11 16 148
705 11 31 100
705 0 34 100
705 1 13 150
705 1 42 148
705 1 43 100
705 34 13 99
705 34 34 150
705 34 35 99
705 34 43 148
705 10 13 100
705 10 20 99
705 10 34 100
706 43 36 150
706 43 47 150
706 46 0 36
706 46 47 99
706 47 13 100
706 47 20 150
706 47 43 150
706 33 31 100
706 33 40 10
706 48 31 150
706 48 47 150
706 24 34 100
706 12 31 148
706 12 35 99
706 12 42 150
706 12 47 99
706 30 36 150
706 32 34 150
706 32 35 100
706 42 13 148
706 42 36 148
706 3 16 99
706 3 36 150
706 3 47 148
706 1 13 150
706 1 42 148
706 1 43 100
706 4 31 100
706 4 35 100
706 4 43 150
706 36 31 99
706 36 34 150
706 36 35 100
706 36 36 148
706 6 35 150
706 6 43 150
707 37 0 34
707 37 35 148
707 37 40 9
707 43 5 32
707 43 47 150
707 2 13 150
707 2 28 42
707 2 36 100
707 2 43 100
707 2 47 150
707 30 5 2
707 27 16 100
707 27 20 150
707 27 47 100
707 36 31 99
707 36 34 150
707 36 35 100
707 36 36 148
707 11 16 148
707 11 31 100
707 15 31 148
707 15 43 99
707 23 35 100
707 23 40 1
707 39 28 2
707 39 35 148
707 39 36 100
707 39 42 99
707 3 16 99
707 3 36 150
707 3 47 148
707 8 16 100
707 34 13 99
707 34 34 150
707 34 35 99
707 34 43 148
707 48 31 150
707 48 47 150
707 0 34 100
707 41 31 100
707 41 34 150
707 41 36 100
707 41 43 100
708 20 13 100
708 33 31 100
708 33 42 100
708 49 34 150
708 49 36 100
708 36 31 99
708 36 34 150
708 36 35 100
708 36 36 148
708 17 34 100
708 17 35 150
708 17 42 99
708 35 34 150
708 35 35 99
708 35 36 150
708 25 16 150
708 25 35 150
708 25 36 100
708 25 42 148
708 5 16 150
708 5 42 148
708 8 16 100
708 29 13 148
708 29 16 100
708 29 20 100
708 29 43 150
708 28 13 100
708 28 31 150
708 28 35 100
708 28 43 99
708 31 20 150
708 31 34 150
708 31 35 100
708 31 42 99
708 39 13 150
708 39 34 100
708 39 35 148
708 39 36 100
708 39 42 87
708 42 36 148
708 26 16 148
708 26 43 148
708 46 35 100
708 46 47 99
709 26 5 32
709 26 43 148
709 24 24 141
709 24 40 9
709 48 47 150
709 16 20 150
709 12 31 148
709 12 35 99
709 12 47 99
709 11 16 148
709 11 31 100
709 19 16 150
709 19 36 100
709 9 36 150
709 9 40 1
709 39 34 100
709 39 35 148
709 39 36 100
709 0 34 100
709 33 31 100
709 18 20 100
709 18 34 150
709 18 35 99
709 18 36 150
709 18 47 100
709 2 13 150
709 2 24 2
709 2 36 100
709 2 43 100
709 2 47 150
709 1 5 2
709 1 43 100
709 20 13 100
710 26 5 32
710 26 43 148
710 36 31 99
710 36 34 150
710 36 35 100
710 36 36 148
710 20 13 100
710 20 21 28
710 47 13 100
710 47 20 150
710 47 43 150
710 3 16 99
710 3 36 150
710 3 47 148
710 31 20 150
710 31 34 150
710 31 35 100
710 24 34 100
710 32 34 150
710 32 35 100
710 35 34 150
710 35 35 99
710 35 36 150
710 2 13 150
710 2 31 100
710 2 36 100
710 2 43 100
710 2 47 150
710 48 31 150
710 48 47 150
710 12 31 148
710 12 35 99
710 12 47 99
710 34 13 99
710 34 34 150
710 34 35 99
710 34 43 148
710 4 5 2
710 4 35 100
710 4 43 150
711 11 16 148
711 11 31 100
711 8 16 100
711 28 13 100
711 28 31 150
711 28 35 100
711 28 43 99
711 43 5 32
711 43 47 150
711 4 5 2
711 4 35 100
711 4 43 150
711 2 13 150
711 2 31 100
711 2 36 100
711 2 43 100
711 2 47 150
711 36 31 99
711 36 34 150
711 36 35 100
711 36 36 148
711 25 16 150
711 25 35 150
711 25 36 100
711 3 16 99
711 3 36 150
711 3 47 148
711 20 13 100
711 5 16 150
711 10 13 100
711 10 20 99
711 10 34 100
711 39 13 150
711 39 34 100
711 39 35 148
711 39 36 100
711 23 35 100
711 18 20 100
711 18 34 150
711 18 35 99
711 18 36 150
711 18 47 100
711 46 35 100
711 46 47 99
712 19 16 150
712 19 36 100
712 31 20 150
712 31 34 150
712 31 35 100
712 34 13 99
712 34 34 150
712 34 35 99
712 34 43 148
712 27 16 100
712 27 20 150
712 27 47 100
712 11 16 148
712 11 31 100
712 5 16 150
712 20 13 100
712 12 31 148
712 12 35 99
712 12 47 99
712 17 34 100
712 17 35 150
712 17 40 10
712 45 35 99
712 45 47 150
712 22 34 150
712 22 47 150
712 47 13 100
712 47 20 150
712 47 43 150
712 42 13 132
712 30 36 150
712 33 31 100
713 23 35 100
713 44 5 34
713 44 34 148
713 44 35 99
713 44 47 150
713 0 34 100
713 19 16 150
713 19 36 100
713 43 36 150
713 43 47 150
713 42 36 148
713 28 31 150
713 28 35 100
713 28 43 99
713 35 34 150
713 35 35 99
713 35 36 150
713 1 43 100
713 4 31 100
713 4 35 100
713 4 43 150
713 40 47 150
713 10 13 1
713 10 34 100
713 32 34 150
713 32 35 100
713 27 16 100
713 27 20 150
713 27 47 100
714 32 9 6
714 32 35 100
714 10 20 99
714 10 34 100
714 23 35 100
714 23 40 10
714 18 34 150
714 18 35 99
714 18 36 150
714 18 47 100
714 46 35 100
714 46 47 99
714 34 34 150
714 34 35 99
714 34 43 148
714 29 16 100
714 29 20 100
714 29 43 150
714 28 31 150
714 28 35 100
714 28 43 99
714 37 31 100
714 37 35 148
714 42 36 148
714 36 31 99
714 36 34 150
714 36 35 100
714 36 36 148
714 27 16 100
714 27 20 150
714 27 47 100
714 39 34 100
714 39 35 148
714 39 36 100
714 40 47 126
714 48 47 1
715 34 35 99
715 34 43 148
715 9 36 150
715 9 40 10
715 10 34 100
715 22 34 150
715 8 16 100
715 11 16 148
715 11 31 100
715 48 31 150
715 4 31 100
715 4 35 100
715 4 43 150
715 17 34 100
715 17 35 150
715 43 36 150
715 14 16 150
715 14 31 100
715 14 36 148
715 14 43 150
715 12 31 148
715 12 35 99
715 41 31 100
715 41 34 150
715 41 36 100
715 41 43 100
715 0 34 100
715 1 43 100
715 27 16 100
715 27 20 150
716 42 5 32
716 48 31 150
716 49 34 150
716 49 36 100
716 3 16 99
716 3 36 150
716 4 5 2
716 4 35 100
716 4 43 150
716 10 20 99
716 10 34 100
716 18 20 100
716 18 34 150
716 18 35 99
716 18 36 150
716 18 40 9
716 28 35 100
716 28 43 99
716 21 16 150
716 21 40 1
716 29 20 100
716 29 43 24
716 25 35 150
716 25 36 100
716 8 16 100
716 12 31 148
716 12 35 99
716 19 16 150
716 19 36 100
716 5 16 150
717 44 5 34
717 44 34 148
717 44 35 99
717 23 35 100
717 23 40 10
717 1 13 22
717 12 35 99
717 47 20 150
717 28 31 150
717 28 35 100
717 16 20 150
717 29 16 100
717 29 20 100
717 45 35 99
717 21 16 150
717 5 16 150
717 39 34 100
717 39 35 148
717 39 36 100
717 31 20 150
717 31 34 150
717 31 35 100
717 22 34 150
717 41 31 100
717 41 34 150
717 41 36 100
718 30 5 34
718 5 16 150
718 0 0 32
718 27 16 100
718 27 20 150
718 28 13 20
718 28 35 100
718 28 40 8
718 36 31 99
718 36 34 150
718 36 35 100
718 36 36 148
718 14 16 150
718 14 31 100
718 14 36 148
718 19 16 150
718 19 36 100
718 9 36 150
718 9 40 2
718 34 35 99
718 44 20 100
718 44 34 148
718 44 35 99
718 3 16 99
718 3 36 150
718 1 13 2
718 18 34 150
718 18 35 99
718 18 36 150
718 46 0 2
719 41 31 100
719 41 34 150
719 41 36 100
719 31 20 150
719 31 34 150
719 31 35 100
719 37 31 100
719 37 35 148
719 37 40 9
719 29 20 100
719 32 5 32
719 32 35 100
719 26 16 148
719 39 13 2
719 39 35 148
719 39 36 100
719 23 35 100
719 23 40 1
719 2 36 100
719 9 36 150
719 17 34 100
719 17 35 150
719 3 16 99
719 3 36 150
719 43 36 150
719 45 35 99
720 36 31 99
720 36 34 150
720 36 35 100
720 36 36 148
720 34 13 21
720 34 35 99
720 5 16 150
720 42 5 36
720 49 34 150
720 49 36 100
720 23 35 100
720 8 16 100
720 28 31 150
720 28 35 100
720 17 34 100
720 17 35 150
720 11 16 148
720 11 31 32
720 19 36 100
720 48 31 2
720 18 34 150
720 18 35 99
720 18 36 150
720 31 20 150
720 31 34 150
720 31 35 100
721 15 31 16
721 14 36 148
721 8 16 100
721 49 5 32
721 49 36 100
721 41 31 2
721 41 36 100
721 46 35 100
721 46 47 99
721 27 16 100
721 27 20 150
721 48 47 1
721 21 16 150
721 10 13 2
721 10 34 100
721 31 20 150
721 31 34 150
721 31 35 100
721 4 5 2
721 19 16 150
721 19 36 100
721 42 36 148
722 28 0 32
722 28 40 8
722 35 35 99
722 35 36 150
722 11 16 148
722 12 35 99
722 5 16 150
722 8 0 2
722 4 35 100
722 43 36 150
722 17 34 100
722 17 35 150
722 17 40 2
722 19 36 100
722 3 16 99
722 3 36 150
722 20 13 2
722 39 34 100
722 39 35 148
722 39 36 100
722 44 20 100
722 44 34 148
722 44 35 99
723 0 34 100
723 31 20 150
723 31 34 150
723 31 35 100
723 34 13 21
723 34 35 99
723 34 43 52
723 27 20 150
723 43 36 150
723 6 35 150
723 6 43 2
723 18 20 100
723 18 34 150
723 18 35 99
723 18 36 150
723 12 31 16
723 45 35 99
723 9 36 150
723 26 16 148
724 25 16 150
724 25 35 150
724 25 36 100
724 21 16 150
724 19 16 150
724 19 36 100
724 16 20 150
724 18 5 32
724 18 34 150
724 18 35 99
724 18 36 150
724 18 47 100
724 23 35 100
724 20 13 22
724 26 16 148
724 30 5 2
724 41 34 150
724 41 36 100
724 29 16 100
724 29 20 100
724 47 20 150
725 18 5 32
725 18 34 150
725 18 36 109
725 25 16 140
725 31 34 150
725 45 13 21
725 34 34 150
725 1 5 2
726 5 17 100
726 2 13 21
726 39 13 2
726 18 20 100
726 18 34 150
726 18 36 1
726 22 34 150
726 31 20 150
726 31 34 150
726 10 20 99
726 10 34 100
726 20 17 52
726 41 34 150
726 41 43 2
727 28 13 20
727 39 36 36
727 44 20 100
727 44 34 148
727 34 34 150
727 41 34 150
727 49 34 150
727 17 34 100
727 17 35 1
728 12 9 6
728 49 34 150
728 41 34 150
728 31 20 150
728 31 34 150
728 1 5 2
728 35 36 3
729 27 20 150
729 32 34 150
729 15 31 16
729 14 36 36
729 34 34 150
729 2 31 2
729 35 40 8
730 35 36 39
730 9 36 1
730 10 34 100
730 44 20 100
730 44 34 148
730 28 31 18
730 47 20 150
731 29 20 100
731 29 43 2
731 35 36 39
731 31 34 2
731 18 20 100
732 10 20 99
732 10 34 72
732 18 36 39
732 44 20 100
733 49 34 72
733 47 24 1
733 29 20 100
733 24 40 9
734 14 43 54
734 44 34 72
734 27 20 150
735 2 13 21
735 47 20 150
735 29 20 100
735 18 20 100
735 20 13 1
737 11 31 16
738 22 34 72
739 3 36 38
739 18 36 1
739 10 20 99
740 33 5 33
740 31 20 150
740 47 20 150
740 43 36 3
741 2 28 42
741 47 24 43
741 6 43 2
742 16 28 44
742 44 5 1
743 48 31 18
743 21 40 10
743 25 41 1
743 36 35 44
743 17 35 1
744 10 13 22
744 10 34 72
744 28 31 18
745 2 13 21
745 23 35 100
745 23 40 10
746 35 35 96
746 2 13 21
747 15 31 16
748 27 20 150
748 31 20 150
748 18 20 100
749 45 13 21
749 44 5 2
750 28 31 18
750 47 20 150
750 47 24 2
751 10 13 22
751 27 20 150
752 17 34 72
752 37 31 2
752 18 20 100
752 18 36 3
753 0 34 72
753 29 43 54
753 48 31 2
754 32 5 32
755 9 21 28
755 10 13 1
756 42 5 32
756 5 17 100
756 31 20 150
756 13 17 51
756 18 20 100
756 46 17 2
757 18 35 99
757 36 31 18
757 16 20 150
757 20 13 22
758 18 20 100
758 18 34 72
758 47 13 20
758 47 43 54
758 17 18 60
759 34 35 99
759 33 0 34
759 41 31 2
760 10 34 72
760 47 24 1
760 2 31 2
761 18 20 100
761 31 20 150
761 41 41 45
761 27 20 150
762 28 13 20
762 28 40 8
762 16 20 150
762 44 5 1
763 1 5 34
763 40 47 100
763 28 31 18
764 26 5 32
764 10 20 99
765 6 0 32
765 18 20 100
765 27 20 150
766 11 31 16
766 27 20 150
766 29 20 100
767 41 0 34
767 44 47 100
767 1 13 22
768 4 5 34
768 49 34 72
768 20 13 3
769 37 31 18
769 44 20 100
770 22 34 72
770 42 36 36
771 23 18 60
771 10 20 99
772 30 5 34
772 42 13 20
773 18 36 1
774 45 0 32
774 18 34 72
774 8 0 2
774 47 20 150
775 6 0 32
776 8 0 34
776 16 20 150
776 2 31 18
777 24 40 9
777 16 20 150
777 21 40 1
777 20 13 2
778 37 31 2
778 18 34 72
778 10 13 2
778 48 47 1
779 10 34 72
780 25 35 150
780 25 40 10
780 18 36 1
780 20 13 2
781 16 20 150
781 44 5 34
781 42 13 20
782 39 13 24
782 17 35 1
783 45 13 21
783 20 13 1
784 47 13 20
784 33 28 44
784 18 35 45
785 37 0 34
785 18 5 32
785 4 5 2
785 9 40 1
786 19 36 2
786 1 13 22
787 18 34 72
787 1 5 2
787 48 31 2
788 31 20 150
789 3 36 42
789 18 5 32
789 18 34 72
789 21 40 1
790 29 43 2
791 48 31 18
791 16 20 150
791 19 36 2
792 39 36 40
792 29 43 54
792 46 35 46
792 25 40 2
793 25 40 10
794 4 5 34
794 44 34 72
794 31 20 150
794 16 20 150
794 41 31 2
794 35 36 3
795 9 36 39
795 14 13 21
795 2 31 2
796 39 13 2
796 44 5 2
797 3 36 38
797 47 43 54
797 44 34 72
797 16 28 44
797 21 40 10
798 14 13 21
798 47 20 150
798 10 13 1
798 44 20 100
799 36 31 18
799 37 0 2
799 47 20 150
800 2 13 21
800 8 0 1
801 44 5 34
801 44 34 72
804 28 0 32
805 18 36 39
805 37 31 18
806 19 16 80
810 32 35 100
810 5 17 100
810 6 17 51
811 16 20 150
811 29 20 51
812 12 5 33
813 41 31 2
817 39 35 96
818 28 31 2
821 41 31 2
822 33 0 34
828 29 13 20
829 26 16 80
830 31 35 94
833 46 47 99
833 30 5 35
834 33 0 2
837 44 5 34
840 4 43 54
841 23 40 10
843 46 0 34
848 41 31 18
848 18 40 9
849 42 5 32
849 44 34 72
850 32 5 32
854 44 5 36
856 36 36 36
857 10 20 99
857 17 35 1
858 29 41 44
863 37 40 9
