298 14 7 100
298 14 15 150
298 14 19 100
298 14 27 148
298 14 40 100
298 14 41 52
317 14 15 150
317 14 19 100
317 14 27 148
317 14 40 100
317 14 41 112
329 14 15 150
329 14 19 100
329 14 27 148
329 14 40 100
329 14 41 44
336 14 15 150
336 14 19 100
336 14 27 148
336 14 40 100
336 14 41 44
349 14 15 150
349 14 19 100
349 14 27 148
349 14 40 100
349 14 41 148
350 14 7 100
350 14 15 150
350 14 19 100
350 14 27 148
350 14 40 100
350 14 41 148
351 14 7 100
351 14 15 150
351 14 19 100
351 14 27 148
351 14 40 100
351 14 41 148
353 14 7 100
353 14 15 150
353 14 19 100
353 14 27 148
353 14 40 100
353 14 41 148
355 14 7 100
355 14 15 150
355 14 19 100
355 14 27 148
355 14 40 100
355 14 41 148
359 14 7 100
359 14 15 150
359 14 19 100
359 14 27 148
359 14 40 100
359 14 41 148
363 14 7 100
363 14 15 150
363 14 19 100
363 14 27 148
363 14 40 100
363 14 41 148
379 14 7 100
379 14 15 150
379 14 19 100
379 14 27 148
379 14 40 100
379 14 41 148
383 14 7 100
383 14 15 150
383 14 19 100
383 14 27 148
383 14 40 100
383 14 41 148
387 14 7 100
387 14 15 150
387 14 19 100
387 14 27 148
387 14 40 100
387 14 41 148
399 14 7 100
399 14 15 150
399 14 19 100
399 14 27 148
399 14 40 100
399 14 41 148
400 14 7 100
400 14 15 150
400 14 19 100
400 14 27 148
400 14 40 100
400 14 41 148
406 14 7 100
406 14 15 150
406 14 19 100
406 14 27 148
406 14 40 100
406 14 41 148
407 14 7 100
407 14 15 150
407 14 19 100
407 14 27 148
407 14 40 100
407 14 41 148
408 14 7 100
408 14 15 150
408 14 19 100
408 14 27 148
408 14 40 100
408 14 41 148
410 14 7 100
410 14 15 150
410 14 19 100
410 14 27 148
410 14 40 100
410 14 41 148
415 14 7 100
415 14 15 150
415 14 19 100
415 14 27 148
415 14 40 100
415 14 41 148
419 14 7 100
419 14 15 150
419 14 19 100
419 14 27 148
419 14 40 100
419 14 41 148
422 14 7 100
422 14 15 150
422 14 19 100
422 14 27 148
422 14 40 100
422 14 41 148
425 14 7 100
425 14 15 150
425 14 19 100
425 14 27 148
425 14 40 100
425 14 41 148
428 14 7 100
428 14 15 150
428 14 19 100
428 14 27 148
428 14 40 100
428 14 41 148
432 14 7 100
432 14 15 150
432 14 19 100
432 14 27 148
432 14 40 100
432 14 41 148
437 14 7 100
437 14 15 150
437 14 19 100
437 14 27 148
437 14 40 100
437 14 41 148
441 14 7 100
441 14 15 150
441 14 19 100
441 14 27 148
441 14 40 100
441 14 41 148
448 14 7 100
448 14 15 150
448 14 19 100
448 14 27 148
448 14 40 100
448 14 41 148
450 14 7 100
450 14 15 150
450 14 19 100
450 14 27 148
450 14 40 100
450 14 41 148
452 14 7 100
452 14 15 150
452 14 19 100
452 14 27 148
452 14 40 100
452 14 41 148
454 14 7 100
454 14 15 150
454 14 19 100
454 14 27 148
454 14 40 100
454 14 41 148
455 14 7 100
455 14 15 150
455 14 19 100
455 14 27 148
455 14 40 100
455 14 41 148
458 14 7 100
458 14 15 150
458 14 19 100
458 14 27 148
458 14 40 100
458 14 41 148
459 14 7 100
459 14 15 150
459 14 19 100
459 14 27 148
459 14 40 100
459 14 41 148
461 15 4 100
461 15 6 150
461 15 15 150
461 15 19 100
461 15 20 148
461 15 22 88
461 15 37 150
461 15 39 100
461 15 41 148
461 15 49 150
461 28 12 8
461 28 48 100
461 7 2 100
461 7 9 150
461 7 15 150
461 7 19 100
461 7 27 148
461 7 32 148
461 18 2 14
461 18 23 150
461 18 27 100
461 18 32 150
461 18 39 100
461 18 49 100
461 24 4 100
461 24 20 150
461 24 27 148
461 24 32 100
461 24 37 150
461 24 41 150
461 24 48 99
461 24 49 150
461 31 20 150
461 31 23 150
461 31 27 100
461 31 41 99
461 48 7 150
461 48 15 100
461 48 23 100
461 48 24 150
461 48 32 100
461 48 49 148
461 49 7 99
461 49 13 104
461 49 27 100
461 49 29 148
461 49 45 100
461 49 48 100
461 49 49 148
461 3 0 100
461 3 6 99
461 3 13 1
461 3 24 72
461 26 4 150
461 26 23 100
461 26 34 150
461 26 41 99
461 30 4 100
461 30 40 150
461 30 45 60
461 30 49 30
461 17 15 100
461 17 37 100
461 17 40 148
461 38 15 100
461 38 19 99
461 38 34 99
461 38 37 100
461 38 39 150
461 19 0 100
461 19 4 100
461 19 20 100
461 19 34 148
461 19 39 100
461 19 48 19
461 20 20 148
461 20 39 150
461 20 40 99
461 21 19 150
461 21 32 100
461 21 39 150
461 21 40 100
462 23 4 100
462 23 6 150
462 23 19 99
462 23 20 44
462 23 37 100
462 23 41 148
462 33 0 100
462 33 15 148
462 33 27 100
462 33 32 100
462 33 34 100
462 33 37 148
462 33 40 99
462 33 48 24
462 6 22 2
462 36 0 100
462 36 15 150
462 36 23 100
462 36 39 100
462 36 40 150
462 36 41 100
462 36 48 2
462 26 34 150
462 26 41 99
462 32 0 100
462 32 23 100
462 32 32 150
462 32 40 100
462 32 41 150
462 0 0 100
462 0 40 148
462 11 0 100
462 11 6 150
462 11 24 2
462 11 37 100
462 11 39 150
462 45 0 100
462 45 27 148
462 45 32 150
462 12 6 150
462 12 15 148
462 12 40 148
462 4 6 100
462 4 7 150
462 4 27 150
462 4 32 148
462 4 34 150
462 4 37 148
462 4 39 99
462 17 9 150
462 17 15 100
462 17 37 100
462 17 40 148
462 37 19 148
462 37 23 148
462 37 39 150
462 37 40 100
462 25 9 150
462 25 32 100
462 25 34 34
462 14 7 100
462 14 15 150
462 14 19 100
462 14 27 148
462 14 40 100
462 14 41 148
462 41 4 1
462 41 7 99
462 41 15 100
462 41 45 2
463 26 34 51
463 6 7 100
463 6 41 150
463 5 9 150
463 5 19 99
463 5 37 100
463 5 39 150
463 24 27 148
463 24 32 100
463 24 37 150
463 24 41 150
463 24 48 24
463 42 37 100
463 30 40 150
463 30 48 2
463 21 32 100
463 21 39 150
463 21 40 100
463 36 0 100
463 36 15 150
463 36 23 100
463 36 39 100
463 36 40 150
463 36 41 100
463 45 0 100
463 45 27 148
463 45 32 150
463 41 6 148
463 41 7 99
463 41 15 100
463 31 23 150
463 31 27 100
463 31 41 99
463 2 0 99
463 2 23 72
463 0 0 100
463 0 40 148
463 40 15 100
463 40 39 148
463 40 41 99
463 17 9 150
463 17 15 100
463 17 37 100
463 17 40 148
463 32 0 100
463 32 32 150
463 32 40 100
463 32 41 150
464 36 0 100
464 36 15 150
464 36 39 100
464 36 40 150
464 36 41 100
464 49 7 99
464 49 13 8
464 48 7 150
464 48 15 100
464 48 32 100
464 2 0 99
464 2 37 150
464 1 37 100
464 31 27 100
464 31 41 99
464 5 9 150
464 5 19 99
464 5 37 100
464 5 39 150
464 6 7 100
464 6 41 150
464 18 27 100
464 18 32 150
464 18 39 100
464 0 0 100
464 0 40 148
464 3 0 100
464 3 6 99
464 3 41 148
464 37 19 148
464 37 39 150
464 37 40 100
464 34 0 82
464 16 6 100
464 16 9 138
465 6 41 150
465 1 37 100
465 15 6 36
465 15 19 100
465 15 37 150
465 15 39 18
465 40 15 100
465 40 41 99
465 33 15 148
465 33 27 100
465 33 32 100
465 33 37 148
465 33 40 99
465 8 15 150
465 8 27 150
465 8 41 99
465 20 40 99
465 2 37 150
465 25 32 100
465 25 37 99
465 41 7 99
465 41 15 100
465 16 6 2
465 11 32 148
465 11 37 100
465 12 15 148
465 12 40 148
466 1 37 100
466 3 23 28
466 41 7 99
466 41 15 100
466 35 15 100
466 35 41 150
466 27 15 100
466 27 39 17
466 13 7 150
466 13 15 100
466 13 23 2
466 39 7 100
466 7 15 150
466 7 19 100
466 7 27 148
466 7 32 148
466 29 7 99
466 29 19 148
466 29 32 150
466 43 32 150
466 43 40 99
466 5 19 99
466 5 37 100
466 25 32 100
466 25 37 30
466 45 32 150
466 26 41 99
466 31 27 100
466 31 41 99
467 26 41 99
467 20 39 16
467 48 7 150
467 48 15 100
467 48 32 100
467 27 15 100
467 27 39 1
467 0 40 148
467 46 19 150
467 46 27 100
467 43 32 98
467 13 7 150
467 13 15 100
467 38 15 100
467 38 19 99
467 30 40 150
467 36 15 150
467 36 40 150
467 36 41 100
467 6 7 100
467 6 41 150
468 48 7 150
468 48 15 100
468 0 40 148
468 22 39 17
468 36 15 150
468 36 40 150
468 36 41 100
468 33 15 148
468 33 27 100
468 33 40 99
468 38 15 100
468 38 19 99
468 14 7 100
468 14 15 150
468 14 19 100
468 14 27 148
468 14 40 100
468 14 41 148
468 35 15 100
468 35 41 150
468 32 40 100
468 32 41 150
468 31 27 100
468 31 41 99
468 7 15 150
468 7 19 100
468 7 27 148
468 6 7 100
468 6 41 150
469 9 15 148
469 40 15 100
469 40 39 16
469 32 40 100
469 32 41 150
469 33 15 148
469 33 27 100
469 33 40 99
469 46 19 150
469 46 27 100
469 27 15 100
469 27 39 1
469 21 19 150
469 21 40 100
469 12 15 148
469 12 40 148
469 8 15 150
469 8 27 150
469 8 41 99
469 7 15 150
469 7 19 100
469 7 27 148
469 0 40 148
469 26 41 99
469 35 15 100
469 35 41 150
469 43 40 99
470 3 41 148
470 44 40 150
470 44 41 100
470 48 7 150
470 48 15 100
470 35 15 100
470 35 41 150
470 41 7 99
470 41 15 100
470 26 41 99
470 21 19 150
470 21 39 16
470 38 15 100
470 38 19 99
470 15 15 150
470 15 19 100
470 15 41 148
470 14 7 100
470 14 15 150
470 14 19 100
470 14 27 148
470 14 40 100
470 14 41 148
470 36 15 150
470 36 40 150
470 36 41 100
470 32 40 100
470 32 41 150
470 7 15 150
470 7 19 100
470 7 27 148
471 48 7 150
471 48 15 100
471 6 7 100
471 6 41 150
471 13 7 150
471 13 15 100
471 7 15 150
471 7 19 100
471 7 27 148
471 40 15 100
471 40 39 16
471 17 15 100
471 17 40 148
471 24 27 148
471 24 41 150
471 46 19 150
471 46 27 100
471 41 7 99
471 41 15 100
471 4 7 150
471 4 27 150
471 33 15 148
471 33 27 100
471 33 40 99
471 14 7 100
471 14 15 150
471 14 19 100
471 14 27 148
471 14 40 100
471 14 41 148
471 18 27 100
471 18 39 2
472 29 7 99
472 29 19 148
472 14 7 100
472 14 15 150
472 14 19 100
472 14 27 148
472 14 40 100
472 14 41 148
472 46 19 150
472 46 27 100
472 26 41 99
472 49 7 99
472 49 27 100
472 30 40 150
472 15 15 150
472 15 19 100
472 15 39 16
472 7 15 150
472 7 19 100
472 7 27 148
472 38 15 100
472 38 19 99
472 43 40 99
472 48 7 150
472 48 15 100
473 22 39 18
473 27 15 100
473 27 41 150
473 4 7 150
473 4 27 150
473 7 15 150
473 7 19 100
473 7 27 148
473 15 15 150
473 15 19 100
473 15 41 148
473 13 7 150
473 13 15 100
473 43 40 99
473 40 15 100
473 40 41 99
473 48 7 150
473 48 15 100
473 47 41 150
473 38 15 100
473 38 19 99
473 44 40 150
473 44 41 100
473 41 7 99
473 41 15 100
473 21 19 150
473 21 40 100
473 29 7 99
473 29 19 148
474 5 13 8
474 5 39 16
474 29 7 99
474 29 19 148
474 6 7 100
474 6 41 150
474 26 41 99
474 49 7 99
474 49 27 100
474 22 39 1
474 35 15 100
474 35 41 150
474 12 15 148
474 12 40 148
474 32 40 100
474 32 41 150
474 37 19 148
474 37 40 100
474 7 15 150
474 7 19 100
474 7 27 148
474 39 7 100
475 44 40 150
475 44 41 100
475 32 40 100
475 32 41 150
475 8 15 150
475 8 27 150
475 8 39 16
475 2 48 26
475 7 19 100
475 7 27 148
475 14 7 100
475 14 15 150
475 14 19 100
475 14 27 148
475 14 40 100
475 14 41 148
475 36 15 150
475 36 40 150
475 36 41 100
475 9 15 148
475 41 7 99
475 41 13 8
475 20 40 99
475 29 7 99
475 29 19 148
475 24 27 148
475 24 41 150
475 33 15 148
475 33 27 100
475 33 40 99
475 43 40 99
475 45 27 148
476 31 23 30
476 31 41 99
476 45 27 148
476 20 39 18
476 6 7 100
476 6 41 150
476 21 19 150
476 21 40 100
476 8 15 150
476 8 27 150
476 8 41 99
476 5 19 99
476 5 29 18
476 14 15 150
476 14 19 100
476 14 27 148
476 14 40 100
476 14 41 148
476 0 40 148
476 15 15 150
476 15 19 100
476 15 41 148
476 40 15 100
476 40 29 1
476 32 40 100
476 32 41 150
477 32 40 100
477 32 41 150
477 18 27 100
477 18 39 17
477 42 37 100
477 49 7 99
477 49 27 100
477 6 7 100
477 6 41 150
477 27 15 100
477 27 41 150
477 31 27 100
477 31 41 99
477 21 19 150
477 21 40 100
477 5 19 99
477 5 37 11
477 44 41 100
477 39 7 100
477 23 19 99
477 23 41 148
477 26 41 99
477 47 41 150
477 7 15 150
477 7 19 100
477 7 27 148
478 26 41 99
478 7 15 150
478 7 19 100
478 7 27 148
478 29 7 99
478 29 19 148
478 30 40 150
478 47 41 150
478 32 40 100
478 32 41 150
478 21 19 150
478 21 39 16
478 36 15 150
478 36 40 150
478 36 41 100
478 38 15 100
478 38 19 99
478 6 7 100
478 6 41 150
478 35 15 100
478 35 41 150
478 37 19 148
478 37 40 100
478 18 27 100
478 18 39 1
479 15 19 100
479 15 39 16
479 14 7 100
479 14 15 150
479 14 19 100
479 14 27 148
479 14 40 100
479 14 41 148
479 37 19 148
479 37 40 100
479 9 15 148
479 40 15 100
479 40 41 99
479 30 40 150
479 5 19 99
479 33 15 148
479 33 27 100
479 33 40 99
479 22 39 1
479 23 19 99
479 23 41 148
479 45 27 148
479 46 19 7668
479 12 15 148
479 12 40 148
479 20 40 99
480 17 13 8
480 17 40 148
480 12 15 148
480 12 40 148
480 3 41 148
480 40 15 100
480 40 39 16
480 49 7 99
480 49 27 100
480 44 40 150
480 44 41 100
480 20 40 99
480 41 7 99
480 41 15 100
480 48 7 150
480 48 15 100
480 29 7 99
480 36 15 150
480 36 40 150
480 36 41 100
480 18 27 100
480 18 39 1
480 24 41 150
480 4 7 150
480 4 27 150
480 39 7 100
480 30 40 150
481 39 7 100
481 39 34 52
481 6 13 8
481 49 7 99
481 49 27 100
481 41 7 99
481 41 15 100
481 41 20 9
481 36 15 150
481 36 39 16
481 36 41 100
481 12 15 148
481 12 40 148
481 18 27 100
481 18 39 1
481 17 40 148
481 15 15 150
481 15 19 2
481 20 40 99
481 33 15 148
481 33 27 100
481 33 40 99
481 8 15 150
481 8 27 150
481 8 41 99
481 46 19 -7668
481 46 27 100
482 41 7 99
482 41 13 8
482 41 48 26
482 8 27 150
482 8 39 16
482 15 15 150
482 15 19 100
482 15 41 148
482 9 15 148
482 3 41 148
482 48 7 150
482 48 15 100
482 30 40 150
482 4 7 150
482 4 27 150
482 6 7 100
482 6 41 150
482 36 15 150
482 36 40 150
482 36 41 100
482 45 27 148
482 12 15 148
482 12 40 148
482 20 40 99
483 6 7 100
483 6 13 8
483 41 7 99
483 41 15 100
483 3 41 148
483 48 7 150
483 48 15 100
483 21 19 150
483 21 39 18
483 14 7 100
483 14 15 150
483 14 19 100
483 14 27 148
483 14 40 100
483 14 41 148
483 27 15 100
483 27 41 150
483 9 15 148
483 0 40 148
483 23 19 99
483 23 41 148
483 36 15 150
483 36 40 150
483 36 41 100
483 35 15 100
483 35 41 150
484 33 15 148
484 33 27 100
484 33 40 99
484 21 19 150
484 21 39 16
484 29 7 99
484 29 19 148
484 49 7 99
484 49 13 8
484 14 7 100
484 14 15 150
484 14 19 100
484 14 27 148
484 14 40 100
484 14 41 148
484 41 7 99
484 41 15 100
484 45 27 148
484 23 19 99
484 23 41 148
484 6 7 100
484 6 41 150
484 46 19 6720
484 3 41 148
484 7 15 150
484 7 19 2
484 30 40 150
485 3 41 148
485 27 15 100
485 27 39 18
485 39 7 100
485 8 15 150
485 8 27 150
485 8 41 99
485 18 27 100
485 22 40 150
485 14 7 100
485 14 15 150
485 14 27 148
485 14 40 100
485 14 41 148
485 6 7 100
485 6 41 150
485 44 40 150
485 44 41 100
485 43 40 99
485 33 15 148
485 33 27 100
485 33 40 99
485 41 7 99
485 41 15 100
485 7 15 150
485 7 27 148
486 10 34 52
486 43 40 99
486 0 40 148
486 38 15 100
486 24 27 148
486 24 41 150
486 7 15 150
486 7 27 148
486 26 41 99
486 32 40 100
486 32 41 150
486 18 27 100
486 18 39 1
486 4 27 150
486 3 41 148
487 22 39 17
487 47 41 150
487 23 41 148
487 14 7 100
487 14 15 150
487 14 27 148
487 14 40 100
487 14 41 148
487 30 40 150
487 48 7 150
487 48 15 100
487 44 40 150
487 44 41 100
487 15 15 150
487 15 41 148
487 43 40 99
487 49 7 99
487 49 27 100
487 7 15 150
487 7 27 148
488 26 41 99
488 6 7 100
488 6 41 150
488 37 39 16
488 3 41 148
488 33 15 148
488 33 27 100
488 33 40 99
488 20 40 99
488 18 27 100
488 18 39 1
488 15 15 150
488 15 41 148
488 49 7 99
488 49 27 100
488 43 40 99
488 12 15 148
488 12 40 148
488 13 7 150
488 13 15 100
488 40 15 100
488 40 41 99
489 35 15 100
489 35 41 150
489 31 27 100
489 31 41 99
489 18 27 100
489 18 39 17
489 15 15 150
489 15 41 148
489 45 27 148
489 20 40 99
489 7 15 150
489 7 27 148
489 13 7 150
489 13 15 100
489 29 7 99
489 36 15 150
489 36 40 150
489 36 41 100
489 49 7 99
489 49 27 100
490 12 15 148
490 12 40 148
490 45 27 148
490 38 15 100
490 38 39 15
490 7 27 148
490 29 7 99
490 35 15 100
490 35 41 150
490 31 27 100
490 31 41 99
490 13 7 150
490 13 15 100
490 23 41 148
490 18 27 100
490 18 39 2
490 48 15 100
490 30 40 150
490 9 15 148
490 21 40 100
491 24 27 148
491 24 41 150
491 15 15 150
491 15 39 16
491 17 15 100
491 17 40 148
491 47 41 150
491 8 15 150
491 8 27 150
491 8 41 99
491 46 19 -6720
491 46 27 100
491 12 15 148
491 12 40 148
491 27 15 100
491 27 39 1
491 49 7 99
491 49 27 100
491 38 15 100
491 38 19 99
491 6 7 100
491 6 41 150
491 39 7 100
491 48 7 150
491 48 15 100
491 41 7 99
491 41 15 100
492 41 7 99
492 41 13 8
492 46 19 6621
492 21 39 16
492 26 41 99
492 39 7 100
492 8 15 150
492 8 41 99
492 40 15 100
492 40 41 99
492 18 27 2
492 17 40 148
492 24 41 150
492 48 7 150
492 48 15 100
493 29 7 99
493 29 23 28
493 18 39 17
493 45 20 9
493 33 15 148
493 33 27 44
493 21 40 100
493 46 19 -6621
493 46 27 -119036
493 15 15 150
493 15 19 100
493 15 41 148
493 5 13 2
493 7 15 150
493 7 19 100
493 7 27 148
493 31 23 2
493 31 41 99
493 17 15 100
493 17 40 148
494 45 20 9
494 41 7 99
494 41 15 100
494 9 15 148
494 37 19 148
494 37 39 16
494 7 15 150
494 7 19 100
494 7 27 148
494 27 15 100
494 27 39 1
494 32 40 100
494 32 41 150
494 21 19 150
494 21 40 100
494 14 7 100
494 14 15 150
494 14 19 100
494 14 27 148
494 14 40 100
494 14 41 148
494 17 15 100
494 17 40 148
494 39 7 100
495 8 15 150
495 8 27 150
495 8 39 16
495 18 27 100
495 18 39 1
495 14 15 150
495 14 19 100
495 14 27 148
495 14 40 100
495 14 41 148
495 30 40 150
495 37 19 148
495 37 40 100
495 46 19 5574
495 6 7 100
495 6 41 150
495 3 41 148
495 47 41 150
495 24 41 150
495 27 15 100
495 27 41 150
496 27 15 100
496 27 39 17
496 38 15 100
496 3 41 148
496 24 27 148
496 24 41 150
496 36 15 150
496 36 40 150
496 36 41 100
496 18 27 100
496 48 7 150
496 48 15 100
496 8 15 150
496 8 27 45
496 33 15 148
496 33 40 99
496 32 40 100
496 32 41 150
496 41 7 99
496 41 15 100
496 26 41 99
496 31 27 1
497 43 39 16
497 26 41 99
497 30 40 150
497 36 15 150
497 36 40 150
497 36 41 100
497 7 15 150
497 7 19 2
497 4 7 150
497 4 27 146
497 15 41 148
497 12 15 148
497 12 40 148
497 37 40 100
497 38 15 100
497 24 41 150
497 48 7 150
497 48 15 100
497 8 15 150
497 8 41 99
498 0 40 148
498 33 15 148
498 33 27 100
498 33 40 99
498 29 7 99
498 48 7 150
498 48 15 100
498 23 41 148
498 4 7 150
498 4 27 150
498 4 39 18
498 14 7 100
498 14 15 150
498 14 40 100
498 14 41 148
498 9 15 148
498 41 7 99
498 41 15 100
498 21 40 100
498 22 40 150
499 18 13 6
499 18 39 17
499 48 7 150
499 48 15 100
499 29 7 99
499 23 29 18
499 44 40 150
499 44 41 100
499 17 15 100
499 17 40 148
499 41 7 99
499 41 13 2
499 45 27 148
499 38 15 100
499 31 27 46
499 12 15 148
499 12 40 148
499 15 15 150
499 15 41 148
500 30 40 150
500 28 13 8
500 17 40 148
500 32 29 1
500 32 41 150
500 26 41 99
500 36 15 150
500 36 39 16
500 36 41 100
500 18 27 100
500 18 39 1
500 24 27 148
500 24 41 150
500 39 7 100
500 41 7 99
500 41 15 100
501 47 13 6
501 33 15 148
501 33 27 44
501 41 7 99
501 41 13 2
501 15 15 150
501 15 39 16
501 32 40 100
501 32 41 150
501 26 41 99
501 49 7 99
501 49 27 2
501 37 40 100
501 0 40 148
502 22 39 17
502 45 27 148
502 9 15 148
502 29 7 99
502 3 41 148
502 13 7 150
502 13 15 100
502 21 40 100
502 6 7 100
502 6 41 150
502 35 15 100
502 35 41 150
502 0 40 148
502 30 40 150
502 32 40 100
502 32 41 150
502 27 15 100
502 27 41 150
502 47 41 150
502 31 27 100
502 31 41 99
503 38 15 100
503 38 39 15
503 35 41 150
503 5 39 2
503 40 15 100
503 40 41 99
503 21 40 100
503 15 15 150
503 15 41 148
503 49 7 99
503 49 27 100
503 13 7 150
503 13 15 100
503 9 15 148
503 6 7 100
503 6 41 150
503 4 7 150
503 4 27 150
504 35 15 100
504 35 41 150
504 11 39 15
504 33 27 100
504 33 40 99
504 26 4 48
504 23 41 148
504 36 15 150
504 36 40 150
504 36 41 100
504 14 7 100
504 14 15 150
504 14 27 148
504 14 40 100
504 14 41 148
504 18 27 100
504 18 39 2
504 32 40 100
504 32 41 150
504 20 40 99
504 22 40 150
504 17 15 100
504 17 40 148
504 45 27 36
505 49 27 100
505 27 15 100
505 27 39 17
505 13 7 150
505 13 15 100
505 7 15 150
505 7 27 148
505 32 40 100
505 32 41 150
505 33 15 148
505 33 27 44
505 14 7 100
505 14 15 150
505 14 40 100
505 14 41 148
505 26 41 99
505 9 15 148
505 29 7 99
505 47 41 150
505 21 40 100
505 8 15 150
505 8 41 99
505 43 40 99
506 9 15 148
506 40 15 100
506 40 29 19
506 22 39 1
506 24 27 148
506 24 41 150
506 30 40 150
506 47 41 150
506 13 7 150
506 13 15 100
506 33 15 148
506 33 27 100
506 33 40 99
506 7 15 150
506 7 27 48
506 41 15 100
506 23 41 148
506 8 15 150
506 8 41 99
506 44 40 150
506 44 41 100
506 37 40 100
507 3 41 148
507 7 15 150
507 7 27 148
507 17 15 100
507 17 40 148
507 6 7 100
507 6 41 150
507 5 4 48
507 13 7 150
507 13 15 100
507 18 27 100
507 18 39 1
507 14 15 150
507 14 27 44
507 14 41 148
507 0 40 148
507 48 7 150
507 48 15 100
507 41 7 99
507 41 15 100
507 15 15 150
507 15 41 148
507 20 40 99
507 39 7 100
507 21 40 100
508 29 7 99
508 43 39 16
508 13 7 150
508 13 15 100
508 3 13 8
508 21 40 100
508 0 40 148
508 0 48 24
508 49 27 100
508 49 48 2
508 48 15 100
508 27 15 100
508 27 39 1
508 8 15 150
508 8 27 150
508 8 41 99
508 32 40 100
508 32 41 150
508 40 15 100
508 40 41 99
509 35 15 100
509 35 41 150
509 38 15 100
509 38 39 15
509 49 7 99
509 49 27 100
509 31 27 100
509 31 41 99
509 27 15 100
509 27 39 2
509 0 40 148
509 6 7 100
509 6 41 150
509 30 40 150
509 23 41 148
509 43 40 99
509 15 15 150
509 15 41 148
509 33 15 148
509 33 27 100
509 33 40 99
509 45 20 1
510 14 15 150
510 14 27 148
510 14 40 100
510 14 41 148
510 27 15 100
510 27 39 17
510 3 13 8
510 17 15 100
510 17 40 148
510 15 4 48
510 15 41 148
510 6 7 100
510 6 41 150
510 49 7 99
510 49 27 100
510 22 40 150
510 41 7 99
510 41 15 100
510 26 41 99
510 31 27 46
510 12 15 148
510 12 40 148
510 37 40 100
510 48 7 150
510 48 15 100
511 26 23 28
511 48 7 150
511 48 15 100
511 47 41 150
511 20 39 16
511 18 27 100
511 18 39 1
511 39 7 100
511 31 23 2
511 46 19 -5574
511 46 27 -118536
511 43 40 99
511 8 15 150
511 8 27 150
511 8 41 99
511 23 19 99
511 23 41 148
511 36 15 150
511 36 40 150
511 36 41 100
512 20 20 8
512 21 19 150
512 21 40 100
512 46 19 5325
512 8 41 99
512 35 15 100
512 35 41 150
512 16 4 48
512 0 40 148
512 48 7 150
512 48 15 100
512 36 15 150
512 36 40 150
512 36 41 100
512 12 15 148
512 12 40 148
513 26 4 48
513 38 15 100
513 38 39 18
513 15 41 148
513 19 20 1
513 36 15 150
513 36 40 150
513 36 41 100
513 4 7 150
513 4 27 150
513 46 19 -5325
513 46 27 -118680
513 39 7 100
513 43 40 99
513 8 15 150
513 8 27 150
513 8 41 99
513 31 27 100
513 31 41 99
513 3 41 148
513 27 15 100
513 27 41 150
514 26 29 18
514 40 15 100
514 40 29 1
514 30 40 150
514 7 15 150
514 7 19 100
514 7 27 148
514 47 13 6
514 38 15 100
514 38 19 99
514 46 19 5124
514 29 7 99
514 4 7 150
514 3 13 2
514 15 15 150
514 15 19 2
514 14 7 100
514 14 15 150
514 14 40 100
514 14 41 148
514 18 39 1
515 8 15 150
515 8 27 150
515 8 41 99
515 23 41 148
515 36 15 150
515 36 40 150
515 36 41 100
515 47 41 150
515 30 40 150
515 22 39 1
515 39 7 100
515 15 15 150
515 15 41 148
515 6 7 100
515 6 41 150
515 49 7 99
515 49 27 100
515 17 15 100
515 17 40 148
516 6 7 100
516 6 13 8
516 9 15 148
516 38 15 100
516 38 39 15
516 15 41 148
516 47 41 150
516 24 27 148
516 24 41 150
516 31 27 100
516 31 41 99
516 20 40 99
516 49 7 99
516 49 27 90
516 14 15 150
516 14 40 100
516 14 41 148
516 29 7 99
516 39 7 100
517 48 7 150
517 48 15 100
517 48 23 28
517 8 27 150
517 8 39 16
517 35 15 100
517 35 41 150
517 39 7 100
517 38 15 100
517 27 15 100
517 27 39 1
517 3 41 148
517 43 40 99
517 22 40 150
517 49 7 99
517 49 27 100
517 6 7 100
517 6 41 150
517 17 15 100
517 17 40 148
518 49 7 99
518 49 27 100
518 5 39 16
518 36 23 2
518 36 41 100
518 3 41 148
518 0 40 148
518 24 27 148
518 24 41 150
518 40 15 100
518 40 41 99
518 48 7 150
518 48 15 100
518 47 41 150
518 7 15 150
518 7 27 88
518 21 40 100
519 46 19 -5124
519 46 27 -118720
519 46 37 150
519 44 40 150
519 44 41 100
519 1 37 60
519 15 19 100
519 15 39 18
519 26 41 99
519 0 40 148
519 43 40 99
519 47 41 150
519 12 15 148
519 12 40 148
519 48 7 150
519 48 15 100
519 4 7 150
519 4 27 150
519 17 15 100
519 17 40 148
519 3 41 148
519 35 15 100
519 35 41 150
520 23 19 99
520 23 41 148
520 41 7 99
520 41 15 100
520 13 7 150
520 13 15 100
520 3 41 148
520 46 19 4923
520 38 15 100
520 14 7 100
520 14 15 150
520 14 19 2
520 14 41 148
520 9 15 148
520 35 15 100
520 35 41 150
520 29 7 99
520 24 41 150
520 17 15 100
520 17 40 148
521 5 13 8
521 40 41 99
521 29 7 99
521 44 40 150
521 44 41 100
521 30 40 150
521 47 41 150
521 0 40 148
521 3 41 148
521 6 7 100
521 6 41 150
521 31 27 100
521 31 41 99
521 38 15 100
521 21 40 100
521 35 15 100
521 35 41 150
521 18 27 100
521 4 7 150
521 4 27 94
522 28 13 8
522 6 7 100
522 6 41 150
522 12 15 148
522 12 40 148
522 8 15 150
522 8 27 150
522 8 39 16
522 44 40 150
522 44 41 100
522 45 27 144
522 13 15 100
522 4 7 150
522 30 40 150
522 22 39 1
523 24 27 148
523 24 41 150
523 43 39 16
523 12 13 8
523 12 40 148
523 47 41 150
523 20 40 99
523 7 15 150
523 7 27 144
523 36 15 150
523 36 40 150
523 36 41 100
523 44 40 150
523 44 41 100
523 17 15 100
523 17 40 148
523 38 15 100
523 27 15 100
523 27 39 1
524 26 29 18
524 33 15 148
524 33 27 100
524 33 29 1
524 3 41 148
524 18 27 100
524 18 39 17
524 4 7 150
524 4 27 96
524 41 15 100
524 41 20 9
524 44 41 100
524 37 40 100
524 46 19 -4923
524 46 27 -119160
524 6 7 100
524 6 41 150
524 48 7 150
524 48 15 100
524 40 15 100
524 40 41 99
525 37 13 6
525 37 39 16
525 48 7 150
525 48 15 100
525 35 15 100
525 35 41 150
525 6 7 100
525 6 13 2
525 49 7 99
525 49 27 100
525 24 27 148
525 24 41 150
525 3 41 148
525 9 15 148
525 29 7 99
525 29 19 148
525 46 19 4626
525 23 41 148
525 39 7 100
525 21 19 1
526 20 39 18
526 31 23 30
526 31 41 99
526 13 7 150
526 13 15 100
526 15 15 150
526 15 41 148
526 36 15 150
526 36 40 150
526 36 41 100
526 48 7 150
526 48 15 100
526 49 7 99
526 49 27 100
526 0 40 148
526 21 40 100
526 9 15 148
526 30 40 150
526 32 40 100
526 32 41 150
526 29 7 99
526 18 27 96
527 4 7 150
527 4 27 150
527 4 39 15
527 46 27 -119204
527 13 7 150
527 13 15 100
527 33 15 148
527 33 27 100
527 33 40 99
527 45 27 148
527 15 15 150
527 15 19 100
527 15 39 2
527 14 7 100
527 14 15 150
527 14 19 100
527 14 27 148
527 14 40 100
527 14 41 148
527 20 40 99
527 24 27 148
527 24 41 150
528 39 7 100
528 35 15 100
528 35 41 150
528 13 7 150
528 13 15 100
528 47 13 6
528 27 15 100
528 27 39 17
528 23 19 99
528 23 29 18
528 43 40 99
528 9 15 148
528 30 40 150
528 4 7 150
528 4 27 150
528 24 27 148
528 24 41 150
528 12 15 148
528 12 40 148
528 40 15 100
528 40 29 1
529 13 7 150
529 13 15 100
529 6 7 100
529 6 13 2
529 12 15 148
529 12 40 148
529 33 15 148
529 33 27 100
529 33 40 99
529 32 40 100
529 32 41 150
529 23 19 99
529 23 41 148
529 27 15 100
529 27 39 17
529 35 15 100
529 35 41 150
529 45 27 148
529 24 27 148
529 24 41 150
529 26 41 99
530 24 27 148
530 24 41 150
530 43 39 16
530 13 7 150
530 13 15 100
530 17 15 100
530 17 40 148
530 49 7 99
530 49 27 100
530 48 7 150
530 48 15 100
530 29 7 99
530 29 19 148
530 3 41 148
530 6 7 100
530 6 41 150
530 37 19 148
530 37 40 100
530 33 15 148
530 33 27 100
530 33 40 99
530 35 15 100
530 35 41 150
530 47 41 150
531 6 7 100
531 6 41 150
531 19 39 18
531 4 7 150
531 4 27 150
531 0 40 148
531 46 19 3930
531 40 15 100
531 40 41 99
531 22 40 150
531 13 7 150
531 13 15 100
531 31 41 99
531 20 40 99
531 3 41 148
532 44 40 150
532 44 41 100
532 5 39 16
532 40 41 99
532 14 7 100
532 14 15 150
532 14 19 2
532 14 40 100
532 14 41 148
532 12 15 148
532 12 40 148
532 15 15 150
532 15 41 148
532 26 41 99
532 47 41 150
532 0 40 148
532 36 15 150
532 36 40 150
532 36 41 100
532 6 7 100
532 6 41 150
532 35 15 100
532 35 41 150
532 27 15 100
532 27 39 1
533 49 7 99
533 49 13 8
533 31 23 30
533 31 41 99
533 43 39 16
533 18 27 100
533 18 39 1
533 48 7 150
533 48 15 100
533 14 7 100
533 14 15 150
533 14 27 140
533 14 41 148
533 7 15 150
533 15 15 150
533 15 41 148
533 32 40 100
533 32 41 150
533 36 15 150
533 36 40 150
533 36 41 100
533 21 40 100
534 18 23 30
534 18 39 17
534 29 7 99
534 20 20 8
534 14 7 100
534 14 15 150
534 14 27 148
534 14 40 100
534 14 41 148
534 48 7 150
534 48 15 100
534 17 15 100
534 17 40 148
534 13 7 150
534 13 15 100
534 44 40 150
534 44 41 100
534 9 15 148
534 36 15 150
534 36 40 150
534 36 41 100
534 19 20 1
535 24 27 148
535 24 41 150
535 5 39 16
535 13 7 150
535 13 15 100
535 36 15 150
535 36 40 150
535 36 41 100
535 27 15 100
535 27 39 1
535 45 27 148
535 31 27 44
535 47 41 150
535 3 41 148
535 46 19 -3930
535 46 27 -118788
535 7 15 150
535 7 19 100
535 7 27 148
536 39 7 100
536 38 13 8
536 38 19 99
536 38 39 15
536 40 41 99
536 36 15 150
536 36 40 150
536 36 41 100
536 8 15 150
536 8 27 150
536 8 39 2
536 43 40 99
536 0 40 148
536 21 19 150
536 21 40 100
536 5 19 99
536 20 40 99
536 12 15 148
536 12 40 148
536 48 7 150
536 48 15 100
537 13 7 150
537 13 15 100
537 35 15 100
537 35 41 150
537 40 15 100
537 40 39 16
537 39 7 100
537 24 27 148
537 24 41 150
537 21 19 150
537 21 40 100
537 33 15 148
537 33 27 100
537 33 40 99
537 43 40 99
537 23 19 99
537 23 41 148
537 36 15 150
537 36 40 150
537 36 41 100
537 22 39 1
537 26 41 99
537 45 27 148
537 29 7 99
537 29 19 148
538 48 7 150
538 48 15 100
538 28 13 8
538 37 19 148
538 37 40 100
538 40 15 100
538 40 41 99
538 13 7 150
538 13 15 100
538 5 19 99
538 46 19 2838
538 44 41 100
538 38 15 100
538 41 7 99
538 41 15 100
538 12 15 148
538 12 40 148
539 32 22 30
539 32 41 150
539 40 15 100
539 40 41 99
539 8 15 150
539 8 27 150
539 8 41 99
539 21 40 100
539 20 40 99
539 43 40 99
539 30 40 150
539 31 27 100
539 31 41 99
539 7 15 150
539 7 27 44
539 46 27 -118976
539 4 7 150
539 4 27 150
539 18 27 100
539 18 39 1
540 39 7 100
540 22 39 1
540 24 27 148
540 24 41 150
540 49 7 99
540 49 13 8
540 0 40 148
540 7 15 150
540 7 19 100
540 7 27 148
540 36 15 150
540 36 23 30
540 36 41 100
540 45 27 148
540 12 15 148
540 12 40 148
540 35 15 100
540 35 41 150
540 9 15 148
540 46 19 2736
541 38 15 100
541 38 37 100
541 38 39 15
541 44 41 100
541 10 37 100
541 2 37 10
541 49 27 100
541 22 39 2
541 18 27 100
541 9 15 148
541 30 40 150
541 48 7 150
541 48 15 100
541 41 7 99
541 41 15 100
541 32 40 100
541 32 41 150
542 22 39 17
542 39 7 100
542 15 15 150
542 15 19 2
542 47 41 150
542 33 15 148
542 33 27 100
542 33 40 99
542 35 15 100
542 35 41 150
542 48 7 150
542 48 15 100
542 23 41 148
542 13 7 150
542 13 15 100
542 18 27 100
542 38 15 100
542 32 40 100
542 32 41 150
542 41 7 99
542 41 15 100
543 11 37 100
543 11 39 15
543 31 41 99
543 29 7 99
543 4 7 150
543 4 27 150
543 4 37 108
543 9 37 2
543 15 39 2
543 44 40 150
543 44 41 100
543 27 15 100
543 27 41 150
543 0 40 148
543 17 15 100
543 17 40 148
543 12 15 148
543 12 40 148
543 37 40 100
543 8 15 150
543 8 27 150
543 8 41 99
544 13 7 150
544 13 15 100
544 32 40 100
544 32 41 150
544 17 15 100
544 17 40 148
544 46 19 -2736
544 46 27 -118476
544 31 27 100
544 31 41 99
544 12 15 148
544 12 40 148
544 29 7 99
544 29 19 148
544 4 7 150
544 4 27 150
544 4 39 15
544 37 19 148
544 37 39 2
544 49 7 99
544 49 27 100
544 39 7 100
544 15 15 150
544 15 19 100
544 15 41 148
545 22 4 48
545 43 40 99
545 18 27 100
545 9 15 148
545 48 7 150
545 48 15 100
545 41 7 99
545 41 15 100
545 30 40 150
545 38 15 100
545 38 19 99
545 20 40 99
545 8 15 150
545 8 27 150
545 8 41 99
545 27 15 100
545 27 41 150
545 33 15 148
545 33 27 100
545 33 40 99
546 37 19 148
546 37 39 16
546 24 27 148
546 24 41 150
546 44 40 150
546 44 41 100
546 36 15 150
546 36 40 150
546 36 41 100
546 6 7 100
546 6 41 150
546 40 15 100
546 40 41 99
546 38 15 100
546 38 19 99
546 18 27 100
546 18 39 1
546 8 15 150
546 8 27 150
546 8 41 99
546 7 15 150
546 7 19 100
546 7 27 148
546 9 15 148
547 47 41 150
547 41 4 48
547 41 15 100
547 27 15 100
547 27 39 17
547 12 15 148
547 12 40 148
547 48 7 150
547 48 15 100
547 29 7 99
547 29 19 148
547 14 7 100
547 14 15 150
547 14 19 100
547 14 27 148
547 14 40 100
547 14 41 148
547 32 40 100
547 32 41 150
547 39 7 100
547 4 7 150
547 4 27 150
547 45 27 148
547 6 7 100
547 6 41 150
547 38 15 100
547 38 19 99
547 23 19 99
547 23 41 148
548 26 41 99
548 48 7 150
548 48 15 100
548 39 7 100
548 46 19 1446
548 15 19 2
548 33 15 148
548 33 40 99
548 18 39 1
548 6 41 150
548 12 15 148
548 12 40 148
548 35 15 100
548 35 41 150
548 29 7 99
549 14 7 100
549 14 15 150
549 14 27 148
549 14 40 100
549 14 41 148
549 22 4 48
549 47 41 150
549 41 7 99
549 41 15 100
549 35 15 100
549 35 41 150
549 45 27 144
549 36 40 150
549 36 41 100
549 0 40 148
549 3 41 148
549 9 15 148
549 7 15 150
549 44 40 150
549 44 41 100
549 29 7 99
550 24 22 30
550 24 41 150
550 49 7 99
550 49 27 100
550 44 40 150
550 44 41 100
550 20 40 99
550 27 15 100
550 27 41 150
550 21 40 100
550 45 27 48
550 33 15 148
550 33 40 99
550 43 23 28
550 29 7 99
550 35 15 100
550 35 41 150
550 37 40 100
551 14 7 100
551 14 15 150
551 14 27 148
551 14 40 100
551 14 41 148
551 49 7 99
551 49 27 100
551 29 7 99
551 27 15 100
551 27 39 17
551 5 4 48
551 13 15 100
551 13 23 2
551 32 40 100
551 32 41 150
551 23 41 148
551 38 15 100
551 33 15 148
551 33 27 44
552 45 20 9
552 44 41 100
552 8 15 150
552 8 22 30
552 23 41 148
552 48 7 150
552 48 15 100
552 27 15 100
552 27 41 150
552 35 15 100
552 35 41 150
552 6 7 100
552 6 41 150
552 20 40 99
552 2 34 1
552 31 27 2
552 17 15 100
552 17 40 148
552 36 15 150
552 36 40 150
552 36 41 100
553 23 4 48
553 23 41 148
553 32 40 100
553 32 41 150
553 35 15 100
553 35 41 150
553 38 15 100
553 39 7 100
553 12 15 148
553 12 40 148
553 13 7 150
553 13 15 100
553 13 33 99
553 41 7 99
553 41 15 100
553 41 33 150
553 14 7 100
553 14 15 150
553 14 27 148
553 14 40 100
553 14 41 148
553 24 27 144
553 4 7 150
553 4 27 2
553 36 15 150
553 36 40 150
553 36 41 100
554 20 33 93
554 29 7 99
554 29 23 28
554 3 13 8
554 17 15 100
554 17 40 148
554 8 15 150
554 8 27 144
554 23 41 148
554 30 40 150
554 40 15 100
554 40 41 99
554 38 15 100
554 36 15 150
554 36 23 2
554 36 41 100
554 47 41 150
554 46 19 -1446
554 46 27 -118336
555 26 23 28
555 17 13 8
555 17 40 148
555 22 39 18
555 13 7 150
555 13 15 100
555 13 23 2
555 41 15 100
555 38 15 16
555 29 7 99
555 29 19 148
555 49 7 99
555 49 27 100
555 4 7 150
555 4 27 150
555 35 41 150
555 39 7 100
555 15 19 100
555 15 41 148
555 0 40 148
555 12 40 148
556 17 13 8
556 17 40 148
556 8 15 150
556 8 27 150
556 8 34 51
556 29 19 148
556 44 40 150
556 13 7 150
556 13 15 100
556 33 15 68
556 33 40 99
556 36 15 2
556 43 40 99
556 39 7 100
556 27 39 1
556 45 27 148
556 21 19 150
556 21 40 100
557 15 4 48
557 15 39 16
557 32 40 100
557 17 40 148
557 6 7 100
557 21 19 150
557 21 40 100
557 33 27 100
557 33 40 99
557 44 40 150
557 37 19 148
557 37 40 100
557 5 19 99
557 31 27 100
557 29 7 99
557 29 19 148
557 2 34 1
558 13 15 100
558 23 19 99
558 23 41 148
558 4 7 150
558 4 27 150
558 29 7 99
558 29 19 56
558 20 40 99
558 22 40 150
558 3 41 148
558 33 15 148
558 33 27 100
558 33 40 99
558 43 40 99
558 18 27 100
558 46 27 118020
558 32 41 150
558 39 7 100
559 29 7 99
559 40 15 100
559 40 39 16
559 44 40 150
559 44 41 100
559 33 15 148
559 33 27 100
559 33 40 99
559 43 40 99
559 36 15 150
559 36 40 150
559 36 41 100
559 26 41 99
559 0 40 148
559 47 41 150
559 15 15 45
559 48 7 150
559 48 15 1
560 17 40 148
560 16 20 8
560 44 41 100
560 24 20 1
560 24 41 27
560 4 7 150
560 4 27 150
560 4 39 18
560 0 40 148
560 14 7 100
560 14 27 92
560 20 40 99
560 30 40 150
561 9 4 48
561 29 7 99
561 33 27 100
561 33 40 99
561 39 7 100
561 14 7 100
561 14 27 148
561 14 40 100
561 40 39 16
561 13 7 150
561 4 7 150
561 4 27 46
561 21 19 1
562 47 13 6
562 8 39 18
562 41 13 2
562 24 27 144
562 32 40 100
563 16 20 8
563 24 20 1
563 24 41 150
563 39 7 100
563 14 7 100
563 14 27 144
563 14 41 148
563 41 7 99
563 30 40 150
563 32 40 100
563 32 41 150
563 12 40 148
563 38 39 15
563 3 41 40
564 6 13 8
564 40 39 16
564 17 40 148
564 37 40 100
564 29 7 99
564 24 27 148
564 33 15 148
564 33 27 100
564 33 40 99
564 0 40 148
564 38 15 72
564 46 27 118068
565 43 40 99
565 5 39 2
565 41 7 99
565 29 7 99
565 32 40 100
565 12 40 148
565 39 7 100
565 46 27 -118068
565 22 40 150
566 3 13 8
566 6 41 2
566 36 39 16
566 36 41 1
566 0 40 148
566 30 40 150
566 45 27 148
566 24 27 148
567 40 39 16
567 4 27 150
567 21 39 2
567 30 40 150
567 22 40 150
567 0 40 148
567 44 40 150
567 44 41 2
567 6 7 100
568 41 7 99
568 41 15 100
568 41 48 26
568 14 15 150
568 14 40 100
568 14 41 148
568 22 39 2
568 31 41 99
568 39 7 100
568 6 7 100
568 6 41 150
568 29 7 99
568 48 7 150
568 48 15 100
569 25 37 99
569 17 15 70
569 17 40 148
569 13 7 150
569 19 39 16
569 37 40 100
569 12 40 148
569 15 37 10
569 44 40 150
569 44 41 100
569 49 7 99
569 49 27 100
569 29 7 99
569 33 27 100
569 33 40 99
569 7 27 92
570 35 41 150
570 47 41 150
570 19 39 18
570 4 27 150
570 31 27 100
570 31 41 99
570 21 40 100
570 36 15 150
570 36 40 150
570 36 41 100
570 0 40 148
570 8 15 150
570 8 27 45
570 30 40 150
570 15 15 18
571 40 15 2
571 39 7 100
571 0 40 148
571 14 7 100
571 14 27 148
571 14 40 100
571 29 7 99
571 12 40 148
571 7 27 144
571 49 27 3
572 48 15 100
572 22 39 18
572 8 15 150
572 8 27 150
572 8 41 99
572 30 40 150
572 18 27 100
572 40 15 100
572 40 41 99
572 13 7 150
572 13 15 70
572 4 27 44
572 44 41 100
572 3 41 148
572 37 40 100
572 17 40 148
572 31 41 99
572 23 41 84
573 30 40 150
573 41 7 99
573 41 20 9
573 4 27 150
573 4 39 15
573 18 27 100
573 18 39 2
573 12 40 148
573 32 40 100
573 32 41 150
573 33 27 44
573 47 41 150
573 36 40 150
573 36 41 100
573 27 41 90
574 45 27 148
574 20 39 16
574 48 7 150
574 21 40 100
574 31 27 100
574 31 41 9
574 6 13 8
574 46 27 -118548
574 32 40 100
574 37 40 100
574 41 7 99
574 0 40 148
574 27 39 1
575 48 7 150
575 39 7 100
575 16 20 8
575 6 7 100
575 6 41 150
575 45 20 1
575 14 40 100
575 14 41 148
575 31 27 2
575 11 39 15
575 26 41 93
576 12 40 148
576 45 27 148
576 22 39 1
576 47 41 10
576 39 7 100
576 18 27 100
576 7 27 44
577 36 40 150
577 36 41 1
577 43 40 99
577 14 7 100
577 14 27 148
577 14 40 100
577 39 7 100
577 41 7 99
577 41 29 16
577 13 7 150
577 40 29 3
577 29 7 99
578 39 7 100
578 43 40 99
578 0 40 148
578 29 7 99
578 32 40 100
578 48 7 150
578 46 27 -118592
578 13 7 150
579 49 7 99
579 49 27 100
579 41 7 99
579 31 27 100
579 48 7 150
579 17 40 148
579 20 40 99
579 36 40 150
579 0 40 148
580 48 7 150
580 46 27 118392
580 12 40 148
580 37 40 100
580 0 40 148
580 21 40 100
580 14 7 100
580 14 40 100
580 29 7 99
580 36 40 150
581 14 7 100
581 14 40 100
581 20 40 99
581 12 40 148
581 13 7 150
581 21 40 100
581 17 40 148
581 0 40 148
581 6 7 100
581 33 40 99
582 43 40 99
582 12 40 148
582 39 7 100
582 21 40 100
582 44 40 150
582 4 7 150
582 33 40 99
582 37 40 100
583 43 40 99
583 29 7 99
583 36 40 150
583 17 40 148
583 14 7 100
583 14 40 100
584 32 40 100
584 29 7 99
584 46 27 -118392
584 33 27 100
584 33 40 99
585 32 40 100
585 46 27 118292
585 43 40 99
585 12 40 148
585 29 7 99
585 22 40 150
586 0 40 148
586 36 40 150
586 30 40 150
586 46 27 -118292
586 31 27 100
586 22 40 150
586 14 7 100
586 14 27 148
586 14 40 100
587 20 40 99
587 48 7 150
587 29 7 99
587 32 40 100
587 21 40 100
587 39 7 100
587 33 27 100
587 33 40 99
587 6 7 100
587 8 27 150
587 41 7 99
587 31 27 100
587 17 40 148
588 36 40 150
588 46 27 117692
588 41 7 99
588 39 7 100
588 20 40 99
588 22 40 150
588 30 40 150
589 49 7 99
589 49 27 2
589 37 40 100
589 0 40 148
589 14 7 100
589 14 40 100
590 14 7 100
590 14 40 100
590 36 40 150
590 46 27 -117692
590 4 7 150
590 4 27 150
590 39 7 100
590 17 40 148
590 22 40 150
590 37 40 100
590 33 27 100
590 33 40 99
590 20 40 99
590 32 40 100
591 6 7 100
591 12 40 148
591 49 7 99
591 49 27 100
591 45 27 148
591 44 40 150
591 48 7 150
591 0 40 148
591 21 40 100
591 43 40 99
592 0 40 148
592 37 40 100
592 21 40 100
592 32 40 100
592 8 27 150
592 39 7 100
592 33 27 100
592 33 40 99
592 24 27 148
592 14 7 100
592 14 27 148
592 14 40 100
593 32 40 100
593 4 7 150
593 4 27 150
593 49 7 99
593 49 27 100
593 18 27 100
593 24 27 148
593 46 27 116148
593 36 40 150
593 20 40 99
593 0 40 148
593 41 7 99
594 33 40 99
594 49 7 99
594 49 27 2
594 21 40 100
594 44 40 150
594 41 7 99
594 12 40 148
595 17 40 148
595 13 7 150
595 49 7 99
595 29 7 99
595 6 7 100
596 29 7 99
596 14 7 100
596 14 40 100
596 48 7 150
596 17 40 148
596 0 40 148
596 37 40 100
596 22 40 150
596 43 40 99
597 49 7 99
597 32 40 100
597 48 7 150
597 21 40 100
597 6 7 100
597 36 40 150
597 0 40 148
598 44 40 150
598 49 7 99
598 20 40 99
598 46 27 -116148
598 22 40 150
598 36 40 150
598 37 40 100
598 6 7 100
598 12 40 148
599 22 40 150
599 31 27 100
599 43 40 99
599 21 40 100
599 4 7 150
599 4 27 150
599 0 40 148
599 39 7 100
599 7 27 148
599 44 40 150
600 32 40 48
600 49 7 99
600 49 27 100
600 8 27 150
600 29 7 99
600 33 27 100
600 45 27 148
600 31 27 100
601 13 7 150
601 45 27 148
601 31 27 100
601 36 40 2
602 14 27 148
602 24 27 148
602 48 7 150
602 31 27 100
602 8 27 150
603 8 27 150
603 29 7 99
603 46 27 114208
604 39 7 100
604 6 7 100
604 48 7 150
605 29 7 99
605 13 7 150
605 6 7 100
605 46 27 -114208
606 4 7 150
606 4 27 150
606 31 27 100
606 14 7 100
606 14 27 148
606 13 7 150
607 6 7 100
607 49 7 99
607 49 27 100
607 7 27 148
607 13 7 150
607 18 27 100
608 41 7 99
608 24 27 148
608 46 27 113312
609 29 7 99
609 13 7 150
609 6 7 100
609 14 7 100
610 13 7 150
610 29 7 99
610 14 7 100
611 6 7 100
611 46 27 -113312
611 41 7 99
611 24 27 148
612 48 7 150
612 13 7 150
612 41 7 99
612 29 7 99
612 46 27 113164
613 49 7 99
613 6 7 100
613 46 27 -113164
613 8 27 150
614 31 27 100
614 6 7 100
614 13 7 150
614 4 7 150
614 4 27 150
614 39 7 100
615 31 27 100
615 33 27 100
615 49 7 99
615 49 27 100
615 14 7 100
615 14 27 148
616 45 27 148
616 41 7 99
616 4 7 150
616 4 27 150
616 7 27 148
616 8 27 150
617 24 27 148
617 8 27 150
617 45 27 148
617 39 7 100
617 41 7 99
618 8 27 150
618 49 7 99
618 49 27 100
618 48 7 150
618 18 27 100
619 46 27 110924
619 48 7 150
620 41 7 99
620 14 7 100
620 46 27 -110924
620 13 7 150
620 8 27 150
620 39 7 100
621 29 7 99
621 13 7 150
621 14 7 100
621 14 27 148
621 6 7 100
621 18 27 100
621 46 27 110524
621 41 7 99
622 13 7 150
622 48 7 150
622 46 27 -110524
623 39 7 100
623 49 7 99
623 49 27 100
623 41 7 99
623 13 7 150
623 48 7 150
623 33 27 100
623 29 7 99
624 7 27 148
624 41 7 99
625 6 7 100
625 41 7 99
625 39 7 100
625 33 27 100
625 31 27 100
625 7 27 148
625 4 7 150
625 4 27 150
625 24 27 148
626 45 27 148
626 33 27 100
626 24 27 148
627 24 27 148
627 39 7 100
627 14 7 100
627 14 27 148
627 41 7 99
627 18 27 100
628 14 7 100
628 14 27 148
628 33 27 100
628 4 7 150
628 4 27 150
628 41 7 99
628 13 7 150
629 45 27 148
629 49 7 99
629 49 27 100
629 39 7 100
630 49 7 99
630 49 27 100
630 14 7 100
630 14 27 148
630 18 27 100
630 29 7 99
630 13 7 150
630 8 27 150
631 41 7 99
631 18 27 100
631 33 27 100
631 4 7 150
631 4 27 150
631 48 7 150
631 29 7 99
631 49 7 99
631 49 27 100
631 13 7 150
632 8 27 150
632 13 7 150
632 4 7 150
632 4 27 150
632 41 7 99
632 39 7 100
632 7 27 148
632 49 7 99
632 49 27 100
632 48 7 150
632 46 27 106596
633 48 7 150
633 4 7 150
633 13 7 150
634 41 7 99
634 48 7 150
634 13 7 150
634 4 7 150
635 13 7 150
635 29 7 99
636 39 7 100
636 46 27 -106596
636 49 7 99
636 49 27 100
636 41 7 99
636 33 27 100
636 48 7 150
637 46 27 106396
638 14 7 100
638 41 7 99
638 39 7 100
639 13 7 150
639 4 7 150
639 14 7 100
640 48 7 150
640 41 7 99
640 46 27 -106396
640 13 7 150
641 14 7 100
641 14 27 148
641 8 27 150
641 29 7 99
641 46 27 106096
641 4 27 2
642 6 7 100
642 46 27 -106096
642 14 7 100
642 14 27 148
643 41 7 99
643 13 7 150
643 14 7 100
643 14 27 148
643 24 27 148
643 45 27 148
644 29 7 99
644 31 27 100
644 14 7 100
644 14 27 148
645 6 7 100
645 39 7 100
645 31 27 100
645 48 7 150
646 8 27 150
646 31 27 100
646 24 27 148
646 46 27 104756
646 48 7 150
646 39 7 100
647 14 7 100
647 29 7 99
647 18 27 2
648 29 7 99
648 49 7 99
649 13 7 150
649 14 7 100
649 4 7 150
650 4 7 150
650 29 7 99
650 46 27 -104756
650 41 7 99
651 29 7 99
651 13 7 150
651 46 27 104756
651 4 7 150
652 48 7 150
652 46 27 -104756
652 49 7 99
652 49 27 100
652 41 7 99
652 4 7 150
652 4 27 150
653 6 7 100
653 4 7 150
653 4 27 150
653 14 7 100
653 14 27 148
653 18 27 100
654 24 27 148
654 33 27 100
654 49 7 99
654 49 27 100
654 45 27 148
654 39 7 100
654 18 27 100
654 41 7 99
654 6 7 100
655 6 7 100
655 29 7 99
655 45 27 148
655 48 7 150
655 31 27 100
656 18 27 100
656 24 27 148
656 31 27 100
656 41 7 99
657 49 7 99
657 49 27 100
657 45 27 148
657 4 7 150
657 4 27 150
657 13 7 150
657 6 7 100
658 24 27 148
658 4 7 150
658 4 27 150
658 14 7 100
658 14 27 148
658 49 7 99
658 49 27 100
658 18 27 100
658 7 27 148
658 6 7 100
658 39 7 100
659 8 27 150
659 45 27 148
659 46 27 101424
659 4 27 2
659 29 7 99
659 13 7 150
660 29 7 99
660 13 7 150
660 46 27 -101424
660 7 27 148
660 33 27 100
660 14 7 100
660 14 27 148
661 24 27 148
661 13 7 150
661 14 7 100
661 14 27 148
661 46 27 100732
662 14 7 100
662 49 7 99
662 41 7 99
662 29 7 99
662 39 7 100
663 49 7 99
663 4 7 150
663 6 7 100
663 46 27 -100732
663 14 7 100
663 14 27 148
664 49 7 99
664 49 27 100
664 24 27 148
664 4 7 150
664 4 27 150
664 7 27 148
664 8 27 150
664 46 27 99888
665 49 7 99
665 14 7 100
665 4 7 150
665 39 7 100
666 13 7 150
666 6 7 100
667 48 7 150
667 41 7 99
668 49 7 99
668 14 7 100
668 46 27 -99888
668 33 27 100
668 7 27 148
668 29 7 99
669 13 7 150
669 39 7 100
669 7 27 148
669 4 7 150
669 4 27 150
670 29 7 99
670 4 7 150
670 4 27 150
670 31 27 100
670 6 7 100
670 13 7 150
670 41 7 99
671 45 27 148
671 18 27 100
671 31 27 100
671 48 7 150
671 39 7 100
671 41 7 99
671 7 27 148
672 31 27 100
672 18 27 100
672 48 7 102
673 14 27 148
673 7 27 148
673 39 7 1
673 4 27 150
673 49 27 100
674 45 27 148
674 8 27 150
674 31 27 100
675 49 27 100
676 31 27 100
676 24 27 148
677 49 27 100
677 4 27 150
677 7 27 148
678 45 27 148
678 33 27 100
678 18 27 100
678 24 27 148
679 7 27 148
679 31 27 100
679 33 27 100
679 18 27 100
680 14 27 148
680 49 27 100
680 8 27 150
680 46 27 95068
683 45 27 148
683 8 27 150
683 18 27 100
684 45 27 148
684 8 27 150
684 24 27 148
684 31 27 100
684 46 27 94124
686 7 27 148
687 8 27 150
687 45 27 148
687 49 27 100
687 18 27 100
688 8 27 150
688 4 27 150
688 24 27 148
688 45 27 148
689 24 27 148
689 7 27 148
689 31 27 100
690 7 27 148
690 24 27 148
690 31 27 100
690 18 27 100
691 18 27 100
691 45 27 148
692 4 27 150
692 14 27 148
692 24 27 148
692 33 27 100
692 8 27 150
692 49 27 100
693 33 27 100
693 46 27 90844
694 31 27 100
695 46 27 90744
696 8 27 150
697 45 27 148
697 7 27 148
697 31 27 100
697 8 27 150
698 18 27 100
698 24 27 148
698 45 27 148
699 33 27 100
699 14 27 148
699 46 27 89404
703 24 27 148
703 18 27 100
703 45 27 148
703 7 27 148
703 33 27 100
704 45 27 148
704 18 27 100
704 8 27 150
704 7 27 148
704 24 27 148
704 4 27 150
705 8 27 150
705 45 27 148
705 24 27 148
705 49 27 100
705 14 27 148
705 46 27 87220
707 4 27 150
707 18 27 100
708 18 27 100
708 49 27 100
708 4 27 150
709 18 27 100
709 46 27 86520
711 8 27 150
711 7 27 148
711 33 27 100
711 24 27 148
712 33 27 100
712 7 27 148
712 4 27 150
713 46 27 85576
718 8 27 150
719 31 27 100
719 24 27 148
719 46 27 85176
720 7 27 148
