214 8 2 99
214 8 8 150
214 8 19 99
214 8 24 150
214 8 37 99
214 8 38 150
230 8 2 99
230 8 8 150
230 8 19 99
230 8 24 150
230 8 37 99
230 8 38 150
231 8 2 99
231 8 8 150
231 8 19 99
231 8 24 150
231 8 37 99
231 8 38 150
233 8 2 99
233 8 8 150
233 8 19 99
233 8 24 150
233 8 37 99
233 8 38 150
237 8 2 99
237 8 8 150
237 8 19 99
237 8 24 150
237 8 37 99
237 8 38 150
238 8 2 99
238 8 8 150
238 8 19 99
238 8 24 150
238 8 37 99
238 8 38 150
240 8 2 99
240 8 8 150
240 8 19 99
240 8 24 150
240 8 37 99
240 8 38 150
244 8 2 99
244 8 8 150
244 8 19 99
244 8 24 150
244 8 37 99
244 8 38 150
246 8 2 99
246 8 8 150
246 8 19 99
246 8 24 150
246 8 37 99
246 8 38 150
253 8 2 99
253 8 8 150
253 8 19 99
253 8 24 150
253 8 37 99
253 8 38 150
255 8 2 99
255 8 8 150
255 8 19 99
255 8 24 150
255 8 37 99
255 8 38 150
256 8 2 99
256 8 8 150
256 8 19 99
256 8 24 150
256 8 37 99
256 8 38 150
261 8 2 99
261 8 8 150
261 8 19 99
261 8 24 150
261 8 37 99
261 8 38 150
276 8 2 99
276 8 8 150
276 8 19 99
276 8 24 150
276 8 37 99
276 8 38 150
277 8 2 99
277 8 8 150
277 8 19 99
277 8 24 150
277 8 37 99
277 8 38 150
278 8 2 99
278 8 8 150
278 8 19 99
278 8 24 150
278 8 37 99
278 8 38 150
279 8 2 99
279 8 8 150
279 8 19 99
279 8 24 150
279 8 37 99
279 8 38 150
280 8 2 99
280 8 8 150
280 8 19 99
280 8 24 150
280 8 37 99
280 8 38 150
287 8 2 99
287 8 8 150
287 8 19 99
287 8 24 150
287 8 37 99
287 8 38 150
297 8 2 99
297 8 8 150
297 8 19 99
297 8 24 150
297 8 37 99
297 8 38 150
299 8 2 99
299 8 8 150
299 8 19 99
299 8 24 150
299 8 37 99
299 8 38 150
301 8 2 99
301 8 8 150
301 8 19 99
301 8 24 150
301 8 37 99
301 8 38 150
302 8 2 99
302 8 8 150
302 8 19 99
302 8 24 150
302 8 37 99
302 8 38 150
305 8 2 99
305 8 8 150
305 8 19 99
305 8 24 150
305 8 37 99
305 8 38 150
308 8 2 99
308 8 8 150
308 8 19 99
308 8 24 150
308 8 37 99
308 8 38 150
311 8 2 99
311 8 8 150
311 8 19 99
311 8 24 150
311 8 37 99
311 8 38 150
312 8 2 99
312 8 8 150
312 8 19 99
312 8 24 150
312 8 37 99
312 8 38 150
313 8 2 99
313 8 8 150
313 8 19 99
313 8 24 150
313 8 37 99
313 8 38 150
314 8 2 99
314 8 8 150
314 8 19 99
314 8 24 150
314 8 37 99
314 8 38 150
319 8 2 99
319 8 8 150
319 8 19 99
319 8 24 150
319 8 37 99
319 8 38 150
321 8 2 99
321 8 8 150
321 8 19 99
321 8 24 150
321 8 37 99
321 8 38 150
322 8 2 99
322 8 8 150
322 8 19 99
322 8 24 150
322 8 37 99
322 8 38 150
331 8 2 99
331 8 8 150
331 8 19 99
331 8 24 150
331 8 37 99
331 8 38 150
334 8 2 99
334 8 8 150
334 8 19 99
334 8 24 150
334 8 37 99
334 8 38 150
339 8 2 99
339 8 8 150
339 8 19 99
339 8 24 150
339 8 37 99
339 8 38 150
340 8 2 99
340 8 8 150
340 8 19 99
340 8 24 150
340 8 37 99
340 8 38 150
344 8 2 99
344 8 8 150
344 8 19 99
344 8 24 150
344 8 37 99
344 8 38 150
345 8 2 99
345 8 8 150
345 8 19 99
345 8 24 150
345 8 37 99
345 8 38 150
356 8 2 99
356 8 8 150
356 8 19 99
356 8 24 150
356 8 37 99
356 8 38 150
359 8 2 99
359 8 8 150
359 8 19 99
359 8 24 150
359 8 37 99
359 8 38 150
364 8 2 99
364 8 8 150
364 8 19 99
364 8 24 150
364 8 37 99
364 8 38 150
366 8 2 99
366 8 8 150
366 8 19 99
366 8 24 150
366 8 37 99
366 8 38 150
371 8 2 99
371 8 8 150
371 8 19 99
371 8 24 150
371 8 37 99
371 8 38 150
386 8 2 99
386 8 8 150
386 8 19 99
386 8 24 150
386 8 37 99
386 8 38 150
389 8 2 99
389 8 8 150
389 8 19 99
389 8 24 150
389 8 37 99
389 8 38 150
391 8 2 99
391 8 8 150
391 8 19 99
391 8 24 150
391 8 37 99
391 8 38 150
406 8 2 99
406 8 8 150
406 8 19 99
406 8 24 150
406 8 37 99
406 8 38 150
409 8 2 99
409 8 8 150
409 8 19 99
409 8 24 150
409 8 37 99
409 8 38 150
415 8 2 99
415 8 8 150
415 8 19 99
415 8 24 150
415 8 37 99
415 8 38 150
417 8 2 99
417 8 8 150
417 8 19 99
417 8 24 150
417 8 37 99
417 8 38 150
418 8 2 99
418 8 8 150
418 8 19 99
418 8 24 150
418 8 37 99
418 8 38 150
433 8 2 99
433 8 8 150
433 8 19 99
433 8 24 150
433 8 37 99
433 8 38 150
435 8 2 99
435 8 8 150
435 8 19 99
435 8 24 75
435 8 38 150
461 49 4 148
461 49 18 99
461 49 23 96
461 49 37 100
461 49 38 150
461 49 43 148
461 49 49 100
461 25 11 150
461 25 13 150
461 25 20 100
461 25 22 150
461 25 25 99
461 25 26 150
461 25 30 150
461 25 41 100
461 25 43 150
461 25 47 99
461 25 49 150
461 7 8 100
461 7 18 100
461 7 20 148
461 7 25 100
461 7 38 100
461 7 43 150
461 7 49 148
461 9 13 100
461 9 19 100
461 9 28 100
461 9 49 148
461 24 20 100
461 24 28 150
461 24 41 150
461 24 47 100
461 6 4 100
461 6 11 148
461 6 25 150
461 6 26 99
461 6 40 150
461 6 47 100
461 46 40 148
461 23 11 99
461 23 17 48
461 23 19 100
461 23 25 150
461 23 37 99
461 23 38 150
461 23 41 100
461 23 43 100
461 8 2 99
461 8 8 150
461 8 19 99
461 8 37 99
461 8 38 150
461 29 11 150
461 29 18 100
461 29 20 150
461 29 22 100
461 29 25 150
461 29 41 99
461 20 29 150
461 20 30 100
461 20 38 150
461 20 43 148
461 20 49 150
461 42 25 150
461 42 37 100
461 42 47 100
461 33 2 100
461 33 18 99
461 33 37 100
461 33 40 150
461 36 2 100
461 36 4 150
461 36 8 148
461 36 28 100
461 36 40 99
461 36 47 150
461 21 2 100
461 21 20 100
461 21 22 100
461 21 25 150
461 21 29 150
461 21 30 100
461 48 2 100
461 48 20 150
461 48 22 150
461 48 37 100
461 48 43 100
462 42 25 150
462 42 37 100
462 42 47 100
462 13 13 150
462 13 38 150
462 13 40 100
462 25 11 150
462 25 13 150
462 25 20 100
462 25 22 150
462 25 25 99
462 25 26 150
462 25 30 150
462 25 41 100
462 25 43 150
462 25 47 99
462 25 49 150
462 47 11 100
462 47 20 148
462 47 26 99
462 47 43 100
462 16 20 99
462 16 25 100
462 16 26 148
462 16 49 100
462 48 2 100
462 48 20 150
462 48 22 150
462 48 37 100
462 48 43 100
462 20 29 150
462 20 30 100
462 20 38 150
462 20 43 148
462 20 49 150
462 30 4 100
462 30 8 99
462 30 41 150
462 30 47 99
462 30 49 150
462 31 4 150
462 31 13 99
462 31 18 100
462 31 20 150
462 31 25 99
462 31 41 148
462 23 11 99
462 23 18 150
462 23 19 100
462 23 25 150
462 23 37 99
462 23 38 150
462 23 41 100
462 23 43 100
462 8 2 99
462 8 8 150
462 8 19 99
462 8 37 99
462 8 38 150
462 4 8 150
462 4 19 100
462 4 28 10
462 10 2 100
462 10 20 150
462 10 25 150
462 10 29 150
462 39 18 150
462 39 19 100
462 39 20 150
462 39 22 100
462 39 26 150
462 39 37 100
462 39 38 150
462 39 40 148
462 39 49 100
462 22 11 99
462 22 19 150
462 22 25 93
462 40 2 100
462 40 8 99
462 40 11 100
462 40 13 150
463 7 8 100
463 7 18 100
463 7 20 148
463 7 25 2
463 7 43 150
463 7 49 148
463 18 18 100
463 18 19 150
463 18 30 150
463 18 38 100
463 18 40 150
463 25 11 150
463 25 13 150
463 25 20 100
463 25 22 150
463 25 26 150
463 25 30 150
463 25 41 100
463 25 43 150
463 25 47 99
463 25 49 150
463 35 2 150
463 35 8 100
463 35 11 99
463 35 18 150
463 35 19 100
463 35 40 100
463 35 43 148
463 1 4 99
463 1 8 148
463 1 11 150
463 1 18 100
463 1 22 150
463 1 26 100
463 1 29 150
463 1 40 100
463 1 43 150
463 1 47 100
463 49 4 148
463 49 18 99
463 49 30 150
463 49 37 100
463 49 38 150
463 49 43 148
463 49 49 100
463 34 22 150
463 34 26 99
463 34 30 100
463 34 43 150
463 17 4 148
463 17 19 150
463 17 22 100
463 17 29 100
463 17 30 150
463 17 43 100
463 20 29 150
463 20 30 100
463 20 38 150
463 20 43 148
463 20 49 150
463 16 20 99
463 16 26 148
463 16 49 100
463 9 13 100
463 9 19 100
463 9 49 148
463 8 2 99
463 8 8 150
463 8 19 99
463 8 37 99
463 8 38 150
463 21 2 100
463 21 20 100
463 21 22 100
463 21 29 150
463 21 30 100
463 47 11 100
463 47 20 148
463 47 26 99
463 47 43 100
463 24 20 100
463 24 41 150
463 24 47 100
463 22 11 99
463 22 19 150
463 22 38 100
464 18 18 100
464 18 19 150
464 18 30 150
464 18 38 100
464 18 40 150
464 31 4 150
464 31 13 99
464 31 18 100
464 31 20 57
464 44 11 150
464 44 22 148
464 44 41 100
464 16 26 148
464 16 49 100
464 30 4 100
464 30 8 99
464 30 41 150
464 30 47 99
464 30 49 150
464 4 8 150
464 4 19 100
464 4 43 100
464 22 11 99
464 22 19 150
464 22 38 100
464 10 2 100
464 10 29 150
464 47 11 100
464 47 26 99
464 47 43 100
464 14 29 100
464 14 38 150
464 14 41 99
464 29 11 150
464 29 18 100
464 29 20 1
464 29 41 99
464 24 41 150
464 24 47 100
464 28 4 150
464 28 18 100
464 28 19 150
464 28 22 100
464 28 29 148
464 28 38 150
464 28 41 99
464 28 43 100
464 23 11 99
464 23 18 150
464 23 19 100
464 23 37 99
464 23 38 150
464 23 41 100
464 23 43 100
464 21 2 100
464 21 22 100
464 21 29 150
464 21 30 100
465 6 4 100
465 6 11 148
465 6 26 99
465 6 40 150
465 6 47 100
465 35 2 150
465 35 8 100
465 35 11 99
465 35 18 150
465 35 19 100
465 35 40 100
465 35 43 148
465 3 11 99
465 3 18 150
465 3 40 100
465 3 47 148
465 26 2 100
465 26 4 100
465 26 8 100
465 26 13 150
465 26 18 148
465 26 26 150
465 26 37 99
465 34 22 150
465 34 26 99
465 34 30 100
465 34 43 150
465 19 8 150
465 19 19 150
465 19 22 148
465 19 30 150
465 19 37 150
465 19 38 100
465 19 43 150
465 19 49 99
465 14 29 100
465 14 38 150
465 14 41 99
465 2 4 100
465 2 8 99
465 2 13 99
465 2 18 100
465 2 29 99
465 2 47 150
465 2 49 100
465 44 11 150
465 44 22 148
465 44 41 100
465 39 18 150
465 39 19 100
465 39 22 100
465 39 26 150
465 39 37 100
465 39 38 150
465 39 40 148
465 39 49 100
465 47 11 100
465 47 26 99
465 47 43 100
465 12 4 150
465 12 11 150
465 12 30 100
465 12 38 150
465 12 40 100
465 12 47 99
465 32 2 100
465 32 8 100
465 32 19 100
465 32 22 148
465 32 49 100
465 20 29 150
465 20 30 100
465 20 38 150
465 20 43 148
465 20 49 150
465 16 26 148
465 16 49 100
465 41 41 150
466 40 2 100
466 40 8 99
466 40 11 100
466 40 13 150
466 36 2 100
466 36 4 150
466 36 8 148
466 36 40 99
466 36 47 150
466 25 11 150
466 25 13 150
466 25 22 150
466 25 26 150
466 25 30 150
466 25 41 100
466 25 43 150
466 25 47 99
466 25 49 150
466 27 13 99
466 27 30 150
466 27 37 150
466 27 43 150
466 27 47 150
466 27 49 99
466 22 11 99
466 22 19 150
466 22 38 100
466 20 29 150
466 20 30 100
466 20 38 150
466 20 43 148
466 20 49 150
466 30 4 100
466 30 8 99
466 30 41 150
466 30 47 99
466 30 49 150
466 49 4 148
466 49 18 99
466 49 30 150
466 49 37 100
466 49 38 150
466 49 43 148
466 49 49 100
466 21 2 100
466 21 22 100
466 21 29 150
466 21 30 100
466 1 4 99
466 1 8 148
466 1 11 150
466 1 18 100
466 1 22 150
466 1 26 100
466 1 29 150
466 1 40 100
466 1 43 150
466 1 47 100
466 24 41 150
466 24 47 100
466 46 40 148
466 29 11 150
466 29 18 100
466 29 22 100
466 29 41 99
466 28 4 150
466 28 18 100
466 28 19 150
466 28 22 100
466 28 29 148
466 28 38 150
466 28 41 99
466 28 43 100
466 44 11 150
466 44 22 148
466 44 41 100
466 6 4 100
466 6 11 148
466 6 26 18
466 6 47 100
467 33 2 100
467 33 18 99
467 33 37 100
467 33 40 150
467 7 8 100
467 7 18 100
467 7 38 100
467 7 43 150
467 7 49 148
467 23 11 99
467 23 18 150
467 23 19 100
467 23 37 99
467 23 38 150
467 23 41 100
467 23 43 100
467 20 29 63
467 20 38 150
467 20 43 148
467 20 49 150
467 21 2 100
467 21 22 100
467 21 30 100
467 1 4 99
467 1 8 148
467 1 11 150
467 1 18 100
467 1 22 150
467 1 40 100
467 1 43 150
467 1 47 100
467 18 18 100
467 18 19 150
467 18 30 150
467 18 38 100
467 18 40 150
467 29 11 150
467 29 18 100
467 29 22 50
467 13 13 66
467 13 40 100
467 6 4 100
467 6 11 148
467 6 40 150
467 6 47 100
467 37 4 99
467 37 8 150
467 37 18 100
467 37 19 150
467 37 41 100
467 37 43 150
467 28 4 150
467 28 18 100
467 28 19 150
467 28 38 150
467 28 41 99
467 28 43 100
467 3 11 99
467 3 18 150
467 3 40 80
467 19 8 150
467 19 19 150
467 19 30 150
467 19 37 150
467 19 38 100
467 19 43 150
467 19 49 99
467 31 4 150
467 31 18 100
467 31 41 148
467 17 4 148
467 17 19 150
467 17 30 150
467 17 43 100
468 1 4 99
468 1 8 148
468 1 11 150
468 1 18 100
468 1 43 150
468 1 47 100
468 35 2 150
468 35 8 100
468 35 11 99
468 35 18 150
468 35 19 100
468 35 43 148
468 14 38 150
468 14 41 99
468 34 30 100
468 34 43 150
468 22 11 99
468 22 19 150
468 22 38 100
468 38 18 100
468 38 30 99
468 38 47 150
468 25 11 150
468 25 30 150
468 25 41 100
468 25 43 150
468 25 47 99
468 25 49 150
468 2 4 76
468 2 18 100
468 2 47 150
468 2 49 100
468 11 4 2
468 6 4 1
468 6 47 100
468 17 19 150
468 17 30 150
468 17 43 100
468 19 8 150
468 19 19 150
468 19 30 150
468 19 37 150
468 19 38 100
468 19 43 150
468 19 49 99
468 0 37 150
468 0 41 148
468 39 18 150
468 39 19 100
468 39 37 100
468 39 38 150
468 39 49 100
468 8 2 99
468 8 8 150
468 8 19 99
468 8 37 99
468 8 38 150
468 20 30 100
468 20 38 150
468 20 43 148
468 20 49 150
469 25 11 150
469 25 30 150
469 25 41 100
469 25 43 150
469 25 47 99
469 25 49 150
469 29 11 150
469 29 18 100
469 29 41 99
469 13 38 150
469 9 19 100
469 9 49 148
469 16 49 100
469 7 8 100
469 7 18 100
469 7 38 100
469 7 43 150
469 7 49 148
469 31 18 100
469 31 41 148
469 24 41 150
469 24 47 100
469 32 2 100
469 32 8 100
469 32 19 100
469 32 49 100
469 11 18 100
469 15 2 150
469 15 11 100
469 15 41 148
469 15 43 99
469 8 2 99
469 8 8 150
469 8 19 99
469 8 37 99
469 8 38 150
469 49 18 99
469 49 30 150
469 49 37 100
469 49 38 150
469 49 43 148
469 49 49 100
469 44 11 150
469 44 41 100
469 4 8 150
469 4 19 100
469 4 43 100
470 13 38 84
470 28 19 150
470 28 41 99
470 28 43 100
470 15 2 150
470 15 11 100
470 15 41 148
470 15 43 99
470 4 8 150
470 4 19 100
470 4 43 100
470 11 18 100
470 8 2 99
470 8 8 31
470 8 37 99
470 2 18 100
470 2 47 150
470 2 49 100
470 40 2 100
470 40 11 100
470 34 30 100
470 34 43 150
470 12 11 150
470 12 30 100
470 12 47 99
470 25 11 150
470 25 30 150
470 25 41 100
470 25 43 150
470 25 47 99
470 25 49 150
470 26 2 100
470 26 18 148
470 26 37 99
470 39 18 150
470 39 19 100
470 39 37 100
470 39 49 100
470 44 11 150
470 44 41 100
470 35 2 150
470 35 11 99
470 35 18 150
470 35 19 100
470 35 43 148
470 21 2 100
470 21 30 100
471 34 30 100
471 34 43 150
471 9 19 100
471 9 49 148
471 35 2 150
471 35 11 99
471 35 18 150
471 35 19 100
471 35 43 148
471 38 18 100
471 38 30 99
471 38 47 150
471 5 19 150
471 5 30 100
471 5 49 100
471 0 37 150
471 0 41 148
471 42 37 100
471 42 47 100
471 25 11 150
471 25 30 150
471 25 41 100
471 25 43 150
471 25 47 99
471 25 49 150
471 47 11 100
471 47 43 100
471 48 2 100
471 48 37 100
471 48 43 100
471 2 18 100
471 2 47 150
471 2 49 100
471 11 18 100
471 8 2 99
471 8 19 99
471 8 37 99
471 26 2 100
471 26 18 148
471 26 37 99
471 33 2 100
471 33 18 99
471 33 37 100
472 38 18 100
472 38 30 99
472 38 47 150
472 26 2 100
472 26 18 148
472 26 37 99
472 4 19 100
472 4 43 100
472 41 41 150
472 28 18 100
472 28 19 150
472 28 41 99
472 28 43 100
472 15 2 150
472 15 11 100
472 15 41 148
472 15 43 99
472 12 11 150
472 12 30 99
472 8 2 99
472 8 19 99
472 8 37 99
472 11 18 100
472 40 2 100
472 40 11 100
472 24 41 150
472 24 47 100
472 25 11 150
472 25 41 100
472 25 43 150
472 25 47 99
472 25 49 150
472 37 18 100
472 37 19 150
472 37 41 100
472 37 43 150
472 0 37 150
472 0 41 148
472 23 11 99
472 23 18 150
472 23 19 100
472 23 37 99
472 23 41 100
472 23 43 100
473 19 19 150
473 19 37 150
473 19 43 150
473 19 49 99
473 17 19 150
473 17 43 100
473 5 19 150
473 5 49 100
473 23 11 99
473 23 18 150
473 23 19 100
473 23 37 99
473 23 41 100
473 23 43 100
473 41 41 150
473 0 37 150
473 0 41 148
473 33 2 100
473 33 18 99
473 33 37 100
473 22 11 99
473 22 19 150
473 39 18 150
473 39 19 100
473 39 37 100
473 39 49 100
473 47 11 100
473 47 43 100
473 40 2 100
473 40 11 100
473 14 41 99
473 9 19 100
473 9 49 148
473 45 2 150
473 45 18 100
473 45 41 150
473 45 43 100
473 45 49 148
473 7 18 100
473 7 43 150
473 7 49 148
473 44 11 150
473 44 41 56
474 28 19 150
474 28 43 100
474 31 18 100
474 47 11 100
474 47 43 100
474 9 19 100
474 9 49 148
474 39 18 150
474 39 19 100
474 39 37 100
474 39 49 100
474 2 18 100
474 2 47 150
474 2 49 100
474 12 11 150
474 12 47 99
474 22 11 99
474 22 19 150
474 23 11 99
474 23 18 150
474 23 19 100
474 23 37 99
474 23 43 100
474 42 37 100
474 42 47 100
474 20 43 148
474 20 49 150
474 35 2 150
474 35 11 48
474 35 19 100
474 35 43 148
474 25 43 150
474 25 47 99
474 25 49 150
474 24 47 100
475 23 18 150
475 23 19 100
475 23 37 99
475 23 43 100
475 49 18 99
475 49 37 100
475 49 43 148
475 49 49 100
475 44 11 1
475 28 19 150
475 28 43 100
475 26 2 100
475 26 18 148
475 26 37 99
475 6 47 100
475 36 2 100
475 36 47 150
475 40 2 100
475 47 43 100
475 42 37 100
475 42 47 100
475 37 18 100
475 37 19 150
475 37 43 150
475 11 18 100
475 19 19 150
475 19 37 150
475 19 43 150
475 19 49 99
475 38 18 100
475 38 47 150
476 47 43 100
476 5 19 150
476 5 49 100
476 39 18 150
476 39 19 100
476 39 37 100
476 39 49 100
476 33 2 100
476 33 18 99
476 33 37 100
476 31 18 100
476 49 18 99
476 49 37 100
476 49 43 148
476 49 49 100
476 16 49 100
476 6 47 100
476 15 2 150
476 15 43 99
476 23 18 150
476 23 19 100
476 23 37 99
476 23 43 100
476 40 2 100
476 0 37 150
476 9 19 100
476 9 49 148
476 25 43 150
476 25 47 99
476 25 49 150
477 6 47 100
477 0 37 150
477 18 18 100
477 18 19 150
477 45 2 150
477 45 18 100
477 45 43 100
477 45 49 148
477 48 2 100
477 48 37 100
477 48 43 100
477 42 37 100
477 42 47 100
477 30 47 99
477 30 49 150
477 19 19 150
477 19 37 150
477 19 43 150
477 19 49 99
477 15 2 150
477 15 43 99
477 35 2 150
477 35 18 150
477 35 19 100
477 35 43 148
477 34 43 150
477 33 2 100
477 33 18 99
477 33 37 100
477 25 43 150
477 25 47 99
477 25 49 150
477 40 2 100
478 1 18 100
478 1 43 150
478 1 47 100
478 38 18 100
478 38 47 150
478 15 2 150
478 15 43 99
478 25 43 96
478 25 49 150
478 17 19 150
478 17 43 2
478 18 18 100
478 18 19 150
478 31 18 100
478 32 2 100
478 32 19 100
478 32 49 100
478 3 18 150
478 3 47 148
478 29 18 100
478 37 18 100
478 37 19 150
478 49 18 99
478 49 37 100
478 49 49 100
478 23 18 150
478 23 19 100
478 23 37 99
478 6 47 100
479 6 47 100
479 20 49 150
479 11 18 100
479 31 18 100
479 0 37 150
479 5 19 150
479 5 49 100
479 21 2 100
479 49 18 99
479 49 37 100
479 49 49 100
479 24 47 100
479 17 19 150
479 22 19 150
479 25 47 99
479 25 49 150
479 32 2 100
479 32 19 100
479 32 49 100
479 42 37 100
479 42 47 100
479 26 2 100
479 26 18 148
479 26 37 99
480 8 2 99
480 8 19 99
480 8 37 99
480 6 47 100
480 16 49 100
480 12 47 99
480 25 47 99
480 25 49 150
480 27 37 150
480 27 47 150
480 27 49 99
480 29 18 100
480 40 2 100
480 3 18 150
480 3 47 148
480 5 19 150
480 5 49 100
480 26 2 100
480 26 18 148
480 26 37 99
480 18 18 100
480 18 19 150
480 48 2 100
480 48 37 100
481 9 19 100
481 9 49 148
481 37 18 100
481 37 19 150
481 49 18 99
481 49 37 100
481 49 49 100
481 40 2 100
481 25 47 99
481 25 49 150
481 19 19 150
481 19 37 150
481 19 49 99
481 32 2 100
481 32 19 100
481 32 49 100
481 38 18 100
481 38 47 150
481 39 18 150
481 39 19 100
481 39 37 100
481 39 49 100
481 16 49 100
481 17 19 150
481 10 2 100
481 1 18 100
481 1 47 100
481 36 2 100
481 36 47 150
482 49 18 99
482 49 37 100
482 49 49 100
482 3 18 150
482 3 47 148
482 23 18 150
482 23 19 100
482 23 37 99
482 7 18 100
482 7 49 148
482 1 18 100
482 1 47 100
482 11 18 100
482 8 2 99
482 8 19 99
482 8 37 99
482 35 2 150
482 35 18 150
482 35 19 100
482 6 47 100
482 26 2 100
482 26 18 148
482 26 37 99
482 45 2 150
482 45 18 100
482 45 49 148
482 19 19 150
482 19 37 150
482 19 49 99
482 10 2 100
483 37 18 100
483 37 19 150
483 7 18 100
483 7 49 148
483 28 18 100
483 28 19 150
483 31 18 100
483 30 47 99
483 30 49 150
483 49 18 99
483 49 37 100
483 49 49 100
483 18 18 100
483 18 19 150
483 16 49 100
483 39 18 150
483 39 19 100
483 39 37 100
483 39 49 100
483 24 47 100
483 23 18 150
483 23 19 100
483 23 37 99
483 10 2 100
483 1 18 100
483 1 47 100
483 42 37 100
483 42 47 100
483 26 2 100
483 26 18 148
483 26 37 99
484 27 37 150
484 27 47 150
484 27 49 99
484 25 47 99
484 25 49 150
484 24 47 100
484 30 47 99
484 30 49 150
484 48 2 100
484 48 37 100
484 11 18 100
484 16 49 100
484 38 18 100
484 38 47 150
484 7 18 100
484 7 49 148
484 39 18 150
484 39 19 100
484 39 37 100
484 39 49 100
484 10 2 100
484 12 47 99
485 28 18 100
485 28 19 150
485 29 18 100
485 25 47 99
485 25 49 150
485 27 37 150
485 27 47 150
485 27 49 99
485 12 47 99
485 33 2 100
485 33 18 33
485 45 2 150
485 45 18 2
485 21 2 100
485 32 2 100
485 32 19 100
485 32 49 100
485 2 47 150
485 2 49 100
485 4 19 100
485 10 2 100
485 30 47 99
485 30 49 150
485 35 2 150
485 35 19 100
486 19 19 150
486 19 37 150
486 19 49 99
486 18 19 150
486 27 37 150
486 27 47 150
486 27 49 99
486 28 19 150
486 23 19 100
486 23 37 99
486 22 19 150
486 5 19 150
486 5 49 100
486 4 19 100
486 8 2 99
486 8 19 99
486 8 37 99
486 21 2 100
487 42 37 100
487 42 47 100
487 12 47 99
487 1 47 100
487 5 19 150
487 5 49 100
487 49 37 100
487 49 49 100
487 25 47 99
487 25 49 150
487 35 2 150
487 35 19 100
487 2 47 150
487 2 49 100
487 45 2 150
487 45 49 148
487 36 2 100
487 36 47 150
487 48 2 100
487 48 37 100
487 8 2 99
487 8 19 99
487 8 37 99
488 23 19 100
488 23 37 99
488 8 2 99
488 8 19 99
488 8 37 99
488 10 2 100
488 26 2 100
488 26 37 99
488 18 19 150
488 38 47 150
488 22 19 150
488 33 2 100
488 33 37 100
488 30 47 99
488 30 49 150
488 16 49 100
488 28 19 150
488 20 49 150
488 17 19 150
489 8 2 99
489 8 19 99
489 8 37 99
489 32 2 100
489 32 19 100
489 32 49 100
489 45 2 150
489 45 49 148
489 6 47 100
489 27 37 150
489 27 47 150
489 27 49 99
489 35 2 150
489 35 19 100
489 7 49 148
489 15 2 150
489 33 2 100
489 33 37 100
489 20 49 150
489 2 47 150
489 2 49 100
489 4 19 4
490 8 37 99
490 26 2 100
490 26 37 99
490 33 2 100
490 33 37 100
490 35 2 150
490 35 19 1
490 48 2 100
490 48 37 100
490 19 37 150
490 19 49 99
490 42 37 100
490 42 47 100
490 24 47 100
490 1 47 100
491 32 2 100
491 32 49 100
491 3 47 148
491 49 37 100
491 49 49 100
491 20 49 150
491 48 2 100
491 48 37 100
491 40 2 100
491 35 2 150
491 16 49 100
491 45 2 150
491 45 49 148
491 2 47 150
491 2 49 100
491 27 37 150
491 27 47 150
491 27 49 99
491 36 2 100
491 36 47 150
491 0 37 150
491 5 49 100
492 49 37 100
492 49 49 100
492 21 2 100
492 20 49 150
492 6 47 100
492 3 47 148
492 48 2 100
492 48 37 100
492 33 2 100
492 33 37 100
492 27 37 150
492 27 47 150
492 27 49 99
492 9 49 148
493 35 2 150
493 39 37 100
493 39 49 100
493 15 2 150
493 1 47 100
493 23 37 99
493 25 47 99
493 25 49 150
493 16 49 100
493 45 2 150
493 45 49 148
493 42 37 100
493 42 47 100
493 5 49 100
493 2 47 150
493 2 49 100
493 12 47 99
493 24 47 100
494 0 37 150
494 15 2 150
494 12 47 99
494 26 2 100
494 26 37 99
494 38 47 150
494 21 2 100
494 5 49 100
494 8 2 99
494 8 37 99
494 27 37 150
494 27 47 122
494 23 37 99
494 32 2 100
494 32 49 100
494 16 49 100
494 49 37 100
494 49 49 100
495 35 2 150
495 23 14 16
495 45 2 150
495 45 49 148
495 27 37 150
495 27 47 45
495 25 49 150
495 36 2 100
495 0 37 150
495 49 37 100
495 49 49 100
495 8 2 99
495 8 37 99
495 20 49 150
496 15 2 150
496 23 37 99
496 12 14 1
496 8 37 99
496 16 49 100
496 21 2 100
496 42 37 100
496 26 2 100
496 26 37 99
496 36 2 100
496 25 49 150
496 30 49 150
496 5 49 100
497 40 2 100
497 33 2 100
497 33 37 100
497 21 2 100
497 2 47 45
497 23 37 99
497 5 49 100
497 16 49 100
497 7 49 148
497 15 2 150
497 8 2 99
497 8 37 99
498 0 24 100
498 0 37 150
498 35 2 150
498 6 47 44
498 20 24 100
498 20 49 150
498 24 47 1
498 42 37 100
498 48 2 100
498 48 37 100
498 30 49 150
498 36 2 100
498 2 49 100
498 16 24 14
499 12 47 45
499 8 2 99
499 8 37 99
499 21 2 100
499 1 24 1
499 16 49 100
500 8 2 99
500 8 37 99
500 12 47 45
500 39 49 100
500 45 2 150
500 45 49 148
500 21 2 100
500 5 49 100
500 32 2 100
500 32 49 100
500 2 49 100
501 38 47 44
501 5 49 100
501 7 49 148
501 27 37 150
501 27 49 99
501 19 37 150
501 19 49 99
501 39 37 100
501 39 49 100
501 45 2 150
501 45 49 148
501 20 49 150
502 26 2 100
502 26 37 99
502 38 24 150
502 38 47 44
502 32 49 100
502 10 2 100
502 40 2 100
502 1 24 100
502 9 49 148
502 23 37 99
502 35 2 150
502 7 49 148
502 16 24 64
503 3 47 44
503 9 49 148
503 42 24 1
503 42 47 2
503 40 2 100
503 16 49 100
503 7 49 148
504 35 2 150
504 42 37 100
504 42 47 44
504 36 47 1
504 19 49 99
504 39 37 100
504 39 49 100
504 15 2 150
504 7 49 148
504 33 2 100
504 33 37 100
504 27 37 150
504 27 49 99
504 0 37 150
505 33 2 100
505 33 37 100
505 20 49 150
505 25 47 45
505 8 2 99
505 8 37 99
505 19 37 150
505 19 49 99
505 0 37 150
505 2 49 100
505 30 49 150
505 16 49 100
505 26 2 100
505 26 37 99
506 36 2 100
506 36 47 45
506 35 2 150
506 23 37 99
506 8 2 99
506 8 37 99
506 9 49 148
506 32 2 100
506 32 49 100
506 2 49 100
507 6 14 16
507 26 2 100
507 26 37 99
507 33 2 100
507 33 37 100
507 19 37 150
507 19 49 99
507 30 49 150
507 49 37 100
507 49 49 100
507 24 47 1
507 23 37 54
508 21 2 100
508 5 49 100
508 2 47 1
508 16 49 100
508 13 14 1
508 9 49 148
508 10 2 100
508 30 49 150
508 19 49 99
509 40 2 100
509 19 49 99
509 39 49 100
509 26 2 100
509 12 47 45
509 25 49 150
510 38 47 44
510 32 2 100
510 32 49 100
510 20 49 150
511 43 33 9
511 24 47 45
511 32 49 100
511 20 49 150
511 25 49 150
511 39 49 100
511 30 49 150
511 16 33 2
512 38 47 44
512 45 49 148
512 25 49 150
512 21 2 100
512 19 49 99
512 49 49 100
512 2 49 100
513 33 2 100
513 33 24 148
513 41 24 150
513 45 2 150
513 45 49 148
513 0 24 17
513 27 37 1
513 21 2 100
514 9 49 148
514 20 49 150
514 25 47 45
514 33 2 100
514 45 2 150
514 45 49 148
514 40 2 100
514 49 49 100
514 48 2 100
515 24 47 45
515 15 2 150
515 45 2 150
515 45 49 148
515 8 2 99
515 25 49 150
515 36 2 100
515 30 49 150
515 49 49 100
515 48 2 100
515 32 2 100
515 32 49 100
516 42 24 100
516 42 47 44
516 49 49 100
516 33 2 100
516 33 24 64
516 1 24 1
516 32 2 100
516 32 49 100
516 2 47 1
516 8 2 99
516 35 2 150
517 38 47 44
517 10 2 100
517 35 2 150
517 21 2 100
517 45 2 150
517 45 49 148
518 5 49 100
518 21 2 100
518 49 24 150
518 49 49 100
518 7 49 148
518 36 2 100
518 36 47 46
518 8 24 150
518 27 49 99
518 48 2 100
518 37 24 14
519 33 2 100
519 0 24 1
519 45 49 148
519 16 49 100
519 30 49 150
519 32 2 100
519 32 49 100
519 19 49 99
519 26 2 100
520 39 49 100
520 42 47 44
520 5 49 100
520 19 49 99
520 10 2 100
520 2 47 1
520 9 49 148
521 45 2 150
521 45 49 148
521 24 47 45
521 8 2 99
521 21 2 100
521 25 49 150
521 40 2 100
521 2 49 100
521 10 2 100
521 48 2 100
522 40 2 100
522 32 2 100
522 32 49 100
522 21 2 100
522 35 2 150
522 3 47 44
522 7 49 148
522 30 49 150
522 39 24 99
522 39 49 100
522 25 49 150
522 9 49 148
523 9 49 148
523 17 24 66
523 16 49 2
524 36 47 45
524 21 2 100
524 10 2 100
524 15 2 150
525 30 47 45
525 15 2 150
525 10 2 100
526 8 2 99
526 36 2 100
526 36 47 45
526 15 2 150
526 21 2 100
527 10 2 100
527 6 47 44
527 45 2 150
527 21 2 100
527 32 2 100
527 8 2 99
528 21 2 100
528 33 2 100
528 33 24 148
528 37 24 100
528 16 24 66
528 45 2 150
528 1 24 1
529 6 47 44
529 26 2 100
529 15 2 150
529 2 47 1
529 48 2 100
530 2 47 45
530 15 2 150
530 26 2 100
531 15 2 150
531 12 47 45
532 38 47 44
532 16 33 11
533 6 47 44
533 21 2 100
533 32 2 100
533 40 2 100
533 15 2 150
533 24 47 1
533 33 2 100
534 42 47 44
535 3 47 44
535 32 2 100
535 15 2 150
536 35 2 150
536 6 47 44
536 40 2 100
536 33 2 100
536 24 47 2
537 2 47 45
537 26 2 100
537 8 2 99
538 30 47 45
538 33 2 100
538 21 2 100
538 48 2 100
538 8 2 99
539 27 47 45
539 40 2 100
539 40 32 36
540 20 15 36
540 25 47 45
540 15 2 150
541 11 14 16
541 6 47 44
541 42 14 1
541 2 47 1
542 48 2 100
542 2 47 1
543 40 2 100
543 27 47 45
543 35 2 150
544 30 47 45
544 21 2 100
544 15 2 150
544 36 2 100
545 10 2 100
545 27 33 10
546 10 2 100
546 12 14 2
546 48 2 100
547 3 47 44
547 24 47 1
548 31 14 17
548 16 33 1
549 8 2 99
549 36 2 100
549 36 47 45
549 32 2 100
549 40 2 100
550 45 2 150
550 1 47 44
550 40 2 100
550 36 2 100
550 36 47 1
550 35 2 150
550 10 2 100
551 33 2 100
551 8 2 99
551 32 2 100
551 3 47 44
551 35 2 150
551 27 47 1
552 26 2 100
552 2 47 45
552 48 2 100
552 36 2 100
552 32 2 100
552 10 2 100
553 45 2 150
553 15 2 150
553 42 47 44
553 21 2 100
553 33 2 100
554 40 2 100
554 25 47 45
554 32 2 100
554 15 2 150
554 27 47 1
555 32 2 100
556 2 47 45
556 33 2 100
556 26 2 100
556 40 2 100
557 15 2 150
557 35 2 150
557 30 47 45
557 26 2 100
558 6 47 44
558 33 2 100
558 36 2 100
558 36 47 1
559 21 2 100
559 8 2 99
559 15 2 150
559 32 2 100
560 3 47 44
560 36 2 100
560 36 47 1
560 32 2 100
560 48 2 100
561 40 2 100
561 38 47 44
561 48 2 100
561 35 2 150
562 32 2 100
562 8 2 99
562 35 2 150
562 48 2 100
562 15 2 150
562 12 47 45
563 21 2 100
563 1 47 46
563 40 2 100
563 10 2 100
563 33 2 100
563 26 2 100
564 10 2 100
564 15 2 150
564 35 2 150
564 25 47 45
565 37 24 100
565 8 2 99
565 8 24 150
565 21 2 100
565 30 47 45
565 26 2 100
566 27 47 45
566 15 2 150
566 45 2 150
566 48 2 100
566 33 2 100
566 35 2 150
567 25 47 45
567 26 2 100
567 48 2 100
567 40 2 100
568 8 2 99
568 33 2 100
568 6 47 44
568 45 2 150
568 24 47 1
569 35 2 150
569 33 2 100
570 8 2 99
570 38 47 44
570 32 2 100
570 15 2 150
571 21 2 100
571 27 47 45
571 48 2 100
571 32 2 100
571 10 2 100
572 35 2 150
572 40 2 100
572 32 2 100
572 15 2 150
572 12 47 45
573 26 2 100
573 38 47 44
573 36 47 1
574 24 47 45
574 48 2 100
574 36 2 100
575 3 47 44
575 10 2 100
575 36 2 100
575 36 47 1
575 21 2 100
576 3 47 44
576 45 2 150
576 2 47 1
576 40 2 100
576 15 2 150
577 8 2 99
577 26 2 100
577 40 2 100
577 45 2 150
577 32 2 100
577 15 2 150
577 10 2 100
578 8 2 99
578 40 2 100
578 33 2 100
578 21 2 100
579 21 2 100
579 36 2 100
580 8 2 99
580 48 2 100
580 26 2 100
581 35 2 150
581 10 2 100
581 33 2 100
581 40 2 100
582 48 2 100
583 36 2 100
583 35 2 150
583 15 2 150
583 8 2 99
584 45 2 150
584 48 2 100
586 36 2 100
586 15 2 150
586 10 2 100
586 35 2 150
586 21 2 100
587 26 2 100
587 33 2 100
587 45 2 150
587 21 2 100
587 10 2 100
587 32 2 100
587 35 2 150
587 40 2 100
588 33 2 100
588 15 2 150
588 36 2 100
588 40 2 100
588 45 2 150
589 21 2 100
590 33 2 100
591 36 2 100
591 8 2 99
591 26 2 100
592 45 2 150
592 33 2 100
592 40 2 100
593 33 2 100
593 8 2 99
593 15 2 150
593 26 2 100
593 48 2 100
594 33 2 100
594 35 2 150
594 45 2 150
594 36 2 100
595 10 2 100
595 33 2 100
595 8 2 99
595 36 2 100
596 33 2 100
596 15 2 150
596 26 2 100
596 21 2 100
597 10 2 100
597 8 2 99
598 36 2 100
598 48 2 100
598 15 2 150
598 33 2 100
598 21 2 100
598 10 2 100
598 45 2 150
598 26 2 100
599 21 2 100
599 8 2 99
599 32 2 100
599 35 2 150
599 26 2 100
599 10 2 100
600 10 2 100
600 32 2 100
600 8 2 99
600 40 2 100
601 40 2 100
601 15 2 150
601 45 2 150
601 48 2 100
602 26 2 100
602 33 2 100
602 48 2 100
603 40 2 100
603 32 2 100
603 35 2 150
603 45 2 150
604 21 2 100
604 48 2 100
604 45 2 150
604 33 2 100
605 40 2 100
605 10 2 100
605 21 2 100
606 15 2 150
606 26 2 100
606 48 2 100
606 10 2 100
606 8 2 99
607 26 2 100
607 48 2 100
607 10 2 100
607 35 2 150
607 15 2 150
607 33 2 100
608 15 2 150
608 33 2 100
608 21 2 100
608 36 2 100
608 8 2 99
608 45 2 150
609 33 2 100
609 35 2 150
610 35 2 150
610 45 2 150
610 40 2 100
611 26 2 100
611 15 2 150
612 35 2 150
612 8 2 99
612 48 2 100
612 36 2 100
613 45 2 150
613 33 2 100
613 10 2 100
613 48 2 100
613 36 2 100
613 35 2 150
613 32 2 100
614 15 2 150
614 21 2 100
614 32 2 100
614 48 2 100
615 26 2 100
615 40 2 100
616 45 2 150
617 45 2 150
617 48 2 100
617 33 2 100
617 8 2 99
617 10 2 100
618 45 2 150
619 36 2 100
619 8 2 99
619 33 2 100
619 15 2 150
620 48 2 100
620 26 2 100
620 32 2 100
621 33 2 100
621 10 2 100
621 45 2 150
622 8 2 99
622 26 2 100
622 15 2 150
622 36 2 100
622 48 2 100
623 48 2 100
623 35 2 150
623 26 2 100
624 32 2 100
624 35 2 150
624 36 2 100
624 45 2 150
625 35 2 150
625 26 2 100
625 33 2 100
625 45 2 150
625 10 2 100
626 26 2 100
626 21 2 100
626 32 2 100
628 15 2 150
628 36 2 100
628 32 2 100
628 35 2 150
628 21 2 100
628 8 2 99
629 36 2 100
629 32 2 100
629 40 2 100
629 35 2 150
629 10 2 100
630 8 2 99
630 26 2 100
630 48 2 100
631 8 2 99
631 33 2 100
631 48 2 100
631 35 2 150
631 15 2 150
631 36 2 100
632 32 2 100
632 26 2 100
632 40 2 100
632 45 2 150
632 8 2 99
633 45 2 150
633 26 2 100
633 33 2 100
633 36 2 100
634 35 2 150
634 33 2 16
