4 12 9 99
5 9 28 100
6 23 9 100
8 18 9 99
9 44 9 100
10 41 28 99
11 12 28 100
13 44 9 100
14 37 28 150
16 44 9 100
18 19 9 99
20 47 9 150
22 12 9 99
23 27 9 100
24 23 9 100
27 12 9 99
27 12 28 100
28 12 9 99
30 45 9 150
31 12 28 100
32 9 28 100
34 23 9 100
35 23 9 100
36 19 28 100
38 23 9 100
39 9 28 100
41 47 9 150
43 18 9 99
44 19 28 100
45 18 9 99
47 23 9 100
48 24 28 100
49 23 9 100
51 27 28 100
52 9 28 100
53 12 28 100
54 44 9 100
56 18 9 99
57 18 9 99
58 19 28 100
61 47 9 150
63 24 28 100
64 18 9 99
65 27 28 100
66 41 28 99
67 18 9 99
68 18 9 99
69 27 28 100
72 10 9 150
74 1 28 150
75 18 9 99
77 16 28 148
78 19 9 99
81 18 9 99
82 27 9 100
83 19 9 99
85 47 9 150
86 19 28 100
87 19 28 100
90 27 9 100
90 27 28 100
91 27 28 100
92 0 9 99
94 0 9 99
95 18 9 99
96 18 9 99
99 28 28 150
101 45 9 150
102 20 28 148
104 47 9 150
106 19 28 100
108 44 9 100
109 12 9 99
110 20 28 148
113 9 28 100
114 0 9 99
115 24 28 100
116 27 28 100
117 0 9 99
119 12 9 99
121 24 28 100
122 19 28 100
123 24 28 100
124 27 9 100
125 34 28 100
127 23 9 100
129 27 9 100
130 44 9 100
131 0 9 99
132 16 28 148
135 19 9 99
136 44 9 100
137 27 9 100
139 19 9 99
140 44 9 100
142 19 9 99
143 18 9 99
144 27 9 100
146 16 28 148
147 41 28 99
148 23 9 100
150 18 9 99
151 15 28 150
154 23 9 100
155 23 9 100
156 18 9 99
158 37 28 150
159 18 9 99
160 18 9 99
161 0 9 99
164 0 9 99
165 27 9 100
166 28 28 150
167 41 28 99
170 27 28 100
171 18 9 99
172 18 9 99
173 19 28 100
174 12 9 99
175 12 28 100
177 44 9 100
179 19 28 100
180 41 28 99
181 23 9 100
182 9 28 100
183 27 28 100
185 12 9 99
187 44 9 100
188 27 9 100
190 10 9 150
192 12 9 99
193 9 28 100
194 24 28 100
195 12 9 99
196 18 9 99
198 18 9 99
199 19 9 99
200 27 28 100
203 18 9 99
204 24 28 100
205 27 28 100
206 12 28 100
207 27 28 100
209 12 9 99
211 12 9 99
211 12 28 100
214 18 9 99
214 19 28 100
215 9 28 100
216 44 9 100
217 18 9 99
220 18 9 99
221 19 9 99
222 9 28 100
223 20 28 148
225 9 28 100
227 24 28 100
228 34 28 100
229 44 9 100
230 18 9 99
231 12 9 99
233 12 9 99
234 27 9 100
236 12 9 99
238 12 9 99
239 19 9 99
241 45 9 150
243 20 28 148
244 27 28 100
245 19 9 99
247 23 9 100
247 44 9 100
250 28 28 150
252 44 9 100
253 19 9 99
254 24 28 100
255 34 28 100
256 24 28 100
258 47 9 150
260 9 28 100
262 15 28 150
263 18 9 99
264 0 9 99
266 37 28 150
268 37 28 150
270 44 9 100
272 20 28 148
273 34 28 100
275 18 9 99
276 9 28 100
277 19 9 99
278 24 28 100
279 41 28 99
282 12 28 100
283 34 28 100
284 34 28 100
285 19 28 100
287 12 9 99
288 34 28 100
289 0 9 99
290 41 28 99
291 12 28 100
292 44 9 100
294 23 9 100
295 27 9 100
296 19 9 99
299 9 28 100
300 18 9 99
301 18 9 99
303 10 9 150
304 1 28 150
306 47 9 150
308 0 9 99
310 0 9 99
311 15 28 150
313 44 9 100
315 18 9 99
316 27 9 100
318 27 9 100
319 37 28 150
321 44 9 100
322 27 9 100
323 12 28 100
325 0 9 99
326 12 9 99
328 27 9 100
329 23 9 100
330 44 9 100
332 41 28 99
333 9 28 100
334 19 9 99
335 27 28 100
336 12 9 99
339 45 9 150
340 20 28 148
342 9 28 100
344 19 28 100
345 12 9 99
346 19 9 99
347 18 9 99
349 18 9 99
350 19 28 100
351 0 9 99
352 18 9 99
353 24 28 100
356 18 9 99
357 12 9 99
359 15 28 150
361 23 9 100
362 0 9 99
363 37 28 150
364 18 9 99
366 0 9 99
367 19 9 99
368 44 9 100
370 9 28 100
372 12 9 99
373 34 28 100
374 9 28 100
375 19 9 99
377 45 9 150
378 24 28 100
381 10 9 150
383 15 28 150
384 10 9 150
387 18 9 99
388 18 9 99
389 15 28 150
392 44 9 100
393 19 28 100
394 44 9 100
395 27 9 100
397 19 9 99
398 1 28 150
399 18 9 99
401 27 9 100
403 0 9 99
404 37 28 150
405 23 9 100
408 9 28 100
409 47 9 150
411 19 9 99
412 19 28 100
413 34 28 100
414 18 9 99
417 27 9 100
418 12 9 99
420 44 9 100
421 0 9 99
422 27 9 100
423 19 9 99
425 27 9 100
426 23 9 100
427 41 28 99
429 34 28 100
430 41 28 99
431 44 9 100
432 18 9 99
434 27 9 100
434 27 28 100
436 12 9 99
438 19 28 100
439 12 9 99
440 19 9 99
442 44 9 100
443 23 9 100
445 12 9 99
446 12 28 100
447 18 9 99
448 0 9 99
449 19 28 100
451 12 9 99
452 0 9 99
453 27 28 100
455 0 9 99
457 15 28 150
460 41 28 99
460 12 9 99
461 34 28 100
462 18 9 99
464 44 9 100
465 0 9 99
467 28 28 150
468 27 28 100
469 23 9 100
470 12 28 100
472 20 28 148
474 27 28 100
475 34 28 100
477 19 9 99
478 27 9 100
479 9 28 100
480 19 28 100
482 9 28 100
484 12 9 99
485 19 28 100
486 0 9 99
487 19 28 100
488 19 9 99
490 10 9 150
493 12 28 100
494 0 9 99
495 24 28 100
497 44 9 100
497 19 28 100
499 18 9 99
501 18 9 99
501 44 9 100
503 0 9 99
504 12 9 99
506 15 28 150
507 19 9 99
510 27 9 100
510 27 28 100
511 18 9 99
514 27 9 100
515 44 9 100
516 23 9 100
518 20 28 148
520 1 28 150
521 23 9 100
522 12 28 100
523 0 9 99
525 47 9 150
527 19 9 99
528 12 9 99
530 37 28 150
531 23 9 100
534 45 9 150
536 12 28 100
537 0 9 99
538 12 28 100
539 12 28 100
540 18 9 99
542 45 9 150
545 18 9 99
546 19 9 99
547 18 9 99
548 1 28 150
550 34 28 100
551 23 9 100
553 18 9 99
554 12 28 100
555 19 28 100
557 19 9 99
558 23 9 100
559 19 28 100
560 27 9 100
562 20 28 148
564 27 9 100
565 19 9 99
566 44 9 100
568 37 28 150
571 18 9 99
571 41 28 99
572 27 9 100
575 23 9 100
576 0 9 99
578 36 45 148
578 7 45 100
578 23 45 150
578 2 45 99
579 16 28 148
580 2 4 99
580 3 4 99
580 27 42 100
581 19 9 99
581 19 28 100
582 24 14 100
582 3 4 99
583 24 28 100
583 41 4 100
583 18 36 150
584 24 28 100
584 36 46 100
584 2 15 100
585 27 9 100
586 40 8 100
586 24 28 100
587 44 14 99
587 47 36 99
587 14 4 100
587 35 42 100
588 30 42 100
588 14 4 100
588 2 15 100
589 36 46 100
589 27 5 99
589 27 9 100
589 40 8 100
590 19 15 100
590 19 28 100
591 46 4 150
591 9 28 100
591 49 45 100
591 48 45 150
591 23 45 150
592 24 45 100
592 18 9 99
593 15 36 100
593 19 15 100
593 36 14 100
594 11 8 150
594 10 9 150
594 2 4 99
594 2 45 99
594 36 45 148
594 25 45 150
594 3 4 99
594 45 45 100
595 35 5 150
595 45 33 148
595 25 33 150
596 34 28 100
596 13 46 99
597 35 42 100
597 7 4 100
597 6 42 99
597 40 42 100
597 19 15 100
597 19 42 150
598 35 42 100
598 15 36 100
598 41 4 100
598 41 14 99
598 27 42 100
599 41 28 99
599 48 8 99
599 48 36 99
600 27 28 100
600 7 4 100
601 47 9 150
601 42 3 100
601 41 4 100
602 36 0 100
602 36 46 100
602 2 8 150
602 2 15 100
602 19 28 100
603 41 14 99
603 41 28 99
604 39 33 100
604 20 33 150
604 13 4 100
604 37 33 100
604 37 42 100
604 18 33 99
606 13 4 100
606 41 45 148
606 19 9 99
606 19 15 100
606 19 45 99
606 23 45 150
606 49 45 100
607 46 5 99
607 0 9 99
608 41 14 99
608 41 28 99
608 22 46 100
608 6 36 100
608 27 5 99
609 24 28 100
609 24 33 150
609 17 33 100
609 42 33 99
609 9 8 99
610 1 38 150
610 23 9 100
610 23 45 150
610 19 45 99
610 9 8 99
610 48 45 150
611 45 45 100
611 47 4 148
612 19 9 99
612 19 42 150
612 26 46 99
613 35 42 100
613 16 14 100
613 33 0 99
614 48 15 150
614 41 4 100
614 41 28 99
615 44 9 100
615 3 4 99
615 19 28 100
616 35 42 100
616 37 42 100
616 0 9 99
617 13 4 100
617 13 8 150
617 13 36 100
617 13 46 99
618 27 9 100
618 45 0 100
618 0 14 100
619 10 9 150
619 40 4 100
619 40 8 100
620 0 9 99
620 11 42 100
621 26 46 99
621 35 5 150
622 2 4 99
622 0 9 99
623 16 14 100
623 13 4 100
623 9 8 99
623 18 9 99
624 18 9 99
624 19 15 100
625 24 5 100
625 35 41 150
625 34 36 99
626 13 4 100
626 13 46 99
627 12 28 100
627 18 4 100
627 41 45 148
627 25 45 150
628 22 14 100
628 2 15 100
628 2 45 99
628 31 3 100
628 7 45 100
628 45 45 100
628 48 45 150
628 25 45 150
629 9 8 99
629 9 28 100
629 35 42 100
629 27 9 100
629 23 4 150
629 23 45 150
629 49 45 100
629 47 8 100
629 2 45 99
630 17 45 148
630 2 45 99
631 46 38 100
631 11 42 100
631 34 28 100
631 17 45 148
631 45 45 100
631 36 45 148
631 2 45 99
632 48 36 99
632 6 42 99
633 17 4 150
633 17 15 150
633 40 42 100
634 0 14 100
634 0 42 150
634 3 4 99
634 47 8 100
635 13 4 100
635 13 46 99
635 15 28 150
635 11 33 148
635 18 33 99
636 39 33 100
636 34 36 99
636 18 9 99
637 47 8 100
637 19 15 100
637 19 42 150
637 1 0 100
638 2 4 99
638 18 9 99
638 6 42 99
639 18 4 100
639 49 45 100
639 23 45 150
640 41 14 99
640 41 28 99
640 41 45 148
640 24 45 100
640 36 0 100
641 15 36 100
642 48 15 150
642 45 9 150
642 7 4 100
642 22 46 100
643 18 4 100
643 18 9 99
644 44 14 99
644 37 28 150
645 17 45 148
645 12 9 99
645 23 45 150
645 47 8 100
645 24 45 100
645 40 4 100
646 36 46 100
646 24 45 100
646 2 4 99
646 2 15 100
646 42 42 150
647 27 9 100
647 24 8 148
648 12 9 99
648 46 5 99
649 22 14 100
649 6 36 100
649 6 42 99
649 18 4 100
650 2 4 99
650 2 15 100
651 17 42 150
651 13 46 99
651 18 9 99
652 34 28 100
652 14 4 100
653 34 36 99
653 2 4 99
653 2 8 150
653 2 15 100
654 17 42 150
654 18 9 99
654 27 42 100
654 37 42 100
654 0 42 150
654 30 42 100
655 12 28 100
655 36 14 100
655 36 45 148
655 19 5 100
655 19 15 100
655 19 45 99
655 40 8 100
655 17 45 148
656 2 4 99
656 2 45 99
656 23 45 150
656 48 45 150
656 7 45 100
657 7 4 100
657 7 45 100
657 31 3 100
657 9 28 100
658 37 46 100
659 10 9 150
659 21 15 148
659 36 4 150
659 31 36 100
660 44 14 99
660 44 33 100
660 37 33 100
660 6 33 150
660 23 47 100
661 44 8 148
662 19 4 148
663 45 45 100
663 25 45 150
663 41 45 148
663 2 15 100
663 2 45 99
664 49 45 100
664 48 8 99
664 48 45 150
664 24 45 100
664 3 4 99
664 18 9 99
665 17 45 148
665 41 4 100
665 41 14 99
665 10 9 150
665 47 8 100
665 19 15 100
666 16 28 148
666 22 46 100
666 40 42 100
667 2 4 99
667 27 9 100
668 27 5 99
669 25 45 150
669 12 28 100
669 23 45 150
669 7 4 100
669 7 45 100
669 2 45 99
670 26 46 99
670 2 15 100
670 47 8 100
670 12 9 99
670 36 14 100
671 2 4 99
671 48 42 150
672 7 4 100
673 37 42 100
673 2 15 100
673 45 36 100
674 37 28 150
674 37 42 100
674 6 42 99
674 16 5 99
675 22 14 100
675 41 4 100
675 41 38 100
675 6 36 100
676 40 4 100
676 23 9 100
676 26 46 99
677 23 9 100
677 6 36 100
678 47 4 148
678 38 15 148
678 19 9 99
679 16 5 99
679 28 3 99
680 24 8 148
680 24 14 100
680 24 28 100
680 45 36 100
681 47 4 148
682 14 5 150
682 48 45 150
682 22 46 100
682 19 15 100
682 19 28 100
682 19 45 99
682 17 45 148
683 40 42 100
683 34 28 100
683 7 45 100
684 19 42 150
685 23 9 100
685 24 14 100
686 45 0 100
686 45 9 150
686 48 8 99
686 37 46 100
686 2 15 100
687 24 45 100
687 17 45 148
687 48 8 99
687 48 45 150
687 19 45 99
687 3 4 99
688 14 4 100
688 44 9 100
689 7 45 100
689 0 38 99
689 45 45 100
689 36 45 148
689 30 42 100
690 47 8 100
690 13 4 100
690 44 14 99
690 7 45 100
691 29 0 99
691 44 9 100
691 41 28 99
692 46 5 99
692 37 46 100
693 47 8 100
693 8 18 100
693 0 9 99
693 40 4 100
694 7 45 100
694 36 45 148
694 12 9 99
694 41 45 148
694 23 45 150
695 46 5 99
695 44 14 99
696 38 0 100
696 38 15 148
697 48 8 99
697 48 42 150
697 16 28 148
698 14 5 150
698 14 38 148
698 13 46 99
699 11 8 150
699 6 36 100
699 41 4 100
699 19 9 99
700 18 4 100
700 36 14 100
700 2 15 100
701 19 9 99
701 47 8 100
702 47 4 148
702 47 36 99
702 24 28 100
703 0 9 99
703 47 8 100
704 38 15 148
704 22 46 100
704 18 4 100
705 40 4 100
705 0 9 99
705 0 14 100
706 12 28 100
707 14 4 100
707 2 15 100
707 18 9 99
708 3 4 99
708 41 28 99
708 36 46 100
709 6 36 100
709 19 9 99
709 46 3 100
710 40 4 100
710 40 8 100
710 40 42 100
710 41 14 99
711 45 33 148
711 45 45 100
711 14 4 100
711 17 33 100
711 17 45 148
711 27 33 150
711 24 45 100
712 17 45 148
712 19 15 100
712 47 8 100
713 23 4 150
713 23 45 150
713 1 28 150
713 17 45 148
713 45 45 100
713 19 45 99
714 44 5 100
714 44 9 100
714 36 46 100
715 24 14 100
715 24 33 150
715 42 33 99
715 42 42 150
715 17 33 100
716 23 9 100
716 37 42 100
716 14 4 100
716 47 36 99
717 13 36 100
717 6 33 150
717 44 9 100
717 44 33 100
717 37 33 100
717 39 33 100
718 7 0 100
718 7 4 100
718 40 8 100
718 40 42 100
718 35 42 100
718 24 28 100
718 19 15 100
719 6 36 100
719 47 8 100
720 41 14 99
720 41 45 148
720 36 45 148
720 2 45 99
720 17 45 148
721 27 5 99
722 29 0 99
722 26 46 99
723 41 45 148
723 7 45 100
723 0 9 99
723 14 15 150
723 40 8 100
723 2 45 99
723 23 45 150
724 20 28 148
724 46 5 99
724 41 45 148
724 25 45 150
724 48 45 150
725 2 4 99
725 41 14 99
726 37 28 150
726 37 38 150
726 48 8 99
726 40 4 100
727 12 36 99
727 9 8 99
727 42 47 100
728 25 45 150
728 17 45 148
728 23 9 100
728 23 45 150
728 24 45 100
728 3 4 99
729 41 4 100
729 48 15 150
730 41 14 99
730 20 33 150
730 12 36 99
730 44 33 100
730 39 33 100
731 44 9 100
731 36 4 150
731 36 46 100
731 35 42 100
731 19 42 150
731 48 42 150
732 27 42 100
732 2 15 100
732 2 45 99
732 23 45 150
733 25 45 150
733 13 4 100
733 13 36 100
733 2 45 99
734 41 4 100
734 47 8 100
734 47 36 99
734 44 9 100
735 37 42 100
735 41 14 99
735 38 15 148
736 19 9 99
736 19 42 150
736 30 42 100
736 9 8 99
736 24 33 150
736 7 4 100
736 44 33 100
736 36 33 100
737 15 28 150
737 2 4 99
737 0 9 99
738 39 5 100
738 40 8 100
738 40 42 100
738 7 45 100
738 36 45 148
738 2 45 99
738 48 45 150
739 2 15 100
739 45 36 100
739 47 8 100
740 23 9 100
740 19 5 100
740 37 46 100
740 0 14 100
741 13 4 100
741 23 8 148
742 19 5 100
742 19 9 99
742 19 28 100
743 18 4 100
744 0 9 99
744 47 36 99
744 19 5 100
745 36 14 100
745 36 46 100
745 30 42 100
746 0 9 99
746 3 4 99
747 45 33 148
747 17 33 100
747 25 33 150
747 44 9 100
747 13 4 100
748 7 0 100
749 31 15 150
749 0 9 99
749 47 8 100
749 43 8 148
750 19 4 148
750 19 9 99
750 36 46 100
750 47 8 100
752 17 42 150
752 34 28 100
752 3 4 99
752 20 3 100
752 0 14 100
753 9 28 100
753 19 15 100
753 13 46 99
754 2 4 99
754 18 9 99
754 0 42 150
755 6 33 150
755 44 33 100
755 18 33 99
756 41 4 100
756 41 14 99
756 41 28 99
756 40 8 100
756 19 15 100
757 18 4 100
757 17 45 148
757 25 45 150
757 36 45 148
758 27 9 100
758 22 46 100
758 19 8 150
759 16 5 99
759 12 9 99
760 37 28 150
760 19 5 100
761 22 14 100
761 6 42 99
761 33 0 99
762 12 9 99
762 37 46 100
762 3 4 99
763 2 4 99
763 2 15 100
763 0 9 99
764 48 36 99
764 48 42 150
765 0 9 99
765 38 0 100
766 47 4 148
766 47 8 100
766 44 9 100
767 12 9 99
767 13 46 99
767 41 14 99
768 2 4 99
768 2 15 100
768 27 9 100
769 40 4 100
770 19 15 100
770 19 42 150
771 43 8 148
771 3 4 99
771 26 46 99
771 45 9 150
772 18 4 100
772 30 18 100
772 9 8 99
773 44 14 99
773 14 38 148
774 44 9 100
774 40 4 100
774 40 8 100
774 41 45 148
774 48 45 150
774 19 15 100
774 19 45 99
775 45 45 100
775 2 4 99
775 44 9 100
776 7 45 100
776 17 45 148
776 40 8 100
776 23 45 150
777 28 3 99
777 23 9 100
777 23 45 150
777 7 45 100
777 39 5 100
777 2 45 99
777 49 45 100
778 6 42 99
778 12 28 100
778 17 4 150
778 17 45 148
778 49 45 100
778 36 14 100
778 36 45 148
778 23 45 150
778 2 15 100
778 2 45 99
779 17 33 100
779 17 45 148
779 23 45 150
779 39 33 100
779 49 45 100
779 2 45 99
779 43 33 100
779 44 33 100
781 9 8 99
781 9 28 100
781 37 46 100
782 42 42 150
782 47 9 150
782 14 4 100
782 2 15 100
782 19 5 100
783 36 14 100
783 41 4 100
784 23 9 100
784 17 42 150
784 26 46 99
785 19 9 99
785 19 28 100
785 1 0 100
786 41 4 100
787 39 36 150
787 41 4 100
787 41 28 99
787 18 9 99
787 0 47 99
788 40 8 100
788 22 14 100
789 7 4 100
790 19 15 100
790 3 4 99
790 26 46 99
791 21 0 100
791 23 9 100
792 0 9 99
793 17 42 150
793 0 14 100
793 22 46 100
794 41 4 100
794 41 28 99
794 15 36 100
794 21 8 150
794 2 15 100
794 30 42 100
795 25 45 150
795 19 45 99
795 13 4 100
795 36 45 148
795 49 45 100
796 41 28 99
797 24 5 100
797 24 8 148
797 23 9 100
797 2 15 100
798 9 28 100
798 37 42 100
798 31 36 100
798 41 4 100
798 41 14 99
798 30 42 100
798 19 42 150
798 6 42 99
799 47 36 99
799 48 42 150
799 3 4 99
799 27 28 100
800 47 8 100
800 35 5 150
800 35 42 100
800 12 9 99
801 2 4 99
801 2 15 100
801 13 46 99
802 5 3 100
802 0 9 99
803 2 4 99
803 36 14 100
805 14 8 150
805 27 5 99
805 27 9 100
805 27 42 100
805 22 46 100
805 37 42 100
806 18 9 99
806 35 42 100
806 19 5 100
807 26 0 100
807 44 14 99
808 14 4 100
808 44 9 100
809 40 42 100
809 17 15 150
809 22 46 100
809 36 0 100
810 49 36 100
810 44 9 100
811 0 9 99
811 29 0 99
812 27 9 100
812 5 15 148
813 44 14 99
813 12 28 100
813 12 36 99
814 41 4 100
814 48 8 99
814 22 46 100
815 48 8 99
815 48 36 99
815 44 9 100
815 41 4 100
816 10 9 150
817 42 42 150
817 3 4 99
817 48 15 150
818 48 36 99
818 3 4 99
818 9 28 100
818 36 14 100
819 9 28 100
820 40 4 100
821 2 4 99
821 36 46 100
822 2 15 100
822 24 5 100
822 24 14 100
822 24 28 100
823 28 3 99
823 45 36 100
823 12 9 99
823 27 5 99
824 36 45 148
824 24 45 100
824 25 45 150
824 47 8 100
825 47 4 148
825 47 9 150
825 23 45 150
826 14 8 150
826 26 46 99
826 12 28 100
827 36 14 100
827 6 36 100
827 6 42 99
827 9 28 100
827 44 5 100
827 24 15 148
828 3 4 99
828 49 45 100
828 9 8 99
828 2 45 99
828 36 45 148
828 24 45 100
829 17 42 150
829 17 45 148
829 18 4 100
829 18 9 99
829 49 45 100
829 23 45 150
829 41 45 148
830 44 9 100
830 47 8 100
831 34 28 100
831 7 4 100
832 24 14 100
832 24 33 150
832 3 4 99
832 6 33 150
832 37 33 100
833 5 15 148
833 22 46 100
833 47 8 100
833 11 42 100
834 34 28 100
834 34 36 99
834 47 4 148
834 47 8 100
834 19 9 99
835 35 5 150
835 18 9 99
836 9 8 99
837 44 14 99
837 44 33 100
837 35 42 100
837 43 33 100
837 42 33 99
837 6 42 99
837 40 4 100
838 13 4 100
838 13 36 100
838 16 15 150
838 19 9 99
839 26 46 99
839 12 28 100
840 10 9 150
840 18 4 100
841 13 4 100
842 44 14 99
842 24 28 100
842 26 46 99
843 21 8 150
843 24 4 148
843 0 9 99
843 2 15 100
844 0 9 99
845 44 9 100
846 3 4 99
846 45 45 100
846 7 45 100
846 25 45 150
846 17 15 150
846 17 45 148
847 40 4 100
847 40 8 100
847 13 46 99
847 36 14 100
848 1 38 150
849 13 4 100
849 40 8 100
850 9 28 100
850 49 36 100
850 44 5 100
851 40 4 100
851 48 36 99
852 12 9 99
852 12 28 100
852 22 14 100
853 47 4 148
853 22 46 100
854 27 9 100
854 27 38 100
855 26 0 100
855 9 28 100
855 20 33 150
855 14 15 150
855 6 33 150
855 36 33 100
856 46 38 100
856 27 9 100
856 2 4 99
857 44 9 100
857 44 14 99
857 15 36 100
857 7 4 100
858 0 47 99
858 12 28 100
858 12 36 99
858 5 8 148
859 48 8 99
859 26 46 99
860 5 3 100
860 14 5 150
860 23 9 100
861 0 9 99
861 39 5 100
862 40 4 100
862 12 9 99
862 16 14 100
862 19 15 100
863 14 4 100
864 26 46 99
864 0 9 99
864 19 5 100
