74 31 4 100
74 31 13 148
74 31 18 99
74 31 21 148
74 31 22 100
74 31 33 148
74 31 35 100
74 31 41 150
74 31 42 100
74 31 46 150
74 31 47 100
74 31 49 60
86 31 13 148
86 31 18 99
86 31 21 148
86 31 22 100
86 31 33 148
86 31 35 100
86 31 41 150
86 31 42 100
86 31 46 150
86 31 47 100
86 31 49 78
97 31 13 148
97 31 18 99
97 31 21 148
97 31 22 100
97 31 33 148
97 31 35 100
97 31 41 150
97 31 42 100
97 31 46 150
97 31 47 100
97 31 49 141
117 31 13 148
117 31 18 99
117 31 21 148
117 31 22 100
117 31 33 148
117 31 35 100
117 31 41 150
117 31 42 100
117 31 46 150
117 31 47 100
117 31 49 150
136 31 4 100
136 31 13 148
136 31 18 99
136 31 21 148
136 31 22 100
136 31 33 148
136 31 35 100
136 31 41 150
136 31 42 100
136 31 46 150
136 31 47 100
136 31 49 150
152 31 4 100
152 31 13 148
152 31 18 99
152 31 21 148
152 31 22 100
152 31 33 148
152 31 35 100
152 31 41 150
152 31 42 100
152 31 46 150
152 31 47 100
152 31 49 150
169 18 18 100
169 18 20 150
169 18 22 100
169 18 26 150
169 18 31 100
169 18 37 150
169 18 38 100
169 18 47 148
172 18 18 100
172 18 20 150
172 18 22 100
172 18 26 150
172 18 31 100
172 18 37 150
172 18 38 100
172 18 47 148
173 18 18 100
173 18 20 150
173 18 22 100
173 18 26 150
173 18 31 100
173 18 37 150
173 18 38 100
173 18 47 148
175 18 18 100
175 18 20 150
175 18 22 100
175 18 26 150
175 18 31 100
175 18 37 150
175 18 38 100
175 18 47 148
179 16 2 100
179 16 7 150
179 16 13 100
179 16 25 150
179 16 31 100
179 16 38 148
179 16 43 99
179 16 44 150
179 16 48 99
180 18 18 100
180 18 20 150
180 18 22 100
180 18 26 150
180 18 31 100
180 18 37 150
180 18 38 100
180 18 47 148
183 16 2 100
183 16 7 150
183 16 13 100
183 16 25 150
183 16 31 100
183 16 38 148
183 16 43 99
183 16 44 150
183 16 48 99
183 18 18 100
183 18 20 150
183 18 22 100
183 18 26 150
183 18 31 100
183 18 37 150
183 18 38 100
183 18 47 148
184 18 18 100
184 18 20 150
184 18 22 100
184 18 26 150
184 18 31 100
184 18 37 150
184 18 38 100
184 18 47 148
185 31 4 100
185 31 13 148
185 31 18 99
185 31 21 148
185 31 22 100
185 31 33 148
185 31 35 100
185 31 41 150
185 31 42 100
185 31 46 150
185 31 47 100
185 31 49 150
186 16 2 100
186 16 7 150
186 16 13 100
186 16 25 150
186 16 31 100
186 16 38 148
186 16 43 99
186 16 44 150
186 16 48 99
186 18 18 100
186 18 20 150
186 18 22 100
186 18 26 150
186 18 31 100
186 18 37 150
186 18 38 100
186 18 47 148
188 18 18 100
188 18 20 150
188 18 22 100
188 18 26 150
188 18 31 100
188 18 37 150
188 18 38 100
188 18 47 148
190 18 18 100
190 18 20 150
190 18 22 100
190 18 26 150
190 18 31 100
190 18 37 150
190 18 38 100
190 18 47 148
195 18 18 100
195 18 20 150
195 18 22 100
195 18 26 150
195 18 31 100
195 18 37 150
195 18 38 100
195 18 47 148
198 18 18 100
198 18 20 150
198 18 22 100
198 18 26 150
198 18 31 100
198 18 37 150
198 18 38 100
198 18 47 148
200 18 18 100
200 18 20 150
200 18 22 100
200 18 26 150
200 18 31 100
200 18 37 150
200 18 38 100
200 18 47 148
201 18 18 100
201 18 20 150
201 18 22 100
201 18 26 150
201 18 31 100
201 18 37 150
201 18 38 100
201 18 47 148
203 18 18 100
203 18 20 150
203 18 22 100
203 18 26 150
203 18 31 100
203 18 37 150
203 18 38 100
203 18 47 148
205 18 18 100
205 18 20 150
205 18 22 100
205 18 26 150
205 18 31 100
205 18 37 150
205 18 38 100
205 18 47 148
211 18 18 100
211 18 20 150
211 18 22 100
211 18 26 150
211 18 31 100
211 18 37 150
211 18 38 100
211 18 47 148
215 18 18 100
215 18 20 150
215 18 22 100
215 18 26 150
215 18 31 100
215 18 37 150
215 18 38 100
215 18 47 148
217 18 18 100
217 18 20 150
217 18 22 100
217 18 26 150
217 18 31 100
217 18 37 150
217 18 38 100
217 18 47 148
220 18 18 100
220 18 20 150
220 18 22 100
220 18 26 150
220 18 31 100
220 18 37 150
220 18 38 100
220 18 47 148
221 18 18 100
221 18 20 150
221 18 22 100
221 18 26 150
221 18 31 100
221 18 37 150
221 18 38 100
221 18 47 148
222 18 18 100
222 18 20 150
222 18 22 100
222 18 26 150
222 18 31 100
222 18 37 150
222 18 38 100
222 18 47 148
225 18 18 100
225 18 20 150
225 18 22 100
225 18 26 150
225 18 31 100
225 18 37 150
225 18 38 100
225 18 47 148
228 18 18 100
228 18 20 150
228 18 22 100
228 18 26 150
228 18 31 100
228 18 37 150
228 18 38 100
228 18 47 148
237 18 18 100
237 18 20 150
237 18 22 100
237 18 26 150
237 18 31 100
237 18 37 150
237 18 38 100
237 18 47 148
242 31 4 100
242 31 13 148
242 31 18 99
242 31 21 148
242 31 22 100
242 31 33 148
242 31 35 100
242 31 41 150
242 31 42 100
242 31 46 150
242 31 47 100
242 31 49 150
245 18 18 100
245 18 20 150
245 18 22 100
245 18 26 150
245 18 31 100
245 18 37 150
245 18 38 100
245 18 47 148
245 16 2 100
245 16 7 150
245 16 13 100
245 16 25 150
245 16 31 100
245 16 38 148
245 16 43 99
245 16 44 150
245 16 48 99
246 16 2 100
246 16 7 150
246 16 13 100
246 16 25 150
246 16 31 100
246 16 38 148
246 16 43 99
246 16 44 150
246 16 48 99
249 16 2 100
249 16 7 150
249 16 13 100
249 16 25 150
249 16 31 100
249 16 38 148
249 16 43 99
249 16 44 150
249 16 48 99
252 16 2 100
252 16 7 150
252 16 13 100
252 16 25 150
252 16 31 100
252 16 38 148
252 16 43 99
252 16 44 150
252 16 48 99
256 18 18 100
256 18 20 150
256 18 22 100
256 18 26 150
256 18 31 100
256 18 37 150
256 18 38 100
256 18 47 148
270 31 4 100
270 31 13 148
270 31 18 99
270 31 21 148
270 31 22 100
270 31 33 148
270 31 35 100
270 31 41 150
270 31 42 100
270 31 46 150
270 31 47 100
270 31 49 150
271 18 18 100
271 18 20 150
271 18 22 100
271 18 26 150
271 18 31 100
271 18 37 150
271 18 38 100
271 18 47 148
275 18 18 100
275 18 20 150
275 18 22 100
275 18 26 150
275 18 31 100
275 18 37 150
275 18 38 100
275 18 47 148
292 18 18 100
292 18 20 150
292 18 22 100
292 18 26 150
292 18 31 100
292 18 37 150
292 18 38 100
292 18 47 148
299 18 18 100
299 18 20 150
299 18 22 100
299 18 26 150
299 18 31 100
299 18 37 150
299 18 38 100
299 18 47 148
312 18 18 100
312 18 20 150
312 18 22 100
312 18 26 150
312 18 31 100
312 18 37 150
312 18 38 100
312 18 47 148
328 18 18 100
328 18 20 150
328 18 22 100
328 18 26 150
328 18 31 100
328 18 37 150
328 18 38 100
328 18 47 148
333 18 18 100
333 18 20 150
333 18 22 100
333 18 26 150
333 18 31 100
333 18 37 150
333 18 38 100
333 18 47 148
349 18 18 100
349 18 20 150
349 18 22 100
349 18 26 150
349 18 31 100
349 18 37 150
349 18 38 100
349 18 47 148
593 18 18 100
593 18 20 150
593 18 22 100
593 18 26 150
593 18 31 100
593 18 37 150
593 18 38 100
593 18 47 148
594 18 18 100
594 18 20 150
594 18 22 100
594 18 26 150
594 18 31 100
594 18 37 150
594 18 38 100
594 18 47 148
594 42 3 100
594 42 7 150
594 42 11 100
594 42 14 150
594 42 15 100
594 42 18 150
594 42 20 100
594 42 31 148
594 42 36 100
594 42 42 148
594 42 43 99
594 42 46 150
599 1 9 100
599 1 15 150
599 1 16 100
599 1 20 150
599 1 27 100
599 1 35 150
599 1 37 100
599 1 38 150
599 1 39 100
599 1 41 72
599 1 48 150
625 18 18 100
625 18 20 150
625 18 22 100
625 18 26 150
625 18 31 100
625 18 37 150
625 18 38 100
625 18 47 148
627 18 18 100
627 18 20 150
627 18 22 100
627 18 26 150
627 18 31 100
627 18 37 150
627 18 38 100
627 18 47 148
628 16 2 100
628 16 7 150
628 16 13 100
628 16 25 150
628 16 31 100
628 16 38 148
628 16 43 99
628 16 44 150
628 16 48 99
629 16 2 100
629 16 7 150
629 16 13 100
629 16 25 150
629 16 31 100
629 16 38 148
629 16 43 99
629 16 44 150
629 16 48 99
629 18 18 100
629 18 20 150
629 18 22 100
629 18 26 150
629 18 31 100
629 18 37 150
629 18 38 100
629 18 47 148
637 16 2 100
637 16 7 150
637 16 13 100
637 16 25 150
637 16 31 100
637 16 38 148
637 16 43 99
637 16 44 150
637 16 48 99
638 16 2 100
638 16 7 150
638 16 13 100
638 16 25 150
638 16 31 100
638 16 38 148
638 16 43 99
638 16 44 150
638 16 48 99
692 38 3 100
692 38 7 100
692 38 18 100
692 38 21 150
692 38 38 100
692 38 40 96
692 38 47 20
692 46 4 100
692 46 11 100
692 46 13 100
692 46 33 148
692 46 37 100
692 46 38 150
692 8 2 99
692 8 7 148
692 8 9 100
692 8 13 100
692 8 21 148
692 8 26 99
692 8 31 148
692 8 33 100
692 8 39 140
692 8 43 100
692 8 45 148
692 8 46 100
692 8 48 148
692 27 0 100
692 27 3 150
692 27 14 45
692 27 19 14
692 27 36 150
692 27 38 100
692 27 43 148
692 27 44 48
692 27 48 100
692 35 3 100
692 35 33 100
692 35 43 150
692 35 49 148
692 33 16 40
692 33 27 148
692 33 35 150
692 33 36 100
692 33 42 150
692 33 44 2
692 21 4 150
692 21 13 100
692 21 15 56
692 21 33 148
692 21 35 100
692 21 36 150
692 21 41 99
692 21 49 100
692 39 0 100
692 39 15 2
692 39 21 150
692 39 25 148
692 39 35 100
692 39 36 150
692 39 45 100
692 39 46 150
692 30 18 100
692 30 20 100
692 30 31 150
692 30 33 148
692 30 35 100
692 30 48 148
692 1 16 2
692 1 27 100
692 1 35 150
692 1 37 100
692 1 38 150
692 1 41 148
692 1 45 100
692 1 48 150
692 5 2 99
692 5 3 150
692 5 4 99
692 5 7 148
692 5 18 150
692 5 20 100
692 5 33 99
692 5 37 150
692 5 43 150
692 5 49 100
692 45 7 148
692 45 13 100
692 45 27 72
692 45 37 100
692 45 42 150
692 41 2 150
692 41 20 100
692 41 22 150
692 41 31 99
692 41 33 150
692 41 36 99
692 41 37 150
692 37 7 100
692 37 11 150
692 37 13 100
692 37 20 100
692 37 22 150
692 37 35 99
692 37 41 84
692 25 0 100
692 25 18 100
692 11 0 36
692 11 4 100
692 11 7 148
692 11 14 1
692 11 26 150
692 11 37 99
692 11 46 100
692 11 48 150
693 34 18 150
693 34 21 100
693 34 26 150
693 34 38 150
693 34 49 150
693 2 22 100
693 2 25 150
693 2 26 99
693 2 33 150
693 2 45 10
693 36 2 150
693 36 3 99
693 36 7 150
693 36 11 150
693 36 13 150
693 36 18 100
693 36 22 100
693 36 25 150
693 27 3 150
693 27 35 100
693 27 36 81
693 27 43 148
693 27 46 150
693 27 48 100
693 8 2 99
693 8 7 148
693 8 13 100
693 8 21 148
693 8 26 99
693 8 31 148
693 8 33 100
693 8 42 150
693 8 43 100
693 8 46 100
693 8 48 148
693 24 4 100
693 24 11 100
693 24 33 150
693 24 48 150
693 5 2 99
693 5 3 150
693 5 4 99
693 5 7 148
693 5 18 150
693 5 20 100
693 5 33 99
693 5 37 150
693 5 43 150
693 5 49 100
693 12 4 150
693 12 7 99
693 12 26 148
693 12 31 100
693 12 33 99
693 12 37 100
693 12 48 150
693 7 11 148
693 7 13 100
693 7 25 99
693 7 26 148
693 7 38 148
693 7 43 150
693 7 48 100
693 23 2 99
693 23 3 150
693 23 4 100
693 23 13 150
693 23 25 150
693 23 48 150
693 16 2 100
693 16 7 150
693 16 13 100
693 16 25 150
693 16 31 100
693 16 38 148
693 16 43 99
693 16 48 99
693 44 20 148
693 44 21 100
693 44 22 148
693 44 26 150
693 44 42 100
693 44 43 148
693 44 46 148
693 1 20 150
693 1 35 150
693 1 37 100
693 1 38 150
693 1 48 150
693 32 3 148
693 32 11 100
693 32 21 150
693 32 25 99
693 32 26 150
693 32 46 150
693 32 48 99
693 4 4 148
693 4 18 100
693 4 46 100
693 17 2 100
693 17 11 148
693 17 13 150
693 17 18 100
693 17 20 100
693 17 46 99
693 17 48 148
694 46 4 100
694 46 11 100
694 46 13 100
694 46 33 148
694 46 37 48
694 12 4 150
694 12 7 99
694 12 26 148
694 12 31 100
694 12 33 99
694 12 37 3
694 14 3 100
694 14 7 100
694 14 42 150
694 14 43 100
694 14 46 99
694 14 48 150
694 35 3 100
694 35 33 100
694 35 43 150
694 35 49 148
694 1 20 150
694 1 35 150
694 1 38 150
694 1 41 16
694 17 2 100
694 17 11 148
694 17 13 150
694 17 18 100
694 17 20 100
694 17 46 99
694 17 48 148
694 22 20 150
694 22 26 148
694 22 35 150
694 22 46 148
694 45 7 148
694 45 13 100
694 45 31 150
694 45 42 150
694 29 2 99
694 29 3 150
694 29 11 75
694 29 35 100
694 29 38 150
694 29 49 148
694 25 18 100
694 39 18 99
694 39 21 150
694 39 25 148
694 39 35 100
694 39 46 150
694 38 3 100
694 38 7 100
694 38 18 100
694 38 21 150
694 38 38 100
694 38 48 100
694 19 4 148
694 19 7 100
694 19 26 148
694 19 31 148
694 19 38 150
694 19 46 100
694 23 2 99
694 23 3 23
694 23 13 150
694 23 25 100
694 43 4 100
694 43 7 150
694 43 13 100
694 43 26 150
694 43 31 150
694 43 49 100
694 36 2 150
694 36 7 150
694 36 13 150
694 36 18 100
694 36 22 100
695 34 18 150
695 34 21 100
695 34 26 150
695 34 38 150
695 34 49 150
695 22 20 150
695 22 26 148
695 22 35 150
695 22 46 148
695 1 20 150
695 1 35 150
695 1 38 150
695 1 41 12
695 40 3 28
695 40 31 150
695 40 43 150
695 33 21 150
695 33 35 150
695 33 42 150
695 7 13 100
695 7 25 18
695 7 38 148
695 7 43 150
695 7 48 100
695 38 3 2
695 38 18 100
695 38 21 150
695 38 38 100
695 38 48 100
695 11 4 100
695 11 7 148
695 11 20 100
695 11 26 150
695 11 46 100
695 11 48 150
695 10 4 100
695 10 20 150
695 10 41 2
695 10 49 100
695 19 4 148
695 19 7 100
695 19 26 148
695 19 31 148
695 19 38 150
695 19 46 100
695 17 2 100
695 17 13 150
695 17 18 100
695 17 20 100
695 17 46 99
695 17 48 148
695 20 4 100
695 20 7 150
695 20 20 100
695 20 22 150
695 20 26 150
695 20 38 150
695 20 43 100
695 8 2 99
695 8 7 148
695 8 13 100
695 8 21 148
695 8 26 99
695 8 31 148
695 8 33 100
695 8 42 150
695 8 43 100
695 8 46 100
695 8 48 148
695 49 26 150
695 49 35 148
695 49 42 99
695 49 49 150
695 18 18 100
695 18 20 150
695 18 22 100
695 18 26 150
695 18 31 100
695 18 38 100
695 23 2 99
695 23 4 48
695 23 48 150
696 16 2 100
696 16 7 150
696 16 13 100
696 16 31 100
696 16 38 148
696 16 43 99
696 16 48 99
696 29 2 99
696 29 3 30
696 29 35 100
696 29 38 150
696 29 49 148
696 20 7 150
696 20 20 100
696 20 22 150
696 20 26 150
696 20 38 150
696 20 43 100
696 2 22 100
696 2 26 99
696 2 33 150
696 2 46 99
696 21 2 100
696 21 13 100
696 21 26 148
696 21 33 148
696 21 35 100
696 21 41 15
696 19 26 148
696 19 31 148
696 19 38 150
696 19 46 100
696 25 18 100
696 42 7 150
696 42 18 150
696 42 20 100
696 42 31 148
696 42 42 148
696 42 43 99
696 42 46 150
696 12 7 99
696 12 26 148
696 12 31 100
696 12 33 99
696 12 48 150
696 39 18 99
696 39 21 150
696 39 35 100
696 39 46 150
696 31 13 148
696 31 18 69
696 31 22 100
696 31 33 148
696 31 35 100
696 31 41 1
696 31 46 150
696 23 2 99
696 23 13 150
696 23 48 150
696 28 7 99
696 28 26 150
696 28 35 100
696 33 21 150
696 33 35 150
696 33 42 150
696 10 20 150
696 10 42 150
696 10 49 1
696 26 11 1
696 26 31 99
696 26 43 150
697 6 2 100
697 6 3 30
697 6 31 100
697 6 35 150
697 6 46 150
697 6 48 150
697 47 21 150
697 47 42 150
697 47 43 100
697 36 2 150
697 36 7 150
697 36 13 150
697 36 22 100
697 30 20 100
697 30 31 150
697 30 33 148
697 30 35 100
697 30 48 148
697 24 33 150
697 24 48 150
697 21 2 100
697 21 13 100
697 21 26 148
697 21 33 148
697 21 35 100
697 15 35 64
697 17 2 100
697 17 13 150
697 17 18 1
697 17 46 99
697 17 48 148
697 19 7 100
697 19 26 148
697 19 31 148
697 19 38 150
697 19 46 100
697 43 7 150
697 43 13 100
697 43 26 150
697 43 31 150
697 34 21 100
697 34 26 108
697 26 7 148
697 26 20 100
697 26 31 99
697 26 43 150
697 39 21 150
697 39 46 150
697 33 21 15
697 3 31 99
697 3 42 148
697 3 46 148
698 12 7 99
698 12 26 20
698 12 33 99
698 12 48 150
698 28 7 99
698 28 26 2
698 32 48 99
698 29 2 99
698 29 33 150
698 29 38 150
698 0 20 150
698 0 31 150
698 0 33 150
698 0 43 100
698 31 13 148
698 31 22 100
698 31 33 148
698 31 42 100
698 31 46 150
698 41 2 150
698 41 20 100
698 41 22 150
698 41 31 99
698 41 33 150
698 46 13 100
698 46 33 148
698 46 38 150
698 23 2 99
698 23 13 150
698 23 48 150
698 36 2 150
698 36 7 150
698 36 13 150
698 36 22 100
698 24 33 150
698 24 48 150
698 34 38 150
698 20 7 150
698 20 20 100
698 20 22 150
698 20 38 150
698 20 43 100
698 21 2 100
698 21 13 100
698 21 33 148
699 4 46 100
699 35 33 100
699 35 43 150
699 27 38 100
699 27 43 148
699 27 46 150
699 27 48 100
699 14 7 100
699 14 42 150
699 14 43 100
699 14 46 99
699 14 48 105
699 36 7 150
699 36 13 150
699 36 22 100
699 36 25 18
699 16 2 100
699 16 7 150
699 16 13 100
699 16 31 100
699 16 38 148
699 16 43 99
699 33 42 150
699 45 7 148
699 45 13 100
699 45 31 150
699 45 42 150
699 38 7 100
699 38 38 100
699 26 7 148
699 26 20 100
699 26 31 99
699 26 43 150
699 30 20 100
699 30 31 150
699 30 33 148
699 7 13 100
699 7 38 148
699 7 43 150
699 20 7 150
699 20 20 100
699 20 22 150
699 20 38 150
699 20 43 100
699 10 20 150
699 10 41 14
699 49 26 1
700 38 7 100
700 38 38 100
700 27 38 100
700 27 43 148
700 27 46 150
700 2 22 100
700 2 33 150
700 2 46 99
700 46 13 100
700 46 33 148
700 46 38 150
700 3 31 99
700 3 41 1
700 3 46 148
700 35 33 100
700 35 43 150
700 37 7 100
700 37 13 100
700 37 20 100
700 37 22 150
700 24 33 150
700 17 2 100
700 17 13 150
700 17 20 100
700 17 46 99
700 1 20 150
700 1 38 150
700 32 46 150
700 48 38 99
700 48 43 100
700 48 46 150
700 30 20 100
700 30 31 150
700 30 33 148
700 47 42 150
700 47 43 100
700 16 2 100
700 16 7 150
700 16 13 100
700 16 31 100
700 16 38 148
700 16 43 99
700 39 46 150
701 26 7 148
701 26 20 100
701 26 31 99
701 26 43 150
701 32 25 18
701 6 2 100
701 6 31 100
701 6 46 150
701 30 20 100
701 30 31 150
701 30 33 148
701 20 7 150
701 20 20 100
701 20 22 150
701 20 38 150
701 20 43 100
701 12 7 99
701 12 31 100
701 12 33 99
701 5 2 99
701 5 7 148
701 5 20 100
701 5 33 99
701 5 43 150
701 22 9 6
701 22 46 148
701 41 2 150
701 41 20 100
701 41 22 150
701 41 31 99
701 41 33 150
701 11 7 148
701 11 20 100
701 11 46 60
701 40 31 150
701 40 43 150
701 13 20 150
701 13 33 150
701 13 38 100
701 13 43 100
701 18 20 150
701 18 22 100
701 18 31 100
701 18 38 100
701 21 2 100
701 21 13 100
701 21 33 148
701 2 22 100
701 2 33 150
702 23 2 99
702 23 9 2
702 18 20 150
702 18 22 100
702 18 26 21
702 18 38 100
702 7 11 60
702 7 38 148
702 7 43 150
702 13 20 150
702 13 21 30
702 13 38 100
702 13 43 100
702 35 33 100
702 35 43 150
702 11 7 148
702 11 20 100
702 17 2 100
702 17 13 150
702 17 20 100
702 29 2 99
702 29 33 150
702 29 38 150
702 49 42 99
702 30 20 100
702 30 31 150
702 30 33 48
702 20 20 100
702 20 22 150
702 20 38 150
702 20 43 100
702 12 7 99
702 12 31 100
702 8 2 99
702 8 7 148
702 8 13 100
702 8 31 148
702 8 42 150
702 8 43 100
702 47 42 150
702 47 43 100
703 20 7 150
703 20 16 4
703 20 22 150
703 20 25 18
703 20 43 100
703 21 2 100
703 21 13 86
703 48 43 100
703 46 38 150
703 9 7 148
703 9 31 150
703 9 43 150
703 12 7 99
703 12 31 100
703 32 21 30
703 27 43 148
703 8 2 99
703 8 7 148
703 8 31 148
703 8 42 150
703 8 43 100
703 2 22 100
703 22 20 150
703 44 20 148
703 44 22 148
703 44 42 100
703 44 43 148
704 9 7 148
704 9 31 150
704 9 33 30
704 2 22 100
704 2 25 18
704 43 7 150
704 43 31 150
704 41 2 150
704 41 20 100
704 41 22 150
704 41 31 99
704 37 7 100
704 37 20 100
704 37 22 150
704 13 20 150
704 13 21 30
704 13 43 100
704 20 7 150
704 20 20 100
704 20 22 150
704 20 38 150
704 20 43 8
704 30 20 100
704 30 31 150
704 33 42 150
704 27 38 100
704 14 7 100
704 14 42 150
704 40 22 150
704 40 31 150
704 40 43 1
704 1 38 150
704 5 2 99
704 5 7 148
704 5 20 100
705 10 20 150
705 10 41 14
705 33 21 30
705 3 31 99
705 3 41 1
705 20 7 150
705 20 20 100
705 20 22 150
705 20 25 18
705 20 43 12
705 21 2 100
705 21 13 18
705 18 22 100
705 18 26 1
705 18 38 100
705 41 2 150
705 41 20 100
705 41 22 150
705 41 31 99
705 12 7 99
705 12 31 100
705 48 38 99
705 46 38 150
705 0 20 150
705 0 31 150
705 14 7 100
705 14 42 150
706 22 20 150
706 22 26 20
706 41 20 100
706 41 22 150
706 41 31 99
706 0 20 150
706 0 31 150
706 0 43 12
706 5 7 148
706 5 20 64
706 26 31 99
706 48 38 99
706 44 22 148
706 44 42 100
706 28 7 99
706 43 7 150
706 43 13 44
706 37 7 100
706 37 22 150
706 8 2 99
706 8 7 148
706 8 31 148
706 8 42 150
706 13 38 100
707 44 20 28
707 44 42 100
707 44 43 12
707 8 2 99
707 8 7 148
707 8 31 148
707 8 33 30
707 0 20 2
707 30 31 150
707 18 22 100
707 18 26 1
707 18 38 100
707 9 7 148
707 9 31 150
707 9 41 14
707 38 7 100
707 38 21 2
707 31 22 100
707 31 41 1
707 37 7 100
707 37 22 150
707 3 31 99
707 3 42 148
707 42 7 150
707 42 31 148
707 42 42 148
707 19 7 100
707 19 31 148
707 19 38 150
707 10 42 150
708 7 13 24
708 7 43 12
708 2 33 30
708 38 38 100
708 23 2 99
708 23 13 2
708 45 31 150
708 45 42 150
708 13 38 100
708 1 38 150
708 14 7 82
708 29 2 99
708 29 38 150
708 43 7 1
708 42 31 148
708 42 42 148
708 21 2 100
708 0 31 150
709 24 33 30
709 14 43 12
709 33 42 150
709 13 38 100
709 37 13 26
709 7 26 20
709 29 2 99
709 29 38 150
709 0 31 150
709 44 22 148
709 44 42 100
709 26 31 99
709 20 22 150
709 20 38 150
709 9 31 150
710 9 31 148
710 29 38 150
710 42 42 48
710 46 13 16
710 37 13 2
710 38 38 100
710 41 2 99
711 39 25 16
711 23 13 44
711 20 38 150
711 29 38 150
711 34 38 150
711 44 22 148
711 44 42 1
712 10 20 30
712 16 25 2
712 20 22 150
712 20 38 150
712 46 38 150
713 16 13 18
713 16 38 148
713 16 43 12
713 41 22 150
713 3 3 30
713 43 26 21
713 18 26 1
714 34 26 20
714 2 22 100
714 2 25 18
714 40 43 12
714 37 13 2
714 35 3 2
714 38 38 100
714 29 38 150
715 18 20 30
715 18 26 22
715 18 38 100
715 15 35 104
715 10 42 65
715 2 22 100
715 26 43 12
715 48 38 99
716 10 4 100
716 10 41 14
716 5 4 60
716 40 22 150
716 17 13 26
717 48 43 12
717 19 38 96
718 39 25 16
718 0 25 2
719 31 46 48
719 48 38 99
719 48 43 12
719 34 21 2
720 22 20 30
720 3 41 15
720 31 22 100
720 2 22 100
720 20 22 150
720 20 26 2
721 31 22 100
721 40 22 150
721 40 31 1
721 16 13 2
722 12 33 30
722 10 20 30
723 26 20 30
723 19 26 20
723 43 31 1
723 2 22 100
724 14 43 12
724 29 33 30
724 43 26 21
725 37 22 150
725 8 21 28
725 27 38 100
725 18 22 100
725 18 26 1
725 44 42 1
726 44 26 21
726 46 13 24
726 42 20 2
726 20 22 150
726 20 38 48
727 2 25 18
727 7 13 24
727 36 22 100
728 13 20 30
728 24 48 150
728 30 48 148
728 6 48 53
728 43 26 21
729 16 38 148
729 7 38 48
729 27 38 1
729 20 22 150
730 32 26 21
730 8 13 24
730 16 13 2
731 44 26 21
731 31 41 15
731 18 20 2
731 41 22 150
732 26 20 30
732 26 43 12
732 16 38 148
732 41 22 150
732 43 31 1
732 20 22 150
732 20 38 49
733 16 13 26
733 16 43 12
733 22 20 30
733 44 42 1
734 20 20 28
734 20 25 18
734 20 43 12
734 43 13 24
734 19 38 45
734 18 26 1
734 31 41 1
735 3 41 15
735 37 22 150
736 2 22 100
736 2 46 48
736 39 21 32
736 41 20 2
737 38 7 60
737 44 42 1
738 31 41 1
739 3 21 28
739 3 41 15
739 44 43 12
740 20 4 100
740 20 22 150
740 20 25 18
740 40 31 1
741 36 22 100
741 32 21 30
741 31 22 100
742 10 20 30
742 27 43 12
742 18 26 22
742 32 25 18
743 1 20 30
743 47 21 30
743 44 22 148
743 32 25 18
744 32 21 30
744 30 20 30
744 41 22 150
744 37 22 150
744 23 48 2
745 31 21 28
745 31 33 28
745 2 25 18
745 41 22 150
745 36 22 100
745 20 22 150
745 24 48 150
745 16 48 99
745 14 48 102
746 17 13 18
746 32 21 32
746 40 31 100
748 27 43 12
748 47 42 1
749 48 38 99
749 37 7 60
749 13 38 47
749 34 18 150
749 34 21 2
752 5 7 148
752 5 43 12
753 23 3 2
753 45 31 99
753 31 22 56
754 5 20 28
754 17 2 100
755 11 3 30
755 2 22 56
755 13 41 12
755 42 18 57
755 23 13 2
756 5 43 12
757 27 43 12
759 13 20 30
759 18 18 100
759 18 47 148
759 3 18 50
761 48 38 99
761 48 43 12
763 26 18 8
765 26 18 8
766 28 26 20
766 16 48 99
766 29 2 99
766 6 2 100
766 6 21 30
766 6 48 104
766 38 47 128
767 34 18 9
767 22 35 4
767 3 31 99
767 5 2 99
767 19 38 45
768 13 18 1
768 40 22 54
768 41 22 2
768 6 47 100
768 38 47 128
769 16 2 100
769 16 7 60
769 16 43 12
769 6 46 48
769 19 38 48
769 8 2 99
769 21 2 100
769 5 2 6
770 6 41 12
770 48 43 12
770 46 38 47
773 44 42 1
773 49 26 2
775 14 42 64
777 13 43 12
777 16 13 18
777 38 38 48
779 3 31 99
779 3 46 48
779 33 35 102
780 10 41 14
781 36 22 58
781 13 20 2
781 38 47 28
781 3 41 1
781 16 44 150
781 12 31 1
782 48 46 48
782 7 48 100
782 23 13 2
782 1 15 14
782 30 31 99
782 21 44 50
783 46 33 28
786 32 25 18
786 26 20 2
787 21 13 2
787 27 43 12
787 6 47 100
787 7 38 96
788 14 42 64
788 22 26 20
788 28 41 15
789 19 38 144
790 25 18 10
793 20 20 28
794 44 20 28
796 23 13 26
796 16 38 44
797 26 43 12
798 3 18 8
798 20 26 20
798 18 26 1
799 41 20 30
799 41 36 18
799 13 21 30
799 44 26 21
800 17 2 100
800 17 13 2
800 16 2 100
800 32 21 2
803 5 18 8
803 4 36 2
804 13 18 9
804 19 38 45
805 16 43 12
806 3 41 44
807 12 0 48
808 13 43 12
808 34 38 96
810 0 16 4
810 13 18 1
810 20 22 54
812 35 43 12
814 23 47 80
815 48 43 12
815 20 38 47
816 6 46 48
816 28 26 20
816 2 25 2
817 32 21 30
818 36 13 2
818 18 47 28
819 28 26 20
819 42 20 30
820 23 13 2
822 20 43 12
822 46 38 46
823 40 43 12
823 23 47 100
823 27 38 100
823 31 47 28
824 45 42 1
825 8 13 24
825 38 18 8
825 18 20 30
826 0 20 30
827 17 13 44
827 12 26 20
828 4 46 48
828 18 20 30
828 18 26 23
828 20 22 12
828 20 43 12
828 13 21 30
829 1 38 146
833 12 33 30
833 31 22 56
833 20 26 2
834 22 20 2
834 44 22 56
835 2 22 56
836 31 18 9
836 42 20 30
837 40 22 54
838 38 48 100
838 23 13 2
838 14 48 99
839 7 48 2
839 17 13 2
839 20 22 54
839 10 20 2
840 41 20 30
840 8 2 99
840 21 2 100
840 21 13 2
841 12 26 20
841 29 35 100
841 20 16 4
841 17 18 100
841 42 18 99
842 6 41 12
844 6 35 5
845 33 21 30
847 38 47 150
847 28 26 20
847 7 38 44
852 41 2 150
852 41 31 99
852 5 2 99
852 30 35 4
853 13 43 12
853 21 2 100
853 18 38 48
854 1 20 30
854 17 11 60
854 6 31 100
854 40 22 54
854 36 22 2
855 30 18 8
857 28 26 20
857 5 3 30
857 23 48 150
857 14 48 51
861 3 18 8
861 20 11 60
864 21 26 20
864 42 31 100
865 46 37 100
865 2 22 56
865 6 21 30
866 36 22 1
866 46 37 100
866 40 37 100
866 18 37 150
866 20 37 100
867 40 37 100
867 11 37 99
867 1 37 100
867 18 37 150
868 41 37 150
868 46 37 100
868 5 37 150
868 1 37 100
868 14 37 100
869 20 37 100
869 14 37 100
869 12 37 1
