2 43 38 100
3 22 23 148
3 21 38 148
3 28 23 150
4 41 21 100
4 48 29 100
4 7 41 99
4 29 41 150
4 33 38 100
5 33 21 100
5 33 38 100
6 32 7 150
6 13 49 150
6 39 36 150
6 5 36 100
6 5 37 148
6 26 7 150
6 12 22 100
6 35 36 100
6 43 7 150
6 43 38 100
6 43 41 148
6 6 41 150
6 48 37 99
6 10 26 100
7 42 44 150
7 40 38 150
7 40 39 100
7 24 45 150
7 0 36 148
7 14 36 150
7 44 36 100
7 34 13 100
8 18 29 100
8 18 32 100
8 47 38 150
8 6 41 150
8 11 44 99
8 45 41 150
8 37 41 100
9 42 37 150
9 44 38 150
9 44 41 150
9 21 11 100
9 21 37 100
9 45 41 150
9 23 31 100
9 17 41 99
9 33 21 100
10 45 41 150
10 38 44 150
10 36 7 100
10 39 21 100
10 33 7 148
10 33 38 100
10 33 41 148
11 19 45 150
11 20 7 150
11 20 20 150
11 3 7 150
11 39 21 100
12 4 20 100
12 31 37 100
12 31 38 148
12 33 38 100
12 36 47 100
12 37 32 100
12 48 37 99
13 11 37 99
13 31 20 99
13 23 20 100
13 23 45 150
13 38 45 99
14 11 37 99
14 11 38 150
14 20 27 99
14 35 13 100
14 35 45 99
14 10 45 100
14 31 37 100
14 41 21 100
14 41 37 100
15 21 38 148
15 10 39 100
15 10 45 100
15 38 45 99
15 2 29 100
16 29 4 150
16 29 22 100
16 29 41 150
16 10 22 100
16 10 38 148
16 26 31 100
16 48 37 99
16 14 37 100
16 6 41 150
17 16 37 100
17 16 38 150
17 16 41 100
17 6 41 150
17 21 1 99
17 21 33 100
17 17 41 99
17 13 1 99
17 35 1 150
17 35 36 100
18 7 41 99
18 7 43 100
18 31 38 148
18 21 1 99
18 14 36 150
18 13 1 99
18 17 41 99
18 34 43 99
18 0 36 148
18 37 41 100
19 42 37 150
19 45 38 148
19 17 35 148
19 17 41 99
19 17 45 100
19 24 1 99
19 6 45 99
19 48 37 99
19 33 21 100
19 36 47 100
20 2 39 100
20 1 45 150
20 43 38 100
20 33 21 100
20 42 32 100
21 36 23 100
21 48 23 148
21 9 23 150
21 16 38 150
21 16 41 100
21 37 41 100
21 6 41 150
21 34 13 100
22 24 45 150
22 19 11 100
22 19 37 148
22 21 37 100
22 10 45 100
22 39 21 100
22 39 36 150
22 22 36 99
22 38 36 99
23 39 21 100
23 6 45 99
23 21 38 148
23 10 45 100
23 8 5 100
24 19 45 150
24 47 38 150
24 40 47 100
24 23 27 99
24 23 36 99
24 14 36 150
24 43 36 100
25 46 38 150
25 18 11 100
25 18 32 100
25 5 36 100
25 7 41 99
25 11 21 150
25 29 41 150
25 13 31 100
26 45 38 148
26 2 39 100
26 35 13 100
26 35 45 99
26 7 41 99
26 6 45 99
27 10 21 150
27 10 38 148
27 10 45 100
27 17 45 100
27 34 29 150
27 42 28 148
28 46 22 150
28 33 7 148
28 33 21 100
28 33 38 100
28 33 41 148
28 43 7 150
28 43 41 148
28 32 7 150
29 29 5 100
29 29 41 150
29 17 41 99
29 7 41 99
29 24 38 150
29 4 30 100
29 26 7 150
29 22 29 100
29 32 7 150
29 39 21 100
30 43 7 150
30 43 38 100
30 47 26 100
30 42 44 150
30 40 47 100
30 15 7 150
31 24 38 150
31 24 45 150
31 42 37 150
31 19 37 148
32 6 45 99
32 49 11 100
32 32 29 100
32 10 45 100
32 39 21 100
32 35 13 100
33 5 32 100
33 32 7 150
33 4 35 99
33 43 7 150
33 43 38 100
33 43 41 148
33 17 41 99
33 37 41 100
33 20 7 150
34 25 20 150
34 16 38 150
34 22 20 100
34 43 38 100
34 43 45 99
34 35 45 99
34 0 39 100
34 39 21 100
35 30 22 150
35 31 37 100
35 41 37 100
35 7 41 99
35 46 29 100
35 16 22 100
35 16 37 100
35 16 41 100
35 29 41 150
36 12 22 100
36 3 7 150
36 23 7 150
36 41 37 100
36 44 38 150
36 38 29 150
36 15 7 150
36 10 7 100
36 10 22 100
36 11 37 99
37 40 37 99
37 40 38 150
37 33 38 100
37 33 41 148
37 14 37 100
37 4 30 100
37 6 32 100
37 6 41 150
37 41 37 100
38 12 22 100
38 30 45 148
38 2 29 100
38 2 35 100
39 17 41 99
39 17 45 100
39 10 7 100
39 10 38 148
39 23 7 150
39 32 7 150
39 29 5 100
39 29 41 150
39 33 41 148
40 9 20 100
40 48 29 100
40 48 37 99
40 3 33 99
40 29 45 100
40 47 38 150
40 11 37 99
40 14 31 100
40 14 37 100
40 14 47 100
40 40 20 150
40 17 45 100
41 14 38 148
41 8 21 150
41 10 7 100
41 10 26 100
41 10 39 100
41 20 27 99
42 21 38 148
42 11 25 99
42 27 32 99
42 22 20 100
42 22 29 100
42 20 20 150
42 16 41 100
42 44 41 150
43 33 13 100
43 33 38 100
43 33 41 148
43 17 41 99
43 37 41 100
44 17 41 99
44 17 45 100
44 16 21 150
44 16 38 150
44 49 28 100
44 49 44 99
44 6 45 99
44 21 44 99
45 16 41 100
45 24 41 148
45 40 47 100
45 39 21 100
46 1 39 100
46 27 32 99
46 10 11 100
46 10 38 148
46 2 35 100
46 25 9 99
46 39 21 100
47 44 38 150
47 44 41 150
47 1 44 100
47 33 41 148
48 7 29 150
48 7 41 99
48 39 21 100
48 27 17 150
48 27 45 150
48 33 38 100
49 24 21 148
49 24 38 150
49 24 41 148
49 19 29 100
49 17 41 99
49 23 31 100
50 0 44 150
50 39 21 100
50 39 23 150
50 31 38 148
50 23 23 150
50 23 45 150
50 6 45 99
50 7 41 99
51 41 13 100
51 10 26 100
51 10 38 148
51 32 29 100
51 32 32 100
51 15 23 100
51 8 5 100
52 5 20 100
52 5 37 148
52 33 38 100
52 31 20 99
52 31 37 100
52 43 20 100
52 48 37 99
53 40 38 150
53 40 39 100
53 17 41 99
53 16 41 100
53 44 41 150
54 45 38 148
54 23 7 150
54 23 20 100
54 23 45 150
54 10 7 100
54 20 7 150
54 20 20 150
54 15 7 150
55 21 27 100
55 45 21 150
55 30 45 148
55 43 38 100
55 43 45 99
56 26 31 100
56 41 37 100
56 41 47 100
56 31 37 100
56 31 38 148
56 25 35 100
56 49 28 100
57 11 21 150
57 11 44 99
57 22 29 100
57 47 26 100
57 17 45 100
58 24 32 100
58 24 38 150
58 24 41 148
58 2 29 100
58 2 35 100
58 35 13 100
58 35 45 99
58 6 41 150
58 33 38 100
58 18 11 100
58 13 31 100
58 40 37 99
58 1 37 150
58 1 44 100
59 31 37 100
59 29 45 100
59 41 21 100
59 10 7 100
59 3 7 150
60 37 41 100
60 22 23 148
60 31 37 100
60 31 38 148
60 10 7 100
60 21 33 100
60 21 37 100
60 49 23 100
60 36 7 100
60 36 23 100
60 40 37 99
61 38 38 150
61 37 41 100
61 6 41 150
61 16 41 100
61 17 41 99
61 24 41 148
62 24 21 148
62 24 32 100
62 24 38 150
62 24 45 150
62 17 45 100
63 1 23 150
63 45 21 150
63 45 38 148
63 45 41 150
63 24 41 148
63 17 23 148
63 22 23 148
64 22 43 99
64 14 38 148
64 40 39 100
64 39 21 100
64 41 13 100
64 33 41 148
65 39 21 100
65 36 27 100
65 33 38 100
65 33 41 148
65 46 4 99
65 30 45 148
65 7 41 99
66 11 38 150
66 23 31 100
66 41 47 100
67 47 26 100
67 32 32 100
67 41 21 100
67 43 38 100
68 37 41 100
68 11 38 150
68 43 41 148
68 16 41 100
69 24 21 148
69 24 41 148
69 43 36 100
69 43 38 100
69 43 41 148
69 44 36 100
69 1 44 100
69 4 13 100
69 4 35 99
70 47 38 150
70 39 36 150
70 11 37 99
70 13 31 100
70 42 37 150
70 22 36 99
71 27 45 150
71 1 37 150
71 1 39 100
71 41 37 100
71 41 47 100
71 38 36 99
71 38 45 99
71 2 36 150
72 7 41 99
72 47 38 150
72 36 17 148
72 10 21 150
72 33 38 100
72 33 41 148
72 29 41 150
73 11 25 99
73 33 38 100
73 33 41 148
73 42 32 100
73 43 41 148
74 40 38 150
74 24 41 148
74 43 41 148
75 24 5 99
75 24 21 148
75 24 41 148
75 4 13 100
75 23 31 100
75 44 41 150
75 43 38 100
75 17 41 99
76 33 21 100
76 33 38 100
76 33 41 148
76 14 47 100
76 45 4 99
76 45 41 150
77 16 27 100
77 16 37 100
77 16 38 150
77 16 41 100
77 32 7 150
77 20 7 150
77 15 7 150
77 17 41 99
77 29 41 150
77 42 37 150
77 46 4 99
78 1 37 150
78 1 45 150
78 27 32 99
78 23 7 150
78 5 37 148
78 40 38 150
78 10 7 100
79 29 21 148
79 29 41 150
79 45 38 148
79 45 41 150
79 40 33 100
79 43 7 150
79 15 7 150
79 33 7 148
80 46 29 100
80 11 23 99
80 35 13 100
80 35 45 99
80 18 11 100
80 26 7 150
80 26 45 150
80 41 21 100
80 49 23 100
80 1 23 150
80 7 41 99
81 10 7 100
81 10 38 148
81 10 39 100
81 6 41 150
81 23 7 150
81 29 21 148
81 29 41 150
82 20 7 150
82 20 20 150
82 25 32 100
82 22 20 100
82 40 38 150
82 21 11 100
82 33 7 148
82 33 21 100
83 1 45 150
83 21 1 99
83 21 38 148
83 20 7 150
83 15 7 150
83 10 7 100
83 22 1 100
83 43 7 150
83 14 47 100
83 13 1 99
84 2 29 100
84 18 29 100
84 15 7 150
84 38 9 100
84 38 38 150
84 38 45 99
84 22 1 100
84 22 20 100
84 6 45 99
84 9 20 100
84 30 1 100
85 40 20 150
85 33 21 100
85 33 38 100
85 33 41 148
85 45 41 150
85 43 20 100
85 30 1 100
85 13 1 99
85 7 41 99
85 9 26 100
86 27 45 150
86 14 38 148
86 25 20 150
86 37 20 148
86 35 45 99
87 26 4 100
87 11 21 150
87 33 38 100
87 33 41 148
87 24 41 148
87 14 47 100
88 21 38 148
88 46 35 99
88 46 39 100
88 27 32 99
88 27 45 150
88 43 21 150
88 35 13 100
89 7 41 99
90 7 41 99
90 44 36 100
90 44 38 150
90 44 41 150
90 43 36 100
90 43 38 100
90 43 45 99
90 19 45 150
90 2 36 150
90 5 36 100
91 10 45 100
91 43 38 100
91 43 45 99
91 11 23 99
91 24 32 100
91 41 21 100
92 48 23 148
92 48 37 99
92 41 37 100
92 11 23 99
92 11 37 99
92 11 38 150
92 1 45 150
92 9 20 100
92 14 31 100
93 30 45 148
93 22 8 150
93 22 20 100
93 22 29 100
93 41 13 100
93 9 8 100
93 15 8 100
94 10 38 148
94 20 20 150
94 7 8 100
94 7 41 99
94 16 41 100
94 34 8 99
94 45 8 99
94 45 41 150
94 46 20 100
94 33 21 100
94 33 38 100
95 48 37 99
95 43 7 150
95 43 20 100
95 43 36 100
95 43 37 150
95 45 27 100
95 46 20 100
95 7 19 100
95 40 47 100
95 3 7 150
95 14 36 150
95 38 36 99
96 7 32 100
96 33 7 148
96 33 38 100
96 22 20 100
96 46 39 100
96 9 26 100
96 23 7 150
97 26 45 150
97 6 45 99
97 46 38 150
97 41 21 100
98 11 44 99
98 26 45 150
98 21 44 99
98 33 13 100
98 33 21 100
98 33 38 100
99 33 38 100
99 33 41 148
99 46 35 99
99 4 35 99
99 0 43 100
99 17 41 99
99 37 41 100
100 24 38 150
100 24 45 150
100 1 39 100
100 27 49 100
100 19 49 100
100 10 45 100
101 14 2 150
101 14 38 148
101 14 47 100
101 47 2 150
101 9 2 100
101 35 32 99
101 37 2 99
101 37 41 100
101 11 25 99
101 5 2 100
101 44 2 100
101 44 41 150
101 17 2 100
101 17 41 99
101 12 2 150
102 27 45 150
102 26 7 150
102 45 2 150
102 45 21 150
102 19 2 100
102 33 2 100
102 33 7 148
102 33 38 100
102 43 2 100
102 43 7 150
102 2 33 100
102 12 2 150
102 14 2 150
102 37 2 99
103 33 2 100
103 33 21 100
103 33 38 100
103 48 23 148
103 19 2 100
103 19 45 150
103 49 23 100
103 26 31 100
103 44 2 100
103 44 36 100
103 37 2 99
103 6 2 100
103 6 45 99
103 1 23 150
104 7 35 150
104 7 41 99
104 4 13 100
104 11 37 99
104 11 38 150
104 43 2 100
104 43 36 100
104 43 37 150
104 43 41 148
104 5 2 100
104 5 36 100
104 41 37 100
104 19 2 100
104 2 36 150
105 12 2 150
105 38 36 99
105 38 45 99
105 7 41 99
105 9 2 100
105 49 28 100
105 36 7 100
105 10 7 100
105 10 21 150
105 10 34 100
105 10 45 100
105 39 36 150
105 23 7 150
105 23 36 99
105 6 2 100
106 34 22 100
106 12 22 100
106 10 7 100
106 10 38 148
106 10 45 100
106 18 32 100
106 42 37 150
106 11 37 99
106 43 38 100
106 43 45 99
107 10 7 100
107 10 38 148
107 10 39 100
107 16 41 100
107 37 41 100
108 39 21 100
108 28 4 100
108 28 44 150
108 6 45 99
108 16 41 100
109 35 22 100
109 35 45 99
109 43 38 100
109 43 41 148
109 48 22 100
109 48 29 100
109 29 41 150
109 39 21 100
109 16 38 150
109 13 31 100
109 14 47 100
110 5 37 148
110 46 29 100
110 33 38 100
110 11 37 99
111 6 32 100
111 6 41 150
111 37 11 100
111 37 41 100
111 16 37 100
111 16 38 150
111 16 41 100
111 41 37 100
111 48 37 99
112 35 13 100
112 45 41 150
112 17 41 99
112 7 41 99
112 43 38 100
113 46 20 100
113 46 38 150
113 19 45 150
113 28 20 150
113 20 27 99
113 13 31 100
113 33 21 100
114 2 39 100
114 26 45 150
115 29 45 100
115 23 45 150
115 25 32 100
115 31 38 148
115 39 21 100
115 14 47 100
116 44 38 150
116 44 41 150
116 33 21 100
116 33 41 148
117 21 38 148
117 45 41 150
117 35 13 100
117 24 41 148
117 37 41 100
117 18 29 100
118 44 38 150
118 35 45 99
118 21 11 100
118 39 21 100
118 39 28 100
119 17 45 100
119 10 38 148
119 10 45 100
119 19 37 148
119 35 45 99
119 14 31 100
119 14 37 100
120 10 7 100
120 10 21 150
120 10 45 100
120 4 29 150
120 39 33 100
120 38 45 99
120 43 7 150
120 43 38 100
120 29 5 100
120 33 7 148
121 30 45 148
121 8 21 150
121 10 7 100
121 10 38 148
121 10 39 100
121 23 20 100
121 43 20 100
121 14 47 100
121 46 4 99
122 44 41 150
122 29 41 150
122 28 20 150
122 43 7 150
122 43 20 100
122 43 38 100
122 26 7 150
122 33 7 148
122 33 21 100
123 25 32 100
123 10 7 100
123 10 38 148
123 10 45 100
123 30 45 148
123 46 29 100
123 4 13 100
124 37 41 100
124 45 41 150
124 48 37 99
124 29 41 150
124 11 37 99
124 43 37 150
124 43 38 100
125 48 22 100
125 48 29 100
125 48 37 99
125 9 20 100
125 9 26 100
125 22 20 100
125 12 22 100
125 46 20 100
125 46 38 150
125 21 37 100
126 34 22 100
126 14 22 99
126 14 37 100
126 16 27 100
126 13 39 100
126 13 44 150
126 10 45 100
126 38 45 99
127 16 38 150
127 17 45 100
127 7 32 100
127 35 45 99
127 43 38 100
128 35 36 100
128 35 45 99
128 12 2 150
128 3 9 99
128 39 36 150
128 4 35 99
128 43 2 100
128 43 36 100
128 43 38 100
128 43 45 99
128 37 2 99
128 22 2 148
128 22 36 99
129 10 38 148
129 47 2 150
129 7 8 100
129 7 41 99
129 17 2 100
129 17 41 99
129 12 2 150
129 45 2 150
129 45 8 99
129 45 41 150
129 37 2 99
129 44 2 100
129 5 2 100
129 5 8 100
130 23 8 100
130 23 31 100
130 5 2 100
130 5 8 100
130 39 8 100
130 39 21 100
130 9 2 100
130 9 8 100
130 22 2 148
130 44 2 100
130 44 41 150
130 44 49 100
130 14 2 150
130 14 47 100
130 6 2 100
130 6 41 150
130 12 2 150
131 34 8 99
131 40 38 150
131 28 2 150
131 38 45 99
131 41 1 99
131 5 2 100
131 33 2 100
131 33 38 100
131 12 2 150
131 6 2 100
131 6 45 99
131 35 1 150
132 15 7 150
132 15 32 100
132 30 1 100
132 45 2 150
132 45 21 150
132 9 2 100
132 9 26 100
132 3 7 150
132 26 7 150
132 41 1 99
132 41 13 100
132 24 1 99
133 39 21 100
133 11 1 100
133 11 38 150
133 10 45 100
133 38 45 99
134 25 20 150
134 6 45 99
134 29 1 99
134 29 45 100
134 31 20 99
134 31 38 148
134 33 21 100
134 10 39 100
135 24 38 150
135 24 41 148
135 19 29 100
135 44 36 100
135 44 41 150
135 35 36 100
135 39 36 150
136 7 29 150
136 7 41 99
136 28 20 150
136 36 47 100
136 30 45 148
136 44 38 150
136 22 20 100
137 10 38 148
137 10 45 100
137 43 45 99
138 19 29 100
138 19 45 150
138 45 21 150
138 37 32 100
138 2 33 100
139 2 39 100
139 16 37 100
139 16 38 150
139 16 41 100
139 33 38 100
139 33 41 148
139 43 37 150
139 17 41 99
140 35 45 99
140 48 37 99
140 41 27 99
140 41 37 100
140 41 47 100
140 19 45 150
141 45 21 150
141 45 41 150
141 43 38 100
141 43 41 148
141 29 19 100
141 17 35 148
141 4 13 100
141 14 31 100
141 14 37 100
142 40 38 150
142 13 25 99
142 16 41 100
143 16 21 150
143 16 41 100
143 38 29 150
143 38 45 99
143 32 32 100
143 45 41 150
143 43 38 100
143 43 45 99
144 22 29 100
144 22 36 99
144 31 38 148
144 31 49 100
144 40 47 100
144 1 17 150
144 1 45 150
144 46 49 148
144 45 21 150
144 24 5 99
144 35 36 100
145 6 45 99
145 8 49 100
145 1 39 100
145 1 45 150
145 39 21 100
145 39 36 150
146 44 38 150
146 13 4 150
146 19 45 150
146 43 38 100
147 35 13 100
147 35 44 148
147 23 7 150
147 36 7 100
147 15 7 150
147 33 7 148
147 33 21 100
147 33 38 100
148 41 21 100
148 45 38 148
148 27 45 150
149 35 44 148
149 35 45 99
149 33 21 100
149 33 38 100
149 33 41 148
149 17 41 99
149 13 28 150
150 36 47 100
150 27 32 99
150 28 20 150
150 29 21 148
150 44 38 150
150 17 41 99
150 48 29 100
150 23 20 100
150 23 31 100
151 14 5 100
151 26 7 150
151 26 45 150
151 32 7 150
151 33 7 148
151 33 21 100
151 33 38 100
152 14 38 148
152 36 7 100
152 19 45 150
152 38 45 99
152 33 13 100
152 33 21 100
153 11 37 99
153 19 29 100
153 19 37 148
153 19 45 150
153 33 38 100
154 0 9 100
154 0 39 100
154 38 11 100
154 38 38 150
154 35 32 99
154 21 37 100
154 37 41 100
154 19 37 148
154 33 41 148
155 7 41 99
155 7 43 100
155 42 37 150
155 3 33 99
155 37 41 100
155 48 37 99
155 44 41 150
155 21 37 100
156 26 45 150
156 17 41 99
156 40 20 150
156 40 38 150
156 40 47 100
156 6 45 99
156 16 21 150
156 5 20 100
157 44 38 150
157 30 45 148
157 32 29 100
157 49 28 100
158 46 38 150
158 46 39 100
158 44 41 150
158 14 37 100
158 31 37 100
158 24 41 148
159 8 21 150
159 23 27 99
159 23 31 100
159 6 41 150
159 11 38 150
159 43 41 148
160 18 11 100
160 38 38 150
160 38 45 99
160 45 21 150
160 29 45 100
161 18 32 100
161 6 41 150
161 47 26 100
161 29 41 150
161 28 44 150
161 41 13 100
161 16 41 100
162 33 2 100
162 33 21 100
162 33 38 100
162 33 41 148
162 39 36 150
162 22 2 148
162 22 36 99
162 37 2 99
162 37 41 100
162 28 2 150
162 21 2 150
162 21 38 148
162 0 36 148
162 45 2 150
162 5 2 100
163 47 2 150
163 47 38 150
163 21 2 150
163 21 11 100
163 21 37 100
163 29 45 100
163 37 2 99
163 37 41 100
163 14 2 150
163 14 37 100
163 28 2 150
163 5 2 100
163 5 37 148
163 38 45 99
163 9 2 100
163 24 2 150
164 0 36 148
164 3 7 150
164 24 2 150
164 24 45 150
164 38 36 99
164 22 2 148
164 22 36 99
164 12 2 150
164 9 2 100
164 20 7 150
165 41 21 100
165 41 47 100
165 35 36 100
165 35 45 99
165 11 38 150
165 15 7 150
165 46 29 100
165 46 35 99
165 27 45 150
165 28 2 150
165 6 2 100
165 37 2 99
165 29 21 148
165 45 2 150
166 45 38 148
166 45 41 150
166 28 44 150
166 3 7 150
166 7 41 99
166 20 7 150
166 37 41 100
166 33 7 148
166 49 28 100
167 2 39 100
167 0 11 148
167 31 38 148
167 33 13 100
167 33 41 148
167 7 41 99
168 17 41 99
168 35 32 99
168 35 44 148
168 48 37 99
168 44 38 150
168 14 37 100
169 26 45 150
169 1 37 150
169 1 44 100
169 48 37 99
169 31 37 100
169 31 38 148
169 22 36 99
169 21 27 100
169 35 36 100
169 43 36 100
170 43 36 100
170 43 38 100
170 43 41 148
170 39 21 100
170 33 41 148
171 38 9 100
171 38 29 150
171 38 36 99
171 38 38 150
171 0 36 148
171 17 41 99
171 48 37 99
171 26 7 150
171 44 36 100
171 44 41 150
171 11 37 99
171 16 37 100
171 16 41 100
171 20 7 150
172 15 7 150
172 5 37 148
172 40 33 100
172 40 37 99
172 40 39 100
172 10 7 100
172 33 38 100
173 36 23 100
173 46 38 150
173 3 23 99
173 41 37 100
173 33 41 148
173 14 37 100
173 15 23 100
174 27 32 99
174 20 7 150
174 20 44 100
174 47 26 100
174 37 41 100
174 32 7 150
174 43 7 150
174 43 37 150
174 43 38 100
174 42 37 150
174 49 23 100
174 49 44 99
174 16 37 100
174 16 41 100
175 24 38 150
175 3 7 150
175 32 29 100
175 34 13 100
175 40 20 150
175 40 37 99
175 4 20 100
175 11 37 99
176 27 45 150
176 7 29 150
176 33 21 100
176 33 38 100
176 38 45 99
176 49 28 100
176 1 4 100
177 13 31 100
177 27 45 150
177 47 38 150
177 33 21 100
178 6 22 150
178 6 41 150
178 24 41 148
178 39 21 100
178 39 23 150
178 46 39 100
178 3 23 99
178 10 11 100
178 33 38 100
178 17 23 148
179 15 7 150
179 31 38 148
179 40 47 100
179 26 7 150
179 26 45 150
179 36 7 100
179 6 45 99
179 10 7 100
180 45 21 150
180 28 22 100
180 28 44 150
180 35 22 100
180 35 45 99
180 17 45 100
181 15 32 100
181 14 5 100
181 14 38 148
182 35 45 99
182 18 29 100
182 10 26 100
182 10 38 148
182 10 45 100
183 41 37 100
183 13 39 100
183 37 20 148
183 37 41 100
183 16 22 100
183 16 37 100
183 16 38 150
183 16 41 100
183 6 41 150
183 4 20 100
183 11 37 99
183 34 22 100
184 35 45 99
184 38 38 150
184 38 45 99
184 20 27 99
184 4 35 99
185 11 21 150
185 11 38 150
185 32 32 100
185 43 36 100
185 43 41 148
185 38 36 99
185 29 41 150
186 41 21 100
186 41 47 100
186 37 20 148
186 37 41 100
186 0 36 148
186 22 20 100
186 22 36 99
186 43 38 100
187 29 45 100
187 46 4 99
187 46 38 150
187 35 13 100
187 35 44 148
187 42 37 150
187 16 37 100
187 41 37 100
188 36 7 100
188 26 4 100
188 26 7 150
188 29 41 150
188 17 11 100
188 17 41 99
188 18 29 100
188 19 37 148
188 14 37 100
188 43 7 150
188 43 38 100
189 33 38 100
189 33 41 148
189 35 44 148
189 41 37 100
189 37 41 100
189 46 39 100
189 7 41 99
189 16 37 100
189 36 7 100
189 36 23 100
189 9 23 150
190 38 11 100
190 38 38 150
190 38 45 99
190 14 37 100
190 42 37 150
190 1 45 150
190 16 37 100
190 49 23 100
190 3 33 99
191 19 45 150
191 2 17 100
191 39 21 100
191 39 23 150
191 23 23 150
191 11 23 99
191 11 25 99
192 23 20 100
192 47 38 150
192 29 41 150
192 37 20 148
192 37 32 100
192 37 41 100
192 5 37 148
192 17 41 99
192 33 38 100
193 21 37 100
193 36 7 100
193 36 47 100
193 33 7 148
193 33 13 100
193 33 21 100
193 33 38 100
193 26 7 150
193 3 7 150
194 31 38 148
194 30 45 148
194 47 26 100
194 32 29 100
195 6 41 150
195 6 45 99
195 37 31 148
195 37 41 100
195 10 38 148
195 7 41 99
195 33 21 100
196 27 32 99
196 29 41 150
196 43 38 100
196 43 41 148
196 36 27 100
196 17 41 99
197 29 21 148
197 29 45 100
197 17 45 100
197 21 38 148
198 2 39 100
198 35 13 100
198 36 47 100
199 39 21 100
199 26 45 150
199 6 32 100
199 43 38 100
199 24 38 150
200 10 21 150
200 10 45 100
200 30 45 148
200 13 44 150
200 43 38 100
201 30 45 148
201 23 20 100
201 23 36 99
201 31 20 99
201 31 38 148
201 0 36 148
201 0 44 150
201 41 21 100
201 2 36 150
202 31 20 99
202 38 9 100
202 38 45 99
202 10 30 150
202 10 39 100
202 10 45 100
202 33 21 100
202 33 38 100
203 16 37 100
203 16 38 150
203 49 28 100
203 42 37 150
203 11 37 99
203 32 29 100
203 19 45 150
203 17 45 100
204 34 13 100
204 20 7 150
204 41 21 100
204 41 47 100
204 3 7 150
204 33 7 148
204 33 38 100
205 23 20 100
205 23 31 100
205 23 45 150
205 9 20 100
205 9 26 100
205 18 11 100
205 44 38 150
206 48 29 100
206 26 7 150
206 26 45 150
206 46 20 100
206 28 20 150
206 28 44 150
206 23 7 150
206 15 7 150
206 33 21 100
206 33 38 100
206 43 45 99
207 32 29 100
207 26 45 150
207 46 29 100
207 46 35 99
207 46 38 150
208 32 32 100
208 33 38 100
208 33 41 148
208 43 41 148
209 31 38 148
209 36 7 100
209 18 11 100
209 18 29 100
209 33 21 100
210 29 45 100
210 35 36 100
210 35 45 99
210 23 36 99
210 33 21 100
210 33 38 100
210 2 36 150
211 41 47 100
211 2 29 100
211 2 36 150
211 2 39 100
211 44 36 100
211 44 38 150
211 10 26 100
211 23 20 100
211 23 36 99
211 31 20 99
212 36 27 100
212 9 20 100
212 39 21 100
213 42 32 100
213 37 20 148
213 37 30 100
213 24 38 150
213 26 31 100
213 43 20 100
213 43 38 100
214 17 41 99
214 34 13 100
214 41 21 100
214 43 38 100
214 43 41 148
215 39 21 100
215 39 33 100
215 42 44 150
215 10 38 148
215 10 45 100
215 37 41 100
215 6 45 99
216 47 26 100
216 6 25 99
216 39 21 100
216 23 7 150
216 8 5 100
216 26 7 150
217 19 37 148
217 40 37 99
217 40 38 150
217 40 39 100
217 40 47 100
217 15 7 150
217 15 32 100
217 43 38 100
217 43 41 148
217 33 41 148
217 37 41 100
217 2 35 100
218 23 45 150
218 8 21 150
219 39 21 100
219 43 2 100
219 43 20 100
219 43 38 100
219 43 45 99
219 5 2 100
219 5 20 100
219 6 2 100
219 6 45 99
219 22 2 148
219 3 9 99
219 47 2 150
219 47 35 99
219 21 2 150
219 45 2 150
219 19 2 100
220 18 22 150
220 18 32 100
220 21 2 150
220 21 38 148
220 46 20 100
220 45 2 150
220 45 41 150
220 40 20 150
220 19 2 100
220 43 2 100
220 43 38 100
220 43 41 148
220 28 2 150
220 22 2 148
221 19 2 100
221 19 45 150
221 42 44 150
221 15 7 150
221 29 21 148
221 29 45 100
221 45 2 150
221 6 2 100
221 20 7 150
221 10 7 100
221 21 2 150
221 3 7 150
222 37 2 99
222 37 41 100
222 9 2 100
222 43 2 100
222 43 21 150
222 43 36 100
222 43 38 100
222 43 41 148
222 6 2 100
222 0 36 148
222 0 39 100
222 41 13 100
222 41 47 100
222 39 36 150
222 14 2 150
222 14 38 148
222 24 2 150
223 40 20 150
223 4 20 100
223 37 41 100
223 17 41 99
223 43 38 100
223 43 41 148
223 16 41 100
224 17 45 100
224 43 38 100
224 43 45 99
225 47 38 150
225 44 41 150
225 38 44 150
225 33 41 148
225 31 37 100
225 13 4 150
225 40 37 99
226 49 28 100
226 16 27 100
226 16 37 100
226 16 38 150
226 1 45 150
226 39 21 100
227 1 23 150
227 1 39 100
227 1 44 100
227 1 45 150
227 11 23 99
227 17 45 100
228 6 32 100
228 6 45 99
228 38 38 150
228 38 44 150
228 38 45 99
228 5 20 100
228 49 23 100
228 4 13 100
228 4 20 100
228 32 7 150
228 26 7 150
229 21 38 148
229 3 7 150
229 10 7 100
229 10 21 150
229 10 45 100
229 46 20 100
229 17 45 100
230 41 21 100
230 21 38 148
230 21 44 99
230 49 44 99
231 13 31 100
231 7 41 99
231 9 26 100
231 17 41 99
231 6 41 150
231 44 38 150
232 36 7 100
232 36 23 100
232 36 47 100
232 31 38 148
232 17 23 148
232 17 45 100
232 9 23 150
232 15 7 150
232 45 21 150
232 26 7 150
232 48 29 100
232 10 7 100
233 42 32 100
233 42 44 150
233 19 45 150
233 6 45 99
233 21 35 150
233 39 21 100
234 2 39 100
234 10 38 148
234 37 41 100
234 16 41 100
234 17 41 99
235 39 21 100
235 38 38 150
235 38 45 99
235 21 37 100
235 29 45 100
235 48 37 99
236 21 33 100
236 21 37 100
236 21 38 148
236 43 41 148
236 24 32 100
236 24 41 148
236 7 41 99
237 31 20 99
237 31 37 100
237 31 38 148
237 11 37 99
237 23 20 100
237 40 47 100
237 34 13 100
238 27 45 150
238 2 39 100
238 21 38 148
238 45 41 150
238 24 41 148
239 8 21 150
239 10 38 148
239 10 45 100
239 5 36 100
239 35 36 100
239 35 44 148
239 35 45 99
239 38 36 99
240 21 37 100
240 19 29 100
240 19 37 148
240 19 45 150
240 17 45 100
240 0 36 148
240 33 38 100
240 38 36 99
241 46 29 100
241 46 38 150
241 45 21 150
241 45 41 150
241 38 36 99
241 35 36 100
241 23 36 99
241 14 36 150
241 14 37 100
241 37 41 100
241 29 41 150
242 16 27 100
242 16 41 100
242 38 9 100
242 38 36 99
242 33 21 100
242 33 38 100
242 33 41 148
242 7 41 99
242 22 36 99
242 39 36 150
242 44 36 100
242 40 47 100
243 23 31 100
243 23 36 99
243 23 45 150
243 11 38 150
243 11 44 99
243 25 35 100
243 22 36 99
243 0 36 148
243 5 36 100
243 43 36 100
244 26 45 150
244 27 32 99
244 10 39 100
244 10 45 100
244 33 21 100
244 33 38 100
245 38 38 150
245 38 45 99
245 35 13 100
245 35 45 99
245 39 21 100
246 21 11 100
247 43 38 100
247 43 41 148
247 38 25 99
247 38 38 150
247 24 41 148
247 49 28 100
248 23 7 150
248 23 45 150
248 20 7 150
248 7 35 150
248 29 34 100
248 39 21 100
249 23 7 150
249 23 31 100
249 9 43 150
249 42 37 150
249 6 41 150
249 47 38 150
249 19 37 148
249 45 41 150
250 22 23 148
250 22 36 99
250 20 7 150
250 20 27 99
250 11 23 99
250 11 38 150
250 39 36 150
250 35 36 100
250 34 11 148
250 49 23 100
250 16 41 100
250 45 41 150
251 43 7 150
251 43 38 100
251 43 41 148
251 23 7 150
251 44 41 150
251 33 7 148
251 33 13 100
251 33 21 100
251 33 41 148
252 11 37 99
252 11 38 150
252 42 37 150
252 16 22 100
252 10 22 100
252 10 26 100
252 10 39 100
252 17 35 148
252 8 5 100
253 17 45 100
253 38 38 150
253 38 45 99
253 1 37 150
253 27 32 99
253 42 37 150
253 14 47 100
254 24 38 150
254 24 45 150
254 16 37 100
254 35 45 99
254 21 37 100
255 43 37 150
255 43 38 100
255 43 41 148
255 42 37 150
255 33 41 148
255 39 28 100
255 39 33 100
256 10 38 148
256 17 41 99
256 42 32 100
256 42 44 150
256 24 41 148
256 33 21 100
256 33 41 148
257 33 38 100
257 33 41 148
257 16 41 100
257 13 31 100
257 44 41 150
258 40 37 99
258 40 38 150
258 4 13 100
258 4 17 150
258 22 36 99
258 16 37 100
258 16 41 100
258 37 41 100
258 11 37 99
258 38 36 99
258 0 36 148
258 45 41 150
259 6 45 99
259 38 36 99
259 20 27 99
259 33 38 100
259 48 37 99
259 21 37 100
259 31 37 100
260 14 38 148
260 14 47 100
260 15 7 150
260 11 44 99
260 43 7 150
260 32 7 150
261 5 8 100
261 2 8 99
261 2 39 100
261 2 43 100
261 39 8 100
261 27 49 100
261 21 38 148
261 21 44 99
261 21 49 100
261 43 41 148
261 29 8 150
261 29 41 150
261 45 8 99
261 15 8 100
262 35 44 148
262 3 7 150
262 2 8 99
262 2 29 100
262 43 7 150
262 43 37 150
262 43 38 100
262 43 41 148
262 45 41 150
262 42 37 150
262 36 7 100
263 21 22 148
263 21 38 148
263 38 29 150
263 38 45 99
263 11 8 150
263 27 32 99
263 27 45 150
263 34 8 99
263 43 7 150
263 33 8 100
264 26 8 99
264 26 31 100
264 41 21 100
264 45 8 99
264 46 8 150
264 47 26 100
265 19 29 100
265 19 45 150
265 31 38 148
265 33 21 100
265 33 38 100
266 2 36 150
266 37 41 100
266 43 21 150
266 43 36 100
266 43 38 100
266 43 41 148
266 35 13 100
266 35 36 100
266 29 41 150
266 23 31 100
267 17 41 99
267 3 7 150
267 37 4 150
267 37 41 100
267 16 38 150
267 16 41 100
267 33 7 148
267 33 21 100
267 32 7 150
268 29 41 150
268 10 7 100
268 10 11 100
268 6 41 150
268 41 21 100
269 40 38 150
269 32 32 100
269 37 41 100
269 10 34 100
269 16 41 100
269 44 41 150
270 47 35 99
270 47 38 150
270 16 41 100
270 6 41 150
270 44 41 150
270 43 7 150
270 23 7 150
270 10 7 100
271 10 7 100
271 10 38 148
271 34 13 100
271 34 29 150
271 43 41 148
271 20 44 100
271 17 41 99
271 23 31 100
272 26 7 150
272 32 7 150
272 32 32 100
272 14 38 148
272 14 47 100
272 39 21 100
272 39 23 150
272 16 41 100
272 43 7 150
272 33 21 100
272 40 23 100
273 31 38 148
273 36 9 100
273 36 23 100
273 21 33 100
273 10 26 100
274 39 21 100
274 27 45 150
274 10 39 100
274 10 45 100
274 43 38 100
275 43 38 100
275 25 11 150
276 18 22 150
276 18 32 100
276 46 35 99
276 46 38 150
276 33 21 100
276 47 26 100
277 0 29 99
277 47 38 150
277 23 27 99
277 23 45 150
277 41 21 100
278 4 13 100
278 4 17 150
278 45 41 150
278 44 41 150
278 43 38 100
278 14 47 100
279 39 21 100
279 4 20 100
279 46 20 100
279 46 38 150
279 20 7 150
279 44 41 150
279 5 20 100
279 45 41 150
279 10 7 100
279 26 7 150
279 36 7 100
280 17 41 99
280 41 21 100
280 42 32 100
280 0 39 100
281 16 38 150
281 16 41 100
281 20 7 150
281 26 7 150
281 17 41 99
281 7 41 99
281 33 7 148
281 33 21 100
281 33 38 100
281 37 30 100
281 3 7 150
282 7 35 150
282 23 45 150
283 7 41 99
283 21 38 148
283 21 44 99
283 39 21 100
283 41 21 100
283 11 44 99
283 44 41 150
283 29 41 150
283 29 45 100
283 43 38 100
284 19 22 148
284 14 22 99
284 23 27 99
284 24 41 148
284 33 38 100
284 33 41 148
285 44 38 150
285 44 41 150
285 10 7 100
285 37 32 100
285 37 41 100
285 41 21 100
285 20 7 150
285 26 7 150
286 27 45 150
286 48 4 100
286 48 37 99
286 19 37 148
286 20 7 150
286 41 13 100
286 41 47 100
286 43 7 150
286 43 38 100
286 47 35 99
286 10 7 100
287 1 37 150
287 1 45 150
287 21 37 100
287 21 38 148
287 32 7 150
287 10 45 100
287 7 41 99
288 2 29 100
288 2 39 100
288 35 44 148
288 33 21 100
288 33 38 100
289 30 45 148
289 5 20 100
289 9 20 100
290 14 38 148
290 10 26 100
290 10 45 100
290 26 4 100
290 26 45 150
291 16 37 100
291 16 41 100
291 5 37 148
291 22 29 100
291 14 37 100
291 41 13 100
291 43 38 100
291 43 41 148
292 22 20 100
292 22 36 99
292 6 32 100
292 25 20 150
292 24 38 150
292 0 36 148
292 3 33 99
293 40 4 100
293 40 20 150
293 40 47 100
293 38 36 99
293 16 21 150
293 16 41 100
293 36 7 100
293 28 20 150
293 35 36 100
293 33 7 148
293 33 38 100
293 33 41 148
293 29 41 150
294 37 15 100
294 37 41 100
294 15 7 150
294 7 41 99
294 16 38 150
294 16 41 100
294 17 41 99
294 43 7 150
294 26 7 150
295 49 11 100
295 41 21 100
295 33 7 148
295 33 38 100
295 33 41 148
295 24 5 99
295 24 41 148
296 23 7 150
296 38 38 150
296 48 15 100
296 11 21 150
296 0 39 100
296 36 7 100
296 43 7 150
297 3 7 150
297 33 7 148
297 33 13 100
297 33 21 100
297 33 38 100
297 33 41 148
297 19 11 100
297 44 41 150
298 9 26 100
298 4 35 99
298 37 41 100
298 44 36 100
298 44 38 150
298 38 36 99
298 22 36 99
298 5 36 100
299 41 21 100
299 41 27 99
299 25 9 99
299 33 22 150
299 33 38 100
299 6 45 99
299 43 45 99
300 25 17 150
300 25 32 100
300 25 35 100
300 6 41 150
300 43 38 100
300 43 41 148
301 34 29 150
301 8 21 150
301 23 45 150
301 35 44 148
301 45 38 148
302 34 13 100
302 26 45 150
302 41 21 100
302 10 38 148
302 10 39 100
302 29 5 100
303 43 37 150
303 43 38 100
303 40 37 99
303 46 35 99
304 1 45 150
304 41 11 100
304 46 20 100
304 43 20 100
304 43 38 100
304 43 45 99
305 33 21 100
305 33 38 100
305 30 4 150
305 0 9 100
305 0 11 148
305 47 26 100
305 41 21 100
305 25 32 100
305 39 33 100
305 31 20 99
306 14 36 150
306 14 38 148
306 14 47 100
306 13 49 150
306 35 36 100
306 38 36 99
306 33 41 148
306 45 41 150
307 31 38 148
307 26 45 150
307 10 39 100
307 34 13 100
308 24 38 150
308 24 45 150
308 17 45 100
308 5 37 148
308 19 37 148
308 39 21 100
308 46 17 150
309 36 27 100
309 44 41 150
309 16 41 100
309 45 41 150
309 33 21 100
309 33 38 100
310 20 9 100
310 32 32 100
310 40 38 150
310 33 41 148
310 33 46 100
310 24 41 148
311 41 37 100
311 33 38 100
311 33 41 148
311 37 41 100
311 31 37 100
311 14 37 100
311 28 44 150
311 45 41 150
312 14 5 100
312 14 37 100
312 41 13 100
312 41 37 100
312 0 29 99
312 17 45 100
312 29 45 100
313 26 45 150
313 39 21 100
313 2 39 100
313 46 38 150
314 48 4 100
314 35 45 99
314 14 38 148
314 14 47 100
314 2 35 100
314 30 45 148
315 18 22 150
315 36 9 100
315 11 38 150
315 10 34 100
316 27 49 100
316 29 5 100
316 43 37 150
316 43 38 100
316 41 21 100
316 41 37 100
316 41 49 148
316 47 26 100
316 48 37 99
317 19 11 100
317 32 32 100
317 28 30 150
317 16 38 150
317 21 35 150
317 33 21 100
318 26 45 150
318 2 39 100
318 10 38 148
318 4 13 100
319 43 38 100
319 43 41 148
319 29 41 150
319 28 17 150
319 41 21 100
320 23 45 150
320 19 29 100
320 44 38 150
320 17 45 100
321 16 22 100
321 16 27 100
321 16 41 100
321 31 35 150
321 24 41 148
321 21 22 148
321 21 28 150
321 21 33 100
321 33 38 100
321 33 41 148
322 43 38 100
322 43 41 148
322 49 22 148
322 29 41 150
323 20 9 100
323 10 38 148
323 10 45 100
323 43 45 99
323 5 32 100
323 7 29 150
323 36 47 100
323 16 15 99
324 13 39 100
324 26 45 150
324 39 21 100
324 38 38 150
325 44 41 150
325 32 29 100
325 6 41 150
325 40 20 150
325 43 20 100
325 43 21 150
325 43 38 100
325 33 13 100
326 11 38 150
326 10 11 100
326 10 26 100
326 34 29 150
326 25 9 99
326 25 35 100
327 11 21 150
327 18 29 100
328 38 9 100
328 38 11 100
328 38 38 150
328 38 45 99
328 32 32 100
328 33 21 100
328 33 38 100
329 23 45 150
329 39 21 100
329 0 44 150
329 8 49 100
329 1 45 150
329 33 38 100
330 18 17 100
330 36 47 100
330 13 49 150
330 33 38 100
330 8 49 100
330 19 37 148
330 37 30 100
330 38 17 100
330 41 37 100
331 15 7 150
331 20 7 150
331 34 13 100
331 6 41 150
331 26 7 150
331 7 35 150
331 7 41 99
331 43 36 100
331 43 38 100
331 43 41 148
331 23 36 99
331 35 36 100
331 38 36 99
332 26 45 150
332 16 21 150
332 16 38 150
332 10 7 100
333 19 29 100
333 19 37 148
333 41 37 100
333 24 32 100
333 24 38 150
333 20 17 148
334 43 21 150
334 43 36 100
334 43 38 100
334 43 41 148
334 10 11 100
334 10 26 100
334 10 39 100
334 31 35 150
334 29 41 150
334 39 36 150
334 0 29 99
334 0 36 148
335 42 44 150
335 35 45 99
335 22 20 100
335 3 7 150
335 25 20 150
335 17 45 100
335 16 38 150
335 41 21 100
335 15 7 150
335 26 7 150
336 10 7 100
336 10 45 100
336 36 27 100
336 1 45 150
336 43 38 100
336 3 33 99
336 21 49 100
336 34 13 100
337 21 11 100
337 21 38 148
337 19 45 150
337 16 21 150
337 4 35 99
338 10 22 100
338 17 41 99
338 45 41 150
338 9 20 100
338 23 20 100
338 23 36 99
338 34 22 100
338 34 29 150
338 20 9 100
338 37 41 100
339 21 38 148
339 15 7 150
339 41 21 100
339 41 47 100
339 2 36 150
339 33 7 148
339 33 38 100
339 35 36 100
339 35 45 99
339 26 7 150
339 26 45 150
340 1 4 100
340 1 45 150
340 24 21 148
340 43 38 100
340 12 49 150
340 21 49 100
341 17 45 100
341 36 7 100
341 19 45 150
341 19 46 99
341 22 20 100
341 46 20 100
341 9 20 100
341 18 32 100
341 20 7 150
341 3 7 150
341 33 7 148
341 33 21 100
341 33 38 100
342 11 37 99
342 11 38 150
342 20 9 100
342 41 13 100
342 41 37 100
342 41 49 148
342 14 37 100
343 32 7 150
343 2 35 100
343 23 7 150
343 20 7 150
344 47 26 100
344 47 38 150
344 2 36 150
344 2 39 100
344 44 36 100
344 36 47 100
344 8 5 100
345 21 38 148
345 21 49 100
345 19 49 100
345 16 41 100
345 2 8 99
345 2 36 150
345 37 41 100
345 24 41 148
346 15 8 100
346 15 32 100
346 11 8 150
346 11 38 150
346 7 8 100
346 7 41 99
346 26 8 99
346 37 11 100
346 37 41 100
346 39 8 100
346 23 8 100
346 0 9 100
346 29 41 150
347 33 13 100
347 33 38 100
347 6 45 99
347 29 45 100
347 21 37 100
347 43 20 100
347 43 37 150
347 2 35 100
347 25 20 150
347 37 30 100
348 44 36 100
348 44 38 150
348 44 41 150
348 17 11 100
348 17 41 99
348 22 36 99
348 16 27 100
348 16 41 100
348 26 7 150
348 20 7 150
348 5 36 100
348 32 7 150
348 38 36 99
349 4 20 100
349 35 22 100
349 26 7 150
349 22 20 100
349 22 29 100
349 31 38 148
349 12 22 100
349 43 21 150
349 43 41 148
350 38 11 100
350 38 45 99
350 41 21 100
350 43 38 100
350 43 41 148
350 40 39 100
350 39 21 100
351 35 32 99
351 38 38 150
351 9 26 100
351 31 49 100
351 2 33 100
352 28 22 100
352 27 45 150
352 11 21 150
352 34 22 100
352 14 47 100
352 10 45 100
352 33 38 100
353 22 20 100
353 22 44 150
353 11 21 150
353 11 38 150
353 37 20 148
353 20 7 150
353 25 35 100
354 29 5 100
354 29 41 150
354 44 41 150
354 36 7 100
354 28 44 150
354 41 21 100
354 20 7 150
354 16 41 100
355 26 4 100
355 47 35 99
355 47 38 150
355 43 37 150
355 43 38 100
355 31 37 100
355 34 13 100
355 41 37 100
355 22 29 100
356 10 7 100
356 10 26 100
356 10 30 150
356 10 39 100
356 33 7 148
356 33 38 100
356 23 7 150
356 49 28 100
357 19 45 150
357 15 7 150
357 15 32 100
357 31 38 148
358 15 7 150
358 45 41 150
358 42 37 150
358 42 46 100
358 41 37 100
358 31 35 150
358 23 7 150
359 2 35 100
359 46 38 150
359 3 7 150
359 17 41 99
359 17 45 100
359 30 45 148
360 36 7 100
360 36 47 100
360 40 38 150
360 34 13 100
360 39 21 100
361 34 11 148
361 9 20 100
361 0 17 100
361 38 38 150
361 37 20 148
361 37 41 100
361 6 41 150
361 33 41 148
361 43 37 150
361 41 37 100
362 24 38 150
362 24 41 148
362 10 39 100
362 45 27 100
362 45 41 150
363 20 17 148
363 4 30 100
363 45 15 100
363 22 23 148
363 22 36 99
363 28 23 150
363 3 23 99
363 9 26 100
363 39 21 100
363 39 36 150
363 2 36 150
364 13 49 150
364 40 38 150
364 33 38 100
364 21 49 100
364 2 29 100
364 2 36 150
364 0 36 148
365 33 13 100
365 33 38 100
365 30 45 148
365 40 20 150
365 40 37 99
365 16 37 100
365 28 17 150
365 28 20 150
365 1 37 150
365 24 32 100
365 23 36 99
366 0 44 150
366 14 38 148
366 33 21 100
366 33 41 148
366 37 41 100
367 2 33 100
367 28 44 150
367 29 41 150
367 25 49 150
367 47 26 100
367 43 38 100
367 33 21 100
368 24 45 150
368 15 7 150
368 17 35 148
368 17 45 100
368 43 7 150
368 43 38 100
368 3 7 150
369 4 17 150
369 4 20 100
369 28 20 150
369 28 22 100
369 31 38 148
369 29 21 148
369 29 45 100
369 36 7 100
369 36 27 100
370 6 22 150
370 6 32 100
370 6 45 99
370 46 15 100
370 45 21 150
370 34 22 100
370 30 45 148
371 38 38 150
371 32 7 150
371 39 21 100
371 10 7 100
371 2 35 100
371 26 7 150
371 41 47 100
371 15 7 150
371 24 41 148
372 25 17 150
372 11 37 99
372 11 38 150
372 33 7 148
372 33 22 150
372 33 41 148
372 3 7 150
372 19 37 148
372 19 45 150
372 29 4 150
372 29 45 100
372 43 7 150
373 45 38 148
373 46 17 150
373 6 45 99
373 38 45 99
374 27 17 150
374 27 45 150
374 24 38 150
374 33 13 100
374 33 21 100
374 42 37 150
374 21 37 100
375 3 7 150
375 29 4 150
375 46 35 99
375 46 38 150
375 43 7 150
375 43 37 150
375 20 7 150
375 48 37 99
375 31 37 100
376 1 22 100
376 1 37 150
376 34 22 100
376 3 7 150
376 3 46 100
376 22 20 100
376 11 37 99
376 37 20 148
376 37 41 100
376 6 41 150
376 16 41 100
377 28 44 150
377 7 29 150
377 32 7 150
377 20 7 150
377 44 38 150
377 14 47 100
377 43 7 150
377 43 38 100
377 0 39 100
377 39 21 100
378 27 32 99
378 25 20 150
378 4 20 100
378 9 26 100
378 40 37 99
378 42 37 150
379 35 45 99
379 45 38 148
379 26 45 150
379 28 17 150
379 43 38 100
379 39 21 100
380 12 4 150
380 3 7 150
380 36 7 100
380 36 27 100
380 10 7 100
380 10 11 100
380 17 41 99
380 2 35 100
380 4 13 100
380 33 7 148
380 33 38 100
380 33 41 148
381 43 38 100
381 43 41 148
381 15 23 100
381 11 23 99
381 28 23 150
381 14 47 100
381 18 29 100
382 11 21 150
382 11 38 150
382 29 41 150
382 37 41 100
383 3 7 150
383 3 33 99
383 25 20 150
383 2 29 100
383 22 20 100
383 33 7 148
383 33 38 100
383 33 41 148
383 45 15 100
383 45 41 150
383 15 7 150
384 10 26 100
384 10 38 148
384 25 32 100
384 48 37 99
384 37 41 100
384 14 37 100
384 43 37 150
385 35 13 100
385 35 44 148
385 40 39 100
385 8 21 150
385 29 41 150
385 24 41 148
385 4 35 99
386 29 45 100
386 10 38 148
386 33 38 100
387 1 37 150
387 1 44 100
387 46 35 99
387 48 37 99
388 46 38 150
388 15 32 100
388 21 11 100
388 33 38 100
388 33 41 148
389 37 41 100
389 30 45 148
389 43 38 100
389 43 41 148
389 43 45 99
389 2 35 100
389 33 21 100
390 38 9 100
390 38 38 150
390 38 45 99
390 16 37 100
390 29 45 100
390 2 35 100
390 2 39 100
390 33 13 100
390 41 37 100
391 11 37 99
391 24 45 150
391 15 22 150
391 36 47 100
391 46 49 148
392 30 45 148
392 39 21 100
392 17 45 100
392 7 32 100
392 10 7 100
392 10 38 148
392 36 7 100
393 39 21 100
393 23 7 150
393 23 45 150
393 10 7 100
393 10 38 148
393 2 17 100
393 15 7 150
393 8 5 100
394 38 17 100
394 38 38 150
394 38 45 99
394 17 45 100
394 23 7 150
394 10 7 100
394 25 35 100
395 20 7 150
395 20 20 150
395 20 27 99
395 4 20 100
395 3 7 150
395 26 7 150
395 21 38 148
395 24 21 148
395 24 41 148
395 41 21 100
395 37 41 100
396 3 7 150
396 3 33 99
396 30 4 150
396 30 45 148
396 36 7 100
396 36 17 148
396 18 29 100
396 45 15 100
396 45 38 148
396 35 13 100
396 35 45 99
396 17 41 99
396 28 20 150
396 4 20 100
397 2 35 100
397 25 32 100
397 21 11 100
397 21 37 100
397 23 45 150
397 1 37 150
397 42 46 100
397 39 21 100
398 4 17 150
398 4 20 100
398 48 15 100
398 10 38 148
398 16 41 100
398 25 20 150
398 41 21 100
398 7 41 99
399 9 26 100
399 35 44 148
399 24 38 150
399 24 41 148
400 6 41 150
400 43 21 150
400 43 38 100
400 43 41 148
400 2 39 100
401 34 13 100
401 45 38 148
401 45 41 150
401 2 35 100
401 24 41 148
402 5 11 99
402 5 37 148
402 43 21 150
402 43 37 150
402 43 38 100
402 43 41 148
402 40 4 100
402 40 35 150
402 29 41 150
402 37 41 100
403 40 38 150
403 44 41 150
403 20 44 100
403 18 22 150
403 43 41 148
403 16 22 100
404 46 38 150
404 46 39 100
404 33 21 100
404 33 41 148
404 33 46 100
404 7 32 100
404 7 41 99
404 10 11 100
404 16 41 100
405 43 38 100
405 43 45 99
405 47 35 99
405 20 44 100
405 30 45 148
406 44 38 150
406 43 45 99
406 28 44 150
406 38 45 99
407 25 32 100
407 6 41 150
407 8 5 100
407 14 47 100
407 39 21 100
407 4 30 100
407 33 38 100
407 33 41 148
408 31 38 148
408 46 35 99
408 46 39 100
408 6 45 99
408 29 45 100
408 37 41 100
408 38 44 150
409 41 11 100
409 41 13 100
409 41 21 100
409 41 27 99
409 38 29 150
410 46 29 100
410 46 38 150
410 47 26 100
410 35 36 100
410 43 36 100
410 43 38 100
410 2 36 150
411 15 22 150
411 33 21 100
411 33 38 100
411 12 49 150
411 40 33 100
411 2 29 100
411 8 49 100
412 24 38 150
412 33 21 100
412 2 39 100
412 10 26 100
413 32 32 100
413 1 45 150
414 38 29 150
414 38 38 150
414 38 44 150
414 46 4 99
414 46 20 100
414 9 20 100
414 45 21 150
414 45 41 150
414 20 7 150
414 24 41 148
414 43 7 150
414 43 38 100
415 11 21 150
415 21 22 148
415 36 7 100
415 20 7 150
415 8 5 100
416 19 11 100
416 40 23 100
416 40 30 150
416 40 38 150
416 11 23 99
416 9 23 150
416 15 23 100
417 44 38 150
417 16 21 150
417 31 20 99
417 24 45 150
417 42 17 150
417 41 13 100
417 41 47 100
417 40 20 150
418 40 38 150
418 37 11 100
418 37 41 100
418 24 41 148
418 45 41 150
418 19 29 100
419 21 38 148
419 10 21 150
419 10 39 100
419 27 32 99
419 6 41 150
419 39 28 100
419 17 41 99
420 36 7 100
420 11 38 150
420 3 7 150
420 10 7 100
420 10 45 100
420 41 21 100
420 43 7 150
420 43 45 99
421 24 5 99
421 24 41 148
421 6 41 150
421 9 26 100
421 34 13 100
421 33 38 100
422 6 45 99
422 41 49 148
422 16 41 100
422 48 29 100
422 24 45 150
422 43 38 100
423 48 29 100
423 27 32 99
423 26 7 150
423 4 35 99
423 31 38 148
423 29 41 150
423 40 47 100
423 36 7 100
424 16 37 100
424 16 41 100
424 23 7 150
424 15 7 150
424 33 38 100
424 33 41 148
424 33 46 100
424 41 37 100
424 45 34 100
424 45 41 150
424 25 35 100
425 29 41 150
425 13 39 100
425 13 49 150
425 46 38 150
425 11 37 99
426 19 45 150
426 16 21 150
426 16 27 100
426 16 41 100
426 38 44 150
426 43 38 100
426 43 41 148
426 7 41 99
426 37 30 100
426 33 13 100
427 11 37 99
427 11 38 150
427 21 33 100
427 21 37 100
427 48 29 100
428 32 32 100
428 1 45 150
428 6 9 150
428 6 45 99
428 33 38 100
429 37 41 100
429 38 17 100
429 38 29 150
429 38 38 150
429 31 35 150
429 31 37 100
429 48 37 99
429 7 41 99
429 18 17 100
429 40 37 99
429 40 47 100
430 31 37 100
430 31 49 100
430 17 41 99
430 48 37 99
430 16 37 100
430 16 41 100
430 29 41 150
430 37 41 100
430 43 38 100
431 48 37 99
431 35 45 99
431 46 35 99
431 46 39 100
431 40 37 99
431 45 38 148
431 41 37 100
431 44 49 100
432 34 13 100
432 26 45 150
432 26 46 100
432 23 45 150
432 41 21 100
433 7 41 99
433 40 37 99
433 40 38 150
433 24 41 148
433 42 37 150
433 16 41 100
434 38 22 150
434 38 38 150
434 38 45 99
434 32 7 150
434 33 7 148
434 33 21 100
434 25 35 100
434 10 7 100
434 10 22 100
434 10 45 100
434 1 4 100
434 40 47 100
435 42 32 100
435 17 35 148
435 17 41 99
435 47 38 150
435 22 29 100
435 10 7 100
436 1 15 100
436 1 39 100
436 1 45 150
436 31 38 148
436 0 29 99
436 7 41 99
436 4 30 100
436 8 21 150
437 10 45 100
437 24 41 148
437 24 45 150
438 20 7 150
438 7 35 150
438 7 41 99
438 47 38 150
438 41 13 100
438 41 21 100
438 41 37 100
438 17 41 99
438 29 41 150
438 16 37 100
438 14 37 100
439 27 45 150
439 2 29 100
439 39 21 100
439 39 28 100
439 40 20 150
439 40 38 150
439 31 20 99
440 16 38 150
440 26 7 150
440 10 7 100
440 10 26 100
440 43 7 150
440 43 36 100
440 44 9 99
440 44 36 100
440 36 47 100
440 22 36 99
441 25 35 100
441 5 36 100
441 21 38 148
441 8 21 150
442 37 20 148
442 37 30 100
442 37 32 100
442 32 29 100
442 0 39 100
442 47 26 100
442 4 20 100
442 46 20 100
443 48 4 100
443 40 35 150
443 40 38 150
443 24 41 148
443 38 9 100
443 38 44 150
443 17 41 99
443 34 13 100
443 7 41 99
443 43 38 100
444 38 29 150
444 40 33 100
444 40 37 99
444 37 41 100
444 48 37 99
444 14 37 100
445 34 22 100
445 46 4 99
445 46 35 99
445 46 38 150
445 3 7 150
445 23 7 150
445 23 27 99
445 8 21 150
445 17 41 99
445 37 41 100
445 10 7 100
446 17 35 148
446 45 21 150
446 45 38 148
446 14 47 100
446 4 29 150
447 24 38 150
447 24 41 148
447 43 41 148
447 17 41 99
448 38 9 100
448 38 38 150
448 6 32 100
448 41 21 100
448 47 26 100
449 6 45 99
449 8 5 100
449 10 7 100
449 10 11 100
449 10 45 100
449 46 4 99
449 33 7 148
449 33 38 100
449 15 7 150
450 18 11 100
450 29 45 100
450 21 37 100
450 21 38 148
450 5 37 148
450 41 13 100
450 46 39 100
450 26 7 150
451 26 46 100
451 37 41 100
451 29 5 100
451 29 41 150
451 29 45 100
452 11 38 150
452 26 45 150
452 36 47 100
452 44 49 100
452 0 29 99
452 19 49 100
453 36 9 100
453 38 22 150
453 38 38 150
453 21 37 100
453 45 41 150
453 31 37 100
453 48 22 100
453 48 37 99
453 29 41 150
454 45 38 148
454 45 41 150
454 33 21 100
454 33 41 148
454 14 37 100
454 6 41 150
454 5 37 148
455 10 38 148
455 10 45 100
455 49 49 100
455 6 32 100
455 6 45 99
455 1 37 150
455 11 37 99
455 14 37 100
456 36 7 100
456 24 38 150
456 7 35 150
456 32 7 150
456 3 7 150
456 26 7 150
457 10 26 100
457 20 17 148
457 20 20 150
457 34 13 100
457 13 4 150
457 4 20 100
458 14 5 100
458 14 38 148
458 14 47 100
458 35 45 99
458 45 27 100
458 29 45 100
458 46 39 100
458 2 33 100
459 39 21 100
459 28 44 150
459 46 38 150
459 37 41 100
459 6 41 150
459 17 41 99
460 33 22 150
460 33 38 100
460 33 41 148
460 37 32 100
460 37 41 100
460 17 41 99
461 43 20 100
461 43 38 100
461 43 41 148
461 4 20 100
461 16 41 100
461 33 38 100
462 39 21 100
462 33 7 148
462 33 22 150
462 33 38 100
462 33 41 148
462 9 20 100
462 5 20 100
462 16 15 99
462 16 41 100
462 32 7 150
462 20 7 150
462 36 7 100
462 6 41 150
463 4 13 100
463 4 20 100
463 26 7 150
463 26 45 150
463 17 45 100
463 11 38 150
463 15 7 150
463 40 47 100
463 23 7 150
464 16 41 100
464 38 11 100
464 39 21 100
464 43 38 100
464 43 41 148
464 17 41 99
464 8 49 100
464 21 49 100
465 5 32 100
465 30 22 150
465 30 45 148
465 45 38 148
465 2 39 100
465 14 22 99
465 39 21 100
466 10 45 100
466 23 36 99
466 23 45 150
466 1 37 150
466 21 37 100
466 39 36 150
466 14 36 150
467 38 38 150
467 38 45 99
467 15 7 150
467 4 20 100
467 46 20 100
467 5 11 99
467 39 21 100
467 20 7 150
467 20 27 99
467 3 7 150
467 10 7 100
467 10 45 100
468 24 38 150
468 24 41 148
468 33 21 100
468 33 41 148
468 16 15 99
468 37 4 150
469 35 13 100
469 25 49 150
469 1 39 100
469 46 38 150
469 10 26 100
470 49 22 148
470 14 38 148
470 19 45 150
470 11 21 150
471 33 21 100
471 33 38 100
471 30 45 148
471 22 36 99
471 39 36 150
471 0 9 100
471 0 36 148
471 36 47 100
472 40 33 100
472 40 35 150
472 40 38 150
472 7 32 100
472 7 41 99
472 35 45 99
472 33 41 148
472 24 41 148
473 19 22 148
473 19 37 148
473 19 46 99
473 9 20 100
473 22 20 100
473 45 38 148
473 45 41 150
473 7 41 99
473 14 37 100
473 5 20 100
474 14 37 100
474 21 37 100
474 35 45 99
474 33 38 100
474 31 37 100
474 2 39 100
475 40 38 150
475 43 21 150
475 43 41 148
475 43 45 99
475 33 41 148
475 19 11 100
475 24 41 148
475 25 35 100
476 41 13 100
476 41 21 100
476 41 47 100
476 22 20 100
476 18 32 100
476 19 45 150
476 31 20 99
476 43 38 100
477 10 38 148
477 16 41 100
477 17 41 99
477 37 41 100
478 16 27 100
478 23 7 150
478 23 20 100
478 23 45 150
478 9 20 100
478 10 7 100
478 46 20 100
478 3 7 150
479 44 38 150
479 44 41 150
479 11 21 150
479 4 29 150
479 40 39 100
479 33 38 100
479 33 41 148
480 1 15 100
480 1 44 100
480 22 29 100
480 43 21 150
480 43 38 100
480 43 41 148
480 37 41 100
480 24 41 148
481 28 22 100
481 1 22 100
481 45 11 150
481 47 35 99
481 3 7 150
481 32 7 150
481 26 7 150
481 20 7 150
482 21 38 148
482 17 41 99
482 4 13 100
482 24 32 100
482 24 41 148
482 49 28 100
483 40 35 150
483 40 38 150
483 47 26 100
483 17 41 99
483 35 22 100
483 1 22 100
483 32 7 150
484 39 21 100
484 38 38 150
484 38 45 99
484 3 7 150
484 22 29 100
484 10 7 100
484 10 45 100
484 26 7 150
484 36 7 100
485 40 37 99
485 40 38 150
485 17 41 99
485 5 37 148
485 3 7 150
485 14 15 150
485 37 41 100
485 46 29 100
485 36 7 100
486 24 21 148
486 24 38 150
486 24 41 148
486 24 45 150
486 1 22 100
486 36 7 100
486 40 33 100
486 40 35 150
486 16 22 100
486 23 7 150
486 48 29 100
486 33 7 148
486 29 45 100
487 24 32 100
487 24 41 148
487 13 39 100
487 21 37 100
487 17 41 99
487 20 7 150
487 42 37 150
487 32 7 150
488 6 41 150
488 28 46 100
488 43 38 100
488 43 41 148
488 17 11 100
488 17 41 99
488 29 5 100
488 24 38 150
488 41 37 100
489 40 20 150
489 39 8 100
489 46 8 150
489 46 20 100
489 23 8 100
489 34 8 99
489 34 13 100
489 5 8 100
489 43 38 100
489 43 41 148
490 46 8 150
490 46 30 150
490 46 38 150
490 46 49 148
490 43 21 150
490 43 41 148
490 43 45 99
490 7 8 100
490 7 41 99
490 38 11 100
490 38 45 99
490 21 49 100
491 32 7 150
491 28 20 150
491 28 22 100
491 1 22 100
491 36 7 100
491 9 20 100
491 33 7 148
491 33 21 100
491 33 38 100
491 10 7 100
492 35 32 99
492 35 45 99
492 36 17 148
492 36 47 100
492 21 38 148
492 11 21 150
492 10 45 100
492 37 30 100
493 0 22 150
493 39 28 100
493 6 41 150
493 29 41 150
494 23 30 148
494 23 45 150
494 40 37 99
494 40 38 150
494 40 39 100
494 1 37 150
494 5 2 100
494 9 2 100
494 14 2 150
494 22 2 148
495 5 2 100
495 41 21 100
495 45 2 150
495 45 38 148
495 21 2 150
495 28 2 150
495 33 2 100
495 0 9 100
495 0 29 99
496 4 13 100
496 23 7 150
496 23 45 150
496 5 2 100
496 5 37 148
496 26 7 150
496 35 45 99
496 15 7 150
496 24 2 150
496 24 38 150
496 19 2 100
496 19 37 148
497 44 2 100
497 44 38 150
497 44 41 150
497 5 2 100
497 5 20 100
497 5 37 148
497 21 2 150
497 21 37 100
497 31 20 99
497 23 7 150
497 16 41 100
497 33 2 100
497 33 7 148
497 41 47 100
497 24 2 150
497 12 2 150
497 12 4 150
497 45 2 150
497 9 2 100
497 9 26 100
497 43 2 100
497 43 7 150
497 18 29 100
498 23 7 150
498 23 45 150
498 43 2 100
498 43 7 150
498 43 38 100
498 15 7 150
498 15 32 100
498 24 2 150
498 14 2 150
498 33 7 148
498 33 21 100
498 49 49 100
499 41 11 100
499 41 27 99
499 41 37 100
499 42 37 150
499 16 38 150
499 16 41 100
499 4 30 100
499 17 45 100
500 14 37 100
500 14 38 148
500 5 37 148
500 24 45 150
500 36 7 100
500 30 45 148
500 31 37 100
500 10 7 100
500 33 7 148
500 43 7 150
501 7 29 150
501 7 41 99
501 14 37 100
501 4 13 100
501 35 44 148
501 42 37 150
501 16 41 100
501 29 41 150
501 33 38 100
502 40 38 150
502 24 41 148
503 29 5 100
503 29 41 150
503 14 37 100
503 14 47 100
503 42 37 150
503 40 39 100
503 37 41 100
503 41 21 100
504 22 4 100
504 22 29 100
504 41 21 100
504 47 38 150
504 15 7 150
504 29 41 150
504 36 7 100
504 33 7 148
504 33 38 100
504 33 41 148
504 24 41 148
505 0 36 148
505 0 44 150
505 22 23 148
505 22 36 99
505 1 23 150
505 1 45 150
505 10 7 100
505 10 45 100
505 16 41 100
505 14 36 150
505 17 41 99
505 3 33 99
506 18 32 100
506 17 23 148
506 17 45 100
506 46 38 150
506 3 23 99
506 11 23 99
506 41 13 100
506 41 21 100
507 24 38 150
507 24 41 148
507 3 7 150
507 3 23 99
507 11 37 99
507 17 41 99
507 20 7 150
507 2 29 100
507 15 7 150
507 5 37 148
507 10 7 100
508 31 37 100
508 31 38 148
508 7 41 99
508 39 21 100
508 20 7 150
508 40 4 100
508 45 15 100
508 45 41 150
508 15 7 150
508 10 7 100
508 37 41 100
509 29 41 150
509 7 41 99
509 42 37 150
509 17 41 99
509 20 7 150
509 11 37 99
509 11 38 150
510 16 41 100
510 14 47 100
510 48 29 100
510 39 21 100
510 39 28 100
510 0 39 100
510 47 35 99
510 37 41 100
510 43 38 100
510 43 41 148
511 10 38 148
511 10 45 100
511 48 29 100
511 32 29 100
511 39 21 100
511 21 35 150
511 38 45 99
512 5 32 100
512 35 13 100
512 43 38 100
513 26 7 150
513 0 29 99
513 47 26 100
513 47 38 150
513 8 21 150
513 10 7 100
513 23 7 150
514 48 4 100
514 39 21 100
514 30 45 148
514 14 5 100
514 14 47 100
514 33 7 148
514 33 38 100
514 15 7 150
514 26 7 150
515 22 44 150
515 24 21 148
515 24 38 150
515 24 45 150
515 35 45 99
515 32 7 150
515 40 35 150
515 45 27 100
515 44 9 99
516 19 29 100
516 19 45 150
516 17 45 100
516 4 20 100
516 9 20 100
517 41 13 100
517 41 21 100
517 3 7 150
517 46 20 100
517 46 38 150
517 29 41 150
517 15 7 150
517 44 41 150
518 14 38 148
518 23 7 150
518 6 32 100
518 40 39 100
518 10 7 100
518 47 35 99
519 37 30 100
519 37 41 100
519 47 38 150
519 29 21 148
520 39 33 100
520 1 37 150
520 1 45 150
520 33 38 100
520 21 35 150
520 21 37 100
520 14 47 100
521 19 45 150
521 43 21 150
521 43 38 100
521 43 45 99
522 45 4 99
522 45 38 148
522 30 45 148
522 0 39 100
523 24 38 150
523 39 21 100
523 25 35 100
524 30 45 148
524 38 38 150
524 38 45 99
524 9 26 100
524 16 27 100
524 36 47 100
524 33 13 100
525 30 45 148
525 33 21 100
525 33 38 100
525 18 29 100
525 18 32 100
525 40 35 150
526 24 38 150
526 24 45 150
526 21 44 99
526 32 29 100
526 25 20 150
526 17 45 100
526 40 39 100
526 43 20 100
527 29 45 100
527 38 45 99
527 10 7 100
527 36 7 100
527 3 7 150
527 3 46 100
527 42 37 150
527 35 13 100
527 26 7 150
527 49 44 99
527 21 37 100
528 14 36 150
528 14 38 148
528 6 45 99
528 22 29 100
528 22 36 99
528 19 11 100
528 16 21 150
528 31 35 150
528 23 36 99
529 43 36 100
529 43 38 100
529 43 45 99
529 23 45 150
529 31 49 100
529 46 49 148
530 33 38 100
530 41 11 100
530 41 37 100
530 0 9 100
530 29 5 100
530 29 45 100
530 40 37 99
530 21 37 100
530 10 45 100
531 42 32 100
531 41 21 100
531 17 45 100
531 46 15 100
531 46 38 150
531 23 7 150
532 35 13 100
532 35 45 99
532 2 29 100
532 32 7 150
532 16 21 150
532 16 38 150
532 16 41 100
532 26 7 150
532 11 23 99
532 43 41 148
532 37 41 100
532 39 23 150
532 9 23 150
533 33 38 100
533 39 23 150
533 43 38 100
533 43 45 99
533 29 45 100
533 11 23 99
534 14 47 100
534 26 45 150
534 13 39 100
534 16 21 150
534 21 33 100
534 49 23 100
535 41 21 100
535 41 27 99
535 14 38 148
536 10 30 150
536 10 38 148
536 40 4 100
536 43 41 148
536 44 41 150
536 41 21 100
537 23 45 150
537 37 32 100
537 29 45 100
537 44 38 150
537 44 49 100
537 39 21 100
538 4 13 100
538 4 35 99
538 11 37 99
538 11 38 150
538 38 11 100
538 38 45 99
538 29 45 100
538 31 37 100
538 28 4 100
538 28 46 100
538 1 37 150
538 1 39 100
539 33 21 100
539 33 22 150
539 33 38 100
539 29 45 100
539 43 45 99
540 45 38 148
540 45 41 150
540 11 23 99
540 0 29 99
540 18 29 100
540 48 23 148
540 37 41 100
540 28 23 150
540 14 47 100
540 10 7 100
540 36 7 100
541 32 7 150
541 10 7 100
541 10 11 100
541 10 21 150
541 10 26 100
541 10 38 148
541 25 35 100
541 16 41 100
541 4 30 100
542 33 21 100
542 33 38 100
542 35 45 99
542 43 45 99
542 36 7 100
543 26 7 150
543 38 11 100
543 38 38 150
543 10 7 100
543 10 21 150
543 3 7 150
543 36 7 100
543 44 41 150
543 37 41 100
543 4 13 100
544 31 37 100
544 25 32 100
544 21 37 100
544 46 39 100
544 26 45 150
544 33 38 100
545 1 45 150
545 16 38 150
545 16 41 100
545 8 49 100
545 49 49 100
545 41 21 100
546 11 23 99
546 19 46 99
546 28 23 150
546 29 41 150
546 29 45 100
546 33 21 100
546 33 38 100
546 33 41 148
546 41 47 100
547 16 41 100
547 36 23 100
547 29 4 150
547 17 41 99
547 6 41 150
548 37 20 148
548 37 32 100
548 11 38 150
548 27 17 150
548 23 20 100
549 47 26 100
549 47 35 99
549 47 38 150
549 14 34 99
549 38 45 99
549 23 27 99
549 34 13 100
549 40 39 100
549 39 28 100
550 23 23 150
550 23 45 150
550 39 23 150
550 39 33 100
550 36 23 100
550 44 38 150
550 6 45 99
550 48 37 99
551 47 38 150
551 45 15 100
551 45 41 150
551 31 37 100
551 41 37 100
551 17 41 99
551 2 29 100
551 42 37 150
551 37 41 100
551 19 37 148
552 18 11 100
552 47 38 150
552 41 21 100
552 10 7 100
552 26 7 150
552 37 41 100
552 33 7 148
552 33 41 148
552 2 36 150
552 39 36 150
553 7 41 99
553 8 5 100
553 32 7 150
553 2 35 100
553 26 7 150
553 19 11 100
553 38 36 99
553 33 7 148
553 33 13 100
553 33 38 100
553 33 41 148
553 45 41 150
554 47 38 150
554 15 7 150
554 6 41 150
554 16 41 100
554 17 41 99
555 40 39 100
555 15 32 100
555 17 41 99
555 33 21 100
555 33 38 100
555 33 41 148
555 32 29 100
556 44 41 150
556 41 47 100
556 25 35 100
556 33 38 100
556 33 41 148
556 7 41 99
556 17 41 99
557 43 38 100
557 43 41 148
557 41 21 100
557 6 41 150
558 35 13 100
558 35 36 100
558 39 36 150
558 44 36 100
558 44 38 150
558 44 41 150
558 40 37 99
558 10 11 100
558 11 37 99
559 33 22 150
559 33 38 100
559 33 41 148
559 16 22 100
559 16 37 100
559 16 41 100
559 46 4 99
559 46 39 100
559 24 5 99
559 24 41 148
559 45 41 150
560 30 22 150
560 32 29 100
560 45 15 100
560 45 38 148
560 45 41 150
560 7 41 99
561 46 29 100
561 46 38 150
561 23 45 150
561 35 32 99
561 45 21 150
561 16 41 100
562 2 35 100
562 8 21 150
562 41 27 99
562 46 4 99
562 44 41 150
562 43 38 100
562 43 41 148
563 22 20 100
563 20 7 150
563 20 20 150
563 21 38 148
563 45 34 100
563 45 41 150
563 41 21 100
563 37 30 100
563 37 41 100
563 17 41 99
564 23 7 150
564 23 30 148
564 14 37 100
564 5 11 99
564 5 37 148
564 48 29 100
564 20 7 150
564 43 7 150
564 43 38 100
564 43 41 148
564 10 7 100
564 33 7 148
564 33 41 148
564 32 7 150
565 17 41 99
565 17 45 100
565 47 38 150
565 41 13 100
565 41 37 100
565 45 15 100
565 27 45 150
565 10 7 100
565 43 37 150
566 26 7 150
566 26 45 150
566 31 20 99
566 20 7 150
566 20 20 150
566 23 7 150
566 15 32 100
566 24 5 99
567 9 23 150
567 11 21 150
567 11 23 99
567 11 38 150
567 1 23 150
567 1 39 100
567 3 33 99
568 3 9 99
568 2 35 100
568 43 21 150
568 43 38 100
568 43 41 148
568 7 41 99
568 49 44 99
568 1 4 100
569 8 49 100
569 5 11 99
569 10 7 100
569 10 26 100
569 10 38 148
569 3 7 150
569 37 41 100
569 49 49 100
570 29 45 100
570 11 38 150
570 27 45 150
570 35 13 100
570 41 21 100
570 24 2 150
570 43 2 100
570 43 7 150
570 33 2 100
570 33 7 148
570 17 2 100
571 28 2 150
571 28 22 100
571 48 22 100
571 48 37 99
571 14 2 150
571 14 37 100
571 14 38 148
571 14 47 100
571 5 2 100
571 5 37 148
571 19 2 100
571 19 45 150
571 37 2 99
572 35 1 150
572 35 32 99
572 28 2 150
572 28 20 150
572 4 20 100
572 22 1 100
572 22 2 148
572 16 38 150
572 13 1 99
573 28 2 150
573 28 22 100
573 0 11 148
573 0 39 100
573 47 2 150
573 13 1 99
573 5 2 100
573 45 2 150
573 6 2 100
573 6 45 99
573 10 45 100
573 37 2 99
573 41 1 99
574 4 29 150
574 22 1 100
574 22 2 148
574 12 2 150
574 19 2 100
574 19 37 148
574 45 2 150
574 45 38 148
574 45 41 150
574 3 9 99
574 31 37 100
574 33 2 100
574 33 38 100
574 33 41 148
574 6 2 100
575 47 2 150
575 45 15 100
575 45 27 100
575 45 41 150
575 16 41 100
575 40 23 100
575 36 23 100
575 9 23 150
575 14 22 99
576 25 9 99
576 25 49 150
576 7 29 150
576 7 41 99
576 24 21 148
576 24 38 150
576 24 45 150
576 29 45 100
576 43 38 100
577 35 13 100
577 25 35 100
577 16 41 100
577 6 41 150
577 7 41 99
578 17 45 100
578 34 22 100
578 31 20 99
578 31 37 100
578 31 38 148
578 42 32 100
578 42 37 150
578 5 20 100
578 38 45 99
579 16 37 100
579 16 38 150
579 21 37 100
579 3 9 99
579 23 45 150
579 19 29 100
579 19 37 148
580 49 11 100
580 49 28 100
580 33 21 100
580 33 38 100
580 33 41 148
580 2 35 100
580 8 5 100
580 3 9 99
580 16 41 100
580 41 21 100
581 29 45 100
581 36 47 100
581 37 30 100
581 37 41 100
581 21 37 100
581 21 38 148
581 11 37 99
581 41 37 100
582 28 44 150
582 17 45 100
582 2 39 100
582 27 45 150
582 27 49 100
582 46 38 150
582 46 49 148
583 24 32 100
583 24 38 150
583 24 41 148
583 24 46 99
583 37 41 100
583 19 37 148
583 38 17 100
583 33 21 100
583 41 37 100
583 17 41 99
584 30 4 150
584 39 33 100
584 45 41 150
584 8 49 100
584 6 41 150
585 14 38 148
585 43 38 100
585 43 41 148
585 39 21 100
585 16 41 100
585 34 13 100
585 7 41 99
586 12 22 100
586 2 29 100
586 2 35 100
586 14 22 99
586 25 11 150
586 41 21 100
587 25 49 150
587 37 41 100
587 13 39 100
587 9 26 100
587 6 41 150
587 11 38 150
587 39 21 100
587 39 28 100
587 43 38 100
588 24 45 150
588 44 49 100
588 2 35 100
588 6 45 99
588 37 15 100
588 37 41 100
588 43 38 100
589 33 38 100
589 35 36 100
589 35 45 99
589 0 36 148
589 11 37 99
589 44 36 100
589 44 49 100
589 19 37 148
589 36 27 100
589 38 45 99
590 2 35 100
590 42 32 100
590 23 45 150
590 34 13 100
590 24 38 150
591 33 21 100
591 33 38 100
591 40 39 100
591 37 11 100
592 33 38 100
592 33 41 148
592 1 37 150
592 5 37 148
592 4 35 99
592 43 41 148
593 19 45 150
593 19 49 100
593 49 49 100
593 39 21 100
593 31 38 148
593 8 4 150
593 29 45 100
594 36 9 100
594 1 22 100
594 29 22 100
594 25 11 150
594 25 49 150
594 31 38 148
594 9 26 100
595 33 38 100
596 14 38 148
596 14 47 100
596 33 7 148
596 33 41 148
596 10 7 100
596 21 27 100
596 21 35 150
596 43 7 150
596 43 41 148
596 15 7 150
597 24 32 100
597 24 45 150
597 49 49 100
597 19 29 100
597 19 49 100
597 1 17 150
597 16 41 100
597 35 13 100
597 29 34 100
597 2 33 100
598 40 38 150
598 40 39 100
598 46 35 99
598 17 41 99
598 45 41 150
598 39 21 100
599 10 26 100
599 10 38 148
599 37 41 100
599 33 21 100
600 5 46 99
600 21 22 148
600 21 35 150
600 21 38 148
600 33 21 100
601 26 45 150
601 17 11 100
601 17 45 100
601 33 38 100
601 40 37 99
601 21 37 100
601 31 37 100
602 31 38 148
602 31 49 100
602 27 49 100
602 45 41 150
602 44 41 150
603 29 45 100
603 45 38 148
603 17 45 100
603 36 9 100
603 5 32 100
603 4 13 100
603 4 35 99
604 42 37 150
604 31 37 100
604 1 39 100
604 1 45 150
604 33 38 100
604 14 5 100
605 16 38 150
605 16 41 100
605 25 17 150
605 6 30 150
605 6 41 150
605 40 47 100
605 7 41 99
606 45 2 150
606 45 11 150
606 45 21 150
606 0 22 150
606 30 45 148
606 33 2 100
606 33 38 100
606 14 2 150
606 14 5 100
606 14 22 99
606 19 2 100
606 5 2 100
606 10 45 100
606 44 2 100
606 37 2 99
606 37 30 100
607 46 38 150
607 21 2 150
607 14 2 150
607 28 2 150
607 27 32 99
607 27 45 150
607 6 2 100
607 22 2 148
607 10 21 150
608 17 2 100
608 17 45 100
608 40 37 99
608 31 37 100
608 22 2 148
608 12 2 150
608 29 45 100
608 16 27 100
608 16 37 100
609 37 2 99
609 37 15 100
609 37 41 100
609 28 2 150
609 0 39 100
609 35 13 100
609 14 2 150
609 14 38 148
609 47 2 150
609 24 2 150
609 24 41 148
609 43 2 100
609 43 38 100
610 31 35 150
610 44 2 100
610 44 41 150
610 17 2 100
610 17 41 99
610 7 41 99
610 9 2 100
610 47 2 150
610 12 2 150
610 39 21 100
610 1 15 100
610 21 2 150
611 1 4 100
611 1 37 150
611 1 45 150
611 45 2 150
611 45 38 148
611 14 2 150
611 14 5 100
611 14 37 100
611 24 2 150
611 33 2 100
611 7 41 99
611 19 2 100
611 17 2 100
612 20 7 150
612 20 20 150
612 28 2 150
612 28 20 150
612 38 38 150
612 25 32 100
612 36 7 100
612 16 41 100
612 37 2 99
612 37 41 100
612 43 2 100
612 43 7 150
612 43 41 148
612 17 2 100
612 45 2 150
612 22 2 148
612 24 2 150
613 11 38 150
613 11 44 99
613 44 2 100
613 6 2 100
613 6 22 150
613 6 45 99
613 45 2 150
613 33 2 100
613 33 7 148
613 33 21 100
613 5 2 100
613 5 20 100
613 30 45 148
613 28 2 150
613 28 20 150
613 15 7 150
613 23 7 150
613 26 7 150
613 14 2 150
613 39 33 100
614 49 44 99
614 45 38 148
614 18 46 100
614 1 37 150
614 1 45 150
614 40 37 99
614 31 37 100
615 46 39 100
615 1 37 150
615 1 45 150
615 14 37 100
615 38 45 99
616 41 13 100
616 22 2 148
616 17 2 100
616 17 35 148
616 17 45 100
616 10 26 100
616 10 38 148
616 10 45 100
616 14 2 150
616 44 2 100
616 12 2 150
616 9 2 100
616 47 2 150
616 37 2 99
616 37 15 100
617 17 2 100
617 17 41 99
617 33 2 100
617 33 21 100
617 33 38 100
617 33 41 148
617 41 47 100
617 0 29 99
617 21 2 150
617 43 2 100
617 43 38 100
617 24 2 150
617 12 2 150
618 26 45 150
618 42 32 100
618 41 21 100
618 38 38 150
618 28 2 150
618 28 23 150
618 21 2 150
618 45 2 150
618 11 23 99
619 24 2 150
619 24 45 150
619 29 45 100
619 2 39 100
619 28 2 150
619 28 20 150
619 28 23 150
619 45 2 150
619 44 2 100
619 46 20 100
619 22 2 148
620 44 2 100
620 44 38 150
620 44 41 150
620 10 11 100
620 10 22 100
620 14 22 99
620 2 35 100
620 41 21 100
620 43 41 148
621 6 41 150
621 6 45 99
621 10 38 148
621 10 45 100
621 19 46 99
621 19 49 100
621 8 49 100
621 41 21 100
622 13 44 150
622 2 17 100
622 18 17 100
622 18 22 150
622 11 37 99
622 11 38 150
622 23 27 99
622 40 37 99
623 17 11 100
623 17 45 100
623 35 36 100
623 35 45 99
623 10 38 148
623 40 37 99
623 5 36 100
623 22 36 99
623 2 36 150
624 26 45 150
624 42 32 100
624 34 13 100
624 1 39 100
624 45 21 150
625 41 21 100
625 41 49 148
625 45 38 148
625 45 41 150
625 24 41 148
626 29 21 148
626 43 38 100
626 43 41 148
626 7 35 150
626 7 41 99
626 36 47 100
627 8 49 100
627 17 41 99
627 17 45 100
627 39 36 150
627 29 45 100
627 27 49 100
627 0 36 148
627 37 30 100
627 14 38 148
627 23 36 99
628 8 5 100
628 3 9 99
628 10 38 148
628 39 28 100
629 27 32 99
629 40 33 100
629 40 38 150
629 40 39 100
629 21 11 100
629 11 21 150
629 33 13 100
629 33 41 148
629 17 41 99
629 43 41 148
630 2 36 150
630 24 38 150
630 24 41 148
630 39 36 150
630 9 20 100
630 44 36 100
630 44 41 150
630 16 41 100
630 6 41 150
631 40 20 150
631 37 41 100
631 24 5 99
631 10 26 100
632 40 38 150
632 40 47 100
632 39 21 100
632 39 36 150
632 29 22 100
632 29 45 100
632 35 22 100
632 35 36 100
632 35 45 99
632 14 36 150
633 24 9 150
633 24 38 150
633 24 45 150
633 40 20 150
633 4 20 100
633 41 11 100
633 41 21 100
633 41 27 99
634 8 49 100
634 48 4 100
634 48 15 100
634 17 45 100
634 16 38 150
634 10 45 100
634 41 21 100
635 24 38 150
635 13 39 100
635 13 44 150
635 13 49 150
635 8 49 100
635 35 13 100
636 34 29 150
636 44 36 100
636 44 38 150
636 10 26 100
636 38 36 99
636 39 21 100
636 39 36 150
636 4 30 100
637 42 32 100
637 45 34 100
637 17 45 100
637 15 7 150
637 24 5 99
637 24 45 150
637 3 7 150
638 35 45 99
638 41 21 100
638 18 29 100
638 46 38 150
638 23 7 150
639 38 38 150
639 38 45 99
639 19 45 150
639 41 21 100
640 9 46 100
640 35 22 100
640 8 49 100
640 16 22 100
640 16 38 150
640 16 41 100
640 0 39 100
640 37 11 100
640 37 41 100
640 45 41 150
640 33 21 100
641 38 38 150
641 38 45 99
641 46 35 99
641 30 45 148
641 18 32 100
641 14 47 100
642 17 2 100
642 45 2 150
642 45 21 150
642 5 2 100
642 33 2 100
642 33 13 100
642 33 38 100
642 49 49 100
642 24 2 150
642 37 2 99
642 41 49 148
642 22 2 148
642 19 2 100
643 27 45 150
643 27 49 100
643 11 37 99
643 11 38 150
643 43 2 100
643 43 37 150
643 19 2 100
643 6 2 100
643 14 2 150
643 45 2 150
643 17 2 100
644 16 21 150
644 16 41 100
644 3 33 99
644 17 2 100
644 17 41 99
644 43 2 100
644 43 38 100
644 43 41 148
644 5 2 100
644 24 2 150
644 13 39 100
644 9 2 100
645 40 20 150
645 40 38 150
645 17 2 100
645 17 41 99
645 14 2 150
645 24 2 150
645 24 32 100
645 24 41 148
645 31 20 99
645 5 2 100
645 19 2 100
645 28 2 150
646 37 2 99
646 25 35 100
646 26 45 150
646 17 45 100
647 1 44 100
647 11 21 150
647 11 38 150
647 4 13 100
647 4 35 99
647 40 47 100
647 43 41 148
648 40 37 99
648 40 38 150
648 40 39 100
648 6 41 150
648 6 45 99
648 1 37 150
648 17 41 99
648 8 5 100
649 43 37 150
649 43 38 100
649 47 26 100
649 47 35 99
649 28 4 100
649 21 37 100
650 24 38 150
650 43 36 100
650 21 37 100
650 38 36 99
650 25 35 100
650 14 36 150
651 11 21 150
651 11 38 150
651 28 17 150
651 28 20 150
651 43 20 100
651 43 41 148
651 15 32 100
651 48 15 100
651 45 41 150
652 49 49 100
652 30 45 148
652 41 13 100
652 41 27 99
652 41 37 100
652 41 47 100
652 41 49 148
652 31 37 100
652 31 38 148
652 10 45 100
653 23 45 150
653 33 38 100
653 10 39 100
654 19 29 100
654 19 37 148
654 19 49 100
654 49 28 100
654 42 37 150
654 45 41 150
654 6 41 150
655 38 38 150
655 38 44 150
655 38 45 99
655 25 20 150
655 16 41 100
655 41 21 100
655 6 45 99
655 20 20 150
655 24 46 99
655 45 4 99
655 43 38 100
656 30 45 148
656 6 45 99
656 43 38 100
657 45 38 148
657 29 45 100
657 33 21 100
657 25 20 150
657 22 20 100
657 38 45 99
658 6 45 99
658 1 39 100
658 33 13 100
658 33 21 100
658 33 38 100
658 29 5 100
658 29 45 100
659 39 28 100
659 39 33 100
659 49 49 100
659 26 4 100
659 26 7 150
659 46 38 150
659 46 49 148
659 16 41 100
659 37 41 100
659 24 41 148
659 23 7 150
659 43 7 150
660 26 7 150
660 25 32 100
660 17 41 99
660 16 41 100
660 39 21 100
660 36 47 100
660 37 41 100
660 33 38 100
661 11 37 99
661 11 44 99
661 2 35 100
661 21 37 100
661 21 38 148
661 21 44 99
661 48 37 99
661 44 41 150
661 17 41 99
661 7 41 99
662 9 9 148
662 17 35 148
662 17 41 99
662 45 41 150
662 18 29 100
662 23 7 150
662 37 41 100
662 33 7 148
662 33 38 100
663 1 45 150
663 28 20 150
663 43 7 150
663 43 20 100
663 43 38 100
663 46 29 100
664 10 7 100
664 10 21 150
664 10 38 148
664 23 7 150
664 23 27 99
664 7 41 99
664 15 7 150
664 32 7 150
664 24 41 148
665 49 44 99
665 25 32 100
665 41 13 100
665 41 21 100
665 37 41 100
665 6 41 150
665 24 41 148
665 33 38 100
666 42 17 150
666 24 21 148
666 24 38 150
666 24 41 148
666 31 35 150
666 46 4 99
666 41 47 100
666 17 41 99
666 6 41 150
667 46 15 100
667 46 39 100
667 46 49 148
667 1 37 150
667 24 41 148
667 37 41 100
667 48 37 99
667 33 38 100
668 6 45 99
668 29 45 100
668 31 38 148
668 11 23 99
668 22 23 148
668 17 41 99
669 49 23 100
669 49 49 100
669 10 21 150
669 10 26 100
669 31 49 100
669 33 38 100
670 20 9 100
670 48 29 100
670 1 45 150
670 4 13 100
670 4 35 99
670 45 21 150
670 45 38 148
670 38 45 99
670 15 32 100
671 21 11 100
671 10 45 100
671 43 38 100
671 43 45 99
672 24 21 148
672 24 45 150
672 2 17 100
672 2 33 100
673 14 38 148
673 34 8 99
673 41 11 100
673 13 39 100
673 19 45 150
673 19 46 99
673 17 45 100
673 33 8 100
673 33 38 100
673 39 8 100
674 33 8 100
674 33 21 100
674 33 38 100
674 19 45 150
674 23 8 100
674 14 47 100
674 17 35 148
674 15 8 100
674 45 8 99
675 15 7 150
675 3 7 150
675 10 7 100
675 10 38 148
675 32 7 150
675 32 29 100
675 43 41 148
675 41 13 100
675 41 21 100
675 16 41 100
676 17 41 99
676 43 20 100
676 43 38 100
676 43 41 148
676 46 20 100
676 46 29 100
676 11 44 99
676 5 32 100
676 7 41 99
676 1 44 100
677 21 38 148
677 17 45 100
677 40 20 150
677 38 45 99
677 23 20 100
678 17 45 100
678 38 45 99
678 48 4 100
678 48 29 100
678 23 7 150
678 39 21 100
679 38 38 150
679 38 45 99
679 0 39 100
679 23 7 150
679 23 27 99
679 17 45 100
679 10 7 100
680 43 38 100
680 43 45 99
680 28 4 100
680 36 7 100
680 6 45 99
680 25 35 100
681 10 22 100
681 10 38 148
681 10 45 100
681 31 20 99
681 18 17 100
681 18 46 100
681 14 22 99
681 15 8 100
681 35 13 100
681 35 45 99
681 28 20 150
681 45 8 99
681 45 15 100
681 7 8 100
681 43 38 100
682 24 45 150
682 32 7 150
682 32 29 100
682 26 7 150
682 26 8 99
682 46 8 150
682 15 7 150
682 15 8 100
682 9 8 100
683 1 37 150
683 25 49 150
683 11 37 99
683 11 38 150
683 22 36 99
683 21 11 100
683 21 37 100
683 33 21 100
683 33 38 100
683 41 47 100
683 2 17 100
683 2 36 150
683 9 26 100
684 6 17 150
684 6 22 150
684 6 32 100
684 6 45 99
684 28 20 150
684 41 37 100
684 29 45 100
684 48 37 99
684 23 20 100
684 23 36 99
684 35 36 100
685 21 22 148
685 21 35 150
685 21 38 148
685 28 30 150
685 46 29 100
686 5 37 148
686 10 38 148
686 10 39 100
686 10 45 100
686 33 21 100
686 48 37 99
686 6 45 99
686 39 28 100
686 41 37 100
687 25 49 150
687 45 38 148
687 45 41 150
687 6 41 150
687 16 41 100
688 40 33 100
688 40 38 150
688 34 29 150
688 17 41 99
688 43 21 150
688 43 41 148
688 35 32 99
688 37 41 100
689 29 5 100
689 29 45 100
689 0 9 100
689 0 29 99
689 26 45 150
689 33 13 100
689 33 38 100
689 46 15 100
690 23 45 150
690 38 38 150
690 48 29 100
690 14 47 100
690 8 21 150
691 29 45 100
691 43 37 150
691 43 38 100
691 43 45 99
691 48 37 99
691 13 39 100
692 47 38 150
692 45 41 150
692 33 41 148
693 7 35 150
693 46 15 100
693 43 38 100
693 43 45 99
693 38 45 99
694 23 20 100
694 23 45 150
694 29 21 148
694 0 17 100
694 38 38 150
694 35 13 100
694 35 32 99
694 43 20 100
694 9 20 100
695 46 35 99
695 5 46 99
695 23 45 150
696 43 20 100
696 43 36 100
696 43 37 150
696 43 38 100
696 43 41 148
696 43 45 99
696 2 36 150
696 2 39 100
696 42 37 150
696 7 41 99
696 28 20 150
696 5 36 100
696 45 38 148
696 45 41 150
697 20 27 99
697 24 21 148
697 47 26 100
697 36 47 100
698 21 37 100
698 21 38 148
698 39 28 100
698 22 29 100
698 10 45 100
698 41 37 100
698 17 45 100
699 33 13 100
699 33 38 100
699 33 41 148
699 40 20 150
699 40 37 99
699 43 20 100
699 43 37 150
699 43 38 100
699 43 41 148
699 1 37 150
699 1 44 100
700 31 20 99
700 31 37 100
700 31 38 148
700 38 45 99
700 28 20 150
700 19 37 148
700 3 7 150
700 43 7 150
700 43 45 99
700 10 7 100
700 25 32 100
700 23 7 150
701 42 44 150
701 19 45 150
701 39 21 100
701 39 36 150
701 35 36 100
702 14 36 150
702 14 38 148
702 31 20 99
702 40 4 100
702 40 20 150
702 40 33 100
702 40 39 100
702 43 38 100
702 43 41 148
702 41 21 100
703 43 38 100
703 43 41 148
703 16 41 100
703 44 41 150
703 7 41 99
704 39 21 100
704 3 7 150
704 7 29 150
704 7 41 99
704 24 38 150
704 24 41 148
704 43 7 150
704 43 41 148
704 32 7 150
705 5 37 148
705 26 45 150
705 33 38 100
705 42 37 150
705 36 7 100
705 36 47 100
705 31 35 150
705 2 29 100
705 48 15 100
706 38 38 150
706 38 45 99
706 48 4 100
706 48 37 99
706 31 20 99
706 31 37 100
706 1 45 150
706 22 20 100
706 37 30 100
707 36 7 100
707 29 34 100
707 43 7 150
707 43 38 100
707 10 7 100
707 32 7 150
707 39 21 100
707 33 13 100
708 42 32 100
708 46 39 100
708 46 49 148
708 38 45 99
708 24 45 150
708 21 49 100
709 0 9 100
709 0 22 150
709 0 36 148
709 0 44 150
709 21 37 100
709 21 38 148
709 23 36 99
709 5 36 100
709 5 37 148
709 34 22 100
709 35 36 100
709 17 41 99
710 41 21 100
710 41 37 100
710 41 47 100
710 10 38 148
710 17 41 99
711 27 45 150
711 24 5 99
711 24 38 150
711 24 41 148
711 46 22 150
711 17 41 99
711 21 27 100
711 7 41 99
712 8 21 150
712 26 7 150
712 26 45 150
712 3 7 150
712 7 41 99
712 31 38 148
712 6 45 99
713 34 29 150
713 36 7 100
713 36 23 100
713 35 45 99
713 28 23 150
713 23 7 150
713 23 23 150
713 43 7 150
713 43 37 150
713 43 38 100
713 31 37 100
713 45 15 100
714 46 4 99
714 46 35 99
714 46 38 150
714 5 37 148
714 40 37 99
714 4 13 100
714 0 44 150
714 26 7 150
714 43 7 150
714 43 41 148
715 6 32 100
715 6 41 150
715 24 21 148
715 24 38 150
715 24 41 148
715 32 7 150
715 38 11 100
715 20 7 150
715 20 20 150
715 36 7 100
715 45 41 150
715 46 20 100
715 17 41 99
716 46 29 100
716 46 39 100
716 46 49 148
716 24 45 150
716 31 37 100
716 48 37 99
716 36 7 100
716 42 37 150
716 18 11 100
716 38 45 99
717 9 20 100
717 5 20 100
717 21 38 148
717 26 45 150
717 24 21 148
717 31 20 99
718 39 21 100
718 39 23 150
718 39 33 100
718 43 38 100
718 43 45 99
718 19 45 150
718 23 23 150
718 23 30 148
718 41 47 100
719 41 13 100
719 41 37 100
719 37 30 100
719 1 37 150
719 33 38 100
719 33 46 100
719 43 38 100
720 43 20 100
720 43 38 100
720 43 45 99
720 28 20 150
720 17 45 100
720 7 32 100
720 40 39 100
720 39 21 100
721 30 45 148
721 43 38 100
721 2 35 100
721 9 26 100
722 38 38 150
722 38 45 99
722 22 20 100
722 33 21 100
722 30 45 148
722 5 20 100
722 39 21 100
722 48 15 100
723 1 37 150
723 1 45 150
723 27 32 99
723 33 38 100
723 19 37 148
724 48 22 100
724 6 41 150
724 41 21 100
724 41 27 99
724 16 22 100
724 16 38 150
724 16 41 100
724 40 39 100
724 47 35 99
725 46 38 150
725 24 45 150
725 10 45 100
725 38 36 99
725 7 41 99
725 4 13 100
725 14 36 150
725 14 47 100
725 35 36 100
726 32 29 100
726 17 41 99
726 44 38 150
726 44 41 150
726 14 5 100
726 14 37 100
726 5 37 148
727 6 17 150
727 19 11 100
727 33 21 100
727 33 38 100
728 35 45 99
728 13 49 150
728 16 41 100
728 15 8 100
728 9 8 100
728 7 8 100
728 10 45 100
729 37 11 100
729 37 32 100
729 30 45 148
729 9 8 100
729 11 8 150
729 11 38 150
729 7 8 100
729 10 39 100
729 22 29 100
729 8 5 100
730 11 38 150
730 46 35 99
730 33 8 100
730 33 21 100
730 33 41 148
730 43 41 148
730 16 9 150
731 17 45 100
731 6 45 99
731 1 37 150
731 14 37 100
731 14 38 148
731 21 27 100
732 47 38 150
732 41 13 100
732 41 21 100
732 28 20 150
732 17 45 100
732 6 45 99
732 4 20 100
733 10 38 148
733 39 21 100
733 3 33 99
734 15 32 100
734 46 4 99
734 46 20 100
734 19 45 150
734 19 46 99
734 21 44 99
734 35 44 148
734 23 20 100
734 37 20 148
735 41 21 100
735 41 47 100
735 27 45 150
735 4 35 99
735 46 38 150
735 46 39 100
735 29 45 100
735 0 36 148
735 23 36 99
736 23 7 150
736 23 36 99
736 23 45 150
736 36 7 100
736 3 7 150
736 35 22 100
736 49 49 100
736 10 7 100
736 10 22 100
736 10 38 148
736 14 37 100
736 5 37 148
736 31 37 100
736 31 49 100
737 40 38 150
737 24 5 99
737 41 21 100
737 47 26 100
737 45 15 100
738 43 38 100
738 43 45 99
738 30 45 148
738 4 13 100
738 4 30 100
738 9 8 100
738 5 8 100
739 5 8 100
739 21 35 150
739 21 38 148
739 37 41 100
739 43 41 148
739 16 41 100
739 15 8 100
740 26 8 99
740 1 22 100
740 1 37 150
740 1 39 100
740 9 8 100
740 44 38 150
740 31 37 100
740 33 8 100
740 46 8 150
740 27 32 99
740 21 11 100
740 22 8 150
741 41 21 100
741 42 44 150
741 36 8 150
741 2 8 99
741 45 8 99
741 45 41 150
741 24 41 148
741 9 8 100
741 43 38 100
742 24 38 150
742 24 45 150
742 24 46 99
742 12 22 100
742 17 41 99
742 33 22 150
743 19 29 100
743 19 45 150
743 25 20 150
743 44 36 100
743 43 20 100
743 43 36 100
743 43 38 100
743 43 45 99
743 5 36 100
743 38 36 99
744 7 41 99
744 6 41 150
744 33 38 100
744 38 9 100
744 31 37 100
744 40 37 99
744 40 47 100
744 14 37 100
744 17 41 99
745 16 38 150
745 16 41 100
745 17 41 99
745 40 39 100
745 6 41 150
745 41 13 100
745 41 21 100
746 40 38 150
746 33 21 100
746 33 41 148
746 33 46 100
746 37 32 100
746 37 41 100
747 25 35 100
747 36 7 100
747 36 47 100
747 33 7 148
747 33 38 100
747 31 37 100
747 16 37 100
747 37 4 150
748 46 35 99
748 10 7 100
748 10 26 100
748 10 38 148
748 26 7 150
748 21 2 150
748 21 37 100
748 42 37 150
748 33 2 100
748 6 2 100
748 31 37 100
748 29 5 100
749 47 2 150
749 44 2 100
749 44 41 150
749 33 2 100
749 33 7 148
749 33 38 100
749 33 41 148
749 10 7 100
749 19 2 100
749 19 37 148
749 28 2 150
749 37 2 99
749 37 41 100
749 9 2 100
749 5 2 100
749 5 37 148
749 20 7 150
749 32 7 150
750 30 22 150
750 11 37 99
750 11 44 99
750 10 26 100
750 10 38 148
750 12 2 150
750 1 37 150
750 45 2 150
750 45 27 100
750 3 33 99
750 37 2 99
750 33 2 100
751 45 2 150
751 5 2 100
751 6 2 100
751 6 17 150
751 6 45 99
751 31 35 150
751 34 13 100
751 33 2 100
751 33 38 100
751 12 2 150
751 14 2 150
751 19 2 100
751 44 2 100
751 22 2 148
752 44 2 100
752 11 44 99
752 33 2 100
752 33 7 148
752 33 21 100
752 33 38 100
752 33 46 100
752 20 7 150
752 20 44 100
752 1 45 150
752 2 35 100
752 24 45 150
752 3 7 150
753 31 38 148
753 31 49 100
753 32 29 100
753 32 32 100
753 10 7 100
753 10 39 100
753 24 41 148
753 45 41 150
753 44 49 100
753 28 44 150
753 39 21 100
754 44 41 150
754 4 35 99
754 21 37 100
754 15 7 150
754 7 41 99
754 43 7 150
754 43 37 150
754 43 38 100
754 43 41 148
754 33 7 148
755 43 38 100
755 43 41 148
755 30 4 150
755 25 35 100
755 37 15 100
755 37 41 100
755 14 47 100
755 33 21 100
756 11 38 150
756 1 45 150
756 16 41 100
757 4 13 100
757 10 38 148
757 10 45 100
757 6 45 99
758 44 41 150
758 32 32 100
758 37 20 148
758 37 41 100
758 23 20 100
758 7 41 99
758 43 38 100
759 0 34 100
759 0 39 100
759 39 21 100
759 11 38 150
759 18 46 100
759 27 45 150
759 38 45 99
760 41 21 100
760 41 47 100
760 38 45 99
761 21 35 150
761 21 38 148
761 21 44 99
761 33 41 148
761 45 41 150
761 6 45 99
762 45 4 99
762 45 38 148
762 9 20 100
762 7 29 150
762 28 20 150
762 33 13 100
762 33 21 100
762 36 9 100
763 21 22 148
763 21 38 148
763 1 39 100
763 4 35 99
763 33 21 100
763 9 26 100
764 14 22 99
764 14 38 148
764 18 22 150
764 18 32 100
764 18 46 100
764 22 20 100
764 22 44 150
764 20 20 150
764 33 21 100
764 2 33 100
765 41 21 100
765 30 45 148
765 28 4 100
766 31 38 148
766 36 47 100
766 45 4 99
766 45 21 150
767 36 9 100
767 20 20 150
767 20 44 100
767 38 38 150
767 38 45 99
767 9 20 100
767 17 45 100
767 41 21 100
767 1 44 100
768 3 7 150
768 3 46 100
768 9 26 100
768 47 38 150
768 24 41 148
768 22 36 99
768 43 7 150
768 43 36 100
768 43 41 148
768 14 36 150
769 19 45 150
769 16 38 150
769 22 36 99
769 4 13 100
769 4 30 100
769 45 34 100
769 35 36 100
769 0 36 148
769 3 7 150
769 10 7 100
770 20 20 150
770 13 39 100
770 38 36 99
770 38 38 150
770 38 45 99
770 24 21 148
770 24 45 150
770 31 20 99
771 25 35 100
771 33 38 100
771 29 45 100
771 35 45 99
772 10 38 148
772 44 41 150
772 32 32 100
772 37 20 148
772 37 41 100
772 23 20 100
772 31 37 100
772 1 37 150
772 21 37 100
772 16 41 100
773 38 9 100
773 38 44 150
773 46 49 148
774 40 20 150
774 40 38 150
774 16 27 100
774 19 45 150
774 22 20 100
774 22 44 150
774 41 13 100
774 43 38 100
775 40 35 150
775 40 39 100
775 19 45 150
775 35 45 99
775 39 28 100
775 33 38 100
776 37 41 100
776 39 8 100
776 46 8 150
776 46 22 150
776 46 29 100
776 23 8 100
776 22 8 150
776 15 8 100
776 38 9 100
776 29 8 150
777 38 38 150
777 5 37 148
777 8 5 100
777 37 41 100
777 33 38 100
777 33 41 148
777 48 37 99
778 5 2 100
778 5 26 148
778 2 35 100
778 13 4 150
778 14 2 150
778 14 47 100
778 6 2 100
778 37 2 99
778 21 2 150
778 29 21 148
778 19 2 100
779 28 2 150
779 9 2 100
779 17 2 100
779 17 41 99
779 18 29 100
779 18 32 100
779 33 2 100
779 33 21 100
779 33 38 100
779 33 41 148
779 1 15 100
779 43 2 100
779 43 38 100
779 43 41 148
779 12 2 150
779 5 2 100
779 2 33 100
779 2 35 100
779 19 2 100
779 37 2 99
780 30 45 148
780 24 2 150
780 24 38 150
780 24 46 99
780 33 2 100
780 33 13 100
780 21 2 150
780 31 20 99
780 46 20 100
780 46 39 100
780 14 2 150
780 5 2 100
781 9 2 100
781 14 2 150
781 14 34 99
781 22 2 148
781 33 2 100
781 33 38 100
781 29 45 100
781 24 2 150
781 24 45 150
782 46 29 100
782 46 35 99
782 46 38 150
782 26 45 150
782 19 37 148
782 31 37 100
782 47 35 99
783 19 37 148
783 40 37 99
783 33 38 100
783 36 9 100
783 11 37 99
784 25 17 150
784 25 32 100
784 16 38 150
784 9 26 100
784 39 21 100
785 31 20 99
785 26 45 150
785 41 13 100
785 41 47 100
785 40 20 150
785 10 45 100
785 33 38 100
786 38 9 100
786 38 29 150
786 38 38 150
786 38 45 99
786 43 37 150
786 43 45 99
786 42 37 150
786 21 35 150
787 30 45 148
787 49 49 100
787 13 39 100
787 21 49 100
788 17 45 100
788 41 21 100
788 41 37 100
788 30 4 150
788 10 38 148
788 10 45 100
788 43 37 150
788 43 38 100
788 2 35 100
789 26 45 150
789 19 37 148
789 40 37 99
789 43 38 100
790 37 15 100
790 37 32 100
790 27 45 150
790 17 35 148
790 17 45 100
790 35 13 100
790 43 38 100
791 46 38 150
791 46 39 100
791 26 45 150
791 33 21 100
792 44 41 150
792 43 38 100
792 43 41 148
792 17 35 148
792 41 21 100
793 24 38 150
793 24 45 150
793 22 29 100
793 39 21 100
793 39 33 100
793 17 45 100
793 4 35 99
793 40 47 100
794 38 45 99
794 15 32 100
794 35 45 99
794 43 38 100
794 48 15 100
795 9 46 100
795 24 45 150
795 21 35 150
795 21 38 148
795 39 21 100
795 41 13 100
795 13 39 100
796 18 11 100
796 18 30 150
796 12 49 150
796 33 21 100
796 33 38 100
796 33 41 148
797 45 41 150
797 19 45 150
797 19 46 99
797 19 49 100
797 39 21 100
797 33 38 100
797 31 49 100
797 17 41 99
797 17 45 100
798 40 37 99
798 40 38 150
798 31 37 100
798 10 45 100
798 48 37 99
798 43 45 99
799 37 4 150
799 37 41 100
799 41 27 99
799 41 37 100
799 41 47 100
799 48 37 99
799 7 41 99
799 31 37 100
800 31 35 150
800 31 37 100
800 31 38 148
800 35 13 100
800 35 36 100
800 35 45 99
800 40 37 99
800 40 39 100
800 43 36 100
800 43 38 100
800 43 45 99
800 46 29 100
800 11 37 99
800 0 36 148
800 7 41 99
801 27 32 99
801 2 35 100
801 45 41 150
801 24 41 148
801 44 36 100
802 8 17 150
802 8 21 150
802 34 29 150
802 9 20 100
802 33 38 100
802 33 41 148
802 43 20 100
802 43 38 100
802 43 41 148
802 4 20 100
802 17 41 99
803 1 45 150
803 16 38 150
803 10 11 100
803 47 35 99
804 33 21 100
804 33 38 100
804 41 47 100
805 14 36 150
805 14 37 100
805 14 38 148
805 1 37 150
805 1 39 100
805 1 45 150
805 22 36 99
805 44 36 100
805 33 13 100
806 21 38 148
806 21 44 99
806 47 26 100
806 41 21 100
806 18 32 100
806 4 30 100
807 25 35 100
807 45 41 150
807 16 41 100
808 15 7 150
808 47 38 150
808 17 41 99
808 26 7 150
808 2 29 100
808 20 7 150
809 45 21 150
809 45 38 148
809 36 7 100
809 36 9 100
809 10 45 100
809 43 45 99
810 10 22 100
810 10 38 148
810 0 36 148
810 0 44 150
810 34 22 100
810 24 5 99
810 24 41 148
810 38 36 99
810 39 33 100
810 39 36 150
810 45 41 150
811 14 38 148
811 27 32 99
811 27 45 150
811 10 39 100
811 10 45 100
811 33 13 100
811 33 21 100
811 33 25 99
811 2 35 100
812 23 20 100
812 31 20 99
812 3 9 99
812 38 44 150
812 16 41 100
812 44 41 150
812 33 21 100
812 33 38 100
812 33 41 148
813 11 8 150
813 11 38 150
813 7 8 100
813 7 41 99
813 32 7 150
813 14 34 99
813 41 49 148
813 29 8 150
813 15 7 150
813 15 8 100
813 17 41 99
813 9 8 100
813 16 41 100
814 9 8 100
814 49 11 100
814 32 7 150
814 32 32 100
814 43 38 100
814 43 45 99
814 38 45 99
814 16 27 100
815 44 38 150
815 7 8 100
815 9 8 100
815 9 26 100
815 15 8 100
815 34 8 99
815 4 35 99
815 2 8 99
815 40 47 100
816 40 30 150
816 29 8 150
816 23 8 100
816 32 29 100
816 33 13 100
816 33 21 100
816 33 38 100
816 46 35 99
817 44 38 150
817 40 20 150
817 40 37 99
817 40 39 100
817 46 20 100
817 46 29 100
817 23 45 150
817 0 44 150
817 14 37 100
817 11 37 99
818 19 29 100
818 21 44 99
818 25 9 99
818 16 41 100
818 20 44 100
818 7 41 99
818 6 41 150
818 43 38 100
818 41 21 100
819 28 2 150
819 44 2 100
819 44 38 150
819 18 32 100
819 12 2 150
819 16 15 99
819 43 2 100
819 45 2 150
819 10 26 100
819 14 2 150
820 21 2 150
820 33 2 100
820 33 38 100
820 33 41 148
820 16 41 100
820 47 2 150
820 7 41 99
821 12 2 150
821 28 2 150
821 28 20 150
821 23 20 100
821 23 45 150
821 46 38 150
821 29 45 100
821 5 2 100
821 5 37 148
821 21 2 150
821 21 37 100
821 19 2 100
821 6 2 100
821 9 2 100
821 4 13 100
821 47 2 150
822 3 7 150
822 21 2 150
822 21 35 150
822 23 7 150
822 23 45 150
822 47 2 150
822 6 2 100
822 44 2 100
822 5 2 100
822 43 2 100
822 43 7 150
822 43 38 100
822 33 2 100
823 25 35 100
823 17 41 99
823 43 21 150
823 43 38 100
823 43 41 148
823 46 39 100
823 37 41 100
824 10 7 100
824 10 38 148
824 10 45 100
824 1 45 150
824 36 7 100
824 36 47 100
824 12 49 150
824 43 7 150
824 33 7 148
825 29 45 100
825 41 21 100
825 42 32 100
825 3 7 150
826 14 38 148
826 15 7 150
826 7 29 150
826 5 11 99
826 23 7 150
826 40 33 100
826 4 13 100
826 33 7 148
826 33 21 100
826 33 38 100
826 35 45 99
827 17 45 100
827 6 45 99
827 41 21 100
828 17 41 99
828 27 32 99
828 14 38 148
828 16 41 100
829 6 41 150
829 6 45 99
829 13 39 100
829 13 49 150
829 8 21 150
829 8 49 100
829 46 38 150
829 36 47 100
830 44 38 150
830 26 4 100
830 26 45 150
830 8 21 150
831 26 4 100
831 26 45 150
831 43 38 100
831 43 45 99
831 18 29 100
831 1 15 100
831 41 21 100
832 0 9 100
832 34 13 100
832 44 38 150
832 42 37 150
832 43 37 150
832 43 45 99
832 29 45 100
833 0 22 150
833 37 2 99
833 47 2 150
833 47 26 100
833 47 35 99
833 47 38 150
833 40 37 99
833 14 2 150
833 14 37 100
833 31 37 100
833 24 2 150
833 5 2 100
833 17 2 100
834 17 2 100
834 17 41 99
834 28 2 150
834 28 4 100
834 37 2 99
834 37 41 100
834 44 2 100
834 44 38 150
834 44 41 150
834 2 35 100
834 45 2 150
834 45 27 100
834 48 37 99
835 14 2 150
835 14 37 100
835 14 47 100
835 33 2 100
835 33 38 100
835 30 45 148
835 12 2 150
835 9 2 100
835 24 2 150
835 24 32 100
835 4 29 150
835 43 2 100
835 43 45 99
835 17 2 100
835 47 2 150
835 25 9 99
836 43 2 100
836 43 38 100
836 43 41 148
836 24 2 150
836 24 41 148
836 1 39 100
836 25 49 150
836 12 2 150
836 9 2 100
836 47 2 150
837 8 21 150
837 29 45 100
837 31 38 148
837 26 7 150
837 46 35 99
837 38 45 99
838 22 29 100
838 22 44 150
838 43 7 150
838 43 37 150
838 43 38 100
838 40 37 99
838 48 37 99
838 10 7 100
838 15 7 150
838 2 35 100
839 39 21 100
839 44 38 150
839 17 45 100
839 8 5 100
839 26 7 150
839 43 7 150
839 43 45 99
840 41 13 100
840 41 21 100
840 41 49 148
840 33 7 148
840 33 38 100
840 30 45 148
840 42 32 100
840 3 7 150
840 3 33 99
841 19 45 150
841 19 46 99
841 32 7 150
841 39 21 100
841 22 44 150
841 47 38 150
841 36 7 100
841 17 45 100
841 33 7 148
842 24 21 148
842 24 45 150
842 20 20 150
842 41 47 100
842 33 38 100
842 46 20 100
843 27 45 150
843 40 35 150
843 40 37 99
843 40 38 150
843 40 39 100
843 6 45 99
843 42 37 150
843 45 15 100
844 38 45 99
844 33 13 100
844 33 38 100
844 4 35 99
844 42 32 100
844 35 45 99
845 17 45 100
845 28 20 150
845 28 22 100
845 37 20 148
845 38 45 99
845 34 22 100
845 39 21 100
846 5 37 148
846 4 29 150
846 24 38 150
846 24 41 148
846 1 37 150
846 7 41 99
847 31 38 148
847 14 22 99
847 23 45 150
847 12 4 150
847 12 22 100
847 40 39 100
847 45 15 100
848 44 38 150
848 44 41 150
848 34 22 100
848 46 20 100
848 48 22 100
848 37 11 100
848 37 20 148
848 37 41 100
848 24 41 148
848 41 21 100
849 28 20 150
849 9 20 100
849 38 38 150
849 45 41 150
849 2 29 100
849 23 7 150
849 24 41 148
849 7 41 99
849 3 7 150
849 48 37 99
849 33 7 148
850 20 27 99
850 14 22 99
850 14 37 100
850 14 38 148
850 27 32 99
850 27 45 150
850 17 11 100
850 48 37 99
850 36 7 100
850 31 37 100
851 23 7 150
851 23 45 150
851 42 37 150
851 27 49 100
851 12 4 150
851 41 47 100
851 8 49 100
851 3 7 150
851 36 7 100
852 23 45 150
852 30 45 148
852 16 38 150
852 42 44 150
853 20 7 150
853 23 7 150
853 48 22 100
853 24 38 150
853 34 22 100
853 49 28 100
854 6 41 150
854 29 5 100
854 26 7 150
854 43 7 150
854 43 38 100
854 43 41 148
854 33 13 100
854 33 21 100
854 33 38 100
854 1 39 100
854 25 35 100
854 2 29 100
854 2 33 100
854 9 26 100
855 21 49 100
855 31 34 100
855 31 49 100
855 44 41 150
855 45 41 150
855 33 38 100
855 17 41 99
856 15 7 150
856 25 35 100
856 26 4 100
856 26 7 150
856 26 45 150
856 39 21 100
857 20 7 150
857 18 32 100
857 42 37 150
857 1 15 100
857 1 37 150
857 25 35 100
857 21 38 148
858 14 38 148
858 43 45 99
858 1 45 150
858 49 49 100
858 2 29 100
859 45 38 148
859 45 41 150
859 24 41 148
859 24 46 99
859 10 7 100
859 10 26 100
859 3 7 150
859 4 13 100
859 4 35 99
859 33 7 148
860 32 7 150
860 45 38 148
860 46 49 148
860 40 47 100
860 41 21 100
860 15 7 150
860 31 49 100
860 29 45 100
860 26 7 150
860 35 45 99
861 6 41 150
861 36 7 100
861 36 27 100
861 40 37 99
861 40 38 150
861 40 39 100
861 24 41 148
861 32 7 150
861 43 37 150
861 10 11 100
862 5 32 100
862 39 21 100
862 45 15 100
862 19 45 150
862 33 38 100
863 44 38 150
863 44 41 150
863 45 41 150
863 23 20 100
863 17 41 99
863 9 20 100
863 22 20 100
864 38 36 99
864 38 45 99
864 31 20 99
864 34 13 100
864 24 21 148
864 24 45 150
864 37 20 148
864 44 36 100
864 35 36 100
865 21 38 148
865 22 36 99
865 43 38 100
