2 9 45 150
2 18 35 99
3 5 16 150
4 10 34 100
4 39 36 100
4 27 47 100
5 24 34 100
5 2 43 100
5 46 47 99
6 44 5 100
6 44 20 100
6 10 20 99
7 44 20 100
7 25 16 150
7 25 36 100
8 36 15 100
8 36 35 100
8 23 35 100
9 2 36 100
9 46 47 99
9 10 34 100
10 10 34 100
10 27 16 100
11 28 43 99
11 4 31 100
11 43 45 100
11 10 34 100
12 39 35 148
12 39 36 100
12 46 35 100
12 13 45 100
13 44 5 100
13 12 47 99
14 17 34 100
14 19 36 100
15 39 34 100
15 36 15 100
16 12 47 99
16 0 41 100
17 23 35 100
17 3 16 99
17 19 36 100
17 32 35 100
17 2 31 100
18 37 35 148
18 43 45 100
18 23 18 100
19 41 34 150
19 41 36 100
19 41 43 100
19 3 16 99
20 9 21 100
20 8 16 100
21 39 34 100
21 36 15 100
21 12 47 99
22 19 36 100
22 10 34 100
23 0 34 100
23 38 17 148
23 39 45 148
23 43 45 100
23 29 16 100
23 30 17 100
23 18 47 100
24 29 45 150
24 28 43 99
25 41 36 100
25 8 16 100
25 0 34 100
26 8 16 100
26 21 18 99
26 39 34 100
27 25 36 100
27 3 16 99
28 34 34 150
28 35 18 99
28 8 16 100
28 12 5 99
29 35 35 99
29 41 31 100
29 41 43 100
29 45 35 99
30 26 46 100
30 49 36 100
30 17 35 150
30 45 35 99
31 43 45 100
31 27 20 150
31 27 45 99
32 44 20 100
32 44 35 99
32 4 35 100
32 30 32 100
32 39 36 100
33 27 16 100
33 27 20 150
33 27 47 100
33 18 20 100
34 25 35 150
34 1 45 150
34 16 18 99
34 18 20 100
34 29 16 100
34 42 5 100
35 12 45 150
35 12 47 99
35 6 43 150
35 41 36 100
36 34 35 99
36 13 45 100
36 30 45 99
36 45 35 99
37 23 35 100
37 36 35 100
37 2 36 100
38 27 47 100
38 42 5 100
38 10 34 100
39 5 17 100
39 32 17 99
39 32 35 100
39 6 35 150
40 23 45 100
40 2 36 100
40 44 45 100
40 10 34 100
41 46 41 150
41 46 47 99
41 24 34 100
41 33 31 100
42 32 35 100
42 27 47 100
42 45 15 99
43 8 16 100
44 19 36 100
44 4 5 100
45 3 16 99
45 17 34 100
45 19 36 100
46 10 20 99
46 10 34 100
46 27 20 150
46 1 43 100
46 25 41 100
47 44 20 100
47 27 20 150
47 27 47 100
47 10 20 99
47 41 43 100
48 25 36 100
48 10 20 99
48 47 20 150
48 46 47 99
48 11 31 100
49 27 47 100
49 49 15 150
50 0 34 100
50 25 36 100
50 12 47 99
51 43 5 100
51 10 34 100
52 29 45 150
52 12 18 100
52 12 35 99
52 18 35 99
53 23 18 100
53 19 36 100
53 17 34 100
54 12 47 99
54 25 16 150
55 25 36 100
55 0 34 100
55 48 19 100
56 10 20 99
56 12 47 99
56 2 43 100
56 27 20 150
57 23 35 100
57 12 8 150
57 12 35 99
57 17 28 100
57 26 16 148
58 18 20 100
58 49 36 100
58 25 41 100
58 25 46 100
58 14 31 100
58 39 34 100
59 30 45 99
59 13 45 100
60 23 35 100
60 36 35 100
60 42 5 100
60 25 36 100
61 16 20 150
61 3 16 99
61 44 20 100
62 46 47 99
62 36 15 100
62 36 34 150
62 35 18 99
63 25 36 100
63 12 47 99
64 4 35 100
64 39 35 148
65 3 16 99
65 3 21 99
65 35 35 99
65 44 35 99
65 2 43 100
66 44 34 148
66 28 46 100
66 25 36 100
67 3 16 99
67 12 5 99
67 37 31 100
68 39 34 100
68 39 36 100
68 27 47 100
68 15 43 99
69 12 35 99
69 46 35 100
70 20 17 150
70 25 46 100
70 19 17 99
70 39 34 100
70 8 16 100
71 45 15 99
71 49 36 100
72 24 34 100
72 29 16 100
72 28 43 99
73 41 36 100
73 41 43 100
73 39 34 100
74 12 18 100
74 16 20 150
75 24 34 100
75 36 15 100
75 18 20 100
75 18 47 100
76 41 36 100
76 29 20 100
76 37 21 100
76 18 47 100
76 44 5 100
76 14 13 99
77 14 16 150
77 6 35 150
77 12 18 100
78 49 34 150
78 49 36 100
78 12 45 150
79 11 31 100
79 0 41 100
79 3 16 99
80 31 34 150
81 20 13 100
81 2 36 100
81 2 43 100
82 36 15 100
82 36 35 100
82 37 35 148
82 0 41 100
82 18 47 100
83 29 20 100
83 12 5 99
84 28 43 99
84 29 20 100
84 37 40 99
84 49 36 100
85 18 20 100
85 16 20 150
85 28 13 100
85 39 34 100
86 11 31 100
86 24 34 100
86 12 45 150
86 41 36 100
87 47 20 150
87 20 45 100
87 14 16 150
88 31 20 150
88 18 20 100
88 18 47 100
89 1 43 100
89 1 45 150
89 31 34 150
89 2 36 100
89 21 18 99
90 14 13 99
91 36 15 100
91 46 47 99
91 19 36 100
91 27 20 150
91 4 5 100
91 10 20 99
92 0 34 100
92 38 46 100
92 10 20 99
93 0 34 100
93 19 16 150
93 41 43 100
93 27 16 100
94 27 45 99
94 27 47 100
94 17 34 100
94 47 13 100
94 44 45 100
94 41 36 100
95 18 47 100
96 10 34 100
96 25 36 100
96 1 43 100
97 35 18 99
97 10 34 100
98 27 47 100
98 41 31 100
99 20 13 100
99 39 34 100
99 39 36 100
99 26 28 100
100 44 47 150
100 24 34 100
100 46 17 150
100 4 17 99
100 36 15 100
101 21 16 150
101 21 18 99
101 9 45 150
101 4 5 100
101 10 34 100
102 19 36 100
102 1 24 100
103 19 16 150
103 39 34 100
104 20 13 100
104 31 20 150
104 39 36 100
104 10 20 99
105 10 34 100
105 4 43 150
106 21 18 99
106 48 23 100
107 3 16 99
107 49 34 150
107 49 36 100
108 6 35 150
108 45 15 99
108 45 47 150
108 49 5 100
109 2 31 100
109 2 36 100
109 12 35 99
109 44 35 99
109 20 13 100
110 29 41 100
111 35 34 150
111 15 43 99
111 15 46 100
111 27 16 100
113 19 36 100
113 47 13 100
113 47 20 150
113 44 20 100
113 41 43 100
113 27 16 100
114 25 36 100
114 25 41 100
114 44 20 100
114 44 34 148
115 30 45 99
115 2 31 100
115 2 43 100
115 39 35 148
115 8 45 99
115 46 35 100
116 18 47 100
117 49 36 100
117 27 16 100
117 45 15 99
118 43 5 100
118 44 34 148
118 8 32 100
118 46 47 99
118 1 24 100
119 28 13 100
119 28 35 100
119 39 36 100
119 0 21 100
119 3 16 99
119 23 35 100
120 37 35 148
120 44 5 100
121 39 34 100
121 12 47 99
122 39 34 100
122 39 36 100
122 1 43 100
122 14 31 100
122 46 47 99
123 12 45 150
123 0 41 100
123 14 13 99
124 23 18 100
124 44 34 148
125 13 45 100
125 23 18 100
125 23 45 100
125 49 36 100
126 3 16 99
126 30 45 99
126 41 34 150
126 13 45 100
127 20 17 150
127 20 45 100
127 18 47 100
127 19 17 99
127 19 36 100
127 43 45 100
128 16 18 99
128 39 35 148
128 34 13 99
128 46 47 99
128 36 15 100
129 35 35 99
129 28 35 100
129 29 41 100
129 12 5 99
130 15 43 99
130 15 46 100
130 19 36 100
130 18 20 100
130 18 47 100
130 27 20 150
131 27 45 99
131 27 47 100
131 34 35 99
131 12 35 99
131 23 45 100
131 15 43 99
132 18 20 100
132 18 47 100
132 13 17 150
132 13 45 100
132 32 17 99
132 44 20 100
132 39 36 100
132 16 20 150
132 28 13 100
133 44 20 100
133 18 20 100
133 10 20 99
134 22 34 150
134 44 45 100
135 12 5 99
135 12 45 150
135 12 47 99
135 25 36 100
135 27 16 100
136 28 43 99
136 18 20 100
136 33 31 100
136 16 20 150
137 47 13 100
137 46 21 100
137 43 45 100
137 25 36 100
138 0 34 100
138 29 16 100
139 3 16 99
139 35 34 150
139 15 46 100
140 0 34 100
140 19 36 100
141 47 20 150
141 10 20 99
141 23 18 100
141 23 45 100
141 46 47 99
141 13 45 100
141 29 20 100
141 44 5 100
142 39 18 100
143 17 34 100
143 20 13 100
143 2 36 100
143 2 43 100
143 27 47 100
144 45 35 99
144 1 46 100
144 21 18 99
144 21 40 100
144 23 35 100
145 10 34 100
145 5 16 150
145 30 32 100
145 19 36 100
146 45 15 99
147 35 34 150
147 29 16 100
147 15 43 99
148 49 36 100
148 3 16 99
148 32 35 100
148 33 31 100
148 39 35 148
148 22 24 150
149 27 16 100
149 49 5 100
149 14 13 99
150 41 34 150
150 41 36 100
150 4 18 150
150 27 47 100
151 44 35 99
151 41 8 100
151 3 16 99
151 45 15 99
151 45 35 99
152 47 20 150
152 10 20 99
152 29 41 100
153 49 36 100
154 32 34 150
154 14 13 99
154 39 18 100
155 23 45 100
155 39 36 100
155 39 45 148
155 27 20 150
155 27 47 100
155 12 5 99
155 28 43 99
155 44 20 100
155 29 20 100
156 25 16 150
157 43 45 100
157 31 35 100
157 34 35 99
157 39 18 100
158 19 36 100
158 44 20 100
158 10 20 99
159 27 16 100
159 27 47 100
159 42 5 100
159 32 34 150
160 2 36 100
160 45 15 99
160 44 20 100
160 46 47 99
161 11 31 100
161 16 20 150
161 8 45 99
161 3 41 100
161 31 20 150
161 39 45 148
162 19 21 100
162 10 13 100
162 10 34 100
162 12 47 99
163 18 20 100
163 47 20 150
163 41 36 100
164 9 46 100
164 27 47 100
164 17 34 100
165 6 43 150
165 18 20 100
165 11 16 148
165 10 20 99
166 16 20 150
166 49 36 100
166 10 13 100
166 34 35 99
167 42 5 100
167 46 35 100
167 45 15 99
168 49 34 150
168 49 36 100
168 12 18 100
168 47 24 100
168 2 24 100
168 2 43 100
170 39 34 100
170 27 47 100
170 48 46 100
171 25 36 100
171 11 31 100
171 27 47 100
171 17 34 100
172 10 34 100
172 12 5 99
172 12 47 99
173 16 18 99
173 49 36 100
173 19 16 150
173 28 13 100
174 3 41 100
174 1 43 100
174 1 45 150
174 29 20 100
174 31 20 150
175 39 34 100
175 8 16 100
176 2 36 100
176 2 43 100
176 10 34 100
177 30 45 99
177 27 45 99
178 19 16 150
178 19 36 100
178 33 31 100
178 43 5 100
178 28 13 100
178 10 20 99
178 36 15 100
179 47 20 150
179 34 34 150
179 18 20 100
179 6 21 99
180 5 17 100
180 4 17 99
180 22 17 100
181 41 34 150
181 41 36 100
181 46 47 99
181 0 41 100
182 47 24 100
183 6 14 100
183 39 34 100
183 20 13 100
184 24 34 100
184 41 36 100
185 12 5 99
186 29 41 100
186 37 35 148
186 41 36 100
186 4 15 148
187 41 31 100
187 41 34 150
187 26 16 148
188 10 13 100
188 4 5 100
189 32 34 150
189 15 46 100
189 27 16 100
189 27 47 100
189 25 36 100
190 29 20 100
190 41 43 100
190 47 20 150
191 41 36 100
191 22 23 100
192 10 13 100
192 10 20 99
192 31 20 150
192 3 16 99
192 29 20 100
193 3 21 99
193 31 34 150
194 29 45 150
194 43 5 100
194 43 47 150
194 19 36 100
195 21 32 99
195 39 34 100
196 17 34 100
196 27 47 100
196 41 36 100
196 41 43 100
197 13 19 100
197 11 16 148
197 11 31 100
197 31 35 100
197 25 35 150
197 10 13 100
198 36 15 100
198 27 45 99
198 20 45 100
198 29 41 100
199 35 35 99
199 12 5 99
199 12 35 99
199 49 36 100
200 26 46 100
200 39 18 100
200 39 34 100
201 49 36 100
201 47 13 100
201 39 34 100
202 39 34 100
202 3 47 148
202 12 5 99
203 29 41 100
204 2 31 100
204 2 36 100
204 16 20 150
204 25 16 150
204 31 20 150
205 27 20 150
205 29 20 100
206 28 13 100
206 28 43 99
206 31 34 150
207 17 28 100
208 42 36 148
208 27 16 100
209 43 5 100
209 17 34 100
209 8 16 100
209 0 34 100
210 25 35 150
210 25 36 100
210 15 43 99
210 9 40 100
211 23 45 100
211 36 15 100
211 13 45 100
211 34 13 99
212 3 16 99
212 32 35 100
212 18 35 99
212 38 18 100
213 45 35 99
213 33 31 100
213 32 32 99
213 32 35 100
213 39 36 100
214 12 45 150
214 18 20 100
215 47 20 150
215 22 34 150
215 3 16 99
215 44 20 100
216 34 13 99
216 43 5 100
216 43 45 100
216 16 20 150
216 26 16 148
216 18 20 100
216 39 36 100
216 44 45 100
217 28 43 99
217 28 46 100
217 27 16 100
218 18 34 150
218 18 47 100
218 49 36 100
218 17 24 150
218 3 21 99
219 9 45 150
219 31 20 150
219 18 20 100
220 10 20 99
220 16 18 99
221 16 20 150
221 46 47 99
221 27 20 150
221 45 15 99
221 2 36 100
222 11 31 100
222 42 5 100
222 16 20 150
223 19 16 150
223 19 36 100
223 41 43 100
223 17 34 100
223 29 20 100
223 10 13 100
224 39 34 100
225 3 16 99
226 39 18 100
226 39 36 100
226 29 20 100
226 18 20 100
226 18 47 100
226 47 20 150
227 35 34 150
227 3 16 99
227 28 43 99
227 28 46 100
228 36 15 100
228 39 36 100
228 2 43 100
229 17 35 150
229 27 16 100
229 27 45 99
229 27 47 100
229 44 45 100
230 16 18 99
230 36 34 150
230 27 47 100
231 12 35 99
231 47 13 100
231 17 35 150
231 3 16 99
231 41 36 100
232 10 20 99
232 28 43 99
232 18 20 100
233 44 20 100
233 30 17 100
233 22 17 100
233 19 36 100
234 32 34 150
234 1 46 100
234 33 31 100
234 27 47 100
235 0 41 100
235 1 45 150
235 42 5 100
236 29 16 100
236 17 34 100
236 41 36 100
236 41 43 100
237 28 13 100
237 17 34 100
238 39 35 148
239 45 19 99
239 14 16 150
240 49 34 150
240 49 36 100
240 35 24 148
241 27 16 100
241 25 36 100
241 41 43 100
241 35 18 99
242 37 21 100
242 28 13 100
242 28 15 150
242 31 34 150
243 4 5 100
243 3 41 100
244 25 36 100
244 47 24 100
244 35 34 150
244 41 31 100
244 41 43 100
245 3 47 148
246 39 34 100
246 39 36 100
246 2 43 100
247 38 18 100
247 19 16 150
247 31 20 150
247 29 20 100
248 47 13 100
249 13 45 100
249 0 34 100
249 2 36 100
249 2 47 150
249 39 18 100
249 39 45 148
249 31 20 150
250 29 20 100
250 35 24 148
250 27 47 100
251 28 35 100
251 44 20 100
251 44 35 99
251 12 47 99
251 39 36 100
252 35 34 150
252 3 16 99
252 17 28 100
253 28 13 100
254 22 17 100
254 38 17 148
254 27 20 150
254 27 47 100
254 49 36 100
254 2 43 100
254 47 20 150
254 0 41 100
255 21 32 99
255 22 34 150
255 36 15 100
256 42 5 100
256 46 47 99
257 23 45 100
257 0 21 100
257 0 34 100
258 10 34 100
258 3 36 150
258 27 47 100
259 4 31 100
259 4 35 100
259 44 35 99
259 45 15 99
260 29 16 100
260 18 47 100
260 4 5 100
260 2 36 100
260 47 13 100
261 31 34 150
261 1 46 100
262 44 35 99
262 35 24 148
262 35 35 99
262 29 16 100
262 29 41 100
263 46 35 100
263 46 47 99
263 9 45 150
263 18 35 99
263 47 24 100
263 1 24 100
263 27 45 99
264 39 18 100
264 39 36 100
264 41 43 100
265 0 34 100
265 29 16 100
265 20 13 100
266 42 5 100
266 25 36 100
267 44 34 148
267 38 46 100
268 37 21 100
268 41 36 100
268 16 20 150
269 27 20 150
269 27 41 150
269 21 18 99
269 49 23 100
269 2 43 100
269 39 34 100
270 16 20 150
270 47 20 150
271 14 13 99
271 14 31 100
271 25 36 100
272 26 16 148
272 18 20 100
272 29 20 100
272 45 15 99
273 12 5 99
273 12 45 150
273 32 34 150
273 49 36 100
274 38 18 100
274 10 20 99
275 27 16 100
275 24 34 100
275 28 13 100
276 19 16 150
276 19 36 100
276 31 20 150
276 10 20 99
276 15 43 99
277 28 43 99
277 3 41 100
277 12 18 100
278 2 36 100
278 12 35 99
278 12 47 99
278 28 35 100
279 31 34 150
279 45 15 99
280 5 16 150
280 31 35 100
280 10 13 100
280 37 35 148
281 1 24 100
281 1 45 150
281 10 34 100
281 2 36 100
282 1 43 100
282 0 34 100
282 0 41 100
283 4 5 100
283 35 18 99
283 2 36 100
284 18 47 100
284 45 15 99
284 0 34 100
284 12 18 100
285 14 13 99
285 24 34 100
286 39 36 100
286 26 28 100
286 18 20 100
286 10 20 99
286 47 20 150
287 47 20 150
287 47 24 100
287 4 31 100
287 9 40 100
287 10 20 99
288 5 16 150
288 46 35 100
288 35 35 99
288 28 43 99
289 38 32 100
289 42 5 100
289 19 36 100
290 41 24 148
290 27 20 150
290 44 20 100
291 16 20 150
291 18 20 100
291 27 16 100
291 27 20 150
292 47 24 100
292 36 15 100
293 5 11 99
293 5 42 148
293 41 24 148
293 41 34 150
293 41 36 100
293 43 5 100
294 31 20 150
294 44 20 100
295 21 6 100
295 3 41 100
295 10 13 100
296 17 34 100
296 4 5 100
296 4 31 100
297 29 0 99
297 29 16 100
297 28 35 100
297 28 43 99
297 12 35 99
297 34 11 99
298 13 45 100
298 16 20 150
298 45 15 99
298 45 42 148
298 43 45 100
298 44 20 100
299 46 47 99
299 0 34 100
299 44 20 100
299 44 42 148
300 45 42 148
300 15 43 99
300 17 34 100
300 17 42 99
300 26 11 100
300 3 36 150
301 27 47 100
301 11 31 100
301 26 46 100
301 43 49 100
302 47 13 100
302 47 20 150
302 2 31 100
302 31 20 150
302 43 5 100
303 27 16 100
303 31 35 100
303 14 31 100
303 2 36 100
304 3 33 100
304 15 43 99
304 26 11 100
304 37 31 100
304 24 34 100
305 24 34 100
305 38 32 100
305 40 42 150
305 39 36 100
305 28 43 99
306 7 24 148
306 12 35 99
306 44 35 99
307 46 11 99
307 36 15 100
308 18 34 150
308 44 5 100
308 15 31 148
308 49 36 100
309 37 31 100
309 37 40 99
309 47 20 150
309 18 20 100
310 27 16 100
310 10 1 100
310 42 5 100
311 46 11 99
311 47 6 100
311 47 13 100
311 21 32 99
311 24 34 100
311 29 16 100
312 2 31 100
312 17 34 100
313 30 5 100
313 39 36 100
313 15 31 148
313 45 15 99
314 5 11 99
314 5 42 148
314 31 34 150
314 3 41 100
314 46 47 99
315 28 35 100
315 18 35 99
315 47 24 100
316 5 42 148
316 27 20 150
316 36 31 99
316 2 36 100
316 2 43 100
316 18 20 100
316 44 20 100
317 0 0 100
317 4 17 99
317 4 31 100
317 20 17 150
317 33 42 100
318 28 13 100
318 24 34 100
318 41 6 99
319 14 16 150
319 14 31 100
319 2 11 100
319 2 43 100
319 24 34 100
320 31 20 150
320 31 42 99
320 49 5 100
320 29 20 100
320 26 28 100
321 25 36 100
321 10 34 100
321 45 15 99
321 45 47 150
321 14 42 100
322 38 32 100
322 47 33 99
322 26 11 100
323 47 13 100
323 37 31 100
323 40 47 150
323 18 34 150
324 31 20 150
324 31 42 99
324 27 20 150
324 15 43 99
325 9 36 150
325 43 5 100
325 36 31 99
326 18 0 100
326 43 30 150
326 43 45 100
326 43 49 100
326 17 34 100
326 20 45 100
327 46 47 99
327 31 42 99
327 10 34 100
327 5 42 148
328 46 11 99
328 46 35 100
328 39 35 148
328 39 42 99
328 35 24 148
328 45 15 99
329 3 16 99
329 18 20 100
329 34 13 99
329 29 20 100
329 31 20 150
329 31 42 99
330 14 16 150
330 14 24 100
330 14 43 150
330 29 20 100
330 18 20 100
331 12 5 99
331 47 29 100
332 25 35 150
332 25 36 100
332 10 20 99
332 36 31 99
333 23 11 100
333 39 34 100
334 6 43 150
334 1 6 100
334 14 13 99
334 49 36 100
334 39 34 100
335 29 16 100
335 11 31 100
335 0 34 100
335 36 15 100
336 32 32 99
336 12 42 150
336 46 30 148
336 7 33 100
337 0 34 100
337 28 31 150
337 28 43 99
337 41 36 100
337 49 11 99
338 18 35 99
338 18 47 100
338 31 35 100
338 4 5 100
339 33 42 100
339 13 17 150
339 7 17 100
339 7 24 148
339 39 34 100
339 39 42 99
339 21 40 100
339 4 17 99
340 39 36 100
340 39 42 99
340 33 42 100
340 28 43 99
341 18 20 100
341 16 20 150
341 37 31 100
341 28 13 100
342 4 31 100
342 36 15 100
342 36 34 150
342 49 36 100
343 1 45 150
343 12 31 148
343 12 35 99
343 12 47 99
343 47 30 148
343 32 35 100
344 12 5 99
344 12 35 99
344 12 42 150
344 12 47 99
344 26 11 100
344 20 17 150
344 30 17 100
344 31 35 100
345 27 47 100
345 40 42 150
345 10 13 100
346 33 0 100
346 33 42 100
346 22 34 150
346 37 42 150
347 3 41 100
347 20 6 100
347 43 5 100
347 23 11 100
347 41 31 100
348 24 24 150
348 45 15 99
348 45 42 148
348 12 47 99
348 31 20 150
349 16 20 150
349 29 33 100
349 35 24 148
349 35 35 99
349 44 35 99
349 44 42 148
349 41 36 100
349 33 42 100
350 18 35 99
350 18 47 100
350 44 5 100
350 44 35 99
350 44 42 148
351 35 34 150
351 48 46 100
351 45 0 100
351 45 42 148
352 45 42 148
352 34 11 99
352 34 13 99
352 27 20 150
352 27 47 100
352 10 20 99
352 15 43 99
352 18 20 100
352 17 42 99
353 18 20 100
353 17 42 99
353 27 20 150
353 41 31 100
353 41 36 100
354 4 31 100
354 10 30 150
354 8 32 100
354 12 47 99
355 4 5 100
355 29 16 100
355 22 49 99
356 24 34 100
356 28 35 100
356 28 43 99
356 41 31 100
356 41 36 100
356 5 11 99
356 23 35 100
357 7 24 148
357 1 42 148
357 29 16 100
357 29 20 100
357 33 42 100
357 27 20 150
358 12 42 150
358 4 15 148
358 10 13 100
358 10 20 99
358 10 34 100
358 8 16 100
358 19 36 100
359 1 43 100
359 33 31 100
360 36 31 99
360 36 34 150
361 41 31 100
361 23 11 100
362 47 20 150
362 24 39 99
362 36 31 99
362 4 5 100
362 29 20 100
362 26 28 100
362 46 47 99
363 28 43 99
363 0 34 100
363 33 42 100
363 39 36 100
363 39 42 99
363 21 16 150
364 20 13 100
364 17 34 100
364 14 31 100
364 1 43 100
365 23 11 100
365 18 47 100
365 12 42 150
365 24 34 100
365 41 36 100
366 6 35 150
366 25 42 148
366 28 15 150
366 28 35 100
366 47 33 99
367 5 42 148
367 46 0 100
367 46 35 100
367 45 35 99
367 1 24 100
367 14 24 100
367 14 42 100
367 30 5 100
368 2 11 100
368 2 24 100
368 2 31 100
368 45 42 148
368 9 40 100
368 25 41 100
369 21 24 150
369 12 42 150
369 39 34 100
370 42 5 100
370 49 36 100
370 6 35 150
370 39 42 99
370 25 42 148
371 46 35 100
371 44 35 99
372 2 31 100
372 32 32 99
372 10 13 100
372 10 34 100
373 14 30 150
373 14 31 100
373 44 35 99
373 28 35 100
374 34 11 99
374 36 31 99
374 43 5 100
375 7 24 148
375 45 15 99
375 45 42 148
375 39 34 100
375 18 29 100
375 18 47 100
375 37 31 100
376 11 31 100
377 29 0 99
377 15 43 99
377 17 34 100
378 34 11 99
378 34 34 150
378 1 42 148
378 18 36 150
379 27 16 100
379 10 1 100
379 10 13 100
379 10 34 100
379 26 5 148
380 32 32 99
380 39 36 100
380 29 33 100
380 41 6 99
381 34 11 99
381 39 34 100
382 0 41 100
382 40 42 150
382 47 20 150
382 43 5 100
382 33 31 100
382 33 42 100
382 45 15 99
383 7 24 148
383 10 20 99
383 10 34 100
383 39 36 100
384 3 16 99
384 34 11 99
384 34 13 99
384 46 47 99
384 18 20 100
385 1 42 148
385 16 20 150
385 47 20 150
385 6 40 100
386 35 35 99
386 41 36 100
386 44 5 100
386 44 35 99
386 25 49 100
387 10 34 100
387 45 42 148
387 27 47 100
387 26 46 100
388 5 11 99
388 49 36 100
388 31 20 150
388 1 43 100
388 18 20 100
389 0 34 100
389 28 13 100
389 29 16 100
389 4 31 100
389 25 42 148
390 31 42 99
390 45 42 148
390 17 34 100
391 21 32 99
391 46 11 99
391 46 47 99
391 19 36 100
391 41 43 100
392 12 5 99
392 12 35 99
392 18 35 99
393 32 35 100
393 23 35 100
393 21 1 100
393 45 15 99
393 20 13 100
393 11 1 100
393 41 36 100
394 32 35 100
394 8 16 100
394 33 42 100
394 18 35 99
394 18 47 100
395 15 31 148
395 31 42 99
395 27 47 100
395 44 34 148
395 34 11 99
396 34 35 99
396 22 33 100
396 27 47 100
396 14 42 100
396 36 35 100
396 30 5 100
396 31 42 99
397 49 36 100
397 2 6 99
397 2 43 100
398 12 31 148
398 12 47 99
398 0 34 100
399 14 13 99
399 2 11 100
399 2 36 100
399 17 28 100
399 17 34 100
399 30 32 100
400 12 42 150
400 44 20 100
400 47 20 150
400 29 20 100
401 17 42 99
401 19 42 100
401 41 43 100
401 14 30 150
402 28 31 150
402 39 34 100
402 3 16 99
402 30 5 100
402 18 47 100
403 17 34 100
403 17 42 99
403 12 47 99
403 25 36 100
403 36 15 100
404 41 43 100
404 6 35 150
404 2 11 100
405 10 20 99
405 14 13 99
405 14 31 100
405 17 42 99
405 31 20 150
405 27 47 100
406 40 42 150
406 45 0 100
406 11 31 100
406 42 5 100
406 44 20 100
406 38 32 100
407 22 49 99
407 44 20 100
407 47 20 150
407 9 46 100
407 19 36 100
407 24 34 100
408 37 35 148
408 43 33 100
408 43 47 150
408 23 11 100
408 23 35 100
409 17 35 150
409 33 31 100
410 17 35 150
410 10 13 100
410 11 31 100
410 25 36 100
410 49 5 100
410 46 35 100
411 41 31 100
411 43 47 150
412 23 11 100
412 23 35 100
412 31 42 99
412 12 5 99
412 17 42 99
412 38 32 100
413 16 6 99
413 12 47 99
413 29 0 99
413 37 31 100
413 10 34 100
414 21 1 100
414 12 47 99
414 39 34 100
415 1 43 100
415 3 16 99
415 41 36 100
415 28 1 150
415 36 15 100
416 46 11 99
416 18 34 150
416 5 42 148
416 10 13 100
416 29 16 100
416 43 5 100
417 49 36 100
417 31 20 150
417 27 20 150
418 11 31 100
418 9 40 100
419 4 31 100
419 22 34 150
419 49 11 99
420 8 16 100
420 34 6 100
420 3 17 150
420 18 47 100
420 44 5 100
420 22 17 100
421 17 34 100
421 18 47 100
421 37 31 100
421 48 46 100
421 15 43 99
422 3 36 150
422 0 34 100
423 5 11 99
423 1 6 100
423 1 13 150
423 2 47 150
423 36 15 100
424 49 5 100
424 49 34 150
424 3 47 148
425 31 20 150
425 31 42 99
425 49 36 100
425 43 33 100
425 44 20 100
425 19 42 100
426 5 11 99
426 5 16 150
427 36 15 100
427 36 31 99
427 36 34 150
427 37 42 150
427 28 43 99
428 25 35 150
428 25 36 100
428 47 13 100
428 2 31 100
428 31 35 100
429 2 43 100
429 10 20 99
429 31 20 150
429 18 20 100
430 44 42 148
430 27 16 100
431 31 20 150
431 31 42 99
431 14 42 100
431 34 11 99
431 34 32 100
431 44 20 100
431 19 36 100
432 31 34 150
432 31 42 99
432 14 42 100
432 36 46 99
432 28 43 99
433 40 1 100
433 12 45 150
433 2 24 100
433 2 31 100
433 2 36 100
434 43 5 100
434 43 30 150
434 3 16 99
434 31 20 150
434 26 28 100
434 18 20 100
434 44 20 100
434 20 13 100
435 10 20 99
435 22 49 99
435 11 16 148
435 2 11 100
436 40 42 150
436 12 35 99
436 12 47 99
436 29 20 100
436 23 35 100
437 14 31 100
437 14 43 150
437 43 47 150
437 19 36 100
437 19 39 99
437 34 34 150
437 10 20 99
438 5 42 148
438 36 15 100
438 31 42 99
439 46 11 99
439 31 20 150
439 29 20 100
439 10 13 100
440 26 16 148
440 12 5 99
440 49 36 100
440 29 20 100
441 2 31 100
441 2 43 100
441 27 20 150
441 26 33 100
441 10 20 99
441 10 34 100
442 26 11 100
442 3 41 100
442 37 31 100
442 47 6 100
442 17 34 100
443 18 35 99
443 31 35 100
443 39 36 100
443 12 5 99
444 16 20 150
444 47 20 150
445 6 0 100
445 6 35 150
445 9 46 100
445 48 31 150
445 18 47 100
446 28 13 100
446 49 11 99
447 8 32 100
447 22 34 150
447 25 36 100
447 25 42 148
447 36 15 100
447 43 5 100
448 32 35 100
448 22 49 99
448 28 35 100
448 1 29 99
449 29 16 100
449 21 6 100
450 33 42 100
450 43 45 100
450 45 35 99
450 25 16 150
450 25 35 150
450 25 36 100
450 28 43 99
450 49 11 99
451 14 13 99
451 14 31 100
451 14 42 100
451 23 45 100
451 17 28 100
451 10 20 99
451 43 5 100
451 27 20 150
452 37 31 100
452 37 40 99
452 37 42 150
452 22 34 150
453 18 20 100
453 46 11 99
453 16 20 150
453 39 42 99
453 14 42 100
454 44 5 100
454 44 20 100
454 39 36 100
454 11 31 100
454 45 15 99
455 14 31 100
455 31 35 100
455 12 35 99
455 12 47 99
456 45 42 148
456 17 34 100
456 33 33 100
457 2 36 100
457 27 16 100
457 27 20 150
457 35 32 99
457 31 20 150
458 41 43 100
458 2 11 100
458 47 13 100
458 47 20 150
458 10 20 99
459 46 47 99
459 42 5 100
459 39 34 100
460 27 16 100
460 19 36 100
460 19 42 100
460 36 31 99
460 31 42 99
461 26 11 100
461 24 34 100
461 47 13 100
462 44 45 100
462 41 0 100
462 41 24 148
462 41 31 100
462 41 43 100
462 20 45 100
462 17 34 100
463 49 36 100
463 28 46 100
463 0 34 100
464 27 45 99
464 27 47 100
464 8 45 99
464 34 35 99
464 31 35 100
464 17 28 100
464 12 47 99
465 26 11 100
465 37 31 100
465 44 5 100
466 37 42 150
466 39 34 100
466 39 36 100
467 40 42 150
467 24 34 100
467 28 13 100
467 14 42 100
467 45 15 99
468 29 16 100
468 26 11 100
468 43 5 100
468 33 31 100
469 0 34 100
469 11 31 100
469 4 31 100
470 27 45 99
470 27 47 100
470 14 24 100
470 14 42 100
470 6 35 150
470 47 24 100
470 43 45 100
470 2 36 100
471 2 6 99
471 44 5 100
471 44 45 100
471 22 33 100
471 46 30 148
471 46 47 99
471 24 34 100
472 39 34 100
472 39 42 99
472 15 43 99
472 31 42 99
473 3 41 100
473 33 42 100
473 5 42 148
473 47 13 100
473 19 36 100
474 26 11 100
474 31 34 150
474 31 42 99
474 45 15 99
474 22 24 150
474 32 3 99
475 14 31 100
475 25 49 100
476 14 42 100
476 18 34 150
476 45 42 148
476 38 32 100
477 41 0 100
477 47 24 100
477 15 43 99
477 1 5 150
477 2 11 100
477 21 40 100
478 25 35 150
478 25 36 100
478 25 42 148
478 46 35 100
478 46 47 99
479 1 24 100
479 1 42 148
479 46 47 99
479 10 20 99
480 16 20 150
480 19 36 100
480 24 34 100
481 14 13 99
481 14 31 100
481 34 11 99
481 43 5 100
481 39 34 100
481 44 20 100
482 19 6 100
482 45 15 99
483 37 31 100
483 1 43 100
483 1 46 100
483 18 34 150
484 48 24 150
484 38 32 100
485 22 33 100
485 22 34 150
485 1 43 100
485 33 31 100
485 49 11 99
485 49 36 100
486 35 24 148
486 47 20 150
486 16 20 150
487 25 36 100
487 29 16 100
487 41 31 100
487 41 43 100
487 27 47 100
488 10 13 100
488 10 34 100
488 37 31 100
488 26 11 100
489 7 24 148
489 10 34 100
489 48 49 100
489 49 5 100
490 19 36 100
490 37 35 148
490 12 47 99
491 22 1 150
491 23 45 100
491 29 45 150
492 16 20 150
492 37 42 150
492 33 42 100
493 17 35 150
493 33 31 100
493 35 32 99
493 5 11 99
493 16 20 150
494 0 6 100
494 33 31 100
494 10 20 99
494 34 43 148
494 19 36 100
494 47 20 150
494 37 40 99
495 29 0 99
495 29 16 100
495 29 45 150
495 36 34 150
495 46 47 99
495 45 15 99
496 44 5 100
496 44 42 148
496 49 11 99
496 14 13 99
496 25 41 100
497 34 6 100
497 27 20 150
497 31 20 150
498 25 42 148
498 22 34 150
499 15 33 100
499 12 5 99
499 29 20 100
499 4 31 100
499 16 20 150
499 49 36 100
499 18 20 100
500 17 24 150
500 12 47 99
500 36 31 99
500 2 11 100
500 2 43 100
500 34 32 100
501 31 34 150
501 10 30 150
502 0 6 100
502 25 36 100
502 10 13 100
502 18 47 100
502 1 43 100
503 45 35 99
503 34 35 99
503 20 45 100
503 27 45 99
504 15 31 148
504 23 45 100
504 49 5 100
504 49 36 100
504 17 34 100
504 30 45 99
505 46 11 99
505 27 20 150
505 47 20 150
506 28 46 100
506 36 31 99
506 24 34 100
507 37 35 148
507 37 42 150
507 1 29 99
507 39 42 99
507 44 35 99
508 29 16 100
508 14 13 99
508 14 42 100
508 18 35 99
508 43 5 100
508 12 35 99
508 41 36 100
509 15 43 99
509 0 41 100
509 14 31 100
509 26 11 100
510 37 31 100
510 17 34 100
510 36 15 100
511 10 20 99
511 31 0 100
511 31 20 150
511 37 31 100
512 2 11 100
512 2 36 100
512 26 33 100
512 5 42 148
512 14 42 100
512 38 32 100
513 47 13 100
513 47 20 150
513 0 34 100
513 48 49 100
513 30 5 100
513 29 20 100
514 42 0 100
514 10 20 99
514 21 40 100
515 40 42 150
515 0 34 100
515 10 20 99
516 16 20 150
516 27 47 100
516 5 11 99
516 17 35 150
516 46 47 99
516 44 5 100
516 28 46 100
517 41 31 100
517 41 36 100
517 37 42 150
518 4 5 100
518 4 31 100
518 4 35 100
518 17 35 150
519 19 36 100
519 46 11 99
519 46 35 100
519 46 47 99
519 36 35 100
519 2 43 100
520 41 31 100
520 41 34 150
520 10 13 100
521 41 6 99
521 41 24 148
521 41 43 100
521 31 20 150
522 47 20 150
522 29 16 100
522 33 42 100
522 12 42 150
522 39 36 100
522 45 15 99
523 23 11 100
523 35 24 148
523 47 20 150
523 16 20 150
524 25 49 100
524 10 30 150
524 10 34 100
524 15 43 99
524 11 31 100
524 12 47 99
525 2 31 100
525 18 20 100
525 18 47 100
525 35 32 99
525 44 20 100
525 10 20 99
526 2 31 100
527 0 34 100
527 46 35 100
527 46 47 99
527 33 31 100
527 31 35 100
527 19 36 100
527 42 5 100
527 14 13 99
528 2 11 100
528 2 24 100
528 43 33 100
528 37 42 150
528 33 42 100
529 45 15 99
529 15 43 99
529 10 20 99
529 31 20 150
530 29 16 100
530 29 20 100
530 41 36 100
530 25 35 150
530 30 32 100
531 28 31 150
531 39 34 100
531 39 39 100
532 12 5 99
532 12 42 150
532 2 11 100
532 0 34 100
533 35 35 99
533 44 35 99
533 44 42 148
533 10 13 100
533 14 16 150
534 40 42 150
534 31 35 100
534 2 36 100
534 34 35 99
535 14 31 100
535 37 0 100
535 18 47 100
535 26 28 100
535 43 5 100
535 10 34 100
536 3 16 99
536 4 31 100
536 4 35 100
536 23 11 100
536 23 35 100
536 40 42 150
536 17 42 99
536 38 32 100
537 19 36 100
537 19 42 100
537 17 42 99
538 0 34 100
538 44 5 100
539 33 31 100
539 17 34 100
539 5 11 99
539 2 43 100
539 20 13 100
540 41 36 100
540 41 43 100
540 12 42 150
540 25 41 100
540 45 15 99
541 30 32 100
541 10 20 99
542 37 31 100
542 37 42 150
542 18 20 100
542 44 20 100
542 27 20 150
542 25 36 100
542 31 20 150
543 36 34 150
543 34 13 99
543 45 42 148
544 11 1 100
544 23 11 100
544 4 5 100
544 21 40 100
545 10 30 150
545 10 34 100
545 26 16 148
545 19 6 100
546 19 42 100
546 7 33 100
546 35 32 99
546 14 42 100
546 1 0 99
547 19 42 100
547 23 35 100
547 12 35 99
547 12 42 150
547 12 47 99
547 15 43 99
547 10 34 100
547 2 31 100
548 14 24 100
548 14 42 100
548 39 34 100
548 4 5 100
548 21 29 100
548 1 24 100
549 2 11 100
549 27 20 150
549 24 1 100
549 44 20 100
550 12 35 99
550 4 35 100
550 11 1 100
550 34 13 99
550 25 36 100
551 31 20 150
551 34 32 100
551 18 20 100
551 29 20 100
552 46 47 99
552 49 5 100
553 39 34 100
553 39 36 100
553 43 30 150
553 12 47 99
553 19 6 100
554 10 20 99
554 15 43 99
554 45 15 99
554 12 47 99
554 46 11 99
554 37 31 100
555 16 20 150
555 35 35 99
555 14 13 99
555 14 42 100
555 23 35 100
555 25 42 148
555 45 8 99
556 22 8 100
557 8 0 100
557 5 42 148
557 2 43 100
557 47 20 150
557 10 20 99
557 10 34 100
558 49 11 99
558 17 42 99
558 19 42 100
558 9 46 100
558 10 20 99
559 30 45 99
559 49 36 100
559 15 33 100
559 16 20 150
559 44 20 100
559 48 49 100
559 27 20 150
559 33 31 100
560 37 42 150
560 30 5 100
560 21 16 150
560 10 20 99
561 32 35 100
561 49 11 99
561 36 35 100
561 31 20 150
561 27 6 100
561 27 20 150
561 27 47 100
561 44 20 100
561 15 43 99
562 47 13 100
562 1 45 150
562 8 45 99
562 2 31 100
563 34 32 100
563 34 34 150
563 2 31 100
563 29 0 99
564 28 43 99
564 2 36 100
565 23 11 100
565 23 45 100
565 27 20 150
565 27 45 99
566 2 31 100
566 6 35 150
566 18 20 100
566 43 5 100
566 17 42 99
566 39 42 99
567 17 42 99
567 47 13 100
567 47 20 150
567 39 42 99
567 3 41 100
568 28 43 99
568 32 3 99
568 32 34 150
568 36 15 100
568 26 11 100
568 44 20 100
568 2 36 100
568 18 20 100
569 31 20 150
569 4 31 100
569 47 20 150
569 6 40 100
570 28 32 100
571 28 43 99
571 47 24 100
571 34 34 150
571 49 36 100
572 46 47 99
572 36 31 99
572 20 6 100
572 20 13 100
573 34 11 99
573 39 34 100
573 36 31 99
573 4 5 100
574 17 35 150
574 17 42 99
574 22 0 100
574 22 33 100
574 28 35 100
574 8 16 100
574 31 42 99
575 39 34 100
575 39 36 100
575 1 43 100
576 34 13 99
576 15 31 148
577 14 31 100
577 34 11 99
578 32 34 150
580 2 36 100
580 44 34 148
581 21 16 150
582 10 34 100
582 41 36 100
583 18 20 100
583 29 20 100
583 10 20 99
584 0 34 100
584 37 31 100
585 35 35 99
585 28 35 100
585 2 36 100
586 39 18 100
586 39 35 148
586 3 41 100
587 17 28 100
587 17 35 150
587 46 35 100
589 39 34 100
589 31 0 100
589 19 16 150
590 24 34 100
590 9 40 100
591 16 21 100
591 19 36 100
591 24 34 100
593 6 35 150
593 2 36 100
594 23 35 100
594 33 31 100
594 12 35 99
594 12 47 99
595 19 16 150
595 47 20 150
595 17 28 100
595 18 20 100
596 24 34 100
597 29 16 100
597 6 35 150
597 3 36 150
598 31 35 100
598 23 35 100
599 47 20 150
599 44 20 100
600 16 20 150
600 14 31 100
600 29 20 100
601 18 20 100
601 29 16 100
601 29 20 100
601 47 20 150
602 45 0 100
602 47 20 150
603 47 20 150
603 44 20 100
603 49 36 100
603 0 34 100
603 27 16 100
605 35 34 150
605 27 16 100
606 41 31 100
607 23 35 100
607 6 35 150
607 19 36 100
607 3 16 99
608 44 34 148
608 6 0 100
609 27 47 100
610 49 34 150
610 3 41 100
611 38 17 148
611 30 17 100
612 35 34 150
612 19 36 100
613 47 13 100
613 46 47 99
614 41 36 100
614 38 18 100
614 25 16 150
614 24 34 100
615 27 20 150
615 39 18 100
615 18 20 100
616 0 34 100
616 21 16 150
617 46 35 100
617 45 35 99
618 14 13 99
618 14 31 100
618 49 36 100
618 34 35 99
618 32 35 100
618 46 47 99
618 21 40 100
619 8 16 100
620 42 0 100
620 16 20 150
620 29 20 100
621 35 34 150
621 18 20 100
622 25 36 100
623 22 34 150
623 27 47 100
624 28 13 100
625 14 24 100
625 14 31 100
625 49 34 150
625 49 36 100
625 27 47 100
627 39 36 100
627 18 20 100
627 18 47 100
627 16 20 150
628 10 34 100
628 46 47 99
628 47 24 100
629 34 13 99
629 34 35 99
629 45 35 99
630 36 31 99
630 36 35 100
630 44 35 99
630 5 16 150
630 19 36 100
631 27 20 150
631 27 47 100
631 44 20 100
632 4 35 100
632 29 20 100
632 12 35 99
633 44 20 100
633 10 20 99
633 17 28 100
633 18 20 100
633 18 47 100
634 14 13 99
634 19 36 100
634 10 34 100
635 8 16 100
636 10 34 100
636 41 0 100
636 46 47 99
637 24 34 100
637 2 36 100
637 21 16 150
638 10 13 100
638 10 34 100
639 28 35 100
639 28 43 99
639 46 35 100
640 2 31 100
640 2 36 100
641 24 34 100
641 41 43 100
641 27 47 100
642 44 5 100
642 11 16 148
642 10 34 100
644 18 0 100
644 18 34 150
644 18 47 100
645 41 36 100
646 41 31 100
646 41 34 150
646 9 40 100
646 10 13 100
646 4 5 100
648 10 34 100
648 16 18 99
649 17 34 100
649 34 13 99
649 41 0 100
649 21 16 150
650 1 43 100
650 3 16 99
650 44 5 100
651 17 35 150
652 32 34 150
653 5 16 150
653 12 5 99
653 9 21 100
653 22 0 100
654 23 35 100
654 44 35 99
654 15 43 99
654 18 47 100
654 11 31 100
655 19 36 100
655 39 34 100
655 3 16 99
656 37 35 148
656 34 35 99
657 46 47 99
657 2 43 100
657 20 13 100
658 10 34 100
658 35 35 99
658 25 36 100
659 18 20 100
659 18 47 100
659 43 5 100
659 16 20 150
660 17 34 100
660 2 31 100
661 49 5 100
661 49 36 100
661 28 13 100
662 35 35 99
662 3 41 100
662 45 0 100
662 45 35 99
663 41 34 150
663 12 47 99
664 17 28 100
665 15 43 99
665 10 34 100
665 14 16 150
666 44 5 100
666 27 47 100
666 17 34 100
667 42 36 148
667 2 31 100
668 18 34 150
669 34 13 99
669 2 36 100
670 16 20 150
670 29 20 100
670 2 43 100
670 44 20 100
671 16 20 150
671 26 16 148
671 44 20 100
672 24 34 100
672 30 5 100
672 45 0 100
673 21 40 100
673 47 13 100
673 12 47 99
674 24 34 100
674 29 20 100
674 49 36 100
674 12 47 99
674 18 20 100
674 27 20 150
675 15 43 99
675 11 31 100
675 35 18 99
675 10 20 99
675 27 20 150
675 27 47 100
676 2 36 100
676 6 35 150
676 30 5 100
676 32 35 100
677 10 34 100
677 12 47 99
678 20 13 100
679 28 35 100
679 44 5 100
679 44 35 99
679 41 36 100
680 37 31 100
680 39 34 100
682 31 34 150
683 24 34 100
683 41 36 100
683 44 5 100
684 32 35 100
684 1 0 99
684 39 18 100
684 31 35 100
685 46 35 100
685 46 47 99
685 31 35 100
685 42 5 100
686 18 20 100
686 16 20 150
686 10 20 99
686 19 36 100
686 8 16 100
687 20 13 100
687 32 35 100
687 45 35 99
687 12 47 99
687 4 31 100
688 24 24 150
689 32 34 150
689 4 5 100
689 25 36 100
690 1 43 100
691 22 47 150
691 28 35 100
691 34 35 99
691 19 36 100
692 29 16 100
692 24 34 100
692 20 13 100
693 0 34 100
693 35 18 99
694 26 43 148
694 4 31 100
694 8 16 100
695 43 5 100
695 43 47 150
695 12 47 99
696 2 36 100
696 46 47 99
696 44 20 100
696 44 34 148
697 18 0 100
697 18 20 100
698 8 16 100
698 17 34 100
698 18 20 100
698 4 5 100
699 0 34 100
699 47 13 100
699 2 36 100
699 18 47 100
700 18 47 100
700 17 34 100
701 25 35 150
701 42 5 100
701 37 40 99
702 39 36 100
702 2 31 100
703 12 47 99
703 17 28 100
703 17 34 100
704 39 34 100
704 28 13 100
704 12 5 99
706 28 43 99
706 27 20 150
706 44 20 100
707 0 0 100
707 0 34 100
708 18 47 100
708 39 34 100
708 39 36 100
709 4 31 100
709 4 35 100
709 28 35 100
709 47 24 100
710 44 5 100
710 8 16 100
710 17 34 100
710 25 36 100
711 45 35 99
711 39 35 148
711 28 13 100
711 12 47 99
712 1 43 100
713 27 47 100
713 46 35 100
713 18 35 99
714 44 34 148
714 41 36 100
715 41 36 100
715 41 43 100
716 17 34 100
716 30 5 100
716 6 40 100
717 36 31 99
717 20 13 100
717 10 34 100
718 29 20 100
719 10 20 99
719 16 20 150
719 39 36 100
720 41 34 150
720 43 5 100
720 27 47 100
721 17 35 150
721 2 36 100
721 18 47 100
722 20 13 100
723 33 31 100
723 18 34 150
724 16 20 150
724 27 20 150
724 27 47 100
724 49 5 100
725 49 36 100
726 20 13 100
726 20 17 150
726 1 43 100
726 31 34 150
726 18 47 100
726 32 17 99
727 46 47 99
728 0 0 100
728 0 34 100
728 12 5 99
728 12 47 99
729 15 43 99
729 19 36 100
729 10 34 100
730 21 16 150
730 28 43 99
731 19 36 100
731 22 34 150
732 17 24 150
732 46 47 99
732 2 31 100
733 31 34 150
734 49 36 100
734 27 47 100
734 15 43 99
734 22 24 150
734 16 21 100
735 34 34 150
735 21 18 99
735 46 47 99
735 30 5 100
736 39 18 100
736 47 13 100
737 25 41 100
737 0 34 100
738 24 34 100
738 19 36 100
738 21 40 100
738 2 43 100
739 27 47 100
740 24 34 100
740 42 5 100
740 47 13 100
741 19 36 100
741 48 24 150
741 26 28 100
742 10 34 100
742 24 34 100
743 17 35 150
743 39 36 100
743 33 31 100
744 4 5 100
744 27 47 100
745 42 0 100
745 4 35 100
745 37 35 148
745 1 43 100
746 44 35 99
746 12 35 99
746 28 13 100
747 24 34 100
747 2 36 100
748 39 34 100
748 1 24 100
749 30 5 100
749 41 31 100
749 41 36 100
750 48 24 150
750 18 34 150
750 29 16 100
751 15 43 99
752 44 34 148
753 15 43 99
753 37 40 99
753 19 36 100
754 18 34 150
754 18 47 100
754 34 13 99
755 44 5 100
755 27 47 100
756 22 17 100
756 4 17 99
756 39 34 100
756 7 17 100
757 5 16 150
757 44 35 99
757 18 35 99
757 37 31 100
757 25 36 100
758 14 13 99
758 14 43 150
758 46 47 99
758 12 18 100
759 12 35 99
759 2 24 100
759 32 35 100
759 18 0 100
759 0 34 100
759 47 24 100
760 39 36 100
760 43 5 100
760 26 16 148
762 24 34 100
762 34 35 99
762 36 35 100
763 37 35 148
763 44 5 100
763 2 36 100
763 27 47 100
764 24 34 100
765 28 13 100
765 24 34 100
765 11 31 100
766 42 5 100
766 25 36 100
767 24 34 100
767 12 47 99
768 29 0 99
768 24 34 100
769 5 16 150
770 39 34 100
770 18 5 148
770 34 13 99
771 17 18 150
771 17 34 100
771 49 36 100
771 8 16 100
773 12 5 99
773 12 47 99
773 36 34 150
774 10 34 100
775 8 0 100
775 2 31 100
775 26 28 100
776 17 34 100
777 25 35 150
777 9 40 100
777 28 13 100
777 28 35 100
777 28 43 99
778 25 36 100
778 42 5 100
778 10 34 100
778 18 47 100
780 32 35 100
780 28 0 100
780 28 35 100
780 37 31 100
781 11 16 148
781 20 13 100
781 18 20 100
782 0 34 100
782 16 20 150
782 43 5 100
783 44 20 100
783 41 36 100
783 18 20 100
783 0 41 100
783 10 20 99
784 28 35 100
784 14 16 150
784 46 35 100
785 8 0 100
785 12 5 99
785 31 20 150
786 31 20 150
786 17 34 100
786 10 13 100
786 10 20 99
787 1 43 100
788 10 20 99
788 10 34 100
788 19 36 100
788 16 20 150
788 33 31 100
788 8 16 100
790 35 34 150
790 28 43 99
790 41 36 100
791 44 5 100
791 25 41 100
792 47 13 100
792 12 35 99
792 31 35 100
793 10 20 99
793 27 20 150
794 29 20 100
794 39 34 100
794 39 36 100
794 36 31 99
795 43 5 100
795 46 47 99
795 39 34 100
796 10 13 100
796 39 36 100
797 21 40 100
797 22 34 150
797 2 43 100
797 17 28 100
799 31 34 150
799 1 43 100
800 22 0 100
801 36 34 150
801 14 13 99
801 18 47 100
802 15 43 99
802 2 31 100
802 2 36 100
803 42 5 100
803 17 34 100
803 12 47 99
804 41 24 148
804 17 28 100
804 17 34 100
805 18 35 99
805 18 47 100
805 19 36 100
806 29 0 99
806 29 16 100
806 49 5 100
806 18 35 99
806 45 35 99
807 34 13 99
808 34 34 150
808 27 47 100
809 21 18 99
809 36 31 99
809 3 16 99
809 49 5 100
810 36 35 100
810 34 35 99
810 30 17 100
810 3 17 150
810 19 36 100
811 15 43 99
811 44 20 100
812 25 35 150
812 23 35 100
812 16 20 150
812 29 16 100
812 47 13 100
813 12 5 99
813 32 34 150
813 19 36 100
814 8 16 100
815 10 34 100
816 6 0 100
816 2 31 100
816 17 34 100
817 39 35 148
817 39 36 100
817 14 13 99
817 30 5 100
817 6 40 100
818 32 35 100
818 23 35 100
818 27 47 100
819 1 43 100
819 19 16 150
820 39 34 100
820 39 36 100
821 4 5 100
821 27 20 150
821 0 41 100
821 29 20 100
822 41 24 148
822 29 20 100
822 0 34 100
822 26 28 100
823 49 36 100
823 39 34 100
824 30 5 100
825 27 16 100
825 17 34 100
825 2 31 100
826 44 5 100
826 47 13 100
826 24 34 100
826 41 36 100
828 18 34 150
828 18 47 100
828 19 36 100
829 18 35 99
829 28 35 100
829 29 16 100
829 12 18 100
830 1 43 100
830 39 35 148
830 23 35 100
831 20 13 100
831 31 0 100
831 12 5 99
832 34 34 150
832 4 31 100
833 18 20 100
833 18 47 100
833 29 20 100
833 49 36 100
833 10 20 99
835 8 16 100
835 42 5 100
835 20 13 100
835 17 34 100
836 10 34 100
837 19 36 100
837 17 35 150
837 16 18 99
838 34 43 148
838 33 0 100
838 3 16 99
838 10 34 100
839 3 41 100
839 21 40 100
840 6 35 150
840 36 31 99
840 36 35 100
840 20 13 100
841 46 35 100
841 31 35 100
841 49 36 100
841 28 43 99
842 24 34 100
842 2 43 100
843 39 34 100
843 12 5 99
843 12 47 99
845 4 31 100
845 31 34 150
845 39 36 100
846 47 20 150
846 10 20 99
847 43 5 100
847 19 36 100
847 12 47 99
847 18 20 100
847 17 28 100
847 47 13 100
847 47 20 150
848 10 20 99
848 28 43 99
849 10 34 100
850 0 34 100
851 25 16 150
851 25 36 100
852 46 47 99
852 31 34 150
852 1 0 99
852 1 43 100
853 28 13 100
853 12 5 99
853 26 28 100
854 6 35 150
854 19 36 100
855 33 31 100
855 3 16 99
855 36 34 150
856 49 5 100
856 1 24 100
856 9 40 100
856 46 35 100
857 28 35 100
857 18 20 100
857 16 20 150
857 19 36 100
858 29 41 100
858 48 46 100
859 18 34 150
859 18 47 100
860 34 13 99
860 44 5 100
860 4 31 100
861 28 43 99
861 35 34 150
862 7 24 148
862 39 36 100
863 12 35 99
863 46 35 100
864 17 34 100
864 43 5 100
864 14 13 99
865 19 36 100
865 17 34 100
