692 30 0 16
692 30 15 72
692 3 6 100
692 3 46 150
692 42 0 2
692 42 37 150
692 42 46 148
692 31 17 150
692 31 48 100
692 49 6 100
692 49 11 15
692 49 48 150
692 25 6 100
692 25 10 148
692 25 16 72
692 10 10 150
692 10 28 150
692 10 46 150
692 17 9 150
692 17 10 100
692 17 23 100
692 17 37 150
692 17 46 100
692 17 48 150
692 47 28 150
692 36 23 100
692 36 37 150
692 27 10 150
692 27 23 150
692 27 37 100
692 1 6 100
692 1 9 100
692 1 17 99
692 1 37 20
692 7 6 150
692 7 17 100
692 39 28 150
692 45 9 99
692 45 28 150
692 5 10 100
692 5 48 100
693 24 23 100
693 24 28 150
693 38 10 100
693 38 23 100
693 28 48 100
693 27 10 150
693 27 23 150
693 34 9 148
693 34 46 100
693 34 48 99
693 44 6 99
693 44 23 148
693 44 46 100
693 13 6 150
693 13 9 100
693 13 10 150
693 13 23 150
693 13 46 99
693 48 6 100
693 48 48 100
693 3 6 100
693 3 46 150
693 15 23 150
693 25 6 100
693 25 10 148
693 25 28 150
693 49 6 100
693 49 23 150
693 49 48 150
693 12 9 150
693 12 17 150
693 7 6 150
693 7 17 100
693 6 9 100
693 6 10 148
693 6 48 100
694 49 6 100
694 49 23 8
694 34 9 148
694 34 46 100
694 34 48 99
694 30 10 99
694 30 48 100
694 28 48 100
694 25 6 100
694 25 10 148
694 25 28 150
694 3 6 100
694 3 46 150
694 17 9 150
694 17 10 100
694 17 46 100
694 17 48 150
694 39 28 150
694 37 9 150
694 9 6 100
694 9 46 100
694 14 6 150
694 14 46 148
694 46 9 99
694 46 17 99
694 13 6 150
694 13 9 100
694 13 10 150
694 13 46 99
694 22 9 150
694 22 17 100
694 22 28 100
694 22 48 100
694 20 6 150
694 20 17 150
694 20 48 100
695 2 9 100
695 2 46 100
695 30 10 99
695 30 48 100
695 9 6 100
695 9 46 100
695 3 6 100
695 3 46 150
695 24 28 150
695 12 9 150
695 12 17 150
695 0 6 150
695 0 10 100
695 0 28 100
695 0 46 99
695 0 48 148
695 38 10 100
695 10 10 150
695 10 28 150
695 10 46 150
695 21 17 148
695 45 9 99
695 45 28 150
695 13 6 150
695 13 9 100
695 13 10 150
695 13 46 99
695 8 10 150
695 8 46 99
695 29 48 100
696 29 48 100
696 22 9 150
696 22 17 100
696 22 28 100
696 22 48 100
696 6 9 100
696 6 10 148
696 6 48 100
696 24 28 150
696 16 46 100
696 16 48 100
696 41 9 150
696 41 48 100
696 27 10 150
696 33 28 150
696 21 17 148
696 1 6 100
696 1 9 100
696 1 17 99
696 1 48 100
696 8 10 150
696 8 46 99
696 39 28 150
696 31 17 150
696 31 48 100
696 18 6 99
697 17 9 150
697 17 10 100
697 17 46 100
697 17 48 150
697 49 6 100
697 49 48 150
697 10 10 150
697 10 28 150
697 10 46 150
697 42 9 100
697 42 46 148
697 12 9 150
697 12 17 150
697 24 28 150
697 5 10 100
697 5 48 100
697 8 10 150
697 8 46 99
697 43 9 150
697 43 17 99
697 43 28 150
697 43 46 150
697 43 48 148
697 44 6 99
697 44 46 100
697 23 9 99
697 23 17 148
697 20 6 150
697 20 17 150
697 20 48 100
697 22 9 150
697 22 17 100
697 22 28 100
697 22 48 100
697 34 9 148
697 34 46 100
697 34 48 99
697 18 6 99
698 37 9 150
698 16 46 100
698 16 48 100
698 24 28 150
698 8 10 150
698 8 46 99
698 40 6 100
698 40 28 99
698 40 46 100
698 14 6 150
698 14 46 148
698 3 6 100
698 3 46 150
698 32 48 100
698 4 10 150
698 4 48 100
698 41 9 150
698 41 48 100
698 23 9 99
698 23 17 148
698 21 17 148
698 0 6 150
698 0 10 100
698 0 28 100
698 0 46 99
698 0 48 148
698 29 48 100
699 9 6 100
699 9 46 100
699 38 10 100
699 33 28 150
699 3 6 100
699 3 46 150
699 29 48 100
699 24 28 150
699 40 6 100
699 40 28 99
699 40 46 100
699 11 6 100
699 11 17 100
699 4 10 150
699 4 48 100
699 17 9 150
699 17 10 100
699 17 46 100
699 17 48 150
699 1 6 100
699 1 9 100
699 1 17 99
699 1 48 100
699 43 9 150
699 43 17 99
699 43 28 150
699 43 46 150
699 43 48 148
699 28 48 100
699 35 10 100
699 35 48 150
699 16 46 100
699 16 48 100
699 21 17 148
700 27 10 150
700 49 6 100
700 49 48 150
700 45 9 99
700 45 28 150
700 16 46 100
700 16 48 100
700 9 6 100
700 9 46 100
700 42 9 100
700 42 46 148
700 17 9 150
700 17 10 100
700 17 46 100
700 17 48 150
700 20 6 150
700 20 17 150
700 20 48 100
700 43 9 150
700 43 17 99
700 43 28 150
700 43 46 150
700 43 48 148
700 12 9 150
700 12 17 150
700 32 48 100
700 46 9 99
700 46 17 99
700 39 28 150
700 22 9 150
700 22 17 100
700 22 28 100
700 22 48 100
700 44 6 99
700 44 46 100
700 23 9 99
700 23 17 148
701 45 9 99
701 45 28 150
701 23 9 99
701 23 17 148
701 0 6 150
701 0 10 100
701 0 28 100
701 0 46 99
701 0 48 148
701 11 6 100
701 11 17 100
701 29 48 100
701 5 10 100
701 5 48 100
701 10 10 150
701 10 28 150
701 10 46 150
701 32 48 100
701 21 17 148
701 17 9 150
701 17 10 100
701 17 46 100
701 17 48 150
701 30 10 99
701 30 48 100
701 34 9 148
701 34 46 100
701 34 48 99
701 40 6 100
701 40 28 99
701 40 46 100
701 37 9 150
702 17 9 150
702 17 10 100
702 17 46 100
702 17 48 150
702 10 10 150
702 10 28 150
702 10 46 150
702 23 9 99
702 23 17 148
702 16 46 100
702 16 48 100
702 31 17 150
702 31 48 100
702 8 10 150
702 8 46 99
702 5 10 14
702 18 6 99
702 39 28 150
702 34 9 148
702 34 46 100
702 34 48 99
702 12 9 150
702 12 17 150
702 45 9 99
702 45 28 150
702 32 48 100
702 25 6 100
702 25 28 150
702 28 48 100
703 14 6 150
703 14 46 148
703 43 9 150
703 43 17 99
703 43 28 150
703 43 46 150
703 43 48 148
703 45 9 99
703 45 28 150
703 16 46 100
703 16 48 100
703 4 48 100
703 48 6 100
703 48 48 100
703 34 9 148
703 34 46 100
703 34 48 99
703 20 6 150
703 20 17 150
703 20 48 100
703 7 6 150
703 7 17 100
703 2 9 100
703 2 46 100
703 41 9 150
703 41 48 100
703 32 48 100
703 22 9 150
703 22 17 100
703 22 28 100
703 22 48 100
703 21 17 148
704 3 6 100
704 3 46 150
704 34 9 148
704 34 46 100
704 34 48 99
704 14 6 150
704 14 46 148
704 18 6 99
704 0 6 150
704 0 28 100
704 0 46 99
704 0 48 148
704 30 48 100
704 6 9 100
704 6 48 100
704 1 6 100
704 1 9 100
704 1 17 99
704 1 48 100
704 5 48 100
704 35 48 150
704 32 48 100
704 7 6 150
704 7 17 100
704 44 6 99
704 44 46 100
704 33 28 150
705 42 9 100
705 42 46 148
705 20 6 143
705 20 48 100
705 30 48 100
705 44 46 100
705 24 28 150
705 48 48 100
705 16 46 100
705 16 48 100
705 22 9 150
705 22 17 100
705 22 28 100
705 22 48 100
705 21 17 148
705 28 48 100
705 40 28 99
705 40 46 100
705 23 9 99
705 23 17 148
705 5 48 100
705 14 46 148
706 11 17 100
706 45 9 99
706 45 28 150
706 7 17 100
706 42 9 100
706 42 46 148
706 44 46 100
706 47 28 150
706 14 46 148
706 1 9 100
706 1 17 99
706 1 48 100
706 3 46 150
706 2 9 100
706 2 46 100
706 17 9 150
706 17 46 100
706 17 48 150
706 28 48 100
706 21 17 148
706 13 9 100
706 13 46 99
707 33 28 150
707 20 17 150
707 20 48 100
707 13 9 100
707 13 46 99
707 10 28 150
707 10 46 150
707 24 28 150
707 40 28 99
707 40 46 100
707 29 48 100
707 46 9 99
707 46 17 99
707 34 9 128
707 34 48 99
707 8 46 99
707 2 46 100
707 32 48 100
707 37 9 2
708 33 28 64
708 0 28 1
708 0 48 148
708 40 46 100
708 2 46 100
708 6 48 100
708 17 46 100
708 17 48 150
708 16 46 100
708 16 48 100
708 14 46 148
708 28 48 100
708 9 46 100
708 35 48 150
708 8 46 99
708 42 46 148
709 45 28 18
709 20 17 150
709 20 48 100
709 16 46 100
709 16 48 100
709 44 46 100
709 48 48 100
709 12 17 150
709 32 48 100
709 6 48 100
709 31 17 150
709 31 48 100
709 4 48 100
709 23 17 148
710 41 48 100
710 48 48 100
710 8 46 99
710 39 28 18
710 0 48 148
710 22 17 100
710 22 48 100
710 12 17 150
710 13 46 99
710 11 17 100
710 2 46 100
710 5 48 100
710 31 17 150
710 31 48 100
710 16 46 100
710 16 48 100
710 23 17 148
711 31 17 150
711 31 48 100
711 34 46 100
711 34 48 99
711 42 46 148
711 16 46 100
711 16 48 100
711 46 17 99
711 4 48 100
711 0 28 18
711 0 48 148
711 3 46 150
711 1 17 99
711 1 48 100
711 35 48 150
711 9 46 100
711 41 48 100
711 13 46 99
712 0 28 18
712 0 48 148
712 12 17 150
712 32 48 100
712 4 48 100
712 40 46 100
712 5 48 100
712 13 46 99
712 6 48 100
712 46 17 99
712 7 17 100
712 11 17 100
712 49 48 150
712 17 46 100
712 17 48 150
712 41 48 100
713 3 46 150
713 17 46 100
713 17 48 87
713 44 46 100
713 49 48 2
713 42 46 148
713 22 17 100
713 46 17 99
714 0 46 99
714 0 48 56
714 20 17 150
714 22 17 100
714 34 46 100
714 7 17 100
715 33 28 18
715 34 48 54
715 3 46 150
715 20 17 150
715 44 46 100
715 0 46 99
715 9 46 100
715 17 46 100
716 34 46 100
716 31 17 150
716 0 6 84
716 23 17 60
716 16 46 100
716 2 46 100
717 24 28 18
717 0 48 56
717 9 6 1
717 17 46 100
717 40 46 100
718 0 28 18
718 0 48 56
718 42 46 148
718 13 46 99
718 44 46 100
718 8 46 99
718 43 46 150
719 32 48 56
719 45 28 18
719 44 46 100
719 14 46 148
720 49 6 85
720 9 46 100
720 2 46 100
720 45 28 18
721 41 48 56
721 17 46 100
721 10 28 18
721 3 46 150
721 34 46 100
721 0 46 99
722 32 48 56
722 47 28 18
722 40 46 100
722 0 46 99
722 9 46 100
723 20 48 56
723 0 46 99
723 44 46 100
724 9 46 5280
728 13 46 99
728 44 46 100
728 40 28 18
728 10 46 150
728 17 46 100
729 28 4 56
729 16 46 100
729 3 46 150
729 10 28 18
729 9 46 4230
730 16 46 100
730 25 28 18
730 13 46 99
731 8 46 99
731 32 48 56
731 22 28 18
731 10 46 150
731 34 46 100
732 6 48 56
732 2 46 100
732 42 46 148
733 9 46 3036
738 17 46 100
739 8 46 99
739 32 48 56
739 40 46 100
739 16 46 100
740 40 28 18
740 29 48 56
740 17 46 100
740 2 46 100
740 9 46 2086
742 34 46 100
742 3 46 150
742 40 46 100
742 14 46 148
742 2 46 100
743 5 48 56
743 40 46 100
743 43 46 150
744 17 46 100
744 17 48 54
744 14 46 148
744 39 28 18
744 2 46 100
745 24 28 18
745 3 46 150
745 17 46 100
746 40 46 100
746 32 48 56
746 10 46 141
776 10 46 150
776 8 46 45
788 28 48 56
833 33 28 18
833 34 46 2
838 0 28 18
862 5 48 56
