2 42 20 99
2 42 29 148
2 40 20 100
2 26 20 100
3 44 29 100
3 39 29 100
4 10 20 100
4 6 29 100
4 14 6 100
4 40 20 100
4 47 20 150
5 41 6 100
5 47 29 150
5 27 37 100
6 33 29 150
6 42 29 148
6 46 38 99
7 33 29 150
7 17 37 148
7 17 42 150
7 48 42 150
7 10 20 100
7 38 20 150
7 12 20 100
8 16 29 100
8 0 28 99
8 12 20 100
8 12 37 99
8 10 20 100
8 47 20 150
8 33 6 100
8 39 29 100
9 49 29 150
9 43 34 100
10 9 20 100
10 9 29 150
10 28 20 100
10 6 29 100
10 4 6 100
11 10 20 100
11 39 29 100
11 12 20 100
12 15 28 100
12 15 42 99
12 19 21 99
12 14 6 100
12 4 42 150
12 38 29 100
12 33 29 150
13 38 29 100
14 26 16 100
14 25 38 100
14 36 40 100
14 44 29 100
14 41 6 100
14 41 42 99
14 39 29 100
15 49 29 150
16 9 29 150
16 3 36 148
16 16 29 100
17 47 29 150
17 5 37 100
17 26 6 150
18 20 49 100
18 26 20 100
18 44 29 100
18 40 20 100
18 49 29 150
18 38 20 150
19 26 20 100
19 42 20 99
19 42 29 148
19 42 37 100
19 42 42 150
19 17 42 150
19 10 20 100
20 20 3 100
20 33 6 100
20 33 29 150
20 28 20 100
20 28 37 99
20 12 20 100
20 7 34 100
20 9 20 100
20 9 38 99
21 32 42 100
21 37 15 148
21 48 29 150
21 48 42 150
21 29 15 100
21 29 37 100
21 39 29 100
21 9 20 100
22 38 20 150
22 38 29 100
22 5 37 100
22 26 20 100
22 9 20 100
22 7 29 100
23 41 6 100
23 12 20 100
23 33 29 150
23 28 20 100
24 3 36 148
24 47 20 150
24 47 29 150
24 7 29 100
24 46 21 100
25 17 40 100
25 48 29 150
26 34 37 99
26 28 20 100
26 49 29 150
26 26 20 100
26 24 6 100
27 6 29 100
27 41 36 100
27 48 29 150
27 10 20 100
27 26 20 100
27 42 20 99
28 33 6 100
28 33 29 150
28 15 42 99
28 40 20 100
28 28 20 100
28 32 42 100
28 36 42 148
29 5 37 100
29 9 29 150
29 9 38 99
30 42 20 99
30 42 29 148
30 6 29 100
30 28 20 100
30 10 20 100
30 10 22 100
31 40 6 100
31 7 29 100
32 23 28 100
32 27 34 99
32 34 44 100
32 16 29 100
32 33 29 150
32 47 20 150
32 28 20 100
33 42 20 99
33 42 29 148
33 42 37 100
33 13 36 150
33 36 40 100
34 12 37 99
34 49 29 150
34 16 3 100
34 24 6 100
35 37 36 100
35 5 37 100
35 14 6 100
35 18 7 100
35 20 49 100
35 16 29 100
35 7 29 100
36 43 38 99
36 38 20 150
36 38 29 100
36 26 20 100
36 6 29 100
36 42 20 99
37 16 29 100
37 12 20 100
37 28 20 100
37 44 29 100
37 1 36 99
38 46 21 100
38 48 29 150
38 42 20 99
38 15 16 100
38 28 20 100
38 10 20 100
38 40 6 100
38 40 20 100
39 11 37 100
39 7 29 100
39 12 20 100
39 16 29 100
39 38 20 150
39 28 20 100
40 5 37 100
40 47 20 150
40 47 29 150
40 43 34 100
41 20 40 99
41 44 29 100
41 16 29 100
41 33 6 100
42 14 6 100
42 14 48 99
42 27 37 100
42 44 29 100
42 9 38 99
43 19 7 100
43 6 29 100
43 3 37 100
43 44 29 100
44 7 29 100
44 49 29 150
45 14 6 100
45 33 29 150
45 0 36 100
45 21 23 100
46 39 29 100
46 39 43 100
46 16 29 100
46 46 38 99
47 0 37 150
47 9 29 150
47 41 6 100
48 42 29 148
48 39 29 100
49 33 6 100
49 33 29 150
49 3 37 100
50 38 29 100
50 38 36 100
50 28 40 100
50 2 3 100
50 6 29 100
51 18 34 99
51 20 37 148
51 49 29 150
51 10 20 100
51 10 24 100
51 26 20 100
51 28 20 100
52 39 29 100
52 0 38 100
52 29 37 100
52 44 29 100
52 40 6 100
53 25 49 100
53 33 6 100
53 33 29 150
54 38 29 100
54 6 29 100
54 35 21 100
55 42 29 148
55 1 36 99
56 38 16 99
56 38 20 150
56 38 29 100
56 38 42 100
56 4 38 100
56 4 42 150
56 6 29 100
56 40 20 100
57 19 6 150
57 6 29 100
57 26 20 100
57 36 40 100
57 36 42 148
57 49 29 150
58 17 42 150
58 15 42 99
58 39 29 100
58 41 36 100
59 36 42 148
59 48 29 150
59 48 42 150
59 41 42 99
59 39 29 100
59 28 20 100
59 37 22 99
60 12 20 100
60 12 37 99
60 33 29 150
60 4 42 150
60 42 20 99
60 42 42 150
60 9 20 100
60 38 20 150
61 36 42 148
61 46 21 100
61 44 29 100
61 30 15 148
61 38 20 150
61 38 29 100
61 38 42 100
61 42 20 99
61 41 42 99
61 29 15 100
61 12 20 100
62 11 37 100
62 12 20 100
62 42 20 99
62 42 29 148
62 46 38 99
63 9 20 100
63 9 29 150
63 24 6 100
63 29 37 100
63 1 36 99
63 12 20 100
63 14 34 99
64 7 29 100
64 18 7 100
64 44 29 100
64 26 20 100
64 26 44 100
64 16 3 100
64 40 20 100
64 9 20 100
65 42 20 99
65 42 29 148
65 12 20 100
65 9 20 100
65 38 20 150
66 38 20 150
66 38 29 100
66 39 29 100
66 49 37 100
66 28 20 100
67 40 20 100
67 23 40 99
67 23 42 100
67 16 29 100
67 16 42 150
67 28 20 100
67 45 38 100
67 39 29 100
67 38 20 150
67 12 20 100
68 9 20 100
68 9 29 150
68 40 6 100
68 29 37 100
69 40 28 100
69 47 29 150
69 16 29 100
70 33 6 100
70 33 29 150
71 16 29 100
71 12 37 99
71 38 29 100
72 27 34 99
72 27 36 150
72 44 29 100
72 7 29 100
72 7 49 100
72 33 6 100
72 33 16 100
72 40 20 100
73 45 38 100
73 48 29 150
73 10 20 100
73 34 37 99
73 12 20 100
74 46 21 100
74 7 29 100
74 33 6 100
74 16 29 100
75 38 29 100
75 30 37 100
75 39 29 100
76 0 36 100
76 33 6 100
76 33 29 150
76 15 48 100
76 17 40 100
77 0 37 150
77 43 15 148
77 30 15 148
77 6 29 100
77 24 6 100
78 6 29 100
78 39 29 100
78 8 23 100
78 42 20 99
78 16 29 100
78 9 20 100
79 44 29 100
79 26 20 100
79 16 29 100
79 10 20 100
79 20 7 100
80 6 29 100
80 38 22 100
80 38 36 100
80 16 3 100
80 14 6 100
81 49 29 150
81 25 38 100
81 38 29 100
82 29 15 100
82 16 29 100
82 45 15 150
82 33 6 100
83 16 29 100
83 36 36 100
83 36 40 100
83 14 34 99
83 6 29 100
83 35 21 100
84 40 20 100
84 29 37 100
84 6 29 100
84 26 20 100
84 18 7 100
84 16 29 100
84 38 20 150
85 41 6 100
85 38 29 100
86 26 20 100
86 26 36 100
86 16 29 100
86 30 37 100
86 9 20 100
86 9 29 150
86 47 20 150
87 2 38 99
87 36 42 148
87 48 29 150
87 48 42 150
87 12 20 100
87 41 42 99
87 42 20 99
88 3 37 100
88 3 49 100
88 49 29 150
88 47 20 150
88 42 20 99
88 10 20 100
88 12 20 100
89 33 29 150
89 32 42 100
89 6 29 100
89 28 37 99
89 23 42 100
89 41 42 99
90 39 29 100
90 14 6 100
91 48 29 150
91 44 29 100
91 40 20 100
91 10 10 100
91 10 20 100
91 46 38 99
92 48 29 150
92 30 40 100
92 14 6 100
92 44 29 100
92 38 20 150
92 47 20 150
93 42 20 99
93 42 29 148
93 3 36 148
93 40 20 100
93 35 21 100
94 38 20 150
94 38 29 100
94 4 6 100
94 34 37 99
94 34 44 100
94 7 29 100
94 47 20 150
94 10 20 100
95 47 20 150
95 47 29 150
95 29 3 100
95 40 20 100
95 9 20 100
96 20 30 100
96 0 16 100
96 16 29 100
96 39 29 100
97 16 29 100
97 38 20 150
97 38 29 100
97 11 37 100
97 24 6 100
97 28 20 100
97 27 34 99
98 9 20 100
98 9 29 150
98 9 38 99
98 40 20 100
98 29 23 100
98 29 37 100
98 42 20 99
99 3 37 100
99 48 29 150
99 26 20 100
99 33 6 100
99 9 20 100
99 47 20 150
100 0 28 99
100 33 6 100
100 33 29 150
100 12 20 100
100 16 29 100
101 11 37 100
101 49 29 150
102 9 29 150
102 23 40 99
103 4 6 100
103 49 29 150
103 46 7 100
103 46 21 100
103 6 29 100
104 29 36 150
104 29 37 100
104 33 29 150
105 30 37 100
105 0 38 100
105 43 43 100
105 46 6 150
105 49 29 150
105 49 49 100
106 34 37 99
106 49 29 150
107 30 37 100
107 47 29 150
107 16 29 100
107 27 34 99
108 28 20 100
108 42 20 99
108 42 29 148
108 47 20 150
109 0 38 100
109 47 29 150
109 41 6 100
109 20 40 99
110 48 29 150
110 38 20 150
110 38 29 100
110 38 37 150
110 40 20 100
110 40 28 100
110 0 3 99
111 43 36 148
111 40 20 100
111 38 7 99
111 38 29 100
111 5 37 100
112 42 29 148
112 42 37 100
112 24 6 100
112 44 29 100
113 49 29 150
113 12 20 100
113 9 20 100
114 12 20 100
114 48 29 150
114 14 6 100
114 40 20 100
115 23 40 99
115 12 20 100
115 27 34 99
115 44 29 100
115 48 29 150
115 40 20 100
115 10 20 100
116 23 28 100
116 9 29 150
116 28 37 99
116 14 6 100
116 10 22 100
117 27 37 100
117 44 29 100
117 43 38 99
117 38 29 100
118 0 36 100
118 41 6 100
118 39 29 100
118 16 29 100
119 26 20 100
119 40 20 100
119 16 29 100
119 16 42 150
119 9 20 100
119 38 29 100
119 38 37 150
119 38 42 100
119 47 42 100
119 35 46 100
119 36 46 100
120 24 6 100
120 24 46 150
120 35 46 100
120 10 20 100
120 44 29 100
120 40 20 100
120 40 28 100
120 9 20 100
121 49 29 150
121 26 20 100
121 34 15 150
121 4 15 99
121 24 46 150
121 44 29 100
122 41 6 100
122 33 29 150
122 42 37 100
122 14 34 99
123 17 40 100
123 49 29 150
124 26 6 150
124 26 36 100
124 30 21 150
124 24 3 100
124 2 15 100
124 3 49 100
124 6 29 100
124 33 29 150
125 38 29 100
125 38 36 100
125 44 29 100
126 40 6 100
126 40 20 100
126 30 37 100
126 44 29 100
126 12 20 100
127 47 20 150
127 47 29 150
127 38 29 100
128 28 20 100
128 20 7 100
128 43 38 99
128 47 20 150
128 47 29 150
128 9 20 100
129 23 28 100
129 23 40 99
129 44 29 100
129 14 48 99
129 27 37 100
130 36 42 148
130 33 29 150
130 15 42 99
131 9 20 100
131 9 29 150
131 47 20 150
131 47 29 150
131 19 21 99
131 28 20 100
132 14 6 100
132 14 34 99
132 16 29 100
132 7 29 100
132 28 20 100
132 8 16 100
133 6 29 100
133 7 29 100
133 1 36 99
133 10 20 100
134 28 15 150
134 28 20 100
134 28 37 99
134 6 29 100
134 39 29 100
134 42 20 99
134 4 6 100
134 4 15 99
134 10 20 100
135 16 29 100
135 28 20 100
135 7 29 100
135 47 20 150
136 9 20 100
136 9 29 150
136 30 28 100
136 30 37 100
136 47 20 150
136 42 20 99
137 24 6 100
137 45 38 100
137 36 40 100
137 49 29 150
137 49 37 100
138 38 29 100
138 38 42 100
138 6 29 100
138 4 42 150
138 36 42 148
138 30 37 100
139 33 6 100
139 33 29 150
139 44 29 100
140 47 20 150
140 47 29 150
140 38 20 150
140 27 2 100
141 14 6 100
141 44 29 100
141 9 49 100
141 5 37 100
141 20 23 100
141 38 29 100
142 32 36 150
142 9 29 150
142 16 3 100
143 24 6 100
143 18 34 99
143 23 40 99
143 39 29 100
144 47 29 150
144 16 29 100
144 9 24 100
145 46 7 100
145 46 21 100
145 30 28 100
145 39 29 100
146 16 29 100
146 24 6 100
146 24 37 150
146 7 29 100
146 6 29 100
147 32 42 100
147 11 37 100
147 38 29 100
147 38 42 100
147 46 38 99
147 7 29 100
147 47 42 100
148 9 29 150
148 14 6 100
148 26 16 100
149 7 29 100
149 44 29 100
149 42 37 100
149 4 6 100
150 47 29 150
150 2 38 99
151 10 20 100
151 38 20 150
151 38 29 100
151 38 36 100
151 20 40 99
151 6 29 100
152 39 29 100
152 4 6 100
152 12 20 100
152 16 29 100
152 18 34 99
153 33 29 150
153 1 36 99
153 19 7 100
154 47 16 99
154 47 29 150
154 47 42 100
154 36 10 100
154 36 42 148
155 33 6 100
155 33 29 150
155 30 37 100
155 0 3 99
155 32 42 100
156 41 36 100
156 42 20 99
156 42 29 148
156 42 37 100
156 39 29 100
157 43 38 99
157 23 42 100
157 40 20 100
157 41 42 99
157 29 37 100
157 42 20 99
157 42 29 148
157 9 20 100
157 10 42 100
158 30 37 100
158 30 40 100
158 49 29 150
158 19 6 150
158 26 36 100
158 7 29 100
159 49 29 150
159 49 49 100
159 26 20 100
160 28 15 150
160 28 20 100
160 28 37 99
160 37 15 148
160 26 20 100
160 4 42 150
161 40 20 100
161 40 28 100
161 4 42 150
161 28 20 100
161 28 37 99
161 33 29 150
161 12 20 100
161 42 20 99
161 42 29 148
161 7 29 100
162 42 29 148
162 48 41 99
162 7 34 100
163 41 6 100
163 33 29 150
163 9 20 100
163 42 20 99
164 6 29 100
164 13 28 100
164 24 37 150
164 38 20 150
164 38 29 100
164 30 40 100
165 41 6 100
165 49 29 150
166 33 29 150
166 16 29 100
167 0 36 100
167 26 20 100
167 39 29 100
167 10 20 100
167 47 20 150
167 20 7 100
168 4 6 100
168 38 20 150
168 38 29 100
168 38 36 100
168 26 20 100
168 10 20 100
168 9 29 150
168 11 37 100
169 5 37 100
169 49 29 150
170 10 20 100
170 4 38 100
170 48 29 150
170 44 29 100
170 12 20 100
170 47 20 150
171 28 40 100
171 24 3 100
171 24 6 100
171 1 36 99
171 19 21 99
171 49 29 150
172 42 29 148
172 43 34 100
172 0 36 100
172 14 6 100
172 14 44 100
173 27 37 100
173 44 29 100
173 47 29 150
174 22 7 100
174 48 29 150
174 34 22 99
174 33 6 100
175 7 29 100
175 5 36 150
175 26 20 100
175 10 20 100
175 16 29 100
175 28 20 100
176 20 23 100
176 7 29 100
176 35 21 100
177 28 20 100
177 49 29 150
177 38 20 150
177 38 29 100
177 41 6 100
178 13 28 100
178 47 20 150
178 47 29 150
179 33 6 100
179 33 29 150
179 49 37 100
179 49 49 100
180 6 29 100
180 27 37 100
180 44 29 100
180 14 48 99
180 0 38 100
181 43 34 100
181 42 29 148
181 28 40 100
181 39 29 100
181 4 6 100
182 12 20 100
182 42 20 99
182 42 29 148
182 20 7 100
182 20 30 100
182 9 20 100
183 28 37 99
183 42 29 148
184 24 43 100
184 26 36 100
184 49 29 150
184 39 29 100
184 35 21 100
185 20 3 100
185 42 20 99
185 42 29 148
185 9 20 100
185 24 6 100
185 28 20 100
185 12 20 100
185 41 36 100
186 42 29 148
186 30 15 148
186 45 15 150
187 11 37 100
187 48 29 150
187 14 6 100
187 16 29 100
187 0 36 100
188 26 28 100
188 39 29 100
188 16 29 100
189 17 40 100
189 0 16 100
189 49 29 150
189 4 6 100
189 47 20 150
189 42 20 99
190 41 36 100
190 7 29 100
190 7 34 100
190 10 10 100
190 10 20 100
190 40 20 100
190 38 20 150
190 38 29 100
190 35 21 100
191 49 29 150
191 33 6 100
191 38 20 150
191 47 20 150
191 40 20 100
192 9 29 150
192 32 42 100
192 23 42 100
192 42 42 150
193 47 29 150
193 44 29 100
193 0 28 99
194 42 29 148
194 42 37 100
194 20 7 100
194 25 38 100
194 30 48 99
195 12 37 99
195 24 6 100
195 48 29 150
196 41 6 100
196 33 29 150
196 39 29 100
197 7 15 100
197 7 29 100
197 7 49 100
197 9 20 100
197 45 15 150
197 10 20 100
197 42 20 99
197 19 21 99
197 40 20 100
197 36 40 100
197 39 29 100
198 39 29 100
199 34 3 100
199 34 37 99
199 47 29 150
199 1 36 99
199 39 29 100
200 9 29 150
200 35 6 148
200 2 15 100
200 45 15 150
201 33 29 150
201 40 20 100
201 46 38 99
201 47 20 150
201 10 20 100
202 28 15 150
202 28 20 100
202 29 15 100
202 49 29 150
202 4 42 150
202 6 29 100
202 38 20 150
202 38 42 100
202 42 20 99
202 7 34 100
203 42 29 148
203 32 42 100
204 0 36 100
204 9 20 100
204 9 29 150
204 6 29 100
204 26 20 100
204 28 20 100
205 0 37 150
205 46 6 150
205 46 21 100
205 47 29 150
205 28 40 100
206 10 20 100
206 43 38 99
206 49 29 150
206 40 20 100
206 47 20 150
207 9 29 150
207 7 29 100
207 37 0 100
207 46 0 100
207 46 7 100
207 39 0 99
207 15 0 100
207 15 48 100
207 19 0 100
208 19 0 100
208 17 0 100
208 28 20 100
208 37 0 100
208 37 16 100
208 38 20 150
208 38 29 100
208 9 20 100
208 6 0 99
208 6 29 100
208 42 0 100
209 19 0 100
209 16 29 100
209 8 0 100
209 8 23 100
209 39 0 99
209 14 6 100
209 46 0 100
210 29 0 99
210 0 38 100
210 17 0 100
210 25 0 100
210 37 0 100
210 23 0 100
210 7 29 100
210 16 29 100
210 36 0 99
211 46 0 100
211 46 6 150
211 8 0 100
211 19 0 100
211 27 37 100
211 9 29 150
211 37 0 100
211 37 44 100
211 15 0 100
212 12 20 100
212 12 37 99
212 6 0 99
212 6 29 100
212 40 20 100
212 25 0 100
212 19 0 100
212 49 29 150
212 17 0 100
212 8 0 100
212 15 0 100
212 23 0 100
212 22 0 99
212 18 34 99
213 41 6 100
213 41 36 100
213 19 0 100
213 46 0 100
213 39 0 99
213 39 29 100
213 42 0 100
213 42 20 99
213 42 29 148
213 42 37 100
213 26 20 100
213 22 0 99
214 16 29 100
214 7 49 100
214 10 20 100
214 9 20 100
214 38 20 150
214 46 0 100
214 25 0 100
214 39 0 99
215 12 20 100
215 12 37 99
215 1 36 99
215 0 46 100
215 35 46 100
215 16 29 100
215 41 6 100
215 40 20 100
215 46 0 100
215 30 46 100
215 13 46 100
215 10 20 100
215 44 29 100
216 2 15 100
216 17 0 100
216 17 40 100
216 39 0 99
216 39 29 100
216 37 0 100
216 37 15 148
216 23 0 100
216 23 46 100
216 4 15 99
216 49 29 150
216 15 0 100
217 46 0 100
217 46 21 100
217 42 0 100
217 42 20 99
217 42 29 148
217 14 6 100
217 40 20 100
217 48 46 100
217 6 0 99
217 37 0 100
217 26 20 100
218 49 29 150
218 9 20 100
218 10 20 100
218 10 22 100
218 28 20 100
218 47 20 150
218 26 36 100
219 26 20 100
219 26 28 100
219 12 20 100
219 48 29 150
220 41 6 100
220 39 29 100
220 4 3 100
220 12 20 100
220 33 29 150
221 4 6 100
221 16 29 100
221 39 29 100
221 34 37 99
221 14 34 99
222 47 29 150
222 28 15 150
222 28 37 99
222 43 15 148
223 4 6 100
223 4 15 99
223 37 15 148
223 3 37 100
223 47 29 150
223 38 29 100
224 48 29 150
224 19 21 99
224 28 28 100
224 28 40 100
225 44 29 100
225 20 7 100
225 9 29 150
225 9 38 99
225 4 6 100
226 47 29 150
226 49 37 100
227 9 29 150
227 4 6 100
228 0 36 100
228 38 29 100
228 44 29 100
229 3 37 100
229 26 20 100
229 38 20 150
229 38 29 100
229 27 34 99
229 14 6 100
229 40 20 100
230 33 29 150
230 25 38 100
230 47 29 150
230 36 40 100
231 35 21 100
231 48 29 150
231 28 20 100
232 39 29 100
232 40 20 100
232 28 20 100
232 6 29 100
232 9 20 100
232 10 20 100
232 42 20 99
233 16 29 100
233 25 49 100
233 44 29 100
233 40 6 100
233 40 20 100
233 22 15 150
233 28 15 150
234 25 37 150
234 37 15 148
234 44 29 100
234 16 29 100
234 16 42 150
234 4 15 99
234 4 42 150
234 40 20 100
235 29 37 100
235 13 28 100
235 7 29 100
235 38 20 150
235 38 29 100
235 28 20 100
235 28 40 100
236 19 6 150
236 18 34 99
236 29 37 100
236 29 43 100
236 44 29 100
236 37 36 100
237 6 29 100
237 12 20 100
237 12 37 99
237 47 20 150
237 47 29 150
237 40 20 100
238 6 29 100
239 32 36 150
239 16 29 100
239 46 21 100
239 42 20 99
239 42 29 148
240 28 15 150
240 28 20 100
240 38 7 99
240 38 20 150
240 38 29 100
240 24 3 100
240 24 6 100
240 13 15 148
240 39 29 100
241 29 15 100
241 4 15 99
241 26 20 100
241 2 15 100
241 7 29 100
242 41 6 100
242 2 15 100
242 45 15 150
242 3 37 100
242 9 20 100
242 9 29 150
242 40 20 100
242 16 29 100
243 27 37 100
243 39 29 100
243 47 20 150
243 17 40 100
244 44 29 100
244 28 20 100
244 28 37 99
244 10 10 100
244 10 20 100
244 12 20 100
244 49 29 150
245 42 29 148
245 40 6 100
245 2 38 99
246 16 29 100
246 6 29 100
246 46 21 100
246 5 36 150
246 41 6 100
247 44 29 100
247 39 29 100
247 14 34 99
248 47 29 150
248 41 6 100
248 30 37 100
249 49 29 150
250 45 38 100
250 23 28 100
250 23 40 99
250 44 29 100
250 47 29 150
250 29 43 100
250 38 7 99
251 20 6 150
251 42 29 148
251 9 10 100
252 39 29 100
252 17 37 148
252 12 20 100
252 37 44 100
252 40 20 100
252 16 29 100
253 30 37 100
253 12 20 100
253 38 20 150
253 38 29 100
253 47 20 150
253 44 29 100
253 10 20 100
254 28 20 100
254 28 28 100
254 9 20 100
254 9 29 150
254 18 34 99
254 26 20 100
255 42 20 99
255 42 29 148
255 28 20 100
255 47 20 150
255 47 49 100
255 19 21 99
256 47 29 150
256 6 29 100
256 33 6 100
256 37 22 99
257 7 29 100
257 32 36 150
257 16 29 100
257 36 40 100
257 20 7 100
258 29 37 100
258 33 29 150
258 12 20 100
258 13 28 100
258 42 20 99
258 47 20 150
258 7 29 100
259 49 29 150
259 49 37 100
259 14 6 100
259 16 3 100
260 28 37 99
260 33 29 150
260 46 7 100
261 4 38 100
261 19 21 99
261 47 29 150
262 5 36 150
262 7 29 100
262 10 20 100
262 10 24 100
262 40 20 100
262 36 40 100
262 39 29 100
262 9 20 100
263 49 29 150
263 49 37 100
263 26 20 100
263 38 29 100
263 33 6 100
264 29 23 100
264 20 46 150
264 36 46 100
264 35 46 100
264 6 29 100
264 38 29 100
264 4 6 100
265 33 29 150
265 29 37 100
265 35 46 100
265 20 46 150
266 7 29 100
266 7 34 100
266 25 38 100
266 6 29 100
266 24 6 100
267 48 29 150
267 38 20 150
267 10 20 100
267 9 20 100
268 0 16 100
268 16 29 100
268 6 29 100
268 28 20 100
269 48 29 150
269 30 37 100
269 38 20 150
269 38 36 100
269 12 20 100
269 41 6 100
270 16 29 100
270 30 40 100
270 39 29 100
271 24 6 100
271 6 29 100
271 42 29 148
272 43 34 100
272 7 29 100
272 9 12 150
272 41 6 100
272 49 37 100
273 10 20 100
273 49 29 150
273 49 37 100
273 49 49 100
273 39 29 100
273 13 28 100
273 38 20 150
273 42 20 99
274 5 36 150
274 9 29 150
274 14 6 100
275 34 3 100
275 48 29 150
276 45 15 150
276 44 29 100
276 39 29 100
276 43 15 148
276 28 20 100
276 10 20 100
276 40 20 100
276 38 7 99
276 35 21 100
277 26 36 100
277 36 40 100
277 48 29 150
278 33 6 100
278 33 29 150
278 6 29 100
279 42 29 148
279 36 36 100
280 6 29 100
280 28 28 100
280 16 29 100
280 33 6 100
281 47 29 150
281 46 21 100
281 1 36 99
282 36 10 100
282 7 29 100
282 47 20 150
282 10 20 100
283 42 20 99
283 42 29 148
283 47 29 150
283 25 38 100
283 35 21 100
283 1 36 99
283 20 7 100
283 41 6 100
284 49 29 150
284 42 20 99
284 28 20 100
284 26 20 100
285 41 6 100
285 3 37 100
285 16 29 100
285 40 20 100
285 36 40 100
285 44 29 100
286 36 37 150
286 16 29 100
286 27 34 99
287 2 38 99
287 47 29 150
287 38 29 100
288 39 29 100
288 47 20 150
288 6 29 100
288 38 20 150
288 4 6 100
289 42 29 148
290 49 29 150
290 46 21 100
291 42 20 99
291 42 29 148
291 42 37 100
291 29 23 100
291 28 20 100
291 6 29 100
292 41 6 100
292 12 20 100
292 28 20 100
292 24 3 100
292 14 44 100
292 6 29 100
292 25 30 100
293 20 7 100
293 33 29 150
293 15 28 100
293 39 29 100
293 39 43 100
293 38 20 150
294 4 6 100
294 20 49 100
294 16 29 100
294 49 37 100
294 28 20 100
294 40 20 100
294 6 29 100
295 7 29 100
295 7 34 100
295 5 36 150
296 33 29 150
296 15 42 99
296 38 29 100
296 38 42 100
296 48 42 150
296 46 21 100
297 39 29 100
297 23 40 99
297 46 7 100
297 46 38 99
297 26 44 100
298 4 6 100
298 4 15 99
298 22 15 150
298 30 37 100
298 33 29 150
298 6 29 100
299 39 29 100
299 16 29 100
299 37 36 100
299 28 37 99
300 39 29 100
300 7 29 100
300 12 20 100
300 42 20 99
300 47 20 150
301 38 6 150
301 38 29 100
301 30 48 99
302 36 10 100
302 48 29 150
302 7 29 100
302 23 28 100
303 29 37 100
303 35 21 100
303 4 6 100
303 9 29 150
303 0 36 100
303 18 34 99
304 27 37 100
304 26 36 100
304 38 29 100
304 39 29 100
305 26 20 100
305 9 20 100
305 9 29 150
305 33 6 100
305 38 20 150
306 44 29 100
306 27 37 100
306 38 29 100
307 47 29 150
307 24 6 100
307 17 40 100
308 42 29 148
308 42 37 100
308 16 29 100
309 6 29 100
309 9 38 99
310 40 6 100
310 6 29 100
310 12 37 99
310 5 36 150
310 33 29 150
311 33 29 150
311 32 42 100
311 29 3 100
311 47 42 100
311 15 28 100
311 15 42 99
311 18 34 99
312 42 20 99
312 42 29 148
312 42 37 100
312 10 20 100
312 10 24 100
312 47 20 150
313 9 20 100
313 9 29 150
313 42 20 99
313 10 20 100
313 19 7 100
313 7 29 100
314 46 21 100
314 46 38 99
314 10 20 100
314 3 49 100
314 7 29 100
314 12 20 100
314 47 20 150
315 41 6 100
315 16 29 100
315 48 29 150
315 23 40 99
316 4 15 99
316 6 29 100
316 20 7 100
316 20 37 148
316 37 15 148
316 7 29 100
317 38 29 100
317 3 37 100
318 39 29 100
318 39 43 100
318 48 29 150
318 18 34 99
319 48 29 150
319 4 6 100
319 0 36 100
320 16 29 100
320 39 29 100
320 37 16 100
320 14 6 100
320 42 20 99
321 42 20 99
321 42 29 148
321 20 40 99
321 38 20 150
321 23 28 100
322 38 20 150
322 38 29 100
322 38 42 100
322 16 29 100
322 16 42 150
322 42 20 99
322 43 38 99
322 41 42 99
322 26 20 100
323 28 37 99
323 6 29 100
323 46 21 100
323 38 29 100
324 40 20 100
324 18 7 100
324 39 29 100
324 42 20 99
324 9 20 100
325 7 29 100
325 38 29 100
325 12 20 100
325 40 6 100
326 4 3 100
326 4 42 150
326 30 28 100
326 38 29 100
326 38 42 100
326 16 29 100
327 10 42 100
327 44 29 100
327 47 42 100
327 45 38 100
327 32 42 100
327 39 29 100
327 29 37 100
328 11 37 100
328 15 42 99
328 43 34 100
328 39 29 100
328 4 6 100
328 6 29 100
329 28 20 100
329 28 28 100
329 28 37 99
329 12 20 100
329 39 29 100
329 9 20 100
330 44 29 100
330 39 29 100
330 6 49 99
331 41 6 100
331 19 21 99
331 45 15 150
331 9 29 150
331 44 29 100
332 49 29 150
332 46 6 150
332 22 15 150
333 9 20 100
333 9 29 150
333 47 20 150
333 36 40 100
333 10 20 100
334 34 37 99
334 48 29 150
334 40 6 100
334 43 23 100
335 6 29 100
335 33 29 150
336 39 0 99
336 39 29 100
336 44 29 100
336 9 38 99
336 22 0 99
336 22 7 100
336 33 6 100
336 29 0 99
336 15 0 100
336 46 0 100
337 23 0 100
337 3 37 100
337 40 20 100
337 16 29 100
337 17 0 100
337 19 0 100
337 38 20 150
337 38 29 100
337 15 0 100
337 22 0 99
337 28 20 100
338 7 29 100
338 37 0 100
338 37 36 100
338 46 0 100
338 46 21 100
338 42 0 100
338 22 0 99
338 23 0 100
338 17 0 100
339 19 0 100
339 19 6 150
339 49 29 150
339 16 29 100
339 23 0 100
340 34 37 99
340 15 0 100
340 15 28 100
340 15 48 100
340 18 30 99
340 6 0 99
340 6 29 100
340 23 0 100
340 23 40 99
340 42 0 100
340 29 0 99
340 25 0 100
341 6 0 99
341 6 29 100
341 20 3 100
341 48 29 150
341 9 20 100
341 9 38 99
341 23 0 100
341 28 20 100
341 42 0 100
341 42 20 99
342 6 0 99
342 6 29 100
342 22 0 99
342 19 0 100
342 46 0 100
342 47 20 150
342 8 0 100
342 42 0 100
342 42 20 99
342 42 37 100
342 15 0 100
342 25 0 100
342 26 20 100
342 37 0 100
343 47 29 150
343 41 6 100
343 13 15 148
343 44 29 100
343 8 0 100
343 43 15 148
343 43 34 100
343 37 0 100
343 22 0 99
343 40 20 100
344 37 0 100
344 17 0 100
344 17 37 148
344 29 0 99
344 47 29 150
344 25 0 100
344 19 0 100
344 39 0 99
345 42 0 100
345 42 6 150
345 42 20 99
345 42 29 148
345 42 37 100
345 26 20 100
345 15 0 100
345 37 0 100
345 16 29 100
345 23 0 100
345 29 0 99
345 22 0 99
346 30 28 100
346 30 37 100
346 38 20 150
346 38 29 100
347 10 20 100
347 10 42 100
347 15 42 99
347 44 29 100
347 28 20 100
347 26 20 100
347 33 29 150
348 9 20 100
348 9 29 150
348 9 49 100
348 42 20 99
348 42 37 100
348 26 20 100
348 10 20 100
348 10 22 100
348 10 42 100
349 36 40 100
349 29 37 100
349 6 29 100
349 24 6 100
349 9 38 99
349 7 29 100
350 14 6 100
350 14 34 99
350 13 28 100
350 39 29 100
350 7 29 100
351 46 21 100
351 12 37 99
351 39 29 100
352 47 29 150
352 24 6 100
352 26 36 100
352 5 37 100
352 16 29 100
353 28 20 100
353 44 29 100
354 6 29 100
354 20 3 100
354 20 37 148
354 33 6 100
354 33 29 150
354 1 36 99
354 9 20 100
354 10 20 100
355 48 29 150
355 10 20 100
355 47 20 150
355 20 40 99
355 26 20 100
355 45 38 100
356 44 29 100
356 38 29 100
357 20 7 100
357 7 29 100
357 33 6 100
357 16 29 100
357 42 20 99
358 4 42 150
358 33 29 150
358 40 20 100
358 46 21 100
358 23 42 100
358 10 20 100
358 10 42 100
359 40 20 100
359 34 37 99
359 48 29 150
359 12 43 100
360 34 37 99
360 18 34 99
360 39 29 100
360 38 29 100
361 17 42 150
361 19 6 150
361 2 38 99
361 32 42 100
361 49 29 150
361 6 29 100
362 20 40 99
362 43 16 100
362 6 29 100
362 15 42 99
362 36 42 148
362 23 42 100
362 7 29 100
363 6 29 100
363 28 37 99
364 44 29 100
364 9 20 100
364 9 29 150
364 34 44 100
364 37 36 100
364 26 20 100
364 6 49 99
365 29 36 150
365 23 42 100
365 42 20 99
365 42 29 148
365 42 42 150
365 26 20 100
366 10 24 100
366 10 42 100
366 18 34 99
366 44 29 100
366 6 29 100
366 40 6 100
367 44 29 100
367 10 20 100
367 26 20 100
367 26 28 100
367 12 20 100
367 4 38 100
367 7 29 100
368 10 20 100
368 33 29 150
368 26 20 100
368 30 37 100
368 38 20 150
368 35 21 100
369 6 29 100
369 26 20 100
369 38 20 150
369 38 29 100
369 24 6 100
369 40 20 100
370 28 28 100
370 28 37 99
370 39 29 100
370 19 7 100
370 34 3 100
371 48 29 150
371 44 29 100
371 4 6 100
371 49 37 100
372 2 15 100
372 22 15 150
372 47 29 150
373 44 29 100
373 28 20 100
373 28 40 100
373 33 6 100
373 33 29 150
373 38 20 150
373 47 20 150
374 11 37 100
374 28 20 100
374 38 20 150
374 38 29 100
375 11 37 100
375 40 20 100
375 16 29 100
375 27 34 99
375 6 29 100
375 38 20 150
376 29 37 100
376 28 20 100
376 49 29 150
376 42 20 99
376 0 38 100
377 28 28 100
377 6 29 100
377 16 29 100
378 27 37 100
378 40 6 100
378 38 29 100
379 36 36 100
379 36 37 150
379 36 40 100
379 44 29 100
379 39 29 100
379 49 29 150
380 6 29 100
380 24 6 100
380 16 29 100
380 35 21 100
381 49 29 150
381 49 49 100
381 27 34 99
381 33 6 100
382 42 29 148
382 42 37 100
383 41 6 100
383 41 36 100
383 16 29 100
383 42 29 148
384 34 37 99
384 42 29 148
384 19 7 100
385 28 20 100
385 33 6 100
385 33 29 150
385 40 20 100
385 46 38 99
386 10 20 100
386 44 29 100
387 43 3 100
387 43 34 100
387 7 29 100
387 16 29 100
387 3 37 100
387 44 29 100
387 14 6 100
388 20 40 99
388 7 29 100
388 32 42 100
388 26 20 100
388 4 38 100
388 4 42 150
388 6 29 100
388 9 20 100
388 23 42 100
388 40 20 100
388 28 20 100
389 44 29 100
389 11 37 100
389 38 20 150
389 28 20 100
389 28 28 100
389 26 20 100
390 6 29 100
390 35 21 100
390 7 29 100
390 24 6 100
391 46 0 100
391 15 0 100
391 15 42 99
391 42 0 100
391 42 29 148
391 42 42 150
391 29 0 99
391 19 0 100
391 39 0 99
392 27 37 100
392 16 29 100
392 44 29 100
392 36 0 99
392 22 0 99
392 25 0 100
392 17 0 100
392 29 0 99
392 15 0 100
393 23 0 100
393 23 42 100
393 8 0 100
393 8 23 100
393 25 0 100
393 19 0 100
393 36 0 99
393 36 42 148
393 17 0 100
393 17 42 150
393 29 0 99
393 29 15 100
393 38 20 150
393 38 29 100
393 13 15 148
394 28 20 100
394 28 37 99
394 28 40 100
394 16 29 100
394 16 42 150
394 17 0 100
394 17 42 150
394 36 0 99
394 49 29 150
394 22 0 99
394 0 38 100
394 25 0 100
394 41 6 100
394 46 0 100
394 10 20 100
395 39 0 99
395 39 29 100
395 46 0 100
395 46 21 100
395 17 0 100
395 4 15 99
395 8 0 100
395 38 29 100
395 29 0 99
396 44 29 100
396 42 0 100
396 22 0 99
396 22 7 100
396 26 36 100
396 17 0 100
397 31 43 100
397 9 20 100
397 9 29 150
397 18 34 99
397 22 0 99
397 16 29 100
397 17 0 100
397 49 37 100
397 29 0 99
397 23 0 100
397 36 0 99
397 26 20 100
397 26 44 100
397 47 20 150
398 48 29 150
398 29 0 99
398 24 6 100
398 12 37 99
398 22 0 99
398 46 0 100
398 3 49 100
398 6 0 99
398 6 29 100
398 39 0 99
399 44 29 100
399 33 6 100
399 37 0 100
399 17 0 100
399 2 38 99
399 15 0 100
399 22 0 99
400 37 0 100
400 37 36 100
400 33 29 150
400 29 0 99
400 39 0 99
400 39 29 100
400 36 0 99
400 8 0 100
401 23 40 99
401 38 29 100
401 38 37 150
401 40 6 100
402 44 29 100
402 6 29 100
402 12 20 100
402 28 20 100
402 9 20 100
403 16 29 100
403 23 28 100
403 49 29 150
403 19 21 99
404 9 20 100
404 9 29 150
404 41 6 100
404 26 20 100
404 47 20 150
405 27 34 99
405 42 29 148
405 29 3 100
406 9 29 150
406 28 28 100
406 4 6 100
407 0 36 100
407 19 7 100
407 42 20 99
407 42 29 148
407 40 20 100
407 16 29 100
407 38 20 150
408 46 21 100
408 42 29 148
409 45 16 99
409 24 6 100
409 48 29 150
409 0 28 99
409 39 29 100
410 16 29 100
410 39 29 100
411 39 29 100
411 9 38 99
411 41 6 100
412 18 34 99
412 1 36 99
412 44 29 100
412 38 20 150
412 38 29 100
412 40 20 100
413 12 20 100
413 12 37 99
413 10 42 100
413 7 29 100
413 33 6 100
413 39 29 100
413 36 42 148
414 36 36 100
414 36 40 100
414 38 29 100
414 38 42 100
414 16 29 100
415 34 15 150
415 41 6 100
415 6 29 100
415 6 49 99
415 28 15 150
415 38 29 100
415 19 21 99
416 47 29 150
416 47 42 100
416 42 42 150
416 2 15 100
416 37 15 148
417 47 20 150
417 47 29 150
417 24 6 100
417 49 37 100
417 9 20 100
417 40 20 100
418 42 29 148
418 29 3 100
419 19 30 100
419 47 29 150
419 47 42 100
419 44 29 100
419 4 38 100
419 4 42 150
419 30 40 100
419 15 42 99
420 13 28 100
420 47 29 150
420 5 37 100
420 10 10 100
420 41 6 100
421 33 29 150
421 7 34 100
422 20 7 100
422 9 29 150
422 30 37 100
422 44 29 100
422 46 21 100
423 42 20 99
423 42 29 148
423 9 20 100
423 37 44 100
423 38 20 150
424 2 38 99
424 3 37 100
424 7 29 100
424 24 6 100
425 49 29 150
425 49 37 100
425 44 29 100
426 16 29 100
426 5 37 100
426 40 6 100
426 38 29 100
427 16 29 100
427 36 40 100
427 34 37 99
427 38 29 100
427 26 28 100
428 48 29 150
429 39 29 100
429 16 29 100
429 20 6 150
429 30 15 148
429 4 15 99
429 42 20 99
430 9 20 100
430 9 24 100
430 9 29 150
430 9 38 99
430 38 20 150
431 39 29 100
431 27 34 99
431 7 29 100
432 40 6 100
432 10 21 150
432 4 3 100
432 16 29 100
433 7 29 100
433 42 29 148
433 42 42 150
433 10 42 100
433 38 42 100
434 25 49 100
434 20 7 100
434 20 40 99
434 44 29 100
434 7 29 100
435 42 20 99
435 42 29 148
435 33 6 100
435 40 20 100
435 47 20 150
435 0 38 100
436 42 20 99
436 42 29 148
436 10 20 100
436 47 20 150
437 47 20 150
437 47 29 150
437 49 37 100
437 6 29 100
438 7 29 100
438 12 20 100
438 39 29 100
438 1 36 99
438 38 20 150
438 33 6 100
439 49 29 150
439 49 37 100
439 17 40 100
439 14 34 99
439 39 43 100
440 39 29 100
440 38 29 100
440 34 15 150
440 22 15 150
441 9 29 150
441 0 36 100
441 19 7 100
441 40 6 100
442 17 37 148
442 23 28 100
442 38 29 100
442 6 29 100
443 49 29 150
443 33 6 100
443 33 16 100
444 42 29 148
444 35 21 100
444 34 22 99
445 6 29 100
445 15 28 100
445 15 42 99
445 42 20 99
445 42 29 148
445 42 42 150
445 4 6 100
445 9 20 100
445 28 20 100
446 7 29 100
446 7 34 100
446 15 42 99
447 24 3 100
447 3 37 100
447 42 20 99
447 42 29 148
447 26 20 100
447 26 36 100
448 9 20 100
448 9 29 150
448 9 38 99
448 47 29 150
448 23 40 99
448 49 37 100
448 28 20 100
449 24 6 100
449 39 29 100
450 3 37 100
450 7 29 100
450 30 48 99
451 3 49 100
451 44 29 100
451 4 6 100
451 4 23 100
451 48 29 150
452 47 29 150
452 25 38 100
452 9 29 150
452 19 21 99
453 38 7 99
453 38 20 150
453 38 29 100
453 42 20 99
453 28 20 100
454 7 29 100
454 24 6 100
454 30 40 100
454 49 29 150
455 2 15 100
455 47 29 150
455 30 15 148
455 30 37 100
456 49 29 150
456 47 20 150
456 35 6 148
457 26 20 100
457 4 15 99
457 4 42 150
457 13 15 148
457 9 20 100
457 9 29 150
457 5 37 100
457 47 42 100
457 16 29 100
458 39 29 100
458 4 15 99
458 26 28 100
459 20 6 150
459 25 38 100
459 33 29 150
459 39 29 100
459 29 37 100
460 49 29 150
460 14 34 99
460 38 16 99
460 38 36 100
461 14 6 100
461 38 10 100
461 38 29 100
461 4 3 100
461 7 29 100
462 19 7 100
462 19 21 99
462 14 44 100
462 10 20 100
462 40 20 100
463 33 29 150
463 25 38 100
463 40 20 100
463 47 29 150
464 28 37 99
464 44 29 100
464 7 29 100
465 16 29 100
465 6 29 100
465 5 36 150
465 40 6 100
465 40 20 100
465 9 20 100
466 6 29 100
466 10 20 100
466 7 29 100
466 26 20 100
467 39 29 100
467 35 6 148
467 44 29 100
467 42 20 99
468 33 29 150
468 47 20 150
468 25 37 150
468 42 20 99
468 38 20 150
468 30 40 100
469 47 20 150
469 47 29 150
469 41 24 99
469 26 20 100
469 40 20 100
469 7 34 100
469 42 20 99
470 9 20 100
470 9 29 150
470 9 49 100
470 46 21 100
470 7 29 100
470 23 28 100
470 28 20 100
470 40 20 100
471 28 20 100
471 28 37 99
471 4 6 100
471 7 29 100
471 41 36 100
472 39 29 100
472 16 29 100
472 10 20 100
472 26 20 100
472 38 20 150
473 5 37 100
473 49 29 150
473 45 38 100
474 47 29 150
474 13 28 100
474 16 3 100
474 16 29 100
474 24 6 100
475 43 34 100
475 47 29 150
475 24 6 100
475 5 37 100
476 40 20 100
476 26 20 100
476 26 36 100
476 12 20 100
476 38 7 99
476 38 29 100
477 9 20 100
477 9 29 150
477 6 29 100
477 42 20 99
477 28 20 100
477 12 20 100
478 36 40 100
478 33 6 100
478 33 29 150
478 42 37 100
479 47 29 150
479 35 21 100
479 39 29 100
480 9 29 150
480 9 38 99
480 26 28 100
481 29 37 100
481 33 6 100
481 33 29 150
481 38 7 99
482 48 29 150
482 18 34 99
482 27 37 100
482 37 36 100
483 40 6 100
483 47 29 150
483 16 29 100
483 37 44 100
484 33 29 150
484 28 37 99
485 47 16 99
485 47 29 150
485 4 6 100
485 39 29 100
486 39 29 100
486 2 15 100
486 26 20 100
486 4 15 99
486 37 15 148
486 9 20 100
486 28 20 100
487 49 29 150
487 49 37 100
487 31 43 100
487 10 20 100
487 9 20 100
487 38 20 150
487 38 29 100
487 12 20 100
487 30 40 100
488 0 36 100
488 9 29 150
488 9 49 100
488 41 6 100
489 33 29 150
489 40 28 100
489 18 7 100
490 48 29 150
490 41 6 100
490 41 36 100
491 35 21 100
491 25 38 100
491 33 29 150
491 39 29 100
491 27 34 99
492 6 29 100
492 33 6 100
492 36 37 150
492 43 3 100
492 16 29 100
493 12 20 100
493 16 29 100
493 42 20 99
493 38 20 150
493 38 29 100
493 2 30 100
494 7 29 100
494 17 40 100
494 16 29 100
494 40 20 100
494 26 20 100
494 38 20 150
495 43 23 100
495 16 29 100
495 9 20 100
495 38 20 150
496 7 15 100
496 7 29 100
496 37 15 148
496 10 20 100
496 20 7 100
496 33 6 100
496 33 29 150
496 28 37 99
497 47 29 150
498 41 6 100
498 23 28 100
498 29 37 100
498 43 38 99
499 30 37 100
499 47 29 150
499 49 29 150
499 16 29 100
499 10 22 100
500 17 40 100
500 14 6 100
500 33 29 150
500 28 37 99
501 41 6 100
501 34 37 99
501 44 29 100
502 26 36 100
502 11 37 100
502 43 34 100
503 48 29 150
503 25 38 100
503 44 29 100
503 7 29 100
503 49 37 100
503 47 20 150
503 38 20 150
503 38 29 100
504 6 29 100
504 6 49 99
504 0 3 99
504 39 29 100
505 18 7 100
505 33 29 150
505 20 37 148
505 12 20 100
505 28 20 100
505 38 20 150
506 49 29 150
506 49 37 100
506 37 36 100
506 17 40 100
506 38 20 150
506 10 20 100
507 49 29 150
507 49 37 100
507 4 6 100
507 26 20 100
508 36 42 148
508 38 29 100
508 38 42 100
508 33 29 150
508 15 42 99
509 8 16 100
509 9 29 150
509 41 6 100
510 27 36 150
510 38 29 100
510 30 48 99
510 39 29 100
510 19 21 99
511 12 20 100
511 12 37 99
511 42 20 99
511 42 29 148
511 26 20 100
511 40 1 100
511 40 20 100
511 22 7 100
512 43 34 100
512 13 28 100
512 4 6 100
512 10 1 99
512 33 29 150
512 40 1 100
513 29 37 100
513 43 38 99
513 17 40 100
513 9 29 150
513 7 1 100
513 7 29 100
514 6 29 100
514 11 37 100
514 40 6 100
514 7 29 100
515 6 29 100
515 40 20 100
515 9 20 100
515 39 29 100
516 3 37 100
516 10 20 100
516 10 42 100
516 43 38 99
516 23 42 100
516 38 29 100
516 38 42 100
517 11 37 100
517 39 29 100
517 44 29 100
517 33 6 100
518 3 37 100
518 42 29 148
518 38 29 100
518 41 6 100
519 3 37 100
519 38 29 100
520 24 6 100
520 15 42 99
520 38 29 100
520 38 42 100
520 41 42 99
520 44 29 100
520 10 42 100
521 44 29 100
521 7 29 100
521 29 37 100
522 38 29 100
522 26 28 100
522 40 6 100
522 39 29 100
522 2 3 100
523 44 29 100
523 46 21 100
523 47 49 100
523 16 29 100
524 13 28 100
524 23 40 99
524 7 29 100
524 7 34 100
525 44 29 100
525 24 6 100
525 33 29 150
525 20 7 100
526 23 42 100
526 33 29 150
526 41 42 99
526 46 38 99
527 9 20 100
527 9 29 150
527 28 20 100
527 28 28 100
527 28 37 99
527 26 20 100
527 36 42 148
527 47 42 100
528 15 0 100
528 15 42 99
528 37 0 100
528 47 29 150
528 47 42 100
528 40 20 100
528 25 0 100
528 17 0 100
528 36 0 99
528 22 0 99
528 6 0 99
528 6 29 100
529 47 29 150
529 40 6 100
529 43 43 100
529 46 0 100
529 23 0 100
529 22 0 99
530 19 0 100
530 4 6 100
530 27 36 150
530 27 37 100
530 22 0 99
530 36 0 99
530 38 29 100
530 44 29 100
531 38 29 100
531 28 40 100
531 15 0 100
531 44 29 100
531 22 0 99
531 39 0 99
531 35 21 100
531 36 0 99
532 24 6 100
532 24 16 100
532 42 0 100
532 42 29 148
532 2 38 99
532 25 0 100
532 8 0 100
532 36 0 99
532 46 0 100
533 8 0 100
533 25 0 100
533 14 34 99
533 10 20 100
533 12 20 100
533 36 0 99
533 33 29 150
533 22 0 99
534 0 28 99
534 0 37 150
534 12 20 100
534 8 0 100
534 22 0 99
534 38 29 100
534 38 42 100
534 39 0 99
534 39 29 100
534 10 42 100
534 23 0 100
534 23 42 100
535 3 37 100
535 24 6 100
535 38 29 100
535 25 0 100
535 22 0 99
535 6 0 99
535 6 29 100
535 19 0 100
535 8 0 100
536 7 29 100
536 25 0 100
536 42 0 100
536 42 20 99
536 38 20 150
536 38 29 100
536 19 0 100
536 10 20 100
536 29 0 99
536 15 0 100
536 39 0 99
537 36 0 99
537 36 42 148
537 44 29 100
537 6 0 99
537 6 29 100
537 39 0 99
537 32 42 100
537 47 42 100
537 23 0 100
537 42 0 100
537 8 0 100
537 37 0 100
538 44 29 100
538 4 3 100
538 4 6 100
538 3 36 148
538 23 0 100
538 25 0 100
538 39 0 99
539 23 42 100
539 44 29 100
539 32 42 100
539 49 29 150
539 38 36 100
539 38 42 100
540 42 29 148
540 18 7 100
540 9 38 99
540 9 49 100
541 8 0 100
541 25 0 100
541 17 0 100
541 15 0 100
541 38 29 100
541 28 15 150
541 13 15 148
541 37 0 100
541 23 0 100
541 22 0 99
541 45 21 150
541 14 6 100
541 7 29 100
542 39 0 99
542 39 29 100
542 16 29 100
542 9 20 100
542 12 20 100
542 25 0 100
542 8 0 100
543 17 0 100
543 46 0 100
543 6 0 99
543 6 29 100
543 7 29 100
543 7 34 100
543 41 6 100
543 36 0 99
543 22 0 99
543 39 0 99
544 22 0 99
544 36 0 99
544 16 29 100
544 33 6 100
544 7 23 100
544 7 29 100
544 28 20 100
544 25 0 100
544 34 44 100
544 8 0 100
544 26 20 100
545 16 29 100
545 34 37 99
545 32 36 150
545 6 0 99
545 17 0 100
545 17 40 100
545 25 0 100
545 23 0 100
545 29 0 99
546 44 29 100
546 22 0 99
546 38 29 100
546 30 37 100
546 37 0 100
546 24 6 100
546 29 0 99
547 38 29 100
547 43 38 99
547 8 0 100
547 29 0 99
547 22 0 99
547 44 29 100
548 1 36 99
548 28 37 99
548 4 6 100
548 4 42 150
548 7 29 100
548 36 0 99
548 36 42 148
548 6 0 99
548 6 29 100
548 17 0 100
548 29 0 99
549 9 29 150
549 42 0 100
549 29 0 99
549 23 0 100
549 17 0 100
549 19 0 100
549 19 21 99
549 22 0 99
549 39 0 99
550 24 6 100
550 29 0 99
550 29 37 100
550 42 0 100
550 42 20 99
550 42 29 148
550 23 0 100
550 23 28 100
550 22 0 99
550 19 0 100
550 9 10 100
550 9 20 100
550 39 0 99
551 38 20 150
551 38 29 100
551 36 0 99
551 6 0 99
551 6 29 100
551 39 0 99
551 20 30 100
552 44 29 100
552 26 20 100
552 19 0 100
552 9 20 100
552 7 29 100
552 38 20 150
552 25 0 100
553 38 29 100
553 38 36 100
553 46 0 100
553 15 0 100
553 14 6 100
553 14 34 99
553 25 0 100
553 11 37 100
553 16 29 100
553 0 3 99
554 36 0 99
554 36 40 100
554 19 0 100
554 19 7 100
554 19 21 99
554 6 0 99
554 6 29 100
554 38 29 100
554 8 0 100
554 17 0 100
555 49 29 150
555 49 37 100
555 29 0 99
555 43 38 99
555 17 0 100
555 23 0 100
555 42 0 100
556 23 0 100
556 8 0 100
556 6 0 99
556 6 29 100
556 36 0 99
556 41 6 100
556 39 0 99
556 39 29 100
557 25 0 100
557 25 49 100
557 15 0 100
557 6 0 99
557 6 29 100
557 8 0 100
557 29 0 99
557 22 0 99
557 1 36 99
558 47 29 150
558 37 0 100
558 37 22 99
558 15 0 100
558 4 6 100
558 19 0 100
558 19 7 100
558 44 29 100
558 36 0 99
559 39 0 99
559 39 29 100
559 16 29 100
559 38 20 150
559 38 37 150
559 36 0 99
559 41 24 99
559 22 0 99
559 12 20 100
559 2 38 99
560 16 29 100
560 34 37 99
560 9 20 100
560 38 20 150
560 10 20 100
560 17 0 100
560 29 0 99
561 23 0 100
561 34 37 99
561 7 29 100
561 28 20 100
561 44 29 100
561 41 6 100
561 17 0 100
561 39 0 99
561 29 0 99
561 38 20 150
562 46 0 100
562 48 29 150
562 48 42 150
562 23 0 100
562 23 42 100
562 9 20 100
562 38 42 100
562 10 20 100
562 1 36 99
563 5 37 100
563 39 0 99
563 39 29 100
563 19 0 100
563 23 0 100
563 6 0 99
563 6 29 100
563 37 0 100
563 42 0 100
564 12 20 100
564 49 29 150
564 0 38 100
564 28 20 100
564 28 40 100
564 15 0 100
564 40 20 100
564 25 0 100
564 16 29 100
564 23 0 100
565 7 29 100
565 7 34 100
565 47 20 150
565 6 0 99
565 14 6 100
565 28 20 100
565 19 0 100
565 19 21 99
565 10 20 100
565 25 0 100
566 48 29 150
566 13 15 148
566 34 15 150
566 16 29 100
566 24 43 100
567 23 28 100
567 6 29 100
567 40 6 100
568 19 21 99
568 28 20 100
568 44 29 100
568 7 29 100
568 47 20 150
569 6 29 100
569 20 3 100
569 20 7 100
569 32 36 150
569 44 29 100
569 10 20 100
570 16 29 100
570 9 20 100
570 6 29 100
570 42 20 99
570 28 20 100
570 26 20 100
570 24 6 100
571 3 37 100
571 6 29 100
571 28 40 100
571 38 29 100
572 41 6 100
572 21 23 100
572 48 29 150
573 7 29 100
573 0 36 100
573 47 20 150
573 6 29 100
573 26 20 100
573 34 37 99
573 42 20 99
574 13 28 100
574 16 29 100
574 44 29 100
574 24 6 100
575 7 29 100
575 9 10 100
575 35 21 100
575 1 36 99
576 16 29 100
576 28 20 100
576 26 20 100
576 26 36 100
576 9 20 100
576 9 29 150
576 24 6 100
577 3 49 100
578 23 42 100
578 16 29 100
578 16 42 150
578 32 42 100
578 40 20 100
578 12 20 100
578 39 29 100
579 19 7 100
579 48 29 150
579 47 20 150
579 9 20 100
580 41 42 99
580 10 20 100
580 10 42 100
580 13 46 100
580 32 42 100
580 39 29 100
580 28 20 100
580 0 46 100
580 49 29 150
580 7 34 100
581 13 46 100
581 3 37 100
581 47 20 150
581 47 29 150
581 17 40 100
581 39 29 100
581 12 20 100
581 23 46 100
581 30 46 100
581 30 48 99
581 46 21 100
582 7 29 100
582 8 2 100
582 8 46 100
582 0 36 100
582 28 20 100
582 32 42 100
582 15 42 99
582 4 42 150
582 42 20 99
583 3 37 100
583 6 29 100
583 40 1 100
583 40 20 100
583 7 1 100
583 7 29 100
583 10 1 99
583 10 20 100
583 47 20 150
584 32 36 150
584 1 1 99
584 47 20 150
584 47 29 150
584 44 29 100
584 9 10 100
584 9 20 100
584 38 20 150
584 12 20 100
584 42 20 99
585 16 29 100
585 16 42 150
585 23 42 100
585 42 20 99
585 42 29 148
585 42 37 100
585 9 20 100
585 12 20 100
585 10 20 100
586 36 36 100
586 36 40 100
586 38 29 100
586 0 3 99
586 16 29 100
587 0 36 100
587 23 42 100
587 38 22 100
587 38 29 100
587 38 42 100
587 33 29 150
587 36 42 148
587 12 37 99
588 6 29 100
588 15 42 99
588 32 42 100
588 10 42 100
588 0 36 100
588 7 29 100
589 47 16 99
589 47 23 99
589 47 29 150
589 47 42 100
589 15 42 99
589 42 42 150
590 49 29 150
590 1 36 99
590 6 29 100
590 38 7 99
591 3 37 100
591 17 42 150
591 10 42 100
591 33 29 150
592 25 37 150
592 29 36 150
592 28 40 100
592 9 29 150
592 38 29 100
592 38 42 100
593 40 20 100
593 40 28 100
593 16 29 100
593 14 48 99
593 12 20 100
593 12 37 99
593 9 20 100
593 9 24 100
593 6 29 100
594 30 37 100
594 6 29 100
594 32 42 100
594 17 42 150
594 10 20 100
594 12 20 100
594 14 34 99
594 33 29 150
594 42 20 99
595 47 20 150
595 47 29 150
595 9 10 100
595 9 20 100
595 26 20 100
596 23 0 100
596 28 20 100
596 6 0 99
596 6 29 100
596 48 29 150
596 15 0 100
596 15 42 99
596 36 0 99
596 35 21 100
597 49 37 100
597 42 0 100
597 42 20 99
597 43 36 148
597 28 20 100
597 28 40 100
597 6 0 99
597 26 20 100
597 29 0 99
598 22 0 99
598 22 7 100
598 43 16 100
598 43 43 100
598 37 0 100
598 6 0 99
598 6 29 100
598 9 20 100
598 23 0 100
598 15 0 100
598 46 0 100
599 5 36 150
599 16 3 100
599 16 29 100
599 16 42 150
599 4 42 150
599 36 0 99
600 48 29 150
600 46 0 100
600 6 0 99
600 6 29 100
600 47 20 150
600 26 20 100
600 8 0 100
600 49 37 100
600 39 0 99
601 43 34 100
601 36 0 99
601 10 20 100
601 6 0 99
601 6 29 100
601 23 0 100
601 28 37 99
601 7 29 100
602 3 37 100
602 7 29 100
602 8 0 100
602 36 0 99
602 36 42 148
602 32 42 100
602 39 0 99
602 39 29 100
602 37 0 100
603 28 40 100
603 25 0 100
603 13 36 150
603 19 0 100
603 48 29 150
603 8 0 100
603 6 0 99
603 15 0 100
603 15 42 99
603 42 0 100
603 22 0 99
604 11 37 100
604 7 29 100
604 7 49 100
604 44 29 100
604 10 24 100
604 15 0 100
604 8 0 100
605 2 38 99
605 12 20 100
605 38 7 99
605 38 10 100
605 38 20 150
605 38 29 100
605 36 0 99
605 37 0 100
605 15 0 100
605 9 20 100
606 36 0 99
606 22 0 99
606 6 0 99
606 19 0 100
607 37 0 100
607 19 0 100
607 7 29 100
607 8 0 100
607 23 0 100
607 9 29 150
607 22 0 99
608 19 0 100
608 19 21 99
608 29 0 99
608 12 20 100
608 36 0 99
608 28 20 100
608 6 0 99
608 6 29 100
608 17 0 100
608 38 20 150
608 38 29 100
609 44 29 100
609 26 36 100
609 8 23 100
609 9 29 150
609 4 42 150
609 11 37 100
609 20 40 99
609 47 42 100
610 7 29 100
610 16 29 100
610 12 20 100
610 47 20 150
610 17 27 100
611 20 3 100
611 20 7 100
611 43 16 100
611 28 20 100
611 44 29 100
612 48 29 150
612 44 29 100
612 36 10 100
613 18 34 99
613 41 24 99
613 41 36 100
613 47 20 150
614 6 29 100
614 16 29 100
614 20 40 99
614 10 20 100
615 9 20 100
615 9 29 150
615 10 20 100
615 42 20 99
615 37 36 100
615 26 20 100
615 20 7 100
615 39 29 100
616 10 20 100
616 10 42 100
616 5 2 100
616 47 20 150
616 47 29 150
616 47 42 100
616 2 38 99
616 42 20 99
616 42 42 150
617 34 3 100
617 44 29 100
617 39 29 100
617 16 29 100
618 35 21 100
618 18 7 100
618 49 29 150
619 23 46 100
619 42 20 99
619 42 29 148
619 38 20 150
619 38 29 100
619 24 46 150
619 0 46 100
619 9 20 100
620 20 3 100
620 20 40 99
620 20 46 150
620 33 29 150
620 0 46 100
621 8 23 100
621 26 20 100
621 6 29 100
621 47 20 150
621 47 29 150
621 40 20 100
622 8 27 150
622 38 29 100
622 38 36 100
623 25 37 150
623 37 44 100
623 41 42 99
623 6 29 100
624 36 10 100
624 36 36 100
624 36 42 148
624 36 48 150
624 5 37 100
624 9 29 150
624 41 42 99
624 39 29 100
625 6 29 100
625 44 29 100
625 38 7 99
625 38 22 100
625 38 29 100
625 38 36 100
625 49 37 100
625 39 29 100
626 16 29 100
626 1 36 99
626 44 29 100
626 17 40 100
626 34 37 99
627 2 38 99
627 19 7 100
627 16 29 100
627 38 20 150
627 38 29 100
627 42 20 99
628 14 48 99
628 48 29 150
628 12 20 100
628 37 16 100
628 38 20 150
628 10 20 100
628 47 20 150
629 38 20 150
629 38 29 100
629 7 29 100
629 41 24 99
629 12 20 100
629 26 20 100
629 46 21 100
630 18 34 99
630 27 9 99
630 44 29 100
630 47 29 150
631 26 20 100
631 49 29 150
631 49 37 100
631 44 29 100
631 27 9 99
631 9 20 100
631 38 20 150
631 38 42 100
631 47 42 100
631 42 42 150
632 10 20 100
632 30 37 100
632 46 7 100
632 9 20 100
632 9 29 150
632 9 49 100
632 12 20 100
632 1 36 99
633 25 38 100
633 23 40 99
633 23 42 100
633 29 37 100
633 44 29 100
633 32 42 100
633 15 42 99
633 7 29 100
634 16 10 150
634 16 29 100
634 49 29 150
634 49 37 100
634 26 20 100
634 40 20 100
634 9 20 100
635 32 42 100
635 36 42 148
635 23 28 100
635 23 42 100
635 49 29 150
635 9 20 100
636 9 20 100
636 9 29 150
636 16 29 100
636 38 20 150
636 38 37 150
636 40 20 100
637 33 29 150
637 34 22 99
637 39 29 100
637 19 7 100
637 12 20 100
638 49 29 150
638 41 36 100
638 17 40 100
638 42 20 99
638 9 20 100
639 10 20 100
639 5 37 100
639 39 29 100
640 42 20 99
640 42 29 148
640 42 42 150
640 17 42 150
640 16 29 100
640 7 29 100
640 7 34 100
640 38 20 150
640 38 36 100
640 12 20 100
640 28 20 100
641 30 37 100
641 20 3 100
641 15 42 99
641 24 43 100
641 16 29 100
641 16 42 150
641 32 42 100
642 48 29 150
642 37 16 100
642 37 36 100
642 16 29 100
642 38 20 150
643 3 37 100
643 9 29 150
643 16 29 100
644 48 29 150
644 39 29 100
644 41 36 100
644 18 7 100
645 12 37 99
645 36 0 99
645 36 40 100
645 14 48 99
645 38 29 100
645 17 0 100
645 6 0 99
645 25 0 100
646 36 0 99
646 36 36 100
646 41 24 99
646 33 29 150
646 47 29 150
646 39 0 99
647 39 0 99
647 39 29 100
647 8 0 100
647 42 0 100
647 42 37 100
647 42 42 150
647 13 9 100
647 37 0 100
647 7 29 100
647 38 10 100
647 38 42 100
647 29 0 99
647 19 0 100
648 0 36 100
648 25 0 100
648 39 0 99
648 39 29 100
648 26 20 100
648 22 0 99
648 29 0 99
648 15 0 100
649 38 7 99
649 38 20 150
649 38 29 100
649 9 20 100
649 9 29 150
649 17 0 100
649 17 27 100
649 42 0 100
649 39 0 99
649 26 28 100
649 15 0 100
649 15 48 100
649 23 0 100
650 17 0 100
650 17 40 100
650 26 20 100
650 26 36 100
650 47 20 150
650 47 29 150
650 6 0 99
650 6 29 100
650 19 0 100
650 14 34 99
650 25 0 100
650 29 0 99
650 36 0 99
650 46 0 100
651 19 0 100
651 28 20 100
651 15 0 100
651 37 0 100
651 33 29 150
652 30 37 100
652 19 0 100
652 19 7 100
652 19 21 99
652 15 0 100
652 29 0 99
652 29 15 100
652 29 23 100
652 46 0 100
652 38 29 100
652 36 0 99
652 44 29 100
653 28 15 150
653 28 37 99
653 32 42 100
653 2 15 100
653 17 0 100
653 17 42 150
653 46 0 100
653 6 0 99
653 6 29 100
653 47 29 150
653 47 42 100
653 23 0 100
653 37 0 100
654 17 0 100
654 7 29 100
654 33 29 150
654 28 37 99
654 15 0 100
654 42 0 100
654 6 0 99
655 41 42 99
655 7 29 100
655 10 42 100
655 49 29 150
655 37 0 100
655 32 42 100
655 39 0 99
655 22 0 99
656 15 0 100
656 15 48 100
656 38 29 100
656 38 36 100
656 36 0 99
656 36 40 100
656 16 29 100
656 49 37 100
656 27 34 99
657 25 38 100
657 38 10 100
657 38 29 100
657 6 29 100
658 42 29 148
658 15 48 100
658 10 24 100
659 33 29 150
659 11 37 100
659 38 29 100
659 47 49 100
660 25 37 150
660 1 36 99
660 39 29 100
660 42 20 99
661 20 40 99
661 6 29 100
661 46 38 99
661 33 16 100
661 33 29 150
661 38 20 150
661 38 29 100
661 26 20 100
662 3 37 100
662 36 42 148
662 39 29 100
662 6 29 100
662 32 42 100
662 28 20 100
662 15 42 99
662 47 20 150
663 42 20 99
663 42 42 150
663 47 42 100
663 10 42 100
664 20 7 100
664 33 29 150
664 30 15 148
664 16 29 100
664 29 15 100
664 10 22 100
665 42 37 100
665 2 3 100
666 17 42 150
666 23 42 100
666 42 29 148
666 42 37 100
666 38 29 100
666 19 21 99
666 15 42 99
667 6 29 100
667 4 42 150
667 42 20 99
667 42 37 100
667 42 42 150
667 17 40 100
667 26 20 100
667 39 29 100
667 47 20 150
668 10 10 100
668 6 29 100
668 16 29 100
668 49 37 100
669 49 29 150
669 23 1 150
669 23 42 100
669 41 2 99
669 41 42 99
669 42 20 99
669 14 1 100
669 36 42 148
669 38 20 150
669 43 23 100
669 47 20 150
669 10 1 99
670 17 42 150
670 30 48 99
670 38 29 100
670 38 36 100
670 38 42 100
670 42 29 148
671 41 42 99
671 33 29 150
671 15 42 99
671 47 42 100
671 44 29 100
671 23 42 100
672 3 37 100
672 43 34 100
672 30 40 100
672 36 10 100
672 10 20 100
672 38 7 99
672 38 20 150
672 38 29 100
672 12 20 100
672 7 29 100
673 48 29 150
673 9 38 99
674 35 2 100
674 22 7 100
674 40 20 100
674 42 20 99
674 42 29 148
675 9 20 100
675 9 29 150
675 39 29 100
675 4 42 150
675 48 42 150
675 12 37 99
675 30 48 99
676 7 29 100
676 38 20 150
676 38 29 100
676 9 20 100
676 9 24 100
676 40 20 100
677 10 20 100
677 39 29 100
677 7 29 100
677 42 20 99
677 42 37 100
677 26 20 100
677 16 29 100
678 20 37 148
678 20 46 150
678 10 20 100
678 25 38 100
678 0 46 100
678 18 30 99
678 49 29 150
678 8 46 100
679 38 7 99
679 38 29 100
679 38 36 100
679 48 29 150
679 48 46 100
679 23 40 99
679 23 46 100
680 32 9 99
680 32 36 150
680 38 10 100
680 38 29 100
681 33 16 100
681 33 29 150
681 13 28 100
681 38 29 100
681 39 29 100
682 38 20 150
682 38 29 100
682 26 20 100
682 16 29 100
682 40 20 100
683 8 9 150
683 8 23 100
683 17 42 150
683 0 36 100
683 47 42 100
683 15 42 99
684 7 29 100
684 26 20 100
684 11 37 100
684 39 29 100
684 40 20 100
684 17 40 100
684 46 21 100
685 40 20 100
685 36 36 100
685 18 7 100
685 27 37 100
685 28 20 100
685 16 29 100
685 44 29 100
686 37 36 100
686 29 37 100
686 39 29 100
686 49 29 150
687 29 37 100
687 26 20 100
687 28 20 100
688 44 29 100
688 38 20 150
688 38 29 100
688 38 36 100
688 38 42 100
688 23 42 100
688 10 20 100
688 10 42 100
689 14 34 99
689 5 37 100
689 33 29 150
689 28 15 150
689 28 20 100
689 42 20 99
689 18 7 100
689 43 15 148
690 33 29 150
690 42 20 99
690 42 37 100
690 17 40 100
690 47 20 150
690 47 49 100
690 6 29 100
690 39 43 100
690 45 15 150
690 37 15 148
691 4 42 150
691 33 29 150
691 30 37 100
691 30 48 99
691 12 20 100
691 40 20 100
691 39 29 100
691 16 42 150
691 28 20 100
692 48 27 100
692 48 29 150
692 47 20 150
692 38 7 99
692 38 10 100
692 38 20 150
692 28 20 100
692 26 20 100
693 43 23 100
693 34 37 99
693 14 48 99
693 38 29 100
693 49 29 150
694 41 42 99
694 23 42 100
694 17 42 150
694 33 29 150
694 26 20 100
694 42 20 99
695 39 29 100
695 16 29 100
695 26 20 100
695 47 20 150
695 41 24 99
696 48 29 150
696 48 42 150
696 23 40 99
696 23 42 100
696 44 29 100
697 6 29 100
697 38 16 99
697 38 20 150
697 38 29 100
697 38 36 100
697 38 42 100
697 4 42 150
697 42 20 99
697 42 42 150
697 40 20 100
698 28 20 100
698 36 36 100
698 36 42 148
698 7 29 100
698 33 29 150
698 4 42 150
698 8 2 100
698 10 20 100
698 26 20 100
698 40 20 100
699 9 20 100
699 9 29 150
699 26 20 100
699 26 28 100
699 5 37 100
699 4 42 150
699 12 20 100
699 15 42 99
699 28 20 100
699 42 20 99
700 26 20 100
700 7 29 100
700 32 42 100
700 0 37 150
700 33 29 150
700 47 20 150
700 47 42 100
700 42 20 99
700 42 42 150
701 41 36 100
701 7 29 100
701 44 29 100
701 44 39 100
701 20 40 99
702 27 37 100
702 39 29 100
702 42 20 99
702 10 20 100
702 10 22 100
702 38 7 99
702 38 20 150
702 38 29 100
703 38 20 150
703 38 29 100
703 38 36 100
703 16 29 100
703 26 20 100
704 48 29 150
704 41 36 100
704 28 20 100
704 28 37 99
704 18 7 100
704 2 3 100
705 17 42 150
705 33 29 150
705 48 29 150
705 48 42 150
705 40 20 100
705 32 42 100
705 49 37 100
705 41 36 100
706 42 20 99
706 42 29 148
706 42 37 100
706 28 20 100
706 26 20 100
707 30 37 100
707 30 48 99
707 38 20 150
707 38 29 100
707 40 20 100
707 7 29 100
708 3 36 148
708 3 37 100
708 39 29 100
708 48 29 150
708 48 42 150
708 38 10 100
708 38 20 150
708 38 42 100
708 12 20 100
708 47 20 150
709 33 29 150
709 29 23 100
709 40 20 100
709 26 20 100
709 26 36 100
709 23 40 99
709 7 29 100
710 33 29 150
710 4 38 100
710 27 34 99
710 27 37 100
710 28 20 100
710 42 20 99
710 38 7 99
711 9 20 100
711 9 29 150
711 10 20 100
711 44 29 100
711 47 20 150
712 3 37 100
712 39 29 100
712 42 29 148
712 42 42 150
712 13 28 100
712 32 42 100
713 44 29 100
713 15 42 99
713 36 10 100
713 36 40 100
713 10 20 100
713 40 20 100
713 38 20 150
713 38 29 100
714 26 36 100
714 22 7 100
714 33 29 150
714 42 37 100
714 25 49 100
715 20 37 148
715 44 29 100
716 7 29 100
716 15 42 99
716 40 20 100
716 32 42 100
716 13 46 100
716 29 21 150
716 44 29 100
716 10 20 100
716 10 42 100
716 9 20 100
716 30 46 100
717 12 20 100
717 10 20 100
717 10 24 100
717 38 20 150
717 38 29 100
717 24 46 150
717 6 29 100
718 44 29 100
718 42 29 148
718 29 3 100
718 48 46 100
718 18 34 99
718 33 16 100
718 8 46 100
718 36 46 100
719 47 29 150
719 47 42 100
719 27 37 100
719 48 42 150
719 37 36 100
719 36 40 100
719 36 42 148
720 12 37 99
720 39 29 100
720 2 38 99
720 42 29 148
721 16 29 100
721 16 42 150
721 11 37 100
721 7 29 100
721 47 42 100
722 44 29 100
722 42 20 99
722 42 29 148
722 28 20 100
723 14 48 99
723 40 20 100
723 42 20 99
723 42 29 148
723 42 37 100
723 0 36 100
724 34 37 99
724 18 7 100
724 40 20 100
724 30 40 100
724 42 20 99
724 42 29 148
724 9 20 100
725 10 20 100
725 10 42 100
725 12 20 100
725 0 28 99
725 32 42 100
725 49 29 150
725 9 20 100
725 9 29 150
725 42 20 99
725 42 42 150
726 4 3 100
726 34 37 99
726 16 29 100
726 36 10 100
727 28 37 99
727 13 36 150
727 6 29 100
727 16 29 100
727 44 29 100
728 43 34 100
728 40 20 100
728 1 27 100
728 9 20 100
728 9 24 100
728 9 29 150
728 44 29 100
728 26 20 100
729 48 29 150
729 20 7 100
729 26 20 100
730 49 29 150
730 7 29 100
730 15 48 100
731 17 37 148
731 17 40 100
731 6 29 100
731 38 29 100
731 38 36 100
732 10 20 100
732 33 29 150
732 40 20 100
732 6 29 100
733 38 16 99
733 38 20 150
733 20 23 100
734 36 36 100
734 48 29 150
734 38 7 99
734 38 29 100
734 14 48 99
735 25 38 100
735 42 29 148
735 19 21 99
735 16 3 100
736 43 16 100
736 49 29 150
736 44 29 100
737 44 29 100
737 42 20 99
737 26 20 100
737 26 36 100
737 16 29 100
737 28 20 100
737 28 40 100
738 29 37 100
738 41 24 99
738 43 34 100
738 10 20 100
738 49 29 150
738 49 49 100
739 46 7 100
739 33 29 150
739 44 29 100
739 9 20 100
739 29 15 100
739 29 37 100
739 45 15 150
740 47 20 150
740 47 29 150
741 27 37 100
741 37 36 100
741 47 29 150
741 36 46 100
741 20 46 150
741 38 29 100
742 16 29 100
742 16 42 150
742 8 46 100
742 30 46 100
742 30 48 99
742 44 29 100
742 24 46 150
742 17 42 150
743 48 29 150
743 7 29 100
743 20 7 100
743 20 40 99
743 10 10 100
743 37 36 100
743 12 37 99
744 27 37 100
744 10 42 100
744 39 29 100
744 44 29 100
744 4 42 150
744 36 42 148
745 41 36 100
745 41 42 99
745 27 37 100
745 7 29 100
745 42 42 150
745 29 43 100
746 38 20 150
746 38 29 100
746 40 20 100
746 28 20 100
746 8 23 100
747 30 2 100
747 30 38 150
747 38 10 100
747 38 20 150
747 28 20 100
747 40 20 100
748 33 29 150
748 36 40 100
748 20 3 100
748 49 29 150
749 44 29 100
749 38 29 100
749 38 36 100
749 38 42 100
749 7 34 100
749 47 42 100
749 3 37 100
749 17 42 150
750 49 29 150
751 19 0 100
751 47 29 150
751 47 42 100
751 17 0 100
751 17 42 150
751 37 0 100
751 6 0 99
751 6 29 100
751 15 0 100
751 15 42 99
751 48 46 100
751 25 0 100
751 22 0 99
751 39 0 99
751 29 0 99
752 30 46 100
752 40 20 100
752 25 0 100
752 0 46 100
752 7 29 100
752 15 0 100
752 44 29 100
752 8 0 100
752 8 46 100
752 26 20 100
753 44 7 150
753 44 29 100
753 30 37 100
753 30 46 100
753 23 0 100
753 23 46 100
753 27 36 150
753 16 29 100
753 28 20 100
753 41 24 99
753 46 0 100
753 19 0 100
753 17 0 100
753 47 20 150
754 12 20 100
754 12 37 99
754 22 0 99
754 1 36 99
754 25 0 100
754 17 0 100
754 17 40 100
754 26 20 100
754 6 0 99
754 6 29 100
754 15 0 100
754 23 0 100
755 39 0 99
755 39 29 100
755 12 20 100
755 10 22 100
755 22 0 99
755 27 9 99
755 7 29 100
755 17 0 100
755 6 0 99
755 6 29 100
756 10 10 100
756 10 42 100
756 34 3 100
756 5 36 150
756 44 29 100
756 32 42 100
756 25 0 100
756 37 0 100
756 7 29 100
756 48 42 150
757 36 0 99
757 15 0 100
757 9 20 100
757 9 29 150
757 47 20 150
757 7 29 100
757 8 0 100
757 46 0 100
757 40 20 100
758 8 0 100
758 30 15 148
758 30 37 100
758 36 0 99
758 19 0 100
758 19 7 100
758 46 0 100
758 16 29 100
758 42 0 100
758 4 15 99
758 44 29 100
758 7 15 100
758 39 0 99
759 26 16 100
759 26 20 100
759 26 28 100
759 29 0 99
759 22 0 99
759 6 0 99
759 6 29 100
759 48 29 150
759 23 0 100
759 23 40 99
759 25 0 100
759 12 20 100
759 38 20 150
759 39 0 99
760 23 0 100
760 15 0 100
760 35 21 100
760 33 29 150
760 37 0 100
760 8 0 100
760 9 20 100
761 10 20 100
761 40 20 100
761 42 0 100
761 42 29 148
761 42 37 100
761 39 0 99
761 39 29 100
761 17 0 100
762 2 38 99
762 14 34 99
762 38 7 99
762 38 20 150
762 38 29 100
762 38 37 150
762 26 20 100
762 44 29 100
762 42 20 99
763 48 29 150
763 41 36 100
763 12 20 100
763 10 20 100
763 42 20 99
764 37 36 100
764 27 37 100
764 30 48 99
764 38 29 100
764 48 29 150
764 42 20 99
765 28 20 100
765 28 37 99
765 28 40 100
765 29 23 100
765 12 20 100
765 6 29 100
765 47 20 150
765 47 29 150
765 26 36 100
766 29 37 100
766 48 29 150
766 9 24 100
767 49 29 150
767 49 37 100
767 32 42 100
767 15 42 99
767 7 29 100
767 7 34 100
767 37 36 100
768 16 10 150
768 16 29 100
768 49 27 100
768 41 42 99
768 18 7 100
768 9 20 100
768 47 20 150
769 9 20 100
769 9 29 150
769 48 29 150
769 28 20 100
769 28 37 99
770 33 29 150
770 39 29 100
770 28 20 100
770 26 20 100
770 18 7 100
771 49 29 150
771 12 20 100
771 32 42 100
771 28 20 100
771 28 40 100
771 26 20 100
771 16 42 150
772 47 29 150
772 47 42 100
772 19 21 99
772 43 36 148
772 42 20 99
773 42 20 99
773 42 37 100
773 42 42 150
773 9 20 100
773 9 49 100
773 38 20 150
773 38 29 100
773 38 42 100
774 38 36 100
775 12 37 99
775 37 15 148
775 18 7 100
775 42 29 148
775 15 48 100
775 4 15 99
776 37 0 100
776 49 29 150
776 49 37 100
776 44 29 100
776 23 0 100
776 23 28 100
776 23 40 99
776 23 42 100
776 16 42 150
776 10 20 100
776 10 42 100
776 38 20 150
776 26 20 100
776 6 0 99
776 42 0 100
777 46 0 100
777 24 3 100
777 14 44 100
777 37 0 100
777 25 0 100
777 47 29 150
777 15 0 100
777 22 0 99
778 4 42 150
778 29 0 99
778 16 29 100
778 16 42 150
778 37 0 100
778 44 29 100
778 38 29 100
779 26 36 100
779 46 0 100
779 27 34 99
779 27 37 100
779 25 0 100
779 36 0 99
779 17 0 100
779 17 27 100
779 19 0 100
780 46 0 100
780 8 0 100
780 20 37 148
780 42 0 100
780 42 29 148
780 19 0 100
780 25 0 100
780 48 29 150
781 34 37 99
781 38 7 99
781 38 10 100
781 38 29 100
781 15 0 100
781 42 0 100
781 16 29 100
781 29 0 99
781 6 0 99
782 30 37 100
782 37 0 100
782 37 36 100
782 9 24 100
782 9 29 150
782 22 0 99
782 15 0 100
782 25 0 100
782 46 0 100
783 42 0 100
783 42 20 99
783 42 29 148
783 46 0 100
783 39 0 99
783 39 29 100
783 12 20 100
783 6 0 99
783 40 1 100
783 40 20 100
783 36 0 99
783 36 40 100
784 39 0 99
784 39 29 100
784 16 29 100
784 5 2 100
784 2 38 99
784 15 0 100
784 9 20 100
784 46 0 100
784 26 20 100
784 1 1 99
784 8 0 100
784 8 1 148
784 14 1 100
784 34 22 99
785 24 3 100
785 39 0 99
785 39 29 100
785 19 0 100
785 40 20 100
785 6 0 99
785 6 29 100
785 26 20 100
785 26 36 100
785 9 10 100
785 32 42 100
786 16 29 100
786 16 42 150
786 42 0 100
786 42 20 99
786 42 29 148
786 42 37 100
786 42 42 150
786 40 20 100
786 15 0 100
786 12 20 100
786 6 0 99
786 8 0 100
786 18 34 99
786 23 0 100
786 22 0 99
786 19 0 100
787 42 0 100
787 42 20 99
787 42 29 148
787 42 37 100
787 19 0 100
787 26 20 100
787 26 36 100
787 12 20 100
788 8 16 100
788 17 40 100
788 18 7 100
788 49 29 150
788 47 29 150
788 41 36 100
788 10 20 100
788 15 48 100
789 36 0 99
789 38 29 100
789 3 37 100
789 7 29 100
789 29 0 99
789 22 0 99
790 30 37 100
790 40 20 100
790 26 20 100
790 37 0 100
790 29 0 99
790 6 0 99
790 17 0 100
790 39 0 99
791 40 20 100
791 29 0 99
791 6 0 99
791 6 29 100
791 10 10 100
791 10 24 100
791 37 0 100
791 7 29 100
791 15 0 100
792 39 0 99
792 26 36 100
792 10 42 100
792 19 0 100
792 48 42 150
792 23 0 100
792 17 0 100
792 42 0 100
792 8 0 100
793 35 48 148
793 25 0 100
793 36 0 99
793 18 7 100
793 23 0 100
793 7 29 100
793 33 29 150
793 46 0 100
793 39 0 99
794 46 0 100
794 46 21 100
794 17 0 100
794 49 29 150
794 22 0 99
794 19 0 100
794 38 10 100
794 15 0 100
795 5 37 100
795 43 15 148
795 39 0 99
795 39 29 100
795 44 29 100
795 4 15 99
795 4 42 150
795 6 0 99
795 6 29 100
795 29 0 99
795 16 42 150
795 42 0 100
795 36 0 99
795 36 40 100
795 47 42 100
796 30 37 100
796 8 0 100
796 36 0 99
796 46 0 100
796 47 20 150
796 47 29 150
796 38 20 150
796 22 0 99
796 6 0 99
797 43 16 100
797 43 23 100
797 23 0 100
797 15 0 100
797 10 20 100
797 33 29 150
797 36 0 99
797 19 0 100
797 19 7 100
797 37 0 100
797 38 20 150
797 38 29 100
798 15 0 100
798 15 48 100
798 0 36 100
798 49 29 150
798 10 20 100
798 42 0 100
798 42 20 99
799 0 36 100
799 9 20 100
799 9 29 150
799 25 0 100
799 12 20 100
799 17 0 100
799 17 42 150
799 8 0 100
799 44 29 100
799 6 0 99
799 15 0 100
799 15 42 99
799 26 20 100
800 9 29 150
800 22 0 99
800 22 7 100
800 8 0 100
800 8 39 100
800 11 37 100
800 44 29 100
800 1 36 99
801 38 20 150
801 20 40 99
801 9 20 100
802 47 20 150
802 47 29 150
802 38 29 100
802 38 36 100
802 38 37 150
802 35 46 100
803 5 37 100
803 35 46 100
803 2 38 99
803 36 46 100
803 6 29 100
803 6 49 99
803 48 46 100
803 0 46 100
803 7 29 100
803 7 34 100
803 8 46 100
803 46 7 100
804 42 29 148
804 42 37 100
804 38 22 100
805 15 48 100
805 6 29 100
805 0 36 100
805 48 29 150
805 31 43 100
805 34 37 99
806 49 29 150
806 19 7 100
806 41 36 100
806 9 10 100
806 9 20 100
806 26 20 100
806 40 20 100
807 8 0 100
807 38 29 100
807 38 36 100
807 38 42 100
807 23 0 100
807 23 40 99
807 23 42 100
807 49 37 100
807 41 42 99
807 29 0 99
807 36 0 99
807 46 0 100
808 36 0 99
808 13 28 100
808 32 42 100
808 42 0 100
808 42 29 148
808 39 0 99
808 22 0 99
808 23 0 100
808 6 0 99
809 7 29 100
809 5 37 100
809 42 0 100
809 42 20 99
809 42 29 148
809 42 42 150
809 4 42 150
809 8 0 100
809 15 0 100
809 28 20 100
809 25 0 100
810 6 0 99
810 32 42 100
810 38 20 150
810 38 42 100
810 19 0 100
810 17 0 100
810 17 42 150
810 15 0 100
810 23 0 100
811 9 29 150
811 8 0 100
811 25 0 100
811 25 37 150
811 19 0 100
811 19 21 99
811 29 0 99
812 47 29 150
812 46 0 100
812 15 0 100
812 44 29 100
812 22 0 99
812 25 0 100
812 25 30 100
812 6 0 99
812 49 37 100
812 42 0 100
812 30 40 100
813 23 0 100
813 23 42 100
813 22 0 99
813 42 0 100
813 42 20 99
813 42 29 148
813 42 42 150
813 28 20 100
813 26 20 100
813 8 0 100
813 36 0 99
813 44 29 100
814 16 29 100
814 7 29 100
814 40 20 100
814 26 20 100
814 37 0 100
814 25 0 100
814 38 20 150
814 12 20 100
814 22 0 99
815 37 0 100
815 33 29 150
815 39 0 99
815 40 20 100
815 41 24 99
815 41 42 99
815 36 0 99
815 36 42 148
815 22 0 99
815 42 0 100
815 42 20 99
815 42 37 100
815 42 42 150
815 25 0 100
815 9 20 100
815 47 23 99
816 1 36 99
816 47 29 150
816 47 42 100
816 16 29 100
816 16 42 150
816 37 0 100
816 49 37 100
816 7 34 100
816 25 0 100
816 39 0 99
817 6 0 99
817 6 29 100
817 8 0 100
817 37 0 100
817 37 36 100
817 15 0 100
817 39 29 100
817 11 37 100
817 10 20 100
818 30 40 100
818 26 20 100
818 10 20 100
818 47 29 150
818 49 29 150
818 42 20 99
819 1 16 100
819 17 42 150
819 38 7 99
819 38 10 100
819 38 20 150
819 38 29 100
819 38 42 100
819 12 20 100
819 23 42 100
819 29 3 100
819 40 20 100
820 4 38 100
820 9 20 100
820 9 29 150
820 42 20 99
820 42 29 148
820 38 20 150
821 26 28 100
821 17 42 150
821 7 29 100
821 15 42 99
821 15 48 100
821 47 42 100
822 38 16 99
822 38 20 150
822 38 22 100
822 38 29 100
822 48 29 150
822 39 29 100
822 47 20 150
823 17 40 100
823 17 42 150
823 10 42 100
823 47 29 150
823 47 42 100
823 19 21 99
824 44 29 100
824 4 42 150
824 6 29 100
824 0 36 100
824 48 42 150
824 38 20 150
824 28 20 100
824 28 37 99
824 42 20 99
825 44 29 100
825 38 29 100
825 15 48 100
825 42 37 100
826 27 37 100
826 39 29 100
826 7 29 100
826 26 20 100
827 11 37 100
827 7 29 100
827 40 20 100
827 9 20 100
827 9 29 150
827 22 7 100
827 42 20 99
828 42 20 99
828 42 29 148
828 13 36 150
828 26 20 100
828 14 34 99
828 34 37 99
829 9 20 100
829 9 29 150
829 9 49 100
829 12 20 100
829 20 40 99
829 6 29 100
829 47 20 150
830 24 37 150
830 49 29 150
830 16 42 150
830 12 20 100
830 9 10 100
830 9 38 99
830 14 48 99
831 48 9 150
831 48 29 150
831 48 42 150
831 29 37 100
831 0 36 100
831 16 29 100
832 9 24 100
832 9 29 150
832 49 27 100
832 16 29 100
833 11 37 100
833 20 7 100
833 42 29 148
834 9 29 150
834 20 40 99
834 30 48 99
834 7 29 100
835 38 29 100
835 38 36 100
835 47 23 99
835 47 29 150
835 27 37 100
836 20 7 100
836 48 2 100
836 48 29 150
837 46 21 100
838 9 10 100
838 9 20 100
838 9 24 100
838 28 20 100
838 42 20 99
838 12 20 100
838 16 29 100
839 40 20 100
839 38 20 150
839 28 20 100
840 10 20 100
840 29 37 100
840 38 20 150
840 9 20 100
841 28 20 100
841 26 16 100
841 26 20 100
841 26 36 100
841 9 20 100
841 6 29 100
842 38 7 99
842 38 20 150
842 38 36 100
842 42 20 99
842 10 20 100
843 0 36 100
843 42 37 100
843 30 40 100
843 30 48 99
844 23 28 100
844 11 37 100
844 16 29 100
845 29 15 100
845 18 7 100
845 14 48 99
845 34 15 150
845 4 15 99
846 30 37 100
847 7 29 100
847 30 37 100
847 17 42 150
847 46 38 99
847 48 42 150
848 20 40 99
848 40 20 100
848 28 20 100
848 38 10 100
848 38 20 150
849 10 20 100
849 10 42 100
849 3 36 148
849 3 37 100
849 48 42 150
849 26 20 100
849 15 42 99
849 38 20 150
849 27 34 99
850 24 3 100
850 39 29 100
851 42 37 100
851 37 44 100
851 15 39 100
851 22 7 100
851 7 23 100
852 6 0 99
852 40 20 100
852 15 0 100
852 29 0 99
852 25 0 100
852 47 20 150
852 36 0 99
852 12 20 100
853 15 0 100
853 15 42 99
853 42 0 100
853 42 42 150
853 8 0 100
853 0 36 100
853 6 0 99
853 19 0 100
853 19 21 99
854 38 7 99
854 38 16 99
854 38 20 150
854 38 29 100
854 38 36 100
854 38 42 100
854 26 20 100
854 29 0 99
854 37 0 100
854 47 20 150
855 26 6 150
855 26 20 100
855 33 6 100
855 24 6 100
855 24 37 150
855 10 20 100
855 20 6 150
855 20 40 99
855 41 6 100
855 23 0 100
855 38 20 150
855 39 0 99
855 6 0 99
855 19 0 100
856 8 0 100
856 29 0 99
856 6 0 99
856 6 49 99
857 39 0 99
857 39 29 100
857 15 0 100
857 18 34 99
857 11 37 100
857 9 24 100
857 9 38 99
857 42 0 100
857 37 0 100
857 22 0 99
857 36 0 99
858 39 0 99
858 48 27 100
858 19 0 100
858 19 6 150
858 36 0 99
858 33 6 100
858 25 0 100
858 23 0 100
858 37 0 100
859 37 0 100
859 24 6 100
859 34 37 99
859 30 28 100
859 6 0 99
859 46 0 100
859 46 6 150
859 46 7 100
859 29 0 99
859 25 0 100
860 42 0 100
860 46 0 100
860 39 0 99
860 39 29 100
860 6 0 99
860 22 0 99
860 19 0 100
860 24 3 100
861 29 0 99
861 29 37 100
861 10 20 100
861 42 0 100
861 42 20 99
861 17 0 100
861 19 0 100
861 19 7 100
861 28 20 100
861 8 0 100
861 23 0 100
862 33 6 100
862 14 6 100
862 37 0 100
862 3 37 100
862 29 0 99
862 29 23 100
862 26 6 150
862 42 0 100
862 42 6 150
862 20 6 150
862 20 40 99
863 10 10 100
863 10 20 100
863 42 20 99
863 16 29 100
863 26 20 100
863 26 36 100
864 30 48 99
864 9 20 100
864 9 38 99
865 16 42 150
865 28 37 99
865 32 42 100
865 38 42 100
