4 0 6 150
5 48 48 100
7 32 48 100
7 8 46 99
9 16 48 100
9 22 28 100
9 8 46 99
10 44 6 99
11 8 46 99
12 48 48 100
12 0 46 99
13 13 46 99
13 22 48 100
14 8 46 99
15 48 48 100
18 28 48 100
20 4 48 100
21 43 46 150
21 20 6 150
21 22 28 100
22 13 46 99
23 9 6 100
25 48 6 100
26 13 6 150
27 9 6 100
27 9 46 100
28 0 28 100
29 0 48 148
30 44 46 100
31 34 48 99
32 40 46 100
33 1 48 100
33 13 46 99
34 44 6 99
35 0 46 99
36 30 48 100
36 17 46 100
38 20 48 100
39 14 6 150
39 0 28 100
41 6 48 100
41 40 46 100
42 34 46 100
43 20 48 100
45 48 6 100
45 2 46 100
46 44 46 100
46 34 48 99
48 44 46 100
48 1 48 100
49 16 46 100
49 16 48 100
50 3 6 100
51 43 46 150
52 22 28 100
52 22 48 100
53 17 46 100
54 48 48 100
54 9 46 100
56 48 48 100
57 13 46 99
57 25 6 100
58 14 46 148
58 49 6 100
60 32 48 100
61 28 48 100
61 13 46 99
63 28 48 100
63 8 46 99
64 3 6 100
64 9 46 100
65 22 28 100
66 28 48 100
68 8 46 99
68 16 48 100
69 17 46 100
70 40 6 100
70 40 46 100
71 20 48 100
72 1 48 100
73 8 46 99
75 32 48 100
75 40 28 99
77 16 46 100
77 18 6 99
78 44 6 99
79 48 48 100
79 34 46 100
81 48 6 100
82 31 48 100
82 40 46 100
83 29 48 100
83 0 46 99
84 40 28 99
85 5 48 100
86 13 46 99
87 30 48 100
87 2 46 100
88 18 6 99
88 34 46 100
90 30 48 100
91 44 6 99
92 40 28 99
93 17 46 100
93 11 6 100
94 30 48 100
95 41 48 100
97 34 46 100
97 34 48 99
98 16 46 100
100 28 48 100
101 0 28 100
102 16 46 100
102 16 48 100
103 34 48 99
104 9 46 100
105 28 48 100
105 2 46 100
106 0 46 99
107 20 6 150
108 32 48 100
110 3 6 100
110 2 46 100
111 9 46 100
112 22 28 100
112 0 6 150
113 28 48 100
114 11 6 100
115 16 46 100
116 1 48 100
117 16 46 100
117 6 10 148
117 38 10 100
117 0 10 100
117 35 10 100
117 17 10 100
118 9 46 100
118 29 48 100
118 13 10 150
118 5 10 100
119 4 10 150
119 30 10 99
119 40 46 100
119 0 10 100
119 38 10 100
119 13 10 150
119 17 10 100
120 38 10 100
120 5 10 100
120 5 48 100
120 34 46 100
120 6 10 148
121 0 10 100
121 30 10 99
121 10 10 150
121 17 10 100
122 4 10 150
122 4 48 100
122 5 10 100
123 0 10 100
123 0 46 99
123 5 10 100
123 4 10 150
123 13 10 150
123 25 10 148
124 5 10 100
124 5 48 100
124 27 10 150
124 13 10 150
124 13 46 99
124 4 10 150
124 6 10 148
125 38 10 100
125 8 10 150
125 8 46 99
125 10 10 150
125 30 10 99
125 25 10 148
125 6 10 148
126 30 10 99
126 30 48 100
126 38 10 100
126 5 10 100
126 10 10 150
126 13 10 150
127 35 10 100
127 17 10 100
127 8 10 150
128 2 46 100
128 16 48 100
128 0 28 100
129 18 6 99
129 13 46 99
130 8 46 99
131 34 46 100
131 34 48 99
133 30 48 100
134 14 6 150
135 48 6 100
135 40 28 99
136 9 46 100
137 22 48 100
138 29 48 100
138 13 46 99
139 2 46 100
141 8 46 99
141 31 48 100
143 30 48 100
143 44 46 100
144 9 6 100
144 9 46 100
146 5 48 100
146 2 46 100
148 5 48 100
149 5 48 100
150 40 28 99
150 40 46 100
151 3 6 100
152 1 6 100
152 8 46 99
153 11 6 100
154 9 6 100
156 31 48 100
156 16 46 100
157 44 46 100
157 40 28 99
158 34 46 100
158 34 48 99
159 40 46 100
160 4 48 100
161 18 6 99
161 44 46 100
162 14 6 150
163 44 6 99
163 44 46 100
165 4 48 100
167 9 6 100
168 3 6 100
168 40 28 99
169 49 6 100
169 34 46 100
170 48 48 100
171 48 6 100
172 0 46 99
172 40 6 100
173 44 6 99
174 8 46 99
175 48 48 100
175 9 46 100
178 1 48 100
179 16 46 100
180 43 46 150
180 41 48 100
181 18 6 99
181 0 28 100
182 8 46 99
182 29 48 100
184 0 46 99
184 34 48 99
186 29 48 100
188 14 6 150
189 30 48 100
189 40 28 99
191 30 48 100
191 17 46 100
193 1 48 100
195 48 6 100
195 22 28 100
196 11 6 100
196 13 46 99
197 4 48 100
197 40 46 100
199 28 48 100
200 17 46 100
201 28 48 100
201 44 46 100
202 40 6 100
202 40 46 100
203 8 46 99
203 34 48 99
204 40 6 100
205 22 28 100
206 11 6 100
207 48 48 100
208 2 46 100
209 29 48 100
211 34 46 100
211 34 48 99
212 1 6 100
213 0 28 100
214 44 46 100
214 28 48 100
215 32 48 100
216 44 46 100
217 13 46 99
217 28 48 100
219 11 6 100
219 40 46 100
221 20 6 150
221 40 46 100
223 9 46 100
223 22 48 100
225 0 28 100
229 16 46 100
232 9 46 100
232 22 28 100
233 8 46 99
234 2 46 100
235 16 46 100
238 40 46 100
239 34 46 100
242 0 28 100
244 9 46 100
245 34 46 100
250 2 46 100
251 22 28 100
253 44 46 100
255 8 46 99
257 17 46 100
258 40 46 100
260 0 28 100
263 40 46 100
266 8 46 99
267 0 46 99
269 0 28 100
272 2 46 100
276 40 28 99
279 2 46 100
280 13 46 99
283 17 46 100
284 16 46 100
285 40 28 99
288 40 46 100
290 40 46 100
291 22 17 100
294 7 17 100
294 40 28 99
295 2 9 100
295 2 46 100
295 1 9 100
296 46 17 99
299 22 17 100
299 22 28 100
301 34 46 100
301 11 17 100
302 22 17 100
304 1 17 99
306 46 17 99
306 16 46 100
307 11 17 100
307 8 46 99
308 13 9 100
308 23 9 99
309 0 28 100
311 22 9 150
312 1 17 99
313 8 46 99
313 38 23 100
314 22 28 100
318 43 17 99
319 13 46 99
320 46 17 99
321 40 28 99
322 40 46 100
322 22 17 100
323 8 46 99
324 43 17 99
325 2 9 100
325 45 9 99
326 41 9 150
326 42 9 100
327 34 9 148
329 20 17 150
330 34 9 148
330 22 28 100
330 13 9 100
331 13 9 100
331 6 9 100
332 13 9 100
332 2 9 100
334 20 23 100
335 2 9 100
335 23 9 99
336 0 28 100
337 22 17 100
338 40 46 100
339 16 46 100
339 21 17 148
342 22 17 100
343 44 46 100
343 7 17 100
344 7 17 100
344 0 28 100
346 1 17 99
347 16 46 100
349 20 17 150
350 0 46 99
350 42 9 100
350 45 9 99
352 34 46 100
353 41 9 150
353 0 28 100
355 11 17 100
355 34 46 100
356 8 46 99
358 22 17 100
359 40 46 100
359 1 17 99
359 0 46 99
362 22 17 100
362 22 28 100
363 0 46 99
363 43 17 99
364 43 17 99
366 7 17 100
367 44 46 100
367 17 23 100
369 43 17 99
369 13 46 99
370 16 46 100
371 43 9 150
371 8 46 99
371 6 9 100
372 46 17 99
374 22 28 100
374 40 46 100
375 6 9 100
375 42 9 100
376 43 17 99
378 37 9 150
378 0 46 99
379 13 46 99
380 7 17 100
381 20 23 100
382 0 46 99
382 1 17 99
383 0 46 99
385 40 46 100
385 1 17 99
386 22 28 100
387 43 9 150
387 45 9 99
388 46 17 99
389 43 17 99
390 42 46 148
392 22 28 100
393 1 17 99
395 1 17 99
396 20 23 100
397 22 9 150
399 14 46 148
399 11 17 100
401 0 28 100
401 45 9 99
401 23 9 99
402 40 37 100
403 45 9 99
403 8 46 99
403 17 9 150
405 22 17 100
405 13 46 99
406 17 9 150
407 0 28 100
408 6 9 100
408 12 9 150
409 23 17 148
409 13 46 99
412 7 17 100
414 13 46 99
415 23 17 148
416 38 23 100
417 7 17 100
418 45 28 150
420 12 17 150
421 43 17 99
421 13 46 99
422 13 46 99
424 17 9 150
425 0 46 99
426 43 17 99
426 13 46 99
427 17 23 100
429 8 46 99
429 22 28 100
430 7 17 100
432 45 9 99
432 1 9 100
433 0 46 99
434 13 46 99
434 7 17 100
435 37 9 150
435 0 46 99
436 41 9 150
436 13 9 100
437 8 46 99
437 24 23 100
438 43 9 150
438 1 9 100
438 22 28 100
440 8 46 99
441 22 17 100
442 13 46 99
443 2 9 100
443 1 9 100
444 12 9 150
445 22 28 100
446 23 17 148
446 13 46 99
448 22 17 100
450 1 17 99
451 12 9 150
452 40 28 99
452 1 9 100
453 5 37 100
454 13 46 99
457 13 46 99
457 22 17 100
458 8 46 99
459 6 9 100
459 13 9 100
460 0 28 100
461 46 17 99
463 7 17 100
464 5 37 100
465 13 46 99
466 38 23 100
467 43 17 99
468 0 28 100
468 0 46 99
469 7 17 100
470 8 46 99
472 0 46 99
472 41 9 150
473 8 46 99
477 40 28 99
477 43 17 99
478 11 17 100
480 11 17 100
480 13 46 99
481 20 23 100
482 1 9 100
482 22 9 150
483 13 46 99
484 40 28 99
484 17 9 150
486 7 17 100
487 13 46 99
489 11 17 100
489 41 37 100
491 13 46 99
492 0 28 100
492 46 17 99
494 41 9 150
495 13 9 100
496 7 17 100
497 7 17 100
498 37 9 150
500 22 17 100
500 22 28 100
500 0 46 99
501 23 9 99
501 43 9 150
501 8 46 99
502 8 46 99
503 7 17 100
504 0 46 99
504 1 17 99
506 36 23 100
506 0 46 99
507 22 17 100
508 13 46 99
509 11 17 100
510 22 17 100
510 0 46 99
511 42 9 100
511 40 28 99
511 1 9 100
512 41 9 150
514 13 46 99
515 13 46 99
515 7 17 100
517 8 46 99
517 13 46 99
519 43 17 99
520 7 17 100
521 40 28 99
523 0 46 99
524 13 46 99
524 41 37 100
525 24 23 100
525 13 46 99
526 6 9 100
526 37 9 150
527 46 17 99
528 46 9 99
528 6 9 100
530 40 28 99
531 11 17 100
532 11 17 100
533 0 46 99
534 46 17 99
536 40 28 99
536 45 9 99
537 23 9 99
537 34 9 148
538 37 9 150
538 46 9 99
540 46 17 99
541 20 23 100
543 6 9 100
543 45 9 99
544 7 17 100
546 11 17 100
548 41 9 150
550 46 17 99
551 1 17 99
553 7 17 100
555 12 17 150
557 22 17 100
559 22 17 100
562 22 17 100
565 46 17 99
566 34 9 148
566 42 9 100
568 22 17 100
569 24 23 100
570 46 17 99
573 7 17 100
575 46 17 99
577 46 17 99
579 1 6 100
580 4 48 100
580 0 46 99
581 0 46 99
582 1 48 100
583 30 48 100
585 6 48 100
585 22 28 100
586 20 6 150
587 13 46 99
588 31 48 100
591 49 6 100
591 0 28 100
592 20 48 100
593 4 48 100
595 28 48 100
596 13 46 99
597 31 48 100
599 25 6 100
600 16 48 100
600 22 28 100
601 14 46 148
602 22 48 100
602 13 46 99
603 48 48 100
605 4 48 100
607 16 48 100
607 40 28 99
609 44 46 100
609 48 48 100
610 34 46 100
611 16 46 100
611 16 48 100
612 17 46 100
612 20 48 100
614 34 46 100
614 34 48 99
615 44 6 99
615 44 46 100
617 34 48 99
618 40 28 99
619 30 48 100
620 34 48 99
622 29 48 100
622 13 46 99
624 32 48 100
624 2 46 100
625 44 46 100
626 32 48 100
627 16 46 100
627 40 28 99
628 16 48 100
629 20 48 100
630 17 46 100
631 6 48 100
631 13 46 99
633 41 48 100
633 16 46 100
635 44 46 100
635 31 48 100
636 0 46 99
636 34 48 99
637 17 46 100
638 6 48 100
639 22 28 100
640 34 46 100
640 11 6 100
641 6 48 100
643 6 48 100
644 40 46 100
645 31 48 100
646 22 48 100
647 18 6 99
647 0 28 100
648 13 46 99
648 1 6 100
649 17 46 100
650 34 48 99
652 29 48 100
654 48 48 100
655 22 28 100
657 48 6 100
657 13 46 99
658 28 48 100
659 30 48 100
659 40 46 100
661 4 48 100
663 44 46 100
663 4 48 100
663 40 28 99
665 29 48 100
666 16 48 100
668 41 48 100
669 34 46 100
670 40 28 99
670 29 48 100
672 29 48 100
672 34 46 100
674 8 46 99
674 49 48 150
675 13 46 99
676 28 48 100
678 31 48 100
679 22 28 100
680 49 6 100
681 1 48 100
681 8 46 99
683 0 46 99
683 0 48 148
685 3 6 100
686 30 48 100
687 17 46 100
687 22 28 100
688 20 48 100
690 8 46 99
690 22 48 100
692 29 48 100
693 32 48 100
693 40 28 99
694 8 46 99
695 5 48 100
696 13 46 99
697 6 48 100
699 16 48 100
701 34 48 99
702 29 48 100
703 0 28 100
704 30 48 100
706 28 48 100
707 0 28 100
708 5 48 100
709 22 48 100
711 31 48 100
713 0 28 100
713 0 46 99
713 34 48 99
714 44 46 100
715 34 48 99
716 34 46 100
716 40 6 100
718 31 48 100
719 29 48 100
720 44 6 99
722 1 48 100
723 34 46 100
723 40 28 99
724 1 48 100
724 16 46 100
725 40 6 100
727 48 48 100
727 16 46 100
728 34 48 99
729 22 28 100
731 30 48 100
733 16 46 100
733 16 48 100
734 28 4 100
734 40 46 100
735 34 46 100
736 34 46 100
736 34 48 99
737 0 46 99
738 17 46 100
738 0 48 148
740 16 48 100
742 16 46 100
742 16 48 100
742 22 28 100
744 48 48 100
746 8 46 99
746 48 48 100
747 29 48 100
748 40 28 99
749 13 46 99
749 32 48 100
752 14 6 150
753 0 46 99
753 20 48 100
755 28 48 100
756 40 28 99
757 49 48 150
758 16 46 100
759 29 48 100
761 32 48 100
762 40 28 99
763 32 48 100
764 44 46 100
765 0 46 99
765 0 48 148
767 6 48 100
767 2 46 100
769 31 48 100
770 40 46 100
771 32 48 100
772 22 28 100
773 29 48 100
774 16 48 100
776 34 46 100
776 34 48 99
778 31 48 100
778 0 28 100
780 2 46 100
780 32 48 100
781 1 48 100
783 1 48 100
784 8 46 99
785 4 48 100
786 40 28 99
787 6 48 100
787 44 46 100
789 43 48 148
791 32 48 100
793 30 48 100
793 40 28 99
795 20 48 100
796 44 46 100
797 29 48 100
798 5 48 100
800 1 48 100
801 22 28 100
802 32 48 100
804 32 48 100
804 0 28 100
806 34 48 99
807 20 48 100
809 20 48 100
809 0 46 99
811 20 48 100
811 22 28 100
812 44 46 100
814 43 48 148
815 28 48 100
817 40 6 100
817 40 28 99
818 5 48 100
820 30 48 100
821 0 46 99
822 5 48 100
822 40 46 100
824 22 48 100
825 40 28 99
826 32 48 100
828 30 48 100
829 16 46 100
830 28 48 100
831 13 46 99
832 22 48 100
832 34 46 100
833 5 48 100
835 1 48 100
835 40 28 99
836 7 6 150
837 17 46 100
837 11 6 100
839 5 48 100
840 44 46 100
841 6 48 100
841 40 28 99
842 2 46 100
843 40 46 100
844 17 46 100
844 17 48 150
844 44 6 99
845 44 46 100
847 32 48 100
849 8 46 99
850 48 48 100
851 40 28 99
852 16 48 100
854 6 48 100
855 34 48 99
857 0 28 100
857 41 48 100
858 0 46 99
859 40 6 100
860 32 48 100
862 22 48 100
862 0 46 99
863 28 48 100
864 8 16 99
