3 37 5 100
4 12 25 150
5 18 20 100
6 24 13 150
6 32 5 150
6 32 13 100
6 29 15 100
7 37 5 100
8 11 14 100
9 35 5 99
9 20 5 100
10 35 20 99
10 35 25 99
10 26 25 100
10 32 46 100
11 27 3 100
12 29 15 100
12 8 24 99
12 23 11 100
12 10 16 99
13 26 5 100
14 39 20 100
15 29 31 150
16 30 14 100
17 13 13 100
17 8 13 100
17 8 15 99
17 9 13 150
17 9 41 99
18 17 10 150
18 35 20 99
19 13 25 100
19 26 25 100
20 20 25 100
20 39 20 100
20 6 3 99
21 10 11 100
22 32 41 100
22 32 46 100
23 31 14 100
24 48 24 100
24 30 47 99
24 44 47 100
24 42 47 150
24 12 15 100
25 38 47 148
25 49 31 150
26 23 20 100
26 29 15 100
26 12 25 150
27 14 5 150
27 20 25 100
27 30 25 150
27 32 46 100
28 23 13 99
28 12 13 150
28 16 13 100
29 35 20 99
29 35 47 100
29 30 47 99
29 38 47 148
29 9 47 99
30 13 3 99
30 13 5 150
30 6 16 99
31 12 13 150
31 2 13 150
32 29 15 100
32 18 20 100
33 38 5 99
33 23 11 100
34 31 41 100
34 46 13 150
34 48 24 100
34 32 13 100
34 38 5 99
34 13 13 100
35 35 15 100
35 35 20 99
36 40 5 100
36 5 3 100
36 16 21 100
38 45 11 100
38 30 14 100
38 43 18 99
39 39 20 100
39 27 40 100
40 13 3 99
40 13 18 100
40 12 15 100
40 32 46 100
41 3 27 150
41 29 18 100
41 29 30 100
41 29 31 150
41 35 41 100
42 28 18 99
42 6 16 99
42 11 5 148
43 35 13 150
43 32 13 100
43 2 10 100
44 19 25 148
44 12 3 100
44 12 15 100
44 45 25 99
44 15 10 100
44 18 20 100
45 36 18 150
45 18 14 99
45 31 41 100
46 8 24 99
47 34 18 99
48 40 30 99
48 40 40 100
48 8 15 99
49 46 18 99
49 20 5 100
49 23 20 100
50 18 12 150
51 20 18 100
51 13 20 100
52 27 3 100
52 27 40 100
52 13 5 150
52 6 16 99
53 45 11 100
53 29 45 100
53 32 46 100
54 11 47 150
54 0 47 100
54 31 47 148
54 13 20 100
55 42 47 150
55 41 12 100
55 8 24 99
56 0 14 100
56 44 3 100
56 34 18 99
57 12 30 100
58 23 11 100
58 13 18 100
58 35 15 100
59 46 18 99
59 13 20 100
60 38 40 100
60 49 31 150
60 32 46 100
61 4 18 99
61 16 13 100
61 36 11 100
61 32 13 100
61 35 13 150
62 20 5 100
62 20 18 100
62 27 20 99
62 48 6 99
62 37 5 100
62 37 21 100
63 35 15 100
63 2 16 100
64 40 40 100
65 10 40 99
65 32 24 100
66 36 11 100
66 4 30 100
66 39 20 100
66 41 25 150
67 29 18 100
67 0 14 100
68 3 12 100
68 30 25 150
68 44 15 150
68 35 25 99
69 24 18 150
69 32 46 100
70 18 14 99
71 23 20 100
71 15 18 100
72 32 18 150
72 12 3 100
73 38 40 100
73 31 30 99
73 12 15 100
74 13 18 100
74 13 45 100
74 6 31 150
75 46 12 99
75 18 20 100
76 27 3 100
76 35 5 99
76 35 41 100
76 32 46 100
76 34 18 99
77 35 18 148
77 35 25 99
77 19 25 148
77 27 1 99
78 4 18 99
78 4 27 100
78 17 38 100
79 0 14 100
79 28 18 99
80 10 11 100
81 1 6 100
81 43 18 99
81 48 24 100
82 31 14 100
82 25 31 148
82 12 15 100
83 26 3 99
83 28 18 99
83 10 11 100
83 31 30 99
84 4 18 99
84 32 46 100
85 20 5 100
85 20 18 100
85 31 14 100
86 16 18 150
86 39 20 100
86 44 47 100
86 18 47 150
86 0 47 100
86 30 47 99
87 46 18 99
87 6 3 99
87 26 5 100
88 35 15 100
88 30 23 99
88 17 12 100
89 47 18 150
89 42 10 99
90 9 13 150
90 46 13 150
90 46 18 99
90 23 20 100
91 44 5 150
91 48 24 100
91 29 30 100
91 32 46 100
92 47 11 100
92 20 18 100
92 20 25 100
92 23 20 100
92 41 25 150
93 28 18 99
93 29 31 150
94 20 18 100
94 25 16 100
94 22 36 99
94 12 15 100
95 7 18 150
95 21 23 100
95 32 5 150
95 5 20 100
96 6 36 99
96 10 40 99
97 20 18 100
98 18 20 100
98 17 38 100
99 24 45 100
99 43 18 99
100 20 18 100
100 30 14 100
100 30 23 99
100 26 3 99
101 20 18 100
101 4 30 100
101 35 15 100
101 8 24 99
102 36 11 100
102 36 18 150
102 20 5 100
103 40 16 100
103 19 25 148
103 15 18 100
104 35 20 99
104 35 46 150
104 46 18 99
105 21 23 100
105 11 47 150
105 29 18 100
105 32 47 150
106 0 47 100
106 48 36 148
106 32 18 150
106 32 47 150
107 6 3 99
107 34 18 99
107 24 27 100
107 35 20 99
108 39 41 100
108 16 21 100
108 15 18 100
108 4 30 100
109 19 36 100
109 20 18 100
109 18 20 100
110 19 11 100
110 23 31 150
110 8 24 99
110 28 18 99
111 24 12 100
111 24 23 99
111 25 1 100
112 44 15 150
112 24 18 150
112 5 20 100
113 26 5 100
113 46 13 150
113 9 13 150
113 30 40 99
114 46 18 99
114 8 13 100
114 8 36 100
114 19 25 148
114 12 25 150
115 23 20 100
116 13 18 100
116 13 33 100
116 22 33 100
116 40 33 148
116 5 33 148
117 27 40 100
118 32 46 100
118 8 15 99
119 38 40 100
119 26 3 99
119 1 23 100
119 31 14 100
119 10 16 99
120 27 12 100
120 27 20 99
120 4 30 100
120 42 10 99
120 47 11 100
120 20 10 100
120 49 31 150
121 48 24 100
121 20 18 100
122 24 40 99
122 18 20 100
123 10 3 100
123 10 45 100
124 12 15 100
125 19 23 100
125 29 18 100
125 39 38 100
126 24 18 150
126 37 36 150
126 0 14 100
126 32 46 100
126 8 15 99
127 46 18 99
127 10 3 100
127 13 20 100
128 37 5 100
128 20 5 100
128 6 16 99
128 40 30 99
128 40 40 100
129 20 5 100
130 23 13 99
130 23 20 100
130 40 40 100
130 30 13 150
131 27 40 100
131 27 47 150
131 42 47 150
131 48 24 100
132 23 12 150
132 32 46 100
132 32 47 150
132 1 23 100
133 40 43 100
133 10 11 100
133 1 6 100
134 16 33 100
134 43 18 99
134 41 33 100
135 22 33 100
135 31 14 100
135 31 33 100
135 20 33 150
136 1 12 100
136 1 23 100
136 47 1 100
136 13 3 99
136 13 20 100
137 24 40 99
138 2 16 100
138 35 5 99
138 37 5 100
139 10 10 150
139 10 40 99
139 25 31 148
139 32 46 100
139 35 15 100
139 35 20 99
139 9 10 100
140 37 5 100
140 41 25 150
140 31 30 99
140 14 36 100
141 43 12 150
141 45 11 100
142 3 38 100
142 13 13 100
142 13 18 100
142 13 20 100
142 46 13 150
142 28 13 100
143 35 15 100
143 35 25 99
143 41 25 150
143 28 18 99
144 24 40 99
145 34 18 99
145 31 14 100
146 12 3 100
146 12 15 100
146 27 47 150
146 38 47 148
146 1 43 100
146 32 46 100
146 32 47 150
147 47 18 150
147 44 47 100
147 48 24 100
147 5 20 100
148 3 23 100
148 4 18 99
149 43 18 99
149 32 5 150
149 5 3 100
149 12 30 100
150 12 6 100
150 12 21 100
150 12 36 100
150 20 18 100
150 6 31 150
150 23 20 100
151 8 15 99
151 32 18 150
151 7 48 99
151 28 48 99
152 27 40 100
152 31 48 100
152 28 48 99
152 37 48 148
153 31 48 100
153 5 48 100
153 46 18 99
153 7 48 99
153 10 16 99
153 8 15 99
154 20 18 100
154 20 48 100
154 47 11 100
154 36 36 148
155 35 15 100
155 35 20 99
155 20 48 100
155 1 12 100
155 24 48 99
156 39 45 100
156 1 23 100
156 21 30 99
157 39 20 100
157 34 18 99
158 28 18 99
158 40 16 100
159 40 18 150
159 48 24 100
159 32 46 100
159 24 23 99
160 1 33 100
160 5 20 100
160 5 33 148
160 9 13 150
160 20 18 100
160 20 33 150
160 32 13 100
160 37 13 100
160 22 33 100
160 31 33 100
161 44 5 150
161 37 27 100
161 43 18 99
161 34 1 99
162 35 13 150
162 35 15 100
162 17 12 100
162 17 13 148
163 41 12 100
163 21 30 99
163 5 3 100
163 5 20 100
164 47 11 100
164 30 23 99
164 20 18 100
165 14 5 150
166 36 18 150
166 10 16 99
166 13 20 100
167 20 18 100
167 31 41 100
167 48 24 100
168 16 33 100
168 26 5 100
168 5 20 100
168 5 33 148
168 40 33 148
168 40 40 100
168 1 33 100
169 26 25 100
169 16 33 100
169 9 15 100
169 43 18 99
169 13 25 100
170 28 18 99
170 42 21 99
170 19 23 100
170 25 30 99
171 5 20 100
171 15 18 100
171 22 11 99
172 34 18 99
172 32 46 100
172 6 36 99
173 38 40 100
174 35 15 100
174 35 18 148
174 35 20 99
174 35 25 99
174 0 23 100
174 25 16 100
174 20 25 100
174 13 25 100
175 15 10 100
176 41 25 150
176 49 31 150
176 24 40 99
177 45 11 100
177 3 12 100
177 0 14 100
178 35 25 99
178 12 25 150
178 22 23 100
179 4 18 99
179 4 30 100
179 32 24 100
179 32 46 100
180 30 40 99
180 23 20 100
180 12 15 100
181 27 3 100
181 26 43 99
181 1 27 150
181 4 18 99
182 22 23 100
182 43 45 100
182 27 40 100
183 47 18 150
183 27 20 99
184 24 23 99
184 20 18 100
184 6 16 99
185 18 11 99
185 35 25 99
185 45 25 99
186 15 18 100
186 29 30 100
186 23 20 100
187 3 23 100
188 13 18 100
188 27 40 100
188 9 15 100
189 28 18 99
189 23 20 100
189 45 25 99
190 43 18 99
190 12 25 150
191 33 1 99
191 16 18 150
191 10 10 150
191 42 10 99
191 35 46 150
192 10 16 99
192 13 18 100
192 31 14 100
193 19 11 100
193 19 23 100
193 19 25 148
193 15 18 100
193 27 20 99
193 35 25 99
194 8 24 99
195 25 30 99
195 25 31 148
195 44 3 100
195 20 18 100
196 11 5 148
196 15 18 100
196 18 20 100
197 8 36 100
197 39 38 100
199 16 33 100
199 30 25 150
199 30 33 148
199 30 40 99
199 35 20 99
199 41 33 100
199 20 33 150
200 29 15 100
200 0 11 100
200 0 12 150
201 20 18 100
201 35 41 100
201 32 46 100
202 43 18 99
202 43 45 100
202 10 16 99
202 45 30 100
203 12 3 100
203 31 14 100
204 18 20 100
204 18 23 150
204 48 24 100
204 24 12 100
205 27 12 100
206 28 18 99
206 32 46 100
207 17 12 100
207 22 23 100
208 11 14 100
208 27 3 100
208 27 40 100
209 32 18 150
209 27 20 99
209 11 15 150
210 16 18 150
211 21 30 99
211 49 31 150
211 37 21 100
212 33 1 99
212 22 11 99
212 22 23 100
212 38 40 100
212 18 20 100
212 48 24 100
213 12 15 100
213 6 16 99
213 29 18 100
214 32 5 150
214 28 18 99
214 18 20 100
215 30 23 99
215 4 18 99
216 47 11 100
216 32 46 100
217 36 36 148
218 40 40 100
218 35 20 99
218 35 25 99
218 12 25 150
219 10 40 99
219 35 15 100
220 33 1 99
220 46 18 99
220 35 5 99
220 30 23 99
221 38 5 99
221 30 11 99
222 8 24 99
222 18 20 100
223 45 25 99
223 27 40 100
223 35 25 99
224 34 18 99
224 18 11 99
224 29 15 100
225 25 30 99
225 23 6 100
225 9 15 100
225 11 36 148
226 6 31 150
227 18 20 100
227 29 18 100
227 25 16 100
227 32 46 100
228 7 18 150
228 6 3 99
229 28 18 99
229 39 20 100
230 19 23 100
230 0 14 100
231 35 18 148
231 35 25 99
231 26 25 100
231 40 30 99
232 27 3 100
232 27 40 100
232 39 45 100
233 27 20 99
233 18 11 99
233 39 41 100
233 13 18 100
233 13 25 100
234 32 46 100
234 20 18 100
235 38 40 100
235 8 24 99
235 30 23 99
236 18 3 100
236 18 14 99
236 13 18 100
236 2 16 100
237 46 12 99
237 8 15 99
237 12 48 150
238 15 12 100
238 21 23 100
238 37 21 100
238 37 48 148
239 21 30 99
239 6 36 99
239 35 20 99
239 28 48 99
239 37 48 148
240 26 5 100
240 4 18 99
240 31 48 100
241 32 46 100
241 7 48 99
241 24 48 99
241 12 48 150
242 9 43 150
242 27 20 99
242 14 11 100
242 31 48 100
242 5 48 100
242 25 16 100
243 9 15 100
243 24 18 150
244 15 18 100
244 17 38 100
245 13 18 100
245 0 43 100
245 33 1 99
245 45 31 150
245 27 20 99
246 18 14 99
246 20 18 100
246 26 43 99
247 19 36 100
247 32 6 100
247 32 24 100
247 38 40 100
248 37 5 100
248 26 5 100
248 20 18 100
249 9 15 100
249 5 20 100
250 0 11 100
250 0 23 100
250 35 18 148
251 34 18 99
251 30 14 100
252 7 34 100
252 19 25 148
252 19 34 150
252 19 40 150
252 2 34 99
252 4 34 150
252 32 34 150
252 32 46 100
253 43 12 150
253 11 15 150
253 6 3 99
253 22 23 100
254 23 20 100
254 14 5 150
255 37 5 100
255 37 36 150
255 34 1 99
255 34 18 99
255 2 16 100
256 31 0 99
256 31 30 99
257 14 5 150
257 30 23 99
257 30 40 99
258 17 38 100
258 0 11 100
258 29 18 100
258 27 20 99
259 28 18 99
259 13 25 100
259 20 25 100
260 15 10 100
260 22 23 100
260 12 3 100
261 46 18 99
261 49 31 150
261 38 15 150
261 18 20 100
262 24 18 150
262 16 21 100
262 32 46 100
263 5 20 100
263 32 24 100
263 20 18 100
264 5 33 148
264 40 33 148
264 30 13 150
264 30 33 148
264 20 18 100
264 20 33 150
264 46 13 150
265 41 12 100
265 6 36 99
265 35 15 100
266 13 18 100
266 13 20 100
266 13 45 100
267 0 11 100
267 27 40 100
268 41 12 100
269 15 18 100
269 12 30 100
269 12 36 100
270 14 5 150
270 32 46 100
270 27 1 99
270 27 20 99
271 6 3 99
271 6 16 99
271 35 18 148
272 19 23 100
272 23 6 100
272 27 40 100
273 11 5 148
273 11 14 100
273 7 31 150
274 9 13 150
274 30 13 150
274 5 20 100
274 32 5 150
274 32 13 100
274 32 24 100
274 13 18 100
275 32 36 150
275 20 18 100
276 12 30 100
276 7 18 150
276 35 20 99
276 22 23 100
277 19 11 100
277 27 40 100
278 28 18 99
279 30 14 100
279 32 46 100
280 26 5 100
280 26 43 99
280 46 18 99
281 15 18 100
281 26 3 99
282 6 16 99
282 8 24 99
282 35 20 99
282 34 18 99
283 4 34 150
283 27 34 150
283 27 40 100
283 12 15 100
283 1 23 100
283 43 34 100
284 24 40 99
284 32 5 150
284 32 34 150
284 32 46 100
284 47 34 99
285 4 18 99
285 31 41 100
285 8 1 100
285 8 36 100
285 14 11 100
286 21 30 99
286 35 18 148
286 35 20 99
286 14 36 100
287 20 18 100
288 43 18 99
289 12 15 100
290 40 16 100
290 41 45 100
290 20 18 100
291 43 18 99
291 0 23 100
293 30 11 99
293 30 23 99
293 35 5 99
293 35 18 148
293 37 5 100
294 22 11 99
294 13 3 99
294 13 18 100
294 13 20 100
295 27 12 100
295 0 14 100
296 46 18 99
296 27 20 99
296 23 31 150
296 23 46 148
296 1 23 100
297 4 18 99
297 34 1 99
297 8 15 99
298 39 11 148
298 32 24 100
299 12 30 100
299 43 18 99
299 0 23 100
300 4 18 99
300 35 20 99
301 38 40 100
302 16 18 150
302 35 15 100
303 19 23 100
303 32 46 100
304 21 0 99
304 21 15 148
304 41 36 150
304 13 18 100
304 13 20 100
305 44 5 150
305 18 11 99
305 40 16 100
305 40 40 100
305 7 1 100
306 20 18 100
306 1 23 100
307 24 18 150
307 24 43 148
307 45 25 99
307 12 25 150
308 43 18 99
308 27 20 99
309 5 3 100
309 12 15 100
309 40 40 100
310 34 18 99
310 7 31 150
310 31 14 100
311 19 23 100
311 18 20 100
311 29 18 100
311 32 46 100
312 34 18 99
312 41 6 100
313 38 5 99
313 40 18 150
314 43 18 99
314 14 11 100
314 2 1 100
314 0 23 100
314 5 20 100
314 26 25 100
315 20 25 100
315 45 25 99
315 45 30 100
315 39 41 100
315 13 25 100
315 6 16 99
315 43 12 150
315 11 47 150
315 0 47 100
316 1 12 100
316 10 10 150
316 10 47 150
316 28 13 100
316 20 10 100
316 20 25 100
316 24 13 150
317 22 36 99
317 44 12 100
317 44 47 100
318 34 18 99
318 4 34 150
318 12 3 100
318 12 36 100
318 32 24 100
318 32 34 150
318 32 46 100
318 47 34 99
318 19 34 150
319 29 15 100
319 27 20 99
319 27 34 150
319 22 23 100
320 23 11 100
321 26 5 100
321 40 5 100
321 40 30 99
321 20 18 100
322 46 18 99
322 21 23 100
323 28 10 150
323 29 15 100
323 6 3 99
323 40 40 100
323 37 21 100
324 22 11 99
325 22 36 99
325 13 20 100
325 40 40 100
325 15 10 100
325 12 15 100
325 20 10 100
326 4 18 99
326 22 23 100
327 3 34 100
327 2 34 99
327 45 34 150
327 27 34 150
327 19 34 150
327 19 36 100
328 11 1 100
328 4 18 99
328 4 45 99
328 26 3 99
328 49 31 150
329 9 13 150
329 23 13 99
329 40 5 100
329 40 40 100
329 32 13 100
329 32 46 100
330 22 23 100
330 35 5 99
331 40 18 150
331 40 43 100
331 18 14 99
332 27 20 99
332 27 40 100
332 8 15 99
333 34 18 99
333 3 34 100
333 8 34 100
333 43 34 100
334 26 25 100
334 11 15 150
334 4 34 150
334 27 34 150
334 40 16 100
334 3 23 100
335 20 25 100
335 18 11 99
335 28 1 100
335 40 40 100
335 35 25 99
335 41 25 150
336 32 24 100
336 32 46 100
337 10 3 100
337 10 40 99
337 22 23 100
338 26 43 99
338 1 12 100
338 35 15 100
338 35 20 99
339 29 18 100
340 20 18 100
340 20 25 100
340 1 23 100
340 32 13 100
340 9 13 150
341 40 5 100
341 40 30 99
341 42 21 99
341 20 5 100
341 20 25 100
341 9 13 150
341 35 13 150
342 8 13 100
342 37 5 100
342 39 20 100
342 9 10 100
342 15 10 100
343 6 36 99
343 44 5 150
344 5 3 100
344 30 47 99
344 44 47 100
344 25 16 100
344 27 47 150
344 10 47 150
345 23 31 150
345 47 18 150
345 13 25 100
346 43 12 150
346 24 23 99
346 30 25 150
346 5 20 100
346 29 15 100
346 35 25 99
347 26 25 100
347 47 1 100
347 38 40 100
347 8 36 100
348 18 11 99
348 4 30 100
349 24 23 99
349 15 18 100
349 5 20 100
350 32 0 100
350 32 46 100
350 28 36 100
350 8 15 99
350 24 40 99
351 46 18 99
351 35 20 99
352 44 5 150
352 28 13 100
352 28 18 99
352 22 11 99
352 23 13 99
352 8 13 100
353 9 15 100
354 22 11 99
354 22 23 100
354 39 20 100
354 40 18 150
354 48 24 100
354 32 46 100
355 46 18 99
355 31 30 99
355 14 5 150
355 14 36 100
355 27 3 100
356 14 5 150
356 14 36 100
356 28 18 99
357 7 18 150
357 4 0 100
358 12 13 150
358 27 40 100
358 17 13 148
359 13 13 100
359 13 25 100
359 45 25 99
360 28 13 100
360 28 18 99
360 24 13 150
360 24 23 99
360 24 45 100
360 40 16 100
360 20 25 100
360 35 25 99
361 39 20 100
361 24 40 99
361 45 25 99
361 45 31 150
361 35 25 99
362 42 36 150
362 12 13 150
362 12 15 100
362 9 13 150
362 4 18 99
362 16 13 100
363 44 8 99
364 25 1 100
364 37 21 100
364 22 36 99
364 15 18 100
365 13 11 150
365 28 36 100
365 46 12 99
366 0 14 100
366 4 30 100
367 0 0 100
367 0 11 100
367 46 18 99
367 46 36 150
367 26 5 100
368 0 23 100
368 13 3 99
368 13 20 100
368 23 46 148
368 35 15 100
369 41 12 100
370 14 36 100
370 12 6 100
370 23 20 100
371 43 18 99
371 10 3 100
372 38 5 99
372 24 18 150
372 8 1 100
372 35 5 99
373 13 13 100
373 13 18 100
373 13 25 100
373 37 13 100
373 3 23 100
373 19 25 148
373 29 15 100
373 32 13 100
374 4 5 100
374 4 18 99
374 39 20 100
375 43 18 99
375 6 3 99
375 6 31 150
375 6 36 99
376 28 18 99
376 10 16 99
377 21 23 100
377 8 24 99
377 27 3 100
377 27 40 100
378 44 12 100
379 5 20 100
379 28 1 100
379 30 40 99
380 30 23 99
380 35 15 100
380 35 18 148
381 4 18 99
381 4 30 100
382 35 5 99
382 35 47 100
382 40 5 100
382 44 47 100
382 20 18 100
382 10 47 150
382 27 47 150
383 0 23 100
383 24 18 150
383 39 20 100
384 32 46 100
384 46 18 99
384 31 14 100
385 0 11 100
385 0 23 100
385 28 18 99
386 24 45 100
386 15 18 100
387 6 3 99
387 27 20 99
388 40 16 100
388 8 24 99
388 15 18 100
389 15 18 100
389 28 36 100
389 32 5 150
389 32 46 100
389 35 31 150
390 30 23 99
390 15 18 100
390 13 20 100
391 37 5 100
391 30 25 150
391 32 18 150
391 13 25 100
392 1 27 150
392 13 18 100
392 27 1 99
393 46 18 99
393 0 0 100
393 13 3 99
393 22 36 99
394 46 18 99
394 13 33 100
394 5 33 148
394 36 11 100
394 1 33 100
395 10 33 99
395 10 40 99
395 41 33 100
395 9 15 100
395 45 30 100
395 1 23 100
396 18 3 100
396 18 20 100
396 20 18 100
396 6 36 99
396 37 21 100
397 11 15 150
397 19 25 148
397 20 25 100
398 36 18 150
398 32 46 100
398 1 23 100
399 32 13 100
399 23 13 99
399 28 13 100
400 32 5 150
400 8 1 100
400 27 20 99
400 4 18 99
401 12 15 100
401 4 18 99
401 23 10 150
402 40 18 150
402 29 31 150
402 22 23 100
402 30 25 150
403 1 43 100
403 9 41 99
403 35 20 99
403 46 18 99
404 20 18 100
405 35 15 100
405 10 12 150
405 3 38 100
406 47 11 100
406 23 20 100
406 48 24 100
406 12 36 100
406 28 18 99
407 10 16 99
407 10 40 99
407 5 46 148
407 30 23 99
408 22 43 150
408 31 30 99
408 44 3 100
408 24 18 150
409 36 11 100
409 47 1 100
409 20 18 100
409 18 20 100
410 31 14 100
410 46 12 99
410 8 15 99
411 4 18 99
411 19 23 100
412 24 12 100
412 10 3 100
412 12 15 100
413 41 12 100
413 23 20 100
413 24 23 99
414 41 6 100
414 34 18 99
415 18 47 150
415 1 33 100
415 2 1 100
415 10 33 99
415 10 40 99
415 10 47 150
415 22 33 100
415 44 47 100
415 20 25 100
415 20 33 150
415 13 25 100
415 13 33 100
415 9 47 99
416 5 20 100
417 49 31 150
417 24 23 99
417 12 15 100
417 46 18 99
417 25 16 100
419 32 46 100
419 13 20 100
419 8 24 99
420 46 12 99
420 46 18 99
420 40 40 100
420 43 45 100
420 3 23 100
420 13 3 99
421 39 20 100
421 13 18 100
421 21 30 99
421 45 11 100
422 48 36 148
423 5 3 100
423 19 0 99
423 37 5 100
423 20 5 100
425 24 18 150
425 32 5 150
425 32 46 100
425 28 36 100
426 2 16 100
426 35 15 100
426 21 0 99
426 21 23 100
426 34 18 99
427 0 12 150
427 4 34 150
427 2 34 99
427 35 20 99
427 33 1 99
427 47 34 99
427 27 34 150
428 4 18 99
428 4 34 150
428 8 34 100
429 35 5 99
429 35 18 148
429 10 10 150
430 8 15 99
430 45 11 100
430 22 23 100
430 43 18 99
431 12 25 150
431 20 25 100
431 24 40 99
432 25 31 148
432 19 36 100
432 46 12 99
432 27 20 99
433 3 23 100
433 43 18 99
433 12 15 100
433 33 1 99
434 20 46 148
434 3 12 100
435 4 18 99
435 32 24 100
436 43 18 99
436 9 15 100
436 23 20 100
436 6 16 99
436 6 36 99
437 12 25 150
437 4 11 150
437 45 25 99
437 41 12 100
438 29 15 100
438 29 30 100
438 21 23 100
438 14 33 150
438 5 33 148
438 10 33 99
439 17 10 150
439 15 10 100
439 5 33 148
440 40 40 100
440 10 3 100
440 12 15 100
441 5 20 100
441 35 25 99
441 45 25 99
442 30 23 99
442 13 18 100
443 36 18 150
443 21 0 99
443 47 1 100
444 37 36 150
444 20 18 100
445 40 43 100
445 28 18 99
446 40 5 100
446 40 40 100
447 10 11 100
447 10 12 150
447 4 27 100
447 21 23 100
448 38 0 99
448 36 18 150
449 0 23 100
449 25 16 100
449 25 30 99
449 20 46 148
449 41 12 100
449 41 45 100
450 15 18 100
450 9 15 100
451 5 20 100
451 31 14 100
451 13 18 100
451 8 36 100
452 15 18 100
452 6 3 99
452 8 15 99
452 8 24 99
453 25 31 148
453 34 18 99
453 16 21 100
454 12 13 150
454 9 13 150
454 4 18 99
454 15 1 100
455 21 0 99
455 21 23 100
455 36 11 100
455 46 12 99
455 27 20 99
456 4 18 99
456 1 6 100
456 9 41 99
457 35 15 100
457 6 36 99
457 47 11 100
458 19 23 100
458 41 12 100
459 30 25 150
459 30 40 99
459 45 25 99
459 2 16 100
460 7 18 150
460 45 11 100
460 18 20 100
460 20 5 100
461 38 5 99
461 19 23 100
461 21 30 99
461 4 18 99
461 5 46 148
462 40 18 150
462 39 20 100
463 27 1 99
463 8 15 99
463 34 18 99
464 19 23 100
464 38 5 99
464 38 40 100
464 12 13 150
464 35 13 150
464 23 13 99
466 3 23 100
466 0 47 100
466 27 40 100
466 27 47 150
466 42 47 150
466 9 47 99
467 5 20 100
467 29 31 150
468 10 3 100
468 26 25 100
468 35 25 99
468 35 41 100
468 43 18 99
469 18 40 150
469 48 24 100
469 14 5 150
470 44 12 100
470 12 13 150
470 12 25 150
470 0 23 100
470 37 13 100
470 20 25 100
470 32 46 100
470 34 1 99
471 9 13 150
471 8 13 100
471 2 13 150
472 31 0 99
472 18 11 99
472 12 15 100
473 35 5 99
473 35 20 99
473 29 18 100
473 24 23 99
473 26 5 100
474 10 11 100
474 10 40 99
474 18 14 99
475 46 18 99
476 35 18 148
476 35 25 99
476 2 16 100
476 1 23 100
477 2 1 100
477 17 36 150
477 29 18 100
477 39 20 100
477 13 3 99
477 13 25 100
478 10 10 150
478 10 11 100
478 29 15 100
478 29 18 100
479 38 5 99
479 6 36 99
479 32 46 100
480 6 36 99
480 35 20 99
480 38 40 100
481 32 5 150
482 21 23 100
482 30 40 99
483 15 12 100
483 29 30 100
483 27 20 99
484 46 12 99
485 7 1 100
485 11 5 148
485 17 38 100
485 21 23 100
485 29 18 100
485 25 16 100
486 2 10 100
486 23 31 150
486 23 46 148
486 28 18 99
486 20 10 100
486 35 15 100
486 8 24 99
487 43 12 150
487 35 20 99
487 45 11 100
488 7 18 150
488 4 45 99
488 13 3 99
489 46 18 99
489 31 33 100
489 13 33 100
489 16 33 100
490 5 20 100
490 5 33 148
490 10 33 99
490 46 18 99
490 30 23 99
490 30 25 150
490 20 25 100
491 19 25 148
491 5 3 100
491 15 12 100
492 39 41 100
493 30 23 99
493 5 20 100
493 46 18 99
493 12 15 100
493 15 10 100
494 10 40 99
495 8 1 100
495 1 23 100
496 29 18 100
496 29 30 100
496 13 20 100
496 32 46 100
497 0 47 100
497 13 3 99
497 44 47 100
497 49 31 150
497 11 47 150
497 40 40 100
497 12 15 100
498 42 47 150
498 15 12 100
498 19 23 100
499 23 13 99
499 4 5 100
499 4 18 99
499 35 5 99
499 35 13 150
500 37 5 100
500 15 18 100
501 40 40 100
501 30 23 99
501 13 20 100
501 9 15 100
502 29 18 100
502 14 5 150
502 48 24 100
503 10 11 100
503 10 16 99
503 40 5 100
504 1 23 100
504 29 18 100
505 35 18 148
505 35 20 99
505 7 1 100
506 24 46 150
506 29 15 100
507 7 18 150
507 24 23 99
507 8 15 99
507 30 11 99
507 30 25 150
507 20 25 100
508 34 18 99
508 34 36 148
508 11 14 100
509 20 5 100
509 20 18 100
509 37 5 100
510 29 1 100
510 29 18 100
511 30 11 99
511 30 23 99
511 30 40 99
512 30 25 150
512 29 15 100
512 29 31 150
512 45 25 99
513 16 18 150
513 16 33 100
513 19 0 99
513 19 33 99
513 20 33 150
513 6 16 99
513 40 33 148
513 31 33 100
514 3 12 100
514 18 3 100
514 40 5 100
514 9 41 99
515 36 11 100
515 36 19 99
515 38 19 99
515 31 30 99
515 49 19 100
515 34 18 99
516 43 12 150
516 35 23 150
517 28 36 100
517 48 24 100
517 10 40 99
517 16 21 100
518 15 12 100
518 5 46 148
518 12 36 100
519 34 1 99
519 18 11 99
519 15 12 100
519 4 5 100
520 43 18 99
520 6 36 99
520 20 5 100
520 9 15 100
521 5 3 100
521 40 5 100
521 40 40 100
521 41 6 100
522 47 11 100
522 39 41 100
523 22 23 100
523 4 18 99
524 19 0 99
525 15 18 100
525 38 40 100
526 32 18 150
526 32 46 100
526 30 23 99
526 11 1 100
527 29 31 150
527 13 3 99
528 26 5 100
528 20 5 100
529 24 23 99
530 37 13 100
530 11 14 100
530 46 13 150
530 9 13 150
530 9 15 100
531 24 23 99
532 38 0 99
532 10 11 100
532 10 16 99
533 30 33 148
533 39 41 100
533 48 24 100
533 22 33 100
533 1 33 100
533 5 33 148
534 42 10 99
534 15 1 100
534 15 10 100
534 31 33 100
535 35 13 150
535 35 25 99
535 24 13 150
535 24 23 99
535 24 45 100
535 20 25 100
536 32 46 100
536 26 5 100
537 12 30 100
537 12 36 100
539 19 23 100
539 19 25 148
539 25 16 100
539 45 25 99
540 22 11 99
540 8 15 99
541 19 25 148
542 1 33 100
542 10 33 99
542 5 33 148
542 31 33 100
542 16 13 100
542 16 33 100
542 35 13 150
542 35 25 99
542 23 13 99
543 47 1 100
543 11 5 148
543 1 23 100
544 32 46 100
544 48 38 100
545 9 15 100
545 37 21 100
546 45 25 99
546 1 23 100
546 10 3 100
547 26 25 100
547 13 13 100
547 17 13 148
547 21 30 99
547 25 31 148
548 35 15 100
548 35 41 100
548 3 23 100
549 13 0 100
550 5 3 100
550 31 14 100
551 33 19 100
551 32 5 150
551 32 46 100
551 26 19 148
552 30 23 99
552 22 36 99
552 9 15 100
553 2 1 100
554 25 16 100
554 22 11 99
554 22 33 100
554 35 15 100
554 14 33 150
554 13 33 100
554 40 33 148
555 9 13 150
555 2 13 150
555 48 24 100
555 37 13 100
556 1 23 100
558 10 11 100
558 32 46 100
559 1 23 100
559 35 31 150
559 5 3 100
559 45 30 100
560 32 0 100
561 29 1 100
561 29 15 100
561 31 0 99
562 27 3 100
562 3 23 100
562 30 25 150
562 14 5 150
563 5 33 148
563 19 33 99
563 17 10 150
563 9 10 100
563 9 41 99
563 22 33 100
564 30 25 150
564 30 33 148
564 20 25 100
564 20 33 150
565 36 27 100
566 30 23 99
567 19 25 148
567 44 5 150
567 10 16 99
567 45 25 99
568 24 45 100
569 18 3 100
569 24 23 99
569 45 25 99
569 19 25 148
570 35 13 150
570 35 15 100
570 35 41 100
570 17 13 148
570 21 0 99
570 47 1 100
571 23 11 100
572 6 31 150
572 6 36 99
572 20 46 148
572 48 24 100
573 28 10 150
573 12 15 100
573 3 23 100
574 22 36 99
575 45 30 100
576 21 23 100
576 37 11 148
576 41 25 150
577 9 41 99
578 44 43 100
578 30 40 99
579 38 40 100
579 8 1 100
579 17 10 150
580 10 3 100
580 32 0 100
580 32 46 100
580 46 18 99
581 28 18 99
581 28 36 100
581 27 47 150
581 9 47 99
581 38 0 99
581 38 47 148
581 42 47 150
581 40 16 100
582 14 11 100
582 14 36 100
583 13 18 100
583 13 20 100
583 19 23 100
583 3 38 100
585 47 11 100
585 47 18 150
585 19 0 99
585 21 15 148
586 12 25 150
586 30 23 99
586 30 25 150
587 28 18 99
587 32 46 100
588 26 25 100
588 43 18 99
588 8 15 99
588 45 25 99
589 33 1 99
589 24 23 99
589 24 40 99
589 32 5 150
590 18 20 100
591 9 13 150
591 37 13 100
591 32 6 100
591 32 13 100
591 25 31 148
592 0 11 100
592 42 21 99
592 35 41 100
593 34 18 99
593 22 23 100
593 31 30 99
593 4 5 100
594 13 13 100
594 13 18 100
594 17 10 150
594 17 13 148
595 43 18 99
595 3 23 100
595 3 38 100
596 15 1 100
597 29 15 100
597 18 12 150
597 18 27 100
597 38 0 99
598 24 23 99
598 23 20 100
599 23 11 100
599 14 36 100
600 7 48 99
601 44 5 150
601 5 46 148
602 21 23 100
602 39 38 100
602 13 18 100
603 0 14 100
604 24 45 100
604 23 31 150
604 35 25 99
604 30 25 150
605 15 1 100
605 12 36 100
605 48 24 100
605 5 20 100
605 40 16 100
606 10 11 100
606 19 25 148
606 19 34 150
606 19 36 100
606 40 18 150
606 7 34 100
606 23 34 99
606 32 34 150
606 4 34 150
608 1 23 100
608 30 40 99
608 32 46 100
609 30 40 99
609 32 5 150
609 47 19 100
609 36 19 99
609 36 43 100
609 20 19 150
609 40 30 99
610 13 3 99
611 19 23 100
611 16 13 100
611 40 5 100
611 30 13 150
611 15 18 100
611 32 13 100
612 26 25 100
612 20 25 100
613 34 18 99
613 22 36 99
613 26 25 100
613 41 25 150
614 39 20 100
615 27 1 99
615 45 25 99
615 22 23 100
616 27 40 100
616 13 25 100
616 26 25 100
617 31 41 100
617 35 25 99
617 35 31 150
617 26 25 100
618 32 18 150
618 32 46 100
618 1 23 100
618 8 15 99
619 38 0 99
620 41 25 150
620 20 18 100
621 11 47 150
621 3 23 100
621 27 20 99
621 27 47 150
621 0 47 100
622 28 1 100
623 44 47 100
623 10 11 100
623 20 18 100
623 3 23 100
624 30 33 148
624 5 33 148
624 41 33 100
624 32 5 150
624 19 33 99
624 2 16 100
625 22 36 99
625 46 12 99
625 29 30 100
626 3 12 100
626 21 0 99
626 29 15 100
627 46 8 100
627 32 46 100
628 22 11 99
628 22 23 100
628 18 20 100
628 32 0 100
629 7 31 150
629 20 5 100
629 20 18 100
629 37 5 100
630 12 6 100
630 24 12 100
631 17 40 150
631 34 1 99
631 41 25 150
631 24 23 99
631 12 25 150
632 2 10 100
632 10 10 150
632 31 41 100
633 20 18 100
633 32 46 100
634 32 0 100
634 5 45 100
634 40 40 100
635 0 0 100
635 0 23 100
635 13 20 100
636 13 0 100
636 13 5 150
636 44 12 100
637 19 11 100
637 10 3 100
638 19 23 100
638 44 47 100
638 38 40 100
638 38 47 148
638 27 47 150
638 8 15 99
638 25 30 99
639 30 47 99
639 9 10 100
639 20 10 100
640 3 23 100
640 24 40 99
640 8 24 99
641 4 0 100
642 44 5 150
642 41 25 150
642 27 20 99
643 11 1 100
644 9 15 100
644 5 46 148
644 6 16 99
644 3 23 100
645 45 11 100
646 42 36 150
646 19 0 99
647 21 0 99
647 21 30 99
647 20 33 150
647 10 33 99
647 16 33 100
647 6 31 150
647 14 33 150
648 8 15 99
648 47 18 150
648 24 23 99
648 19 33 99
649 39 20 100
649 39 41 100
650 34 1 99
650 34 18 99
651 44 3 100
651 21 23 100
652 13 18 100
652 9 15 100
652 10 16 99
652 32 46 100
653 37 13 100
653 17 13 148
653 10 40 99
653 13 0 100
653 13 13 100
654 21 23 100
654 33 43 100
656 18 20 100
656 34 1 99
656 19 25 148
657 38 5 99
657 38 19 99
657 30 23 99
657 18 3 100
657 18 19 150
657 45 25 99
658 38 40 100
659 10 11 100
659 10 40 99
660 24 23 99
661 20 10 100
662 38 0 99
662 38 40 100
662 32 13 100
662 32 46 100
662 46 13 150
662 23 13 99
662 8 15 99
662 10 16 99
663 33 1 99
663 42 21 99
663 3 23 100
663 0 14 100
664 45 31 150
664 24 13 150
664 48 24 100
664 17 13 148
664 11 5 148
664 23 20 100
664 43 18 99
665 24 23 99
665 17 35 100
666 41 38 100
667 20 25 100
667 12 25 150
668 4 30 100
668 4 34 150
668 21 23 100
668 45 34 150
668 43 34 100
669 43 34 100
669 8 34 100
669 35 25 99
669 26 25 100
670 43 18 99
670 41 6 100
671 24 23 99
671 24 45 100
672 32 46 100
672 12 15 100
673 34 1 99
673 15 12 100
673 40 16 100
673 46 13 150
673 35 13 150
673 35 20 99
674 9 41 99
675 24 23 99
676 29 18 100
676 27 47 150
676 24 43 148
676 31 47 148
676 38 47 148
677 9 13 150
677 32 13 100
677 32 18 150
677 13 13 100
678 27 3 100
678 24 23 99
678 49 8 100
678 8 24 99
679 13 20 100
679 13 25 100
679 22 36 99
679 20 25 100
680 11 5 148
680 32 0 100
680 32 46 100
680 23 31 150
680 29 18 100
681 2 1 100
681 7 48 99
681 40 5 100
681 19 36 100
682 38 5 99
682 2 13 150
682 17 13 148
683 39 41 100
683 19 23 100
684 24 12 100
685 17 12 100
685 30 11 99
685 30 25 150
685 12 30 100
686 26 25 100
686 18 20 100
686 22 23 100
687 10 3 100
687 10 16 99
687 10 47 150
687 37 5 100
687 42 47 150
687 30 47 99
688 18 12 150
688 18 47 150
689 5 33 148
689 14 33 150
690 11 1 100
690 11 5 148
690 0 23 100
690 13 33 100
690 5 33 148
691 22 11 99
691 4 0 100
692 39 11 148
693 37 13 100
693 32 13 100
693 32 46 100
693 21 23 100
693 27 20 99
693 17 13 148
694 13 18 100
695 23 11 100
695 31 33 100
695 10 33 99
695 22 33 100
695 40 33 148
696 28 1 100
696 20 33 150
696 31 47 148
696 32 47 150
696 11 47 150
697 13 18 100
697 1 23 100
697 22 11 99
698 16 18 150
698 35 47 100
699 1 33 100
699 20 33 150
699 8 15 99
699 10 33 99
699 32 0 100
699 32 41 100
699 32 46 100
699 16 33 100
700 40 16 100
700 16 33 100
701 35 20 99
701 10 11 100
701 10 40 99
701 25 17 148
701 16 17 100
702 32 6 100
702 32 36 150
703 31 40 150
703 24 23 99
704 31 30 99
704 6 31 150
704 43 18 99
704 43 45 100
704 30 25 150
705 20 25 100
705 20 33 150
705 36 11 100
705 32 46 100
705 1 33 100
705 14 33 150
705 13 33 100
706 38 5 99
706 27 1 99
707 28 18 99
707 39 11 148
707 1 23 100
708 21 0 99
708 30 40 99
708 27 20 99
709 17 10 150
709 2 10 100
709 20 18 100
710 22 23 100
710 16 18 150
710 4 0 100
711 40 5 100
711 26 5 100
712 4 18 99
712 41 19 100
712 14 19 100
712 26 19 148
712 0 23 100
714 15 1 100
714 8 36 100
714 18 11 99
715 20 46 148
715 26 3 99
715 15 12 100
715 6 16 99
716 38 0 99
716 38 40 100
716 5 20 100
716 48 24 100
717 38 40 100
717 32 41 100
717 6 36 99
717 9 15 100
718 46 18 99
718 1 23 100
718 29 15 100
718 29 30 100
718 29 31 150
718 24 48 99
719 12 21 100
719 4 0 100
719 4 18 99
721 40 0 99
721 48 36 148
721 29 1 100
721 29 18 100
722 24 40 99
723 39 20 100
723 13 18 100
723 20 10 100
724 4 5 100
724 41 25 150
724 3 23 100
725 18 11 99
725 32 18 150
725 32 46 100
725 41 25 150
726 2 1 100
726 2 16 100
726 44 3 100
726 44 12 100
726 34 36 148
726 35 25 99
728 18 11 99
728 32 41 100
729 4 18 99
729 18 14 99
729 21 23 100
730 13 13 100
730 13 20 100
730 28 13 100
730 28 36 100
730 16 13 100
731 11 5 148
731 11 12 150
732 44 5 150
732 44 47 100
732 42 47 150
732 31 0 99
732 31 47 148
733 15 18 100
733 22 36 99
733 30 47 99
733 35 31 150
733 32 46 100
734 19 23 100
734 24 45 100
735 15 1 100
735 15 18 100
736 27 12 100
736 27 49 100
736 22 33 100
736 16 33 100
736 40 33 148
737 31 33 100
737 15 18 100
737 7 17 99
737 17 17 100
737 9 17 100
737 13 33 100
737 30 23 99
738 30 40 99
738 44 17 100
738 13 20 100
738 13 33 100
738 9 15 100
739 38 5 99
739 48 6 99
739 26 5 100
739 10 11 100
740 0 23 100
741 46 12 99
741 46 38 100
741 34 1 99
741 35 5 99
741 35 25 99
741 24 40 99
741 12 25 150
742 31 0 99
742 13 3 99
742 32 46 100
743 26 19 148
743 19 19 150
744 0 23 100
744 21 30 99
745 46 8 100
745 8 15 99
746 27 40 100
746 35 41 100
747 5 20 100
747 5 33 148
747 13 25 100
747 13 33 100
747 0 11 100
747 40 33 148
747 10 33 99
748 35 25 99
748 2 16 100
748 13 36 150
749 24 18 150
749 24 43 148
749 14 5 150
749 7 31 150
750 22 23 100
750 28 18 99
750 32 46 100
750 29 15 100
751 48 24 100
751 24 40 99
752 7 1 100
752 1 33 100
752 16 33 100
752 31 33 100
752 5 33 148
753 19 0 99
753 19 19 150
753 19 23 100
753 19 33 99
753 24 19 99
754 6 3 99
755 23 20 100
755 26 25 100
755 2 16 100
756 20 25 100
757 22 11 99
757 22 36 99
757 32 41 100
757 32 46 100
758 4 18 99
758 21 23 100
758 2 1 100
759 28 36 100
760 31 30 99
760 13 18 100
761 43 18 99
761 17 13 148
761 13 13 100
761 37 13 100
762 40 5 100
762 3 23 100
762 35 20 99
763 39 9 100
763 38 40 100
765 40 0 99
765 0 23 100
765 49 31 150
765 5 3 100
765 29 15 100
766 32 46 100
766 20 48 100
766 47 1 100
767 18 12 150
768 15 18 100
768 28 13 100
768 23 13 99
768 35 13 150
768 37 21 100
768 26 19 148
768 42 19 100
768 14 19 100
769 26 25 100
769 10 11 100
769 0 14 100
769 35 25 99
770 18 20 100
770 26 25 100
770 20 25 100
770 30 23 99
771 26 25 100
771 8 15 99
772 18 3 100
772 22 23 100
773 21 30 99
773 46 18 99
773 44 5 150
774 9 41 99
774 13 25 100
775 1 33 100
775 10 16 99
775 10 33 99
775 35 25 99
775 16 33 100
776 30 33 148
776 41 33 100
776 19 33 99
776 32 46 100
776 23 31 150
776 40 43 100
777 27 40 100
777 27 47 150
777 1 6 100
777 1 23 100
777 32 47 150
778 34 1 99
778 46 13 150
778 40 0 99
778 40 40 100
778 39 20 100
778 42 47 150
778 30 13 150
778 21 15 148
779 41 45 100
779 44 3 100
780 36 11 100
780 11 7 99
780 3 23 100
781 3 12 100
781 8 24 99
782 44 3 100
783 22 23 100
783 7 18 150
783 35 25 99
783 35 41 100
783 32 46 100
784 29 1 100
784 29 18 100
784 10 10 150
784 35 25 99
784 2 10 100
785 21 23 100
785 47 18 150
786 27 20 99
786 4 18 99
786 12 15 100
787 23 13 99
787 16 13 100
787 15 18 100
787 46 13 150
788 35 31 150
788 45 30 100
788 21 0 99
788 21 23 100
789 5 35 100
789 44 5 150
789 12 13 150
789 12 25 150
789 43 18 99
789 20 25 100
789 32 13 100
789 32 46 100
790 32 0 100
790 32 36 150
791 29 17 150
791 14 17 150
793 21 23 100
793 39 20 100
793 25 1 100
793 25 16 100
793 4 18 99
793 12 15 100
794 14 36 100
795 36 11 100
795 30 25 150
795 43 8 100
796 35 15 100
796 24 12 100
796 48 38 100
797 13 13 100
797 46 13 150
797 1 23 100
797 32 13 100
797 32 46 100
798 14 36 100
799 2 13 150
799 41 33 100
799 37 13 100
799 0 14 100
799 22 33 100
799 19 33 99
799 24 40 99
800 16 13 100
800 16 33 100
800 14 5 150
800 14 33 150
800 35 20 99
801 24 18 150
801 24 19 99
801 47 11 100
801 47 19 100
801 30 25 150
801 20 25 100
802 8 1 100
802 26 3 99
802 24 23 99
803 45 30 100
803 7 48 99
803 29 18 100
804 40 16 100
804 8 15 99
805 43 18 99
805 10 3 100
805 1 23 100
806 32 0 100
806 32 46 100
807 45 25 99
807 20 25 100
808 39 41 100
808 3 23 100
809 45 25 99
809 45 31 150
809 33 1 99
809 27 12 100
809 27 20 99
810 44 5 150
810 10 40 99
810 26 25 100
810 9 15 100
810 35 25 99
811 13 25 100
811 1 23 100
811 32 46 100
811 35 25 99
811 14 11 100
812 29 18 100
813 20 15 150
813 20 18 100
813 44 43 100
814 40 16 100
814 40 40 100
815 39 38 100
815 16 18 150
815 21 23 100
816 32 0 100
816 23 20 100
816 28 1 100
816 28 18 99
816 12 21 100
817 3 23 100
817 35 15 100
818 13 13 100
818 13 18 100
818 35 13 150
818 28 13 100
818 48 24 100
819 23 11 100
819 39 45 100
820 23 13 99
820 2 13 150
820 0 23 100
821 46 12 99
821 5 33 148
821 20 33 150
821 10 33 99
822 14 33 150
823 29 1 100
823 29 31 150
823 38 0 99
823 32 46 100
823 35 20 99
824 30 11 99
824 30 23 99
824 20 18 100
824 5 3 100
825 40 27 100
825 36 11 100
826 0 6 99
826 24 40 99
827 12 15 100
827 12 30 100
827 6 16 99
827 22 23 100
828 32 18 150
829 37 5 100
829 37 36 150
829 4 5 100
830 30 23 99
830 13 20 100
830 46 38 100
830 43 34 100
830 19 34 150
830 7 1 100
830 7 34 100
831 32 34 150
831 47 34 99
831 45 34 150
831 10 3 100
832 16 13 100
832 24 13 150
832 9 13 150
832 2 34 99
832 19 34 150
833 41 25 150
833 7 34 100
833 2 34 99
833 24 40 99
833 19 34 150
834 14 11 100
834 10 40 99
834 30 23 99
834 45 25 99
835 28 10 150
835 35 46 150
836 24 40 99
836 27 1 99
837 2 16 100
837 14 5 150
837 0 23 100
837 7 48 99
837 27 20 99
838 35 41 100
838 27 12 100
839 36 27 100
839 46 18 99
840 24 23 99
840 19 25 148
840 11 5 148
841 24 40 99
841 45 25 99
841 12 25 150
842 35 15 100
842 22 36 99
842 27 40 100
843 47 1 100
843 21 23 100
843 19 25 148
843 13 18 100
843 13 25 100
844 36 11 100
844 35 20 99
845 5 45 100
845 18 14 99
845 32 46 100
846 4 18 99
846 1 23 100
846 30 11 99
848 6 36 99
848 11 1 100
848 8 24 99
849 13 25 100
849 35 25 99
850 11 5 148
850 43 18 99
850 25 31 148
850 3 23 100
851 40 16 100
852 35 5 99
852 35 20 99
852 35 41 100
853 40 40 100
853 45 11 100
853 0 23 100
854 43 18 99
854 32 46 100
855 44 3 100
855 34 1 99
856 9 15 100
857 24 23 99
858 40 18 150
858 40 30 99
859 13 20 100
859 49 8 100
859 3 23 100
860 23 31 150
860 30 40 99
862 16 13 100
862 3 23 100
862 28 13 100
862 5 46 148
862 32 13 100
863 19 25 148
863 43 18 99
863 10 3 100
863 20 25 100
864 30 11 99
864 11 1 100
