2 17 11 100
2 11 46 100
2 7 11 100
2 45 14 148
2 5 14 100
3 28 11 150
3 28 22 99
3 28 38 148
3 37 11 150
4 18 46 100
4 29 46 100
4 15 5 99
4 15 11 99
4 37 11 150
4 22 4 150
4 22 38 100
4 19 9 150
4 13 9 99
4 35 20 99
4 20 11 100
4 20 16 150
5 2 22 99
5 2 46 99
5 37 11 150
5 37 46 100
5 26 9 150
5 28 11 150
5 35 4 100
5 7 9 150
6 10 35 99
6 13 46 148
6 20 11 100
6 14 22 100
6 36 11 100
7 20 11 100
7 20 14 100
7 38 1 99
7 38 46 100
7 24 1 100
7 24 5 100
7 24 11 150
7 24 14 100
7 24 38 99
7 33 1 150
7 30 4 100
7 48 1 100
7 48 46 100
7 17 11 100
7 16 14 99
8 11 4 100
8 29 22 100
8 17 11 100
8 16 3 100
8 15 11 99
8 6 11 150
8 9 26 100
9 34 4 100
9 34 11 148
9 11 46 100
9 21 46 99
9 20 11 100
9 20 20 99
9 29 22 100
10 16 46 100
10 48 46 100
10 15 5 99
10 15 11 99
10 17 11 100
10 35 22 100
10 47 11 99
10 3 43 99
11 1 11 100
11 1 22 150
11 1 46 148
11 47 9 150
11 47 11 99
11 28 11 150
11 11 4 100
11 21 9 150
11 40 9 99
11 16 9 100
12 0 4 100
12 0 11 150
12 15 11 99
12 41 1 100
12 24 1 100
12 24 38 99
12 33 1 150
12 33 46 150
12 4 1 100
12 13 1 100
13 22 5 99
13 22 46 150
13 6 11 150
13 42 14 100
13 47 11 99
13 47 14 100
13 37 22 100
13 37 46 100
13 20 11 100
13 20 14 100
13 20 20 99
14 2 22 99
14 2 46 99
14 38 1 99
14 0 4 100
14 0 11 150
14 19 1 150
14 29 1 100
14 6 11 150
14 25 14 100
14 25 40 100
14 31 26 100
14 1 1 99
14 1 14 150
15 40 4 99
15 29 1 100
15 29 46 100
15 39 5 99
15 5 14 100
15 14 14 150
15 14 46 100
15 15 11 99
15 7 11 100
15 7 16 99
15 17 11 100
16 11 4 100
16 11 35 100
16 11 46 100
16 16 46 100
16 47 11 99
16 17 11 100
16 24 38 99
16 6 43 100
16 36 11 100
17 35 4 100
17 15 11 99
17 26 9 150
17 20 11 100
17 6 9 100
17 29 1 100
17 45 1 100
17 16 9 100
18 18 46 100
18 45 1 100
18 45 13 100
18 45 14 148
18 33 1 150
18 16 9 100
18 16 14 99
18 16 46 100
18 6 9 100
18 6 11 150
18 6 43 100
18 22 5 99
18 22 38 100
18 28 11 150
18 28 22 99
18 40 9 99
19 40 4 99
19 38 46 100
19 22 38 100
19 31 46 100
19 6 11 150
19 15 11 99
19 2 22 99
20 32 3 150
20 15 11 99
20 24 11 150
20 1 11 100
20 46 16 148
21 7 9 150
21 7 11 100
21 7 22 100
21 7 46 150
21 4 4 148
21 40 9 99
21 40 38 150
21 28 11 150
21 28 14 100
21 28 43 100
21 48 9 148
21 42 5 100
21 42 14 100
21 13 9 99
21 20 11 100
21 20 14 100
22 12 46 150
22 16 46 100
22 29 22 100
22 40 4 99
22 28 11 150
22 7 11 100
23 22 38 100
23 22 46 150
23 1 1 99
23 1 11 100
23 1 35 100
23 11 4 100
23 29 1 100
23 15 11 99
23 35 20 99
23 37 11 150
23 36 43 100
24 42 5 100
24 24 1 100
24 24 11 150
24 24 38 99
24 4 1 100
24 4 46 150
24 39 1 100
24 20 11 100
25 35 22 100
25 18 46 100
25 28 11 150
25 28 22 99
25 36 11 100
25 2 22 99
25 20 11 100
26 39 5 99
26 18 46 100
26 37 11 150
26 37 22 100
26 37 46 100
26 41 4 150
26 36 11 100
26 36 14 150
26 22 38 100
27 11 4 100
27 34 11 148
27 35 14 100
27 35 22 100
27 36 11 100
27 36 14 150
27 36 43 100
27 20 11 100
27 20 14 100
27 19 38 100
28 31 46 100
28 1 1 99
28 1 11 100
28 1 46 148
28 33 1 150
28 20 11 100
28 20 14 100
28 36 11 100
28 41 1 100
28 25 40 100
28 38 1 99
28 32 1 99
29 44 5 100
29 29 22 100
29 22 4 150
29 22 38 100
29 6 11 150
29 28 3 99
29 28 11 150
30 14 22 100
30 14 46 100
30 15 11 99
30 19 38 100
30 40 4 99
30 1 11 100
30 11 46 100
30 7 11 100
30 7 22 100
31 0 11 150
31 26 20 100
31 17 11 100
31 17 16 100
31 3 43 99
32 22 4 150
32 22 5 99
32 22 38 100
32 22 46 150
32 24 11 150
32 7 11 100
32 7 22 100
32 29 46 100
33 7 11 100
33 7 22 100
33 7 46 150
33 15 11 99
33 34 4 100
33 34 11 148
33 28 3 99
34 37 11 150
34 24 38 99
34 47 11 99
34 6 43 100
35 49 35 100
35 4 4 148
35 4 46 150
35 39 5 99
35 14 22 100
35 17 11 100
35 36 11 100
36 13 35 150
36 13 46 148
36 38 46 100
36 26 20 100
36 14 22 100
36 20 11 100
36 47 11 99
37 22 5 99
37 22 38 100
37 10 16 100
37 11 4 100
37 11 13 100
37 7 11 100
37 1 11 100
37 31 3 100
37 36 11 100
38 34 11 148
38 13 38 150
38 13 46 148
38 7 11 100
38 7 22 100
38 20 11 100
38 15 11 99
38 29 22 100
39 3 4 150
39 3 35 100
39 20 11 100
39 29 22 100
39 36 11 100
39 1 11 100
39 15 11 99
40 11 4 100
40 11 46 100
40 0 11 150
40 48 46 100
40 22 5 99
40 22 38 100
40 37 11 150
40 37 22 100
40 35 20 99
41 16 46 100
41 1 11 100
41 10 16 100
41 10 26 100
41 48 46 100
41 20 11 100
41 7 11 100
42 37 11 150
42 37 22 100
42 40 4 99
42 40 38 150
42 12 3 150
42 12 43 100
42 20 11 100
43 28 11 150
43 28 35 100
43 28 38 148
43 17 11 100
43 17 16 100
43 38 46 100
43 16 46 100
43 42 5 100
43 30 4 100
43 20 11 100
44 36 11 100
44 35 4 100
44 35 20 99
44 35 22 100
44 18 40 99
44 24 38 99
44 37 11 150
45 1 11 100
45 1 46 148
45 47 11 99
45 37 11 150
45 19 13 99
46 1 11 100
46 1 22 150
46 1 46 148
46 17 11 100
46 17 16 100
46 42 5 100
47 48 4 150
47 48 46 100
47 11 46 100
47 12 14 150
47 19 38 100
47 6 11 150
47 28 11 150
47 28 14 100
47 28 22 99
48 13 4 150
48 13 46 148
48 42 5 100
48 37 11 150
48 24 38 6
48 45 16 100
48 45 20 150
48 6 11 150
48 34 26 100
49 32 22 100
49 0 11 150
49 15 11 99
49 14 22 100
49 14 46 100
49 48 46 100
49 47 11 99
50 9 4 148
50 1 11 100
50 1 46 148
50 22 38 100
50 36 11 100
50 14 22 100
51 33 46 150
51 47 11 99
51 24 5 100
51 18 40 99
51 18 46 100
51 6 11 150
51 1 11 100
51 25 38 150
52 18 46 100
52 36 11 100
52 32 22 100
52 0 4 100
52 0 11 150
52 47 11 99
52 16 46 100
52 22 38 100
52 35 20 99
53 13 4 150
53 13 46 148
53 15 11 99
53 16 14 99
53 12 14 150
53 12 43 100
53 22 38 100
53 32 22 100
53 1 11 100
54 44 5 100
54 6 11 150
54 37 11 150
54 37 46 100
54 14 46 100
54 34 4 100
54 34 16 148
54 7 11 100
55 32 22 100
55 29 35 100
55 29 46 100
55 40 38 150
55 34 11 148
55 20 11 100
56 30 4 100
56 33 46 150
56 21 46 99
56 29 22 100
56 19 38 100
56 17 11 100
56 35 20 99
56 35 22 100
57 8 38 150
57 8 46 150
57 0 4 100
57 0 11 150
57 41 1 100
57 33 1 150
57 22 5 99
57 15 11 99
57 28 11 150
57 19 1 150
57 45 1 100
57 36 11 100
58 38 1 99
58 38 46 100
58 24 1 100
58 48 1 100
58 48 46 100
58 45 1 100
58 7 11 100
58 21 35 99
58 37 11 150
58 0 4 100
59 28 3 99
59 28 11 150
59 33 1 150
59 47 11 99
59 26 20 100
59 13 1 100
59 12 1 99
59 48 1 100
59 32 1 99
59 40 4 99
59 20 11 100
60 1 1 99
60 1 11 100
60 1 35 100
60 1 46 148
60 6 11 150
60 7 11 100
60 7 22 100
60 40 4 99
60 40 38 150
60 39 5 99
61 34 11 148
61 11 46 100
61 32 22 100
61 5 14 100
61 37 46 100
61 15 11 99
61 16 14 99
61 20 14 100
62 30 4 100
62 31 26 100
62 44 5 100
62 8 35 99
62 34 11 148
62 19 38 100
62 7 11 100
62 7 16 99
63 41 4 150
63 41 19 100
63 9 3 100
63 20 11 100
63 20 20 99
63 6 11 150
63 32 22 100
63 22 38 100
64 19 19 99
64 19 38 100
64 37 11 150
64 49 16 99
64 17 11 100
64 25 3 100
64 25 40 100
64 1 11 100
64 30 4 100
65 44 5 100
65 19 1 150
65 19 19 99
65 26 20 100
65 45 1 100
65 8 46 150
65 4 1 100
65 29 1 100
65 29 46 100
65 15 11 99
65 28 11 150
66 4 1 100
66 4 19 99
66 4 46 150
66 28 11 150
66 28 22 99
66 3 10 100
66 15 11 99
66 37 11 150
67 48 4 150
67 48 46 100
67 37 10 100
67 37 11 150
67 37 19 150
67 37 22 100
67 37 46 100
67 34 11 148
67 11 35 100
67 35 22 100
68 2 5 100
68 2 22 99
68 2 46 99
68 36 10 150
68 36 11 100
68 27 26 99
68 7 11 100
68 11 4 100
68 11 46 100
68 0 19 100
68 22 38 100
68 15 11 99
69 42 10 100
69 15 11 99
69 25 46 150
69 7 11 100
69 16 19 100
69 3 43 99
69 47 11 99
70 35 4 100
70 35 20 99
70 35 22 100
70 8 19 100
70 8 38 150
70 8 46 150
70 47 11 99
70 0 11 150
71 23 19 100
71 48 4 150
71 48 46 100
71 1 11 100
71 1 22 150
71 33 10 100
71 2 5 100
71 46 38 148
71 36 11 100
71 47 11 99
72 14 10 99
72 14 19 99
72 14 46 100
72 2 46 99
72 46 16 148
72 46 40 150
72 37 11 150
72 17 11 100
73 34 4 100
73 34 9 100
73 34 11 148
73 11 46 100
73 45 16 100
73 7 9 150
73 7 11 100
73 23 19 100
73 44 5 100
73 30 9 150
73 5 9 150
73 31 46 100
73 36 9 100
73 36 11 100
74 2 46 99
74 21 46 99
74 13 4 150
74 13 19 100
74 13 38 150
74 15 11 99
74 26 20 100
74 34 11 148
74 7 11 100
75 6 11 150
75 41 19 100
75 19 38 100
75 29 46 100
75 15 11 99
75 16 46 100
75 37 10 100
75 45 16 100
76 11 4 100
76 11 46 100
76 32 1 99
76 0 11 150
76 0 19 100
76 36 11 100
76 36 43 100
76 7 11 100
76 4 1 100
76 39 1 100
76 39 5 99
76 38 1 99
76 38 46 100
76 41 1 100
77 14 10 99
77 14 19 99
77 14 46 100
77 45 16 100
77 6 11 150
77 29 46 100
77 36 11 100
77 3 4 150
77 13 38 150
78 32 22 100
78 2 46 99
78 47 11 99
78 33 10 100
78 29 19 100
78 29 46 100
78 13 38 150
79 35 4 100
79 35 20 99
79 33 1 150
79 33 10 100
79 45 1 100
79 6 11 150
79 48 1 100
79 14 19 99
79 20 11 100
79 32 1 99
79 36 11 100
79 19 5 100
79 19 38 100
79 41 1 100
80 7 3 148
80 7 11 100
80 7 22 100
80 37 11 150
80 22 4 150
80 34 11 148
80 38 19 100
80 3 43 99
81 31 46 100
81 18 46 100
81 28 11 150
81 1 11 100
81 1 19 100
81 33 10 100
81 10 16 100
81 36 11 100
82 15 5 99
82 15 11 99
82 1 11 100
82 1 19 100
82 1 22 150
82 1 46 148
82 3 4 150
82 3 10 100
82 47 11 99
83 18 46 100
83 4 1 100
83 4 19 99
83 13 1 100
83 21 46 99
83 29 1 100
83 29 13 100
83 38 1 99
83 48 1 100
83 15 11 99
83 0 11 150
83 6 43 100
84 0 4 100
84 0 11 150
84 0 19 100
84 17 11 100
84 12 1 99
84 45 1 100
84 37 10 100
84 48 1 100
84 36 11 100
84 24 5 100
84 22 38 100
85 49 35 100
85 1 1 99
85 1 10 150
85 1 11 100
85 1 19 100
85 1 46 148
85 36 11 100
85 48 1 100
85 29 1 100
85 19 1 150
85 19 38 100
85 17 11 100
85 38 1 99
86 33 1 150
86 33 10 100
86 33 46 150
86 7 9 150
86 7 11 100
86 7 22 100
86 38 19 100
86 13 4 150
86 13 9 99
86 30 9 150
86 20 11 100
86 20 20 99
86 48 9 148
86 9 26 100
86 15 11 99
87 18 46 100
87 41 19 100
87 5 14 100
87 38 46 100
87 34 11 148
87 39 5 99
87 22 38 100
87 14 10 99
87 14 35 99
87 47 11 99
88 28 3 99
88 28 11 150
88 28 22 99
88 34 4 100
88 34 9 100
88 34 11 148
88 42 10 100
88 40 9 99
88 35 20 99
88 45 16 100
88 41 19 100
88 47 9 150
88 19 9 150
88 36 9 100
89 20 11 100
89 17 11 100
89 36 11 100
89 24 10 99
89 23 19 100
89 14 22 100
89 14 46 100
89 37 46 100
90 14 10 99
90 14 19 99
90 14 22 100
90 14 35 99
90 14 46 100
90 3 4 150
90 44 5 100
90 29 22 100
90 47 11 99
90 19 38 100
90 34 11 148
90 20 11 100
91 19 38 100
91 40 4 99
91 47 11 99
91 20 11 100
91 12 46 150
91 24 10 99
91 7 11 100
91 7 22 100
91 48 46 100
92 18 40 99
92 18 46 100
92 6 11 150
92 21 10 100
92 21 46 99
92 45 16 100
92 42 19 150
92 0 4 100
92 0 11 150
92 19 38 100
93 8 19 100
93 8 46 150
93 5 9 150
93 44 5 100
93 29 22 100
93 33 10 100
93 7 9 150
93 7 11 100
93 47 9 150
93 47 11 99
93 15 11 99
93 36 9 100
94 24 10 99
94 20 11 100
94 20 20 99
94 20 35 99
94 27 26 99
94 6 11 150
94 13 1 100
94 13 19 100
94 13 46 148
94 19 1 150
94 19 13 99
94 32 1 99
94 12 1 99
95 14 10 99
95 14 19 99
95 14 22 100
95 14 46 100
95 19 1 150
95 30 4 100
95 0 11 150
95 34 11 148
95 16 46 100
95 22 5 99
96 39 9 100
96 34 4 100
96 34 9 100
96 34 11 148
96 36 9 100
96 36 11 100
96 29 19 100
96 40 9 99
96 48 9 148
96 3 10 100
97 12 3 150
97 28 11 150
97 28 20 150
97 28 22 99
97 6 11 150
97 11 4 100
97 4 19 99
98 4 1 100
98 4 19 99
98 4 46 150
98 42 5 100
98 42 10 100
98 13 1 100
98 13 38 150
98 15 11 99
98 0 4 100
98 0 11 150
98 36 11 100
98 39 1 100
98 12 1 99
98 48 1 100
99 35 4 100
99 33 1 150
99 33 10 100
99 33 46 150
99 48 1 100
99 0 11 150
99 0 19 100
99 0 35 100
99 22 38 100
99 41 1 100
99 39 1 100
99 6 11 150
100 25 10 100
100 25 46 150
100 9 26 100
100 34 11 148
100 48 46 100
100 28 11 150
100 28 22 99
100 28 43 100
100 38 19 100
100 14 22 100
101 1 10 150
101 1 11 100
101 1 19 100
101 1 46 148
101 40 4 99
101 40 9 99
101 36 9 100
101 36 11 100
101 42 5 100
101 48 9 148
101 47 9 150
101 47 11 99
101 26 20 100
101 6 9 100
102 24 10 99
102 45 13 100
102 3 19 100
102 7 11 100
102 7 22 100
102 7 46 150
102 47 11 99
102 36 11 100
102 28 22 99
103 35 4 100
103 35 22 100
103 38 19 100
103 38 46 100
103 7 11 100
103 7 46 150
103 28 11 150
103 10 26 100
104 22 5 99
104 22 38 100
104 22 46 150
104 41 19 100
104 33 10 100
104 28 11 150
104 28 22 99
104 17 11 100
104 15 11 99
104 30 4 100
105 17 11 100
105 7 11 100
105 7 22 100
105 7 46 150
105 45 20 150
105 46 19 100
105 20 11 100
105 34 4 100
105 29 22 100
105 29 46 100
105 24 10 99
106 37 10 100
106 37 11 150
106 37 22 100
106 37 46 100
106 21 46 99
106 8 19 100
106 19 38 100
106 17 11 100
107 15 5 99
107 15 11 99
107 34 4 100
107 34 11 148
107 48 46 100
107 29 19 100
107 29 22 100
107 29 46 100
107 42 10 100
107 36 11 100
108 40 4 99
108 40 38 150
108 8 19 100
108 7 11 100
108 7 22 100
108 1 11 100
108 25 10 100
108 36 11 100
109 29 19 100
109 29 46 100
109 39 5 99
109 1 11 100
109 47 11 99
109 45 16 100
109 14 46 100
109 48 4 150
109 36 11 100
110 2 46 99
110 42 10 100
110 15 11 99
110 46 16 148
110 46 19 100
110 46 38 148
110 3 35 100
110 25 20 150
110 36 11 100
110 20 11 100
111 34 4 100
111 34 11 148
111 34 26 100
111 25 10 100
111 25 46 150
111 35 22 100
111 49 35 100
111 2 46 99
111 29 19 100
111 6 11 150
112 20 11 100
112 20 35 99
112 35 4 100
112 35 22 100
112 18 46 100
112 22 5 99
112 22 38 100
112 28 11 150
112 28 22 99
112 19 19 99
113 3 4 150
113 3 19 100
113 7 11 100
113 7 22 100
113 35 20 99
113 6 11 150
113 21 46 99
113 38 3 100
114 48 46 100
114 37 10 100
114 37 11 150
114 37 22 100
114 6 11 150
114 16 19 100
115 30 4 100
115 47 11 99
115 0 11 150
115 0 19 100
115 31 10 150
115 31 46 100
115 20 11 100
115 24 5 100
115 25 38 150
115 25 46 150
116 16 19 100
116 16 46 100
116 7 11 100
116 7 22 100
116 4 4 148
116 11 10 100
116 28 11 150
117 25 10 100
117 25 38 150
117 25 40 100
117 25 46 150
117 14 19 99
117 14 22 100
117 37 11 150
117 28 11 150
117 28 43 100
118 24 10 99
118 14 19 99
118 14 46 100
118 21 46 99
118 25 38 150
118 42 5 100
118 7 11 100
118 7 16 99
118 34 11 148
119 0 4 100
119 0 11 150
119 2 46 99
119 12 46 150
119 11 10 100
119 46 16 148
119 35 20 99
120 18 46 100
120 1 11 100
120 1 19 100
120 1 22 150
120 35 4 100
120 39 5 99
120 20 11 100
120 34 11 148
121 14 19 99
121 14 22 100
121 14 35 99
121 1 11 100
121 11 4 100
121 11 38 150
121 28 3 99
121 28 11 150
121 28 43 100
121 15 11 99
121 6 11 150
122 1 11 100
122 1 19 100
122 1 22 150
122 1 35 100
122 1 46 148
122 33 10 100
122 46 38 148
122 0 4 100
122 0 11 150
123 25 10 100
123 25 46 150
123 9 26 100
123 32 22 100
123 40 4 99
123 3 19 100
123 3 35 100
123 2 5 100
123 6 11 150
123 1 11 100
124 46 19 100
124 24 10 6
124 33 10 100
124 33 46 150
124 14 22 100
124 20 11 100
124 3 43 99
124 6 11 150
124 25 40 100
125 31 46 100
125 38 19 100
125 38 46 100
125 1 11 100
125 47 11 99
125 25 10 100
125 3 4 150
125 28 11 150
125 36 11 100
126 49 16 99
126 20 11 100
126 23 19 100
126 47 11 99
126 1 11 100
126 1 22 150
126 1 46 148
126 11 13 100
126 11 38 150
126 11 46 100
126 22 5 99
127 13 19 100
127 13 38 150
127 34 11 148
127 29 22 100
127 17 11 100
127 20 20 99
128 1 10 150
128 1 11 100
128 1 19 100
128 1 22 150
128 1 35 100
128 1 46 148
128 34 4 100
128 34 11 148
128 34 26 100
128 6 43 100
129 38 19 100
129 38 46 100
129 34 11 148
129 17 11 100
129 15 5 99
129 15 11 99
129 14 10 99
129 14 35 99
130 42 10 100
130 42 19 150
130 14 22 100
130 14 46 100
130 40 4 99
130 38 3 100
130 0 11 150
130 47 11 99
130 35 20 99
131 48 1 100
131 48 4 150
131 48 46 100
131 34 11 148
131 45 1 100
131 3 10 100
131 3 19 100
131 1 1 99
131 1 11 100
131 18 46 100
131 28 38 148
131 33 1 150
131 42 5 100
131 39 1 100
132 28 3 99
132 28 11 150
132 28 22 99
132 28 35 100
132 19 19 99
132 47 11 99
132 1 11 100
132 3 10 100
133 9 4 148
133 36 9 100
133 36 11 100
133 18 46 100
133 14 10 99
133 14 19 99
133 14 22 100
133 19 9 150
133 19 38 100
133 25 9 150
133 1 11 100
133 15 11 99
133 21 9 150
134 2 5 100
134 2 17 150
134 2 22 99
134 2 46 99
134 30 4 100
134 35 20 99
134 35 22 100
134 0 11 150
134 0 17 99
134 0 19 100
134 1 11 100
134 16 17 150
134 16 46 100
134 15 11 99
134 28 17 99
134 19 38 100
135 15 11 99
135 17 11 100
135 16 17 150
135 16 19 100
135 16 46 100
135 14 17 99
135 14 22 100
135 14 46 100
135 2 17 150
135 19 38 100
135 28 17 99
136 36 11 100
136 36 43 100
136 45 16 100
136 11 4 100
136 11 10 100
136 11 46 100
136 13 19 100
136 17 11 100
136 7 11 100
136 19 38 100
136 20 11 100
137 3 4 150
137 3 10 100
137 3 19 100
137 3 35 100
137 2 5 100
137 2 22 99
137 2 46 99
137 28 11 150
137 28 22 99
137 47 11 99
137 33 46 150
138 3 10 100
138 3 19 100
138 14 22 100
138 14 46 100
138 19 9 150
138 19 38 100
138 36 9 100
138 36 11 100
138 25 9 150
138 18 46 100
138 35 4 100
138 47 9 150
138 47 11 99
139 1 11 100
139 1 19 100
139 1 22 150
139 1 35 100
139 1 46 148
139 42 10 100
139 36 11 100
139 8 38 150
139 47 11 99
140 30 4 100
140 15 5 99
140 15 11 99
140 41 1 100
140 41 19 100
140 40 38 150
140 25 10 100
140 25 46 150
140 21 35 99
140 0 11 150
140 38 1 99
140 29 1 100
140 29 22 100
140 47 11 99
140 32 1 99
140 20 11 100
141 33 1 150
141 33 10 100
141 33 46 150
141 17 11 100
141 7 11 100
141 34 4 100
141 22 38 100
141 20 11 100
141 39 1 100
141 3 19 100
141 38 1 99
141 4 1 100
142 48 1 100
142 23 19 100
142 31 13 100
142 38 1 99
142 29 1 100
142 0 11 150
142 41 1 100
142 47 11 99
142 33 1 150
142 19 1 150
142 19 5 100
143 45 16 100
143 19 19 99
143 11 4 100
143 11 46 100
143 2 22 99
143 2 46 99
143 6 11 150
143 28 11 150
144 48 46 100
144 33 10 100
144 33 46 150
144 0 4 100
144 0 11 150
144 0 19 100
144 2 22 99
144 37 11 150
144 10 26 100
145 16 19 100
145 16 46 100
145 19 5 100
145 19 38 100
145 36 11 100
145 15 11 99
145 47 11 99
145 7 22 100
145 30 4 100
145 18 40 99
145 18 46 100
145 2 22 99
146 45 1 100
146 12 1 99
146 12 46 150
146 4 1 100
146 40 9 99
146 40 38 150
146 29 1 100
146 32 1 99
146 3 10 100
146 47 9 150
146 47 11 99
146 48 9 148
146 21 9 150
147 2 22 99
147 2 46 99
147 7 11 100
147 7 22 100
147 47 11 99
147 23 19 100
147 29 46 100
147 37 10 100
147 37 11 150
147 9 4 148
147 34 11 148
147 19 38 100
148 45 16 100
148 0 4 100
148 0 11 150
148 0 19 100
148 15 5 99
148 15 11 99
148 8 46 150
148 19 38 100
149 20 11 100
149 20 35 99
149 8 13 100
149 8 19 100
149 8 46 150
149 3 10 100
149 7 11 100
149 7 22 100
149 28 11 150
149 19 38 100
150 36 10 150
150 36 11 100
150 38 1 99
150 38 3 100
150 38 19 100
150 38 35 148
150 0 11 150
150 29 1 100
150 29 22 100
151 6 11 150
151 29 1 100
151 29 19 100
151 29 22 100
151 29 35 100
151 29 46 100
151 18 46 100
151 0 4 100
151 0 11 150
151 11 10 100
151 33 1 150
151 41 1 100
151 15 5 99
151 22 38 100
152 21 10 100
152 21 46 99
152 30 4 100
152 47 11 99
152 47 14 100
152 42 19 150
152 14 22 100
152 14 46 100
152 7 11 100
152 7 16 99
152 17 11 100
153 29 1 100
153 29 19 100
153 29 46 100
153 16 46 100
153 48 1 100
153 9 4 148
153 0 11 150
153 41 1 100
153 36 11 100
153 45 1 100
154 2 5 100
154 2 46 99
154 22 38 100
154 4 1 100
154 4 19 99
154 8 35 99
154 32 1 99
154 17 11 100
154 28 11 150
154 39 1 100
154 38 1 99
154 21 10 100
154 6 11 150
154 29 1 100
155 19 1 150
155 19 19 99
155 19 38 100
155 20 11 100
155 22 38 100
155 22 46 150
155 38 46 100
155 10 16 100
155 37 11 150
155 37 22 100
156 25 35 148
156 25 46 150
156 41 1 100
156 41 4 150
156 41 19 100
156 7 11 100
156 36 11 100
156 21 35 99
156 6 11 150
156 12 1 99
156 12 35 99
156 45 1 100
156 13 1 100
156 39 1 100
156 39 5 99
157 46 19 100
157 42 10 100
157 16 46 100
157 16 48 150
157 37 11 150
157 37 46 100
157 14 35 99
157 30 4 100
157 30 48 100
157 20 11 100
157 10 26 100
157 39 48 100
158 12 35 99
158 12 46 150
158 34 11 148
158 34 35 150
158 18 46 100
158 40 38 150
158 14 10 99
158 14 19 99
158 14 22 100
158 14 35 99
158 2 22 99
158 0 11 150
159 44 5 100
159 20 16 150
159 20 35 99
159 31 46 100
159 24 35 150
159 9 4 148
159 10 35 99
159 16 19 100
159 13 35 150
159 22 38 100
160 19 19 99
160 19 38 100
160 16 46 100
160 31 10 150
160 31 46 100
160 0 4 100
160 0 35 100
160 12 35 99
160 32 22 100
160 14 22 100
160 14 35 99
160 20 35 99
161 25 46 150
161 3 19 100
161 3 48 100
161 1 48 99
161 24 48 150
161 49 16 99
161 49 48 100
161 14 46 100
161 19 38 100
162 39 1 100
162 39 5 99
162 39 48 100
162 42 10 100
162 21 46 99
162 47 48 100
162 16 19 100
162 16 48 150
162 11 4 100
162 22 38 100
162 38 1 99
162 30 48 100
163 4 1 100
163 4 4 148
163 4 19 99
163 4 46 150
163 11 10 100
163 11 46 100
163 11 48 148
163 7 22 100
163 16 48 150
163 1 1 99
163 1 22 150
163 1 48 99
163 19 1 150
163 19 38 100
164 33 10 100
164 33 46 150
164 25 35 148
164 10 35 99
164 4 19 99
164 0 35 100
164 7 22 100
164 29 35 100
164 22 38 100
165 4 4 148
165 4 19 99
165 28 22 99
165 28 35 100
165 20 35 99
165 49 35 100
165 10 35 99
165 11 10 100
166 37 5 148
166 37 10 100
166 37 22 100
166 37 46 100
166 11 4 100
166 11 35 100
166 11 38 150
166 11 46 100
166 19 19 99
166 35 35 150
166 1 35 100
166 38 35 148
167 45 1 100
167 45 35 148
167 11 10 100
167 11 35 100
167 11 46 100
167 48 1 100
167 48 46 100
167 34 35 150
167 19 1 150
167 19 19 99
167 19 38 100
167 33 1 150
168 0 4 100
168 0 19 100
168 31 46 100
168 25 10 100
168 2 22 99
168 2 46 99
168 28 22 99
168 32 48 148
168 11 48 148
169 21 10 100
169 21 46 99
169 49 48 100
169 30 4 100
169 30 48 100
169 42 5 100
169 14 19 99
169 14 22 100
169 14 46 100
169 1 48 99
169 11 48 148
170 23 19 100
170 41 4 150
170 35 22 100
170 40 9 99
170 40 38 150
170 37 10 100
170 37 22 100
170 37 46 100
170 1 48 99
170 18 46 100
170 26 9 150
170 39 9 100
170 39 48 100
170 36 9 100
171 45 13 100
171 45 16 100
171 41 19 100
171 31 3 100
171 40 9 99
171 40 38 150
171 39 5 99
171 39 9 100
171 39 48 100
171 16 48 150
171 47 48 100
172 29 19 100
172 29 22 100
172 35 22 100
172 15 48 100
172 7 9 150
172 40 9 99
172 39 9 100
172 39 48 100
172 32 48 148
172 19 9 150
172 19 38 100
172 21 10 100
172 25 3 100
172 25 10 100
172 16 48 150
173 25 10 100
173 25 35 148
173 25 40 100
173 25 46 150
173 24 35 150
173 24 48 150
173 16 19 100
173 16 48 150
173 11 4 100
173 11 35 100
173 28 22 99
174 48 4 150
174 48 46 100
174 10 16 100
174 10 26 100
174 10 35 99
174 20 35 99
174 1 19 100
174 1 35 100
174 21 35 99
174 19 5 100
174 34 35 150
175 21 46 99
175 48 46 100
175 0 19 100
175 11 48 148
175 32 22 100
175 32 48 148
175 7 22 100
176 1 10 150
176 1 22 150
176 1 35 100
176 1 46 148
176 1 48 99
176 49 35 100
176 38 35 148
176 38 46 100
176 11 4 100
177 44 5 100
177 33 10 100
177 33 46 150
177 37 19 150
177 37 22 100
177 25 9 150
177 24 48 100
177 1 48 99
177 47 9 150
177 47 48 100
177 22 38 100
177 28 22 99
178 35 4 100
178 35 22 100
178 35 35 150
178 16 9 100
178 16 19 100
178 16 46 100
178 16 48 150
178 49 35 100
178 2 46 99
178 3 10 100
178 3 35 100
178 25 9 150
178 25 35 148
178 40 9 99
178 7 9 150
179 19 1 150
179 19 9 150
179 19 19 99
179 45 1 100
179 45 35 148
179 40 4 99
179 40 9 99
179 24 35 150
179 11 10 100
179 11 35 100
179 26 9 150
179 2 22 99
179 9 26 100
179 29 1 100
179 33 1 150
180 48 1 100
180 48 46 100
180 2 5 100
180 2 46 99
180 23 19 100
180 11 4 100
180 11 35 100
180 20 35 99
180 13 1 100
180 13 35 150
181 48 1 100
181 46 19 100
181 29 1 100
181 29 22 100
181 29 35 100
181 45 1 100
181 2 22 99
181 3 10 100
181 3 48 100
181 35 4 100
181 49 48 100
182 39 38 150
182 39 48 100
182 0 19 100
182 31 3 100
182 31 46 100
182 35 22 100
182 21 10 100
182 21 46 99
183 28 22 99
183 28 38 148
183 33 46 150
183 22 5 99
183 1 19 100
183 1 48 99
183 2 22 99
183 45 13 100
184 22 4 150
184 22 38 100
184 22 46 150
184 8 19 100
184 49 48 100
184 21 10 100
184 37 22 100
184 32 48 148
185 15 5 99
185 15 48 100
185 34 4 100
185 34 35 150
185 2 22 99
185 2 46 99
185 25 10 100
185 25 35 148
185 13 19 100
185 13 35 150
185 10 35 99
185 35 22 100
185 18 46 100
186 15 48 100
186 22 38 100
186 22 46 150
186 49 48 100
186 41 19 100
186 31 13 100
187 25 10 100
187 25 38 150
187 25 46 150
187 41 1 100
187 41 19 100
187 33 1 150
187 33 10 100
187 1 1 99
187 1 22 150
187 1 48 99
187 48 1 100
187 48 46 100
187 39 1 100
187 39 48 100
187 30 48 100
188 4 4 148
188 4 19 99
188 4 46 150
188 38 35 148
188 16 48 150
188 47 48 100
188 28 22 99
188 28 35 100
188 33 10 100
188 44 5 100
188 0 35 100
188 14 22 100
188 1 48 99
189 29 19 100
189 29 22 100
189 29 35 100
189 29 46 100
189 10 35 99
189 34 4 100
189 34 35 150
189 39 48 100
189 49 35 100
189 49 48 100
189 14 10 99
189 1 48 99
190 2 22 99
190 2 46 99
190 38 3 100
190 38 19 100
190 31 26 100
190 10 35 99
190 7 22 100
190 49 48 100
191 9 4 148
191 0 19 100
191 0 35 100
191 7 16 99
191 20 35 99
191 12 35 99
191 19 5 100
191 19 38 100
191 18 46 100
191 45 35 148
191 3 48 100
191 32 48 148
192 29 19 100
192 29 22 100
192 29 35 100
192 29 46 100
192 8 35 99
192 45 35 148
192 11 4 100
192 11 46 100
192 11 48 148
192 1 48 99
192 37 22 100
192 49 48 100
192 47 48 100
192 32 48 148
193 32 22 100
193 11 4 100
193 11 10 100
193 11 35 100
193 11 38 150
193 11 46 100
193 25 35 148
193 13 19 100
193 13 35 150
193 49 48 100
193 14 46 100
194 0 19 100
194 4 46 150
194 21 10 100
194 7 22 100
194 14 22 100
194 42 5 100
194 39 38 150
194 39 48 100
194 15 48 100
194 47 48 100
195 48 4 150
195 48 46 100
195 9 10 150
195 14 19 99
195 14 22 100
195 14 46 100
195 47 48 100
195 3 48 100
196 16 19 100
196 16 46 100
196 16 48 150
196 19 5 100
196 19 38 100
196 0 4 100
196 0 35 100
196 10 35 99
196 2 22 99
196 2 46 99
196 24 35 150
196 37 10 100
196 37 22 100
196 15 48 100
197 13 19 100
197 13 35 150
197 13 46 148
197 32 22 100
197 35 35 150
197 25 10 100
197 25 35 148
197 25 40 100
197 22 38 100
197 30 48 100
198 37 10 100
198 37 22 100
198 37 46 100
198 18 46 100
198 14 19 99
198 14 22 100
198 13 4 150
198 32 48 148
198 1 48 99
199 32 22 100
199 32 48 148
199 34 4 100
199 13 19 100
199 13 38 150
199 37 10 100
199 37 22 100
199 44 5 100
199 47 48 100
199 49 48 100
200 31 3 100
200 31 46 100
200 11 10 100
200 11 35 100
200 11 46 100
200 11 48 148
200 8 19 100
200 3 48 100
200 37 22 100
200 15 48 100
201 2 46 99
201 14 19 99
201 14 35 99
201 20 35 99
201 11 4 100
201 11 35 100
201 11 48 148
201 35 35 150
201 15 48 100
202 22 4 150
202 22 5 99
202 22 38 100
202 22 46 150
202 32 22 100
202 34 35 150
202 46 19 100
202 1 35 100
202 1 48 99
202 18 46 100
202 29 22 100
202 29 35 100
202 21 10 100
202 21 35 99
202 7 16 99
203 1 22 150
203 1 48 99
203 19 19 99
203 5 14 100
203 16 3 100
203 16 48 150
203 30 48 100
203 37 10 100
204 33 10 100
204 33 46 150
204 8 35 99
204 49 16 99
204 49 35 100
204 28 35 100
204 16 46 100
204 20 35 99
205 0 4 100
205 0 19 100
205 2 5 100
205 2 22 99
205 2 46 99
205 48 46 100
205 14 10 99
205 39 48 100
205 34 26 100
205 17 16 100
205 11 48 148
205 30 48 100
205 3 48 100
206 11 4 100
206 11 34 150
206 11 46 100
206 11 48 148
206 47 48 100
206 19 1 150
206 19 19 99
206 45 1 100
206 30 48 100
206 4 1 100
206 29 1 100
206 49 48 100
207 3 10 100
207 3 19 100
207 3 35 100
207 3 48 100
207 41 1 100
207 11 4 100
207 11 48 148
207 42 5 100
207 1 48 99
208 16 9 100
208 16 19 100
208 16 46 100
208 23 47 100
208 48 1 100
208 48 9 148
208 48 46 100
208 36 9 100
208 36 10 150
208 45 1 100
208 45 35 148
208 35 4 100
208 35 22 100
208 35 35 150
208 29 1 100
208 29 35 100
208 19 1 150
208 19 9 150
209 49 48 100
209 0 4 100
209 0 19 100
209 42 10 100
209 14 22 100
209 14 46 100
209 37 46 100
209 32 48 148
209 15 48 100
209 30 48 100
210 39 5 99
210 0 19 100
210 0 35 100
210 28 16 150
210 28 22 99
210 28 35 100
210 49 35 100
210 34 35 150
210 2 46 99
210 25 10 100
210 25 40 100
211 42 10 100
211 42 19 150
211 7 22 100
211 7 46 150
211 1 48 99
211 8 38 150
211 22 4 150
211 11 48 148
212 21 46 99
212 8 19 100
212 8 38 150
212 19 1 150
212 2 46 99
212 41 1 100
212 11 4 100
212 11 48 148
212 12 1 99
212 45 1 100
213 44 5 100
213 45 1 100
213 45 16 100
213 45 35 148
213 21 10 100
213 21 46 99
213 41 19 100
213 2 22 99
213 11 48 148
214 1 19 100
214 1 22 150
214 1 46 148
214 1 48 99
214 2 46 99
214 46 38 148
214 11 4 100
214 11 48 148
215 25 10 100
215 25 35 148
215 25 46 150
215 40 4 99
215 39 48 100
215 16 19 100
215 16 48 150
215 9 26 100
215 13 35 150
215 0 35 100
216 25 3 100
216 25 10 100
216 11 4 100
216 11 35 100
216 11 48 148
216 0 19 100
216 41 1 100
216 49 48 100
216 16 48 150
216 45 1 100
216 15 5 99
216 15 48 100
217 45 1 100
217 31 46 100
217 33 1 150
217 33 10 100
217 33 46 150
217 4 1 100
217 4 19 99
217 35 4 100
217 35 22 100
217 19 38 100
217 49 48 100
217 37 22 100
217 3 48 100
218 49 35 100
218 49 48 100
218 4 19 99
218 4 46 150
218 45 35 148
218 33 10 100
218 0 4 100
218 0 35 100
218 29 22 100
218 46 38 148
218 3 48 100
218 37 22 100
218 28 22 99
219 40 4 99
219 8 19 100
219 8 35 99
219 44 5 100
219 29 22 100
219 29 35 100
219 18 40 99
219 30 48 100
219 25 10 100
219 25 35 148
219 47 48 100
219 39 48 100
219 28 35 100
220 48 46 100
220 19 19 99
220 19 38 100
220 35 22 100
220 35 35 150
220 0 35 100
220 45 35 148
220 30 48 100
220 2 22 99
220 11 35 100
220 11 48 148
221 11 4 100
221 11 10 100
221 11 35 100
221 11 46 100
221 19 5 100
221 19 19 99
221 19 38 100
221 0 35 100
221 7 22 100
221 48 46 100
221 1 35 100
222 14 10 99
222 14 19 99
222 14 22 100
222 14 35 99
222 14 46 100
222 8 13 100
222 8 35 99
222 4 1 100
222 12 1 99
222 7 9 150
222 1 1 99
222 1 48 99
222 5 9 150
222 30 9 150
222 30 48 100
222 38 1 99
222 26 9 150
223 0 4 100
223 0 19 100
223 0 35 100
223 8 3 150
223 8 35 99
223 25 9 150
223 25 35 148
223 14 35 99
223 30 9 150
223 30 48 100
223 26 9 150
223 27 26 99
223 15 48 100
223 41 1 100
223 49 48 100
224 6 9 100
224 16 19 100
224 16 46 100
224 16 48 150
224 1 1 99
224 1 10 150
224 1 48 99
224 38 1 99
224 3 48 100
224 0 4 100
224 13 1 100
225 38 1 99
225 38 19 100
225 38 46 100
225 48 1 100
225 48 9 148
225 7 9 150
225 7 16 99
225 7 22 100
225 46 38 148
225 5 9 150
225 21 9 150
225 21 10 100
225 35 4 100
225 2 5 100
226 21 10 100
226 21 35 99
226 21 46 99
226 37 22 100
226 37 46 100
226 35 4 100
226 35 35 150
226 10 35 99
226 11 48 148
226 29 19 100
227 47 48 100
227 33 1 150
227 33 10 100
227 33 46 150
227 42 5 100
227 35 22 100
227 46 19 100
227 46 38 148
227 39 1 100
227 39 48 100
227 29 1 100
227 29 46 100
227 32 1 99
227 32 48 148
227 11 48 148
228 8 19 100
228 8 35 99
228 8 46 150
228 34 4 100
228 11 48 148
228 45 1 100
228 16 48 150
228 49 48 100
228 47 48 100
228 37 22 100
228 15 48 100
229 47 9 150
229 47 48 100
229 46 16 148
229 46 19 100
229 0 4 100
229 0 35 100
229 12 35 99
229 12 46 150
229 37 10 100
229 37 22 100
229 25 9 150
229 25 35 148
229 49 35 100
229 30 9 150
229 19 9 150
230 15 5 99
230 15 48 100
230 12 26 148
230 12 46 150
230 3 10 100
230 3 19 100
230 3 48 100
230 18 46 100
230 30 4 100
230 30 48 100
230 39 48 100
231 31 3 100
231 8 19 100
231 8 35 99
231 1 22 150
231 1 35 100
231 11 4 100
231 11 35 100
231 49 35 100
231 21 35 99
232 22 5 99
232 22 46 150
232 1 22 150
232 1 48 99
232 40 4 99
232 16 48 150
232 11 48 148
233 49 16 99
233 49 35 100
233 3 10 100
233 3 19 100
233 3 35 100
233 6 9 100
233 12 35 99
233 25 3 100
233 25 9 150
233 25 35 148
233 25 38 150
233 48 9 148
233 19 9 150
234 34 4 100
234 34 19 150
234 39 1 100
234 39 48 100
234 38 1 99
234 16 48 150
234 7 22 100
234 19 1 150
234 12 1 99
234 12 35 99
234 29 1 100
234 1 48 99
234 25 10 100
235 33 10 100
235 33 46 150
235 1 19 100
235 1 48 99
235 17 16 100
235 42 5 100
235 31 46 100
235 32 48 148
235 39 48 100
235 41 4 150
236 22 38 100
236 22 46 150
236 3 10 100
236 3 19 100
236 3 35 100
236 3 48 100
236 14 35 99
236 25 35 148
236 4 1 100
236 1 1 99
236 32 1 99
237 3 4 150
237 3 19 100
237 3 35 100
237 31 46 100
237 18 46 100
237 10 35 99
237 1 1 99
237 1 22 150
237 1 35 100
237 29 1 100
237 29 35 100
238 14 10 99
238 14 19 99
238 14 22 100
238 14 35 99
238 14 46 100
238 37 22 100
238 37 46 100
238 8 35 99
238 12 35 99
238 11 35 100
238 44 5 100
239 14 10 99
239 14 19 99
239 14 22 100
239 14 46 100
239 9 26 100
239 48 46 100
239 16 48 150
239 30 4 100
239 30 48 100
239 11 38 150
239 11 48 148
240 37 22 100
240 37 46 100
240 45 16 100
240 23 19 100
240 28 38 148
241 38 19 100
241 38 46 100
241 29 22 100
241 29 46 100
241 48 4 150
241 9 10 150
241 18 40 99
241 11 48 148
241 44 5 100
241 3 48 100
241 47 48 100
242 0 4 100
242 0 17 99
242 0 19 100
242 39 48 100
242 28 3 99
242 28 17 99
242 28 22 99
242 49 48 100
242 15 48 100
242 35 22 100
242 25 10 100
242 2 17 150
243 41 19 100
243 8 35 99
243 34 4 100
243 34 35 150
243 32 22 100
243 32 47 100
243 32 48 148
243 21 10 100
243 21 35 99
243 30 48 100
243 2 5 100
243 2 17 150
243 20 35 99
243 16 17 150
243 16 48 150
243 49 48 100
243 1 48 99
244 8 19 100
244 8 46 150
244 33 10 100
244 18 17 100
244 1 48 99
244 14 17 99
244 14 22 100
244 49 16 99
244 49 48 100
244 28 14 100
244 28 17 99
244 15 48 100
244 16 48 150
245 31 46 100
245 29 19 100
245 29 22 100
245 29 46 100
245 25 10 100
245 49 48 100
245 22 4 150
245 22 38 100
246 16 3 100
246 16 19 100
246 16 46 100
246 16 48 150
246 0 4 100
246 33 10 100
246 32 22 100
246 32 48 148
246 42 5 100
246 22 38 100
246 49 48 100
247 13 35 150
247 22 38 100
247 38 3 100
247 38 35 148
247 45 35 148
247 30 48 100
247 28 22 99
247 28 35 100
247 11 10 100
247 11 48 148
247 39 48 100
248 8 19 100
248 32 1 99
248 32 22 100
248 32 48 148
248 42 10 100
248 0 4 100
248 16 48 150
248 3 48 100
248 30 48 100
248 48 1 100
248 13 1 100
249 49 35 100
249 10 26 100
249 10 35 99
249 4 1 100
249 4 4 148
249 4 19 99
249 4 46 150
249 41 1 100
249 22 5 99
249 12 35 99
249 29 22 100
249 29 35 100
249 7 22 100
249 21 10 100
249 21 35 99
250 31 46 100
250 48 46 100
250 4 19 99
250 32 22 100
250 32 48 148
250 3 10 100
250 3 48 100
250 35 22 100
250 11 48 148
251 19 19 99
251 7 16 99
251 7 46 150
251 39 48 100
251 15 48 100
251 18 40 99
251 49 48 100
251 1 48 99
252 40 4 99
252 40 38 150
252 4 4 148
252 4 19 99
252 21 35 99
252 8 3 150
252 8 35 99
252 11 35 100
252 35 22 100
252 22 5 99
252 32 22 100
253 38 19 100
253 38 46 100
253 3 10 100
253 3 35 100
253 3 48 100
253 14 22 100
253 14 46 100
253 49 48 100
254 15 48 100
254 16 19 100
254 16 46 100
254 16 48 150
254 29 22 100
254 29 46 100
254 8 38 150
254 39 48 100
254 32 22 100
254 32 48 148
254 49 48 100
254 41 4 150
254 47 48 100
255 7 16 99
255 29 19 100
255 36 10 150
255 42 5 100
255 1 48 99
255 40 4 99
255 40 38 150
255 16 48 150
255 49 48 100
256 10 26 100
256 19 9 150
256 19 19 99
256 40 4 99
256 40 9 99
256 8 46 150
256 3 10 100
256 3 48 100
256 39 9 100
256 39 48 100
256 15 48 100
256 26 9 150
256 30 48 100
257 20 35 99
257 29 19 100
257 29 22 100
257 29 35 100
257 29 46 100
257 37 10 100
257 37 22 100
257 37 46 100
257 12 35 99
257 15 5 99
257 36 9 100
257 14 35 99
258 31 3 100
258 31 13 100
258 28 22 99
258 28 35 100
258 33 10 100
258 21 35 99
258 4 19 99
258 29 22 100
258 29 35 100
258 12 35 99
259 25 9 150
259 25 35 148
259 25 38 150
259 20 16 150
259 20 35 99
259 4 4 148
259 4 19 99
259 45 35 148
259 40 9 99
259 13 9 99
259 13 35 150
259 48 9 148
260 42 5 100
260 30 4 100
260 45 1 100
260 45 35 148
260 3 19 100
260 3 35 100
260 35 35 150
260 32 1 99
260 40 38 150
260 14 46 100
260 21 46 99
260 48 1 100
261 32 1 99
261 32 22 100
261 19 1 150
261 19 19 99
261 2 46 99
261 28 35 100
261 10 16 100
261 10 35 99
261 45 35 148
261 14 10 99
261 14 35 99
262 14 10 99
262 14 19 99
262 14 22 100
262 1 48 99
262 22 4 150
262 22 38 100
262 39 48 100
262 18 40 99
262 30 48 100
262 5 3 150
262 16 48 150
263 14 10 99
263 14 19 99
263 14 22 100
263 14 46 100
263 19 5 100
263 40 4 99
263 38 46 100
263 49 48 100
263 2 22 99
263 31 26 100
264 7 22 100
264 16 48 150
264 21 10 100
264 11 48 148
265 21 10 100
265 21 35 99
265 21 46 99
265 28 22 99
265 49 48 100
265 37 19 150
265 37 46 100
265 16 48 150
265 13 1 100
265 47 48 100
265 12 1 99
265 48 1 100
266 47 48 100
266 44 5 100
266 46 19 100
266 32 1 99
266 32 22 100
266 32 48 148
266 31 3 100
266 31 13 100
266 1 1 99
266 1 35 100
266 1 48 99
266 22 4 150
266 14 35 99
266 38 35 148
266 11 35 100
266 11 48 148
267 12 35 99
267 12 46 150
267 42 10 100
267 3 19 100
267 3 35 100
267 21 35 99
267 20 35 99
267 10 35 99
267 29 22 100
267 30 4 100
267 37 22 100
268 31 46 100
268 2 5 100
268 2 46 99
268 23 19 100
268 14 10 99
268 30 48 100
268 47 48 100
268 11 38 150
268 11 48 148
268 32 48 148
269 31 46 100
269 14 10 99
269 14 19 99
269 14 22 100
269 14 35 99
269 14 46 100
269 9 4 148
269 21 35 99
269 28 22 99
269 28 35 100
269 0 35 100
270 11 4 100
270 11 38 150
270 11 46 100
270 11 48 148
270 37 22 100
270 37 46 100
270 8 19 100
270 39 48 100
270 30 48 100
271 46 19 100
271 38 35 148
271 38 46 100
271 44 5 100
271 35 22 100
271 35 35 150
271 48 46 100
271 0 35 100
271 1 10 150
271 2 22 99
272 18 46 100
272 35 4 100
272 35 22 100
272 35 35 150
272 12 35 99
272 12 46 150
272 8 19 100
272 8 35 99
272 8 38 150
272 36 9 100
272 14 10 99
272 14 35 99
272 25 9 150
272 5 9 150
272 6 9 100
273 21 9 150
273 21 10 100
273 21 35 99
273 21 46 99
273 1 19 100
273 1 35 100
273 40 4 99
273 25 35 148
273 37 46 100
273 17 16 100
274 41 1 100
274 41 19 100
274 29 1 100
274 29 22 100
274 29 35 100
274 29 46 100
274 18 46 100
274 15 5 99
274 12 1 99
274 12 35 99
274 13 1 100
274 13 35 150
274 38 1 99
275 23 19 100
275 10 35 99
275 7 22 100
275 3 4 150
275 3 10 100
275 3 35 100
275 0 35 100
275 11 35 100
275 11 38 150
275 14 35 99
276 10 26 100
276 46 19 100
276 30 48 100
276 35 22 100
276 32 3 150
276 32 22 100
276 32 48 148
276 16 48 150
276 47 48 100
277 2 5 100
277 2 46 99
277 32 48 148
277 9 4 148
277 8 19 100
277 34 16 148
277 33 10 100
277 49 48 100
277 15 48 100
278 35 4 100
278 35 22 100
278 35 35 150
278 2 46 99
278 4 1 100
278 4 19 99
278 4 46 150
278 48 1 100
278 29 1 100
278 29 35 100
278 25 35 148
278 1 1 99
279 1 1 99
279 1 19 100
279 1 22 150
279 1 35 100
279 1 46 148
279 15 5 99
279 37 10 100
279 28 35 100
279 28 38 148
279 49 35 100
279 10 35 99
279 18 40 99
280 46 19 100
280 21 35 99
280 10 35 99
280 28 22 99
280 28 35 100
280 22 38 100
280 35 35 150
280 19 13 99
281 13 4 150
281 13 9 99
281 13 19 100
281 13 35 150
281 13 46 148
281 34 9 100
281 34 26 100
281 34 35 150
281 42 10 100
281 10 35 99
281 2 22 99
281 6 9 100
281 40 9 99
282 18 46 100
282 28 22 99
282 28 35 100
282 37 10 100
282 37 46 100
282 16 9 100
282 16 19 100
282 16 48 150
282 40 4 99
282 39 5 99
282 39 48 100
283 33 10 100
283 31 3 100
283 8 19 100
283 8 38 150
283 11 48 148
283 30 48 100
283 14 22 100
283 2 22 99
284 16 9 100
284 16 19 100
284 16 46 100
284 16 48 150
284 39 9 100
284 39 48 100
284 20 35 99
284 0 4 100
284 0 35 100
284 47 9 150
284 47 48 100
284 1 22 150
284 1 35 100
284 37 10 100
284 37 46 100
284 21 9 150
284 21 35 99
284 22 38 100
285 1 19 100
285 1 22 150
285 1 48 99
285 30 4 100
285 30 48 100
285 33 10 100
285 40 9 99
285 16 48 150
285 44 5 100
285 39 48 100
286 41 19 100
286 14 10 99
286 14 22 100
286 14 35 99
286 47 48 100
286 39 48 100
286 42 39 99
286 5 39 100
286 37 39 150
286 15 48 100
286 46 39 100
286 13 39 100
287 48 4 150
287 48 39 100
287 36 39 150
287 11 48 148
287 1 19 100
287 1 22 150
287 1 48 99
287 47 48 100
287 34 39 100
287 37 39 150
287 49 48 100
288 11 4 100
288 11 10 100
288 11 38 150
288 11 48 148
288 5 39 100
288 30 48 100
288 37 22 100
288 37 39 150
288 38 19 100
288 38 39 150
288 0 39 99
288 1 48 99
288 18 40 99
288 32 48 148
288 42 5 100
288 42 39 99
289 14 19 99
289 36 39 150
289 16 39 150
289 5 39 100
290 34 4 100
290 34 26 100
290 34 39 100
290 35 14 100
290 35 22 100
290 43 23 100
290 19 5 100
290 29 35 100
290 29 39 150
290 46 39 100
291 0 4 100
291 0 39 99
291 6 23 99
291 42 14 100
291 42 39 99
291 45 16 100
291 48 39 100
291 17 16 100
291 5 39 100
291 29 39 150
292 45 16 100
292 45 35 148
292 21 41 100
292 46 38 148
292 46 39 100
292 6 23 99
292 35 4 100
292 36 5 150
292 36 39 150
292 42 39 99
292 34 39 100
292 38 39 150
293 3 35 100
293 3 39 150
293 17 11 100
293 13 1 100
293 13 39 100
293 11 4 100
293 38 39 150
293 38 41 100
293 27 41 100
293 19 38 100
293 36 14 150
293 36 39 150
293 0 39 99
293 42 39 99
294 22 5 99
294 22 23 148
294 22 38 100
294 22 41 100
294 1 35 100
294 45 16 100
294 37 41 100
294 11 4 100
295 20 14 100
295 20 16 150
295 20 35 99
295 41 41 148
295 39 5 99
295 25 23 100
295 12 35 99
295 9 26 100
296 41 4 150
296 41 41 148
296 28 14 100
296 28 16 150
296 28 35 100
296 18 23 100
297 22 5 99
297 22 38 100
297 22 41 100
297 11 4 100
297 31 16 150
297 41 41 148
297 6 23 99
298 47 14 100
298 47 41 100
298 17 16 100
298 19 5 100
298 19 38 100
298 0 4 100
298 49 23 150
298 27 41 100
299 20 14 100
299 20 16 150
299 10 26 100
299 30 4 100
299 25 10 100
299 25 40 100
300 34 4 100
300 34 16 148
300 22 5 99
300 22 41 100
300 47 14 100
300 43 23 100
301 29 35 100
301 31 16 150
301 25 23 100
301 47 41 100
301 21 41 100
302 15 5 99
302 15 11 99
302 45 16 100
302 42 14 100
302 34 4 100
302 43 41 150
302 21 41 100
303 49 16 99
303 49 35 100
303 49 41 148
303 34 4 100
303 34 26 100
303 20 14 100
303 27 23 100
303 15 5 99
303 17 16 100
304 9 4 148
304 12 35 99
304 22 38 100
304 22 41 100
304 14 41 100
304 0 49 100
304 7 16 99
304 7 49 148
304 23 49 150
305 11 4 100
305 42 5 100
305 42 14 100
305 37 41 100
305 38 49 100
305 47 49 148
305 18 49 150
305 27 26 99
306 39 5 99
306 47 14 100
306 47 41 100
306 37 41 100
306 23 23 148
306 10 16 100
307 12 35 99
307 31 16 150
307 17 11 100
307 27 41 100
307 49 41 148
307 40 4 99
308 17 16 100
308 41 4 150
308 41 41 148
308 20 14 100
308 20 35 99
308 0 5 150
308 22 38 100
308 45 16 100
309 49 16 99
309 49 35 100
309 27 23 100
309 27 26 99
309 35 4 100
309 35 14 100
310 27 23 100
310 36 9 100
310 13 9 99
310 13 35 150
310 44 5 100
310 18 40 99
310 28 16 150
311 39 5 99
311 20 14 100
311 20 16 150
311 20 35 99
311 14 41 100
311 30 4 100
311 37 41 100
311 27 23 100
312 23 23 148
312 24 41 150
312 31 26 100
312 41 4 150
312 40 9 99
312 45 16 100
312 11 35 100
313 28 16 150
313 28 35 100
313 28 38 148
313 24 41 50
313 39 5 99
313 7 11 100
313 34 4 100
314 16 14 99
314 17 16 100
314 22 38 100
314 18 23 100
315 14 41 100
315 31 16 150
315 24 14 100
315 0 4 100
315 0 5 150
315 40 4 99
316 29 35 100
316 19 38 100
316 15 23 100
316 20 16 150
317 2 5 100
317 10 16 100
317 10 23 100
317 10 26 100
317 10 35 99
317 35 4 100
317 16 9 100
317 6 9 100
318 4 4 148
318 17 16 100
318 49 16 99
318 49 41 148
318 27 23 100
318 27 41 100
318 47 9 150
318 25 40 100
319 19 5 100
319 19 38 100
319 28 14 100
319 36 11 100
319 35 4 100
320 37 41 100
320 17 16 100
320 19 5 100
320 19 38 100
320 40 4 99
320 47 14 100
320 45 16 100
320 45 35 148
321 8 35 99
321 34 16 148
321 15 5 99
321 15 23 100
322 7 16 99
322 14 14 150
322 14 41 100
322 2 23 150
322 48 4 150
322 45 16 100
322 47 41 100
322 19 38 100
323 10 16 100
323 10 23 100
323 21 41 100
323 40 4 99
323 5 41 150
323 22 5 99
323 22 38 100
324 22 41 100
324 45 14 148
324 45 16 100
324 25 40 100
325 48 4 150
325 48 9 148
325 29 5 150
325 28 16 150
325 31 26 100
325 6 23 99
326 46 16 148
326 41 4 150
326 41 23 150
326 41 41 148
326 34 9 100
326 34 35 150
326 14 41 100
327 42 5 100
327 31 16 150
327 31 26 100
327 49 35 100
327 27 23 100
328 28 16 150
328 28 38 148
328 39 5 99
328 39 9 100
328 10 23 100
328 49 41 148
328 15 11 99
328 41 4 150
328 40 9 99
329 7 9 150
329 7 16 99
329 35 4 100
329 12 35 99
329 18 23 100
329 11 38 150
330 20 14 100
330 20 16 150
330 20 35 99
330 2 5 100
331 23 49 150
331 18 49 150
331 37 41 100
331 48 4 150
331 35 14 100
331 35 41 100
331 29 35 100
331 49 16 99
332 10 16 100
332 10 23 100
332 40 4 99
332 40 5 150
332 40 38 150
332 0 49 100
332 21 41 100
333 12 35 99
333 39 9 100
333 38 41 100
333 49 16 99
333 49 23 150
333 49 35 100
333 49 41 148
333 7 16 99
333 11 4 100
334 18 40 99
334 8 35 99
334 8 38 150
334 2 5 100
334 42 14 100
334 41 41 148
334 10 16 100
334 11 4 100
335 20 14 100
335 20 16 150
335 20 35 99
335 21 41 100
335 6 9 100
335 22 5 99
335 22 38 100
335 22 41 100
336 20 11 100
336 20 16 150
336 8 38 150
336 30 4 100
336 25 23 100
336 40 4 99
337 13 9 99
337 46 16 148
337 5 41 150
337 21 41 100
337 18 23 100
337 35 41 100
337 42 5 100
337 19 38 100
338 16 9 100
338 16 14 99
338 46 16 148
338 6 9 100
338 22 4 150
338 22 5 99
338 10 26 100
338 48 9 148
339 21 9 150
339 21 41 100
339 38 41 100
339 38 49 100
339 17 16 100
339 30 4 100
339 27 49 150
339 13 9 99
339 18 40 99
339 18 49 150
339 28 14 100
340 40 4 99
340 27 23 100
340 27 41 100
340 17 16 100
340 20 14 100
340 19 5 100
341 18 23 100
341 21 41 100
341 30 4 100
341 7 16 99
341 35 41 100
341 19 5 100
341 19 38 100
341 45 16 100
342 39 9 100
342 17 11 100
342 17 16 100
342 37 41 100
342 7 49 148
342 35 41 100
342 23 49 150
343 37 23 150
343 37 41 100
343 42 5 100
343 42 14 100
343 34 4 100
343 34 16 148
343 34 26 100
343 25 40 100
343 38 41 100
343 38 49 100
344 16 14 99
344 38 35 148
344 38 41 100
344 7 16 99
344 3 4 150
344 35 41 100
344 44 5 100
345 19 38 100
345 30 4 100
345 47 41 100
345 34 26 100
345 25 23 100
345 37 41 100
346 11 4 100
346 11 23 150
346 11 35 100
346 45 14 148
346 45 16 100
346 44 5 100
346 10 16 100
346 35 41 100
347 38 41 100
347 22 41 100
347 10 16 100
347 10 23 100
347 36 11 100
348 10 23 100
348 10 26 100
348 1 14 150
348 36 5 150
348 5 41 150
348 30 4 100
348 14 41 100
349 1 35 100
349 15 23 100
349 40 4 99
349 40 9 99
349 19 9 150
349 19 38 100
349 27 41 100
349 34 16 148
350 28 16 150
350 40 4 99
350 40 9 99
350 49 41 148
350 21 41 100
350 39 5 99
351 14 41 100
351 29 23 148
351 20 16 150
351 48 4 150
351 39 5 99
351 18 40 99
351 22 41 100
352 12 35 99
352 35 41 100
352 30 9 150
352 10 16 100
352 10 26 100
353 35 4 100
353 35 14 100
353 35 41 100
353 11 38 150
353 10 16 100
353 10 23 100
353 37 41 100
353 39 5 99
354 17 11 100
354 17 16 100
354 18 23 100
354 47 14 100
354 4 4 148
354 21 35 99
354 45 16 100
355 47 41 100
355 7 16 99
355 18 23 100
355 18 40 99
355 35 4 100
355 35 41 100
355 13 38 150
355 42 5 100
356 45 14 148
356 45 16 100
356 45 35 148
356 8 38 150
356 43 23 100
356 43 41 150
356 11 4 100
356 15 5 99
357 7 16 99
357 3 35 100
357 43 41 150
357 17 16 100
357 39 5 99
357 21 41 100
358 10 16 100
358 10 23 100
358 10 35 99
358 39 38 150
358 25 14 100
358 3 4 150
358 22 41 100
359 20 16 150
359 13 9 99
359 39 5 99
359 39 9 100
359 41 23 150
359 41 41 148
359 21 41 100
359 30 4 100
360 38 41 100
360 46 16 148
360 36 9 100
360 34 4 100
360 34 26 100
361 13 35 150
361 13 38 150
361 42 5 100
361 42 14 100
361 45 16 100
361 49 41 148
361 47 11 99
361 47 41 100
362 22 4 150
362 22 5 99
362 22 23 148
362 22 38 100
362 22 41 100
362 17 16 100
362 30 9 150
362 45 16 100
362 18 23 100
362 37 41 100
362 5 9 150
362 48 9 148
363 27 23 100
363 10 16 100
363 42 14 100
363 25 9 150
363 35 4 100
364 10 16 100
364 39 5 99
364 24 14 100
364 41 41 148
364 19 38 100
364 18 40 99
364 30 4 100
365 10 16 100
365 0 4 100
365 7 16 99
365 22 5 99
366 31 26 100
366 41 41 148
366 19 9 150
366 43 23 100
366 49 16 99
366 0 4 100
367 17 11 100
367 17 16 100
367 5 14 100
367 5 41 150
367 22 5 99
367 22 41 100
368 8 35 99
368 18 23 100
368 18 40 99
368 0 4 100
368 38 41 100
368 5 14 100
368 31 16 150
368 31 26 100
369 25 14 100
369 25 23 100
369 29 5 150
369 29 35 100
369 22 4 150
369 34 16 148
370 10 16 100
370 10 23 100
370 44 5 100
370 22 41 100
370 47 41 100
371 11 4 100
371 5 14 100
371 40 4 99
371 28 16 150
372 20 14 100
372 20 16 150
372 8 38 150
372 19 5 100
372 11 10 100
373 38 41 100
373 34 4 100
373 34 9 100
373 34 16 148
373 34 26 100
373 36 9 100
373 25 23 100
373 25 40 100
373 22 41 100
374 19 5 100
374 19 9 150
374 49 35 100
374 15 11 99
374 14 46 100
374 48 4 150
375 23 23 148
375 40 4 99
375 44 5 100
375 19 38 100
375 1 35 100
375 49 16 99
376 29 35 100
376 29 46 100
376 34 4 100
376 34 16 148
376 34 26 100
376 16 14 99
377 22 5 99
377 22 41 100
377 38 41 100
377 14 35 99
377 40 4 99
377 20 14 100
377 20 16 150
378 22 5 99
378 22 23 148
378 22 41 100
378 20 16 150
378 14 41 100
379 0 4 100
379 0 35 100
379 36 11 100
379 36 14 150
379 28 16 150
379 43 23 100
379 43 41 150
379 9 26 100
379 22 38 100
380 4 4 148
380 5 41 150
380 25 23 100
380 28 16 150
380 2 5 100
381 39 5 99
381 39 9 100
381 47 41 100
381 1 35 100
381 38 41 100
381 17 16 100
381 40 4 99
382 3 35 100
382 41 41 148
382 42 14 100
382 11 4 100
382 43 23 100
382 9 26 100
382 17 16 100
383 5 14 100
383 5 41 150
383 22 5 99
383 22 41 100
383 10 16 100
383 18 40 99
384 39 5 99
384 39 9 100
384 9 4 148
384 9 26 100
384 47 41 100
384 6 9 100
384 6 23 99
384 34 16 148
384 28 35 100
385 35 4 100
385 3 35 100
385 6 9 100
385 36 11 100
385 34 16 148
386 20 35 99
386 35 4 100
386 29 23 148
386 27 26 99
386 13 9 99
386 34 9 100
387 3 35 100
387 11 4 100
387 15 5 99
388 22 5 99
388 22 38 100
388 22 41 100
388 36 9 100
388 10 16 100
388 10 23 100
388 10 35 99
388 37 41 100
388 19 38 100
389 28 35 100
389 43 41 150
389 39 5 99
389 39 9 100
389 40 4 99
389 40 9 99
390 37 41 100
390 41 4 150
390 41 41 148
390 45 14 148
390 45 16 100
390 39 5 99
390 3 35 100
390 20 16 150
391 34 4 100
391 34 26 100
391 29 35 100
391 10 16 100
391 27 41 100
392 47 14 100
392 47 41 100
392 41 41 148
392 18 23 100
392 34 4 100
392 34 16 148
393 25 9 150
393 25 23 100
393 25 35 148
393 25 38 150
393 42 5 100
393 39 5 99
393 49 16 99
393 36 11 100
394 46 16 148
394 46 38 148
394 47 14 100
394 47 41 100
394 9 4 148
394 43 23 100
394 11 35 100
394 14 41 100
395 7 16 99
395 37 23 150
395 37 41 100
395 15 5 99
395 30 4 100
396 36 9 100
396 46 16 148
396 25 40 100
396 30 4 100
396 19 5 100
396 9 26 100
397 5 9 150
397 5 41 150
397 49 16 99
397 45 16 100
397 21 41 100
397 11 4 100
397 36 9 100
398 43 23 100
398 43 41 150
398 9 26 100
398 39 5 99
398 7 16 99
398 28 14 100
399 4 4 148
399 47 14 100
399 47 41 100
399 13 35 150
399 22 41 100
399 17 16 100
400 14 41 100
400 39 5 99
400 21 41 100
400 40 4 99
400 19 38 100
400 47 14 100
400 20 16 150
400 25 23 100
401 30 4 100
401 6 23 99
401 29 35 100
401 31 16 150
401 38 41 100
401 7 11 100
401 22 5 99
402 17 16 100
402 22 38 100
402 34 4 100
402 34 9 100
402 25 9 150
402 25 14 100
402 25 35 148
402 39 9 100
402 30 9 150
403 46 16 148
403 15 5 99
403 0 4 100
403 34 26 100
403 21 35 99
403 5 14 100
404 10 16 100
404 10 23 100
404 39 5 99
404 27 41 100
404 18 40 99
404 41 41 148
405 30 4 100
405 18 49 150
405 21 35 99
405 21 41 100
405 35 14 100
405 35 41 100
405 31 16 150
405 49 49 150
406 37 5 148
406 37 41 100
406 28 16 150
406 28 38 148
406 7 9 150
406 22 4 150
406 38 49 100
407 37 23 150
407 37 41 100
407 13 9 99
407 13 35 150
407 34 4 100
407 34 16 148
407 34 26 100
407 25 14 100
407 47 41 100
408 25 23 100
408 8 35 99
408 1 11 100
408 21 41 100
408 19 5 100
408 19 38 100
408 28 16 150
409 3 4 150
409 1 14 150
409 28 16 150
409 5 41 150
409 46 49 150
409 38 49 100
409 39 5 99
410 10 16 100
410 21 41 100
410 39 38 150
410 36 49 150
410 40 4 99
411 49 16 99
411 49 35 100
411 11 4 100
411 12 14 150
411 44 5 100
411 45 16 100
412 34 4 100
412 34 9 100
412 43 23 100
412 36 9 100
412 42 5 100
412 30 9 150
412 49 16 99
412 49 35 100
412 26 9 150
412 7 9 150
413 29 35 100
413 9 26 100
413 34 4 100
413 34 16 148
413 25 40 100
413 27 41 100
413 37 41 100
414 28 16 150
414 5 9 150
414 5 41 150
414 18 23 100
414 19 5 100
415 4 4 148
415 7 16 99
415 14 35 99
415 34 26 100
415 5 14 100
416 6 23 99
416 21 35 99
416 21 41 100
416 36 5 150
416 47 14 100
416 47 41 100
416 49 16 99
416 30 4 100
416 28 38 148
417 23 23 148
417 35 4 100
417 35 35 150
417 35 41 100
417 27 41 100
417 36 11 100
418 7 16 99
418 3 35 100
418 45 1 100
418 45 14 148
418 45 16 100
418 2 5 100
418 35 4 100
419 37 41 100
419 19 5 100
419 19 38 100
419 17 16 100
419 38 41 100
420 15 23 100
420 42 14 100
420 38 35 148
420 22 4 150
420 22 38 100
420 27 26 99
420 32 22 100
421 31 16 150
421 37 23 150
421 37 41 100
421 26 9 150
421 1 35 100
421 14 41 100
421 11 4 100
422 36 5 150
422 0 4 100
422 0 35 100
422 47 14 100
422 47 41 100
423 39 5 99
423 39 9 100
423 47 41 100
423 22 38 100
423 22 41 100
423 16 9 100
423 15 23 100
423 31 16 150
423 30 4 100
424 41 41 148
424 27 26 99
424 27 41 100
424 27 49 150
424 45 16 100
424 21 9 150
424 15 11 99
424 18 40 99
424 18 49 150
425 11 4 100
425 11 35 100
425 2 5 100
425 18 23 100
425 0 49 100
425 46 16 148
426 34 4 100
426 34 16 148
426 34 26 100
426 25 14 100
426 42 5 100
427 38 35 148
427 38 41 100
427 40 4 99
427 49 16 99
427 24 14 100
427 11 10 100
428 1 35 100
428 49 16 99
428 11 4 100
428 11 38 150
428 44 5 100
428 10 16 100
428 16 14 99
429 37 41 100
429 35 4 100
429 35 35 150
429 35 41 100
429 34 9 100
429 42 5 100
429 22 38 100
430 1 35 100
430 27 23 100
430 27 41 100
430 40 4 99
430 40 9 99
430 49 16 99
430 34 16 148
430 37 41 100
431 28 16 150
431 28 35 100
431 13 9 99
431 35 4 100
431 35 41 100
431 43 23 100
431 38 41 100
431 2 5 100
432 37 23 150
432 37 41 100
432 10 16 100
432 1 11 100
432 16 14 99
432 39 5 99
432 39 38 150
432 11 4 100
432 21 41 100
433 14 41 100
433 8 38 150
433 35 4 100
433 35 14 100
433 20 16 150
434 7 16 99
434 10 23 100
434 44 5 100
434 18 40 99
435 31 16 150
435 31 26 100
435 27 23 100
435 35 4 100
435 40 9 99
435 36 9 100
436 38 41 100
436 31 16 150
436 3 4 150
436 24 14 100
436 49 41 148
436 36 5 150
437 30 4 100
437 20 11 100
437 20 14 100
437 20 16 150
437 20 35 99
437 21 41 100
438 2 5 100
438 2 23 150
438 11 4 100
438 11 38 150
438 28 16 150
439 20 14 100
439 31 26 100
439 43 41 150
439 27 41 100
439 22 5 99
439 49 16 99
440 27 23 100
440 28 14 100
440 28 16 150
440 28 40 150
440 4 4 148
441 28 14 100
441 28 16 150
441 28 35 100
441 28 38 148
441 43 23 100
441 43 41 150
441 0 4 100
441 44 5 100
442 27 23 100
442 27 26 99
442 27 41 100
442 13 35 150
442 14 41 100
442 44 5 100
442 28 16 150
443 10 16 100
443 48 4 150
443 28 14 100
444 0 4 100
444 0 35 100
444 31 16 150
444 5 9 150
444 15 5 99
444 15 23 100
445 37 41 100
445 7 9 150
445 7 11 100
445 7 16 99
445 5 9 150
445 21 9 150
445 21 41 100
445 30 4 100
445 30 9 150
445 26 9 150
446 44 5 100
446 43 41 150
446 0 4 100
446 0 49 100
446 35 14 100
446 20 16 150
446 47 49 148
447 17 16 100
447 30 4 100
447 30 9 150
447 34 26 100
447 2 5 100
447 2 23 150
447 46 49 150
447 49 41 148
447 19 38 100
448 45 16 100
448 23 49 150
448 25 40 100
448 38 49 100
448 18 49 150
448 19 38 100
448 30 4 100
449 37 5 148
449 37 22 100
449 9 26 100
449 16 14 99
449 10 16 100
449 10 23 100
449 2 22 99
450 11 4 100
450 11 23 150
450 22 38 100
450 22 41 100
450 14 41 100
450 34 16 148
450 25 14 100
450 7 16 99
451 27 23 100
451 27 41 100
451 45 16 100
451 35 4 100
451 35 41 100
451 19 5 100
451 7 11 100
452 17 16 100
452 40 4 99
452 40 9 99
452 31 26 100
452 29 35 100
452 6 23 99
452 5 41 150
452 25 40 100
452 45 16 100
452 15 5 99
453 12 14 150
453 12 35 99
453 27 23 100
453 34 4 100
453 10 16 100
454 46 16 148
454 14 35 99
454 18 23 100
454 39 5 99
454 30 4 100
455 3 35 100
455 43 23 100
455 43 41 150
455 45 14 148
455 45 16 100
455 35 4 100
455 25 38 150
455 39 5 99
456 25 23 100
456 10 16 100
457 48 4 150
457 48 9 148
457 27 41 100
457 27 49 150
457 37 41 100
457 38 35 148
457 38 49 100
457 44 5 100
457 40 38 150
457 47 11 99
457 47 49 148
457 49 16 99
458 41 4 150
458 41 23 150
458 41 41 148
458 13 38 150
458 3 35 100
458 14 41 100
458 35 14 100
458 17 16 100
458 10 16 100
459 49 23 150
459 49 35 100
459 49 41 148
459 22 5 99
460 28 14 100
460 28 16 150
460 5 41 150
460 13 4 150
460 42 5 100
461 42 14 100
461 6 23 99
461 31 16 150
461 31 26 100
461 40 4 99
461 45 35 148
461 49 41 148
461 21 41 100
462 3 35 100
462 42 5 100
462 25 9 150
462 25 23 100
462 31 16 150
462 11 4 100
462 43 41 150
463 21 9 150
463 21 35 99
463 21 41 100
463 19 5 100
463 19 38 100
463 25 23 100
463 12 35 99
463 46 16 148
463 22 38 100
463 22 41 100
463 34 4 100
464 11 4 100
464 30 9 150
464 37 41 100
464 25 40 100
464 34 26 100
464 49 16 99
465 21 35 99
465 21 41 100
465 39 5 99
465 20 14 100
465 37 41 100
466 45 16 100
466 40 4 99
466 38 41 100
466 19 5 100
466 47 41 100
466 34 26 100
467 18 23 100
467 16 14 99
467 34 4 100
467 34 16 148
467 34 35 150
468 19 5 100
468 22 4 150
468 22 23 148
468 22 41 100
468 16 14 99
468 37 41 100
468 7 11 100
468 0 35 100
469 25 9 150
469 25 35 148
469 30 4 100
469 14 41 100
469 2 5 100
469 9 26 100
469 46 16 148
470 37 41 100
470 14 35 99
470 24 14 100
470 17 16 100
471 43 23 100
471 43 41 150
471 11 4 100
471 11 35 100
471 31 16 150
472 20 16 150
472 20 35 99
472 2 5 100
472 25 9 150
472 25 23 100
472 25 38 150
472 9 4 148
472 21 41 100
472 34 9 100
472 27 41 100
473 40 4 99
473 40 5 150
473 40 38 150
473 47 14 100
473 31 16 150
473 10 35 99
474 0 4 100
474 0 35 100
474 46 16 148
474 23 23 148
474 31 26 100
474 49 41 148
474 5 14 100
475 27 23 100
475 29 5 150
475 29 35 100
475 17 11 100
476 7 16 99
476 7 49 148
476 12 14 150
476 12 35 99
476 49 41 148
476 49 49 150
476 38 49 100
476 35 4 100
477 11 4 100
477 11 38 150
477 15 5 99
477 15 23 100
477 49 41 148
477 37 41 100
477 44 24 99
478 47 9 150
478 47 41 100
478 22 4 150
478 22 5 99
478 14 35 99
478 34 16 148
478 18 23 100
479 21 35 99
479 21 41 100
479 25 14 100
479 25 23 100
479 17 16 100
479 14 41 100
479 34 4 100
480 27 26 99
480 27 41 100
480 49 41 148
480 45 1 100
480 13 9 99
480 14 46 100
480 18 40 99
480 42 5 100
481 35 4 100
481 35 14 100
481 35 41 100
481 40 38 150
481 28 16 150
481 2 23 150
481 1 11 100
482 39 5 99
482 39 38 150
482 45 16 100
482 13 4 150
483 42 5 100
483 42 14 100
483 40 4 99
483 37 41 100
483 14 41 100
483 17 16 100
484 12 35 99
484 45 16 100
484 14 41 100
484 0 4 100
484 38 41 100
484 20 14 100
484 9 26 100
484 15 23 100
485 38 41 100
485 44 5 100
485 22 41 100
485 49 16 99
485 25 40 100
486 30 4 100
486 41 41 148
486 17 11 100
486 17 16 100
486 5 14 100
486 6 23 99
486 39 5 99
486 14 35 99
486 27 26 99
486 10 16 100
487 37 41 100
487 16 14 99
487 49 16 99
487 3 4 150
487 15 23 100
487 21 41 100
488 42 5 100
488 42 14 100
488 47 41 100
488 29 23 148
488 22 38 100
488 22 41 100
488 30 4 100
488 20 16 150
489 11 4 100
489 49 16 99
489 49 41 148
489 6 9 100
489 6 23 99
489 15 5 99
490 28 16 150
490 5 9 150
490 5 41 150
490 13 9 99
490 39 9 100
490 27 23 100
490 48 9 148
491 25 9 150
491 25 14 100
491 25 35 148
491 25 38 150
491 25 40 100
491 42 5 100
491 49 16 99
491 49 41 148
491 40 4 99
491 38 41 100
492 41 4 150
492 41 41 148
492 21 35 99
492 46 16 148
492 31 26 100
492 44 5 100
492 24 14 100
493 18 23 100
493 25 9 150
493 14 41 100
493 47 11 99
493 47 41 100
493 46 16 148
493 34 4 100
494 7 16 99
494 23 23 148
494 10 16 100
494 10 26 100
494 10 35 99
494 15 5 99
494 0 4 100
495 26 9 150
495 10 16 100
495 10 23 100
495 43 41 150
495 44 5 100
496 22 4 150
496 22 41 100
496 34 16 148
496 34 26 100
496 42 14 100
496 37 41 100
496 15 23 100
497 1 35 100
497 28 14 100
497 28 16 150
497 28 38 148
497 23 23 148
497 11 4 100
497 39 5 99
498 48 9 148
498 37 41 100
498 23 49 150
498 42 5 100
498 7 11 100
498 7 16 99
498 7 49 148
498 38 41 100
498 38 49 100
498 11 4 100
499 8 35 99
499 21 41 100
499 20 16 150
500 11 4 100
500 36 14 150
500 36 49 150
500 28 16 150
500 18 40 99
500 18 49 150
500 44 5 100
500 41 41 148
500 37 41 100
501 22 4 150
501 22 5 99
501 22 38 100
501 22 41 100
501 1 35 100
501 46 16 148
501 9 26 100
501 15 23 100
501 38 41 100
501 38 49 100
502 30 4 100
502 37 41 100
502 7 16 99
502 28 14 100
502 28 35 100
502 25 23 100
503 30 4 100
503 30 9 150
503 46 16 148
503 44 5 100
503 32 22 100
504 31 16 150
504 31 26 100
504 21 35 99
504 42 14 100
504 34 4 100
505 14 41 100
505 42 5 100
505 1 11 100
505 47 41 100
505 46 38 148
505 49 16 99
505 6 23 99
506 20 14 100
506 20 16 150
506 20 35 99
506 44 5 100
506 41 4 150
506 10 35 99
507 8 35 99
507 5 14 100
507 5 41 150
507 0 4 100
507 0 49 100
507 20 16 150
507 21 41 100
507 36 49 150
508 40 4 99
508 40 5 150
508 11 23 150
508 11 35 100
508 46 16 148
508 46 49 150
508 27 41 100
508 25 14 100
509 3 35 100
509 21 41 100
509 49 16 99
509 49 41 148
509 31 26 100
510 27 41 100
510 22 4 150
510 22 5 99
510 22 38 100
510 7 9 150
510 7 16 99
510 34 9 100
510 20 14 100
511 0 4 100
511 0 35 100
511 39 5 99
511 39 9 100
511 19 9 150
511 19 38 100
511 46 16 148
511 38 41 100
511 13 9 99
511 21 41 100
511 18 23 100
512 7 9 150
512 7 16 99
512 27 26 99
512 27 41 100
512 14 14 150
512 14 35 99
512 14 41 100
512 36 9 100
512 26 20 100
512 34 4 100
512 35 20 99
512 49 16 99
513 25 14 100
513 25 20 150
513 25 23 100
513 25 40 100
513 30 4 100
513 47 11 99
513 35 20 99
513 45 16 100
513 44 5 100
514 38 35 148
514 34 4 100
514 34 9 100
514 34 16 148
514 36 9 100
514 19 5 100
514 19 38 100
514 28 20 150
514 42 10 100
514 45 20 150
515 5 9 150
515 47 9 150
515 3 35 100
515 46 16 148
515 22 38 100
516 41 4 150
516 28 14 100
516 7 9 150
516 7 16 99
516 36 9 100
516 22 5 99
516 43 23 100
516 27 26 99
517 11 4 100
517 11 35 100
517 7 9 150
517 7 16 99
517 22 23 148
517 22 38 100
517 16 9 100
517 21 9 150
518 36 5 150
518 12 35 99
518 29 20 150
518 10 16 100
518 10 23 100
518 20 14 100
518 35 4 100
518 7 16 99
519 36 9 100
519 43 23 100
519 21 9 150
519 30 4 100
519 19 38 100
520 13 9 99
520 5 14 100
520 0 49 100
520 44 5 100
520 38 49 100
520 31 16 150
520 20 20 99
521 10 16 100
521 10 23 100
521 10 35 99
521 8 38 150
521 24 14 100
521 47 49 148
521 25 20 150
521 25 40 100
521 13 4 150
522 36 5 150
522 39 38 150
522 28 16 150
522 28 20 150
522 28 35 100
522 43 23 100
523 42 14 100
523 28 16 150
523 28 20 150
523 10 16 100
523 11 4 100
523 22 20 150
524 45 16 100
524 45 20 150
524 45 35 148
524 25 14 100
524 25 20 150
524 25 38 150
524 29 5 150
524 29 20 150
524 9 4 148
524 17 16 100
525 15 23 100
525 31 26 100
525 36 9 100
525 25 20 150
525 22 20 150
525 20 35 99
526 0 4 100
526 0 35 100
526 5 9 150
526 11 4 100
526 15 5 99
526 45 16 100
526 45 20 150
526 22 38 100
526 34 16 148
527 27 26 99
527 45 16 100
527 36 9 100
527 0 4 100
527 34 9 100
527 26 20 100
527 20 14 100
528 45 16 100
528 45 20 150
528 42 5 100
528 40 4 99
528 40 9 99
528 40 38 150
528 18 23 100
528 18 40 99
528 21 9 150
528 26 20 100
529 8 35 99
529 8 38 150
529 8 46 150
529 2 5 100
529 29 20 150
529 28 16 150
530 30 4 100
530 26 20 100
530 34 4 100
530 34 16 148
530 27 23 100
530 22 20 150
530 16 14 99
531 12 35 99
531 20 14 100
531 20 16 150
531 15 5 99
531 34 9 100
531 34 26 100
531 36 9 100
531 40 9 99
532 36 9 100
532 17 16 100
532 15 5 99
532 0 4 100
532 0 35 100
532 28 38 148
532 21 9 150
532 19 9 150
533 41 4 150
533 41 23 150
533 13 9 99
533 30 9 150
533 48 9 148
533 28 16 150
533 28 20 150
533 34 9 100
533 45 20 150
534 23 23 148
534 36 5 150
534 36 9 100
534 36 14 150
534 0 4 100
534 25 20 150
535 29 35 100
535 6 9 100
535 6 23 99
535 30 4 100
535 30 9 150
535 30 48 100
535 3 48 100
535 36 9 100
535 47 48 100
535 49 16 99
535 40 9 99
535 40 38 150
535 35 20 99
536 30 9 150
536 30 48 100
536 8 35 99
536 8 38 150
536 15 48 100
536 48 9 148
536 34 16 148
536 1 48 99
537 6 23 99
537 16 14 99
537 16 48 150
537 30 4 100
537 30 48 100
537 31 16 150
537 20 20 99
537 8 38 150
538 3 4 150
538 3 35 100
538 3 48 100
538 45 16 100
538 45 20 150
538 27 26 99
538 42 14 100
538 15 48 100
538 10 16 100
539 10 16 100
539 30 4 100
539 30 9 150
539 30 48 100
539 6 9 100
539 39 38 150
539 39 48 100
539 26 20 100
539 47 48 100
539 20 20 99
539 18 40 99
540 49 16 99
540 49 48 100
540 26 20 100
540 28 14 100
540 28 20 150
540 16 48 150
540 40 4 99
541 34 16 148
541 39 38 150
541 39 48 100
541 42 14 100
541 28 20 150
541 23 49 150
541 38 49 100
541 15 48 100
541 3 48 100
541 11 48 148
541 7 49 148
542 18 23 100
542 32 48 148
542 15 48 100
542 13 4 150
542 13 9 99
542 29 20 150
542 29 35 100
542 20 16 150
542 20 20 99
542 31 26 100
542 36 9 100
543 6 9 100
543 6 23 99
543 40 4 99
543 40 38 150
543 17 16 100
543 28 20 150
543 28 35 100
543 39 48 100
543 15 48 100
543 30 48 100
544 13 9 99
544 31 16 150
544 18 40 99
544 1 48 99
544 45 20 150
544 3 48 100
544 16 9 100
544 15 48 100
545 19 9 150
545 19 38 100
545 46 16 148
545 30 4 100
545 30 48 100
545 13 9 99
545 16 14 99
545 16 48 150
545 11 4 100
545 11 35 100
545 35 20 99
546 8 35 99
546 40 9 99
546 29 23 148
546 34 9 100
546 34 16 148
546 34 26 100
546 39 9 100
546 39 48 100
546 1 48 99
547 16 14 99
547 16 48 150
547 46 16 148
547 20 20 99
547 48 4 150
547 1 48 99
547 35 20 99
547 22 20 150
548 49 16 99
548 49 35 100
548 49 48 100
548 19 9 150
548 34 4 100
548 34 9 100
548 34 26 100
548 3 48 100
548 6 23 99
548 32 48 148
548 5 14 100
549 2 23 150
549 22 38 100
549 47 9 150
549 47 48 100
549 46 16 148
549 5 9 150
549 14 35 99
549 3 48 100
549 11 4 100
549 11 48 148
550 23 49 150
550 35 4 100
550 35 14 100
550 46 16 148
550 46 49 150
550 38 49 100
550 27 26 99
550 11 48 148
550 25 9 150
550 34 9 100
551 15 23 100
551 15 48 100
551 48 9 148
551 25 20 150
551 17 16 100
551 35 20 99
551 16 48 150
551 39 48 100
552 22 4 150
552 22 20 150
552 22 38 100
552 29 35 100
552 31 16 150
552 35 14 100
552 35 20 99
552 18 23 100
552 47 48 100
552 16 48 150
553 20 16 150
553 20 20 99
553 20 35 99
553 11 4 100
553 11 48 148
553 47 9 150
553 47 48 100
553 3 48 100
553 19 38 100
554 6 9 100
554 20 16 150
554 20 20 99
554 20 35 99
554 16 9 100
554 16 48 150
554 26 9 150
554 3 48 100
554 0 4 100
554 19 38 100
555 28 14 100
555 28 16 150
555 28 20 150
555 20 20 99
555 6 23 99
555 32 48 148
555 1 48 99
555 11 4 100
555 11 48 148
555 18 40 99
556 49 16 99
556 49 35 100
556 49 48 100
556 31 26 100
556 15 48 100
556 5 14 100
556 8 38 150
556 25 20 150
557 6 23 99
557 29 20 150
557 11 4 100
557 11 48 148
557 42 14 100
557 35 20 99
557 3 48 100
557 30 48 100
558 0 4 100
558 0 35 100
558 7 9 150
558 7 16 99
558 25 38 150
558 15 48 100
558 6 9 100
558 28 16 150
559 40 4 99
559 8 35 99
559 34 16 148
559 34 26 100
559 22 20 150
559 22 23 148
559 1 48 99
559 42 14 100
559 11 48 148
559 20 20 99
559 32 48 148
560 4 4 148
560 32 48 148
560 5 14 100
560 7 16 99
560 25 20 150
560 25 38 150
560 29 20 150
560 30 48 100
560 3 48 100
561 11 35 100
561 11 38 150
561 11 48 148
561 15 48 100
561 31 16 150
561 20 20 99
562 49 16 99
562 49 35 100
562 49 48 100
562 31 13 100
562 8 13 100
562 37 13 150
562 45 13 100
562 45 14 148
562 45 20 150
562 19 13 99
562 19 38 100
562 26 20 100
562 18 23 100
562 3 48 100
563 12 35 99
563 16 48 150
563 7 16 99
563 26 20 100
563 47 13 150
563 47 48 100
563 11 13 100
563 11 38 150
563 11 48 148
563 19 13 99
564 37 13 150
564 37 23 150
564 35 13 148
564 35 14 100
564 35 20 99
564 11 13 100
564 11 48 148
564 15 23 100
564 15 48 100
564 46 16 148
564 22 20 150
564 31 13 100
565 30 48 100
565 29 13 100
565 29 20 150
565 28 14 100
565 28 16 150
565 28 20 150
565 49 48 100
565 10 26 100
565 15 48 100
565 19 13 99
565 18 40 99
565 11 13 100
566 28 16 150
566 28 20 150
566 49 48 100
566 3 48 100
566 47 13 150
566 47 48 100
566 8 13 100
566 37 13 150
566 20 13 150
566 20 20 99
567 8 13 100
567 42 14 100
567 43 23 100
567 47 13 150
567 47 48 100
567 46 16 148
567 38 3 100
567 22 20 150
567 22 38 100
567 37 13 150
567 11 13 100
567 11 48 148
567 45 13 100
567 45 20 150
568 37 13 150
568 12 35 99
568 11 13 100
568 11 48 148
568 1 48 99
568 35 13 148
568 35 14 100
568 35 20 99
568 7 16 99
568 19 13 99
568 15 23 100
568 15 48 100
568 31 13 100
568 31 26 100
568 26 20 100
569 31 13 100
569 31 16 150
569 35 13 148
569 35 20 99
569 32 48 148
569 49 48 100
569 25 9 150
569 25 38 150
569 25 40 100
569 26 9 150
570 19 13 99
570 19 38 100
570 1 14 150
570 1 48 99
570 46 16 148
570 15 23 100
570 15 48 100
570 29 13 100
570 29 20 150
570 16 48 150
570 31 13 100
570 11 13 100
571 32 48 148
571 14 35 99
571 40 9 99
571 49 16 99
571 49 48 100
571 10 16 100
571 29 13 100
571 29 20 150
571 37 13 150
572 6 23 99
572 21 35 99
572 25 20 150
572 17 16 100
572 29 13 100
572 29 20 150
572 32 48 148
572 45 13 100
572 45 16 100
572 11 13 100
572 11 48 148
572 27 26 99
572 8 13 100
573 35 13 148
573 35 14 100
573 35 20 99
573 40 38 150
573 47 13 150
573 47 48 100
573 8 13 100
573 26 20 100
573 22 20 150
573 39 48 100
573 30 48 100
574 20 13 150
574 20 14 100
574 20 35 99
574 40 9 99
574 21 9 150
574 1 48 99
574 3 48 100
574 17 16 100
574 36 9 100
574 49 48 100
574 29 13 100
574 35 13 148
575 16 48 150
575 2 23 150
575 25 40 100
575 29 13 100
575 28 16 150
575 27 26 99
575 31 13 100
575 37 13 150
575 3 48 100
576 7 16 99
576 14 14 150
576 8 13 100
576 8 38 150
576 37 13 150
576 3 48 100
576 35 13 148
577 37 13 150
577 13 38 150
577 49 16 99
577 49 48 100
577 47 13 150
577 47 48 100
577 45 13 100
577 45 16 100
577 29 13 100
577 18 23 100
578 37 13 150
578 31 13 100
578 11 13 100
578 19 13 99
579 19 13 99
579 31 13 100
579 29 13 100
579 20 13 150
579 35 13 148
580 47 13 150
580 45 13 100
580 29 13 100
581 31 13 100
581 37 13 150
581 35 13 148
581 8 13 100
581 47 13 150
582 29 13 100
582 31 13 100
582 47 13 150
583 19 13 99
583 8 13 100
583 45 13 100
584 29 13 100
584 31 13 100
584 47 13 150
585 47 13 150
585 31 13 100
586 45 13 100
587 19 13 99
587 29 13 100
588 47 13 150
588 19 13 99
588 20 13 150
589 8 13 100
589 19 13 99
590 37 13 150
590 45 13 100
590 29 13 100
590 20 13 150
590 8 13 100
591 11 13 100
591 20 13 150
592 19 13 99
592 11 13 100
593 19 13 99
593 45 13 100
593 37 13 150
594 45 13 100
594 29 13 100
594 35 13 148
596 20 13 150
596 19 13 99
596 45 13 100
596 8 13 100
597 20 13 150
597 37 13 150
597 19 13 99
597 47 13 150
598 35 13 148
598 8 13 100
599 37 13 150
599 8 13 100
599 35 13 148
599 20 13 150
599 45 13 100
599 19 13 99
599 31 13 100
600 20 13 150
600 8 13 100
600 31 13 100
600 19 13 99
601 11 13 100
601 8 13 100
601 37 13 150
601 19 13 99
602 29 13 100
602 45 13 100
602 31 13 100
602 37 13 150
603 35 13 148
603 20 13 150
603 8 13 100
604 37 13 150
604 45 13 100
604 29 13 100
604 11 13 100
605 31 13 100
605 11 13 100
605 29 13 100
605 35 13 148
606 31 13 100
606 11 13 100
607 11 13 100
607 8 13 100
607 29 13 100
608 29 13 100
608 8 13 100
608 19 13 99
608 20 13 150
608 45 13 100
609 47 13 150
609 20 13 150
609 37 13 150
610 35 13 148
610 19 13 99
610 47 13 150
610 45 13 100
610 29 13 100
610 31 13 100
611 35 13 148
611 31 13 100
611 8 13 100
611 29 13 100
611 19 13 99
611 11 13 100
612 47 13 150
613 31 13 100
614 11 13 100
614 19 13 99
614 31 13 100
614 35 13 148
