5 37 38 100
5 49 27 100
6 25 46 100
6 15 28 100
6 34 20 148
7 46 19 99
7 8 41 100
8 27 4 99
9 16 28 99
9 37 46 100
10 33 20 100
11 15 38 100
12 9 41 99
12 20 31 100
12 20 46 100
12 0 14 100
13 45 18 100
13 46 19 99
14 6 25 100
15 25 46 100
15 25 48 100
15 11 41 100
17 33 38 100
17 5 28 100
18 20 43 150
18 20 46 100
18 27 4 99
18 26 43 150
18 46 43 99
19 43 19 99
19 43 43 150
19 16 13 100
19 46 43 99
19 26 43 150
19 28 43 150
20 8 25 100
20 33 20 100
20 16 47 99
21 17 27 100
21 37 41 100
21 3 6 100
21 3 31 100
21 39 20 100
22 27 35 100
22 11 38 99
23 27 21 150
23 17 27 100
23 16 28 99
23 9 21 150
24 17 27 100
24 17 46 100
24 20 18 150
24 20 19 99
24 24 18 99
25 11 41 100
26 39 28 100
27 17 46 100
27 37 3 100
27 37 38 100
27 6 25 100
27 43 3 100
27 40 3 100
28 28 27 100
29 23 31 99
29 12 20 100
29 18 20 100
30 9 19 100
30 47 20 148
31 15 28 100
31 20 41 99
31 44 35 150
32 6 25 100
32 6 35 150
32 16 13 100
33 5 46 99
33 27 4 99
34 46 48 100
35 7 38 100
35 46 4 150
35 41 41 100
36 11 27 100
36 43 19 99
37 10 47 99
37 25 25 100
37 7 35 100
37 17 27 100
38 5 28 100
38 34 16 100
38 34 20 148
39 29 46 100
40 6 35 150
40 24 13 99
40 10 47 99
41 6 35 150
41 17 19 100
42 12 20 100
42 32 6 100
42 27 4 99
42 11 38 99
43 49 27 100
43 46 48 100
44 4 31 100
44 9 41 99
44 43 3 100
44 48 27 150
45 11 27 100
45 28 27 100
46 45 26 100
46 16 39 150
46 2 26 100
46 2 39 99
46 17 26 150
46 7 26 100
46 19 39 148
47 11 41 100
48 34 25 100
48 24 13 99
48 46 19 99
48 5 46 99
49 25 48 100
49 12 16 100
50 37 38 100
51 33 18 150
51 5 46 99
51 28 26 150
51 24 26 100
51 29 26 100
51 30 26 100
52 26 15 148
52 45 26 100
52 8 41 100
52 39 28 100
53 20 31 100
54 22 19 100
54 22 38 100
54 25 46 100
55 31 12 100
56 9 41 99
57 5 46 99
57 8 25 100
57 9 48 100
57 16 47 99
58 31 12 100
58 28 27 100
59 35 38 100
60 16 41 99
60 2 16 100
60 43 19 99
60 11 4 100
61 17 46 100
62 47 36 100
62 32 6 100
62 41 13 100
62 41 36 100
62 46 48 100
62 23 36 100
64 20 46 100
64 34 20 148
64 19 20 100
64 5 28 100
65 13 19 100
65 12 25 100
65 12 31 99
65 27 4 99
66 16 41 99
67 20 46 100
67 40 3 100
68 44 18 100
68 44 26 100
68 24 18 99
68 24 26 100
68 28 26 150
68 2 26 100
69 0 38 99
70 20 16 100
70 20 27 99
70 20 41 99
71 12 25 100
71 12 47 99
71 29 46 100
71 25 48 100
71 28 27 100
72 29 19 100
72 34 20 148
72 39 28 100
74 35 31 99
74 35 38 100
74 2 39 99
74 1 39 150
74 20 39 150
75 25 48 100
75 30 41 99
76 9 35 150
76 36 13 100
77 29 19 100
77 29 46 100
78 25 25 100
78 25 48 100
78 33 38 100
79 27 4 99
80 18 20 100
80 17 46 100
81 2 16 100
82 15 28 100
82 41 41 100
82 36 31 100
83 5 46 99
84 9 19 100
84 38 47 99
84 31 38 100
86 26 6 100
86 20 46 100
86 19 20 100
86 33 20 100
87 19 25 100
87 20 27 99
87 25 48 100
88 8 41 100
88 34 38 99
88 9 4 150
89 46 19 99
89 15 18 148
90 29 46 100
90 3 3 100
90 10 18 100
91 36 25 100
91 36 35 150
92 0 38 99
92 2 26 100
92 22 26 100
92 7 26 100
92 46 48 100
92 16 13 100
92 16 41 99
92 32 31 99
92 11 27 100
92 9 26 150
92 24 26 100
92 17 27 100
93 38 47 99
93 28 27 100
94 45 27 148
96 3 25 100
96 17 19 100
97 20 41 99
97 5 35 100
97 25 48 100
98 23 18 100
98 4 20 150
98 20 46 100
98 24 18 99
98 21 24 100
99 49 12 150
99 49 27 100
100 12 25 100
100 5 28 100
101 17 19 100
101 41 13 100
102 11 38 99
102 11 41 100
102 38 35 150
102 30 18 99
102 37 18 100
102 23 31 99
103 17 46 100
104 11 4 100
104 12 16 100
105 48 27 150
105 16 28 99
105 16 41 99
107 43 3 100
107 43 19 99
108 29 46 100
108 11 41 100
109 15 28 100
109 19 25 100
110 29 12 100
110 4 31 100
111 30 38 100
111 29 46 100
112 46 19 99
113 32 41 100
113 12 25 100
114 24 6 99
114 29 46 100
115 38 47 99
115 1 28 100
115 1 38 100
115 1 43 148
115 9 48 100
115 45 43 100
115 36 43 148
115 20 43 150
115 10 43 150
115 48 43 100
116 49 43 100
116 5 13 100
117 37 41 100
117 37 46 100
117 23 31 99
118 28 39 100
118 18 20 100
118 34 16 100
118 12 20 100
118 41 39 100
119 11 38 99
119 11 39 148
119 1 28 100
119 1 39 150
119 9 19 100
119 9 39 150
119 14 39 150
121 5 35 100
121 11 41 100
121 46 48 100
122 7 35 100
122 12 25 100
123 37 46 100
124 37 38 100
124 49 27 100
125 18 20 100
125 16 28 99
126 46 19 99
126 44 35 150
126 32 31 99
126 32 41 100
126 27 4 99
127 40 39 100
127 2 39 99
127 1 39 150
127 41 39 100
128 20 46 100
128 24 13 99
129 6 35 150
129 47 20 148
130 28 12 100
130 9 16 100
130 34 25 100
131 20 19 99
131 20 41 99
132 46 48 100
132 20 27 99
133 0 6 99
134 34 38 99
134 38 47 99
134 20 46 100
135 25 25 100
135 23 31 99
135 37 41 100
135 5 28 100
137 22 19 100
137 17 46 100
138 9 28 99
139 12 16 100
139 37 3 100
139 37 41 100
140 28 39 100
140 4 39 100
140 16 39 150
140 43 4 150
140 31 38 100
141 48 25 100
141 37 46 100
141 16 13 100
142 3 31 100
142 25 48 100
143 6 18 150
143 9 19 100
143 9 41 99
143 5 15 150
143 7 38 100
143 24 15 100
145 16 28 99
145 11 27 100
145 17 27 100
146 5 46 99
146 1 38 100
146 32 41 100
148 19 39 148
148 4 39 100
148 33 39 150
148 40 39 100
149 46 19 99
149 5 13 100
149 39 20 100
149 33 20 100
150 25 46 100
151 9 16 100
151 9 41 99
151 48 27 150
152 0 38 99
152 49 27 100
152 32 31 99
153 39 28 100
153 27 4 99
153 34 25 100
154 13 19 100
154 13 32 100
154 11 41 100
154 5 35 100
155 33 20 100
155 7 6 100
155 46 48 100
155 39 20 100
156 48 27 150
157 5 46 99
158 9 41 99
158 8 25 100
159 36 13 100
159 27 4 99
160 22 19 100
160 2 48 150
160 11 27 100
161 3 38 100
161 38 35 150
161 11 27 100
162 12 16 100
162 37 3 100
162 37 46 100
163 32 31 99
164 41 41 100
165 5 46 99
165 7 19 99
166 6 25 100
166 35 28 99
167 44 18 100
167 47 20 148
167 26 18 100
168 31 38 100
168 45 27 148
168 24 35 150
168 16 41 99
170 47 26 100
170 30 26 100
170 28 26 150
170 11 38 99
170 44 26 100
170 1 25 100
170 37 46 100
171 32 41 100
172 7 19 99
172 46 48 100
172 11 4 100
173 35 31 99
173 35 38 100
173 1 39 150
173 20 39 150
173 2 39 99
173 38 47 99
174 29 46 100
175 15 28 100
175 45 27 148
176 32 6 100
176 5 18 100
176 37 18 100
176 49 27 100
177 6 25 100
177 30 41 99
177 38 19 100
178 36 13 100
179 39 28 100
179 30 38 100
179 17 46 100
180 9 16 100
180 9 41 99
180 9 48 100
180 48 27 150
181 36 31 100
182 44 26 100
182 2 26 100
182 7 26 100
183 33 38 100
183 17 26 150
183 17 46 100
183 41 41 100
183 4 26 100
184 15 6 100
185 20 19 99
185 36 25 100
185 47 20 148
186 28 24 100
186 46 48 100
187 29 26 100
187 29 46 100
187 17 26 150
187 49 3 100
187 47 26 100
187 30 26 100
188 23 12 150
188 6 35 150
188 15 28 100
189 20 18 150
189 20 27 99
189 20 41 99
189 30 18 99
189 11 27 100
190 39 20 100
190 18 20 100
190 3 31 100
191 13 19 100
192 31 38 100
192 5 13 100
192 5 46 99
192 9 16 100
193 34 20 148
194 20 41 99
195 12 20 100
195 45 27 148
195 25 48 100
196 0 38 99
196 23 31 99
196 25 46 100
197 25 25 100
197 25 48 100
198 37 41 100
198 16 28 99
199 25 46 100
199 30 38 100
199 46 19 99
200 22 21 148
201 3 21 99
201 27 35 100
202 11 41 100
202 48 25 100
203 47 4 150
203 37 46 100
203 34 16 100
203 3 47 100
204 35 28 99
204 9 19 100
205 24 13 99
206 29 46 100
206 0 38 99
207 36 31 100
208 46 48 100
208 30 35 150
208 30 41 99
209 26 6 100
209 27 4 99
210 17 19 100
210 17 46 100
210 8 25 100
210 47 20 148
211 5 28 100
211 47 20 148
211 48 27 150
212 19 20 100
213 3 3 100
214 48 25 100
214 48 27 150
214 8 41 100
215 9 28 99
215 7 19 99
215 7 38 100
215 48 27 150
216 37 46 100
216 16 13 100
217 20 18 150
217 20 41 99
217 11 4 100
218 3 31 100
218 25 48 100
219 44 16 100
220 37 46 100
221 0 18 100
221 0 38 99
221 10 18 100
221 20 19 99
222 30 41 99
223 7 6 100
223 17 27 100
223 46 48 100
223 48 25 100
224 25 46 100
224 39 20 100
224 39 28 100
225 47 15 100
225 24 15 100
225 3 15 100
226 48 43 100
226 19 20 100
226 36 43 148
226 30 43 100
226 39 20 100
226 14 43 99
226 45 43 100
227 47 20 148
227 9 19 100
227 46 43 99
227 49 43 100
227 30 43 100
227 20 43 150
227 20 46 100
228 15 38 100
228 12 20 100
228 12 31 99
228 33 20 100
229 34 16 100
229 5 28 100
229 16 41 99
230 48 27 150
230 47 20 148
231 20 46 100
231 41 13 100
232 46 48 100
232 28 24 100
232 27 4 99
233 11 38 99
233 11 41 100
233 29 19 100
234 12 25 100
234 9 18 150
234 43 3 100
234 45 18 100
234 45 27 148
235 34 16 100
235 25 46 100
235 32 31 99
237 5 28 100
237 9 41 99
237 48 27 150
238 7 35 100
238 27 35 100
239 47 4 150
239 49 27 100
239 12 47 99
239 31 38 100
239 38 19 100
241 9 18 150
241 9 35 150
241 5 7 100
242 6 35 150
242 34 16 100
242 8 41 100
243 7 35 100
243 7 38 100
243 8 25 100
243 39 28 100
244 46 19 99
244 29 46 100
245 37 18 100
245 37 41 100
245 41 13 100
245 15 18 148
247 22 18 150
247 35 31 99
247 5 46 99
248 5 15 150
248 46 48 100
249 39 20 100
249 6 25 100
249 24 15 100
249 11 4 100
249 11 38 99
250 18 20 100
250 12 20 100
250 5 28 100
250 7 19 99
250 45 27 148
251 11 27 100
251 11 41 100
251 2 16 100
251 20 27 99
252 22 38 100
252 17 46 100
253 22 21 148
253 24 21 100
254 24 21 100
255 7 19 99
255 7 38 100
255 20 41 99
255 15 28 100
256 11 27 100
256 5 13 100
256 5 18 100
256 15 6 100
256 15 18 148
257 20 46 100
258 47 20 148
258 19 25 100
258 24 18 99
258 44 18 100
258 35 31 99
258 27 4 99
259 32 41 100
259 39 28 100
260 3 38 100
260 28 27 100
261 35 35 148
261 15 18 148
261 22 19 100
262 44 35 150
262 3 25 100
263 31 38 100
263 5 46 99
263 41 41 100
263 46 48 100
264 28 27 100
264 18 20 100
264 12 20 100
265 2 32 100
266 41 39 100
266 1 39 150
266 43 19 99
266 34 16 100
266 2 39 99
267 46 38 99
267 29 46 100
267 9 41 99
268 3 4 148
268 1 28 100
269 44 18 100
269 37 3 100
269 37 18 100
269 32 31 99
269 3 25 100
270 20 46 100
270 27 4 99
271 32 41 100
271 15 38 100
272 47 26 100
272 22 26 100
272 7 26 100
272 4 26 100
273 28 26 150
273 7 19 99
274 12 25 100
274 5 46 99
274 46 48 100
275 34 38 99
275 16 41 99
276 37 46 100
276 27 4 99
278 20 19 99
278 20 41 99
278 39 28 100
279 27 35 100
279 3 25 100
279 43 33 99
280 6 35 150
280 35 31 99
281 33 20 100
281 46 48 100
281 37 46 100
282 12 20 100
282 34 20 148
283 43 26 100
283 22 21 148
283 22 26 100
283 27 21 150
283 24 26 100
283 28 26 150
283 34 16 100
284 22 38 100
284 37 46 100
284 25 25 100
284 25 48 100
285 11 41 100
285 9 19 100
285 46 6 100
287 31 38 100
287 46 48 100
287 5 13 100
287 5 46 99
289 10 43 150
289 3 25 100
289 17 26 150
289 48 43 100
289 24 26 100
289 43 26 100
289 43 43 150
289 45 26 100
289 45 43 100
289 1 43 148
290 49 43 100
290 30 26 100
290 30 43 100
290 1 28 100
290 1 43 148
291 3 31 100
291 6 35 150
291 16 41 99
291 34 20 148
292 27 35 100
292 6 18 150
292 30 18 99
292 46 19 99
293 27 35 100
294 5 46 99
294 25 48 100
295 13 32 100
295 9 36 100
296 7 12 100
296 25 25 100
297 20 16 100
297 20 46 100
297 47 20 148
298 29 12 100
298 37 18 100
298 30 18 99
298 34 20 148
299 36 31 100
299 29 40 99
299 37 38 100
300 43 19 99
300 17 46 100
301 39 32 100
302 45 24 100
302 45 41 150
302 48 25 100
303 22 14 99
303 22 26 100
303 36 13 100
303 36 35 150
303 7 26 100
303 44 26 100
303 45 26 100
303 33 20 100
303 43 26 100
304 15 38 100
304 5 35 100
304 18 20 100
304 22 32 100
305 20 46 100
305 18 20 100
306 20 26 148
306 20 27 99
306 9 26 150
306 9 28 99
306 4 26 100
306 7 12 100
306 7 26 100
307 29 19 100
307 49 29 99
307 22 5 100
307 36 31 100
308 19 20 100
309 20 46 100
309 3 25 100
309 12 20 100
310 5 35 100
310 25 48 100
310 34 20 148
311 13 32 100
311 36 13 100
311 14 7 100
311 27 35 100
312 38 35 150
312 25 18 150
312 20 16 100
313 47 12 148
313 29 19 100
313 41 41 100
314 10 18 100
314 22 18 150
314 5 35 100
314 33 20 100
314 18 20 100
315 43 26 100
315 44 26 100
315 1 26 148
315 1 38 100
315 20 26 148
315 20 46 100
316 3 31 100
317 13 29 99
317 19 20 100
318 5 46 99
318 9 12 148
318 39 32 100
318 10 30 100
319 32 35 148
319 22 19 100
320 42 17 100
320 25 25 100
321 49 27 100
321 30 38 100
321 1 28 100
321 4 20 150
322 41 41 100
322 34 16 100
322 28 27 100
323 30 35 150
324 33 20 100
324 5 46 99
324 35 10 99
324 35 31 99
324 18 20 100
325 33 29 100
325 46 19 99
326 5 13 100
326 35 38 100
327 20 46 100
328 17 5 99
328 17 32 99
328 32 41 100
329 46 43 99
329 20 43 150
329 18 12 100
329 1 43 148
329 45 43 100
329 26 43 150
330 48 25 100
330 48 43 100
330 1 43 148
331 7 19 99
331 5 46 99
332 37 38 100
332 19 14 100
332 19 20 100
332 14 32 99
332 33 20 100
333 36 31 100
333 17 27 100
333 2 16 100
333 19 20 100
334 27 12 100
334 33 20 100
335 17 46 100
335 35 28 99
335 19 20 100
335 19 25 100
337 34 20 148
337 17 19 100
337 17 32 99
338 0 38 99
338 33 29 100
339 20 39 150
339 20 41 99
339 20 46 100
339 16 39 150
339 33 39 150
339 25 25 100
339 39 5 100
340 22 14 99
341 17 32 99
342 5 18 100
342 5 46 99
342 0 18 100
342 3 31 100
343 1 38 100
343 46 19 99
343 48 27 150
344 12 25 100
345 16 13 100
346 33 29 100
346 6 17 100
346 17 26 150
346 17 46 100
346 43 26 100
346 45 24 100
346 45 26 100
346 2 26 100
347 9 12 148
347 9 41 99
348 26 18 100
348 23 18 100
348 5 35 100
348 32 16 99
350 18 20 100
350 14 32 99
350 25 46 100
350 25 48 100
350 35 31 99
350 13 19 100
351 8 25 100
351 12 20 100
353 16 36 100
353 22 38 100
353 0 36 100
353 17 46 100
354 19 20 100
354 14 7 100
354 16 13 100
355 32 41 100
355 39 32 100
356 36 25 100
356 29 19 100
356 29 46 100
356 39 20 100
357 18 20 100
358 12 31 99
358 49 10 100
359 2 5 100
360 25 46 100
360 19 20 100
360 37 12 100
360 17 32 99
361 18 20 100
361 38 19 100
361 1 25 100
361 5 13 100
361 33 20 100
362 36 5 100
362 25 48 100
363 11 27 100
363 11 38 99
363 17 27 100
364 29 46 100
365 29 40 99
365 34 20 148
366 2 16 100
366 28 12 100
366 41 41 100
366 32 31 99
367 39 20 100
367 29 46 100
368 6 35 150
368 39 20 100
368 39 28 100
369 25 25 100
369 37 12 100
370 46 32 99
370 46 38 99
370 22 26 100
370 7 26 100
370 1 26 148
370 17 26 150
371 32 35 148
372 49 29 99
372 47 20 148
372 34 35 150
373 13 17 100
373 13 19 100
373 13 32 100
373 1 39 150
373 11 39 148
373 38 39 150
374 30 38 100
374 48 27 150
374 5 13 100
375 14 32 99
375 29 46 100
375 4 20 150
375 4 31 100
375 34 16 100
376 49 29 99
376 19 25 100
376 19 40 100
377 22 5 100
378 44 35 150
379 20 19 99
379 20 46 100
380 4 20 150
380 37 38 100
380 48 32 100
381 4 20 150
382 45 18 100
382 26 18 100
382 33 20 100
382 12 20 100
382 5 46 99
383 43 26 100
383 36 31 100
383 17 26 150
383 1 26 148
383 7 26 100
384 12 16 100
384 28 27 100
384 15 28 100
385 6 25 100
385 37 12 100
385 37 41 100
386 28 12 100
386 20 19 99
386 20 46 100
386 48 32 100
387 36 13 100
388 0 38 99
388 25 48 100
389 33 7 99
389 25 46 100
390 20 43 150
390 45 43 100
390 49 43 100
390 47 20 148
390 17 32 99
390 28 43 150
392 8 41 100
392 9 12 148
392 9 16 100
392 3 31 100
392 36 43 148
392 49 43 100
393 9 19 100
393 20 43 150
393 20 46 100
393 47 17 100
393 30 43 100
393 2 29 100
394 8 25 100
394 16 13 100
394 24 35 150
397 22 32 100
397 22 38 100
397 16 47 99
397 25 46 100
399 1 28 100
399 17 40 99
399 27 12 100
399 27 35 100
399 39 20 100
400 48 32 100
400 12 20 100
400 31 24 100
400 4 20 150
401 17 19 100
401 17 46 100
401 34 25 100
401 12 31 99
402 1 39 150
402 14 39 150
402 28 39 100
403 0 38 99
403 41 13 100
403 49 29 99
404 30 14 148
405 28 39 100
405 16 39 150
405 33 39 150
405 17 5 99
406 29 12 100
406 29 19 100
406 29 46 100
406 43 43 150
406 10 43 150
406 13 32 100
406 32 16 99
407 31 12 100
407 49 43 100
407 20 41 99
407 20 43 150
407 43 43 150
407 36 25 100
407 36 43 148
407 45 43 100
409 25 46 100
410 35 31 99
410 46 32 99
411 22 38 100
412 35 35 148
412 42 17 100
412 42 30 100
413 36 25 100
413 43 19 99
413 33 20 100
413 48 27 150
414 8 10 100
414 37 46 100
415 48 32 100
415 8 41 100
415 3 38 100
415 36 13 100
415 36 35 150
416 49 27 100
416 28 27 100
417 3 38 100
417 39 32 100
418 9 19 100
418 31 29 100
418 4 31 100
418 48 27 150
419 32 41 100
419 31 12 100
420 37 3 100
420 32 35 148
420 23 3 150
421 8 25 100
421 5 46 99
421 46 32 99
422 36 5 100
423 39 28 100
424 14 7 100
424 9 18 150
424 17 46 100
425 31 38 100
425 1 25 100
426 24 13 99
426 9 19 100
426 19 20 100
426 2 32 100
426 4 20 150
427 17 27 100
427 35 31 99
428 1 26 148
428 17 26 150
428 17 46 100
428 32 16 99
428 9 26 150
428 44 26 100
429 4 26 100
429 30 26 100
429 13 32 100
429 47 26 100
429 22 26 100
429 44 26 100
430 3 25 100
430 3 38 100
432 20 41 99
432 20 46 100
433 48 43 100
433 17 5 99
433 17 32 99
433 49 43 100
433 1 43 148
433 30 43 100
434 26 43 150
434 14 43 99
434 22 19 100
434 30 43 100
434 46 43 99
435 6 25 100
435 21 24 100
435 8 41 100
435 48 43 100
436 49 27 100
436 47 17 100
437 5 46 99
437 32 31 99
437 2 26 100
437 2 32 100
437 44 26 100
437 47 26 100
437 7 26 100
438 33 7 99
439 2 26 100
439 29 46 100
440 34 16 100
440 20 19 99
441 3 25 100
442 33 29 100
442 33 38 100
442 5 46 99
442 37 41 100
442 22 32 100
443 48 27 150
443 19 40 100
444 20 31 100
444 19 20 100
444 9 48 100
446 19 25 100
446 31 38 100
446 2 32 100
446 37 46 100
448 5 13 100
448 5 28 100
448 18 20 100
448 9 19 100
449 9 16 100
449 29 46 100
449 33 20 100
450 43 26 100
450 13 32 100
450 22 26 100
450 2 26 100
450 1 26 148
452 25 25 100
452 25 46 100
452 22 5 100
452 22 32 100
452 20 31 100
452 33 20 100
453 12 20 100
453 35 38 100
453 26 18 100
453 24 18 99
453 33 20 100
454 32 35 148
454 32 41 100
454 38 19 100
455 36 35 150
455 45 26 100
455 43 26 100
455 47 26 100
455 28 26 150
456 3 38 100
456 19 20 100
456 12 20 100
457 44 16 100
457 44 26 100
457 20 46 100
458 22 21 148
458 24 21 100
459 12 20 100
459 34 12 100
459 11 27 100
459 20 27 99
460 8 25 100
460 48 32 100
460 49 29 99
461 21 24 100
461 18 20 100
461 35 38 100
461 12 20 100
462 35 31 99
462 25 46 100
463 6 18 150
463 44 18 100
463 41 13 100
463 19 20 100
464 33 20 100
464 4 20 150
464 17 19 100
465 7 12 100
465 7 35 100
465 42 17 100
465 38 10 100
465 27 35 100
466 8 25 100
466 8 41 100
466 29 40 99
466 30 35 150
467 4 20 150
467 5 46 99
467 46 48 100
468 22 32 100
468 22 38 100
468 20 27 99
469 17 19 100
470 33 20 100
470 48 25 100
470 12 31 99
471 33 18 150
472 8 41 100
472 4 39 100
472 21 24 100
472 14 39 150
472 41 39 100
473 4 39 100
473 17 27 100
473 17 46 100
473 5 13 100
474 20 27 99
476 25 25 100
476 25 46 100
476 2 32 100
476 13 19 100
476 7 12 100
476 35 28 99
477 45 12 100
478 3 31 100
478 3 38 100
478 2 32 100
479 44 16 100
479 25 46 100
481 8 41 100
481 2 29 100
482 0 38 99
482 34 25 100
482 9 19 100
482 20 46 100
483 22 32 100
484 47 20 148
485 31 38 100
485 20 46 100
486 4 20 150
486 46 38 99
487 12 20 100
487 12 25 100
487 12 31 99
487 11 41 100
487 23 18 100
487 22 18 150
487 5 7 100
488 43 19 99
488 20 46 100
489 18 12 100
490 36 13 100
490 35 10 99
491 5 28 100
491 5 46 99
492 34 16 100
493 16 41 99
493 17 19 100
493 13 17 100
494 48 32 100
494 28 24 100
495 20 31 100
495 20 46 100
495 34 12 100
495 34 25 100
496 24 13 99
496 33 20 100
497 33 38 100
497 1 28 100
498 37 18 100
498 37 30 100
498 9 35 150
499 37 41 100
499 37 46 100
499 22 14 99
499 22 19 100
500 36 5 100
500 36 25 100
500 2 29 100
500 2 39 99
500 46 39 148
500 14 39 150
500 30 18 99
501 22 26 100
501 6 35 150
501 17 26 150
501 29 26 100
501 43 26 100
502 7 12 100
502 7 35 100
502 46 48 100
503 20 31 100
504 41 41 100
504 33 38 100
504 3 25 100
504 20 27 99
505 34 12 100
506 20 19 99
506 20 46 100
507 18 20 100
507 5 18 100
507 39 20 100
507 17 40 99
508 17 32 99
508 34 16 100
508 34 20 148
509 37 46 100
509 11 27 100
510 36 25 100
510 22 14 99
510 45 12 100
510 12 20 100
511 33 20 100
511 23 31 99
511 49 27 100
512 35 5 99
512 9 48 100
513 25 46 100
514 16 13 100
514 16 41 99
515 36 25 100
515 17 19 100
515 17 27 100
517 20 46 100
518 23 12 150
518 18 20 100
518 22 32 100
519 48 25 100
520 5 28 100
520 5 46 99
520 9 41 99
520 11 38 99
520 12 31 99
521 43 5 100
521 48 32 100
522 24 18 99
522 24 35 150
522 12 20 100
522 5 18 100
522 7 19 99
522 21 24 100
523 18 20 100
523 20 27 99
524 20 39 150
524 16 13 100
524 16 39 150
524 40 39 100
524 47 17 100
525 3 25 100
525 20 46 100
526 20 16 100
527 38 19 100
527 8 41 100
528 9 35 150
528 9 48 100
529 35 31 99
529 7 26 100
529 30 26 100
529 45 26 100
529 13 32 100
529 47 7 100
529 47 26 100
530 4 26 100
530 25 25 100
530 25 46 100
531 24 35 150
531 2 29 100
533 45 26 100
533 22 26 100
533 22 33 150
533 28 26 150
533 43 26 100
533 30 26 100
534 25 46 100
534 17 32 99
535 36 5 100
535 29 19 100
535 16 41 99
536 15 12 99
536 33 20 100
537 19 25 100
537 20 31 100
537 20 46 100
537 37 38 100
537 16 13 100
538 20 16 100
539 5 28 100
539 38 10 100
540 5 46 99
541 20 19 99
541 20 41 99
542 18 12 100
542 7 38 100
543 20 46 100
543 48 25 100
544 11 27 100
544 18 20 100
544 33 20 100
545 35 5 99
545 39 20 100
545 39 32 100
545 19 20 100
546 28 24 100
546 39 32 100
546 36 31 100
546 32 41 100
547 43 19 99
547 33 20 100
547 5 46 99
548 44 16 100
549 29 40 99
549 36 13 100
550 8 25 100
550 8 41 100
550 37 46 100
550 46 32 99
552 49 12 150
552 39 20 100
552 12 20 100
553 39 32 100
553 49 27 100
554 19 20 100
554 27 35 100
554 40 7 100
554 35 31 99
554 11 27 100
554 33 20 100
554 9 19 100
555 20 18 150
555 20 46 100
555 7 38 100
555 35 5 99
555 0 18 100
556 38 35 150
556 25 25 100
556 49 43 100
556 45 43 100
556 16 41 99
557 47 20 148
557 30 43 100
557 46 43 99
557 45 43 100
558 13 32 100
558 10 43 150
558 26 43 150
558 45 43 100
559 28 12 100
560 25 25 100
560 25 46 100
560 29 12 100
561 22 19 100
561 47 20 148
562 14 32 99
562 33 20 100
563 46 38 99
563 29 46 100
563 4 31 100
563 36 13 100
564 31 12 100
565 48 32 100
565 30 41 99
566 29 46 100
566 36 25 100
566 13 17 100
567 29 40 99
568 30 38 100
568 20 19 99
569 48 25 100
569 38 35 150
569 19 20 100
569 31 29 100
569 39 20 100
570 9 16 100
570 9 48 100
570 29 46 100
570 19 20 100
570 39 20 100
571 46 32 99
571 6 5 100
572 4 31 100
572 33 38 100
572 20 41 99
573 17 27 100
574 7 35 100
574 12 25 100
574 41 13 100
575 9 19 100
575 37 46 100
575 12 20 100
576 38 10 100
576 45 27 148
576 5 35 100
578 19 5 99
578 21 0 99
578 49 3 100
578 49 33 150
578 9 33 150
578 24 33 100
578 37 3 100
579 8 14 100
579 34 20 148
579 12 47 99
579 40 3 100
579 2 3 100
579 10 14 100
580 12 24 148
580 12 47 99
580 20 18 150
580 29 12 100
580 29 30 150
580 44 33 99
580 26 33 100
580 25 33 100
580 49 33 150
581 15 12 99
581 18 0 100
581 7 3 150
581 3 3 100
582 10 47 99
583 43 3 100
583 40 3 100
583 45 24 100
584 23 12 150
584 23 14 99
584 12 20 100
584 12 47 99
585 49 3 100
585 18 0 100
585 40 3 100
586 36 5 100
586 36 33 148
586 24 33 100
586 44 33 99
586 37 30 100
587 12 20 100
587 12 47 99
587 23 14 99
587 28 24 100
588 45 43 100
588 14 43 99
588 13 0 100
588 30 43 100
588 10 30 100
588 10 43 150
588 20 43 150
588 28 43 150
589 23 3 150
589 1 43 148
589 37 3 100
589 30 43 100
590 3 47 100
590 28 24 100
590 9 5 99
590 18 14 148
591 45 12 100
591 13 30 148
592 38 37 100
592 38 47 99
593 20 16 100
593 37 30 100
593 31 24 100
594 31 12 100
594 30 18 99
594 15 18 148
595 6 5 100
595 24 47 148
595 17 0 99
595 10 30 100
595 33 20 100
596 21 24 100
596 45 12 100
596 40 3 100
596 40 33 100
596 37 3 100
596 25 33 100
596 13 33 150
597 0 14 100
597 26 33 100
597 16 47 99
598 1 14 150
598 10 30 100
598 19 5 99
599 9 18 150
599 19 20 100
599 7 3 150
599 31 24 100
600 10 30 100
600 10 47 99
600 43 3 100
601 6 18 150
601 0 18 100
601 38 47 99
602 9 5 99
602 23 14 99
602 45 24 100
602 37 30 100
603 13 37 100
603 38 47 99
603 34 16 100
604 8 14 100
604 1 43 148
604 37 30 100
604 18 20 100
604 30 43 100
604 48 43 100
605 1 43 148
605 17 5 99
605 16 47 99
605 40 3 100
605 40 33 100
605 31 24 100
605 23 3 150
605 45 43 100
606 48 25 100
606 48 43 100
606 46 43 99
606 7 33 100
606 22 33 150
606 20 43 150
606 17 0 99
606 18 20 100
606 18 33 100
607 6 18 150
607 42 30 100
607 38 47 99
608 34 12 100
608 45 24 100
609 12 20 100
609 10 30 100
609 6 5 100
610 16 47 99
611 8 0 100
611 8 33 150
611 10 33 150
611 15 12 99
611 25 33 100
612 12 16 100
612 12 47 99
612 4 14 100
612 21 24 100
612 9 5 99
612 46 43 99
612 45 43 100
613 20 43 150
613 46 43 99
613 35 30 148
613 30 43 100
613 10 43 150
614 30 14 148
614 30 43 100
614 13 33 150
614 13 37 100
614 9 33 150
614 14 43 99
614 40 3 100
614 40 33 100
614 37 3 100
614 46 43 99
615 19 14 100
615 19 47 150
616 24 14 150
616 49 3 100
616 6 5 100
616 7 3 150
616 21 24 100
617 38 47 99
618 19 20 100
619 21 24 100
619 12 47 99
619 49 3 100
619 49 12 150
619 40 3 100
620 43 5 100
620 10 30 100
621 24 14 150
621 38 47 99
621 10 3 148
621 21 24 100
622 3 3 100
622 45 18 100
622 7 3 150
622 10 18 100
623 19 14 100
623 10 30 100
623 10 47 99
623 4 12 150
624 28 24 100
624 21 37 100
624 6 18 150
624 0 18 100
625 40 33 100
625 31 12 100
625 24 18 99
625 24 33 100
625 5 18 100
625 5 46 99
625 49 33 150
626 42 17 100
626 42 30 100
627 17 5 99
627 37 30 100
627 12 47 99
628 35 3 150
628 33 20 100
628 3 3 100
628 3 47 100
629 43 5 100
629 45 24 100
629 19 14 100
630 34 16 100
630 18 0 100
630 37 30 100
630 38 47 99
632 24 14 150
632 24 37 100
632 21 24 100
632 22 5 100
632 10 47 99
632 48 25 100
633 10 3 148
633 10 14 100
633 3 3 100
634 31 24 100
634 37 30 100
634 18 0 100
634 10 47 99
635 39 5 100
635 23 14 99
636 28 12 100
636 12 47 99
637 37 3 100
637 37 30 100
637 43 3 100
637 31 24 100
638 44 33 99
638 18 33 100
638 25 33 100
638 24 33 100
638 7 33 100
639 27 0 100
639 24 47 148
639 45 24 100
640 9 12 148
640 10 30 100
641 36 33 148
641 22 33 150
641 13 37 100
641 25 33 100
642 34 16 100
642 16 47 99
642 31 24 100
643 9 5 99
643 21 30 150
644 29 0 100
644 10 47 99
644 39 20 100
645 21 0 99
645 21 24 100
646 36 5 100
646 37 30 100
646 10 47 99
647 19 14 100
647 19 20 100
648 31 24 100
648 39 5 100
648 39 20 100
648 23 14 99
648 26 14 100
648 16 47 99
649 21 30 150
650 38 47 99
651 10 30 100
651 10 47 99
651 39 5 100
651 39 20 100
652 24 37 100
652 31 12 100
652 10 0 100
652 10 30 100
654 8 25 100
654 19 20 100
654 19 24 148
654 25 18 150
654 16 47 99
655 31 12 100
655 6 17 100
655 37 30 100
656 15 18 148
656 9 5 99
656 42 30 100
656 44 18 100
657 29 12 100
657 45 24 100
657 0 14 100
657 32 16 99
658 19 20 100
658 12 47 99
659 45 43 100
659 1 43 148
659 48 43 100
659 10 43 150
659 20 43 150
659 33 20 100
660 34 16 100
660 34 20 148
660 36 5 100
660 36 43 148
660 46 43 99
660 31 24 100
661 42 30 100
661 38 47 99
662 16 47 99
662 6 5 100
662 40 3 100
663 10 3 148
663 3 3 100
663 49 3 100
663 45 24 100
664 21 0 99
665 38 47 99
665 42 30 100
666 23 14 99
666 45 24 100
666 43 5 100
666 25 37 99
667 38 47 99
667 31 12 100
668 27 12 100
669 45 24 100
669 37 30 100
669 3 47 100
670 42 30 100
670 33 20 100
670 30 0 99
671 28 12 100
672 44 16 100
672 45 24 100
672 3 47 100
673 5 18 100
673 35 5 99
673 35 30 148
673 37 18 100
674 21 0 99
674 21 24 100
674 10 47 99
675 10 14 100
675 47 20 148
676 30 14 148
676 18 12 100
676 18 20 100
676 35 30 148
676 25 37 99
676 12 47 99
677 33 14 150
677 33 20 100
677 45 24 100
678 15 18 148
678 15 36 150
678 3 47 100
678 6 5 100
679 31 24 100
680 44 16 100
680 44 18 100
680 30 18 99
680 3 47 100
680 17 5 99
681 23 14 99
681 3 25 100
682 3 47 100
682 34 12 100
682 39 20 100
682 13 30 148
682 45 24 100
683 10 0 100
684 4 14 100
684 10 30 100
684 10 47 99
685 25 33 100
685 28 24 100
685 26 14 100
685 26 33 100
685 7 33 100
686 40 3 100
686 40 33 100
686 2 3 100
686 2 5 100
686 12 20 100
686 12 47 99
686 28 12 100
686 9 18 150
686 45 18 100
687 29 0 100
687 29 12 100
687 12 20 100
688 9 16 100
688 28 24 100
688 3 3 100
688 3 47 100
688 49 3 100
689 24 18 99
689 24 33 100
689 44 18 100
689 44 33 99
689 42 30 100
689 10 33 150
690 34 20 148
690 44 33 99
690 39 17 100
690 42 30 100
691 12 37 100
691 12 47 99
691 28 24 100
691 6 5 100
692 30 0 99
692 35 3 150
692 43 3 100
693 0 14 100
693 45 24 100
693 33 20 100
693 3 47 100
694 32 16 99
694 22 5 100
694 39 20 100
695 24 14 150
695 42 30 100
695 3 47 100
696 21 24 100
696 24 33 100
696 43 33 99
696 40 33 100
697 44 33 99
697 45 12 100
697 16 47 99
698 10 0 100
698 34 20 148
698 22 5 100
699 25 30 150
699 25 37 99
699 19 20 100
700 12 20 100
700 12 24 148
700 12 47 99
700 22 5 100
700 22 18 150
701 28 12 100
701 19 20 100
701 37 30 100
702 2 3 100
702 29 12 100
702 3 3 100
702 3 47 100
703 42 30 100
704 37 18 100
704 5 18 100
704 21 24 100
704 16 47 99
705 32 16 99
706 8 25 100
706 49 12 150
706 3 47 100
707 24 37 100
707 22 5 100
707 13 23 100
707 21 24 100
708 35 30 148
708 38 47 99
709 25 18 150
709 44 18 100
710 6 18 150
710 45 24 100
711 4 14 100
711 19 5 99
711 19 47 150
711 21 30 150
712 38 14 99
712 10 14 100
713 45 24 100
713 35 3 150
713 37 3 100
714 6 5 100
714 16 47 99
714 38 37 100
715 41 23 100
715 38 47 99
715 35 30 148
716 28 24 100
716 13 23 100
716 22 5 100
717 44 16 100
717 22 14 99
717 38 47 99
718 29 30 150
718 20 18 150
718 28 24 100
718 30 18 99
719 10 47 99
719 17 5 99
720 28 12 100
720 15 18 148
720 41 23 100
721 30 0 99
721 13 37 100
721 45 24 100
722 42 17 100
722 42 30 100
722 4 14 100
723 10 30 100
723 10 47 99
723 41 23 100
723 39 5 100
724 41 23 100
724 33 12 99
724 31 24 100
724 17 0 99
725 13 30 148
726 6 18 150
726 45 18 100
726 45 24 100
727 3 47 100
727 10 30 100
729 32 16 99
729 38 47 99
729 17 5 99
730 34 25 100
730 13 0 100
730 26 43 150
730 20 43 150
730 1 43 148
730 43 43 150
731 31 24 100
731 49 3 100
731 49 43 100
731 10 43 150
731 14 43 99
731 22 5 100
731 43 3 100
732 2 30 150
732 4 14 100
732 13 17 100
733 0 18 100
733 0 23 100
733 24 18 99
733 5 28 100
733 16 47 99
734 40 3 100
734 27 3 150
734 27 12 100
735 21 24 100
735 21 37 100
735 23 14 99
735 12 47 99
736 43 5 100
736 18 14 148
736 10 30 100
737 42 30 100
737 38 47 99
738 19 5 99
739 35 24 150
739 1 14 150
739 10 47 99
739 0 23 100
740 15 12 99
740 15 18 148
740 22 30 150
741 12 47 99
741 22 14 99
741 10 3 148
741 15 12 99
742 0 23 100
743 0 38 99
743 19 24 148
743 42 30 100
743 12 47 99
743 25 37 99
744 23 12 150
744 23 14 99
744 9 16 100
745 10 18 100
745 10 30 100
745 10 47 99
745 37 18 100
746 0 23 100
746 43 5 100
746 28 24 100
747 30 14 148
747 3 47 100
747 22 30 150
748 34 25 100
748 23 14 99
749 49 3 100
749 30 0 99
749 2 3 100
749 31 24 100
749 10 47 99
750 7 3 150
750 29 14 150
750 35 3 150
750 35 5 99
751 21 24 100
751 21 30 150
751 10 47 99
752 27 3 150
752 27 12 100
752 13 23 100
753 39 5 100
753 17 23 100
754 28 24 100
754 16 47 99
755 26 14 100
755 10 30 100
755 10 37 100
756 4 14 100
756 19 5 99
756 17 46 100
757 21 24 100
757 38 47 99
758 9 16 100
759 38 47 99
759 35 5 99
759 35 30 148
760 18 12 100
761 23 3 150
761 46 24 150
762 18 0 100
762 18 12 100
762 7 3 150
762 7 47 150
762 34 25 100
762 13 23 100
763 34 12 100
763 27 3 150
764 8 0 100
764 45 24 100
765 37 30 100
765 19 47 150
766 7 3 150
766 22 5 100
766 49 3 100
767 4 14 100
767 45 24 100
768 32 16 99
768 47 17 100
768 13 37 100
768 37 12 100
768 19 14 100
769 17 5 99
769 25 18 150
769 5 18 100
769 4 14 100
769 10 30 100
769 10 47 99
770 28 24 100
771 12 47 99
772 26 14 100
772 28 24 100
772 13 30 148
773 35 5 99
774 46 47 150
775 2 30 150
775 28 24 100
776 23 3 150
776 9 5 99
776 43 3 100
777 10 30 100
777 10 37 100
777 10 47 99
777 0 23 100
778 32 16 99
778 17 23 100
778 28 24 100
779 19 5 99
780 7 12 100
780 42 30 100
781 9 22 100
781 45 12 100
781 45 22 150
781 45 24 100
781 45 47 148
781 13 22 150
781 29 22 100
781 16 22 100
781 21 22 148
782 22 30 150
782 27 12 100
782 35 22 100
782 13 22 150
782 21 22 148
782 16 22 100
783 10 47 99
783 35 22 100
784 45 24 100
785 21 30 150
785 43 5 100
786 41 23 100
786 28 12 100
786 28 24 100
786 38 47 99
787 10 37 100
787 10 47 99
787 31 12 100
789 21 24 100
789 21 30 150
790 0 23 100
790 10 30 100
790 10 47 99
790 9 5 99
791 38 47 99
791 8 49 100
792 45 24 100
792 6 17 100
792 10 30 100
793 32 16 99
794 42 30 100
794 7 12 100
794 17 23 100
795 46 47 150
795 10 37 100
795 21 24 100
795 9 5 99
796 3 25 100
796 7 12 100
797 3 3 100
797 3 47 100
797 21 24 100
797 37 3 100
798 13 30 148
799 10 47 99
800 34 12 100
800 21 24 100
801 19 5 99
802 29 30 150
802 45 24 100
802 47 49 99
803 9 5 99
803 2 3 100
803 40 3 100
804 12 37 100
804 10 30 100
805 21 24 100
805 2 49 99
807 25 30 150
808 35 5 99
808 45 24 100
809 22 30 150
809 9 41 99
810 29 12 100
811 37 30 100
811 45 24 100
812 15 12 99
812 3 3 100
812 40 3 100
813 31 24 100
813 37 30 100
813 2 5 100
814 37 3 100
814 10 3 148
815 9 16 100
815 38 37 100
816 37 12 100
816 37 30 100
817 28 24 100
817 37 30 100
818 36 5 100
819 21 24 100
819 10 30 100
819 5 35 100
820 28 12 100
821 35 5 99
821 27 21 150
822 2 49 99
822 21 24 100
822 42 30 100
823 26 43 150
823 46 43 99
823 30 43 100
824 1 43 148
824 28 12 100
824 28 43 150
824 36 43 148
824 35 30 148
824 48 43 100
824 14 43 99
826 4 12 150
826 14 43 99
826 26 43 150
827 10 43 150
827 22 5 100
828 48 43 100
828 39 24 150
828 49 43 100
828 37 30 100
828 1 43 148
829 48 43 100
829 44 16 100
829 1 43 148
829 24 21 100
829 7 12 100
831 27 3 150
831 45 24 100
831 43 3 100
832 47 21 99
832 29 12 100
833 11 41 100
833 6 5 100
834 25 30 150
835 12 24 148
836 16 22 100
836 26 22 100
836 21 22 148
836 32 22 150
836 45 22 150
837 43 22 148
837 16 22 100
837 18 22 100
837 31 24 100
837 45 22 150
837 9 22 100
838 6 5 100
838 2 16 100
838 2 49 99
838 18 22 100
839 37 30 100
840 21 24 100
841 34 12 100
842 9 5 99
842 49 3 100
842 3 3 100
843 33 12 99
843 45 24 100
844 28 12 100
844 28 27 100
844 8 21 100
845 37 30 100
845 45 24 100
847 9 5 99
847 47 21 99
847 42 30 100
848 45 24 100
848 44 16 100
849 37 3 100
850 40 3 100
851 49 27 100
851 22 5 100
851 3 21 99
851 45 24 100
852 49 12 150
852 21 30 150
852 32 41 100
853 28 43 150
853 1 43 148
853 0 49 100
853 26 43 150
853 36 43 148
854 1 43 148
854 14 43 99
854 46 43 99
854 3 21 99
855 29 30 150
855 21 24 100
856 39 5 100
857 45 24 100
858 42 30 100
859 11 27 100
859 43 5 100
860 21 24 100
862 18 12 100
862 21 30 150
863 2 5 100
863 18 21 150
864 33 49 100
865 2 30 150
865 35 38 100
