3 40 5 100
4 45 25 99
5 13 20 100
5 13 25 100
5 8 15 99
6 26 5 100
6 46 13 150
6 13 13 100
7 14 5 150
8 11 14 100
9 35 5 99
9 40 5 100
10 45 25 99
10 23 20 100
11 6 3 99
11 35 25 99
12 30 11 99
12 32 24 100
12 32 46 100
12 25 16 100
12 12 15 100
13 32 5 150
14 39 20 100
15 6 31 150
15 18 14 99
17 39 41 100
17 12 13 150
17 12 15 100
18 10 10 150
18 13 13 100
18 13 20 100
18 32 13 100
20 30 25 150
20 20 25 100
20 26 3 99
21 22 11 99
21 23 20 100
22 9 41 99
23 18 14 99
23 5 46 148
24 10 47 150
24 30 47 99
24 48 24 100
25 25 31 148
25 29 15 100
25 27 47 150
26 26 25 100
26 5 20 100
26 20 25 100
26 35 15 100
26 35 47 100
27 35 5 99
27 35 25 99
27 41 25 150
28 13 13 100
28 37 13 100
28 28 13 100
29 38 47 148
29 32 47 150
29 30 47 99
30 10 3 100
30 10 16 99
30 18 20 100
30 0 47 100
30 4 5 100
30 26 5 100
31 23 13 99
31 37 13 100
31 35 13 150
32 18 20 100
32 21 15 148
33 44 5 150
33 36 11 100
34 8 13 100
34 8 24 99
34 46 13 150
34 23 13 99
34 35 41 100
35 23 20 100
36 40 5 100
36 37 21 100
36 6 3 99
38 34 18 99
38 31 14 100
38 9 15 100
38 18 11 99
39 30 40 99
39 20 46 148
40 12 3 100
40 35 20 99
40 4 18 99
41 33 27 150
41 29 18 100
41 29 30 100
41 29 31 150
41 35 41 100
42 2 16 100
42 14 5 150
42 13 18 100
43 46 13 150
43 37 13 100
43 12 15 100
43 42 10 99
43 9 10 100
44 13 3 99
44 13 20 100
44 13 25 100
44 35 25 99
45 35 18 148
45 35 41 100
45 30 14 100
46 32 24 100
47 8 15 99
47 34 18 99
48 27 40 100
48 4 30 100
49 34 18 99
49 20 5 100
49 5 20 100
50 44 12 100
51 35 15 100
51 15 18 100
51 32 46 100
52 44 3 100
52 44 5 150
52 39 20 100
52 27 40 100
52 6 16 99
53 0 11 100
53 41 45 100
54 23 20 100
54 42 47 150
54 44 47 100
54 11 47 150
55 0 12 150
55 0 47 100
55 32 24 100
56 44 3 100
56 28 18 99
57 11 14 100
57 12 30 100
58 0 11 100
58 24 18 150
59 43 18 99
59 39 20 100
60 10 40 99
60 35 15 100
60 35 31 150
61 17 13 148
61 34 18 99
61 24 13 150
61 19 11 100
61 8 13 100
62 18 20 100
62 12 6 100
62 12 21 100
62 40 5 100
62 4 5 100
62 4 18 99
63 23 46 148
64 38 40 100
64 25 16 100
65 48 24 100
65 24 40 99
65 35 15 100
66 20 25 100
66 22 11 99
66 18 20 100
66 35 25 99
67 13 18 100
67 0 14 100
67 4 30 100
68 46 12 99
68 41 25 150
68 45 25 99
68 12 15 100
69 32 18 150
70 11 14 100
71 39 20 100
71 34 18 99
72 13 3 99
72 13 18 100
73 32 46 100
73 35 15 100
73 30 40 99
74 25 30 99
74 25 31 148
74 5 45 100
74 34 18 99
75 24 12 100
75 35 20 99
75 35 41 100
76 16 18 150
76 13 3 99
76 13 5 150
77 30 25 150
77 4 18 99
77 27 1 99
78 14 27 150
78 48 38 100
78 43 18 99
79 36 11 100
79 4 18 99
79 0 14 100
80 8 24 99
81 48 6 99
81 46 18 99
82 0 14 100
82 7 31 150
82 12 15 100
82 32 46 100
83 31 30 99
83 36 11 100
83 36 18 150
83 5 3 100
84 29 18 100
85 44 5 150
85 4 18 99
85 31 14 100
86 13 18 100
86 13 20 100
86 35 47 100
86 42 47 150
86 10 47 150
86 30 47 99
87 4 18 99
87 26 3 99
87 32 46 100
88 17 12 100
88 1 23 100
88 8 15 99
89 43 18 99
89 3 10 150
90 5 20 100
90 35 13 150
90 35 18 148
90 2 13 150
91 11 5 148
91 8 24 99
91 21 30 99
92 15 18 100
92 12 25 150
92 19 11 100
92 19 25 148
93 7 31 150
93 5 20 100
93 43 18 99
94 34 18 99
94 8 15 99
94 8 36 100
95 0 23 100
95 16 18 150
95 38 5 99
95 39 20 100
95 10 16 99
96 12 36 100
96 10 40 99
97 4 18 99
98 39 20 100
98 39 38 100
99 43 18 99
99 43 45 100
99 20 46 148
100 15 18 100
100 44 3 100
100 18 14 99
101 47 18 150
101 21 23 100
101 21 30 99
101 29 15 100
102 18 11 99
102 48 24 100
102 4 5 100
102 4 18 99
103 43 18 99
104 6 16 99
104 15 18 100
104 19 25 148
104 5 20 100
105 31 47 148
105 32 47 150
105 42 47 150
105 3 23 100
105 43 18 99
106 16 18 150
106 36 36 148
107 35 20 99
107 4 18 99
107 26 3 99
108 25 30 99
108 35 41 100
108 43 18 99
109 30 11 99
109 37 21 100
109 13 18 100
109 13 20 100
109 12 36 100
110 29 18 100
110 29 31 150
111 25 1 100
111 29 15 100
111 32 24 100
111 32 46 100
111 41 12 100
111 30 23 99
112 32 18 150
112 13 20 100
113 12 13 150
113 24 13 150
113 24 40 99
113 11 5 148
114 6 36 99
114 28 18 99
114 26 25 100
114 45 25 99
115 39 20 100
116 26 25 100
116 29 15 100
116 29 18 100
116 1 33 100
116 10 33 99
116 19 33 99
117 38 40 100
117 19 33 99
117 16 33 100
118 10 16 99
119 18 3 100
119 18 14 99
119 38 40 100
119 12 15 100
119 3 23 100
120 42 10 99
120 25 30 99
120 25 31 148
120 46 12 99
120 36 11 100
120 20 10 100
121 27 20 99
121 29 18 100
122 30 40 99
122 39 20 100
123 43 45 100
123 5 3 100
123 5 46 148
123 32 24 100
125 30 14 100
125 30 23 99
125 46 18 99
125 46 38 100
126 9 15 100
126 29 18 100
126 41 36 150
127 10 3 100
127 13 18 100
127 13 20 100
128 45 30 100
128 11 5 148
128 10 16 99
128 10 40 99
129 20 5 100
130 46 13 150
130 24 13 150
130 24 40 99
130 37 5 100
130 39 20 100
130 8 24 99
131 24 40 99
132 44 12 100
132 44 47 100
132 42 47 150
132 21 23 100
133 40 43 100
133 38 47 148
133 19 11 100
133 27 47 150
133 31 6 100
133 29 15 100
134 47 18 150
134 1 33 100
134 24 46 150
134 5 33 148
134 31 33 100
134 10 33 99
135 5 33 148
135 11 14 100
136 34 1 99
136 23 12 150
136 23 20 100
136 3 23 100
136 44 3 100
137 23 31 150
137 40 40 100
138 10 16 99
138 35 5 99
139 18 40 150
139 17 10 150
140 44 5 150
140 25 30 99
140 5 20 100
140 12 25 150
140 12 36 100
141 44 12 100
141 18 11 99
141 46 38 100
142 24 13 150
142 23 13 99
142 23 20 100
142 34 18 99
142 28 13 100
143 11 15 150
143 24 18 150
143 35 25 99
143 41 25 150
144 32 46 100
145 30 14 100
145 46 18 99
146 20 15 150
146 33 43 100
146 13 3 99
146 21 30 99
147 48 24 100
147 30 40 99
147 30 47 99
147 38 47 148
147 9 47 99
147 28 18 99
147 23 20 100
148 30 23 99
148 30 47 99
148 20 18 100
149 38 5 99
149 4 5 100
149 4 18 99
149 26 3 99
150 4 18 99
150 1 6 100
150 18 20 100
150 28 36 100
150 6 31 150
150 42 21 99
151 47 18 150
151 24 48 99
151 20 48 100
151 32 46 100
152 47 11 100
152 20 48 100
153 6 16 99
153 43 18 99
153 5 48 100
153 29 15 100
154 22 36 99
154 9 15 100
154 43 18 99
155 40 30 99
155 7 48 99
155 37 48 148
155 17 12 100
155 12 48 150
155 18 20 100
155 28 48 99
155 31 48 100
156 19 23 100
156 29 45 100
156 30 40 99
156 12 48 150
157 5 20 100
157 20 18 100
158 28 18 99
158 8 24 99
158 40 16 100
159 43 18 99
159 35 15 100
159 24 23 99
160 43 18 99
160 1 33 100
160 23 13 99
160 23 20 100
160 46 13 150
160 30 33 148
160 19 33 99
160 16 13 100
160 16 33 100
160 10 33 99
161 20 5 100
161 20 18 100
161 12 27 150
161 2 1 100
161 18 11 99
162 11 12 150
162 8 13 100
162 2 13 150
162 13 13 100
163 6 3 99
163 6 36 99
163 27 12 100
163 27 20 99
163 4 30 100
164 35 15 100
164 35 18 148
164 3 23 100
165 37 5 100
165 32 46 100
166 25 16 100
166 24 18 150
166 26 5 100
166 18 20 100
166 31 41 100
166 48 24 100
167 20 18 100
168 1 33 100
168 4 5 100
168 27 40 100
168 22 33 100
169 31 33 100
169 19 25 148
169 19 33 99
169 14 33 150
169 46 12 99
169 46 18 99
170 27 20 99
170 4 18 99
170 4 30 100
170 20 25 100
170 24 23 99
170 42 21 99
171 40 18 150
171 45 11 100
171 8 15 99
171 13 20 100
172 13 18 100
174 35 20 99
174 35 25 99
174 30 23 99
174 30 25 150
174 28 18 99
174 32 46 100
174 10 16 99
175 40 40 100
175 15 10 100
176 20 10 100
176 20 25 100
176 26 25 100
176 35 31 150
177 14 11 100
177 11 14 100
178 12 25 150
178 0 23 100
178 30 40 99
179 21 30 99
179 34 18 99
180 40 40 100
180 9 15 100
180 13 20 100
181 18 3 100
181 18 27 100
181 26 43 99
181 48 24 100
181 29 18 100
182 21 23 100
182 29 45 100
183 29 18 100
184 13 18 100
184 13 20 100
184 18 11 99
184 32 46 100
184 1 23 100
185 25 16 100
185 12 15 100
185 12 25 150
185 45 25 99
185 30 40 99
186 13 18 100
186 13 20 100
186 21 30 99
187 24 23 99
188 20 18 100
189 30 25 150
189 34 18 99
189 27 20 99
189 20 25 100
189 4 18 99
190 13 18 100
191 23 10 150
191 23 11 100
191 29 1 100
191 29 18 100
192 32 46 100
192 25 16 100
192 11 14 100
192 28 18 99
193 22 23 100
193 19 25 148
193 45 25 99
193 45 31 150
193 20 18 100
193 13 20 100
194 40 40 100
194 48 24 100
195 15 18 100
195 31 30 99
195 12 3 100
196 28 18 99
196 4 5 100
196 18 20 100
197 34 36 148
197 29 15 100
198 17 38 100
199 19 25 148
199 19 33 99
199 41 33 100
199 24 40 99
199 14 33 150
199 10 33 99
199 1 33 100
199 39 20 100
200 10 11 100
200 10 12 150
201 28 18 99
201 45 30 100
202 32 18 150
202 32 41 100
202 32 46 100
202 10 16 99
202 10 45 100
203 24 23 99
203 0 14 100
203 12 3 100
204 13 20 100
204 48 24 100
204 46 12 99
205 19 23 100
205 32 46 100
205 1 12 100
206 13 18 100
206 35 15 100
207 3 12 100
207 0 14 100
208 6 3 99
208 22 23 100
209 7 18 150
209 27 20 99
209 35 15 100
210 15 18 100
211 16 21 100
211 45 30 100
211 45 31 150
212 34 1 99
212 46 40 150
212 39 20 100
212 19 11 100
213 29 15 100
213 29 18 100
213 8 24 99
213 40 16 100
214 11 5 148
214 19 23 100
214 13 18 100
215 4 18 99
215 27 20 99
216 22 11 99
217 14 36 100
217 32 46 100
218 22 36 99
218 13 20 100
218 13 25 100
218 17 40 150
218 12 25 150
219 35 15 100
219 24 23 99
220 29 1 100
220 29 18 100
220 32 5 150
220 30 11 99
222 24 23 99
222 24 40 99
222 48 24 100
222 35 20 99
223 26 25 100
223 20 25 100
224 23 11 100
224 15 18 100
224 11 15 150
224 32 46 100
226 23 6 100
226 23 20 100
226 23 31 150
226 37 36 150
226 45 30 100
227 16 18 150
227 6 16 99
228 29 15 100
228 29 18 100
228 10 3 100
229 15 18 100
229 31 14 100
230 40 40 100
230 23 20 100
231 40 18 150
231 40 30 99
231 32 46 100
231 41 25 150
231 30 23 99
232 41 45 100
232 40 40 100
232 26 3 99
232 26 25 100
233 28 18 99
233 14 11 100
233 23 20 100
233 9 41 99
234 20 18 100
235 32 24 100
236 34 18 99
236 5 3 100
236 22 23 100
236 10 16 99
236 31 14 100
237 15 12 100
237 5 48 100
238 44 12 100
238 16 21 100
238 28 48 99
238 5 48 100
238 7 48 99
238 20 48 100
239 12 15 100
239 12 30 100
239 12 48 150
239 35 20 99
239 24 48 99
239 37 48 148
240 32 5 150
240 4 18 99
240 37 48 148
240 24 48 99
240 20 48 100
241 21 23 100
242 32 46 100
242 26 43 99
242 38 40 100
242 0 11 100
242 35 20 99
242 2 16 100
243 20 18 100
243 46 38 100
244 29 15 100
244 29 18 100
245 34 1 99
245 34 18 99
245 24 43 148
245 49 31 150
246 33 43 100
246 46 18 99
246 31 14 100
247 35 20 99
247 32 6 100
247 32 24 100
247 32 36 150
248 26 5 100
248 47 18 150
248 40 5 100
249 0 11 100
249 35 20 99
249 24 40 99
249 32 46 100
250 16 18 150
250 29 15 100
251 46 18 99
251 11 14 100
252 23 34 99
252 19 23 100
252 19 25 148
252 19 34 150
252 43 34 100
252 20 25 100
252 3 34 100
252 7 34 100
253 44 3 100
253 44 12 100
253 38 40 100
253 29 15 100
253 7 34 100
254 5 20 100
254 37 5 100
254 0 23 100
255 20 5 100
255 20 18 100
255 38 5 99
255 22 36 99
255 25 16 100
256 29 30 100
256 38 0 99
257 32 5 150
257 18 11 99
258 38 40 100
258 0 23 100
258 17 38 100
258 29 18 100
258 35 20 99
259 13 18 100
259 13 25 100
259 26 25 100
260 18 3 100
260 9 10 100
260 28 1 100
261 23 20 100
261 23 31 150
261 23 46 148
261 34 18 99
261 11 15 150
261 2 10 100
262 8 36 100
262 12 21 100
262 28 18 99
263 13 18 100
263 13 20 100
263 12 15 100
264 47 18 150
264 20 33 150
264 40 33 148
264 12 13 150
264 37 13 100
264 41 33 100
264 14 33 150
264 48 24 100
265 23 12 150
266 23 20 100
266 4 18 99
266 4 45 99
267 23 11 100
267 24 40 99
268 3 12 100
268 3 23 100
268 40 30 99
269 13 18 100
269 13 36 150
269 32 46 100
270 13 20 100
270 35 5 99
270 8 1 100
270 10 16 99
271 46 18 99
271 5 3 100
272 23 6 100
272 27 40 100
273 49 31 150
273 30 14 100
273 20 5 100
274 27 20 99
274 16 13 100
274 16 18 150
274 4 5 100
274 40 5 100
274 23 13 99
274 24 13 150
274 24 23 99
275 22 36 99
275 13 18 100
276 32 18 150
276 32 24 100
276 12 30 100
277 18 11 99
277 30 40 99
278 28 18 99
278 28 36 100
279 22 23 100
279 30 14 100
280 18 20 100
280 44 5 150
280 44 43 100
280 4 18 99
280 32 46 100
281 46 18 99
281 13 3 99
282 10 16 99
282 5 20 100
282 29 18 100
282 8 24 99
283 32 34 150
283 10 40 99
283 47 34 99
283 29 15 100
283 7 34 100
283 23 34 99
284 24 40 99
284 19 11 100
284 19 34 150
284 11 5 148
285 47 1 100
285 47 18 150
285 9 41 99
286 15 18 100
286 19 36 100
286 45 30 100
287 5 20 100
287 46 18 99
288 4 18 99
288 1 23 100
289 35 15 100
290 5 45 100
290 46 18 99
291 46 18 99
291 18 11 99
291 2 16 100
292 30 23 99
292 35 46 150
293 36 18 150
293 37 5 100
294 22 11 99
294 12 3 100
294 18 20 100
294 28 18 99
295 41 12 100
295 19 23 100
295 31 14 100
296 49 31 150
296 28 18 99
297 25 1 100
297 23 20 100
297 4 18 99
297 24 23 99
298 30 11 99
298 12 15 100
299 31 30 99
299 35 18 148
300 23 20 100
300 48 24 100
300 19 36 100
300 46 18 99
300 32 46 100
301 19 23 100
301 38 40 100
302 13 18 100
302 9 15 100
302 10 11 100
304 21 0 99
304 21 15 148
304 28 18 99
304 28 36 100
304 35 20 99
305 38 5 99
305 38 40 100
305 0 23 100
305 4 5 100
306 28 1 100
306 28 18 99
306 6 16 99
306 32 46 100
307 44 43 100
307 15 18 100
307 20 25 100
308 7 18 150
308 23 11 100
308 23 20 100
308 19 25 148
308 8 15 99
309 19 23 100
309 44 3 100
309 11 14 100
309 30 40 99
310 28 18 99
310 49 31 150
311 43 18 99
312 35 18 148
312 35 20 99
312 32 6 100
313 37 5 100
313 13 18 100
313 1 23 100
314 47 1 100
314 32 46 100
314 28 18 99
314 45 25 99
314 20 25 100
315 15 12 100
315 10 16 99
315 10 47 150
315 22 23 100
315 40 30 99
315 26 25 100
315 0 47 100
315 42 47 150
315 31 41 100
315 31 47 148
315 12 25 150
316 3 10 150
316 3 12 100
316 17 13 148
316 32 13 100
316 13 13 100
317 23 12 150
317 23 20 100
317 19 36 100
318 15 18 100
318 19 34 150
318 19 36 100
318 45 34 150
318 43 34 100
318 12 3 100
318 27 34 150
318 48 24 100
319 1 11 148
319 5 20 100
319 35 15 100
319 7 34 100
319 8 34 100
320 21 23 100
320 32 46 100
321 36 18 150
321 14 5 150
321 25 30 99
322 20 18 100
323 9 10 100
323 9 15 100
323 30 40 99
323 16 21 100
323 12 3 100
323 2 10 100
324 0 11 100
324 0 23 100
325 15 10 100
325 23 20 100
325 9 10 100
325 9 15 100
325 9 40 148
325 32 36 150
326 34 18 99
327 19 34 150
327 47 34 99
327 4 34 150
327 23 34 99
327 28 34 150
328 24 45 100
328 15 1 100
328 15 18 100
328 7 31 150
328 44 3 100
329 40 5 100
329 37 13 100
329 35 13 150
329 16 13 100
330 48 23 148
330 10 40 99
330 35 5 99
330 20 5 100
331 22 43 150
331 29 18 100
331 0 14 100
332 32 46 100
332 9 15 100
332 27 20 99
333 46 18 99
333 8 34 100
333 43 34 100
333 23 34 99
333 32 34 150
334 0 23 100
334 40 16 100
334 40 40 100
334 4 34 150
334 26 25 100
334 20 15 150
334 20 25 100
335 25 1 100
335 10 11 100
335 10 40 99
335 41 25 150
335 35 25 99
337 5 3 100
337 48 24 100
337 3 23 100
338 29 15 100
338 11 12 150
338 26 43 99
339 18 20 100
339 24 18 150
340 28 13 100
340 28 18 99
340 4 30 100
340 3 23 100
340 26 25 100
340 37 13 100
341 26 5 100
341 26 25 100
341 2 13 150
341 37 13 100
341 37 21 100
341 8 13 100
341 8 36 100
341 32 13 100
341 32 46 100
342 3 10 150
342 32 5 150
342 27 20 99
343 14 5 150
343 14 36 100
344 6 3 99
344 6 16 99
344 35 47 100
344 10 40 99
344 10 47 150
344 11 47 150
345 13 18 100
345 13 25 100
345 9 47 99
345 1 23 100
345 20 25 100
345 7 31 150
346 18 20 100
346 30 25 150
346 9 15 100
346 17 12 100
347 30 11 99
347 26 25 100
348 31 30 99
348 10 40 99
349 23 20 100
349 0 23 100
349 46 18 99
350 38 0 99
350 38 40 100
350 37 36 150
350 32 46 100
350 9 15 100
351 15 18 100
352 35 5 99
352 35 13 150
352 35 18 148
352 35 20 99
352 28 1 100
352 28 13 100
352 20 5 100
352 19 11 100
353 12 15 100
354 39 20 100
354 45 11 100
354 30 23 99
354 29 18 100
354 8 24 99
355 19 36 100
355 18 3 100
355 14 5 150
355 25 30 99
355 34 18 99
356 24 18 150
356 26 5 100
356 8 36 100
357 34 18 99
357 0 0 100
358 17 13 148
358 30 13 150
358 16 13 100
359 1 23 100
359 40 40 100
359 26 25 100
360 45 25 99
360 2 13 150
360 2 16 100
360 10 45 100
360 35 13 150
360 35 25 99
360 41 25 150
360 20 18 100
361 49 31 150
361 41 25 150
361 39 20 100
362 17 13 148
362 17 36 150
362 4 18 99
362 46 13 150
362 20 46 148
363 8 15 99
363 46 8 100
364 27 1 99
364 42 21 99
364 6 36 99
364 28 18 99
365 17 12 100
365 15 11 150
365 0 14 100
365 8 36 100
366 45 30 100
367 41 36 150
367 35 5 99
367 35 18 148
367 13 0 100
367 10 11 100
367 26 5 100
368 27 3 100
368 27 20 99
368 1 23 100
368 12 15 100
369 3 12 100
370 6 36 99
370 31 6 100
370 30 40 99
371 13 3 99
371 13 18 100
372 4 5 100
372 4 18 99
372 27 1 99
372 27 20 99
372 32 46 100
373 43 18 99
373 0 23 100
373 41 25 150
373 9 13 150
373 9 15 100
373 20 25 100
373 28 13 100
374 5 20 100
374 37 5 100
374 37 13 100
374 4 18 99
375 16 18 150
375 12 3 100
375 12 36 100
375 23 31 150
375 8 24 99
376 46 18 99
376 40 16 100
377 6 3 99
377 24 23 99
377 24 40 99
378 1 12 100
378 5 20 100
378 41 27 100
379 8 1 100
379 30 23 99
380 46 18 99
380 12 15 100
381 46 18 99
381 12 30 100
382 14 5 150
382 13 18 100
382 1 23 100
382 27 47 150
382 10 47 150
382 44 47 100
382 32 47 150
383 43 18 99
383 18 11 99
383 18 20 100
384 47 18 150
384 18 14 99
385 43 18 99
385 32 46 100
385 21 23 100
386 29 18 100
386 29 45 100
387 32 24 100
387 35 20 99
387 10 3 100
387 10 40 99
388 25 16 100
388 7 18 150
389 7 31 150
389 4 5 100
389 4 18 99
389 37 5 100
389 37 36 150
390 24 23 99
390 15 18 100
391 14 5 150
391 41 25 150
391 46 18 99
391 20 25 100
392 46 18 99
392 4 27 100
392 27 1 99
393 34 18 99
393 13 0 100
393 13 3 99
394 1 33 100
394 45 11 100
394 30 33 148
394 41 33 100
394 19 33 99
394 39 20 100
394 28 18 99
394 22 33 100
394 32 46 100
395 20 15 150
395 25 30 99
395 19 23 100
396 19 36 100
396 34 18 99
396 16 21 100
396 18 20 100
397 44 3 100
397 41 25 150
397 12 15 100
398 40 18 150
398 24 23 99
399 40 40 100
399 12 13 150
399 16 13 100
400 34 1 99
400 34 18 99
400 11 5 148
400 14 36 100
400 5 20 100
401 28 10 150
401 28 13 100
401 28 18 99
401 12 15 100
402 36 18 150
402 45 25 99
402 45 31 150
402 35 25 99
402 35 41 100
402 22 23 100
403 10 43 150
403 5 20 100
403 5 46 148
403 26 25 100
403 28 18 99
404 17 38 100
404 29 18 100
405 23 12 150
405 35 15 100
406 35 18 148
406 14 11 100
407 10 16 99
407 10 40 99
407 5 20 100
407 3 23 100
408 33 43 100
408 43 18 99
408 31 30 99
408 5 3 100
408 8 24 99
409 45 11 100
409 25 1 100
409 18 20 100
409 20 18 100
410 11 14 100
410 1 12 100
411 32 46 100
411 0 23 100
411 15 18 100
412 20 15 150
412 17 12 100
413 6 3 99
413 30 23 99
413 27 12 100
413 27 20 99
413 29 15 100
414 43 18 99
414 31 6 100
415 34 1 99
415 9 47 99
415 45 25 99
415 13 25 100
415 13 33 100
415 20 33 150
415 18 47 150
415 19 33 99
415 31 33 100
415 31 47 148
415 30 33 148
415 30 47 99
416 27 20 99
416 27 40 100
416 7 31 150
417 35 18 148
417 6 16 99
417 22 23 100
418 8 15 99
419 39 20 100
419 10 11 100
420 4 18 99
420 4 45 99
420 0 23 100
420 13 3 99
421 28 18 99
421 28 36 100
421 46 12 99
421 31 30 99
421 8 24 99
422 18 40 150
422 22 36 99
422 27 20 99
422 32 46 100
423 13 0 100
423 13 3 99
423 13 5 150
425 15 18 100
425 26 5 100
426 46 18 99
426 4 0 100
426 10 16 99
427 45 34 150
427 1 12 100
427 1 23 100
427 3 34 100
427 7 34 100
427 28 34 150
427 13 20 100
427 4 34 150
428 21 23 100
428 23 34 99
428 24 18 150
428 12 15 100
428 29 1 100
429 2 10 100
429 3 10 150
429 13 5 150
429 13 18 100
429 13 36 150
430 28 18 99
430 45 11 100
430 24 46 150
431 9 15 100
431 35 25 99
431 19 25 148
432 5 20 100
432 17 12 100
433 13 18 100
433 27 1 99
433 0 23 100
434 3 12 100
434 49 31 150
435 32 18 150
435 32 24 100
435 25 16 100
435 29 15 100
436 4 18 99
436 9 15 100
436 17 36 150
436 39 20 100
437 44 12 100
437 36 11 100
437 12 25 150
437 12 30 100
437 19 23 100
438 5 33 148
438 10 33 99
438 40 33 148
439 40 33 148
439 12 15 100
439 44 12 100
439 42 10 99
439 15 10 100
440 18 3 100
440 38 40 100
441 30 25 150
441 12 15 100
441 12 25 150
442 18 11 99
442 18 20 100
442 32 46 100
442 4 18 99
442 30 23 99
443 32 0 100
443 27 1 99
443 29 18 100
444 6 36 99
444 28 18 99
445 43 18 99
445 36 43 100
446 14 5 150
446 10 40 99
447 14 27 150
447 0 23 100
447 41 12 100
447 42 21 99
448 2 16 100
448 20 18 100
448 0 0 100
449 32 46 100
449 4 30 100
449 4 45 99
449 18 11 99
449 30 23 99
449 27 12 100
450 40 18 150
450 19 36 100
451 8 15 99
451 23 20 100
451 43 18 99
452 29 18 100
452 6 3 99
452 8 24 99
452 31 14 100
453 34 18 99
453 35 31 150
454 46 13 150
454 46 18 99
454 21 23 100
454 32 13 100
454 34 1 99
455 9 15 100
455 24 12 100
455 31 0 99
455 13 20 100
456 23 6 100
456 36 18 150
456 9 41 99
457 18 11 99
457 13 36 150
457 30 40 99
458 2 16 100
458 30 23 99
458 41 12 100
459 9 15 100
459 13 25 100
460 39 11 148
460 39 20 100
460 26 5 100
460 26 25 100
460 20 18 100
461 1 23 100
461 40 18 150
461 40 30 99
461 35 46 150
462 13 18 100
463 47 1 100
463 28 18 99
463 0 23 100
464 20 5 100
464 35 5 99
464 35 13 150
464 35 20 99
464 17 13 148
464 27 40 100
464 23 13 99
466 31 47 148
466 35 47 100
466 18 47 150
467 48 24 100
467 44 47 100
467 26 40 150
467 21 23 100
467 27 20 99
467 49 31 150
468 39 41 100
468 46 18 99
468 27 3 100
468 12 25 150
469 11 5 148
469 40 40 100
469 45 11 100
470 25 1 100
470 12 13 150
470 12 25 150
470 30 13 150
470 30 23 99
470 30 25 150
470 44 12 100
471 16 13 100
471 28 13 100
471 9 13 150
472 13 0 100
472 35 15 100
473 21 23 100
473 43 18 99
473 5 20 100
473 5 46 148
473 0 11 100
473 13 5 150
474 40 40 100
474 18 14 99
475 1 23 100
475 40 16 100
475 40 18 150
476 9 15 100
476 46 18 99
476 13 25 100
477 8 1 100
477 8 36 100
477 34 18 99
477 35 20 99
477 35 25 99
477 27 3 100
478 22 11 99
478 22 36 99
478 17 10 150
478 43 18 99
479 44 5 150
479 32 46 100
480 27 40 100
480 22 36 99
481 40 5 100
481 5 20 100
482 30 23 99
482 30 40 99
482 29 15 100
483 18 12 150
483 12 30 100
483 35 20 99
484 27 12 100
484 10 16 99
485 28 1 100
485 28 18 99
485 11 5 148
485 41 38 100
485 8 24 99
486 13 18 100
486 48 23 148
486 9 10 100
486 2 10 100
486 25 31 148
487 46 12 99
487 23 11 100
487 23 20 100
487 32 46 100
487 8 36 100
488 32 18 150
488 4 45 99
488 10 3 100
489 4 18 99
489 16 33 100
489 14 33 150
490 26 25 100
490 46 18 99
490 23 20 100
490 35 25 99
490 30 33 148
490 41 33 100
491 41 12 100
491 41 25 150
491 41 33 100
491 13 3 99
491 13 25 100
491 3 23 100
491 12 15 100
492 9 41 99
493 2 10 100
493 27 20 99
493 15 18 100
493 32 46 100
494 0 23 100
495 12 15 100
495 31 40 150
495 34 1 99
496 36 18 150
496 45 30 100
497 3 23 100
497 26 3 99
497 24 40 99
497 6 31 150
498 10 47 150
498 9 15 100
498 9 20 148
498 9 47 99
499 44 5 150
499 44 47 100
499 17 13 148
499 8 13 100
499 28 18 99
499 21 23 100
499 27 47 150
500 11 5 148
500 29 18 100
501 10 16 99
502 10 11 100
502 13 5 150
502 13 18 100
502 8 24 99
503 5 20 100
503 35 5 99
503 32 46 100
503 0 23 100
504 29 18 100
504 30 40 99
505 9 15 100
505 36 18 150
505 21 23 100
505 15 1 100
506 46 12 99
507 44 15 150
507 41 25 150
507 13 11 150
507 13 18 100
507 13 25 100
508 4 18 99
508 31 14 100
509 41 36 150
509 38 5 99
509 34 18 99
509 40 5 100
510 22 23 100
510 46 18 99
510 28 1 100
512 23 31 150
512 23 46 148
512 41 25 150
512 40 40 100
513 38 0 99
513 10 16 99
513 10 33 99
513 29 15 100
513 29 18 100
513 22 33 100
513 14 33 150
514 19 23 100
514 19 33 99
514 26 3 99
514 26 5 100
514 5 33 148
514 3 12 100
514 32 41 100
515 43 18 99
515 30 11 99
515 36 19 99
515 40 19 100
515 40 30 99
515 47 19 100
516 11 12 150
516 1 23 100
517 42 21 99
517 24 40 99
517 8 24 99
518 18 11 99
518 13 36 150
518 27 12 100
519 7 1 100
519 14 5 150
519 27 12 100
520 43 18 99
520 9 15 100
520 19 36 100
521 0 6 99
521 0 11 100
521 37 5 100
521 40 5 100
521 6 3 99
522 27 40 100
522 39 41 100
522 32 46 100
523 3 23 100
523 28 18 99
524 22 11 99
524 21 0 99
525 15 18 100
525 28 18 99
526 3 23 100
526 34 1 99
526 34 18 99
527 35 31 150
527 38 40 100
527 27 3 100
528 32 5 150
529 24 23 99
529 8 24 99
530 2 13 150
530 28 13 100
530 18 14 99
531 21 23 100
531 17 13 148
531 29 15 100
532 32 0 100
532 32 46 100
532 25 16 100
533 29 45 100
533 35 41 100
533 30 33 148
533 20 33 150
533 10 33 99
533 1 33 100
534 3 10 150
534 34 1 99
534 0 11 100
535 24 13 150
535 24 23 99
535 42 10 99
535 8 13 100
535 19 25 148
536 37 5 100
536 45 25 99
537 4 30 100
537 14 36 100
539 40 16 100
539 8 15 99
539 32 46 100
539 41 25 150
539 24 23 99
540 26 25 100
541 26 25 100
542 30 13 150
542 30 33 148
542 10 33 99
542 1 33 100
542 32 13 100
542 17 13 148
542 22 33 100
542 16 33 100
543 26 5 100
543 26 25 100
543 7 1 100
543 1 23 100
544 39 38 100
545 29 15 100
545 42 21 99
545 24 23 99
546 18 3 100
546 26 25 100
546 19 25 148
547 32 13 100
547 9 13 150
547 49 31 150
547 21 30 99
548 1 23 100
548 10 11 100
548 35 41 100
549 32 0 100
549 32 46 100
550 11 14 100
550 11 15 150
550 26 3 99
551 4 5 100
551 13 19 148
551 14 19 100
551 35 5 99
552 22 23 100
553 35 15 100
553 34 1 99
553 8 24 99
554 31 33 100
554 2 16 100
554 32 46 100
554 13 33 100
554 30 33 148
555 17 13 148
555 16 13 100
555 16 33 100
555 10 33 99
555 32 13 100
556 21 23 100
556 45 11 100
558 12 15 100
559 21 23 100
559 21 30 99
559 35 31 150
559 6 3 99
560 36 36 148
560 38 0 99
561 32 0 100
561 25 1 100
561 12 3 100
561 12 15 100
562 13 5 150
562 13 25 100
562 26 25 100
562 21 23 100
562 10 33 99
563 20 10 100
563 20 33 150
563 35 41 100
563 19 33 99
563 41 33 100
563 30 33 148
564 35 25 99
564 45 25 99
564 9 10 100
564 32 46 100
566 45 11 100
566 40 16 100
567 38 5 99
567 1 23 100
567 20 25 100
567 41 25 150
568 39 45 100
568 20 25 100
568 45 25 99
569 6 3 99
569 30 23 99
569 31 41 100
570 11 1 100
570 9 13 150
570 31 0 99
570 16 13 100
570 13 13 100
571 19 11 100
572 29 15 100
572 29 31 150
572 32 24 100
572 32 46 100
573 21 23 100
573 20 10 100
574 19 36 100
575 40 30 99
576 30 11 99
576 30 23 99
576 30 25 150
576 45 25 99
577 9 41 99
578 36 43 100
578 32 46 100
579 30 40 99
579 17 10 150
579 25 1 100
579 20 10 100
580 35 20 99
580 34 18 99
580 26 3 99
580 40 0 99
581 31 0 99
581 31 47 148
581 8 36 100
581 35 47 100
581 29 18 100
581 18 47 150
581 6 16 99
582 18 11 99
582 0 47 100
582 34 18 99
582 34 36 148
583 17 38 100
583 3 23 100
583 12 15 100
583 27 40 100
585 24 18 150
585 13 11 150
586 41 25 150
586 30 23 99
587 8 15 99
587 13 18 100
587 13 20 100
588 19 25 148
588 32 46 100
588 13 18 100
588 13 25 100
588 12 15 100
589 13 0 100
589 13 5 150
589 11 1 100
589 30 23 99
591 31 6 100
591 16 13 100
591 30 13 150
592 8 13 100
592 14 11 100
592 37 21 100
592 19 23 100
593 28 18 99
593 26 5 100
593 45 30 100
593 45 31 150
593 40 5 100
594 15 10 100
594 15 18 100
594 12 13 150
594 35 13 150
594 35 41 100
595 17 38 100
595 32 18 150
595 30 23 99
595 5 20 100
596 29 1 100
597 43 12 150
597 37 27 100
597 8 15 99
597 0 0 100
598 28 40 150
598 19 23 100
599 46 36 150
599 32 46 100
601 44 5 150
602 3 23 100
602 3 38 100
602 20 18 100
602 48 24 100
602 18 20 100
603 23 11 100
603 43 45 100
603 0 14 100
604 49 31 150
605 35 25 99
605 28 1 100
605 25 16 100
605 41 25 150
605 32 46 100
606 20 18 100
606 20 25 100
606 14 36 100
606 35 25 99
606 8 34 100
607 19 34 150
607 19 36 100
607 3 34 100
607 7 34 100
608 47 34 99
608 8 34 100
609 33 19 100
609 33 43 100
609 36 19 99
609 27 40 100
609 37 5 100
609 42 19 100
609 1 23 100
609 21 30 99
610 23 20 100
610 12 3 100
611 34 18 99
611 16 13 100
611 30 13 150
611 30 23 99
611 4 5 100
611 26 5 100
612 8 13 100
612 20 25 100
612 13 25 100
613 4 18 99
613 12 25 150
613 32 46 100
613 13 25 100
615 8 1 100
615 35 25 99
615 22 23 100
615 13 25 100
616 26 25 100
616 27 40 100
616 13 25 100
617 25 31 148
617 31 41 100
618 3 23 100
618 29 15 100
618 29 18 100
618 39 20 100
619 21 0 99
619 38 40 100
620 26 25 100
620 0 11 100
620 32 18 150
620 20 25 100
620 45 25 99
621 42 47 150
621 30 23 99
621 30 47 99
621 10 47 150
622 9 47 99
622 7 1 100
623 32 46 100
623 34 18 99
623 1 23 100
624 19 33 99
624 6 16 99
624 16 33 100
624 38 5 99
624 4 30 100
624 20 33 150
625 47 11 100
625 17 12 100
625 17 36 150
625 22 33 100
625 19 33 99
625 5 20 100
626 38 0 99
626 46 12 99
626 9 15 100
627 46 8 100
628 24 23 99
628 32 0 100
628 32 46 100
629 28 18 99
629 13 5 150
630 31 6 100
630 15 12 100
630 29 31 150
631 3 23 100
631 20 25 100
631 30 11 99
631 45 25 99
631 27 1 99
632 18 20 100
632 38 40 100
632 28 10 150
632 31 41 100
632 2 10 100
633 40 18 150
633 31 48 100
634 38 0 99
634 43 45 100
635 17 12 100
635 4 0 100
635 22 23 100
636 14 5 150
636 30 40 99
636 40 0 99
637 0 23 100
637 26 3 99
638 29 15 100
638 29 30 100
638 18 47 150
638 38 40 100
638 38 47 148
639 27 20 99
639 27 47 150
639 42 10 99
639 32 46 100
640 42 10 99
640 3 23 100
641 10 11 100
641 38 0 99
641 32 24 100
642 11 5 148
642 13 25 100
642 41 25 150
643 33 1 99
643 22 23 100
644 25 16 100
644 8 15 99
645 22 11 99
646 22 36 99
646 0 0 100
646 18 20 100
646 32 46 100
647 41 33 100
647 40 0 99
647 40 30 99
647 40 33 148
647 14 33 150
647 6 31 150
647 16 33 100
647 19 33 99
648 30 23 99
648 28 18 99
649 8 15 99
649 30 40 99
650 11 1 100
650 9 41 99
650 46 18 99
651 5 3 100
651 24 23 99
652 29 15 100
652 29 18 100
652 25 16 100
653 5 20 100
653 3 23 100
653 30 13 150
653 32 0 100
653 32 13 100
653 32 46 100
654 30 40 99
654 26 43 99
656 2 1 100
656 12 25 150
657 14 5 150
657 14 19 100
657 49 19 100
657 24 19 99
657 24 23 99
657 12 3 100
658 24 40 99
660 30 23 99
661 17 10 150
661 5 20 100
661 42 21 99
662 17 13 148
662 17 40 150
662 25 16 100
662 13 0 100
662 13 13 100
662 12 13 150
662 12 15 100
662 32 46 100
663 30 14 100
663 30 23 99
663 25 1 100
664 34 18 99
664 17 13 148
664 6 31 150
664 28 13 100
665 3 23 100
665 44 5 150
666 48 24 100
666 48 38 100
666 49 35 100
667 13 25 100
668 19 23 100
668 19 25 148
668 19 34 150
668 43 34 100
668 31 30 99
668 35 20 99
669 12 25 150
669 7 34 100
669 23 34 99
669 26 25 100
669 47 34 99
670 4 18 99
670 4 45 99
670 23 6 100
670 23 34 99
670 32 46 100
671 19 23 100
672 10 11 100
672 28 36 100
672 35 15 100
673 43 12 150
673 24 13 150
673 32 13 100
673 10 16 99
673 12 13 150
673 25 1 100
674 39 41 100
675 21 23 100
676 5 20 100
676 10 43 150
676 10 47 150
676 27 47 150
676 46 18 99
676 38 47 148
676 9 47 99
677 40 18 150
677 28 13 100
677 17 13 148
678 32 24 100
678 32 46 100
678 44 3 100
678 44 8 99
678 24 23 99
679 45 25 99
679 20 25 100
680 34 18 99
680 35 5 99
680 32 0 100
680 25 31 148
681 2 1 100
681 14 5 150
681 14 36 100
682 24 13 150
682 17 13 148
683 28 13 100
683 23 20 100
683 0 23 100
683 32 41 100
684 47 11 100
684 24 12 100
685 17 12 100
685 19 25 148
685 4 30 100
686 13 25 100
686 30 23 99
687 32 5 150
687 32 47 150
687 9 47 99
687 35 47 100
687 12 3 100
687 25 16 100
687 42 47 150
688 17 12 100
689 22 33 100
689 19 33 99
689 20 33 150
690 29 1 100
690 21 23 100
690 23 20 100
690 41 33 100
690 38 5 99
690 5 33 148
691 38 0 99
691 19 11 100
691 32 46 100
692 45 11 100
692 21 23 100
693 8 13 100
693 24 13 150
694 46 18 99
695 45 11 100
695 14 33 150
695 1 33 100
695 31 33 100
695 19 33 99
696 11 47 150
696 44 47 100
696 19 33 99
696 32 47 150
696 10 47 150
697 35 18 148
697 35 20 99
697 14 11 100
697 27 1 99
698 3 23 100
698 8 36 100
698 28 18 99
698 32 46 100
699 10 33 99
699 32 0 100
699 32 41 100
699 8 15 99
699 30 33 148
699 1 33 100
699 13 33 100
699 19 33 99
700 31 48 100
700 25 16 100
701 46 40 150
701 22 11 99
701 22 17 100
701 14 17 150
702 41 6 100
703 38 40 100
704 20 18 100
704 20 25 100
704 49 31 150
704 21 23 100
704 21 30 99
705 0 11 100
705 16 33 100
705 29 45 100
705 39 20 100
705 10 33 99
706 25 1 100
706 22 33 100
706 40 5 100
706 40 33 148
706 26 5 100
706 26 25 100
706 13 33 100
707 18 11 99
707 29 18 100
707 32 46 100
707 24 23 99
708 40 0 99
708 40 40 100
709 43 18 99
709 42 10 99
710 19 0 99
710 19 23 100
710 28 18 99
710 20 10 100
711 23 11 100
711 10 40 99
711 38 5 99
712 22 23 100
712 15 18 100
712 33 19 100
712 40 19 100
712 19 19 150
713 6 36 99
713 35 20 99
714 12 36 100
714 25 1 100
714 9 41 99
715 11 12 150
715 6 3 99
715 6 16 99
716 35 46 150
716 4 0 100
717 28 36 100
717 40 40 100
717 8 15 99
717 8 24 99
718 6 31 150
718 31 30 99
718 42 21 99
718 29 18 100
718 0 23 100
719 4 0 100
719 4 18 99
720 23 11 100
720 23 20 100
721 47 1 100
721 47 18 150
721 21 0 99
721 12 36 100
722 38 40 100
722 22 36 99
723 4 18 99
723 21 15 148
724 44 5 150
724 1 23 100
724 28 10 150
724 30 25 150
725 20 18 100
725 20 25 100
725 45 11 100
725 45 25 99
725 35 25 99
726 13 3 99
726 3 12 100
726 2 16 100
726 34 1 99
727 36 36 148
727 27 20 99
727 27 40 100
728 39 41 100
729 46 18 99
729 30 14 100
729 30 23 99
730 30 13 150
730 29 45 100
730 35 13 150
730 35 46 150
730 37 13 100
731 41 12 100
731 20 5 100
731 40 5 100
732 24 23 99
732 9 47 99
732 4 5 100
732 38 47 148
732 44 47 100
733 24 18 150
733 24 27 100
733 11 47 150
733 23 31 150
733 12 36 100
734 30 11 99
734 27 20 99
735 13 18 100
735 25 1 100
736 27 12 100
736 27 49 100
736 16 33 100
736 5 33 148
736 31 33 100
736 20 33 150
737 15 18 100
737 3 23 100
737 23 17 150
737 31 33 100
737 11 17 100
738 16 17 100
738 4 0 100
739 37 5 100
739 36 11 100
739 0 6 99
740 40 5 100
740 40 40 100
740 0 23 100
741 44 5 150
741 44 12 100
741 13 25 100
741 47 1 100
741 26 25 100
741 3 38 100
742 0 0 100
742 32 46 100
742 44 3 100
742 12 15 100
742 12 36 100
743 1 19 148
743 20 19 150
744 23 20 100
744 31 30 99
745 1 23 100
745 44 8 99
746 40 40 100
746 35 41 100
746 32 46 100
747 13 25 100
747 13 33 100
747 8 15 99
747 26 25 100
747 20 33 150
747 14 33 150
748 28 48 99
748 6 16 99
748 14 33 150
749 34 18 99
749 47 11 100
749 29 31 150
749 20 5 100
749 24 23 99
749 24 43 148
750 24 18 150
751 24 40 99
751 23 20 100
752 47 1 100
752 20 33 150
752 41 33 100
752 32 24 100
752 22 33 100
752 16 33 100
753 19 0 99
753 19 19 150
753 19 23 100
753 19 33 99
753 40 19 100
753 40 30 99
754 5 3 100
755 20 25 100
755 34 36 148
755 30 25 150
756 25 16 100
757 9 41 99
757 35 46 150
758 43 18 99
758 30 23 99
758 27 1 99
759 13 20 100
759 8 36 100
760 13 18 100
761 47 18 150
761 46 13 150
761 30 13 150
761 9 15 100
762 1 23 100
762 22 11 99
762 4 5 100
763 39 9 100
764 27 40 100
765 27 3 100
765 4 0 100
765 32 46 100
765 45 31 150
765 3 23 100
766 19 36 100
766 18 20 100
766 47 1 100
767 8 15 99
767 44 12 100
768 34 18 99
768 33 19 100
768 3 23 100
768 14 19 100
768 40 19 100
768 11 14 100
768 32 13 100
768 42 21 99
768 2 13 150
769 41 25 150
769 35 25 99
769 37 13 100
770 12 25 150
772 13 3 99
772 24 23 99
773 32 5 150
773 32 46 100
773 21 30 99
773 34 18 99
774 23 20 100
774 31 41 100
774 35 25 99
775 19 25 148
775 19 33 99
775 41 33 100
775 29 15 100
775 14 33 150
775 5 33 148
775 25 16 100
777 38 40 100
777 38 47 148
777 48 6 99
777 1 23 100
777 1 43 100
777 29 31 150
777 9 47 99
778 28 1 100
778 28 13 100
778 42 47 150
778 27 40 100
778 9 13 150
778 9 47 99
779 41 45 100
779 38 0 99
779 44 3 100
780 48 24 100
780 18 11 99
780 3 23 100
780 11 7 99
781 1 12 100
782 6 3 99
782 22 23 100
782 28 48 99
783 45 25 99
783 46 18 99
783 30 25 150
783 31 41 100
784 43 18 99
784 39 20 100
784 34 1 99
784 32 46 100
784 23 10 150
785 43 18 99
785 9 15 100
785 21 23 100
786 10 11 100
786 36 18 150
786 35 15 100
787 13 13 100
787 13 18 100
787 8 13 100
787 30 13 150
788 3 23 100
788 29 30 100
788 29 31 150
788 13 0 100
789 45 25 99
789 43 18 99
789 12 13 150
789 12 25 150
789 40 5 100
789 30 13 150
789 49 35 100
789 20 5 100
790 19 0 99
790 35 20 99
791 37 36 150
791 9 17 100
791 32 17 100
791 32 46 100
791 14 17 150
793 40 16 100
793 40 18 150
793 47 1 100
793 22 23 100
793 35 15 100
795 44 8 99
795 19 25 148
796 27 12 100
796 46 38 100
796 29 15 100
797 46 13 150
797 13 13 100
797 21 23 100
797 24 13 150
797 32 46 100
798 23 20 100
799 2 13 150
799 8 13 100
799 8 36 100
799 1 33 100
799 22 33 100
799 14 33 150
799 18 14 99
799 27 40 100
800 41 33 100
800 37 5 100
800 13 33 100
800 10 33 99
801 37 11 148
801 20 18 100
801 20 19 150
801 20 25 100
801 41 19 100
801 41 25 150
801 12 36 100
802 18 3 100
802 24 23 99
802 47 1 100
803 31 30 99
803 20 18 100
804 35 15 100
804 40 16 100
805 0 23 100
805 10 3 100
805 34 18 99
806 38 0 99
806 27 20 99
807 31 41 100
807 26 25 100
807 41 25 150
808 3 23 100
808 5 46 148
808 12 15 100
809 7 1 100
809 7 31 150
809 23 11 100
809 23 12 150
810 38 5 99
810 38 40 100
810 19 25 148
810 4 5 100
811 12 25 150
811 21 23 100
812 46 18 99
812 35 25 99
813 32 18 150
813 8 15 99
813 13 20 100
814 38 40 100
814 12 15 100
814 6 16 99
814 1 23 100
814 1 43 100
815 13 18 100
815 39 38 100
816 15 1 100
816 15 18 100
816 19 0 99
816 13 45 100
816 12 21 100
817 21 23 100
818 28 13 100
818 28 18 99
818 32 13 100
818 32 24 100
818 32 46 100
818 9 13 150
819 30 11 99
820 2 13 150
820 35 13 150
820 35 20 99
820 19 23 100
821 16 33 100
821 31 33 100
821 19 33 99
821 10 33 99
822 13 33 100
822 8 15 99
822 20 48 100
823 27 1 99
823 0 0 100
824 10 3 100
824 10 11 100
824 24 18 150
824 24 23 99
824 6 31 150
825 19 11 100
825 28 27 100
826 19 23 100
826 24 40 99
826 32 6 100
826 32 46 100
827 12 30 100
827 35 20 99
827 10 16 99
828 15 18 100
829 13 5 150
830 11 1 100
830 22 23 100
830 4 34 150
830 41 38 100
830 45 34 150
830 43 34 100
831 14 36 100
831 32 34 150
831 27 3 100
831 27 12 100
831 27 34 150
832 28 13 100
832 28 34 150
832 23 13 99
832 23 34 99
832 13 13 100
832 7 34 100
832 43 34 100
832 3 34 100
833 43 34 100
833 16 13 100
833 18 11 99
833 12 25 150
833 13 25 100
833 38 40 100
834 35 20 99
834 40 40 100
834 24 23 99
835 10 10 150
835 35 15 100
835 2 10 100
836 10 16 99
836 10 40 99
836 7 1 100
836 32 46 100
836 9 41 99
837 3 23 100
837 26 5 100
838 3 12 100
839 20 18 100
840 37 5 100
840 1 23 100
840 12 25 150
840 38 5 99
841 10 40 99
841 35 20 99
841 35 25 99
841 13 25 100
842 8 36 100
842 13 25 100
842 27 40 100
843 8 1 100
843 22 23 100
843 29 18 100
843 45 25 99
844 1 11 148
845 39 45 100
845 0 14 100
845 30 25 150
846 19 23 100
846 47 18 150
847 10 11 100
848 48 24 100
848 23 20 100
848 23 46 148
848 27 1 99
849 30 25 150
850 26 5 100
850 7 31 150
850 29 18 100
850 1 23 100
851 6 16 99
851 9 41 99
852 10 40 99
852 37 5 100
853 21 23 100
853 12 15 100
854 37 36 150
855 31 48 100
855 11 1 100
855 46 18 99
855 32 46 100
855 44 3 100
856 22 23 100
856 44 8 99
856 23 20 100
858 34 18 99
858 25 30 99
859 30 23 99
860 19 40 150
860 49 31 150
861 14 11 100
862 21 23 100
862 37 13 100
862 28 13 100
862 13 13 100
863 26 3 99
863 26 25 100
863 5 20 100
863 8 15 99
863 13 18 100
863 13 25 100
864 15 1 100
864 32 46 100
865 9 41 99
