2 6 31 100
3 2 22 100
3 41 31 99
3 37 7 100
3 39 47 100
4 21 35 100
4 31 47 100
5 35 47 100
5 36 22 100
5 39 47 100
5 6 31 100
6 42 20 100
6 13 21 99
7 3 31 99
8 23 47 100
8 31 22 100
8 31 47 100
8 2 26 99
8 5 33 99
9 41 31 99
10 21 35 100
10 47 43 100
10 14 7 100
11 42 20 100
11 41 22 150
11 8 13 100
12 41 31 99
12 31 22 100
12 31 35 100
12 31 42 100
13 3 31 99
14 26 31 99
14 18 22 100
14 2 46 99
15 18 31 100
15 8 26 99
16 31 22 100
16 3 21 100
16 3 31 99
17 28 35 100
17 8 42 150
17 7 25 99
18 18 22 100
18 18 31 100
18 18 47 148
18 17 2 100
18 17 20 100
18 35 47 100
18 23 2 99
18 46 13 100
18 29 2 99
19 20 43 100
19 21 2 100
19 5 2 99
19 18 22 100
19 18 31 100
19 29 2 99
19 23 2 99
19 8 2 99
21 2 22 100
21 2 26 99
21 18 31 100
22 26 20 100
22 26 31 99
22 14 7 100
22 14 46 99
22 43 13 100
23 42 36 100
23 36 22 100
23 18 31 100
25 14 46 99
25 11 20 100
25 31 22 100
26 18 31 100
26 17 48 148
26 43 13 100
26 16 48 99
26 27 48 100
27 9 33 100
27 31 22 100
27 31 47 100
27 3 21 100
27 3 31 99
28 6 47 100
28 18 22 100
28 47 43 100
28 44 42 100
29 20 4 100
29 20 25 99
29 20 26 150
29 19 46 100
31 5 20 100
31 28 7 99
31 37 41 99
31 16 31 100
31 39 18 99
32 41 22 150
32 41 31 99
32 43 13 100
33 6 31 100
33 30 35 100
34 41 20 100
34 13 21 99
34 8 26 99
35 40 22 150
35 30 48 148
35 12 48 150
36 14 3 100
36 35 33 100
36 16 31 100
37 37 22 150
37 31 42 100
37 3 21 100
38 39 18 99
38 3 18 150
38 13 18 100
38 13 43 100
38 17 20 100
39 18 22 100
39 18 31 100
39 38 7 100
39 9 46 99
40 39 47 100
40 31 47 100
40 18 31 100
41 12 7 99
41 6 47 100
41 2 22 100
42 20 20 100
42 45 13 100
42 26 31 99
43 2 22 100
43 2 26 99
43 35 47 100
43 3 31 99
43 31 47 100
44 16 31 100
44 28 35 100
45 23 4 100
45 37 22 150
45 20 4 100
45 20 25 99
46 7 13 100
46 38 47 150
46 26 31 99
46 39 47 100
46 0 43 100
47 2 22 100
47 2 26 99
47 8 33 100
48 16 31 100
48 30 20 100
49 3 21 100
49 3 31 99
49 25 0 100
49 39 47 100
49 6 47 100
50 2 22 100
50 8 13 100
51 30 35 100
51 18 22 100
51 28 7 99
52 3 31 99
52 21 4 150
53 42 20 100
53 18 22 100
53 18 31 100
53 35 33 100
54 26 31 99
54 13 43 100
54 7 13 100
54 31 22 100
54 8 26 99
55 14 46 99
55 3 31 99
56 11 4 100
56 39 35 100
56 39 47 100
56 41 31 99
56 36 22 100
56 38 47 150
57 5 33 99
57 6 47 100
57 23 47 100
58 7 25 99
58 41 20 100
59 6 31 100
59 36 22 100
59 17 46 99
60 44 42 100
60 39 18 99
60 39 35 100
60 36 22 100
60 2 26 99
61 6 31 100
62 44 22 148
62 41 31 99
63 13 21 99
63 13 43 100
63 26 31 99
63 41 36 99
63 44 42 100
64 7 13 100
65 20 20 100
65 20 22 150
65 12 31 100
66 49 26 150
66 42 18 150
66 39 18 99
66 18 18 100
67 19 38 150
67 19 46 100
67 31 22 100
67 12 31 100
67 27 38 100
68 3 41 100
68 35 33 100
68 5 20 100
69 44 21 100
69 44 22 148
69 37 13 100
69 27 38 100
69 16 38 148
70 6 11 99
70 6 31 100
70 36 3 99
71 27 38 100
71 29 38 150
71 26 31 99
71 18 22 100
71 18 38 100
71 37 7 100
71 20 43 100
72 2 26 99
72 2 46 99
73 46 13 100
73 7 25 99
73 35 47 100
73 2 22 100
74 26 20 100
74 3 42 148
74 35 47 100
75 18 22 100
75 18 31 100
75 12 0 100
76 10 49 100
76 26 18 100
76 18 18 100
76 6 18 100
76 31 18 99
77 8 26 99
77 49 42 99
79 34 21 100
79 34 38 150
79 42 43 99
79 31 22 100
79 7 13 100
79 7 38 148
79 19 46 100
79 6 31 100
80 42 20 100
80 36 22 100
80 18 31 100
81 12 7 99
81 12 33 99
81 39 47 100
82 35 47 100
82 44 42 100
82 2 22 100
82 10 41 100
83 29 35 100
83 7 25 99
83 2 26 99
83 31 47 100
83 42 20 100
84 23 47 100
85 35 47 100
85 20 22 150
85 26 31 99
86 30 20 100
86 30 35 100
86 6 31 100
87 31 22 100
87 9 46 99
87 1 38 150
87 27 38 100
87 2 26 99
88 16 13 100
88 16 43 99
88 21 41 99
88 31 22 100
89 9 33 100
89 34 21 100
90 20 20 100
90 3 31 99
90 36 22 100
91 43 49 100
91 20 25 99
92 41 31 99
92 38 47 150
92 30 35 100
92 6 47 100
93 33 42 150
93 24 11 100
93 8 26 99
93 6 31 100
94 17 48 148
94 37 7 100
94 37 22 150
94 37 48 148
94 18 31 100
94 38 48 100
94 8 33 100
95 38 47 150
95 37 20 100
95 3 21 100
95 23 47 100
96 7 38 148
96 46 38 150
96 18 22 100
96 23 2 99
96 16 2 100
96 41 2 150
97 28 4 150
97 28 7 99
97 38 7 100
97 19 7 100
97 31 4 100
97 31 22 100
97 41 2 150
97 23 2 99
97 21 2 100
97 12 7 99
98 12 31 100
98 41 2 150
98 34 38 150
98 23 47 100
98 37 13 100
98 13 38 100
98 13 43 100
98 48 38 99
99 10 49 100
99 2 22 100
99 35 47 100
100 28 35 100
100 9 46 99
100 41 20 100
101 16 31 100
101 5 33 99
101 4 18 100
101 13 21 99
101 2 22 100
101 2 26 99
101 37 7 100
102 13 25 99
103 10 41 100
103 6 31 100
103 48 38 99
103 16 38 148
103 2 22 100
104 18 31 100
104 21 13 100
105 27 38 100
105 48 4 150
105 48 38 99
105 39 47 100
105 8 26 99
105 18 22 100
105 18 31 100
105 18 38 100
105 18 47 148
106 23 47 100
106 41 20 100
106 35 47 100
106 27 35 100
106 16 43 99
106 45 42 150
106 2 22 100
107 35 33 100
107 43 49 100
108 31 22 100
108 31 47 100
108 38 47 150
110 26 31 99
110 7 13 100
110 31 22 100
110 15 36 100
110 35 3 100
111 14 46 99
111 26 20 100
111 26 31 99
112 19 7 100
112 36 22 100
113 13 21 99
113 13 25 99
114 26 18 100
114 3 18 150
114 2 22 100
114 2 26 99
114 31 18 99
114 27 38 100
115 36 18 100
115 36 22 100
115 48 38 99
115 48 43 100
115 30 18 100
115 12 33 99
115 37 41 99
115 34 18 150
115 34 38 150
116 5 7 148
116 5 20 100
116 5 49 100
116 6 31 100
116 45 13 100
118 49 42 99
118 32 48 99
118 24 48 150
118 31 22 100
118 31 47 100
118 3 31 99
119 39 47 100
119 36 22 100
119 12 33 99
119 7 48 100
120 45 13 100
120 35 47 100
120 31 47 100
120 8 26 99
121 18 22 100
121 18 31 100
121 18 47 148
121 22 35 150
121 28 7 99
121 42 20 100
122 46 38 150
122 41 31 99
122 27 35 100
122 27 38 100
123 6 47 100
123 44 22 148
124 49 42 99
124 20 25 99
124 20 43 100
125 10 49 100
125 36 22 100
125 21 13 100
125 6 31 100
126 38 38 100
126 38 47 150
126 27 38 100
126 23 47 100
126 46 38 150
126 3 31 99
126 35 33 100
127 49 42 99
127 16 31 100
127 18 22 100
127 2 26 99
127 6 11 99
128 41 20 100
128 39 47 100
128 23 47 100
128 3 21 100
129 10 41 100
129 19 7 100
129 19 46 100
129 2 22 100
129 16 31 100
129 30 35 100
130 48 0 100
130 19 7 100
130 2 22 100
131 6 18 100
131 34 18 150
131 3 18 150
131 17 20 100
132 10 42 150
132 42 43 99
132 36 22 100
133 46 13 100
133 42 31 148
133 42 36 100
134 8 26 99
135 34 21 100
135 34 38 150
135 2 22 100
135 19 38 150
135 36 3 99
136 24 48 150
136 16 48 99
136 7 48 100
136 49 42 99
137 45 13 100
137 45 31 150
137 36 22 100
138 31 42 100
138 26 20 100
138 10 41 100
138 7 25 99
139 36 22 100
140 2 22 100
140 2 26 99
140 21 49 100
140 26 31 99
140 35 47 100
140 18 47 148
141 49 42 99
141 37 13 100
141 42 43 99
142 17 20 100
143 18 22 100
143 26 11 100
144 12 7 99
144 12 31 100
144 12 33 99
144 30 35 100
145 21 13 100
145 18 22 100
145 7 25 99
146 20 20 100
147 8 26 99
148 18 22 100
148 18 31 100
149 28 7 99
149 44 22 148
149 44 42 100
149 6 49 100
150 48 43 100
151 24 48 150
151 30 48 148
151 2 22 100
151 2 26 99
151 43 13 100
151 5 33 99
151 10 41 100
152 41 20 100
152 6 11 99
152 7 25 99
153 12 7 99
153 12 31 100
153 31 22 100
154 13 18 100
154 13 21 99
154 44 42 100
154 18 31 100
155 42 18 150
155 42 20 100
155 26 18 100
155 31 18 99
155 35 33 100
156 10 49 100
156 12 31 100
156 45 13 100
156 36 22 100
158 13 38 100
158 38 3 100
158 38 7 100
158 38 38 100
158 37 22 150
158 12 31 100
158 27 38 100
159 20 43 100
159 37 35 99
160 26 27 148
160 4 27 99
160 22 27 100
160 8 33 100
160 3 21 100
161 2 22 100
161 2 26 99
161 18 31 100
162 33 36 100
162 19 7 100
163 34 38 150
163 29 38 150
163 23 47 100
163 20 37 100
163 31 22 100
163 31 47 100
163 12 31 100
163 12 37 100
163 11 37 99
164 41 37 150
164 45 37 100
164 18 37 150
164 14 3 100
164 14 37 100
164 20 25 99
164 20 37 100
165 6 47 100
165 6 49 100
165 21 13 100
165 17 20 100
165 17 46 99
165 12 37 100
165 1 37 100
165 41 37 150
165 31 22 100
165 31 47 100
166 39 47 100
166 18 37 150
166 18 38 100
166 18 47 148
166 14 37 100
166 46 37 100
166 46 38 150
166 40 37 100
166 12 37 100
167 16 43 99
167 14 37 100
167 44 21 100
167 44 22 148
167 1 37 100
167 45 37 100
167 11 37 99
168 37 41 99
168 18 31 100
168 18 37 150
168 18 38 100
168 18 47 148
168 38 38 100
168 38 47 150
169 36 22 100
169 16 13 100
169 19 7 100
169 18 38 100
169 12 33 99
169 2 26 99
170 29 38 150
170 20 7 150
170 20 38 150
170 43 7 150
171 21 44 150
171 8 46 100
171 2 22 100
171 2 44 100
171 19 7 100
171 44 44 100
171 29 44 148
171 6 44 100
172 35 33 100
172 12 31 100
172 5 20 100
173 7 13 100
173 18 18 100
173 18 22 100
173 6 18 100
173 38 18 100
173 39 18 99
174 10 49 100
174 41 31 99
175 44 22 148
175 20 25 99
175 2 26 99
176 9 46 99
176 41 20 100
176 41 31 99
176 7 38 148
176 34 38 150
177 26 31 99
177 2 22 100
177 20 43 100
178 46 38 150
178 21 35 100
178 41 31 99
178 34 38 150
179 31 22 100
179 30 20 100
179 46 13 100
180 18 31 100
180 3 21 100
181 41 31 99
181 12 33 99
181 2 22 100
181 2 26 99
182 3 31 99
182 21 49 100
182 11 7 148
183 29 38 150
183 18 22 100
183 18 31 100
183 18 38 100
183 42 20 100
184 44 21 100
184 16 31 100
184 17 46 99
184 18 22 100
185 3 31 99
185 48 43 100
185 14 7 100
186 32 11 100
186 47 42 150
187 13 21 99
187 18 22 100
187 8 26 99
187 30 20 100
189 18 22 100
189 18 31 100
189 18 38 100
189 29 38 150
189 14 46 99
190 8 13 100
190 37 20 100
190 48 38 99
191 26 31 99
191 18 22 100
191 18 38 100
191 29 38 150
191 42 3 100
191 13 25 99
192 2 26 99
192 10 41 100
192 18 31 100
192 9 33 100
193 20 22 150
193 20 43 100
193 30 18 100
193 17 18 100
194 38 18 100
194 48 16 100
194 16 31 100
194 13 21 99
195 44 42 100
195 4 18 100
195 13 18 100
196 36 18 100
196 36 22 100
196 12 31 100
196 38 18 100
196 41 20 100
197 4 46 100
197 12 7 99
197 12 48 150
197 27 48 100
197 43 49 100
197 24 48 150
197 18 22 100
198 46 37 100
198 20 37 100
198 2 26 99
198 18 37 150
199 26 31 99
199 1 37 100
199 16 13 100
199 5 37 150
199 12 37 100
199 2 22 100
199 45 37 100
199 46 37 100
200 42 20 100
200 5 37 150
200 37 35 99
200 14 37 100
200 3 31 99
200 1 37 100
201 46 37 100
201 46 38 150
201 8 48 148
201 36 22 100
201 12 31 100
201 12 37 100
201 12 48 150
201 38 38 100
201 41 37 150
201 14 37 100
202 31 22 100
202 4 46 100
202 38 38 100
202 6 31 100
202 18 37 150
202 18 38 100
202 13 38 100
202 27 38 100
202 14 37 100
203 16 31 100
203 16 38 148
203 7 38 148
203 14 37 100
204 2 22 100
204 2 26 99
204 42 20 100
204 42 43 99
204 12 37 100
204 49 42 99
204 46 37 100
204 3 21 100
204 40 37 100
205 21 13 100
205 21 35 100
205 37 7 100
206 12 37 100
206 18 22 100
206 43 49 100
206 28 35 100
207 36 7 150
207 16 7 150
207 16 38 148
207 7 38 148
208 13 25 99
208 48 35 148
208 38 3 100
208 38 7 100
208 8 33 100
209 6 31 100
209 9 46 99
209 18 22 100
210 20 20 100
210 20 22 150
210 20 38 150
210 16 38 148
211 37 7 100
211 18 31 100
212 39 18 99
212 17 18 100
212 21 13 100
212 26 18 100
212 18 22 100
212 42 43 99
212 44 42 100
213 46 4 100
213 46 38 150
213 21 35 100
213 13 38 100
213 31 42 100
214 43 26 150
214 43 49 100
214 17 20 100
215 2 22 100
215 46 38 150
215 1 38 150
215 44 21 100
215 12 7 99
216 11 46 100
216 41 31 99
216 7 38 148
216 27 38 100
216 38 38 100
217 31 22 100
218 41 20 100
218 41 22 150
218 30 35 100
218 19 46 100
219 8 13 100
220 13 43 100
220 31 22 100
221 48 38 99
221 38 7 100
221 38 38 100
221 13 38 100
222 2 22 100
223 21 13 100
223 19 38 150
223 48 38 99
224 37 7 100
224 37 20 100
224 49 42 99
224 13 21 99
224 8 26 99
225 2 22 100
225 5 49 100
226 19 38 150
226 48 38 99
227 9 46 99
227 36 22 100
228 41 20 100
228 49 42 99
228 18 22 100
228 42 43 99
228 16 13 100
229 32 11 100
231 37 22 150
231 21 26 148
231 48 38 99
231 19 38 150
231 38 38 100
232 5 33 99
232 44 21 100
232 44 42 100
232 34 38 150
232 7 38 148
234 5 20 100
234 43 13 100
234 32 41 99
235 14 3 100
235 10 49 100
235 31 22 100
235 18 22 100
236 28 7 99
236 2 22 100
237 13 38 100
237 13 43 100
237 19 38 150
238 46 13 100
238 36 22 100
238 2 26 99
240 13 21 99
240 18 22 100
241 47 42 150
242 21 35 100
242 11 20 100
242 11 46 100
242 2 22 100
243 21 49 100
243 5 33 99
244 45 13 100
244 10 4 100
244 36 22 100
244 11 4 100
244 2 26 99
245 27 44 99
245 33 44 100
245 16 44 150
245 18 22 100
245 28 7 99
245 44 44 100
245 29 44 148
246 13 43 100
247 13 38 100
247 41 20 100
247 20 38 150
247 2 22 100
247 2 46 99
248 29 38 150
248 48 38 99
248 34 38 150
249 45 13 100
249 8 26 99
249 8 33 100
250 2 22 100
250 44 21 100
251 37 7 100
251 31 22 100
251 31 42 100
252 31 22 100
252 5 20 100
253 32 11 100
253 20 7 150
253 49 42 99
254 14 43 100
255 5 37 150
255 48 38 99
255 27 38 100
255 1 37 100
256 14 37 100
256 11 37 99
256 44 22 148
256 13 38 100
256 1 37 100
256 18 37 150
256 45 37 100
257 20 20 100
257 20 37 100
257 20 38 150
257 21 13 100
257 21 41 99
257 14 37 100
257 8 26 99
257 27 38 100
257 46 37 100
257 40 37 100
257 11 37 99
257 12 37 100
258 35 3 100
258 18 37 150
258 44 42 100
258 46 37 100
258 5 37 150
259 46 37 100
259 14 37 100
259 20 37 100
259 40 37 100
259 31 22 100
259 31 42 100
260 1 37 100
260 12 37 100
260 21 49 100
261 11 20 100
261 45 13 100
262 2 22 100
262 3 21 100
262 14 7 100
263 18 22 100
263 47 43 100
263 44 42 100
264 20 20 100
264 8 26 99
264 8 33 100
265 2 22 100
265 43 13 100
267 10 49 100
267 16 2 100
267 23 2 99
267 31 22 100
268 17 2 100
268 17 20 100
268 13 38 100
268 48 38 99
268 12 33 99
268 20 38 150
269 21 2 100
269 21 13 100
269 29 2 99
269 8 2 99
269 8 26 99
269 8 46 100
269 31 22 100
269 5 2 99
270 29 2 99
271 18 22 100
272 38 38 100
272 47 43 100
272 2 22 100
272 16 38 148
273 46 13 100
274 2 26 99
274 21 41 99
274 28 9 100
275 17 20 100
275 2 22 100
275 5 33 99
275 46 11 100
276 1 38 150
276 16 38 148
277 36 7 150
277 36 22 100
278 37 20 100
278 19 38 150
278 8 42 150
278 38 38 100
279 37 13 100
279 38 38 100
279 13 21 99
280 37 22 150
280 37 48 148
280 12 33 99
280 12 48 150
280 18 38 100
280 32 48 99
280 34 38 150
281 18 22 100
281 18 38 100
281 16 38 148
281 16 43 99
281 14 7 100
281 48 38 99
282 13 21 99
282 27 35 100
283 18 22 100
283 18 38 100
283 20 38 150
283 2 26 99
284 34 38 150
284 29 38 150
284 20 20 100
285 18 22 100
285 7 13 100
285 28 4 150
285 28 7 99
286 42 11 100
287 35 33 100
287 2 22 100
288 14 3 100
288 21 49 100
289 44 22 148
290 17 46 99
290 38 7 100
291 47 43 100
291 5 20 100
292 8 26 99
294 31 42 100
294 8 33 100
296 37 20 100
296 44 42 100
297 14 7 100
297 14 46 99
297 46 4 100
297 8 26 99
298 5 4 99
299 20 43 100
299 5 33 99
300 16 13 100
302 42 20 100
302 45 7 148
303 8 46 100
304 37 7 100
306 14 7 100
306 20 20 100
307 5 4 99
307 0 43 100
308 12 33 99
309 8 26 99
310 20 20 100
313 35 33 100
314 2 46 99
314 45 7 148
316 0 43 100
316 19 46 100
317 28 26 150
317 5 20 100
318 14 46 99
319 19 7 100
321 26 20 100
321 38 48 100
321 37 48 148
321 16 48 99
323 8 33 100
324 4 4 148
324 17 48 148
324 1 48 150
326 41 20 100
326 13 43 100
327 38 7 100
328 38 7 100
328 8 26 99
329 42 36 100
330 4 46 100
331 12 33 99
332 37 20 100
332 49 42 99
333 31 42 100
334 37 7 100
334 47 43 100
335 21 13 100
335 8 26 99
336 41 2 150
336 36 2 150
336 5 2 99
337 11 20 100
337 5 2 99
337 36 2 150
337 8 2 99
338 6 2 100
338 14 7 100
339 37 7 100
339 5 33 99
340 44 42 100
340 26 20 100
341 38 7 100
342 14 46 99
344 48 43 100
345 20 20 100
346 8 26 99
347 8 46 100
348 42 7 150
348 12 33 99
351 8 26 99
351 5 20 100
352 9 33 100
352 20 43 100
353 31 42 100
353 37 7 100
354 49 42 99
354 41 20 100
356 5 4 99
356 24 4 100
358 14 7 100
359 11 4 100
360 20 43 100
360 8 26 99
360 8 42 150
361 17 20 100
361 27 14 99
362 45 13 100
363 42 15 100
364 14 46 99
364 2 26 99
365 12 7 99
367 31 42 100
368 8 33 100
369 5 20 100
369 13 43 100
369 4 46 100
372 30 20 100
373 22 26 148
373 4 46 100
374 49 42 99
376 4 39 100
376 28 7 99
377 9 33 100
377 42 43 99
378 5 4 99
378 23 4 100
378 38 7 100
379 11 20 100
380 14 7 100
382 2 26 99
383 12 33 99
385 26 20 100
385 16 43 99
385 44 42 100
388 8 26 99
388 5 20 100
389 5 33 99
389 12 7 99
389 42 3 100
393 47 43 100
393 35 33 100
394 20 20 100
395 8 26 99
397 14 7 100
397 35 33 100
398 12 7 99
400 39 15 100
400 5 20 100
400 19 7 100
401 8 46 100
403 5 20 100
403 5 33 99
403 16 43 99
403 2 26 99
404 7 13 100
405 38 7 100
407 37 20 100
407 12 33 99
410 14 43 100
410 2 26 99
411 11 20 100
412 38 7 100
412 9 46 99
414 41 20 100
415 14 7 100
415 12 33 99
417 43 4 100
417 5 4 99
418 48 43 100
419 42 42 148
420 26 20 100
420 8 26 99
423 2 46 99
423 11 20 100
423 37 7 100
425 2 26 99
426 14 7 100
426 14 46 99
426 35 33 100
426 20 20 100
427 8 43 100
428 12 48 150
428 16 48 99
428 30 48 148
430 41 2 150
430 8 2 99
430 29 2 99
430 36 2 150
431 30 20 100
431 23 2 99
431 21 2 100
431 17 2 100
433 28 7 99
433 2 26 99
434 43 13 100
435 8 46 100
435 20 20 100
436 44 42 100
437 8 43 100
437 44 42 100
438 26 20 100
439 8 33 100
441 8 26 99
441 8 46 100
442 41 20 100
443 8 46 100
445 47 43 100
445 26 20 100
445 37 7 100
446 2 26 99
447 11 46 100
449 12 7 99
449 31 42 100
451 31 42 100
451 17 20 100
451 12 7 99
452 8 33 100
453 45 7 148
454 16 43 99
455 17 20 100
456 44 42 100
456 8 26 99
456 8 46 100
458 21 2 100
459 20 20 100
459 5 2 99
459 21 2 100
459 17 2 100
459 29 2 99
460 23 2 99
460 4 46 100
460 41 2 150
460 21 2 100
462 28 4 150
464 12 7 99
464 8 26 99
464 8 43 100
465 9 46 99
466 35 33 100
466 42 20 100
467 31 42 100
468 38 7 100
470 30 20 100
471 42 43 99
471 2 26 99
472 11 46 100
473 5 20 100
475 8 26 99
476 8 46 100
476 38 7 100
477 32 36 99
478 16 13 100
478 26 20 100
479 5 33 99
480 42 3 100
480 42 43 99
481 44 42 100
482 2 26 99
482 41 2 150
482 23 2 99
482 21 2 100
482 29 2 99
482 5 2 99
483 16 2 100
483 28 7 99
483 2 46 99
483 6 2 100
483 23 2 99
485 30 20 100
488 16 2 100
488 21 2 100
488 5 2 99
488 37 7 100
489 29 2 99
489 20 20 100
489 21 2 100
489 16 2 100
489 47 42 150
490 36 2 150
490 20 43 100
490 35 33 100
492 2 26 99
492 37 20 100
494 44 42 100
495 44 42 100
495 38 7 100
496 5 20 100
497 19 46 100
498 44 26 150
498 14 43 100
500 35 33 100
502 11 20 100
504 30 48 148
504 24 48 150
505 8 26 99
505 8 33 100
506 11 20 100
507 0 43 100
508 4 46 100
510 14 7 100
510 8 26 99
511 26 20 100
511 8 46 100
512 19 7 100
512 8 33 100
513 37 7 100
513 11 15 100
516 48 43 100
516 37 20 100
518 8 26 99
518 8 33 100
519 47 16 100
520 21 13 100
520 42 20 100
521 28 7 99
522 30 48 148
522 32 48 99
522 11 48 150
524 31 42 100
524 42 20 100
525 16 43 99
525 12 33 99
526 14 46 99
527 21 2 100
527 21 26 148
527 5 2 99
527 23 2 99
527 6 2 100
527 41 2 150
528 29 2 99
528 7 39 100
528 37 20 100
528 21 2 100
528 16 2 100
529 38 7 100
530 11 46 100
531 26 20 100
531 19 7 100
534 16 43 99
535 44 42 100
535 12 7 99
536 8 26 99
536 5 20 100
537 12 33 99
537 12 48 150
537 8 48 148
539 4 46 100
539 17 20 100
542 30 20 100
542 8 26 99
544 48 43 100
545 42 3 100
545 21 13 100
545 5 33 99
547 4 46 100
547 38 7 100
548 49 42 99
548 37 7 100
549 5 20 100
549 8 26 99
552 5 20 100
552 13 43 100
553 12 7 99
553 47 42 150
555 49 42 99
556 12 33 99
556 11 20 100
557 14 7 100
558 2 26 99
559 12 33 99
560 0 43 100
561 9 46 99
561 38 7 100
561 5 20 100
564 19 7 100
564 12 33 99
565 1 48 150
565 12 48 150
565 17 20 100
565 17 48 148
567 37 7 100
568 41 20 100
569 2 26 99
570 20 43 100
571 12 7 99
572 42 20 100
573 31 42 100
574 35 33 100
574 33 36 100
577 21 26 148
578 21 13 100
578 14 46 99
579 32 25 99
579 8 43 100
579 26 31 99
579 18 22 100
580 1 48 150
580 12 7 99
580 12 48 150
581 23 13 150
581 37 7 100
581 37 20 100
581 5 7 148
581 38 7 100
581 31 22 100
582 3 31 99
583 12 33 99
583 2 22 100
584 17 20 100
584 21 13 100
585 40 22 150
585 2 26 99
585 16 31 100
587 16 31 100
587 2 22 100
588 9 46 99
588 46 13 100
588 5 20 100
588 5 49 100
589 32 25 99
589 36 22 100
589 19 7 100
589 20 43 100
589 2 26 99
590 36 3 99
591 5 33 99
591 3 21 100
591 3 31 99
592 6 31 100
592 42 20 100
593 44 22 148
593 39 18 99
593 26 18 100
593 4 18 100
593 31 18 99
594 31 22 100
594 31 42 100
595 12 31 100
595 29 35 100
595 8 26 99
596 13 21 99
596 19 7 100
596 20 20 100
596 2 22 100
596 2 45 150
596 1 45 100
597 42 43 99
597 1 45 100
597 29 45 100
598 31 42 100
599 32 25 99
599 9 33 100
599 16 13 100
600 36 22 100
600 26 31 99
600 34 21 100
601 16 31 100
602 2 22 100
602 2 26 99
602 31 42 100
603 11 20 100
603 11 46 100
605 41 22 150
605 8 13 100
605 8 43 100
606 9 33 100
607 21 13 100
607 20 25 99
607 8 26 99
607 18 22 100
608 37 7 100
608 42 3 100
608 41 31 99
609 12 31 100
609 39 35 100
609 2 22 100
610 42 31 148
611 5 20 100
611 5 33 99
611 5 49 100
611 31 22 100
611 31 35 100
611 41 31 99
612 2 26 99
612 37 35 99
613 31 35 100
613 6 31 100
613 0 43 100
614 19 7 100
614 18 31 100
615 48 4 150
615 16 13 100
615 2 22 100
616 5 49 100
616 3 21 100
616 2 22 100
617 11 7 148
617 42 3 100
617 42 7 150
617 14 7 100
618 17 20 100
618 26 31 99
618 8 42 150
619 3 18 150
619 3 21 100
619 25 18 100
619 11 46 100
619 39 18 99
620 30 35 100
620 44 22 148
621 5 33 99
621 36 22 100
621 32 25 99
621 2 26 99
622 14 43 100
622 10 49 100
622 6 31 100
623 11 20 100
623 26 31 99
623 2 22 100
625 25 18 100
625 6 18 100
625 6 31 100
625 8 13 100
625 8 26 99
625 2 22 100
625 3 18 150
626 42 20 100
626 13 21 99
626 19 46 100
626 16 31 100
626 31 22 100
628 29 35 100
628 29 44 148
628 2 22 100
628 2 44 100
628 41 31 99
628 41 44 150
628 6 44 100
628 38 44 100
629 30 35 100
629 10 49 100
629 35 33 100
629 8 26 99
630 6 31 100
631 20 43 100
631 31 22 100
631 9 46 99
631 38 3 100
633 3 31 99
633 2 22 100
633 30 20 100
633 37 13 100
633 6 31 100
634 31 22 100
636 2 22 100
636 2 26 99
636 49 42 99
636 26 31 99
637 20 25 99
637 5 49 100
638 34 21 100
638 31 22 100
639 0 43 100
639 21 13 100
639 42 20 100
639 8 26 99
640 31 42 100
640 3 31 99
641 18 22 100
642 37 13 100
642 14 46 99
643 32 25 99
643 42 20 100
643 35 33 100
643 12 7 99
643 2 22 100
644 18 22 100
644 8 26 99
645 7 13 100
645 12 31 100
646 44 21 100
646 5 20 100
647 16 43 99
647 18 22 100
648 12 7 99
648 12 48 150
648 38 48 100
648 37 48 148
649 46 13 100
649 6 31 100
649 49 42 99
650 6 31 100
650 36 22 100
650 30 20 100
651 2 26 99
652 18 22 100
652 18 31 100
652 18 38 100
652 20 38 150
653 49 42 99
653 31 22 100
653 37 13 100
653 13 25 99
654 8 46 100
655 37 20 100
655 44 21 100
655 9 33 100
656 36 22 100
657 48 43 100
658 42 11 100
658 42 20 100
658 22 26 148
658 18 22 100
658 18 31 100
659 18 31 100
659 26 11 100
660 29 38 150
660 19 38 150
660 26 31 99
660 31 22 100
661 18 31 100
661 16 13 100
661 3 21 100
662 36 22 100
662 20 20 100
662 20 25 99
663 41 31 99
663 8 26 99
663 8 33 100
663 2 22 100
663 10 41 100
664 30 35 100
665 27 48 100
665 32 48 99
665 16 48 99
665 18 22 100
666 3 31 99
666 31 42 100
666 13 43 100
666 38 7 100
666 16 13 100
668 40 22 150
668 30 20 100
668 2 46 99
669 18 31 100
669 18 38 100
669 20 38 150
669 49 42 99
669 48 38 99
670 37 22 150
670 37 35 99
670 37 41 99
670 9 33 100
671 32 25 99
672 49 26 150
672 34 38 150
672 37 13 100
672 38 38 100
672 31 22 100
673 19 38 150
673 5 20 100
673 38 38 100
673 48 38 99
674 30 18 100
674 2 22 100
674 37 7 100
674 37 13 100
674 34 18 150
674 31 18 99
674 16 43 99
675 38 18 100
675 30 18 100
675 26 18 100
676 30 18 100
676 34 18 150
676 4 18 100
676 18 22 100
677 8 48 148
677 34 38 150
677 23 48 150
677 32 48 99
677 12 31 100
677 13 38 100
677 42 20 100
678 2 22 100
678 2 26 99
678 37 13 100
678 44 42 100
679 37 35 99
679 16 31 100
680 6 31 100
680 30 20 100
680 36 22 100
681 48 38 99
681 44 21 100
681 34 38 150
681 8 46 100
681 36 22 100
682 13 18 100
682 13 38 100
682 17 18 100
682 34 18 150
682 8 26 99
683 13 25 99
683 2 22 100
684 39 35 100
684 6 31 100
684 37 13 100
684 17 46 99
685 37 7 100
685 37 41 99
685 44 42 100
685 6 31 100
686 5 20 100
686 39 35 100
686 8 9 100
686 8 43 100
686 6 31 100
687 14 46 99
687 40 22 150
688 31 22 100
688 41 31 99
689 36 3 99
689 36 18 100
689 42 11 100
689 42 18 150
689 37 13 100
689 38 18 100
690 18 22 100
690 5 33 99
691 38 18 100
691 17 18 100
691 7 26 148
691 4 18 100
692 3 31 99
692 25 18 100
692 14 43 100
692 2 22 100
693 1 38 150
693 4 4 148
693 18 38 100
693 37 13 100
694 26 20 100
695 2 22 100
696 41 22 150
696 41 31 99
696 10 41 100
697 44 21 100
697 44 42 100
697 45 13 100
697 6 31 100
697 38 3 100
698 1 38 150
698 46 38 150
698 41 31 99
698 35 33 100
699 14 46 99
699 8 26 99
699 37 22 150
699 32 25 99
700 16 31 100
700 16 38 148
700 16 43 99
700 13 38 100
700 17 20 100
700 12 7 99
700 18 38 100
701 20 38 150
701 46 13 100
701 46 38 150
702 6 31 100
702 2 22 100
702 2 26 99
703 44 42 100
703 20 38 150
703 46 38 150
704 19 38 150
704 8 33 100
704 36 22 100
704 7 38 148
704 41 20 100
704 34 21 100
706 31 22 100
706 3 31 99
707 8 7 148
707 31 22 100
707 12 31 100
708 47 16 100
708 20 25 99
708 20 38 150
708 7 13 100
708 7 38 148
709 0 43 100
709 27 38 100
709 46 38 150
709 18 22 100
709 18 31 100
710 2 26 99
710 19 38 150
710 20 38 150
711 20 20 100
711 20 38 150
711 34 21 100
711 34 38 150
711 18 22 100
711 18 31 100
712 43 13 100
713 6 31 100
713 6 35 150
713 48 38 99
713 29 38 150
713 31 22 100
714 35 3 100
715 6 31 100
715 28 35 100
715 49 42 99
715 37 22 150
715 8 26 99
716 20 4 100
716 6 31 100
716 5 4 99
716 49 42 99
717 36 22 100
717 47 43 100
717 46 38 150
717 5 20 100
717 5 33 99
717 7 38 148
718 16 13 100
718 3 41 100
719 31 22 100
719 13 38 100
719 6 31 100
719 14 46 99
719 27 38 100
720 6 31 100
720 30 20 100
720 16 38 148
721 22 26 148
721 18 22 100
721 13 25 99
722 14 7 100
722 9 33 100
722 34 21 100
722 16 31 100
723 11 46 100
723 26 31 99
723 48 38 99
723 31 22 100
723 7 38 148
724 48 35 148
725 46 38 150
725 38 38 100
725 6 31 100
725 13 38 100
725 31 22 100
726 48 38 99
726 48 43 100
726 38 38 100
726 11 20 100
726 31 42 100
726 13 38 100
726 46 13 100
727 8 26 99
728 27 38 100
728 27 48 100
728 23 48 150
728 18 22 100
728 18 38 100
728 13 38 100
729 29 38 150
729 32 48 99
729 16 31 100
729 16 38 148
730 45 13 100
730 6 31 100
730 37 22 150
731 5 20 100
731 18 31 100
732 12 31 100
732 12 33 99
732 34 38 150
732 41 22 150
732 27 38 100
733 26 31 99
733 44 42 100
734 29 38 150
734 26 20 100
734 32 25 99
734 16 13 100
734 16 38 148
734 17 46 99
735 3 21 100
735 3 31 99
735 7 26 148
735 41 22 150
736 19 7 100
736 21 41 99
736 26 31 99
736 20 43 100
737 38 7 100
737 36 22 100
738 3 31 99
739 31 22 100
739 6 31 100
739 44 21 100
740 21 4 150
740 12 33 99
741 2 22 100
742 43 13 100
742 12 31 100
742 13 38 100
742 26 20 100
742 48 38 99
743 8 46 100
743 19 7 100
743 19 38 150
743 7 38 148
743 36 22 100
743 16 38 148
744 2 26 99
744 6 48 150
744 1 48 150
744 3 21 100
745 9 33 100
745 2 22 100
745 6 48 150
745 1 48 150
745 38 48 100
746 6 11 99
746 6 31 100
746 6 48 150
746 37 20 100
746 37 48 148
746 13 25 99
747 12 31 100
747 20 43 100
747 36 22 100
748 48 38 99
748 20 38 150
748 13 21 99
748 44 42 100
749 39 18 99
749 5 18 150
749 13 18 100
749 13 38 100
749 48 38 99
749 47 3 100
749 2 22 100
750 19 38 150
750 31 22 100
751 32 41 99
752 16 7 150
752 36 3 99
752 36 7 150
752 36 22 100
752 9 46 99
752 20 26 150
752 19 7 100
753 42 42 148
753 21 2 100
753 18 31 100
753 36 2 150
753 8 2 99
753 44 21 100
753 5 2 99
754 17 2 100
754 29 2 99
754 26 31 99
754 16 2 100
755 34 18 150
755 26 18 100
755 30 18 100
755 16 2 100
755 16 13 100
755 40 22 150
756 42 20 100
756 42 43 99
756 41 31 99
757 27 35 100
757 6 31 100
757 21 41 99
757 47 3 100
758 44 22 148
758 41 31 99
758 5 33 99
759 11 26 150
759 38 18 100
759 38 47 150
759 36 18 100
759 17 18 100
759 30 18 100
760 10 42 150
760 46 13 100
761 36 22 100
761 7 25 99
761 7 38 148
761 34 38 150
761 37 20 100
762 31 22 100
763 18 31 100
764 16 43 99
764 31 22 100
764 31 42 100
764 42 20 100
764 13 21 99
765 21 2 100
765 21 13 100
765 4 46 100
765 23 2 99
765 36 2 150
765 41 2 150
765 41 31 99
765 28 7 99
765 2 26 99
765 16 2 100
766 11 48 150
766 14 48 150
766 17 2 100
766 38 47 150
766 38 48 100
766 18 22 100
766 18 31 100
766 18 47 148
766 29 2 99
767 34 38 150
767 6 2 100
767 6 31 100
767 39 35 100
767 17 2 100
767 23 2 99
767 5 2 99
767 29 2 99
768 18 22 100
768 18 38 100
768 18 47 148
768 16 2 100
768 11 20 100
768 23 2 99
768 12 33 99
768 29 2 99
769 19 38 150
769 2 22 100
769 29 38 150
770 13 21 99
770 13 38 100
770 27 38 100
770 16 31 100
770 48 38 99
771 12 31 100
771 2 22 100
771 2 26 99
772 46 13 100
772 44 42 100
772 32 41 99
773 13 25 99
773 23 48 150
773 11 48 150
774 31 22 100
774 30 20 100
775 6 47 100
776 41 22 150
776 41 31 99
776 2 26 99
776 39 47 100
776 34 21 100
777 20 20 100
777 20 38 150
777 20 43 100
777 23 47 100
777 29 38 150
777 31 47 100
777 6 31 100
777 6 47 100
777 43 13 100
778 8 46 100
778 12 31 100
778 42 11 100
779 1 35 150
779 41 31 99
779 23 47 100
780 3 31 99
780 3 41 100
780 40 22 150
780 36 3 99
780 35 33 100
780 35 47 100
781 33 44 100
781 9 44 100
781 12 31 100
781 38 44 100
781 38 47 150
782 29 38 150
782 29 44 148
782 14 48 150
782 12 26 148
782 12 31 100
782 12 48 150
782 4 18 100
782 3 44 100
782 13 38 100
782 27 48 100
782 23 47 100
783 44 21 100
783 44 22 148
783 11 20 100
783 12 31 100
783 18 47 148
784 39 47 100
784 14 46 99
785 33 36 100
785 8 13 100
785 18 22 100
785 14 7 100
786 32 25 99
786 36 22 100
786 27 38 100
786 29 38 150
786 39 47 100
786 13 38 100
786 18 47 148
786 31 42 100
787 5 20 100
787 5 33 99
787 27 38 100
787 42 43 99
787 34 38 150
787 38 47 150
788 23 47 100
788 49 42 99
788 16 31 100
788 38 47 150
789 44 22 148
789 34 38 150
789 46 38 150
790 8 26 99
790 34 38 150
790 38 38 100
790 13 38 100
790 3 31 99
791 36 22 100
791 12 31 100
791 12 33 99
791 42 20 100
792 16 13 100
793 34 21 100
793 41 22 150
793 35 47 100
794 8 26 99
794 3 41 100
794 12 0 100
794 26 20 100
794 38 47 150
795 31 22 100
795 47 43 100
795 13 25 99
795 7 13 100
796 7 38 148
797 12 31 100
797 12 33 99
797 41 31 99
797 2 22 100
798 16 31 100
798 16 38 148
798 1 38 150
798 30 20 100
798 38 38 100
799 23 2 99
799 5 2 99
799 29 2 99
799 3 31 99
799 3 42 148
799 8 2 99
799 8 26 99
800 2 22 100
800 13 21 99
800 5 2 99
801 23 2 99
801 44 22 148
801 5 2 99
801 17 2 100
802 8 2 99
802 8 13 100
803 29 38 150
803 13 38 100
803 38 38 100
803 37 20 100
803 8 26 99
803 41 31 99
804 31 18 99
804 31 22 100
804 38 38 100
804 16 31 100
804 16 38 148
805 21 13 100
805 21 41 99
805 31 22 100
805 12 31 100
805 17 46 99
805 8 43 100
806 28 35 100
806 16 31 100
806 18 47 148
806 6 47 100
807 30 20 100
807 16 31 100
807 31 22 100
807 31 42 100
807 28 7 99
808 19 38 150
808 20 38 150
809 42 36 100
809 28 7 99
809 41 22 150
809 7 13 100
809 7 25 99
810 7 38 148
810 9 33 100
810 6 31 100
810 13 21 99
810 13 38 100
810 48 38 99
810 2 26 99
811 2 22 100
812 42 20 100
812 38 47 150
813 48 43 100
813 6 11 99
813 6 47 100
814 3 31 99
814 31 22 100
814 31 42 100
814 31 47 100
814 35 47 100
815 2 22 100
815 37 13 100
816 9 46 99
816 18 31 100
816 18 38 100
816 18 47 148
816 23 47 100
816 16 38 148
817 8 26 99
817 26 20 100
817 26 31 99
817 18 22 100
817 13 21 99
818 32 11 100
818 39 47 100
818 8 33 100
818 19 7 100
818 23 47 100
819 41 31 99
819 31 22 100
819 31 42 100
819 31 47 100
819 39 47 100
820 20 25 99
821 47 3 100
821 47 43 100
821 3 31 99
821 31 22 100
821 2 46 99
822 37 13 100
822 37 20 100
822 16 38 148
822 1 38 150
823 2 22 100
823 2 26 99
823 34 38 150
823 6 47 100
823 46 38 150
823 31 47 100
824 37 35 99
824 31 42 100
825 43 7 150
825 11 7 148
825 26 7 148
825 2 22 100
825 32 41 99
826 37 35 99
827 37 13 100
827 37 20 100
827 37 22 150
827 37 48 148
827 16 31 100
827 16 48 99
827 32 11 100
827 32 48 99
828 29 38 150
828 13 18 100
828 13 21 99
828 13 38 100
828 26 18 100
828 18 18 100
828 8 26 99
828 8 46 100
828 6 18 100
829 31 22 100
829 7 25 99
829 7 38 148
829 46 38 150
830 42 20 100
831 10 42 150
831 14 43 100
831 18 22 100
831 18 31 100
831 34 21 100
832 11 46 100
833 36 22 100
833 39 47 100
833 16 31 100
833 23 47 100
833 2 26 99
834 49 42 99
834 39 47 100
834 6 31 100
834 6 47 100
834 35 47 100
835 12 31 100
835 6 47 100
835 18 22 100
835 18 47 148
835 37 20 100
836 49 42 99
836 26 31 99
836 2 22 100
837 9 41 100
837 34 21 100
838 37 13 100
838 37 48 148
838 23 47 100
838 23 48 150
838 18 22 100
838 18 47 148
839 1 38 150
839 8 2 99
839 8 26 99
839 19 38 150
839 35 47 100
840 5 2 99
840 5 20 100
840 5 33 99
840 23 2 99
840 23 47 100
840 36 2 150
840 36 22 100
840 32 25 99
840 41 2 150
840 8 2 99
841 42 18 150
841 42 43 99
841 16 2 100
841 21 35 100
841 39 18 99
841 38 18 100
842 16 31 100
842 37 7 100
842 44 42 100
842 6 18 100
843 34 21 100
843 6 31 100
843 21 41 99
843 41 22 150
844 27 35 100
844 42 20 100
845 43 13 100
845 16 31 100
845 36 22 100
846 8 26 99
847 20 38 150
847 36 22 100
847 18 38 100
847 18 47 148
847 35 47 100
848 49 42 99
848 44 21 100
849 14 43 100
849 27 38 100
849 5 20 100
849 12 31 100
850 40 22 150
850 20 25 99
851 12 26 148
851 36 3 99
851 27 35 100
852 3 31 99
852 45 13 100
852 21 2 100
852 21 35 100
852 29 2 99
852 16 2 100
853 33 36 100
853 44 22 148
853 19 38 150
853 29 2 99
853 29 35 100
853 29 38 150
853 6 2 100
853 16 2 100
854 23 2 99
854 18 22 100
854 18 31 100
854 21 2 100
854 8 33 100
854 30 20 100
855 42 11 100
855 4 46 100
855 3 31 99
856 12 7 99
856 36 22 100
857 13 18 100
857 31 18 99
857 43 13 100
857 1 48 150
857 23 48 150
857 36 18 100
857 3 18 150
857 7 48 100
858 2 22 100
858 2 26 99
859 26 20 100
859 10 41 100
859 44 21 100
860 31 22 100
860 26 31 99
860 42 43 99
861 3 31 99
861 9 33 100
862 19 7 100
862 25 0 100
862 44 22 148
862 17 20 100
862 21 13 100
862 7 25 99
864 5 37 150
864 20 37 100
864 12 31 100
864 12 37 100
864 31 22 100
865 46 37 100
865 45 37 100
865 19 46 100
865 18 31 100
865 18 37 150
865 12 37 100
865 14 37 100
865 41 37 150
865 5 37 150
866 1 37 100
866 45 37 100
866 14 37 100
866 8 26 99
867 45 37 100
867 5 37 150
867 20 37 100
867 11 37 99
868 20 37 100
868 41 37 150
868 14 37 100
869 46 37 100
