2 0 40 148
2 18 27 100
2 49 7 99
2 49 27 100
3 20 40 99
3 7 27 148
3 6 7 100
3 8 27 150
3 41 7 99
4 21 40 100
4 20 40 99
4 39 7 100
4 18 27 100
5 46 27 100
5 33 27 100
5 33 40 99
5 41 7 99
5 4 27 150
5 31 27 100
6 39 7 100
6 32 40 100
6 24 27 148
6 21 40 100
6 4 7 150
6 4 27 150
7 21 40 100
7 33 27 100
7 49 7 99
7 49 27 100
7 31 27 100
8 32 40 100
8 29 7 99
8 41 7 99
8 14 27 148
8 14 40 100
9 12 40 148
9 8 27 150
9 14 7 100
9 14 27 148
9 45 27 148
9 49 7 99
9 49 27 100
10 17 40 148
10 15 39 100
10 45 27 148
10 31 27 100
11 46 27 100
11 0 40 148
11 39 7 100
11 45 27 148
12 30 40 150
12 14 7 100
12 14 27 148
12 18 27 100
12 7 27 148
12 6 7 100
13 20 40 99
13 32 40 100
13 49 27 100
13 31 27 100
14 22 40 150
14 6 7 100
14 7 27 148
14 45 27 148
15 8 27 150
15 31 27 100
16 14 7 100
16 14 27 148
16 14 40 100
16 29 7 99
16 45 27 148
16 18 27 100
16 6 7 100
17 7 27 148
17 17 40 148
17 29 7 99
17 32 40 100
17 31 27 100
17 41 7 99
18 6 7 100
18 41 7 99
18 49 27 100
18 12 40 148
18 31 27 100
18 7 27 148
19 18 27 100
19 18 39 100
19 36 40 150
19 7 27 148
19 6 7 100
20 32 40 100
20 14 27 148
20 46 27 100
20 49 27 100
21 36 40 150
21 8 27 150
21 7 27 148
21 4 7 150
22 36 40 150
22 45 27 148
22 29 7 99
22 33 27 100
22 14 7 100
23 22 40 150
23 6 7 100
23 33 27 100
23 49 27 100
23 24 27 148
24 44 40 150
24 33 27 100
24 48 7 150
24 4 27 150
25 33 27 100
25 33 40 99
25 37 24 99
25 37 40 100
25 13 7 150
25 45 27 148
26 32 40 100
26 20 40 99
26 39 7 100
26 8 27 150
26 46 27 100
27 45 27 148
27 32 40 100
27 8 27 150
27 31 27 100
27 6 7 100
27 48 7 150
28 26 23 100
28 45 27 148
28 24 27 148
28 20 40 99
29 49 7 99
29 49 27 100
29 4 27 150
29 4 39 99
29 39 7 100
29 17 40 148
29 43 40 99
30 48 7 150
30 18 27 100
30 20 40 99
30 49 27 100
31 36 40 150
31 45 27 148
31 24 27 148
31 8 27 150
32 20 40 99
32 30 40 150
32 41 7 99
32 14 7 100
32 14 27 148
32 46 27 100
33 22 40 150
33 13 7 150
34 4 7 150
34 4 27 150
34 12 40 148
34 29 7 99
34 8 27 150
35 0 40 148
35 45 27 148
35 8 27 150
35 48 7 150
36 39 7 100
36 41 7 99
36 21 40 100
36 46 27 100
36 33 27 100
37 27 39 100
37 22 40 150
37 24 27 148
37 49 7 99
37 49 27 100
37 4 27 150
38 36 40 150
38 18 27 100
38 13 7 150
38 31 27 100
39 7 27 148
39 29 7 99
39 31 27 100
39 20 40 99
39 30 40 150
39 4 27 150
40 6 7 100
40 21 40 100
40 7 27 148
40 18 27 100
40 4 7 150
41 37 40 100
41 13 7 150
41 20 40 99
41 49 27 100
41 24 27 148
42 20 40 99
42 31 27 100
42 41 7 99
42 49 27 100
42 24 27 148
43 8 27 150
43 21 40 100
43 43 40 99
43 31 27 100
43 46 27 100
43 39 7 100
43 41 7 99
44 14 7 100
44 14 27 148
44 14 40 100
44 24 27 148
44 39 7 100
45 33 27 100
45 33 40 99
45 41 7 99
45 43 40 99
45 49 27 100
45 18 27 100
46 17 40 148
46 31 27 100
46 33 27 100
47 44 40 150
47 29 7 99
47 14 7 100
47 14 27 148
47 33 27 100
47 49 27 100
48 4 27 150
48 36 40 150
49 14 7 100
49 14 27 148
49 14 40 100
49 18 27 100
49 33 27 100
49 33 40 99
49 49 27 100
50 33 27 100
50 33 40 99
50 4 7 150
50 4 27 150
51 7 27 148
51 8 27 150
51 41 7 99
51 6 7 100
51 30 40 150
52 46 27 100
52 39 7 100
52 14 27 148
52 14 40 100
53 31 27 100
53 24 27 148
53 45 27 148
53 6 7 100
53 41 7 99
54 0 40 148
54 37 40 100
54 3 23 100
54 49 27 100
54 8 27 150
55 29 7 99
55 44 40 150
55 45 27 148
55 6 7 100
55 14 27 148
56 45 27 148
56 6 7 100
56 33 27 100
56 33 40 99
56 18 27 100
57 29 7 99
57 22 40 150
57 21 40 100
57 39 7 100
57 18 27 100
57 8 27 150
58 32 40 100
58 45 27 148
58 14 7 100
58 14 27 148
59 7 27 148
59 32 40 100
59 43 40 99
59 4 7 150
59 4 27 150
60 30 40 150
60 24 27 148
60 8 27 150
61 13 7 150
61 32 40 100
61 39 7 100
61 45 27 148
61 41 7 99
62 20 40 99
62 49 7 99
62 49 27 100
62 37 40 100
63 32 40 100
63 41 7 99
63 8 27 150
63 4 27 150
63 21 40 100
63 7 27 148
63 49 27 100
64 39 7 100
64 44 40 150
64 45 27 148
64 31 27 100
64 33 27 100
65 41 7 99
65 14 7 100
65 14 27 148
65 14 40 100
65 33 27 100
66 4 7 150
66 4 27 150
66 17 40 148
66 33 27 100
66 24 27 148
67 36 40 150
67 49 27 100
68 24 27 148
68 39 7 100
68 32 40 100
68 43 40 99
68 4 27 150
69 21 40 100
69 48 7 150
69 45 27 148
70 0 40 148
70 45 27 148
70 6 7 100
70 32 40 100
70 29 7 99
70 8 27 150
70 33 27 100
71 4 7 150
71 4 27 150
71 44 40 150
72 30 40 150
72 24 27 148
72 13 7 150
72 31 27 100
72 4 27 150
72 45 27 148
73 18 27 100
73 12 40 148
73 6 7 100
73 41 7 99
73 31 27 100
73 14 27 148
74 2 23 99
74 44 40 150
74 45 27 148
74 24 27 148
75 8 27 150
75 7 27 148
75 13 7 150
75 33 40 99
76 13 7 150
76 22 40 150
76 45 27 148
76 14 27 148
77 32 40 100
77 33 27 100
77 33 40 99
77 6 7 100
77 49 27 100
77 14 27 148
78 43 40 99
78 14 7 100
78 14 27 148
78 14 40 100
78 45 27 148
78 49 7 99
79 39 7 100
79 21 40 100
79 7 27 148
80 17 40 148
80 8 27 150
80 29 7 99
80 18 27 100
80 33 27 100
81 30 40 150
81 24 27 148
81 33 27 100
81 8 27 150
81 6 7 100
82 17 40 148
82 45 27 148
82 13 7 150
82 14 7 100
82 14 27 148
82 6 7 100
83 0 40 148
83 31 27 100
83 45 27 148
84 22 40 150
85 6 7 100
85 30 40 150
85 24 27 148
85 45 27 148
85 32 40 100
86 7 27 148
86 33 27 100
86 33 40 99
86 41 7 99
86 24 27 148
86 8 27 150
87 14 7 100
87 14 27 148
87 14 40 100
87 4 7 150
87 4 27 150
87 21 40 100
88 20 40 99
88 13 7 150
89 33 27 100
89 33 40 99
89 31 27 100
89 43 40 99
89 41 7 99
89 7 27 148
89 18 27 100
89 4 27 150
90 24 27 148
90 20 40 99
90 33 27 100
91 22 40 150
91 29 7 99
91 14 7 100
91 14 27 148
91 24 27 148
92 32 40 100
92 37 40 100
92 39 7 100
92 7 27 148
92 4 7 150
92 4 27 150
93 6 7 100
93 33 27 100
93 33 40 99
93 7 27 148
93 21 40 100
93 4 7 150
93 4 27 150
94 4 7 150
94 4 27 150
94 44 40 150
94 8 27 150
95 14 7 100
95 14 27 148
95 14 40 100
95 24 27 148
96 12 40 148
96 4 7 150
96 4 27 150
96 8 27 150
97 30 40 150
97 31 27 100
97 14 27 148
98 48 7 150
98 18 27 100
98 21 40 100
98 14 27 148
98 14 40 100
99 49 7 99
99 49 27 100
99 21 40 100
99 8 27 150
99 29 7 99
99 18 27 100
100 37 40 100
100 20 40 99
100 49 7 99
100 49 27 100
100 31 27 100
101 22 40 150
101 48 7 150
101 29 7 99
101 29 34 100
101 18 27 100
102 12 40 148
102 45 27 148
102 41 7 99
102 31 27 100
103 17 40 148
103 45 27 148
103 24 27 148
103 39 7 100
103 6 7 100
104 6 7 100
104 43 40 99
104 14 27 148
104 14 40 100
104 8 27 150
105 22 40 150
105 41 7 99
105 6 7 100
105 14 27 148
105 49 27 100
106 29 7 99
106 49 27 100
106 17 40 148
106 4 27 150
106 7 27 148
107 33 27 100
107 33 40 99
107 4 7 150
107 4 27 150
107 39 7 100
107 14 40 100
108 33 27 100
108 33 40 99
108 14 7 100
108 14 27 148
109 24 27 148
109 20 40 99
109 31 27 100
109 43 40 99
109 45 27 148
109 39 7 100
110 8 27 150
110 0 40 148
110 18 27 100
110 48 7 150
110 29 7 99
111 22 40 150
111 29 23 100
111 45 27 148
111 4 27 150
112 43 40 99
112 13 7 150
112 18 27 100
112 49 27 100
113 45 27 148
113 44 40 150
113 48 7 150
113 7 27 148
113 31 27 100
114 39 7 100
114 44 40 150
114 8 27 150
114 31 27 100
115 43 40 99
115 21 40 100
115 41 7 99
115 29 7 99
115 14 27 148
116 0 40 148
116 7 27 148
116 39 7 100
116 8 27 150
116 6 7 100
116 4 27 150
117 22 40 150
117 29 7 99
117 31 27 100
117 24 27 148
118 30 40 150
118 31 27 100
118 48 7 150
118 14 27 148
119 22 40 150
119 41 7 99
119 31 27 100
119 4 27 150
119 24 27 148
119 6 7 100
120 12 40 148
120 18 27 100
120 49 7 99
120 49 27 100
120 31 27 100
121 0 40 148
121 14 7 100
121 14 27 148
121 41 7 99
121 31 27 100
121 18 27 100
122 13 7 150
122 21 40 100
122 30 40 150
122 14 27 148
123 8 27 150
123 41 7 99
123 22 40 150
124 29 7 99
124 18 27 100
124 0 40 148
124 8 27 150
124 7 27 148
125 44 40 150
125 33 27 100
125 48 7 150
125 31 27 100
125 24 27 148
126 36 40 150
126 6 7 100
126 24 27 148
126 33 27 100
126 14 27 148
127 49 7 99
127 49 27 100
127 8 27 150
127 29 7 99
128 14 7 100
128 14 27 148
128 14 40 100
128 31 27 100
129 45 27 148
129 32 40 100
129 14 7 100
129 14 27 148
129 14 40 100
130 17 40 148
130 25 32 100
130 31 27 100
130 49 7 99
130 49 27 100
130 24 27 148
130 14 7 100
131 7 27 148
131 17 40 148
131 13 7 150
132 14 7 100
132 14 27 148
132 14 40 100
132 4 7 150
132 4 27 150
132 4 32 148
132 20 40 99
132 31 27 100
133 17 40 148
133 6 7 100
134 33 27 100
134 33 40 99
134 14 7 100
134 14 27 148
134 24 27 148
134 8 27 150
135 33 27 100
135 33 40 99
135 14 7 100
135 14 27 148
135 14 40 100
135 7 27 148
135 4 6 100
135 4 7 150
136 4 7 150
136 4 27 150
136 37 40 100
136 49 27 100
137 30 40 150
137 8 27 150
137 4 7 150
137 4 27 150
138 7 27 148
138 7 32 148
138 45 27 148
138 33 40 99
138 43 40 99
139 41 7 99
139 44 40 150
140 31 27 100
140 21 32 100
140 21 40 100
140 37 40 100
140 39 7 100
141 14 7 100
141 14 27 148
141 14 40 100
141 9 9 100
141 48 7 150
141 31 27 100
142 49 7 99
142 49 27 100
142 37 40 100
142 39 7 100
142 8 27 150
142 14 27 148
142 14 40 100
142 16 6 100
142 45 27 148
143 31 27 100
143 17 40 148
143 29 7 99
143 33 27 100
144 17 40 148
144 4 7 150
144 4 27 150
144 33 27 100
144 45 27 148
145 30 40 150
145 7 27 148
145 8 27 150
145 29 7 99
145 49 7 99
146 17 40 148
146 4 7 150
146 4 27 150
146 21 32 100
146 49 27 100
147 37 40 100
147 48 7 150
147 31 27 100
147 20 40 99
147 24 27 148
147 45 27 148
148 4 7 150
148 4 27 150
148 33 27 100
148 33 40 99
149 6 7 100
149 32 32 150
149 32 40 100
149 14 7 100
149 14 27 148
149 14 40 100
149 18 27 100
150 49 7 99
150 49 27 100
150 4 27 150
150 33 27 100
150 33 40 99
150 0 49 99
151 45 27 148
151 20 40 99
151 41 7 99
151 49 7 99
151 49 27 100
152 22 40 150
152 41 7 99
152 21 40 100
152 18 27 100
153 3 6 99
153 17 40 148
153 18 27 100
154 49 7 99
154 49 27 100
154 22 40 150
154 45 27 148
154 29 7 99
154 18 27 100
154 4 7 150
154 4 27 150
155 21 40 100
155 24 27 148
155 37 40 100
155 13 7 150
156 37 40 100
156 18 27 100
156 13 7 150
156 48 32 100
157 13 23 100
157 21 40 100
157 7 27 148
157 24 27 148
157 18 27 100
157 8 27 150
157 31 27 100
157 33 27 100
157 33 40 99
158 22 40 150
158 9 9 100
158 41 7 99
159 41 7 99
159 7 27 148
159 37 40 100
159 33 27 100
159 33 32 100
159 18 27 100
159 13 7 150
160 14 7 100
160 14 27 148
160 14 40 100
160 0 40 148
160 4 27 150
160 24 27 148
161 18 27 100
161 49 7 99
161 49 27 100
161 21 40 100
161 24 27 148
161 14 7 100
161 14 27 148
162 49 7 99
162 33 34 100
162 33 40 99
162 32 40 100
163 33 27 100
163 33 32 100
163 33 40 99
163 29 7 99
164 22 40 150
164 13 7 150
164 14 7 100
164 14 27 148
164 8 27 150
164 4 27 150
165 41 7 99
165 30 40 150
165 21 32 100
165 24 27 148
165 39 7 100
165 8 27 150
165 16 6 100
166 29 7 99
166 2 49 99
166 31 27 100
166 43 40 99
166 21 40 100
166 49 27 100
167 20 40 99
167 45 27 148
167 29 7 99
167 43 40 99
167 41 7 99
168 22 40 150
168 31 27 100
168 8 27 150
168 7 27 148
168 45 27 148
168 39 7 100
169 39 48 100
169 24 27 148
169 4 27 150
170 43 40 99
170 24 27 148
170 31 27 100
170 48 7 150
171 32 40 100
171 48 7 150
171 18 27 100
171 21 40 100
172 21 40 100
172 31 27 100
172 8 27 150
172 41 7 99
172 6 7 100
172 18 27 100
172 45 27 148
173 8 27 150
173 32 40 100
173 45 27 148
173 48 7 150
173 14 40 100
174 49 7 99
174 49 27 100
174 29 7 99
174 18 27 100
174 33 27 100
174 33 40 99
174 3 6 99
175 37 40 100
175 13 7 150
175 14 27 148
175 14 40 100
175 4 27 150
176 7 27 148
176 33 27 100
176 33 40 99
176 37 40 100
176 4 7 150
177 33 27 100
177 33 40 99
177 7 27 148
177 30 49 99
177 4 7 150
177 4 27 150
178 22 40 150
178 48 7 150
178 16 6 100
178 9 9 100
179 13 7 150
179 12 40 148
179 7 27 148
180 33 27 100
180 33 32 100
180 33 40 99
180 45 27 148
180 21 40 100
180 14 27 148
180 4 27 150
180 31 27 100
181 20 40 99
181 24 27 148
181 24 32 100
181 18 27 100
181 7 27 148
182 21 40 100
182 48 7 150
182 49 7 99
182 49 27 100
182 32 40 100
182 8 27 150
182 14 7 100
183 20 40 99
183 31 27 100
183 43 32 150
183 43 40 99
183 29 7 99
183 14 27 148
184 13 7 150
184 33 27 100
184 33 40 99
184 18 27 100
185 12 40 148
185 36 23 100
185 18 27 100
185 4 27 150
185 8 27 150
186 24 27 148
186 24 32 100
186 12 40 148
186 49 27 100
186 18 27 100
187 41 7 99
187 14 7 100
187 14 27 148
187 14 40 100
187 33 27 100
187 33 32 100
187 33 40 99
188 43 40 99
188 6 7 100
188 4 27 150
188 14 27 148
189 44 40 150
189 49 7 99
189 49 27 100
189 7 27 148
189 39 7 100
190 37 40 100
190 21 40 100
190 6 7 100
190 0 49 99
190 49 27 100
190 4 27 150
191 7 27 148
191 12 40 148
191 41 7 99
191 39 7 100
191 4 27 150
191 33 27 100
192 30 40 150
192 7 27 148
192 47 9 100
192 41 7 99
192 24 27 148
193 39 7 100
193 14 7 100
193 14 27 148
193 14 40 100
193 37 40 100
193 33 27 100
193 18 27 100
194 4 7 150
194 4 27 150
194 0 40 148
195 8 27 150
195 13 7 150
195 17 40 148
195 49 27 100
196 33 27 100
196 33 32 100
196 33 40 99
196 18 27 100
196 16 6 100
196 7 27 148
196 29 7 99
196 31 27 100
196 49 7 99
197 43 40 99
197 4 7 150
197 4 27 150
197 31 27 100
197 37 40 100
198 18 27 100
198 29 7 99
198 0 40 148
198 9 9 100
198 49 27 100
199 44 40 150
199 31 27 100
199 24 27 148
199 24 32 100
199 8 27 150
200 8 27 150
200 45 27 148
200 0 40 148
201 13 23 100
201 49 27 100
201 18 27 100
201 14 27 148
202 43 40 99
202 13 7 150
202 6 7 100
202 47 9 100
202 21 40 100
203 37 40 100
203 45 27 148
203 31 27 100
203 13 7 150
204 37 40 100
204 45 27 148
204 32 40 100
204 29 7 99
204 14 27 148
205 44 40 150
205 13 7 150
205 45 27 148
205 7 27 148
205 3 6 99
206 14 7 100
206 14 27 148
206 14 40 100
206 31 27 100
206 32 40 100
206 4 27 150
206 33 27 100
206 0 49 99
207 43 40 99
207 45 27 148
207 13 7 150
207 8 27 150
207 31 27 100
207 29 7 99
208 30 40 150
208 39 7 100
208 45 27 148
209 20 40 99
209 8 27 150
209 49 7 99
209 49 27 100
209 4 27 150
209 6 7 100
209 48 32 100
210 22 40 150
210 16 6 100
210 7 27 148
210 8 27 150
210 21 40 100
210 48 7 150
211 31 27 100
211 41 7 99
211 17 40 148
211 6 7 100
211 7 27 148
212 18 27 100
212 44 40 150
212 25 9 150
212 14 7 100
212 14 27 148
212 45 27 148
213 13 7 150
213 36 40 150
213 25 32 100
213 31 27 100
213 4 27 150
214 8 27 150
214 18 27 100
214 29 7 99
215 0 40 148
215 33 27 100
215 49 7 99
215 49 27 100
215 31 27 100
215 39 7 100
216 18 27 100
216 37 40 100
216 48 7 150
216 32 40 100
216 7 27 148
217 20 40 99
217 8 27 150
217 24 27 148
217 6 7 100
217 39 7 100
218 39 7 100
218 33 27 100
218 33 32 100
218 33 40 99
218 45 27 148
218 18 27 100
218 37 40 100
219 29 7 99
219 17 40 148
219 48 7 150
219 48 32 100
220 22 40 150
220 33 27 100
220 41 7 99
220 14 27 148
221 30 40 150
221 33 27 100
221 41 7 99
221 39 7 100
221 14 27 148
221 49 27 100
222 30 40 150
222 29 7 99
222 48 15 100
222 7 15 150
222 7 27 148
222 16 6 100
222 49 27 100
223 22 40 150
223 38 15 100
223 36 15 150
223 9 32 150
223 7 27 148
223 27 15 100
223 41 7 99
223 14 7 100
223 14 27 148
223 45 27 148
223 31 27 100
223 4 27 150
224 8 27 150
224 48 7 150
224 45 27 148
224 32 40 100
224 33 40 99
225 36 40 150
225 29 7 99
225 45 27 148
225 18 27 100
225 14 7 100
226 43 40 99
226 6 7 100
226 31 27 100
226 4 27 150
226 38 15 100
226 36 15 150
227 7 15 150
227 7 27 148
227 41 7 99
227 41 15 100
227 45 27 148
227 27 15 100
227 36 40 150
227 49 7 99
227 49 27 100
227 48 32 100
228 14 7 100
228 14 27 148
228 14 40 100
228 21 40 100
229 7 15 150
229 7 27 148
229 49 7 99
229 49 27 100
229 45 27 148
229 40 15 100
229 36 40 150
229 30 49 99
229 13 15 100
229 29 7 99
230 32 40 100
230 8 15 150
230 8 27 150
230 15 15 150
230 4 7 150
230 4 27 150
230 9 9 100
231 15 15 150
231 21 32 100
231 21 40 100
231 35 15 100
231 37 40 100
231 17 15 100
231 24 27 148
231 13 7 150
231 49 27 100
232 14 7 100
232 14 27 148
232 14 40 100
232 18 27 100
233 0 40 148
233 7 27 148
233 32 40 100
233 33 27 100
233 39 7 100
233 31 27 100
233 29 7 99
234 30 40 150
234 18 27 100
234 39 7 100
234 33 27 100
234 33 32 100
234 31 27 100
235 24 27 148
235 24 32 100
235 43 40 99
235 6 7 100
235 29 7 99
235 49 27 100
235 9 15 148
235 40 15 100
235 33 27 100
235 16 6 100
236 49 7 99
236 49 27 100
236 24 27 148
236 44 40 150
236 35 15 100
236 33 15 148
236 29 7 99
237 21 40 100
237 45 27 148
237 32 40 100
237 24 27 148
237 27 15 100
237 6 7 100
237 12 15 148
237 38 15 100
237 41 15 100
238 8 15 150
238 8 27 150
238 22 40 150
238 33 15 148
238 33 27 100
239 33 15 148
239 33 27 100
239 33 40 99
239 18 27 100
239 48 7 150
239 48 15 100
240 32 40 100
240 14 7 100
240 14 15 150
240 14 27 148
240 14 40 100
240 18 27 100
240 7 15 150
240 7 27 148
240 35 15 100
241 31 27 100
241 38 15 100
241 20 40 99
241 29 7 99
241 7 15 150
241 7 27 148
241 16 6 100
241 32 40 100
242 37 40 100
242 17 15 100
242 48 7 150
242 48 15 100
242 48 32 100
242 14 7 100
242 14 15 150
242 14 27 148
242 29 7 99
243 39 7 100
243 43 40 99
243 48 32 100
243 21 40 100
243 45 27 148
244 39 7 100
244 20 40 99
244 12 15 148
244 13 15 100
244 48 15 100
244 29 7 99
245 41 7 99
245 41 15 100
245 13 15 100
245 17 15 100
245 17 40 148
245 24 27 148
245 45 27 148
245 31 27 100
245 18 27 100
246 4 7 150
246 4 27 150
246 36 15 150
246 36 40 150
246 14 15 150
246 14 27 148
246 14 40 100
246 18 27 100
246 31 27 100
246 8 27 150
246 45 27 148
247 41 15 100
247 35 15 100
247 30 40 150
247 13 15 100
247 13 32 148
247 18 27 100
247 45 27 148
247 47 9 100
248 7 15 150
248 7 27 148
248 20 40 99
248 27 15 100
248 29 23 100
248 49 27 100
248 48 15 100
249 33 15 148
249 33 27 100
249 33 32 100
249 33 40 99
249 38 15 100
249 14 7 100
249 14 27 148
249 14 40 100
249 49 7 99
249 49 27 100
250 8 15 150
250 8 27 150
250 36 15 150
250 6 7 100
250 9 9 100
250 14 27 148
251 24 27 148
251 24 32 100
251 14 7 100
251 14 27 148
251 14 40 100
251 6 7 100
252 3 6 99
252 35 15 100
252 43 40 99
252 39 7 100
252 49 7 99
252 49 27 100
252 48 15 100
252 27 15 100
252 38 15 100
252 7 27 148
253 7 15 150
253 7 27 148
253 0 40 148
253 31 27 100
253 18 27 100
253 20 40 99
253 48 7 150
253 48 15 100
254 13 7 150
254 13 15 100
254 17 15 100
254 17 40 148
254 40 15 100
254 18 27 100
254 14 27 148
254 49 27 100
255 4 7 150
255 4 27 150
255 13 15 100
255 44 40 150
255 33 15 148
255 33 27 100
255 36 15 150
256 33 15 148
256 33 27 100
256 33 40 99
256 8 15 150
256 8 27 150
256 9 9 100
256 6 7 100
256 20 40 99
257 12 40 148
257 49 7 99
257 49 27 100
257 5 49 100
258 49 7 99
258 49 27 100
258 45 27 148
258 35 15 100
258 20 40 99
258 7 15 150
258 7 27 148
258 4 7 150
258 4 27 150
259 33 15 148
259 33 27 100
259 33 32 100
259 33 40 99
259 40 15 100
259 6 7 100
259 49 7 99
259 49 27 100
259 41 15 100
260 29 7 99
260 17 15 100
260 17 40 148
260 43 40 99
260 31 27 100
260 48 15 100
260 45 27 148
260 13 15 100
261 29 7 99
261 9 15 148
261 14 7 100
261 14 15 150
261 14 27 148
261 14 40 100
261 18 27 100
261 21 40 100
261 45 27 148
262 45 27 148
262 7 15 150
262 7 27 148
262 12 15 148
262 29 7 99
262 38 15 100
263 44 40 150
263 41 7 99
263 41 15 100
263 15 15 150
263 6 7 100
264 20 40 99
264 40 15 100
264 14 7 100
264 14 15 150
264 14 27 148
264 35 15 100
264 18 27 100
264 7 27 148
265 30 40 150
265 34 37 100
265 41 7 99
265 41 15 100
265 18 27 100
265 38 15 100
265 24 27 148
265 48 15 100
265 14 7 100
265 14 27 148
266 21 40 100
266 1 37 100
266 13 7 150
266 33 27 100
266 33 40 99
266 18 27 100
267 6 7 100
267 11 37 100
267 12 40 148
267 24 27 148
267 7 27 148
267 18 27 100
268 29 7 99
268 20 40 99
268 40 15 100
268 5 37 100
268 27 15 100
268 33 15 148
268 33 27 100
268 33 40 99
268 4 27 150
268 18 27 100
269 43 40 99
269 33 27 100
269 9 37 100
269 41 7 99
269 18 27 100
270 38 15 100
270 38 37 100
270 8 15 150
270 8 27 150
270 48 7 150
270 36 40 150
270 49 27 100
270 24 27 148
271 27 15 100
271 49 7 99
271 22 40 150
271 24 37 150
271 40 15 100
271 9 15 148
272 40 15 100
272 45 27 148
272 23 37 100
272 43 40 99
272 36 15 150
272 27 15 100
272 4 7 150
272 4 27 150
272 33 40 99
272 49 7 99
273 22 40 150
273 31 27 100
273 48 7 150
273 25 37 99
273 8 27 150
274 41 7 99
274 20 40 99
274 38 37 100
274 33 27 100
274 4 27 150
274 24 27 148
275 27 15 100
275 48 7 150
275 48 15 100
275 22 40 150
275 9 37 100
275 38 15 100
275 18 27 100
275 49 7 99
275 49 27 100
276 4 7 150
276 4 27 150
276 13 15 100
276 18 27 100
276 24 27 148
276 5 37 100
276 8 15 150
276 30 40 150
276 14 40 100
277 48 7 150
277 48 15 100
277 1 37 100
277 15 15 150
277 7 15 150
277 7 27 148
277 18 27 100
277 43 40 99
278 5 37 100
278 41 7 99
278 41 15 100
278 31 27 100
278 14 15 150
278 14 27 148
278 14 40 100
278 49 27 100
279 12 15 148
279 12 40 148
279 42 37 100
279 8 15 150
279 8 27 150
279 18 27 100
279 37 40 100
280 18 27 100
280 32 40 100
280 36 15 150
280 12 15 148
280 6 7 100
280 25 37 99
280 35 15 100
280 45 27 148
280 14 7 100
281 15 15 150
281 15 37 150
281 39 7 100
281 0 40 148
281 8 15 150
281 8 27 150
281 13 7 150
281 49 27 100
282 15 15 150
282 20 40 99
282 48 7 150
282 48 15 100
282 1 37 100
282 43 40 99
282 24 27 148
283 4 27 150
283 4 37 148
283 18 27 100
283 17 15 100
283 17 40 148
283 9 15 148
283 41 15 100
283 49 27 100
283 24 27 148
284 7 15 150
284 7 27 148
284 40 15 100
284 30 40 150
284 11 37 100
284 45 27 148
284 39 7 100
284 13 7 150
284 13 15 100
285 40 15 100
285 12 15 148
285 12 40 148
285 24 27 148
285 45 27 148
285 5 37 100
285 41 7 99
286 15 15 150
286 8 15 150
286 8 27 150
286 32 40 100
286 42 37 100
286 33 27 100
286 33 40 99
286 49 7 99
286 49 27 100
286 17 15 100
287 40 15 100
287 40 23 99
287 37 40 100
287 4 27 150
287 23 37 100
287 14 7 100
287 14 15 150
287 14 27 148
288 29 7 99
288 37 40 100
288 11 37 100
288 20 40 99
288 8 27 150
288 24 27 148
289 48 7 150
290 31 27 100
290 29 7 99
290 14 7 100
290 14 15 150
290 14 27 148
290 36 15 150
291 27 15 100
291 30 40 150
291 13 7 150
291 13 15 100
291 24 27 148
291 36 15 150
291 31 27 100
292 43 40 99
292 15 15 150
292 7 15 150
292 7 27 148
292 27 15 100
292 36 15 150
292 31 27 100
292 24 27 148
292 13 7 150
292 13 15 100
292 20 40 99
293 32 40 100
293 41 7 99
293 41 15 100
293 13 15 100
293 33 15 148
293 33 27 100
293 24 27 148
294 46 19 150
294 17 15 100
294 17 40 148
294 45 27 148
294 12 15 148
294 23 19 99
294 14 7 100
294 14 15 150
294 14 19 100
294 14 27 148
294 15 19 100
294 27 15 100
295 31 27 100
295 13 7 150
295 4 7 150
295 4 27 150
295 5 19 99
295 7 19 100
295 0 40 148
296 33 27 100
296 24 27 148
296 13 7 150
296 37 19 148
296 18 27 100
297 29 7 99
297 29 19 148
297 38 15 100
297 38 19 99
297 49 27 100
297 49 48 100
297 24 27 148
297 36 15 150
297 23 19 99
297 12 15 148
297 5 19 99
297 7 19 100
298 5 19 99
298 31 27 100
298 6 7 100
298 14 7 100
298 14 19 100
298 14 27 148
299 43 40 99
299 18 27 100
299 45 27 148
299 37 19 148
299 37 40 100
299 14 7 100
299 14 19 100
299 14 27 148
300 29 19 148
300 36 15 150
300 36 40 150
300 35 15 100
300 7 15 150
300 7 19 100
300 7 27 148
300 4 27 150
301 13 7 150
301 13 15 100
301 36 15 150
301 36 40 150
301 35 15 100
301 31 27 100
301 38 15 100
301 14 27 148
302 18 27 100
302 43 40 99
302 31 27 100
302 20 40 99
302 15 19 100
302 14 7 100
302 14 19 100
302 14 27 148
302 41 7 99
303 6 7 100
303 31 27 100
303 37 19 148
303 18 27 100
303 38 19 99
303 39 7 100
304 48 7 150
304 29 19 148
304 4 27 150
304 7 19 100
304 7 27 148
304 37 19 148
304 47 20 100
304 8 41 99
305 27 15 100
305 14 7 100
305 14 15 150
305 14 19 100
305 14 27 148
305 14 40 100
305 40 15 100
305 31 27 100
305 49 27 100
305 13 15 100
306 17 40 148
306 11 0 100
306 49 7 99
306 49 27 100
306 8 27 150
307 27 15 100
307 32 40 100
307 20 40 99
307 14 7 100
307 14 15 150
307 14 27 148
307 17 15 100
307 7 27 148
307 49 7 99
307 5 19 99
308 31 27 100
308 37 40 100
308 17 15 100
308 24 27 148
308 14 7 100
308 14 15 150
308 12 15 148
308 29 7 99
309 48 15 100
309 41 15 100
309 15 15 150
309 4 27 150
309 30 40 150
309 38 15 100
310 7 19 100
310 7 27 148
310 8 27 150
310 22 40 150
310 31 27 100
310 13 7 150
310 24 27 148
310 23 19 99
311 18 27 100
311 48 7 150
311 37 19 148
311 29 19 148
311 45 27 148
311 38 19 99
312 37 19 148
312 37 40 100
312 32 40 100
312 39 7 100
312 8 34 99
312 49 7 99
313 44 40 150
313 45 27 148
313 31 27 100
313 46 19 150
313 46 24 99
313 5 19 99
313 21 19 150
313 41 7 99
313 23 19 99
314 29 7 99
314 29 19 148
314 5 19 99
314 18 27 100
314 39 7 100
314 8 27 150
314 43 40 99
314 49 27 100
315 17 15 100
315 17 40 148
315 41 15 100
315 32 40 100
315 18 27 100
315 31 27 100
315 21 19 150
315 33 15 148
315 33 27 100
315 38 15 100
315 38 19 99
316 46 19 150
316 33 27 100
316 33 40 99
316 38 19 99
316 31 27 100
316 39 7 100
316 14 27 148
317 32 40 100
317 48 7 150
317 49 27 100
317 37 40 100
317 45 27 148
318 32 40 100
318 41 7 99
318 8 27 150
318 29 7 99
318 4 27 150
319 32 40 100
319 43 40 99
319 33 27 100
319 38 19 99
319 8 27 150
319 13 7 150
320 20 40 99
320 4 7 150
320 4 27 150
320 48 15 100
320 36 15 150
320 41 15 100
320 5 19 99
320 21 19 150
320 13 15 100
321 15 15 150
321 15 19 100
321 14 7 100
321 14 15 150
321 14 19 100
321 14 27 148
321 14 40 100
321 12 40 148
321 49 7 99
321 49 27 100
321 8 27 150
321 33 27 100
321 27 15 100
322 6 7 100
322 37 19 148
322 37 40 100
322 35 15 100
322 13 15 100
322 38 15 100
322 38 19 99
322 46 19 150
322 31 27 100
322 49 27 100
322 29 19 148
323 41 7 99
323 41 15 100
323 37 40 100
323 31 27 100
323 32 40 100
323 14 7 100
323 14 15 150
323 14 27 148
323 18 27 100
323 48 15 100
323 9 15 148
324 49 7 99
324 49 27 100
324 37 24 99
324 37 40 100
324 4 27 150
324 8 15 150
324 27 15 100
324 33 15 148
324 33 27 100
325 43 40 99
325 14 7 100
325 14 15 150
325 14 40 100
325 8 15 150
325 35 15 100
325 17 15 100
326 18 27 100
326 29 7 99
326 21 40 100
326 39 7 100
326 26 41 99
326 45 27 148
327 17 15 100
327 17 40 148
327 40 15 100
327 35 15 100
327 18 27 100
327 45 27 148
327 4 7 150
327 31 27 100
327 6 7 100
327 13 15 100
328 11 24 100
328 48 7 150
328 37 40 100
328 24 27 148
328 45 27 148
328 20 40 99
329 33 27 100
329 31 27 100
329 43 23 100
330 25 20 100
330 6 7 100
330 31 27 100
330 37 40 100
330 45 27 148
330 32 40 100
331 6 7 100
331 2 0 99
331 36 40 150
331 49 7 99
331 49 27 100
331 7 27 148
331 24 27 148
332 48 7 150
332 48 15 100
332 22 40 150
332 12 15 148
332 24 27 148
332 4 27 150
332 8 15 150
333 18 27 100
333 33 27 100
333 29 7 99
334 35 15 100
334 30 40 150
334 14 15 150
334 14 27 148
334 38 15 100
334 17 15 100
334 31 27 100
335 21 19 150
335 21 40 100
335 38 15 100
335 38 19 99
335 38 34 99
335 24 27 148
335 39 7 100
335 14 7 100
335 14 15 150
335 14 19 100
335 23 19 99
335 27 15 100
336 44 40 150
336 42 0 100
336 4 7 150
336 4 27 150
336 7 27 148
337 4 7 150
337 4 27 150
337 9 15 148
337 13 15 100
337 7 15 150
337 7 27 148
337 48 15 100
337 17 40 148
338 33 15 148
338 33 27 100
338 33 40 99
338 20 40 99
338 36 15 150
338 45 27 148
338 38 15 100
338 38 19 99
338 14 7 100
338 14 19 100
338 37 19 148
339 22 40 150
339 23 19 99
339 5 19 99
339 49 7 99
339 49 27 100
339 39 7 100
339 18 27 100
339 24 27 148
340 40 15 100
340 48 15 100
340 20 40 99
340 4 27 150
340 45 27 148
340 21 40 100
340 13 15 100
340 9 15 148
341 22 4 99
341 22 40 150
341 49 7 99
341 49 27 100
341 45 27 148
341 29 7 99
342 43 40 99
342 40 15 100
342 4 7 150
342 4 27 150
342 41 15 100
342 7 15 150
342 7 27 148
343 21 40 100
343 0 0 100
343 49 7 99
343 49 27 100
343 27 15 100
343 45 27 148
343 35 15 100
343 32 40 100
344 3 0 100
344 3 23 100
344 0 40 148
344 11 24 100
344 33 15 148
344 33 27 100
344 49 27 100
344 17 15 100
344 24 27 148
345 7 27 148
345 4 7 150
345 4 27 150
346 17 40 148
346 29 7 99
346 7 27 148
346 13 7 150
346 18 27 100
347 24 27 148
347 39 7 100
347 9 15 148
347 18 27 100
347 0 40 148
347 31 27 100
347 33 15 148
347 8 15 150
348 47 37 100
348 46 37 150
348 37 19 148
348 18 27 100
348 40 48 99
348 24 27 148
348 48 7 150
348 14 19 100
349 32 0 100
349 32 41 150
349 24 27 148
349 24 41 150
349 21 19 150
349 23 19 99
349 23 41 148
349 27 15 100
349 27 41 150
349 33 15 148
349 33 27 100
349 36 15 150
349 36 41 100
349 39 7 100
349 14 7 100
350 6 7 100
350 24 27 148
350 45 27 148
350 49 27 100
350 5 19 99
351 40 4 100
351 40 41 99
351 4 7 150
351 4 27 150
351 21 19 150
351 38 19 99
351 36 41 100
351 33 27 100
351 5 19 99
351 3 41 148
352 3 41 148
352 38 15 100
352 38 19 99
352 6 7 100
352 6 41 150
352 5 19 99
352 4 27 150
352 8 15 150
352 8 27 150
352 15 15 150
352 15 19 100
353 47 41 150
353 7 19 100
353 7 27 148
353 36 40 150
353 36 41 100
353 40 41 99
353 8 27 150
353 8 41 99
353 35 41 150
353 41 7 99
353 23 19 99
353 38 19 99
354 37 40 100
354 6 7 100
354 9 20 100
354 20 40 99
354 4 27 150
354 8 27 150
355 27 39 100
355 27 41 150
355 44 40 150
355 44 41 100
355 33 27 100
355 29 7 99
355 32 41 150
355 6 7 100
355 6 41 150
355 36 41 100
355 4 27 150
356 40 41 99
356 37 19 148
356 37 40 100
356 44 41 100
356 45 27 148
356 36 41 100
356 4 7 150
356 4 27 150
356 31 41 99
356 6 41 150
356 29 19 148
357 14 7 100
357 14 15 150
357 14 19 100
357 14 27 148
357 14 40 100
357 14 41 148
357 48 15 100
357 32 40 100
357 32 41 150
357 18 27 100
357 8 15 150
357 8 41 99
357 39 7 100
357 6 41 150
357 49 27 100
358 13 7 150
358 13 15 100
358 29 19 148
358 18 27 100
358 15 15 150
358 15 41 148
358 14 15 150
358 14 27 148
358 14 41 148
358 41 15 100
358 26 41 99
359 41 7 99
359 41 15 100
359 23 41 148
359 15 15 150
359 15 41 148
359 17 15 100
359 17 40 148
359 36 41 100
359 6 41 150
359 45 27 148
359 40 41 99
360 4 7 150
360 4 27 150
360 44 41 100
360 31 27 100
360 31 41 99
360 27 41 150
360 49 27 100
361 27 0 99
361 27 15 100
361 27 39 100
361 18 27 100
361 37 40 100
361 36 15 150
361 15 15 150
361 45 27 148
361 7 27 148
362 26 41 99
362 30 40 150
362 6 7 100
362 6 41 150
362 31 27 100
362 31 41 99
362 39 7 100
362 47 41 150
362 43 40 99
362 40 15 100
362 40 41 99
362 4 7 150
362 4 27 150
362 18 27 100
363 49 27 100
363 40 15 100
363 40 41 99
363 18 27 100
363 12 15 148
363 12 40 148
363 21 19 150
363 15 15 150
363 15 19 100
363 14 19 100
364 7 19 100
364 7 27 148
364 36 40 150
364 4 7 150
364 4 27 150
364 37 19 148
364 31 27 100
364 29 19 148
365 36 23 100
365 36 40 150
365 36 41 100
365 3 41 148
365 35 41 150
365 37 19 148
365 32 41 150
365 26 41 99
365 23 19 99
365 4 27 150
366 30 4 100
366 37 19 148
366 45 27 148
366 40 41 99
366 7 19 100
366 7 27 148
366 23 19 99
366 23 41 148
366 14 19 100
366 14 41 148
366 38 19 99
367 7 19 100
367 7 27 148
367 0 40 148
367 24 27 148
367 24 41 150
367 31 27 100
367 31 41 99
367 36 39 100
367 49 7 99
367 15 19 100
367 39 7 100
367 37 19 148
368 20 40 99
368 41 7 99
368 44 41 100
368 5 19 99
368 45 27 148
368 18 27 100
368 6 41 150
368 36 41 100
368 3 41 148
369 35 15 100
369 35 41 150
369 14 7 100
369 14 15 150
369 14 27 148
369 14 40 100
369 41 7 99
369 41 15 100
369 22 40 150
369 8 27 150
370 36 15 150
370 36 40 150
370 36 41 100
370 9 15 148
370 48 7 150
370 48 15 100
370 23 41 148
370 31 27 100
370 31 41 99
370 32 41 150
370 41 15 100
370 4 27 150
371 24 27 148
371 36 15 150
371 36 40 150
371 36 41 100
371 7 15 150
371 7 27 148
371 27 15 100
371 18 27 100
371 49 7 99
371 49 45 100
372 33 27 100
372 33 40 99
372 41 7 99
372 49 7 99
372 49 27 100
372 31 27 100
373 21 40 100
373 43 40 99
373 18 27 100
373 18 39 100
373 15 41 148
373 40 41 99
373 13 7 150
373 47 41 150
373 31 27 100
373 31 41 99
374 31 27 100
374 31 41 99
374 47 20 100
374 47 41 150
374 33 27 100
374 40 41 99
374 14 27 148
374 14 41 148
374 27 41 150
374 26 41 99
375 17 15 100
375 17 40 148
375 23 41 148
375 44 41 100
375 47 41 150
375 27 15 100
375 27 41 150
375 49 7 99
375 49 27 100
375 48 15 100
375 29 7 99
375 9 15 148
375 45 27 148
376 38 15 100
376 15 15 150
376 17 15 100
376 17 40 148
376 14 7 100
376 14 27 148
376 24 27 148
376 26 41 99
377 23 19 99
377 23 41 148
377 43 40 99
377 29 7 99
377 29 19 148
377 3 41 148
377 18 27 100
377 14 7 100
377 14 15 150
377 14 19 100
377 14 27 148
377 14 40 100
377 14 41 148
377 35 15 100
377 35 41 150
377 40 15 100
377 13 15 100
377 33 27 100
378 26 41 99
378 19 39 100
378 23 19 99
378 23 41 148
378 47 41 150
378 6 7 100
378 6 41 150
378 24 27 148
378 24 41 150
378 0 40 148
378 33 27 100
379 32 40 100
379 38 19 99
379 7 27 148
379 30 4 100
379 4 7 150
379 4 27 150
380 40 41 99
380 32 40 100
380 32 41 150
380 49 7 99
380 49 27 100
380 47 41 150
380 21 40 100
380 3 41 148
380 29 7 99
380 7 27 148
381 44 40 150
381 44 41 100
381 7 15 150
381 7 27 148
381 27 15 100
381 27 41 150
381 23 41 148
381 24 27 148
381 24 41 150
381 35 15 100
381 35 41 150
381 13 7 150
381 13 15 100
382 44 40 150
382 44 41 100
382 7 19 100
382 7 27 148
382 45 27 148
382 14 7 100
382 14 19 100
382 14 41 148
382 24 41 150
382 39 7 100
382 18 27 100
382 31 41 99
382 38 19 99
383 31 27 100
383 31 41 99
383 9 15 148
383 48 7 150
383 48 15 100
383 15 15 150
383 15 19 100
383 8 27 150
383 7 19 100
383 5 19 99
383 29 19 148
383 22 40 150
384 47 41 150
384 37 19 148
384 37 40 100
384 3 41 148
384 48 7 150
384 44 41 100
384 27 39 100
384 27 41 150
384 15 19 100
384 15 41 148
384 45 27 148
385 47 41 150
385 33 27 100
385 33 40 99
385 49 7 99
385 49 27 100
385 36 40 150
385 36 41 100
385 8 27 150
385 8 41 99
385 40 41 99
385 44 41 100
385 45 27 148
386 45 27 148
386 44 40 150
386 44 41 100
386 48 7 150
386 38 19 99
386 6 41 150
386 5 19 99
386 24 27 148
386 24 41 150
386 21 19 150
386 14 19 100
386 14 41 148
386 32 41 150
386 7 19 100
387 27 41 150
387 40 29 100
387 40 41 99
387 15 19 100
387 15 41 148
387 5 19 99
387 24 27 148
387 24 41 150
387 30 40 150
387 18 27 100
387 48 7 150
387 29 19 148
387 3 41 148
388 0 40 148
388 27 15 100
388 15 15 150
388 15 19 100
388 7 15 150
388 7 27 148
388 14 27 148
389 49 7 99
389 41 7 99
389 32 41 150
389 15 19 100
389 15 41 148
389 37 19 148
389 8 41 99
389 40 41 99
389 26 41 99
390 43 40 99
390 33 15 148
390 33 27 100
390 40 15 100
390 37 19 148
390 8 15 150
390 8 27 150
390 21 19 150
390 6 7 100
391 44 40 150
391 44 41 100
391 15 39 100
391 15 41 148
391 40 41 99
391 7 27 148
391 39 7 100
391 48 7 150
391 35 41 150
391 49 27 100
391 23 41 148
392 27 41 150
392 13 23 100
392 7 19 100
392 7 27 148
392 30 40 150
392 4 27 150
392 31 27 100
392 31 41 99
392 5 19 99
392 36 41 100
392 8 41 99
392 35 41 150
392 14 19 100
393 32 40 100
393 32 41 150
393 26 41 99
393 23 19 99
393 23 41 148
393 39 7 100
393 8 15 150
393 8 27 150
393 8 41 99
393 6 41 150
393 33 15 148
393 33 27 100
393 33 40 99
393 12 15 148
394 44 40 150
394 10 0 100
394 15 15 150
394 15 19 100
394 35 15 100
394 38 15 100
394 7 27 148
394 24 27 148
395 24 27 148
395 24 41 150
395 30 40 150
395 11 0 100
395 33 27 100
395 23 41 148
395 36 41 100
395 44 41 100
395 31 27 100
395 31 41 99
395 38 15 100
395 8 41 99
396 0 40 148
396 48 7 150
396 4 7 150
396 4 27 150
396 8 27 150
396 6 13 100
397 0 40 148
397 19 39 100
397 41 15 100
397 35 15 100
397 38 15 100
397 18 27 100
397 14 27 148
397 13 15 100
398 43 40 99
398 6 7 100
398 20 40 99
398 7 15 150
398 7 27 148
398 40 15 100
398 35 15 100
398 4 27 150
398 48 15 100
399 41 2 100
399 41 7 99
399 13 7 150
399 44 40 150
399 14 27 148
399 7 27 148
400 13 7 150
400 13 15 100
400 20 40 99
400 4 27 150
400 45 27 148
400 41 15 100
400 48 15 100
401 6 7 100
401 6 41 150
401 30 40 150
401 17 15 100
401 15 15 150
401 15 19 100
401 15 41 148
401 24 27 148
401 24 41 150
401 5 19 99
401 13 15 100
401 32 40 100
401 32 41 150
401 40 15 100
401 27 15 100
401 8 27 150
402 32 23 100
402 32 40 100
402 5 19 99
402 45 27 148
402 7 19 100
402 7 27 148
403 48 7 150
403 48 15 100
403 40 15 100
403 9 15 148
403 6 7 100
403 2 34 100
403 0 40 148
404 45 27 148
404 29 7 99
404 29 19 148
404 40 41 99
404 15 39 100
404 15 41 148
404 47 20 100
404 47 41 150
404 4 27 150
404 36 41 100
404 24 41 150
405 15 4 100
405 15 41 148
405 27 41 150
405 4 7 150
405 4 27 150
405 36 41 100
405 47 41 150
406 35 15 100
406 26 41 99
406 6 7 100
406 49 7 99
406 49 27 100
406 22 40 150
406 18 27 100
406 27 15 100
406 7 15 150
406 7 27 148
406 41 15 100
407 8 27 150
407 12 40 148
407 24 27 148
408 12 40 148
408 14 7 100
408 14 19 100
408 14 27 148
408 31 27 100
408 13 7 150
408 37 19 148
408 38 19 99
409 4 7 150
409 4 27 150
409 4 39 99
409 40 15 100
409 12 15 148
409 33 0 100
409 33 15 148
409 33 27 100
409 5 19 99
409 18 27 100
410 13 7 150
410 13 15 100
410 31 27 100
410 31 41 99
410 0 0 100
410 0 40 148
410 8 15 150
410 8 27 150
410 8 41 99
410 35 15 100
410 35 41 150
410 4 27 150
410 32 41 150
410 27 15 100
410 27 41 150
411 31 27 100
411 31 41 99
411 41 7 99
411 41 15 100
411 6 7 100
411 6 41 150
411 5 19 99
411 48 15 100
411 47 41 150
411 24 27 148
411 24 41 150
411 38 15 100
411 44 41 100
411 40 15 100
411 43 40 99
412 32 40 100
412 41 7 99
412 14 7 100
412 14 27 148
412 4 27 150
413 20 40 99
413 15 37 150
413 15 41 148
413 13 7 150
413 37 40 100
413 40 41 99
413 26 41 99
414 6 7 100
414 6 41 150
414 8 15 150
414 8 27 150
414 8 41 99
414 35 15 100
414 35 41 150
414 33 15 148
414 33 27 100
414 33 40 99
414 24 27 148
414 24 41 150
414 27 41 150
414 36 41 100
414 4 27 150
415 30 40 150
415 27 39 100
415 40 41 99
415 31 27 100
415 41 7 99
415 49 7 99
416 40 41 99
416 23 19 99
416 23 41 148
416 29 19 148
416 36 40 150
416 36 41 100
416 33 27 100
416 32 41 150
416 38 19 99
416 24 27 148
416 24 41 150
417 13 7 150
417 37 13 99
417 37 19 148
417 37 40 100
417 3 0 100
417 21 40 100
417 7 27 148
417 8 27 150
417 15 4 100
418 3 41 148
418 23 41 148
418 8 34 99
418 8 41 99
418 17 40 148
418 49 7 99
418 32 41 150
418 26 41 99
419 7 15 150
419 7 27 148
419 26 41 99
419 8 15 150
419 8 27 150
419 8 41 99
419 0 40 148
419 17 15 100
419 49 7 99
419 40 41 99
419 41 7 99
420 21 19 150
420 21 40 100
420 14 7 100
420 14 15 150
420 14 19 100
420 14 27 148
420 14 40 100
420 14 41 148
420 49 7 99
420 49 27 100
420 5 19 99
420 35 15 100
420 35 41 150
420 41 15 100
420 15 15 150
420 15 19 100
420 15 41 148
420 3 41 148
420 36 41 100
421 8 27 150
421 8 41 99
421 3 41 148
421 26 41 99
421 35 41 150
421 24 27 148
421 24 41 150
421 44 41 100
421 36 39 100
421 36 41 100
422 7 15 150
422 7 27 148
422 48 7 150
422 48 15 100
422 32 0 100
422 32 40 100
422 36 15 150
422 24 27 148
423 38 15 100
423 45 27 148
423 3 41 148
423 47 41 150
423 14 7 100
423 14 15 150
423 14 27 148
423 14 40 100
423 14 41 148
423 8 15 150
423 8 41 99
424 29 7 99
424 45 27 148
424 31 27 100
424 31 41 99
424 40 15 100
424 40 41 99
424 22 40 150
424 32 40 100
424 32 41 150
424 18 27 100
424 9 15 148
424 24 41 150
424 6 7 100
424 6 41 150
424 44 41 100
425 38 15 100
425 19 20 100
425 0 40 148
425 4 7 150
425 4 27 150
425 35 15 100
425 18 27 100
426 38 15 100
426 8 15 150
426 8 27 150
426 8 41 99
426 4 7 150
426 4 27 150
426 4 39 99
426 23 41 148
426 15 15 150
426 15 41 148
426 35 41 150
426 20 0 100
426 20 40 99
426 36 41 100
427 30 40 150
427 33 27 100
427 33 40 99
427 24 27 148
427 37 19 148
427 5 19 99
427 14 7 100
427 14 19 100
427 15 19 100
428 38 15 100
428 38 19 99
428 43 40 99
428 39 7 100
428 8 15 150
428 8 27 150
428 15 15 150
428 29 7 99
429 31 27 100
429 31 41 99
429 17 40 148
429 3 41 148
429 44 41 100
429 49 7 99
429 49 27 100
429 14 7 100
429 14 27 148
429 14 41 148
429 27 41 150
429 33 27 100
430 3 0 100
430 36 15 150
430 36 40 150
430 14 7 100
430 14 15 150
430 14 27 148
430 41 15 100
431 0 40 148
431 6 7 100
431 6 41 150
431 3 41 148
431 39 7 100
431 4 27 150
431 23 41 148
431 18 27 100
431 49 27 100
431 24 27 148
431 24 41 150
432 30 40 150
432 39 7 100
432 47 41 150
432 35 41 150
432 14 27 148
432 14 41 148
432 19 39 100
432 4 27 150
432 15 41 148
433 21 40 100
433 49 7 99
433 49 27 100
433 6 7 100
433 20 40 99
433 17 15 100
433 41 15 100
433 45 27 148
433 38 15 100
434 17 15 100
434 17 40 148
434 39 7 100
434 0 0 100
434 47 41 150
434 31 27 100
434 31 41 99
434 48 15 100
434 44 41 100
434 40 15 100
434 40 41 99
435 22 40 150
435 13 7 150
435 13 15 100
435 4 27 150
435 49 27 100
435 18 27 100
435 10 0 100
435 7 15 150
435 7 27 148
435 31 41 99
435 40 41 99
436 22 40 150
436 33 27 100
436 14 7 100
436 14 27 148
436 49 7 99
436 49 27 100
436 44 41 100
437 8 27 150
437 44 40 150
437 48 7 150
437 18 27 100
438 44 40 150
438 9 15 148
438 41 15 100
438 29 19 148
438 29 23 100
438 40 15 100
438 45 27 148
438 13 15 100
438 18 27 100
438 18 39 100
439 29 7 99
439 29 19 148
439 40 15 100
439 4 27 150
439 14 7 100
439 14 15 150
439 14 19 100
439 14 27 148
439 14 40 100
439 43 40 99
439 38 15 100
439 38 19 99
439 49 27 100
440 29 7 99
440 36 40 150
440 49 27 100
440 48 15 100
440 4 27 150
441 12 15 148
441 12 40 148
441 40 15 100
441 40 41 99
441 47 41 150
441 4 7 150
441 14 15 150
441 14 41 148
441 6 41 150
441 26 41 99
442 8 27 150
442 29 7 99
442 4 27 150
442 39 7 100
443 49 7 99
443 49 27 100
443 14 27 148
443 14 40 100
443 14 41 148
443 44 41 100
443 32 40 100
443 32 41 150
443 3 41 148
443 8 41 99
444 40 15 100
444 17 15 100
444 17 40 148
444 32 0 100
444 6 7 100
444 24 27 148
444 36 15 150
444 13 7 150
444 13 15 100
445 12 40 148
445 18 27 100
445 18 39 100
445 48 7 150
445 14 27 148
445 20 0 100
445 8 27 150
446 49 7 99
446 49 27 100
446 22 40 150
446 31 27 100
446 33 27 100
447 8 27 150
447 8 41 99
447 13 7 150
447 15 37 150
447 15 41 148
447 33 27 100
447 33 40 99
447 25 37 99
447 47 41 150
447 45 27 148
447 36 41 100
447 35 41 150
448 27 15 100
448 36 15 150
448 14 15 150
448 14 27 148
448 4 27 150
448 39 48 100
449 4 7 150
449 7 19 100
449 36 40 150
449 36 41 100
449 14 19 100
449 14 41 148
449 33 34 100
449 3 41 148
449 29 19 148
449 15 19 100
449 15 41 148
450 39 7 100
450 6 7 100
450 24 27 148
450 4 27 150
450 5 19 99
450 44 41 100
450 12 15 148
451 26 41 99
451 21 40 100
451 12 15 148
451 39 7 100
451 35 15 100
451 35 41 150
451 15 15 150
451 15 39 100
451 15 41 148
451 40 15 100
451 40 41 99
451 32 40 100
451 49 27 100
451 9 15 148
452 45 27 148
452 40 41 99
452 32 41 150
452 27 41 150
452 39 7 100
452 47 41 150
452 33 27 100
452 49 7 99
452 49 27 100
452 29 19 148
452 36 41 100
452 5 19 99
453 45 27 148
453 41 7 99
453 41 15 100
453 21 19 150
453 21 40 100
453 27 15 100
453 27 41 150
453 23 19 99
453 23 41 148
453 31 41 99
453 32 20 100
453 32 41 150
453 48 15 100
453 47 41 150
453 8 15 150
454 18 27 100
454 4 27 150
454 9 15 148
454 36 15 150
454 36 40 150
454 36 41 100
454 48 15 100
454 23 41 148
454 43 40 99
454 6 7 100
454 6 41 150
454 47 41 150
454 31 41 99
455 29 7 99
455 32 41 150
455 35 15 100
455 35 41 150
455 41 15 100
455 3 41 148
455 6 41 150
455 18 27 100
456 45 27 148
456 33 15 148
456 33 27 100
456 33 40 99
456 31 27 100
456 31 41 99
456 41 15 100
456 8 27 150
456 8 41 99
456 44 41 100
456 40 41 99
456 26 41 99
457 29 7 99
457 29 34 100
457 20 40 99
457 32 40 100
457 32 41 150
457 14 7 100
458 28 13 100
458 27 15 100
458 27 39 100
458 33 15 148
458 33 27 100
458 39 7 100
458 31 27 100
458 48 15 100
458 49 27 100
459 26 23 100
459 13 15 100
459 8 27 150
459 24 27 148
460 17 15 100
460 17 40 148
460 8 15 150
460 8 27 150
460 41 7 99
460 41 15 100
460 39 7 100
460 45 27 148
461 9 15 148
461 36 15 150
461 36 40 150
461 17 15 100
461 48 7 150
461 48 15 100
461 18 27 100
461 4 27 150
462 17 15 100
462 26 41 99
462 9 15 148
462 18 27 100
462 24 27 148
462 24 41 150
462 35 15 100
462 35 41 150
462 32 41 150
463 29 7 99
463 40 4 100
463 40 41 99
463 40 48 99
463 8 41 99
463 13 7 150
463 33 27 100
463 31 41 99
463 35 41 150
463 6 41 150
463 27 41 150
464 24 27 148
464 41 7 99
464 6 7 100
464 44 40 150
464 22 39 100
465 0 40 148
465 33 15 148
465 33 27 100
465 4 7 150
465 4 27 150
465 9 15 148
465 15 15 150
466 14 27 148
466 14 40 100
466 14 41 148
466 21 40 100
466 45 27 148
466 44 41 100
467 26 41 99
467 27 15 100
467 27 41 150
467 3 41 148
467 24 27 148
467 21 40 100
467 6 7 100
467 45 27 148
467 33 15 148
467 33 27 100
467 41 7 99
467 41 15 100
468 22 40 150
468 36 15 150
468 36 41 100
468 40 15 100
468 40 41 99
468 38 15 100
468 24 27 148
468 24 41 150
468 45 27 148
468 18 27 100
468 35 15 100
468 35 41 150
468 4 7 150
469 39 7 100
469 43 40 99
469 35 41 150
469 15 41 148
469 49 27 100
469 23 41 148
469 14 27 148
469 14 40 100
469 14 41 148
469 6 41 150
470 22 39 100
470 22 40 150
470 24 27 148
470 24 41 150
470 41 7 99
470 41 15 100
470 33 15 148
470 33 27 100
470 8 15 150
470 8 41 99
470 48 15 100
470 31 41 99
470 39 7 100
471 36 15 150
471 36 40 150
471 36 41 100
471 6 7 100
471 6 41 150
471 17 15 100
471 48 15 100
471 23 41 148
471 14 27 148
471 14 41 148
471 8 27 150
471 8 41 99
471 15 41 148
472 17 40 148
472 47 41 150
472 29 7 99
472 14 7 100
472 14 27 148
473 41 7 99
473 41 15 100
473 26 41 99
473 38 15 100
473 48 15 100
473 20 40 99
473 45 27 148
473 24 27 148
473 24 41 150
473 4 27 150
473 47 41 150
473 36 15 150
473 36 41 100
474 18 27 100
474 26 41 99
474 36 40 150
474 36 41 100
474 41 7 99
474 45 27 148
474 39 7 100
474 31 27 100
475 49 7 99
475 49 27 100
475 12 15 148
475 27 15 100
475 27 39 100
475 21 40 100
475 38 15 100
475 33 27 100
475 35 15 100
476 4 27 150
476 4 29 100
476 21 40 100
476 7 27 148
476 23 41 148
476 44 41 100
476 40 41 99
476 47 41 150
476 49 7 99
476 49 27 100
477 7 27 148
477 32 40 100
477 32 41 150
477 8 27 150
477 8 41 99
477 37 40 100
477 33 37 148
477 3 41 148
477 15 41 148
477 6 7 100
477 6 41 150
478 20 40 99
478 4 7 150
478 4 27 150
478 45 27 148
479 45 27 148
479 41 7 99
479 41 15 100
479 26 41 99
479 0 40 148
479 18 27 100
479 47 41 150
479 31 41 99
479 12 15 148
479 15 15 150
479 15 41 148
479 3 41 148
480 18 27 100
480 44 40 150
480 33 15 148
480 33 27 100
480 40 15 100
480 24 27 148
480 9 15 148
480 39 7 100
481 2 34 100
481 15 39 100
481 14 7 100
481 6 7 100
481 48 7 150
482 18 27 100
482 6 7 100
482 48 15 100
482 38 15 100
482 7 15 150
482 7 27 148
483 0 40 148
483 12 15 148
483 40 15 100
483 36 15 150
483 41 7 99
483 41 15 100
483 39 7 100
484 36 40 150
484 41 7 99
484 4 27 150
484 24 27 148
484 37 40 100
485 45 27 148
485 31 27 100
485 31 41 99
485 14 7 100
485 14 15 150
485 14 27 148
485 14 40 100
485 14 41 148
485 35 15 100
485 35 41 150
485 4 27 150
485 3 41 148
485 12 15 148
485 27 41 150
486 40 15 100
486 17 15 100
486 17 40 148
486 27 15 100
486 13 7 150
486 13 15 100
487 15 39 100
487 15 41 148
487 0 40 148
487 32 41 150
487 48 7 150
487 48 15 100
487 23 41 148
487 6 7 100
487 6 41 150
487 18 27 100
487 7 27 148
488 37 40 100
488 35 15 100
488 31 27 100
488 39 7 100
488 38 15 100
488 9 15 148
488 33 27 100
488 33 40 99
489 26 41 99
489 32 40 100
489 32 41 150
489 7 15 150
489 7 27 148
489 12 15 148
489 17 15 100
489 47 41 150
489 29 7 99
489 8 27 150
489 8 41 99
489 49 7 99
489 49 27 100
490 24 27 148
490 24 41 150
490 33 15 148
490 33 27 100
490 33 40 99
490 3 41 148
490 40 15 100
490 40 41 99
490 37 40 100
490 9 15 148
490 15 41 148
490 31 27 100
490 31 41 99
490 13 7 150
490 13 15 100
490 8 41 99
491 24 27 148
491 24 41 150
491 44 40 150
491 44 41 100
491 15 15 150
491 15 41 148
491 8 15 150
491 8 27 150
491 8 41 99
491 23 41 148
491 9 15 148
492 0 40 148
492 4 7 150
492 4 27 150
492 13 7 150
492 13 15 100
492 18 27 100
492 12 15 148
492 17 15 100
493 45 27 148
493 2 23 99
493 33 15 148
493 33 27 100
493 9 15 148
493 31 27 100
493 48 15 100
493 4 39 99
494 47 41 150
494 23 41 148
494 48 7 150
494 6 41 150
494 24 27 148
494 24 41 150
494 36 41 100
494 45 27 148
495 18 27 100
495 13 7 150
495 32 40 100
495 31 27 100
496 29 7 99
496 45 27 148
496 14 7 100
496 14 27 148
496 14 40 100
496 14 41 148
496 22 40 150
496 33 27 100
496 26 41 99
496 27 41 150
496 31 41 99
497 0 40 148
497 7 27 148
497 24 27 148
497 24 41 150
497 47 41 150
497 27 41 150
497 41 7 99
497 40 41 99
498 40 15 100
498 40 41 99
498 4 7 150
498 4 27 150
498 43 40 99
498 44 41 100
498 8 15 150
498 8 27 150
498 8 41 99
498 33 15 148
498 23 41 148
498 47 41 150
499 12 40 148
499 40 15 100
499 40 41 99
499 37 13 99
499 24 27 148
499 24 41 150
499 27 39 100
499 45 27 148
499 14 7 100
499 41 7 99
500 4 7 150
500 4 27 150
500 0 40 148
500 20 40 99
500 45 27 148
501 36 40 150
501 48 7 150
502 8 27 150
502 8 34 99
502 8 41 99
502 26 41 99
502 7 27 148
502 23 41 148
502 17 40 148
502 27 41 150
502 29 7 99
503 37 40 100
503 32 41 150
503 14 7 100
503 14 27 148
503 14 41 148
503 45 27 148
503 39 7 100
503 31 41 99
503 40 41 99
503 47 41 150
504 45 27 148
504 6 7 100
504 6 41 150
504 29 7 99
504 40 41 99
504 47 41 150
504 36 40 150
504 36 41 100
504 49 27 100
504 44 41 100
505 23 41 148
505 27 15 100
505 27 39 100
505 27 41 150
505 35 15 100
505 35 41 150
505 20 40 99
505 14 7 100
505 14 15 150
505 14 27 148
505 14 40 100
505 14 41 148
505 32 41 150
505 33 27 100
505 18 27 100
506 40 41 99
506 43 40 99
506 8 27 150
506 33 27 100
506 39 7 100
506 48 7 150
507 5 4 100
507 29 7 99
507 43 40 99
507 18 27 100
507 31 27 100
507 31 41 99
507 14 27 148
507 14 40 100
507 14 41 148
507 35 41 150
507 26 41 99
507 24 41 150
508 39 7 100
508 39 48 100
508 33 15 148
508 33 27 100
508 17 15 100
508 27 15 100
508 13 15 100
509 48 7 150
509 27 41 150
509 32 41 150
509 40 41 99
509 18 27 100
509 35 41 150
509 33 27 100
509 39 7 100
509 14 27 148
510 31 27 100
510 18 27 100
510 33 27 100
510 33 40 99
510 37 40 100
510 6 7 100
511 49 27 100
511 35 41 150
511 7 27 148
511 6 41 150
511 4 27 150
511 4 39 99
511 24 41 150
511 8 41 99
511 3 41 148
511 14 40 100
512 30 4 100
512 49 7 99
512 49 27 100
512 45 27 148
512 41 7 99
513 20 40 99
513 37 40 100
513 14 7 100
513 14 27 148
513 14 41 148
513 49 27 100
513 26 41 99
513 32 41 150
513 40 41 99
514 6 7 100
514 6 41 150
514 41 7 99
514 4 27 150
514 7 27 148
515 20 40 99
515 47 41 150
515 7 15 150
515 7 27 148
515 38 15 100
515 44 41 100
515 41 7 99
515 41 15 100
515 32 41 150
515 6 7 100
515 6 41 150
515 45 27 148
515 33 27 100
515 36 41 100
516 33 15 148
516 33 27 100
516 33 40 99
516 17 15 100
516 8 15 150
516 8 27 150
516 36 15 150
516 6 7 100
516 21 40 100
517 18 27 100
517 18 39 100
517 37 40 100
517 24 27 148
517 7 15 150
517 33 15 148
517 33 27 100
517 41 15 100
518 36 15 150
518 36 40 150
518 29 7 99
518 4 27 150
518 38 15 100
518 40 15 100
518 6 7 100
518 49 27 100
519 2 37 150
519 25 37 99
519 48 7 150
519 33 27 100
519 33 40 99
519 8 27 150
519 8 41 99
519 12 40 148
519 27 41 150
519 40 41 99
519 23 41 148
519 31 27 100
519 31 41 99
520 7 15 150
520 7 27 148
520 23 41 148
520 41 7 99
520 41 15 100
520 22 40 150
520 17 15 100
520 33 15 148
520 33 27 100
520 3 41 148
521 49 7 99
521 49 27 100
521 32 40 100
521 32 41 150
521 47 41 150
521 12 15 148
521 33 15 148
521 33 27 100
521 39 7 100
521 31 27 100
521 13 15 100
522 40 15 100
522 29 7 99
522 48 15 100
522 27 15 100
522 27 39 100
522 14 15 150
522 14 27 148
522 14 40 100
522 43 40 99
522 33 27 100
523 20 40 99
523 33 15 148
523 33 27 100
523 13 7 150
523 13 15 100
523 6 7 100
523 4 27 150
523 49 27 100
523 14 15 150
524 31 27 100
524 31 41 99
524 14 7 100
524 14 27 148
524 14 41 148
524 23 41 148
524 24 41 150
524 9 20 100
524 47 41 150
525 22 40 150
525 13 7 150
525 8 27 150
526 35 41 150
526 26 23 100
526 26 41 99
526 45 27 148
526 43 40 99
526 27 41 150
526 3 41 148
527 22 40 150
527 40 41 99
527 6 7 100
527 6 41 150
527 17 40 148
527 44 41 100
527 41 7 99
527 4 27 150
528 34 29 100
528 0 40 148
528 4 7 150
528 4 27 150
528 4 39 99
528 7 27 148
528 33 27 100
528 27 41 150
528 24 27 148
528 24 41 150
528 18 27 100
528 49 27 100
529 39 7 100
529 49 27 100
529 8 27 150
529 8 41 99
529 18 27 100
529 17 40 148
529 23 41 148
529 35 41 150
529 6 41 150
529 47 41 150
530 48 7 150
530 24 27 148
530 24 41 150
530 14 27 148
530 14 40 100
530 14 41 148
530 44 41 100
530 35 41 150
531 17 40 148
531 23 41 148
531 27 41 150
531 36 41 100
531 49 7 99
531 49 27 100
531 40 41 99
531 39 7 100
531 18 27 100
531 15 41 148
532 41 7 99
532 8 27 150
532 8 41 99
532 17 40 148
532 33 27 100
533 33 15 148
533 33 27 100
533 33 40 99
533 28 13 100
533 41 7 99
533 41 15 100
533 4 27 150
533 13 15 100
533 20 40 99
533 8 27 150
534 45 27 148
534 48 15 100
534 6 41 150
534 7 15 150
534 7 27 148
534 24 41 150
534 19 39 100
534 47 41 150
534 38 15 100
534 8 15 150
534 8 41 99
534 36 41 100
535 40 15 100
535 40 41 99
535 30 40 150
535 27 15 100
535 27 41 150
535 3 41 148
535 45 27 148
535 9 15 148
535 36 41 100
535 41 7 99
536 37 40 100
536 21 40 100
536 6 7 100
536 6 41 150
536 45 27 148
536 8 27 150
536 7 27 148
536 39 7 100
537 20 40 99
537 48 7 150
537 48 15 100
537 38 15 100
537 14 15 150
537 14 27 148
537 9 15 148
537 7 27 148
538 21 40 100
538 36 15 150
538 48 7 150
538 48 15 100
538 27 15 100
538 8 27 150
539 4 27 150
539 12 40 148
539 14 27 148
539 14 40 100
539 14 41 148
539 45 27 148
539 44 41 100
539 32 41 150
540 35 15 100
540 35 41 150
540 44 40 150
540 12 15 148
540 27 15 100
540 43 23 100
540 7 15 150
540 7 27 148
540 45 27 148
540 24 22 99
541 24 27 148
541 24 37 150
541 24 41 150
541 25 37 99
541 47 41 150
541 29 7 99
541 17 40 148
541 35 41 150
541 22 39 100
541 3 41 148
541 45 27 148
542 48 7 150
542 48 15 100
542 7 15 150
542 7 27 148
542 27 15 100
542 21 40 100
542 44 41 100
542 32 40 100
542 31 27 100
543 34 37 100
543 5 37 100
543 12 40 148
543 4 7 150
543 4 27 150
543 15 41 148
543 29 7 99
543 8 27 150
543 8 41 99
543 40 41 99
543 24 41 150
544 43 40 99
544 13 7 150
544 8 27 150
544 8 41 99
544 3 41 148
544 49 27 100
545 14 7 100
545 14 27 148
545 14 40 100
545 14 41 148
545 26 41 99
545 21 40 100
545 4 27 150
545 8 41 99
545 31 41 99
545 23 4 100
545 23 41 148
545 24 41 150
546 22 40 150
546 35 41 150
546 48 7 150
546 23 41 148
546 7 27 148
546 45 27 148
546 8 41 99
547 27 39 100
547 27 41 150
547 14 7 100
547 14 27 148
547 14 40 100
547 14 41 148
547 18 27 100
547 15 41 148
547 23 41 148
547 6 7 100
547 49 27 100
548 32 40 100
548 32 41 150
548 40 15 100
548 40 41 99
548 26 41 99
548 47 41 150
548 14 7 100
548 14 15 150
548 14 27 148
548 14 40 100
548 14 41 148
548 31 27 100
548 41 15 100
548 9 15 148
549 40 4 100
549 40 41 99
549 37 40 100
549 39 7 100
549 44 41 100
549 33 27 100
549 47 41 150
549 36 41 100
549 27 41 150
549 41 7 99
549 45 27 148
549 31 27 100
550 33 27 100
550 33 40 99
550 21 40 100
550 8 27 150
550 8 41 99
551 20 40 99
551 37 40 100
551 4 7 150
551 4 27 150
551 8 27 150
552 47 41 150
552 31 41 99
552 15 41 148
552 32 41 150
552 36 41 100
553 30 4 100
553 30 40 150
553 45 27 148
553 36 41 100
553 41 7 99
553 41 33 150
553 49 7 99
553 49 27 100
553 15 41 148
553 43 33 99
553 13 33 99
553 17 33 100
553 40 41 99
554 32 23 100
554 32 40 100
554 32 41 150
554 13 15 100
554 38 15 100
554 35 15 100
554 17 15 100
554 8 27 150
554 8 41 99
555 22 40 150
555 7 27 148
555 4 27 150
556 27 15 100
556 27 39 100
556 1 34 148
556 12 15 148
556 12 40 148
556 36 15 150
556 6 7 100
556 18 27 100
556 49 27 100
557 22 40 150
557 45 27 148
557 49 7 99
557 49 27 100
557 31 27 100
558 26 41 99
558 40 15 100
558 40 41 99
558 12 15 148
558 12 40 148
558 44 41 100
558 35 15 100
558 35 41 150
558 47 41 150
558 45 27 148
559 35 15 100
559 35 41 150
559 47 41 150
559 7 15 150
559 7 27 148
559 44 40 150
559 44 41 100
559 45 27 148
559 12 15 148
559 4 7 150
559 23 41 148
559 48 7 150
559 48 15 100
560 39 7 100
560 6 7 100
560 6 41 150
560 33 27 100
560 33 40 99
560 8 27 150
560 49 27 100
561 39 7 100
561 36 40 150
561 45 27 148
561 24 27 148
562 39 7 100
562 13 7 150
562 44 40 150
562 7 27 148
562 8 27 150
563 26 41 99
563 14 7 100
563 14 27 148
563 14 41 148
563 24 27 148
563 24 41 150
563 6 7 100
563 6 41 150
563 44 41 100
564 12 15 148
564 12 40 148
564 18 27 100
564 18 39 100
564 33 15 148
564 33 27 100
564 35 15 100
564 7 27 148
565 45 27 148
565 49 7 99
565 49 27 100
565 44 40 150
565 41 7 99
566 6 7 100
566 14 7 100
566 14 27 148
566 14 40 100
566 33 27 100
567 13 7 150
567 14 27 148
567 14 40 100
567 45 27 148
567 43 40 99
568 39 7 100
568 31 27 100
568 31 41 99
568 45 27 148
568 17 15 100
568 36 15 150
568 36 39 100
568 36 41 100
568 48 15 100
568 33 27 100
568 14 7 100
568 14 41 148
569 3 41 148
569 41 7 99
569 41 15 100
569 21 40 100
569 36 41 100
569 7 27 148
569 11 37 100
569 33 27 100
569 33 40 99
569 9 37 100
569 15 41 148
569 32 41 150
569 26 41 99
570 15 15 150
570 15 41 148
570 29 7 99
570 37 40 100
570 13 15 100
570 14 7 100
570 14 15 150
570 14 27 148
570 14 41 148
570 31 27 100
571 18 27 100
571 12 40 148
571 24 27 148
571 45 27 148
572 32 40 100
572 32 41 150
572 9 15 148
572 43 40 99
572 15 15 150
572 15 41 148
572 27 15 100
572 27 41 150
572 23 41 148
572 45 27 148
573 33 27 100
573 26 41 99
573 4 7 150
573 4 27 150
573 4 39 99
573 47 41 150
573 13 7 150
573 31 27 100
573 31 41 99
573 3 41 148
573 8 41 99
573 18 27 100
574 12 40 148
574 41 7 99
574 49 7 99
574 49 27 100
574 33 27 100
574 26 41 99
574 31 27 100
575 44 41 100
575 23 41 148
575 4 7 150
575 31 41 99
576 24 27 148
576 24 41 150
576 32 41 150
576 18 27 100
577 14 27 148
577 45 27 148
