2 22 40 150
2 49 44 100
3 7 25 100
6 15 44 150
6 31 42 100
7 15 16 100
8 45 42 100
8 0 0 100
8 0 44 150
8 26 24 100
9 37 44 100
10 2 25 150
10 24 26 100
10 39 44 150
11 29 26 100
11 35 26 150
11 35 34 100
11 28 48 100
11 23 26 100
12 34 42 100
12 44 6 100
12 14 11 100
13 27 25 150
13 27 28 100
13 25 14 150
14 48 40 100
15 32 24 100
16 0 25 150
16 0 42 100
16 3 29 99
18 27 25 150
18 6 1 100
18 40 6 100
18 34 48 100
19 6 28 99
21 11 24 99
21 6 25 148
21 36 49 100
23 37 25 148
23 3 29 99
24 45 42 100
25 12 11 100
25 10 6 99
25 27 28 100
25 18 19 100
26 14 42 99
27 17 34 99
27 29 26 100
27 30 26 148
28 28 48 100
28 32 1 100
28 25 16 100
28 33 19 99
29 11 44 150
29 25 26 150
29 37 25 148
29 6 27 150
30 39 37 100
32 27 16 99
33 34 3 100
33 37 19 100
34 30 42 99
34 15 16 100
34 34 48 100
35 33 24 100
35 17 34 99
35 29 6 99
35 14 11 100
36 18 29 99
36 6 28 99
37 25 3 99
37 49 0 100
37 33 19 99
38 30 42 99
39 45 16 100
39 32 1 100
40 29 26 100
40 5 26 100
40 40 17 100
40 24 26 100
40 24 34 99
41 28 48 100
43 34 3 100
43 34 42 100
43 47 6 99
43 26 28 100
43 35 16 99
43 8 27 100
44 18 44 100
44 37 44 100
44 5 30 150
45 13 11 100
45 46 40 150
45 18 19 100
47 15 39 99
47 28 30 99
47 6 40 100
48 28 3 100
48 35 31 150
48 34 42 100
48 4 40 100
49 16 39 100
49 30 3 100
49 41 16 100
49 41 34 100
50 24 26 100
50 0 26 100
50 13 48 100
50 7 25 100
51 7 25 100
51 27 16 99
51 40 6 100
52 34 39 100
52 0 19 99
53 3 7 100
53 14 42 99
54 43 28 100
55 27 16 99
55 4 40 100
55 49 44 100
55 33 19 99
56 24 1 100
56 24 27 150
56 12 11 100
56 31 42 100
57 27 16 99
57 14 26 150
57 34 48 100
57 24 26 100
58 34 34 100
58 0 6 100
59 1 44 150
59 42 17 100
59 15 16 100
60 43 16 100
60 41 34 100
62 13 48 100
63 13 14 100
63 42 14 150
64 24 27 150
64 24 34 99
64 45 16 100
64 41 11 99
65 37 19 100
65 37 40 148
65 13 14 100
65 44 6 100
65 31 14 100
65 31 42 100
65 43 16 100
66 33 24 100
67 34 40 148
67 2 27 100
68 28 3 100
68 28 48 100
68 43 16 100
69 15 16 100
69 1 25 150
69 42 17 100
69 23 0 100
70 6 3 99
70 6 34 100
71 11 44 150
72 43 16 100
72 30 42 99
72 16 27 150
73 17 34 99
73 34 48 100
74 16 1 100
74 12 11 100
74 44 6 100
75 42 19 100
75 33 16 100
76 17 31 100
76 2 27 100
78 19 31 100
78 8 27 100
79 15 44 150
79 20 31 100
80 10 6 99
80 21 28 100
80 8 27 100
80 42 30 100
80 34 42 100
82 13 48 100
82 47 17 100
83 25 11 99
83 25 16 100
83 42 34 100
83 2 27 100
84 33 1 100
84 33 19 99
84 42 25 100
84 22 25 99
84 30 42 99
84 12 29 99
85 47 6 99
85 8 25 150
87 11 37 99
87 9 46 99
87 0 25 150
87 35 49 100
88 30 42 99
88 33 19 99
89 42 34 100
90 27 16 99
90 27 28 100
90 16 3 148
90 28 48 100
92 31 34 100
92 31 42 100
92 7 25 100
92 2 27 100
92 44 6 100
93 15 3 99
93 18 29 99
94 37 19 100
94 37 44 100
94 26 7 100
95 8 27 100
95 11 45 100
95 13 11 100
96 43 16 100
96 32 1 100
97 34 48 100
98 44 6 100
98 6 44 148
98 36 46 100
99 48 40 100
99 24 46 100
99 18 19 100
99 27 16 99
99 27 33 100
100 16 39 100
100 14 42 99
101 6 40 100
101 6 44 148
101 45 16 100
102 32 30 100
102 27 16 99
103 15 28 100
104 13 48 100
104 27 25 150
105 10 0 100
105 10 6 99
105 0 19 99
106 30 42 99
106 22 16 99
107 12 11 100
108 18 19 100
108 31 1 99
108 31 31 100
108 15 3 99
108 32 46 99
109 1 44 150
110 9 46 99
110 8 27 100
110 8 48 100
110 0 26 100
110 30 26 148
111 15 16 100
111 32 34 100
111 31 17 100
111 26 7 100
112 18 39 100
114 31 42 100
114 26 28 100
114 18 19 100
115 12 11 100
115 27 16 99
115 46 46 100
115 13 48 100
115 47 6 99
116 39 0 100
116 2 27 100
117 3 29 99
118 44 45 100
118 31 42 100
118 26 28 100
118 15 16 100
119 36 1 99
120 42 19 100
120 42 34 100
121 8 48 100
122 43 16 100
123 15 3 99
123 15 26 150
123 36 11 100
123 32 26 99
124 47 6 99
124 4 27 148
125 35 16 99
125 18 19 100
125 30 42 99
126 28 48 100
126 49 44 100
127 11 37 99
127 41 34 100
128 33 19 99
131 13 34 100
131 13 48 100
131 10 6 99
131 11 44 150
132 32 1 100
132 4 11 100
132 39 44 150
133 19 31 100
133 4 40 100
133 17 23 100
133 49 23 99
133 41 30 148
134 35 23 100
134 35 49 100
134 22 23 100
134 0 27 150
135 36 28 100
135 18 19 100
136 43 31 100
136 34 34 100
136 31 17 100
137 14 7 100
137 14 42 99
138 13 48 100
138 45 6 100
138 45 16 100
139 13 34 100
139 19 45 100
140 8 27 100
140 32 31 150
141 4 11 100
141 12 0 100
141 12 3 150
141 33 19 99
142 27 16 99
142 7 40 148
143 24 46 100
143 15 47 100
144 1 25 150
144 13 48 100
144 0 19 99
145 45 42 100
146 6 1 100
146 41 16 100
146 10 6 99
148 22 16 99
148 8 27 100
149 14 3 100
149 40 39 100
149 3 29 99
150 12 25 150
150 28 3 100
150 1 42 100
151 8 27 100
151 8 48 100
151 13 11 100
151 31 31 100
152 36 25 100
152 42 19 100
152 34 40 148
153 34 34 100
153 2 27 100
154 29 0 100
155 13 34 100
156 9 46 99
156 42 19 100
156 31 42 100
156 33 16 100
156 0 6 100
157 1 28 100
157 10 33 148
157 30 26 148
158 27 16 99
158 24 46 100
158 41 39 100
158 8 48 100
159 42 26 150
159 42 34 100
159 5 26 100
159 30 42 99
160 9 7 100
160 18 19 100
160 33 1 100
161 36 11 100
162 9 46 99
163 9 0 100
163 14 34 100
163 15 39 99
163 1 25 150
164 8 27 100
164 49 44 100
165 36 3 100
165 3 29 99
165 34 34 100
165 37 44 100
166 34 48 100
167 11 37 99
167 11 45 100
167 37 19 100
167 31 42 100
167 44 6 100
168 6 26 100
168 42 26 150
168 4 46 100
170 43 28 100
170 9 46 99
170 2 11 99
171 32 26 99
171 30 3 100
171 30 26 148
171 0 19 99
172 12 29 99
172 33 1 100
172 6 3 99
172 8 48 100
173 14 39 150
173 14 42 99
173 25 16 100
174 32 30 100
174 32 34 100
175 45 16 100
176 45 6 100
176 45 42 100
176 0 19 99
176 0 25 150
178 42 17 100
179 39 44 150
179 33 16 100
179 28 48 100
180 36 11 100
180 36 46 100
180 33 16 100
182 16 1 100
183 43 31 100
183 31 17 100
183 31 42 100
183 46 40 150
183 47 6 99
183 16 39 100
184 34 40 148
184 22 16 99
185 21 28 100
185 18 19 100
185 18 44 100
185 34 48 100
186 39 0 100
187 22 40 150
188 1 25 150
188 1 42 100
188 42 19 100
189 41 11 99
189 10 6 99
190 19 49 100
191 32 34 100
191 19 45 100
191 27 16 99
192 7 13 100
192 8 48 100
192 33 19 99
193 31 42 100
193 46 27 150
195 15 16 100
196 36 1 99
197 29 6 99
197 41 39 100
198 25 16 100
198 37 19 100
198 13 48 100
199 47 17 100
199 39 44 150
199 41 11 99
200 45 42 100
202 40 6 100
202 18 44 100
202 11 37 99
202 6 1 100
203 45 34 99
203 18 19 100
203 34 48 100
204 28 3 100
204 28 45 100
204 9 7 100
206 46 27 150
206 30 9 100
206 8 25 150
207 40 31 148
207 30 42 99
207 22 16 99
208 32 46 99
208 11 3 100
208 14 11 100
209 35 34 100
209 3 29 99
210 21 28 100
210 47 6 99
210 24 26 100
210 42 19 100
210 42 26 150
211 37 19 100
211 8 48 100
212 1 42 100
212 33 16 100
213 45 34 99
213 4 46 100
213 33 44 150
213 25 31 100
215 33 19 99
215 21 28 100
215 8 48 100
216 44 6 100
216 46 11 100
216 2 1 100
216 38 20 100
217 48 16 148
219 8 27 100
219 1 42 100
220 36 25 100
220 25 16 100
221 14 3 100
221 42 19 100
221 18 47 100
222 9 44 150
222 28 48 100
223 33 1 100
223 33 16 100
223 44 6 100
224 0 19 99
224 13 34 100
226 12 25 150
226 6 26 100
226 7 26 150
227 43 16 100
227 21 18 100
227 28 48 100
228 11 44 150
228 41 11 99
228 0 19 99
228 27 16 99
229 40 6 100
229 34 34 100
229 34 42 100
230 18 39 100
230 34 3 100
230 5 30 150
231 36 3 100
232 47 17 100
232 37 0 99
232 3 45 99
233 31 34 100
233 34 48 100
233 9 46 99
234 33 19 99
234 1 42 100
235 32 1 100
235 32 26 99
235 32 49 100
235 16 27 150
235 42 26 150
236 0 44 150
236 41 40 150
237 31 34 100
237 31 42 100
237 27 37 100
237 12 11 100
237 5 26 100
237 24 26 100
238 33 19 99
239 10 6 99
239 19 31 100
240 41 16 100
241 32 40 150
241 32 46 99
241 3 7 100
241 37 19 100
241 34 48 100
242 34 34 100
243 31 42 100
243 22 16 99
243 9 46 99
244 11 44 150
245 6 25 148
245 6 40 100
245 40 6 100
245 48 40 100
246 24 27 150
246 2 11 99
247 0 19 99
247 41 29 100
248 34 40 148
248 34 42 100
248 34 48 100
248 46 46 100
249 43 16 100
249 34 39 100
250 14 1 100
250 14 3 100
250 16 39 100
251 6 34 100
251 28 30 99
251 23 17 100
253 44 6 100
253 8 27 100
253 8 48 100
254 6 47 100
254 28 45 100
255 27 28 100
255 1 44 150
256 15 39 99
256 2 11 99
256 13 34 100
256 21 7 100
257 11 44 150
257 7 40 148
258 45 16 100
258 45 42 100
258 13 48 100
259 45 34 99
259 40 39 100
260 39 44 150
261 24 26 100
261 24 46 100
261 18 19 100
261 7 26 150
261 14 3 100
262 19 31 100
262 31 17 100
263 31 1 99
263 32 25 150
263 3 29 99
264 27 16 99
264 31 42 100
264 0 27 150
265 46 11 100
265 38 3 100
265 31 34 100
265 47 6 99
266 24 46 100
266 0 19 99
267 11 44 150
267 24 13 100
267 1 42 100
267 32 30 100
268 34 40 148
269 33 7 100
270 16 1 100
271 28 48 100
271 12 29 99
272 48 49 99
273 49 23 99
273 5 26 100
273 33 16 100
273 45 6 100
273 45 26 150
273 32 25 150
273 34 23 148
274 26 25 150
274 12 23 100
274 45 42 100
274 32 46 99
274 46 27 150
275 13 48 100
275 42 19 100
276 0 25 150
277 0 42 100
278 14 1 100
278 19 45 100
278 27 16 99
279 25 16 100
279 25 30 150
279 47 6 99
280 4 11 100
280 20 31 100
280 15 28 100
280 23 17 100
281 4 46 100
281 37 19 100
281 10 13 100
281 1 42 100
283 34 39 100
284 22 6 100
284 8 48 100
285 34 34 100
285 34 42 100
285 32 30 100
286 2 27 100
286 4 46 100
286 6 3 99
286 3 29 99
288 38 20 100
288 42 19 100
288 6 1 100
288 36 46 100
290 24 27 150
290 12 11 100
291 8 48 100
292 20 31 100
293 8 24 99
294 44 6 100
294 29 36 100
295 31 34 100
295 31 42 100
295 28 27 150
296 44 45 100
297 16 1 100
297 2 27 100
298 49 0 100
298 30 42 99
298 15 16 100
298 37 19 100
299 1 3 99
299 24 46 100
301 26 25 150
301 13 48 100
301 40 6 100
302 49 44 100
302 36 28 100
302 11 44 150
302 42 19 100
303 40 17 100
303 8 24 99
303 36 46 100
304 36 25 100
304 9 0 100
305 36 49 100
306 23 26 100
306 0 19 99
306 0 26 100
307 35 34 100
307 35 39 100
307 31 42 100
307 36 11 100
308 26 3 150
308 15 16 100
308 2 1 100
309 16 27 150
309 39 37 100
310 42 34 100
310 34 29 99
311 16 31 100
311 30 42 99
311 10 6 99
312 34 19 150
312 34 48 100
313 23 26 100
313 7 26 150
313 44 45 100
315 35 28 100
316 46 24 100
316 0 42 100
317 16 39 100
317 14 11 100
318 32 25 150
318 41 39 100
318 40 6 100
319 42 19 100
320 21 28 100
320 32 25 150
320 15 42 148
321 41 34 100
321 28 48 100
323 23 0 100
323 28 27 150
325 39 45 100
325 32 1 100
325 32 30 100
325 33 19 99
326 10 6 99
326 46 40 150
326 46 46 100
326 18 39 100
326 25 5 100
327 7 25 100
327 22 23 100
327 22 25 99
327 8 23 150
327 8 24 99
327 8 48 100
327 42 23 100
327 3 29 99
328 22 23 100
330 48 0 99
331 4 27 148
332 14 11 100
333 37 44 100
333 8 27 100
333 5 26 100
333 5 44 150
333 30 26 148
334 28 3 100
334 28 46 150
334 0 6 100
334 18 44 100
335 11 44 150
335 21 28 100
335 37 19 100
335 37 44 100
336 33 1 100
337 31 31 100
337 31 42 100
337 28 48 100
338 9 46 99
338 25 16 100
338 46 27 150
339 8 27 100
340 29 6 99
340 6 24 100
341 40 39 100
341 24 49 99
341 28 30 99
342 36 3 100
343 4 27 148
343 6 3 99
343 43 45 100
343 33 7 100
344 28 48 100
344 33 1 100
344 15 39 99
344 0 25 150
346 23 17 100
346 34 29 99
347 8 25 150
349 4 40 100
349 7 25 100
349 10 6 99
349 0 19 99
349 0 42 100
350 48 0 99
351 17 31 100
352 14 1 100
352 14 26 150
352 14 49 100
352 49 5 99
352 28 48 100
353 40 39 100
353 9 46 99
354 41 11 99
354 24 46 100
354 32 24 100
354 37 19 100
355 27 16 99
357 25 28 99
357 31 17 100
359 37 19 100
359 31 1 99
359 44 45 100
359 26 7 100
359 34 48 100
360 0 6 100
361 37 0 99
361 3 29 99
361 4 27 148
361 14 34 100
362 0 25 150
362 36 46 100
364 40 39 100
364 46 11 100
364 8 48 100
365 32 24 100
367 18 19 100
367 6 26 100
367 5 26 100
368 0 26 100
368 45 26 150
368 36 46 100
368 8 30 150
368 24 26 100
369 18 39 100
369 34 3 100
369 31 1 99
370 31 42 100
370 35 28 100
370 26 7 100
371 8 48 100
371 9 44 150
371 11 44 150
372 25 31 100
372 8 27 100
373 43 5 100
373 33 19 99
374 28 3 100
374 22 6 100
374 9 46 99
374 31 42 100
376 29 0 100
376 46 46 100
377 14 11 100
378 41 39 100
379 39 37 100
379 39 44 150
379 49 44 100
379 11 24 99
380 36 1 99
380 36 3 100
380 37 19 100
380 3 45 99
381 15 39 99
381 47 6 99
382 9 46 99
382 15 16 100
382 13 48 100
383 41 34 100
383 36 46 100
384 15 39 99
385 9 46 99
385 14 3 100
385 33 19 99
386 11 3 100
386 14 42 99
386 14 49 100
386 48 40 100
386 6 40 100
387 44 6 100
388 0 19 99
390 36 1 99
390 36 25 100
391 7 26 150
391 34 9 100
391 34 29 99
392 2 11 99
392 9 46 99
392 18 19 100
393 13 48 100
393 18 44 100
393 37 44 100
393 5 44 150
393 0 42 100
394 19 31 100
394 28 3 100
395 0 6 100
395 23 17 100
396 48 24 100
396 34 42 100
397 7 0 100
397 9 46 99
397 33 1 100
398 35 28 100
398 37 19 100
399 24 26 100
399 25 26 150
400 33 7 100
400 33 45 99
401 27 25 150
401 27 28 100
402 42 19 100
402 28 48 100
403 0 26 100
403 6 26 100
403 6 34 100
403 3 37 100
403 13 11 100
404 11 3 100
404 11 39 100
404 23 26 100
405 24 46 100
406 47 6 99
407 4 27 148
407 27 25 150
407 29 0 100
407 30 42 99
408 36 1 99
408 37 19 100
408 48 24 100
408 34 48 100
409 33 44 150
409 11 44 150
410 17 31 100
411 2 27 100
412 0 6 100
412 45 49 100
413 33 45 99
413 0 25 150
414 9 39 150
414 22 16 99
414 13 48 100
414 31 1 99
415 0 42 100
415 34 29 99
416 23 17 100
418 28 3 100
418 30 26 148
418 37 19 100
418 37 25 148
418 24 26 100
419 35 26 150
419 35 34 100
419 25 11 99
420 46 27 150
421 43 5 100
421 6 24 100
421 47 6 99
422 25 3 99
422 25 16 100
423 22 25 99
423 14 3 100
423 14 42 99
424 31 1 99
425 34 39 100
425 5 26 100
425 0 25 150
425 0 26 100
426 34 42 100
426 0 0 100
426 0 26 100
427 24 49 99
427 39 45 100
427 18 19 100
428 45 34 99
428 13 48 100
430 4 46 100
431 42 19 100
432 22 6 100
432 22 16 99
432 36 1 99
432 2 27 100
432 0 42 100
433 43 16 100
434 2 25 150
434 6 28 99
434 6 39 150
434 26 7 100
434 25 31 100
435 11 24 99
435 8 48 100
435 28 30 99
437 23 17 100
437 12 3 150
437 24 46 100
438 37 19 100
438 2 11 99
439 32 25 150
439 1 42 100
440 47 6 99
440 4 27 148
440 3 29 99
441 41 39 100
441 19 45 100
442 2 1 100
443 15 28 100
443 34 48 100
443 7 0 100
444 4 46 100
444 24 26 100
444 36 26 150
444 33 44 150
445 44 49 99
445 18 44 100
446 14 3 100
446 14 42 99
446 34 39 100
447 0 19 99
447 34 34 100
448 26 7 100
448 47 17 100
449 25 28 99
449 27 24 100
449 10 6 99
449 30 42 99
449 28 30 99
450 15 3 99
450 46 40 150
451 32 46 99
452 0 42 100
452 19 31 100
452 41 11 99
453 24 46 100
454 43 16 100
455 31 1 99
456 29 0 100
456 34 39 100
456 34 48 100
458 45 6 100
458 42 19 100
458 42 30 100
459 6 34 100
460 43 28 100
460 16 27 150
461 32 24 100
461 32 46 99
461 12 29 99
462 28 45 100
463 15 26 150
464 14 39 150
464 14 42 99
465 6 1 100
465 49 5 99
466 12 0 100
466 12 11 100
466 12 23 100
466 8 23 150
466 8 48 100
466 49 23 99
467 17 23 100
467 34 3 100
467 40 6 100
467 40 17 100
468 33 19 99
468 25 3 99
469 29 46 150
469 17 31 100
470 31 42 100
471 43 16 100
471 24 46 100
472 35 26 150
472 14 26 150
472 18 19 100
473 31 1 99
474 45 16 100
474 45 34 99
474 41 30 148
474 8 24 99
474 14 7 100
475 13 48 100
475 28 30 99
476 16 27 150
476 13 11 100
477 1 44 150
477 2 27 100
477 33 44 150
478 14 26 150
478 18 19 100
478 32 26 99
479 29 26 100
479 2 45 100
479 32 26 99
479 34 42 100
479 15 44 150
479 5 44 150
480 45 6 100
480 39 28 100
480 27 25 150
481 24 27 150
481 11 3 100
482 1 38 99
482 1 42 100
483 1 25 150
483 9 46 99
483 36 1 99
484 29 0 100
484 37 19 100
485 12 29 99
485 13 48 100
485 16 39 100
486 41 39 100
486 32 46 99
487 48 24 100
487 15 26 150
487 19 31 100
487 6 25 148
487 6 26 100
488 42 37 100
488 36 28 100
488 3 7 100
489 44 49 99
489 18 19 100
490 47 6 99
490 4 40 100
490 8 48 100
491 33 19 99
492 4 11 100
492 36 1 99
495 43 45 100
495 1 42 100
496 47 17 100
497 46 0 100
497 30 42 99
498 48 24 100
498 21 28 100
499 28 23 100
499 28 48 100
499 14 23 99
499 22 6 100
499 22 23 100
499 12 23 100
500 31 1 99
501 0 19 99
502 44 49 99
503 36 46 100
503 9 7 100
504 42 25 100
504 43 28 100
504 7 25 100
505 24 27 150
505 5 44 150
505 1 44 150
506 17 31 100
507 44 6 100
507 46 46 100
507 42 17 100
507 42 25 100
507 42 34 100
508 41 29 100
508 13 48 100
508 32 46 99
509 13 11 100
509 11 24 99
510 2 27 100
510 33 19 99
510 34 42 100
511 16 1 100
511 46 46 100
512 35 39 100
513 6 26 100
513 23 26 100
515 43 45 100
515 47 6 99
515 24 27 150
516 36 26 150
516 23 26 100
516 30 42 99
517 32 26 99
517 29 26 100
517 20 5 100
517 27 28 100
517 30 9 100
518 16 1 100
518 31 42 100
519 36 11 100
519 9 7 100
520 34 48 100
520 48 24 100
520 18 19 100
521 35 26 150
521 42 26 150
521 19 31 100
522 46 0 100
522 46 46 100
523 35 34 100
523 34 42 100
524 2 25 150
525 6 26 100
525 6 39 150
525 46 46 100
525 5 26 100
526 5 26 100
526 5 44 150
526 18 44 100
526 32 26 99
526 47 43 100
527 14 23 99
528 35 23 100
528 35 39 100
528 12 23 100
528 28 23 100
529 39 37 100
529 1 25 150
530 1 42 100
530 22 6 100
530 46 46 100
531 49 0 100
531 46 24 100
531 14 1 100
531 8 48 100
532 14 26 150
532 37 19 100
532 4 27 148
532 25 26 150
533 39 3 150
533 39 44 150
533 9 44 150
534 36 25 100
534 19 45 100
535 46 46 100
535 8 30 150
535 0 19 99
536 5 47 100
536 26 25 150
536 15 39 99
536 24 34 99
536 12 29 99
537 20 31 100
537 32 49 100
538 32 26 99
538 31 42 100
538 28 48 100
538 0 26 100
539 37 0 99
539 2 1 100
539 2 27 100
539 46 46 100
539 28 30 99
540 40 17 100
540 15 44 150
540 9 44 150
542 6 27 150
543 36 46 100
544 14 11 100
544 33 24 100
545 9 0 100
545 42 25 100
545 14 1 100
545 14 42 99
545 7 25 100
546 35 26 150
546 5 26 100
546 28 48 100
547 44 6 100
549 14 42 99
549 4 46 100
549 18 19 100
550 8 27 100
550 24 46 100
551 15 26 150
551 15 28 100
551 47 17 100
551 0 26 100
552 7 26 150
552 0 26 100
552 24 1 100
553 15 26 150
553 34 34 100
554 8 48 100
554 2 11 99
554 37 19 100
555 42 34 100
555 26 24 100
555 26 45 100
555 19 31 100
555 4 27 148
556 30 42 99
557 27 16 99
557 27 28 100
557 45 6 100
557 28 30 99
558 24 46 100
558 16 39 100
559 42 30 100
559 0 42 100
559 14 7 100
560 0 0 100
560 0 27 150
560 33 16 100
560 25 3 99
561 14 3 100
563 36 1 99
563 36 46 100
563 0 19 99
564 33 7 100
565 32 40 150
566 25 11 99
566 8 48 100
567 19 49 100
567 33 39 150
567 0 42 100
568 10 6 99
568 41 29 100
569 4 46 100
570 33 24 100
571 43 31 100
571 31 1 99
571 31 42 100
572 2 25 150
572 31 17 100
573 8 48 100
573 42 19 100
574 26 45 100
575 36 46 100
577 6 27 150
578 29 6 99
578 42 19 100
578 22 16 99
579 38 3 100
579 7 43 100
580 15 16 100
580 9 0 100
581 14 42 99
581 33 19 99
581 41 11 99
582 46 46 100
582 42 25 100
583 32 24 100
583 32 25 150
583 45 42 100
583 7 43 100
583 8 27 100
584 42 34 100
584 14 42 99
585 14 46 150
585 0 6 100
586 13 48 100
586 32 1 100
586 16 27 150
587 21 33 100
587 43 31 100
588 43 36 100
588 48 40 100
588 4 40 100
588 21 18 100
589 45 49 100
589 0 27 150
590 45 16 100
590 37 19 100
591 0 42 100
591 8 27 100
592 41 16 100
592 37 25 148
593 22 6 100
593 32 46 99
594 12 11 100
594 37 40 148
594 0 27 150
594 21 33 100
595 42 30 100
595 42 34 100
595 4 15 100
595 30 42 99
596 0 27 150
596 46 24 100
596 31 1 99
598 0 19 99
598 15 33 100
599 36 28 100
599 40 6 100
600 43 31 100
600 33 19 99
600 8 48 100
601 1 42 100
602 14 11 100
603 35 16 99
603 8 27 100
604 34 3 100
604 42 19 100
605 4 36 148
605 25 16 100
605 7 43 100
605 30 42 99
606 27 16 99
606 12 0 100
607 6 27 150
608 7 43 100
608 28 48 100
609 34 3 100
609 30 13 100
609 4 15 100
609 41 16 100
610 44 6 100
610 43 36 100
610 18 19 100
612 14 1 100
612 14 26 150
612 15 16 100
612 15 26 150
612 32 24 100
612 4 27 148
613 30 28 100
613 25 11 99
613 28 48 100
614 7 0 100
614 7 25 100
614 31 17 100
615 15 33 100
616 45 42 100
616 8 27 100
617 31 42 100
617 18 19 100
618 4 27 148
618 4 33 100
618 13 34 100
618 18 13 100
619 38 3 100
619 25 31 100
619 47 43 100
619 28 48 100
620 8 27 100
621 0 6 100
621 10 36 99
623 32 40 150
623 4 27 148
624 36 25 100
624 42 19 100
624 42 25 100
625 46 24 100
625 36 15 99
625 36 33 100
626 15 43 100
626 2 11 99
627 11 3 100
627 35 28 100
627 42 25 100
627 10 6 99
628 41 16 100
628 41 34 100
628 29 46 150
628 8 48 100
629 16 27 150
629 0 19 99
629 0 42 100
630 36 25 100
630 8 27 100
630 7 25 100
631 11 37 99
631 35 26 150
631 23 26 100
631 30 42 99
632 42 25 100
632 12 29 99
633 6 27 150
634 29 0 100
634 31 1 99
634 22 16 99
634 8 3 100
635 33 19 99
635 33 43 100
635 22 6 100
636 17 34 99
637 2 11 99
638 25 3 99
638 25 16 100
638 0 27 150
638 8 48 100
639 42 26 150
640 34 42 100
640 4 46 100
641 4 15 100
641 2 27 100
641 27 24 100
642 28 30 99
642 29 36 100
642 33 19 99
642 9 40 100
642 8 33 100
643 42 26 150
643 42 30 100
643 15 26 150
643 15 43 100
644 45 16 100
644 45 26 150
644 0 26 100
645 42 19 100
646 17 31 100
646 15 33 100
646 15 43 100
646 45 6 100
646 39 13 100
647 28 48 100
647 4 11 100
648 42 19 100
648 39 44 150
649 21 33 100
649 16 27 150
649 6 44 148
650 9 0 100
650 9 36 99
651 7 40 148
651 16 27 150
651 15 44 150
651 11 44 150
652 24 26 100
652 26 24 100
652 48 40 100
652 5 26 100
652 9 40 100
653 46 40 150
653 15 33 100
653 29 6 99
654 30 3 100
655 0 27 150
655 0 42 100
655 22 16 99
655 2 1 100
656 36 15 99
656 9 36 99
656 34 48 100
657 45 26 150
657 6 26 100
657 6 27 150
657 36 46 100
658 42 19 100
658 42 25 100
659 22 43 99
660 1 25 150
660 43 16 100
660 8 27 100
660 22 6 100
661 2 27 100
661 30 13 100
661 4 46 100
662 31 42 100
662 35 16 99
662 25 11 99
663 24 27 150
663 24 46 100
663 15 3 99
664 19 31 100
664 36 33 100
664 37 40 148
665 30 42 99
665 15 43 100
666 11 24 99
666 36 25 100
666 7 25 100
666 18 19 100
667 35 26 150
667 13 48 100
667 31 1 99
667 23 26 100
668 24 27 150
668 41 16 100
668 4 33 100
669 0 6 100
670 37 19 100
670 37 25 148
670 35 34 100
672 10 13 100
673 37 19 100
673 39 43 100
674 46 0 100
674 46 11 100
674 24 49 99
674 28 48 100
674 1 15 99
675 32 30 100
675 32 46 99
676 29 6 99
677 24 13 100
677 24 27 150
677 1 28 100
677 22 43 99
678 14 7 100
678 19 45 100
678 48 16 148
678 48 24 100
679 30 3 100
679 30 42 99
679 31 31 100
679 0 19 99
680 34 48 100
680 7 36 99
680 16 27 150
681 25 28 99
682 35 26 150
683 39 43 100
683 8 25 150
683 33 19 99
684 7 26 150
684 7 36 99
684 29 26 100
685 45 6 100
685 33 1 100
686 41 11 99
686 42 30 100
686 46 46 100
687 0 26 100
687 0 27 150
687 40 13 150
687 14 26 150
687 28 48 100
688 37 19 100
688 30 42 99
689 17 34 99
689 8 27 100
690 33 16 100
690 33 44 150
690 6 3 99
690 31 42 100
690 1 15 99
691 39 47 99
691 49 44 100
691 29 36 100
692 10 36 99
692 27 24 100
693 33 19 99
693 22 25 99
694 31 31 100
694 31 42 100
695 34 40 148
695 34 48 100
695 8 27 100
695 43 16 100
695 43 36 100
695 22 6 100
695 24 13 100
696 18 19 100
697 21 33 100
698 22 43 99
698 3 29 99
699 0 26 100
699 46 46 100
699 7 26 150
700 7 25 100
700 7 26 150
700 7 40 148
700 15 16 100
700 15 33 100
700 0 19 99
700 0 26 100
701 1 42 100
701 24 1 100
702 22 25 99
702 2 11 99
703 2 27 100
703 22 42 150
703 46 46 100
703 16 3 148
704 0 19 99
704 42 34 100
704 43 36 100
705 29 6 99
705 16 27 150
705 22 16 99
705 46 46 100
706 30 26 148
706 24 26 100
706 24 49 99
706 0 44 150
706 15 44 150
707 7 13 100
708 28 27 150
708 28 48 100
708 18 44 100
708 5 26 100
708 5 44 150
708 0 26 100
708 14 1 100
709 47 43 100
709 36 33 100
710 21 33 100
710 27 24 100
710 18 40 148
710 16 27 150
711 9 46 99
711 18 13 100
712 15 26 150
712 0 26 100
712 8 27 100
713 36 3 100
713 10 6 99
713 18 19 100
714 25 36 100
715 23 26 100
715 7 26 150
715 42 30 100
715 0 42 100
716 30 3 100
716 23 37 99
716 7 43 100
716 4 15 100
717 36 13 150
718 0 19 99
718 0 27 150
718 7 13 100
719 12 11 100
720 40 6 100
720 8 27 100
720 31 42 100
721 27 16 99
721 27 28 100
722 32 1 100
722 25 31 100
723 2 33 150
723 37 19 100
724 36 25 100
724 13 48 100
724 4 27 148
724 47 43 100
724 25 16 100
725 1 42 100
725 11 24 99
726 22 6 100
726 4 27 148
727 10 36 99
727 36 33 100
727 36 46 100
727 42 30 100
727 0 42 100
729 22 40 150
729 37 19 100
729 25 11 99
730 24 1 100
730 1 15 99
730 21 33 100
731 22 16 99
731 48 0 99
731 14 42 99
732 10 13 100
732 8 33 100
733 18 19 100
733 9 7 100
735 30 42 99
735 8 27 100
736 4 40 100
736 4 46 100
736 22 36 100
737 7 25 100
737 33 19 99
738 44 6 100
738 6 24 100
738 33 16 100
739 42 25 100
739 19 31 100
739 7 25 100
739 46 27 150
739 1 42 100
740 8 48 100
741 7 36 99
741 36 28 100
742 15 44 150
742 5 44 150
742 24 27 150
743 6 26 100
743 6 28 99
743 15 26 150
743 2 11 99
744 42 19 100
744 42 25 100
744 49 0 100
744 15 43 100
745 41 34 100
746 27 16 99
746 42 19 100
746 36 1 99
746 36 15 99
747 15 33 100
747 2 27 100
748 11 3 100
748 35 26 150
748 8 27 100
748 8 48 100
749 6 25 148
749 6 40 100
749 46 0 100
750 27 16 99
750 9 40 100
750 14 42 99
751 48 49 99
751 0 19 99
752 29 6 99
753 26 28 100
753 24 26 100
753 4 11 100
753 4 33 100
753 20 31 100
753 14 26 150
754 28 30 99
754 15 33 100
754 26 24 100
754 8 27 100
754 24 46 100
755 2 27 100
756 16 1 100
756 31 42 100
757 0 27 150
757 0 42 100
757 41 29 100
758 10 36 99
758 8 3 100
758 8 27 100
758 8 48 100
759 41 16 100
760 30 42 99
761 6 3 99
761 36 15 99
761 33 19 99
763 48 49 99
763 41 11 99
763 40 6 100
763 42 19 100
764 26 42 148
764 24 27 150
765 9 44 150
765 6 44 148
766 30 13 100
766 30 42 99
766 7 43 100
766 38 33 150
767 4 27 148
767 14 1 100
768 3 7 100
769 1 42 100
769 2 27 100
770 21 33 100
770 11 3 100
770 42 19 100
770 22 16 99
771 6 28 99
771 34 48 100
771 46 46 100
772 25 36 100
773 9 36 99
773 8 24 99
773 8 27 100
773 44 6 100
774 14 49 100
774 4 27 148
775 31 1 99
775 25 11 99
775 25 26 150
775 29 26 100
776 2 27 100
776 45 16 100
776 45 34 99
777 28 48 100
777 32 40 150
778 41 40 150
778 4 15 100
779 38 33 150
779 43 31 100
779 12 25 150
779 8 27 100
780 2 27 100
780 14 42 99
780 0 19 99
781 9 0 100
781 0 25 150
781 41 16 100
781 8 27 100
782 4 33 100
782 15 26 150
782 15 28 100
782 29 26 100
783 47 6 99
783 46 46 100
784 24 27 150
784 4 33 100
784 18 29 99
785 2 11 99
786 41 16 100
787 46 27 150
787 8 3 100
787 32 1 100
788 48 40 100
788 29 6 99
788 29 36 100
788 25 36 100
788 8 24 99
788 8 27 100
788 8 48 100
790 24 13 100
790 24 46 100
790 22 43 99
790 37 19 100
790 31 42 100
791 14 34 100
791 25 16 100
791 25 36 100
792 2 27 100
792 42 26 150
792 1 15 99
793 0 26 100
793 41 16 100
794 1 42 100
794 33 16 100
795 34 40 148
795 27 33 100
795 49 44 100
795 5 44 150
796 6 27 150
796 34 48 100
797 46 27 150
797 42 26 150
797 42 30 100
797 29 26 100
798 47 6 99
798 31 34 100
798 2 11 99
799 29 36 100
799 25 3 99
799 31 17 100
799 39 43 100
800 1 25 150
800 18 19 100
801 14 26 150
801 14 42 99
801 2 25 150
801 2 27 100
802 6 26 100
802 11 24 99
802 7 26 150
803 43 16 100
804 20 31 100
804 8 27 100
804 8 48 100
805 0 19 99
805 0 42 100
805 6 1 100
806 36 15 99
806 48 0 99
807 2 27 100
808 6 26 100
808 7 26 150
808 2 27 100
809 32 25 150
810 29 6 99
810 29 26 100
810 32 26 99
810 8 3 100
810 8 48 100
810 42 19 100
811 9 36 99
811 9 46 99
811 16 1 100
812 9 36 99
812 9 46 99
812 34 42 100
812 22 43 99
813 15 28 100
813 2 11 99
814 14 3 100
814 37 19 100
816 27 16 99
816 27 24 100
816 27 33 100
816 2 27 100
817 45 6 100
817 45 16 100
818 41 40 150
818 26 3 150
818 37 19 100
819 48 40 100
819 13 48 100
820 8 27 100
821 32 26 99
821 32 49 100
821 35 26 150
821 31 42 100
821 36 11 100
821 36 15 99
822 43 28 100
822 21 33 100
822 46 46 100
822 8 27 100
823 45 16 100
823 4 40 100
824 19 31 100
824 42 19 100
824 42 25 100
824 8 27 100
825 4 13 150
826 22 42 150
827 10 6 99
827 10 36 99
827 42 19 100
827 39 43 100
828 9 40 100
829 37 28 99
829 49 46 148
829 24 27 150
830 17 34 99
830 7 36 99
830 14 42 99
831 4 27 148
832 33 16 100
832 33 24 100
832 47 6 99
832 8 27 100
833 33 1 100
833 36 11 100
833 36 46 100
833 41 29 100
834 29 0 100
834 8 48 100
834 22 16 99
835 28 27 150
835 4 33 100
837 34 42 100
838 43 16 100
839 4 15 100
840 42 19 100
840 27 16 99
840 27 28 100
840 45 42 100
840 39 45 100
841 24 13 100
841 9 40 100
841 45 6 100
842 36 25 100
842 8 27 100
843 25 16 100
843 25 31 100
843 6 40 100
843 7 25 100
844 32 1 100
844 32 24 100
844 49 44 100
844 15 44 150
845 1 25 150
845 21 33 100
845 37 19 100
845 37 44 100
845 2 27 100
846 0 6 100
846 0 42 100
846 28 3 100
846 29 36 100
846 26 28 100
847 7 43 100
847 2 11 99
847 33 19 99
848 13 48 100
849 34 40 148
849 25 36 100
850 2 27 100
851 18 19 100
852 8 48 100
853 0 6 100
853 2 27 100
854 29 36 100
854 21 33 100
855 26 25 150
855 31 42 100
855 4 15 100
855 42 30 100
856 27 24 100
856 39 44 150
856 1 44 150
857 27 16 99
857 15 43 100
857 37 19 100
857 6 27 150
858 44 6 100
858 37 28 99
859 45 49 100
859 2 25 150
860 40 17 100
860 12 11 100
860 2 1 100
861 36 33 100
861 10 13 100
862 8 48 100
862 32 34 100
865 36 46 100
