299 14 7 100
299 14 15 150
299 14 19 100
299 14 27 148
299 14 40 100
299 14 41 64
306 14 15 150
306 14 19 100
306 14 27 148
306 14 40 100
306 14 41 44
316 14 15 150
316 14 19 100
316 14 27 148
316 14 40 100
316 14 41 44
328 14 15 150
328 14 19 100
328 14 27 148
328 14 40 100
328 14 41 44
334 14 15 150
334 14 19 100
334 14 27 148
334 14 40 100
334 14 41 44
346 14 15 150
346 14 19 100
346 14 27 148
346 14 40 100
346 14 41 44
353 14 15 150
353 14 19 100
353 14 27 148
353 14 40 100
353 14 41 148
357 14 7 100
357 14 15 150
357 14 19 100
357 14 27 148
357 14 40 100
357 14 41 148
358 14 7 100
358 14 15 150
358 14 19 100
358 14 27 148
358 14 40 100
358 14 41 148
359 14 7 100
359 14 15 150
359 14 19 100
359 14 27 148
359 14 40 100
359 14 41 148
360 14 7 100
360 14 15 150
360 14 19 100
360 14 27 148
360 14 40 100
360 14 41 148
362 14 7 100
362 14 15 150
362 14 19 100
362 14 27 148
362 14 40 100
362 14 41 148
365 14 7 100
365 14 15 150
365 14 19 100
365 14 27 148
365 14 40 100
365 14 41 148
366 14 7 100
366 14 15 150
366 14 19 100
366 14 27 148
366 14 40 100
366 14 41 148
372 14 7 100
372 14 15 150
372 14 19 100
372 14 27 148
372 14 40 100
372 14 41 148
377 14 7 100
377 14 15 150
377 14 19 100
377 14 27 148
377 14 40 100
377 14 41 148
382 14 7 100
382 14 15 150
382 14 19 100
382 14 27 148
382 14 40 100
382 14 41 148
383 14 7 100
383 14 15 150
383 14 19 100
383 14 27 148
383 14 40 100
383 14 41 148
391 14 7 100
391 14 15 150
391 14 19 100
391 14 27 148
391 14 40 100
391 14 41 148
394 14 7 100
394 14 15 150
394 14 19 100
394 14 27 148
394 14 40 100
394 14 41 148
398 14 7 100
398 14 15 150
398 14 19 100
398 14 27 148
398 14 40 100
398 14 41 148
402 14 7 100
402 14 15 150
402 14 19 100
402 14 27 148
402 14 40 100
402 14 41 148
403 14 7 100
403 14 15 150
403 14 19 100
403 14 27 148
403 14 40 100
403 14 41 148
407 14 7 100
407 14 15 150
407 14 19 100
407 14 27 148
407 14 40 100
407 14 41 148
408 14 7 100
408 14 15 150
408 14 19 100
408 14 27 148
408 14 40 100
408 14 41 148
413 14 7 100
413 14 15 150
413 14 19 100
413 14 27 148
413 14 40 100
413 14 41 148
417 14 7 100
417 14 15 150
417 14 19 100
417 14 27 148
417 14 40 100
417 14 41 148
420 14 7 100
420 14 15 150
420 14 19 100
420 14 27 148
420 14 40 100
420 14 41 148
421 14 7 100
421 14 15 150
421 14 19 100
421 14 27 148
421 14 40 100
421 14 41 148
429 14 7 100
429 14 15 150
429 14 19 100
429 14 27 148
429 14 40 100
429 14 41 148
434 14 7 100
434 14 15 150
434 14 19 100
434 14 27 148
434 14 40 100
434 14 41 148
438 14 7 100
438 14 15 150
438 14 19 100
438 14 27 148
438 14 40 100
438 14 41 148
439 14 7 100
439 14 15 150
439 14 19 100
439 14 27 148
439 14 40 100
439 14 41 148
440 14 7 100
440 14 15 150
440 14 19 100
440 14 27 148
440 14 40 100
440 14 41 148
442 14 7 100
442 14 15 150
442 14 19 100
442 14 27 148
442 14 40 100
442 14 41 148
444 14 7 100
444 14 15 150
444 14 19 100
444 14 27 148
444 14 40 100
444 14 41 148
450 14 7 100
450 14 15 150
450 14 19 100
450 14 27 148
450 14 40 100
450 14 41 148
451 14 7 100
451 14 15 150
451 14 19 100
451 14 27 148
451 14 40 100
451 14 41 148
455 14 7 100
455 14 15 150
455 14 19 100
455 14 27 148
455 14 40 100
455 14 41 148
457 14 7 100
457 14 15 150
457 14 19 100
457 14 27 148
457 14 40 100
457 14 41 148
460 14 7 100
460 14 15 150
460 14 19 100
460 14 27 148
460 14 40 100
460 14 41 148
461 16 0 100
461 16 4 148
461 16 6 100
461 16 9 150
461 16 20 150
461 16 48 99
461 32 0 100
461 32 20 100
461 32 22 90
461 32 29 100
461 32 32 150
461 32 40 100
461 32 41 150
461 32 45 150
461 22 2 114
461 22 12 8
461 22 40 150
461 22 45 12
461 6 13 100
461 6 41 150
461 39 4 100
461 39 6 150
461 39 7 100
461 39 34 148
461 39 48 100
461 39 49 150
461 20 0 100
461 20 20 148
461 20 39 150
461 20 40 99
461 49 7 99
461 49 13 150
461 49 24 148
461 49 27 100
461 49 29 88
461 49 49 148
461 37 13 54
461 37 23 148
461 37 24 99
461 37 39 150
461 37 40 100
461 37 48 150
461 26 4 150
461 26 23 100
461 26 29 2
461 26 41 99
461 40 4 100
461 40 15 100
461 40 23 99
461 40 39 148
461 40 41 99
461 40 48 18
461 45 20 150
461 45 27 148
461 45 32 150
461 36 0 100
461 36 15 150
461 36 20 148
461 36 23 100
461 36 39 100
461 36 40 150
461 36 41 100
461 36 48 1
461 24 32 100
461 24 37 150
461 24 41 150
461 24 49 150
461 33 0 100
461 33 15 148
461 33 27 100
461 33 32 100
461 33 34 100
461 33 37 148
461 33 40 99
461 35 15 100
461 35 41 150
461 27 0 99
461 27 15 100
461 27 39 100
461 27 41 150
462 13 7 150
462 13 15 100
462 13 23 100
462 13 32 148
462 0 0 100
462 0 40 148
462 0 48 24
462 40 15 100
462 40 23 99
462 40 39 148
462 40 41 99
462 43 0 100
462 43 9 150
462 43 23 100
462 43 32 150
462 43 39 148
462 43 40 99
462 29 7 99
462 29 19 148
462 29 23 100
462 29 32 150
462 29 34 100
462 1 24 150
462 1 34 148
462 1 37 100
462 19 0 100
462 19 34 148
462 19 39 100
462 19 48 2
462 35 41 150
462 45 0 100
462 45 27 148
462 45 32 150
462 32 0 100
462 32 23 100
462 32 32 150
462 32 40 100
462 32 41 150
462 6 7 100
462 6 41 150
462 12 6 150
462 12 15 148
462 12 24 100
462 12 40 148
462 4 6 100
462 4 7 150
462 4 27 150
462 4 32 148
462 4 34 36
462 4 39 99
462 4 49 150
462 21 19 150
462 21 32 100
462 21 39 150
462 21 40 100
462 25 9 150
462 25 32 100
462 25 34 2
462 27 0 99
462 27 15 100
462 27 39 100
462 27 41 150
463 48 7 150
463 48 15 100
463 48 23 100
463 48 24 22
463 48 49 28
463 10 34 52
463 44 4 48
463 44 40 150
463 44 41 100
463 6 7 100
463 6 41 150
463 29 7 99
463 29 19 148
463 29 23 100
463 29 32 150
463 11 0 100
463 11 6 150
463 11 24 1
463 11 37 100
463 11 39 150
463 11 49 1
463 22 40 150
463 42 0 100
463 42 37 100
463 0 0 100
463 0 40 148
463 0 48 24
463 19 39 100
463 19 48 2
463 23 6 150
463 23 19 99
463 23 23 150
463 23 37 100
463 23 41 148
463 13 7 150
463 13 15 100
463 13 23 100
463 13 32 148
463 47 9 100
463 47 37 100
463 47 41 150
463 12 6 150
463 12 15 148
463 12 40 148
463 40 15 100
463 40 23 99
463 40 39 148
463 40 41 99
464 32 0 100
464 32 23 25
464 32 40 100
464 32 41 150
464 43 0 82
464 43 32 150
464 43 39 148
464 43 40 99
464 40 15 100
464 40 39 148
464 40 41 99
464 49 7 99
464 49 13 8
464 34 37 100
464 1 37 100
464 42 37 100
464 4 6 100
464 4 7 150
464 4 27 150
464 4 32 148
464 4 37 148
464 4 39 21
464 38 19 99
464 38 37 100
464 2 37 150
464 48 7 150
464 48 15 100
464 48 32 100
464 5 9 150
464 5 19 99
464 5 37 100
464 5 39 2
464 16 9 150
464 45 27 148
464 45 32 150
464 6 7 100
464 6 41 150
464 10 37 100
465 47 9 100
465 47 37 100
465 47 41 150
465 6 7 100
465 6 41 150
465 27 15 100
465 27 39 17
465 33 15 148
465 33 27 100
465 33 32 100
465 33 37 148
465 33 40 99
465 14 7 100
465 14 15 150
465 14 19 100
465 14 27 148
465 14 40 100
465 14 41 148
465 37 19 148
465 37 40 100
465 29 7 99
465 29 19 148
465 29 32 150
465 17 9 87
465 17 37 100
465 17 40 148
465 42 37 100
465 48 7 150
465 48 15 100
465 48 32 100
465 24 27 148
465 24 32 100
465 24 37 150
465 24 41 150
465 20 40 99
465 44 6 30
465 44 41 100
465 4 6 2
465 4 27 150
465 4 32 148
465 4 37 148
465 10 37 100
465 11 32 96
466 9 9 1
466 9 32 2
466 3 23 28
466 27 15 100
466 27 39 17
466 40 15 100
466 40 41 99
466 11 37 100
466 12 15 148
466 12 40 148
466 25 37 33
466 35 41 150
466 24 27 148
466 24 41 150
466 13 7 150
466 13 15 100
466 13 23 2
466 31 41 99
466 14 7 100
466 14 15 150
466 14 19 100
466 14 27 148
466 14 40 100
466 14 41 148
466 22 40 150
467 8 15 150
467 8 27 150
467 8 39 16
467 45 27 148
467 48 7 150
467 48 15 100
467 14 7 100
467 14 15 150
467 14 19 100
467 14 27 148
467 14 40 100
467 14 41 148
467 6 7 100
467 6 41 150
467 46 19 150
467 46 27 100
467 23 19 99
467 23 41 148
467 32 40 100
467 32 41 150
467 5 19 99
467 37 19 148
467 37 40 100
467 12 15 148
467 12 40 148
467 7 15 150
467 7 19 100
467 7 27 148
467 36 15 150
467 36 40 150
467 36 41 100
467 15 15 150
467 15 19 100
467 15 41 148
468 47 41 150
468 11 39 18
468 41 15 100
468 24 27 148
468 24 41 150
468 38 15 100
468 38 19 99
468 49 7 99
468 49 27 100
468 3 41 148
468 32 40 100
468 32 41 150
468 20 40 99
468 48 7 150
468 48 15 100
468 40 15 100
468 40 41 99
468 29 7 99
468 29 19 148
468 26 41 99
469 9 15 148
469 27 15 100
469 27 39 17
469 14 7 100
469 14 15 150
469 14 19 100
469 14 27 148
469 14 40 100
469 14 41 148
469 26 41 99
469 23 19 99
469 23 41 148
469 8 15 150
469 8 27 150
469 8 41 99
469 48 7 150
469 48 15 100
469 13 7 150
469 13 15 100
469 12 15 148
469 12 40 148
469 47 41 150
469 17 15 100
469 17 40 148
469 43 40 99
469 4 7 150
469 4 27 150
469 49 7 99
469 49 27 100
470 23 19 99
470 23 41 148
470 29 7 99
470 29 19 148
470 30 40 150
470 46 19 150
470 46 27 100
470 26 41 99
470 43 39 16
470 7 15 150
470 7 19 100
470 7 27 148
470 37 19 148
470 37 40 100
470 20 40 99
470 4 7 150
470 4 27 150
470 0 40 148
470 36 15 150
470 36 40 150
470 36 41 100
470 32 40 100
470 32 41 150
470 9 15 148
471 37 19 148
471 37 39 18
471 48 7 150
471 48 15 100
471 6 7 100
471 6 41 150
471 5 19 99
471 9 15 148
471 23 19 99
471 23 41 148
471 29 7 99
471 29 19 148
471 18 27 100
471 15 15 150
471 15 19 100
471 15 41 148
471 40 15 100
471 40 41 99
471 45 27 148
471 7 15 150
471 7 19 100
471 7 27 148
471 43 40 99
471 20 40 99
472 30 40 150
472 26 41 99
472 3 13 8
472 21 19 150
472 21 39 16
472 44 40 150
472 44 41 100
472 15 15 150
472 15 19 100
472 15 41 148
472 32 40 100
472 32 41 150
472 31 27 100
472 31 41 99
472 9 15 148
472 22 39 1
472 13 7 150
472 13 15 100
473 43 39 16
473 3 41 148
473 41 7 99
473 41 15 100
473 29 7 99
473 29 19 148
473 33 15 148
473 33 27 100
473 33 40 99
473 17 15 100
473 17 40 148
473 48 7 150
473 48 15 100
473 30 40 150
473 22 39 1
473 44 40 150
473 44 41 100
473 8 15 150
473 8 27 150
473 8 41 99
473 23 19 99
473 23 41 148
473 9 15 148
473 31 27 100
473 31 41 99
474 26 41 99
474 39 7 100
474 41 7 99
474 41 13 8
474 45 27 148
474 8 15 150
474 8 27 150
474 8 39 16
474 32 40 100
474 32 41 150
474 35 15 100
474 35 41 150
474 36 15 150
474 36 40 150
474 36 41 100
474 43 40 99
474 38 15 100
474 38 19 99
474 14 7 100
474 14 15 150
474 14 19 100
474 14 27 148
474 14 40 100
474 14 41 148
474 20 40 99
474 30 40 150
475 27 15 100
475 27 39 18
475 26 41 99
475 9 15 148
475 9 48 26
475 15 19 100
475 15 41 148
475 1 13 8
475 24 41 150
475 12 15 148
475 12 40 148
475 39 7 100
475 45 27 148
475 23 19 99
475 23 41 148
475 7 15 150
475 7 19 100
475 7 27 148
475 30 40 150
475 35 15 100
475 35 41 150
476 8 15 150
476 8 23 30
476 8 39 16
476 27 15 100
476 27 39 1
476 15 15 150
476 15 19 100
476 15 41 148
476 47 41 150
476 6 7 100
476 6 41 150
476 26 29 18
476 35 15 100
476 35 41 150
476 40 15 100
476 40 29 1
476 46 19 150
476 46 27 100
476 49 7 99
476 49 27 100
476 31 27 100
476 31 41 99
476 48 7 150
476 48 15 100
476 3 41 148
476 41 7 99
476 41 15 100
477 48 7 150
477 48 15 100
477 27 15 100
477 27 39 17
477 24 27 148
477 24 37 150
477 24 41 150
477 29 7 99
477 29 19 148
477 0 40 148
477 23 19 99
477 23 37 60
477 5 19 99
477 21 19 150
477 21 40 100
477 33 15 148
477 33 27 100
477 33 40 99
477 35 15 100
477 35 41 150
477 37 19 148
477 37 40 100
477 40 15 100
477 40 41 99
477 18 27 100
477 9 15 148
477 4 7 150
477 4 27 150
478 40 15 100
478 40 39 16
478 9 15 148
478 43 40 99
478 31 27 100
478 31 41 99
478 5 19 99
478 45 27 148
478 24 27 148
478 24 41 150
478 8 15 150
478 8 27 150
478 8 41 99
478 0 40 148
478 4 7 150
478 4 27 150
478 30 40 150
478 17 15 100
478 17 40 148
478 44 40 150
478 44 41 100
479 3 41 148
479 11 39 18
479 46 27 100
479 48 7 150
479 48 15 100
479 6 7 100
479 6 41 150
479 18 27 100
479 30 40 150
479 21 19 150
479 21 40 100
479 22 40 150
479 49 7 99
479 49 27 100
479 41 7 99
479 41 15 100
479 5 19 99
479 33 15 148
479 33 27 100
479 33 40 99
480 45 27 148
480 6 7 100
480 6 13 8
480 24 27 148
480 24 41 150
480 19 39 16
480 29 19 148
480 9 15 148
480 15 15 150
480 15 19 100
480 15 41 148
480 37 19 148
480 37 40 100
480 0 40 148
480 22 39 1
480 17 15 100
480 17 40 148
480 27 15 100
480 27 41 150
480 41 7 99
480 41 15 100
480 7 15 150
480 7 19 100
480 7 27 148
481 7 15 150
481 7 19 100
481 7 27 148
481 22 39 17
481 40 15 100
481 40 41 99
481 8 15 150
481 8 20 9
481 8 34 51
481 9 15 148
481 23 19 99
481 23 41 148
481 20 40 99
481 27 15 100
481 27 41 150
481 45 27 148
481 44 40 150
481 44 41 100
481 24 27 148
481 24 41 150
481 31 27 100
481 31 41 99
481 2 34 1
481 21 40 100
482 38 13 16
482 38 19 99
482 38 39 15
482 12 15 148
482 12 40 148
482 12 48 26
482 40 15 100
482 40 41 99
482 24 27 148
482 24 41 150
482 4 7 150
482 4 27 150
482 21 19 150
482 21 40 100
482 6 7 100
482 6 41 150
483 11 39 15
483 4 27 150
483 40 15 100
483 40 41 99
483 30 40 150
483 48 7 150
483 48 15 100
483 49 7 99
483 49 13 8
483 23 19 99
483 23 41 148
483 22 39 2
483 31 27 100
483 31 41 99
483 9 15 148
483 45 27 148
483 5 19 99
483 17 15 100
483 17 40 148
484 19 39 16
484 28 13 8
484 6 41 150
484 21 19 150
484 21 40 100
484 35 15 100
484 35 41 150
484 13 7 150
484 13 15 100
484 9 15 148
484 15 15 150
484 15 19 100
484 15 41 148
484 3 41 148
484 29 7 99
484 29 19 148
484 27 15 100
484 27 39 1
484 5 19 99
484 43 40 99
484 48 7 150
484 48 15 100
485 44 40 150
485 44 41 100
485 24 27 148
485 24 41 150
485 26 41 99
485 12 15 148
485 12 40 148
485 32 40 100
485 32 41 150
485 46 19 6735
485 38 15 100
485 38 39 15
485 49 27 100
485 4 7 150
485 4 27 150
485 17 15 100
485 17 40 148
485 37 40 100
485 18 27 100
485 29 7 99
485 14 7 100
485 14 15 150
485 14 19 2
485 14 40 100
485 14 41 148
485 6 7 100
485 6 41 150
486 21 39 16
486 40 15 100
486 40 41 99
486 19 34 52
486 49 27 100
486 7 15 150
486 7 27 148
486 6 7 100
486 6 41 150
486 47 41 150
486 45 27 148
486 36 15 150
486 36 40 150
486 36 41 100
486 12 15 148
486 12 40 148
486 41 7 99
486 41 15 100
486 3 41 148
486 23 41 148
486 4 7 150
486 4 27 150
487 0 40 148
487 5 39 18
487 6 41 150
487 38 15 100
487 22 40 150
487 29 7 99
487 8 15 150
487 8 27 150
487 8 41 99
487 20 40 99
487 18 27 100
487 39 7 100
487 26 41 99
487 15 15 150
487 15 41 148
487 4 7 150
487 4 27 150
488 17 15 100
488 17 40 148
488 0 40 148
488 32 40 100
488 32 41 150
488 37 39 16
488 48 7 150
488 48 15 100
488 12 15 148
488 12 40 148
488 24 27 148
488 24 41 150
488 29 7 99
488 47 41 150
488 30 40 150
488 22 39 1
488 36 15 150
488 36 40 150
488 36 41 100
489 22 39 17
489 0 40 148
489 48 7 150
489 48 15 100
489 40 15 100
489 40 41 99
489 35 15 100
489 35 41 150
489 14 7 100
489 14 15 150
489 14 27 148
489 14 40 100
489 14 41 148
489 24 27 148
489 24 41 150
489 45 27 148
489 3 41 148
489 47 41 150
489 12 15 148
489 12 40 148
489 46 19 -6735
489 46 27 100
489 33 15 148
489 33 27 100
489 33 40 99
489 44 40 150
489 44 41 100
490 33 15 148
490 33 27 100
490 33 40 99
490 3 41 148
490 48 7 150
490 48 15 100
490 46 19 6735
490 18 27 100
490 18 39 17
490 24 27 148
490 24 41 150
490 17 15 100
490 17 40 148
490 47 41 150
490 30 40 150
490 23 41 148
490 43 40 99
490 31 27 100
490 31 41 99
490 37 40 100
491 45 27 148
491 26 41 99
491 12 15 148
491 12 40 148
491 32 40 100
491 32 41 150
491 41 7 99
491 41 15 100
491 13 7 150
491 13 15 100
491 14 7 100
491 14 15 150
491 14 27 148
491 14 40 100
491 14 41 148
491 20 39 16
491 38 15 100
491 46 19 -6735
491 46 27 100
491 37 19 148
491 37 40 100
491 36 15 150
491 36 40 150
491 36 41 100
491 24 27 148
491 24 41 150
491 39 7 100
491 33 15 148
491 33 27 100
491 33 40 99
492 23 19 99
492 23 41 148
492 11 39 18
492 46 19 6486
492 14 7 100
492 14 15 150
492 14 19 2
492 14 41 148
492 17 13 8
492 17 40 148
492 35 15 100
492 35 41 150
492 13 7 150
492 13 15 100
492 41 7 99
492 41 15 100
492 44 40 150
492 44 41 100
492 40 15 100
492 40 41 99
492 26 41 99
493 5 13 8
493 36 15 150
493 36 20 8
493 36 41 100
493 18 27 100
493 18 39 1
493 38 15 100
493 6 7 100
493 6 41 150
493 19 20 1
493 35 41 150
493 24 27 148
493 24 41 150
493 37 40 100
493 44 40 150
493 44 41 100
493 14 7 100
493 14 15 150
493 14 27 48
493 14 41 148
494 27 15 100
494 27 39 17
494 13 7 150
494 13 15 100
494 6 7 100
494 6 41 150
494 38 15 100
494 39 7 100
494 41 7 99
494 41 15 100
494 41 20 9
494 48 15 100
494 24 27 148
494 24 41 150
494 14 7 100
494 14 15 150
494 14 27 144
494 14 41 148
494 47 41 150
494 8 15 150
494 8 41 99
494 31 27 2
495 43 39 16
495 40 15 100
495 40 41 99
495 33 15 148
495 33 27 100
495 33 40 99
495 14 7 100
495 14 15 150
495 14 27 148
495 14 40 100
495 14 41 148
495 41 7 99
495 41 15 100
495 23 41 148
495 24 27 44
495 15 15 150
495 15 41 148
495 44 40 150
495 44 41 100
495 30 40 150
495 32 40 100
495 32 41 150
495 22 39 1
495 37 40 100
496 19 39 16
496 8 15 150
496 8 27 150
496 8 41 99
496 33 15 148
496 33 27 100
496 33 40 99
496 21 40 100
496 26 41 99
496 40 15 100
496 40 41 99
496 17 15 100
496 17 40 148
496 48 7 150
496 48 15 100
496 20 40 99
496 12 15 148
496 12 40 148
496 47 41 150
496 31 27 46
497 20 39 18
497 26 41 99
497 41 7 99
497 41 15 100
497 27 15 100
497 27 41 150
497 12 15 148
497 12 40 148
497 35 15 100
497 35 41 150
497 18 27 100
497 45 27 148
497 48 7 150
497 48 15 100
497 9 15 148
497 22 40 150
497 15 15 150
497 15 41 148
497 21 40 100
497 30 40 150
498 45 27 148
498 29 7 99
498 3 41 148
498 14 7 100
498 14 15 150
498 14 27 148
498 14 40 100
498 14 41 148
498 18 27 44
498 37 40 100
498 49 7 99
498 6 7 100
498 6 41 150
498 35 15 100
498 35 41 150
498 9 15 148
498 40 15 100
498 40 41 99
498 13 7 150
498 13 15 100
499 32 29 19
499 32 41 150
499 17 13 8
499 17 40 148
499 15 15 150
499 15 39 16
499 33 15 148
499 33 27 100
499 33 40 99
499 20 40 99
499 3 41 148
499 31 27 100
499 31 41 99
499 13 7 150
499 13 15 100
499 46 19 -6486
499 46 27 -118844
499 12 15 148
499 12 40 148
499 23 19 99
499 23 41 148
499 9 15 148
500 36 15 150
500 36 39 16
500 36 41 100
500 37 13 6
500 37 39 2
500 41 7 99
500 41 13 2
500 7 15 150
500 7 19 100
500 7 27 148
500 26 41 99
500 32 40 100
500 32 41 150
500 43 40 99
500 49 7 99
500 49 27 100
500 35 15 100
500 35 41 150
500 38 15 100
500 38 19 99
500 46 19 6039
500 12 15 148
500 12 40 148
500 29 7 99
500 3 41 148
501 8 15 150
501 8 34 51
501 43 40 99
501 33 15 148
501 33 40 99
501 44 40 150
501 44 41 100
501 1 13 8
501 23 41 148
501 49 7 99
501 38 15 100
501 2 34 1
501 48 15 100
501 4 7 150
501 37 40 100
501 31 41 99
502 40 15 100
502 40 39 16
502 45 27 148
502 37 39 2
502 7 15 150
502 7 19 1
502 22 40 150
502 27 15 100
502 27 41 150
502 47 41 150
502 31 27 2
502 49 7 99
502 24 41 150
502 30 40 150
502 3 41 148
503 23 41 148
503 13 7 150
503 13 15 100
503 33 15 148
503 33 27 100
503 33 40 99
503 44 40 150
503 44 41 100
503 45 27 148
503 22 39 17
503 24 27 44
503 37 40 100
503 49 7 99
503 49 27 2
503 27 15 100
503 27 41 150
503 20 40 99
503 8 15 150
503 8 41 99
504 49 7 99
504 49 27 100
504 19 4 48
504 24 41 150
504 14 7 100
504 14 15 150
504 14 27 44
504 14 41 148
504 44 40 150
504 44 41 100
504 37 40 100
504 40 15 100
504 40 41 99
504 17 15 100
504 17 40 148
504 47 41 150
504 21 40 100
504 43 40 99
504 8 15 150
504 8 41 99
504 32 40 100
504 32 41 150
504 23 41 148
505 6 7 100
505 6 41 150
505 40 15 100
505 40 39 16
505 38 15 100
505 13 7 150
505 13 15 100
505 19 39 2
505 32 41 150
505 12 15 148
505 12 40 148
505 26 41 99
505 27 15 100
505 27 41 150
505 17 15 100
505 17 40 148
505 37 40 100
505 23 41 148
505 47 41 150
505 49 7 99
505 49 27 100
506 19 39 16
506 35 41 150
506 7 15 150
506 7 27 148
506 31 27 100
506 31 41 99
506 39 7 100
506 22 39 1
506 43 40 99
506 33 15 148
506 33 27 100
506 33 29 19
506 15 15 150
506 15 41 148
506 18 27 100
506 0 40 148
506 9 15 148
506 36 15 150
506 36 40 150
506 36 41 100
507 7 15 150
507 7 27 148
507 13 4 48
507 13 15 100
507 18 27 100
507 18 39 17
507 14 15 150
507 14 27 88
507 14 41 148
507 20 40 99
507 33 15 148
507 33 40 99
507 39 7 100
507 48 7 150
507 48 15 100
507 29 7 99
507 0 40 148
507 15 15 150
507 15 41 148
507 30 40 150
507 38 15 100
507 4 7 150
508 21 39 16
508 6 7 100
508 6 13 8
508 9 15 148
508 9 48 26
508 27 15 100
508 27 39 1
508 49 7 99
508 49 27 100
508 31 27 100
508 31 41 99
508 47 41 150
508 4 7 150
508 4 27 94
508 8 41 99
508 12 15 148
508 12 40 148
508 15 15 150
508 15 41 148
508 22 40 150
509 5 39 16
509 41 15 100
509 41 20 1
509 49 27 100
509 31 27 100
509 31 41 99
509 12 15 148
509 12 40 148
509 33 15 148
509 33 27 92
509 27 15 100
509 27 39 1
509 7 15 150
509 36 15 150
509 36 40 150
509 36 41 100
509 3 41 148
509 8 15 150
509 8 41 99
510 31 27 100
510 31 41 99
510 27 15 100
510 27 39 17
510 47 13 6
510 38 15 100
510 43 40 99
510 17 15 100
510 17 40 148
510 32 40 100
510 32 41 150
510 45 27 148
510 48 7 150
510 48 15 100
510 12 15 148
510 12 40 148
510 7 15 150
510 7 27 48
510 6 13 2
511 24 4 48
511 24 41 150
511 30 40 150
511 49 7 99
511 49 27 100
511 3 23 28
511 6 7 100
511 6 41 150
511 11 39 15
511 36 23 2
511 36 41 100
511 19 39 2
511 8 27 45
511 0 40 148
511 14 7 100
511 14 15 150
511 14 40 100
511 14 41 148
511 37 40 100
511 38 15 100
511 41 7 99
511 41 15 100
512 22 4 48
512 25 20 8
512 4 27 150
512 24 20 1
512 15 15 150
512 15 41 148
512 21 40 100
512 33 15 148
512 33 40 99
512 37 40 100
512 14 7 100
512 14 15 150
512 14 40 100
512 14 41 148
512 9 15 148
512 27 15 100
512 27 41 150
512 47 41 150
513 27 15 100
513 27 39 17
513 35 15 100
513 35 41 150
513 40 4 48
513 40 41 99
513 33 15 148
513 33 27 100
513 33 40 99
513 18 27 100
513 37 40 100
513 17 15 100
513 17 40 148
513 46 19 -6039
513 46 27 -118984
513 22 40 150
513 49 7 99
513 49 27 100
513 23 19 99
513 23 41 148
514 33 15 148
514 33 27 100
514 33 29 19
514 16 20 8
514 14 15 150
514 14 19 100
514 14 27 148
514 14 40 100
514 14 41 148
514 31 27 100
514 31 41 99
514 6 7 100
514 6 13 8
514 7 15 150
514 7 19 100
514 7 27 148
514 38 15 100
514 38 19 99
514 38 39 15
514 41 7 99
514 41 15 100
514 41 20 1
514 48 7 150
514 48 15 100
514 20 40 99
514 32 40 100
514 32 41 150
514 17 15 100
514 17 40 148
515 35 15 100
515 35 41 150
515 44 40 150
515 44 41 100
515 18 27 100
515 18 39 17
515 21 40 100
515 32 40 100
515 32 41 150
515 9 15 148
515 46 19 5490
515 17 40 148
515 22 40 150
515 23 41 148
515 0 40 148
515 20 40 99
516 17 13 8
516 17 40 148
516 39 7 100
516 35 15 100
516 35 41 150
516 14 7 100
516 14 15 150
516 14 27 148
516 14 40 100
516 14 41 148
516 18 27 100
516 18 39 17
516 3 41 148
516 48 7 150
516 48 15 100
516 0 40 148
516 22 40 150
516 46 19 -5490
516 46 27 -118968
516 6 7 100
516 6 41 150
516 20 40 99
516 24 27 148
516 24 41 150
517 19 39 16
517 8 23 30
517 8 41 99
517 33 15 148
517 33 27 100
517 33 40 99
517 5 19 99
517 45 27 148
517 47 41 150
517 44 40 150
517 44 41 100
517 12 15 148
517 12 40 148
517 43 40 99
517 4 7 150
517 4 27 150
517 48 7 150
517 48 15 100
517 26 41 99
517 37 19 148
517 37 40 100
518 47 41 150
518 7 15 150
518 7 19 100
518 7 27 148
518 33 15 148
518 33 27 100
518 33 40 99
518 26 41 99
518 18 27 100
518 18 39 18
518 32 41 150
518 9 15 148
518 43 40 99
518 0 40 148
518 29 7 99
518 29 19 148
518 48 7 150
518 48 15 100
518 44 40 150
518 44 41 100
519 23 19 99
519 23 37 100
519 23 41 148
519 17 15 100
519 17 37 100
519 17 40 148
519 12 15 148
519 12 40 148
519 18 27 100
519 18 39 17
519 38 19 99
519 38 37 10
519 37 19 148
519 37 40 100
519 7 15 150
519 7 19 100
519 7 27 148
519 0 40 148
519 20 40 99
519 24 27 148
519 24 41 150
519 30 40 150
520 33 15 148
520 33 27 100
520 33 40 99
520 29 7 99
520 29 19 148
520 12 15 148
520 12 40 148
520 49 7 99
520 49 27 100
520 19 39 16
520 38 15 100
520 38 19 99
520 15 15 150
520 15 19 100
520 15 41 148
520 13 7 150
520 13 15 100
520 32 40 100
520 32 41 150
520 44 40 150
520 44 41 100
520 30 40 150
520 5 19 99
520 41 7 99
520 41 15 100
520 18 27 100
520 18 39 1
521 12 40 148
521 14 7 100
521 14 15 150
521 14 19 100
521 14 27 148
521 14 40 100
521 14 41 148
521 35 15 100
521 35 41 150
521 21 19 150
521 21 39 16
521 22 39 1
521 5 19 99
521 33 15 148
521 33 27 100
521 33 40 99
521 44 40 150
521 44 41 100
521 0 40 148
521 6 7 100
521 6 41 150
521 38 15 100
521 38 19 99
521 29 7 99
521 29 19 148
522 40 15 100
522 40 39 16
522 24 27 148
522 24 41 150
522 8 15 150
522 8 27 150
522 8 41 99
522 49 7 99
522 49 13 8
522 47 41 150
522 29 7 99
522 29 19 148
522 0 40 148
522 21 19 150
522 21 40 100
522 15 15 150
522 15 19 100
522 15 41 148
522 31 27 100
522 31 41 99
522 27 15 100
522 27 39 1
522 38 15 100
522 38 19 99
522 36 15 150
522 36 40 150
522 36 41 100
522 17 15 100
522 17 40 148
523 46 19 3009
523 40 39 16
523 5 13 8
523 31 27 1
523 6 7 100
523 6 41 150
523 43 40 99
523 8 15 150
523 8 41 99
523 48 7 150
523 48 15 100
523 15 15 150
523 15 19 2
523 41 7 99
523 41 15 100
523 44 40 150
523 44 41 100
523 32 40 100
523 32 41 150
523 22 39 1
524 24 20 9
524 24 41 150
524 30 40 150
524 39 7 100
524 40 15 100
524 40 29 19
524 12 15 148
524 12 40 148
524 27 15 100
524 27 39 1
524 41 7 99
524 41 15 100
524 36 15 150
524 36 40 150
524 36 41 100
524 33 15 148
524 33 27 100
524 33 40 99
524 6 7 100
524 6 41 150
524 32 40 100
524 32 41 150
525 32 40 100
525 32 41 150
525 12 13 8
525 12 40 148
525 47 41 150
525 38 15 100
525 38 39 15
525 46 19 -3009
525 46 27 -118440
525 37 19 148
525 37 39 2
525 31 27 100
525 31 41 99
525 20 40 99
525 3 41 148
525 22 40 150
525 48 7 150
525 48 15 100
525 44 40 150
525 44 41 100
525 35 15 100
525 35 41 150
526 11 39 15
526 21 39 2
526 12 15 148
526 12 40 148
526 24 27 148
526 24 41 150
526 15 15 150
526 15 19 100
526 15 41 148
526 39 7 100
526 4 7 150
526 4 27 150
526 26 23 28
526 45 27 148
526 47 41 150
526 48 7 150
526 48 15 100
526 6 7 100
526 6 41 150
526 29 7 99
526 29 19 148
526 5 19 99
527 3 41 148
527 5 19 99
527 5 39 16
527 8 27 150
527 8 41 99
527 7 15 150
527 7 19 100
527 7 27 148
527 17 15 100
527 17 40 148
527 12 15 148
527 12 40 148
527 44 40 150
527 44 41 100
527 40 15 100
527 40 41 99
527 30 40 150
527 32 23 2
527 32 41 150
527 33 15 148
527 33 27 100
527 33 40 99
527 37 19 148
527 37 40 100
528 21 19 150
528 21 39 18
528 28 13 8
528 44 41 100
528 36 15 150
528 36 40 150
528 36 41 100
528 20 40 99
528 32 29 19
528 32 41 150
528 35 15 100
528 35 41 150
528 4 7 150
528 4 27 150
528 49 7 99
528 49 27 100
528 18 27 100
528 29 7 99
528 29 19 148
529 47 41 150
529 49 7 99
529 49 27 100
529 35 15 100
529 35 41 150
529 12 15 148
529 12 40 148
529 24 27 148
529 24 41 150
529 5 19 99
529 5 39 16
529 17 40 148
529 8 15 150
529 8 27 150
529 8 41 99
529 26 41 99
529 7 15 150
529 7 19 100
529 7 27 148
529 22 39 1
529 48 7 150
529 48 15 100
530 27 15 100
530 27 39 17
530 31 27 100
530 31 41 99
530 15 15 150
530 15 19 100
530 15 41 148
530 3 41 148
530 9 15 148
530 6 7 100
530 6 41 150
530 23 19 99
530 23 41 148
530 12 15 148
530 12 40 148
530 46 19 1320
530 13 15 100
530 41 7 99
530 41 15 100
530 38 15 100
530 0 40 148
531 30 40 150
531 48 7 150
531 48 15 100
531 49 7 99
531 49 27 100
531 45 27 148
531 35 15 100
531 35 41 150
531 14 7 100
531 14 15 150
531 14 27 48
531 14 41 148
531 38 15 100
531 38 39 15
531 41 7 99
531 41 15 100
531 22 39 2
531 39 7 100
531 8 15 150
531 8 41 99
531 7 15 150
531 7 19 1
531 13 15 100
531 23 41 148
531 4 7 150
532 31 27 100
532 31 41 99
532 36 15 150
532 36 39 16
532 36 41 100
532 45 27 148
532 38 15 100
532 46 19 -1320
532 46 27 -118308
532 41 7 99
532 41 15 100
532 33 15 148
532 33 27 100
532 33 40 99
532 7 15 150
532 7 19 100
532 7 27 148
532 44 40 150
532 44 41 100
532 4 7 150
532 4 27 150
532 6 7 100
532 6 41 150
532 49 7 99
532 49 27 100
532 47 41 150
532 48 7 150
532 48 15 100
533 37 13 6
533 37 23 28
533 27 15 100
533 27 41 150
533 33 15 148
533 33 27 100
533 33 40 99
533 4 7 150
533 4 27 150
533 23 19 99
533 23 41 148
533 17 15 100
533 17 40 148
533 8 15 150
533 8 27 150
533 8 41 99
533 6 7 100
533 6 13 2
533 24 27 148
533 24 41 150
533 30 40 150
533 12 15 148
533 12 40 148
533 3 41 148
533 49 7 99
533 49 27 100
534 30 40 150
534 7 15 150
534 7 19 100
534 7 27 148
534 23 19 99
534 23 20 8
534 45 20 1
534 18 27 100
534 18 39 17
534 15 19 100
534 15 41 148
534 12 15 148
534 12 40 148
534 27 15 100
534 27 41 150
534 38 15 100
534 38 19 99
534 35 15 100
534 35 41 150
534 36 15 150
534 36 23 2
534 36 41 100
534 21 19 150
534 21 40 100
534 29 7 99
534 29 19 148
535 38 15 100
535 38 19 99
535 38 39 15
535 13 7 150
535 13 15 100
535 32 40 100
535 32 41 150
535 33 15 148
535 33 27 100
535 33 40 99
535 44 40 150
535 44 41 100
535 5 19 99
535 40 15 100
535 40 41 99
535 21 19 79
535 41 7 99
535 41 15 100
535 8 15 150
535 8 27 150
535 8 41 99
536 13 7 150
536 13 15 100
536 11 39 15
536 7 27 148
536 4 7 150
536 4 27 150
536 27 15 100
536 27 39 2
536 20 40 99
536 37 13 6
536 45 27 148
536 15 15 150
536 15 41 148
536 46 27 117292
536 49 13 2
536 30 40 150
536 17 15 100
536 17 40 148
537 27 15 100
537 27 39 17
537 39 7 100
537 48 7 150
537 48 15 100
537 3 41 148
537 43 40 99
537 44 40 150
537 44 41 100
537 41 7 99
537 41 15 100
537 4 7 150
537 4 27 150
537 6 7 100
537 6 41 150
537 7 15 150
537 7 27 144
537 15 15 150
537 15 41 148
537 8 15 150
537 8 41 99
538 19 39 16
538 26 41 99
538 23 41 148
538 45 27 148
538 20 40 99
538 8 15 150
538 8 27 144
538 39 7 100
538 12 13 8
538 12 40 148
538 13 7 150
538 13 15 100
538 0 40 148
538 15 15 150
538 15 41 148
538 30 40 150
539 20 40 99
539 37 23 28
539 30 40 150
539 35 15 100
539 35 41 150
539 27 15 100
539 27 39 1
539 39 7 100
539 39 22 28
539 5 29 2
539 4 7 150
539 4 27 150
539 21 40 100
539 14 7 100
539 14 15 150
539 14 27 144
539 14 41 148
539 40 15 100
539 40 29 1
539 24 41 150
539 43 22 2
540 17 13 8
540 17 40 148
540 5 39 16
540 49 27 100
540 29 7 99
540 29 23 32
540 32 41 150
540 22 39 1
540 14 7 100
540 14 15 150
540 14 27 148
540 14 40 100
540 14 41 148
540 36 15 150
540 36 40 150
540 36 41 100
540 27 15 100
540 27 41 150
540 4 7 150
540 4 27 48
540 35 41 150
540 8 15 150
540 8 41 99
541 18 27 100
541 18 39 17
541 25 37 99
541 9 15 148
541 9 37 100
541 48 7 150
541 48 15 100
541 26 41 99
541 22 40 150
541 23 37 8
541 37 40 100
541 4 7 150
541 4 27 150
541 17 15 100
541 17 37 2
541 30 40 150
542 39 7 100
542 1 37 1
542 3 41 148
542 30 40 150
542 21 39 16
542 7 15 150
542 7 27 148
542 45 27 148
542 43 40 99
542 31 27 42
542 40 15 100
542 40 41 99
542 49 7 99
542 47 41 150
543 42 37 100
543 41 7 99
543 41 15 100
543 46 27 -117292
543 46 37 108
543 31 41 99
543 7 15 150
543 7 27 148
543 45 27 148
543 27 15 100
543 27 39 18
543 15 15 150
543 15 37 2
543 6 7 100
543 6 41 150
543 29 7 99
543 37 40 100
543 9 15 148
543 4 7 150
543 4 27 150
544 7 15 150
544 7 27 148
544 30 40 150
544 41 7 99
544 41 15 100
544 14 7 100
544 14 15 150
544 14 27 148
544 14 40 100
544 14 41 148
544 29 7 99
544 20 39 16
544 3 41 148
544 33 15 148
544 33 27 100
544 33 40 99
544 8 15 150
544 8 27 150
544 8 41 99
544 0 40 148
544 49 7 99
544 49 27 100
544 21 40 100
545 48 7 150
545 48 15 100
545 27 15 100
545 27 39 18
545 9 4 48
545 6 7 100
545 6 41 150
545 14 7 100
545 14 15 150
545 14 27 148
545 14 40 100
545 14 41 148
545 22 40 150
545 8 15 150
545 8 27 150
545 8 41 99
545 13 7 150
545 13 15 100
545 46 27 116684
545 32 41 150
545 38 15 100
545 39 7 100
545 0 40 148
546 11 39 15
546 44 40 150
546 44 41 100
546 27 15 100
546 27 39 2
546 15 15 150
546 15 41 148
546 38 15 100
546 48 7 150
546 48 15 100
546 43 40 99
546 21 40 100
546 13 7 150
546 13 15 100
546 14 7 100
546 14 15 150
546 14 27 148
546 14 40 100
546 14 41 148
547 45 27 148
547 27 15 100
547 27 39 17
547 40 4 48
547 40 41 99
547 15 15 150
547 15 41 148
547 41 7 99
547 41 15 100
547 30 40 150
547 26 41 99
547 20 40 99
547 38 15 100
547 14 7 100
547 14 15 150
547 14 27 148
547 14 40 100
547 14 41 148
547 8 15 150
547 8 27 144
547 44 40 150
547 44 41 100
547 31 41 99
548 14 7 100
548 14 15 150
548 14 27 148
548 14 40 100
548 14 41 148
548 3 41 148
548 18 27 100
548 18 39 17
548 27 41 150
548 47 41 150
548 39 7 100
548 0 40 148
548 33 15 148
548 33 27 44
548 37 40 100
548 40 15 100
548 40 41 99
548 8 15 150
548 8 41 99
548 20 40 99
549 32 40 100
549 32 41 150
549 49 7 99
549 49 27 100
549 18 27 100
549 18 39 17
549 5 4 48
549 47 41 150
549 20 40 99
549 8 15 150
549 8 27 96
549 23 41 148
549 9 15 148
549 43 40 99
549 36 15 150
549 36 40 150
549 36 41 100
550 29 7 99
550 29 23 28
550 31 22 28
550 31 41 99
550 45 27 148
550 3 41 148
550 12 15 148
550 12 40 148
550 43 22 2
550 49 7 99
550 49 27 46
550 6 7 100
550 6 41 150
550 46 27 -116684
550 14 7 100
550 14 15 150
550 14 27 148
550 14 40 100
550 14 41 148
550 48 7 150
550 48 15 100
550 7 15 150
550 7 27 148
551 33 15 148
551 33 27 100
551 33 40 99
551 14 7 100
551 14 15 150
551 14 27 148
551 14 40 100
551 14 41 148
551 30 4 48
551 9 15 148
551 32 40 100
551 32 41 150
551 40 15 100
551 40 39 16
551 49 7 99
551 49 27 100
551 37 40 100
551 4 7 150
551 4 27 150
551 17 15 100
551 17 40 148
551 20 40 99
551 46 27 116184
552 30 40 150
552 9 15 148
552 23 41 148
552 26 34 51
552 7 15 150
552 38 15 100
552 8 15 150
552 8 41 99
552 41 7 99
552 41 15 100
552 49 7 99
552 44 40 150
552 44 41 100
552 12 15 148
552 12 40 148
552 6 7 100
552 6 22 2
552 46 27 -116184
553 21 33 150
553 21 40 100
553 47 41 150
553 32 40 100
553 32 41 150
553 16 4 48
553 2 34 1
553 12 40 148
553 23 33 99
553 23 41 148
553 33 15 148
553 33 27 100
553 33 33 140
553 49 7 99
553 49 27 100
553 41 7 99
553 41 15 100
553 9 15 148
553 22 40 150
553 48 7 150
553 48 15 100
554 43 23 28
554 48 7 150
554 48 15 100
554 7 15 150
554 7 27 148
554 31 23 2
554 31 41 99
554 32 40 100
554 32 41 150
554 4 7 150
554 4 27 150
554 16 33 1
554 15 41 148
554 44 40 150
554 44 41 100
554 39 7 100
554 33 15 148
554 33 27 100
554 33 40 99
554 27 15 100
554 27 39 1
554 24 27 148
554 24 41 150
555 31 23 30
555 31 41 99
555 28 13 16
555 12 15 148
555 12 40 148
555 39 7 100
555 33 15 148
555 33 27 100
555 33 40 99
555 36 15 150
555 36 39 16
555 36 41 100
555 48 7 150
555 48 15 100
555 29 7 99
555 6 7 100
555 6 41 150
555 0 40 148
555 37 40 100
556 39 7 100
556 39 34 52
556 40 39 16
556 27 39 2
556 17 40 148
556 31 27 100
556 9 15 148
556 6 7 100
556 8 15 150
556 8 27 150
556 43 40 99
556 15 15 150
556 36 15 26
556 30 40 150
557 38 39 15
557 49 7 99
557 49 27 100
557 33 27 100
557 33 40 99
557 19 39 2
557 0 40 148
557 7 27 148
557 37 40 100
557 12 40 148
557 30 40 150
558 22 39 17
558 27 15 100
558 27 41 150
558 32 40 100
558 32 41 150
558 46 27 115860
558 13 15 100
558 17 15 100
558 17 40 148
558 43 40 99
558 20 40 99
558 0 40 148
558 36 15 120
558 36 41 100
559 9 15 148
559 26 41 99
559 29 7 99
559 48 7 150
559 48 15 100
559 41 7 99
559 41 15 100
559 31 27 100
559 31 41 99
559 27 15 72
559 7 27 148
559 8 27 48
559 37 40 100
559 46 27 -115860
559 3 41 148
560 32 20 9
560 32 41 150
560 43 39 16
560 44 40 150
560 44 41 100
560 4 7 150
560 4 27 150
560 48 7 150
560 20 40 99
560 0 40 148
560 12 40 148
560 27 39 1
561 4 7 150
561 4 27 150
561 4 39 15
561 21 40 100
561 15 4 48
561 49 27 100
561 48 7 150
561 39 7 100
561 43 40 99
561 6 7 100
561 7 27 148
562 41 7 99
562 41 13 8
562 26 29 2
562 29 7 99
562 33 27 100
562 33 29 1
562 11 39 15
562 49 7 99
562 49 27 2
562 0 40 148
563 23 20 8
563 47 41 150
563 33 27 100
563 33 40 99
563 20 39 18
563 48 7 150
563 6 7 100
563 6 41 150
563 41 7 99
563 41 20 1
563 29 7 99
563 8 27 150
563 8 41 99
563 40 41 93
564 22 39 18
564 30 40 150
564 45 27 148
564 6 7 100
564 6 13 8
564 49 7 99
564 49 27 100
564 17 15 100
564 17 40 148
564 14 7 100
564 14 15 150
564 14 27 88
564 12 15 68
564 41 7 99
564 36 15 2
564 29 7 99
565 41 7 99
565 41 13 8
565 14 27 148
565 14 40 100
565 49 7 99
565 49 27 100
565 3 29 3
565 21 39 16
565 39 7 100
565 44 40 150
566 26 41 9
566 4 27 150
566 4 39 18
566 30 40 150
566 33 27 100
566 33 40 99
566 24 27 92
566 32 40 100
567 33 27 100
567 33 40 99
567 8 27 150
567 8 39 16
567 44 41 2
567 4 7 150
567 4 27 44
567 14 7 100
567 14 40 100
567 12 40 148
567 6 7 100
568 11 39 15
568 27 39 2
568 46 27 -115944
568 31 27 100
568 31 41 99
568 12 15 148
568 12 40 148
568 12 48 26
568 48 15 100
568 44 40 150
568 44 41 100
568 26 41 99
568 4 7 150
568 4 27 150
568 14 7 100
568 14 15 72
568 14 40 100
568 14 41 148
568 24 27 148
568 24 41 33
568 30 40 150
569 33 27 100
569 33 37 148
569 33 40 99
569 14 7 100
569 14 27 148
569 14 40 100
569 14 41 148
569 3 41 148
569 31 27 100
569 31 41 99
569 48 7 150
569 15 37 62
569 32 40 100
569 32 41 86
569 22 39 1
569 21 40 100
570 15 15 150
570 15 39 16
570 13 7 150
570 13 15 100
570 14 7 100
570 14 15 150
570 14 27 148
570 14 40 100
570 31 27 100
570 4 7 150
570 4 27 150
570 22 39 1
570 6 7 100
570 35 15 20
570 33 40 99
570 49 7 99
570 49 27 100
571 49 7 99
571 49 27 100
571 40 23 30
571 6 7 100
571 20 40 99
571 43 40 99
571 13 7 150
571 31 27 100
571 17 40 148
571 41 7 99
572 6 7 100
572 6 41 150
572 8 15 150
572 8 27 150
572 8 39 18
572 43 40 99
572 48 7 150
572 48 15 100
572 0 40 148
572 33 15 148
572 33 27 100
572 33 40 99
572 18 27 100
572 38 15 22
572 31 41 99
572 12 40 148
572 29 7 99
572 49 7 99
572 49 27 100
573 7 27 148
573 5 39 16
573 49 27 100
573 20 20 8
573 35 41 150
573 46 27 114920
573 44 40 150
573 44 41 100
573 30 40 150
573 36 40 150
573 36 41 100
573 33 40 99
574 29 7 99
574 14 7 100
574 14 27 148
574 14 40 100
574 14 41 148
574 36 39 16
574 36 41 100
574 22 39 2
574 28 13 8
574 44 41 100
574 4 7 150
574 4 27 146
574 24 41 84
575 32 20 9
575 32 41 150
575 10 34 52
575 4 39 15
575 26 41 99
575 7 27 148
575 31 27 100
575 31 41 99
575 33 27 100
575 33 40 99
575 36 40 150
575 36 41 100
575 8 27 150
575 8 39 2
575 47 41 92
575 24 41 1
575 49 7 99
575 49 27 100
576 32 40 100
576 32 41 11
576 11 39 15
576 8 27 150
576 31 27 100
576 29 7 99
576 30 40 150
576 33 27 100
576 33 40 99
576 44 40 150
576 17 40 148
577 24 27 148
577 12 40 148
577 4 7 150
577 4 27 150
577 4 29 16
577 13 7 150
577 45 27 148
577 32 29 3
577 46 27 113964
578 21 40 100
578 17 40 148
578 20 40 99
578 32 40 100
578 44 40 150
578 4 7 150
578 4 27 2
579 46 27 -113964
579 43 40 99
579 49 7 99
579 49 27 100
579 37 40 100
579 20 40 99
579 6 7 100
579 14 7 100
579 14 27 148
579 14 40 100
579 33 27 100
579 33 40 99
579 39 7 100
579 41 7 99
580 22 40 150
580 37 40 100
580 41 7 99
580 43 40 99
580 45 27 148
580 17 40 148
580 20 40 99
580 13 7 150
580 6 7 100
580 44 40 150
581 24 27 148
581 13 7 150
581 41 7 99
581 33 27 100
581 33 40 99
581 46 27 113220
581 14 7 100
581 14 40 100
582 49 7 99
582 37 40 100
582 33 40 99
582 46 27 -113220
582 29 7 99
582 39 7 100
582 36 40 150
582 7 27 148
582 44 40 150
583 17 40 148
583 4 7 150
583 4 27 150
583 7 27 148
583 32 40 100
583 13 7 150
583 18 27 100
583 12 40 148
583 49 7 99
583 49 27 100
584 14 7 100
584 14 27 148
584 14 40 100
584 31 27 100
584 29 7 99
584 48 7 150
584 7 27 148
584 44 40 150
584 46 27 112176
584 33 40 99
584 49 7 99
584 49 27 2
584 21 40 100
585 14 7 100
585 14 40 100
585 17 40 148
585 49 7 99
585 13 7 150
585 48 7 150
585 39 7 100
585 32 40 100
586 17 40 148
586 22 40 150
586 41 7 99
586 0 40 148
586 43 40 99
586 13 7 150
587 29 7 99
587 39 7 100
587 21 40 100
587 43 40 99
587 49 7 99
587 6 7 100
587 14 7 100
587 14 40 100
587 37 40 100
587 32 40 100
587 44 40 150
588 17 40 148
588 12 40 148
588 44 40 150
588 20 40 99
588 33 40 99
588 0 40 148
588 21 40 100
588 41 7 99
589 13 7 150
589 22 40 150
589 6 7 100
589 32 40 100
589 37 40 100
589 29 7 99
589 36 40 150
589 49 7 99
590 29 7 99
590 20 40 99
590 49 7 99
590 17 40 148
590 44 40 150
590 32 40 100
590 0 40 148
590 39 7 100
591 30 40 150
591 20 40 99
591 39 7 100
591 29 7 99
591 14 7 100
591 14 40 100
591 43 40 99
591 22 40 150
591 6 7 100
592 20 40 99
592 30 40 150
592 21 40 100
592 43 40 99
592 46 27 -112176
592 37 40 100
592 17 40 148
592 8 27 150
592 45 27 148
592 7 27 148
593 13 7 150
593 33 27 100
593 33 40 99
593 8 27 150
593 43 40 99
593 32 40 100
593 39 7 100
593 18 27 100
593 21 40 100
594 12 40 148
594 32 40 100
594 7 27 148
594 46 27 111232
594 43 40 99
594 41 7 99
594 30 40 150
594 13 7 150
594 20 40 99
594 6 7 100
595 36 40 150
595 6 7 100
595 49 7 99
595 48 7 150
595 0 40 148
595 12 40 148
595 30 40 150
596 14 7 100
596 14 40 100
596 36 40 150
596 6 7 100
596 17 40 148
596 44 40 150
596 37 40 100
596 41 7 99
596 49 7 99
597 0 40 148
597 12 40 148
597 13 7 150
597 32 40 100
597 39 7 100
597 48 7 150
598 39 7 100
598 12 40 148
598 43 40 78
598 14 40 2
599 4 7 150
599 41 7 99
600 13 7 150
600 29 7 99
600 39 7 100
600 6 7 100
601 49 7 99
601 14 7 100
601 46 27 -111232
601 41 7 99
602 14 7 100
602 14 27 148
602 39 7 100
602 7 27 148
602 46 27 110936
602 48 7 150
603 48 7 150
603 49 7 99
603 29 7 99
603 4 7 150
603 41 7 99
604 4 7 150
604 49 7 99
604 48 7 150
604 6 7 100
604 46 27 -110936
604 18 27 100
605 18 27 100
605 14 7 100
605 14 27 148
606 6 7 100
606 39 7 100
606 24 27 148
606 49 7 99
606 49 27 100
607 29 7 99
607 24 27 148
607 39 7 100
607 8 27 150
607 49 7 99
607 49 27 100
607 31 27 100
608 29 7 99
608 31 27 100
608 18 27 100
608 4 7 150
608 4 27 150
608 24 27 148
609 46 27 109344
609 29 7 99
609 48 7 150
610 41 7 99
610 6 7 100
610 48 7 150
610 4 7 150
611 48 7 150
611 14 7 100
612 14 7 100
612 4 7 150
612 48 7 150
612 13 7 150
612 49 7 99
613 49 7 99
613 41 7 99
613 46 27 -109344
614 24 27 148
614 18 27 100
614 46 27 109096
614 6 7 100
614 39 7 100
615 14 7 100
615 6 7 100
615 49 7 99
615 13 7 150
615 4 7 150
615 41 7 99
616 39 7 100
616 29 7 99
616 6 7 100
617 13 7 150
617 48 7 150
617 49 7 99
617 6 7 100
618 14 7 100
619 49 7 99
619 41 7 99
619 13 7 150
619 6 7 100
619 4 7 150
620 4 7 150
620 48 7 150
620 14 7 100
620 46 27 -109096
621 49 7 99
621 49 27 100
621 18 27 100
621 33 27 100
621 46 27 108796
622 29 7 99
622 41 7 99
622 6 7 100
622 46 27 -108796
623 14 7 100
623 14 27 148
623 8 27 150
623 41 7 99
623 7 27 148
623 45 27 148
623 48 7 150
623 49 7 99
623 49 27 100
624 45 27 148
624 46 27 107952
624 18 27 2
624 6 7 100
624 29 7 99
625 46 27 -107952
625 29 7 99
625 31 27 100
625 41 7 99
625 6 7 100
626 39 7 100
626 48 7 150
626 31 27 100
626 18 27 100
626 4 7 150
626 4 27 150
626 7 27 148
627 46 27 107352
627 14 7 100
627 4 7 150
627 4 27 2
628 6 7 100
628 41 7 99
628 14 7 100
628 48 7 150
630 46 27 -107352
630 39 7 100
630 4 7 150
630 4 27 150
630 33 27 100
630 45 27 148
630 7 27 148
631 46 27 106804
631 49 27 2
632 4 7 150
632 39 7 100
632 14 7 100
633 13 7 150
634 13 7 150
634 49 7 99
635 41 7 99
635 48 7 150
635 39 7 100
635 46 27 -106804
635 4 7 150
635 4 27 150
635 29 7 99
636 29 7 99
636 49 7 99
636 49 27 100
636 7 27 148
636 4 7 150
636 4 27 150
636 41 7 99
637 18 27 100
637 33 27 100
637 29 7 99
637 41 7 99
637 4 7 150
637 4 27 150
637 6 7 100
638 6 7 100
638 24 27 148
638 13 7 150
638 4 7 150
638 4 27 150
638 8 27 150
639 39 7 100
639 45 27 148
639 24 27 148
639 29 7 99
639 46 27 105160
640 6 7 100
640 13 7 150
640 41 7 99
640 4 7 150
640 4 27 2
642 6 7 100
642 13 7 150
642 41 7 99
643 46 27 -105160
643 8 27 150
643 39 7 100
644 6 7 100
644 29 7 99
644 4 7 150
644 4 27 150
644 8 27 150
644 41 7 99
644 13 7 150
645 18 27 100
645 33 27 100
645 48 7 150
645 46 27 104508
645 4 7 150
645 4 27 2
646 6 7 100
646 46 27 -104508
646 14 7 100
646 14 27 148
646 45 27 148
646 18 27 100
647 14 7 100
647 14 27 148
647 39 7 100
647 41 7 99
647 33 27 100
647 46 27 103864
648 4 7 150
648 46 27 -103864
648 41 7 99
649 8 27 150
649 46 27 103712
650 4 27 2
650 41 7 99
650 48 7 150
650 14 7 100
651 6 7 100
651 29 7 99
651 41 7 99
652 41 7 99
652 14 7 100
653 14 7 100
653 39 7 100
653 29 7 99
653 4 7 150
655 48 7 150
655 14 7 100
655 39 7 100
656 6 7 100
656 39 7 100
656 29 7 99
657 13 7 150
657 6 7 100
658 6 7 100
658 49 7 99
658 29 7 99
659 49 7 99
659 41 7 99
659 13 7 150
659 6 7 100
660 14 7 100
660 46 27 -103712
660 39 7 100
660 7 27 148
660 49 7 99
660 49 27 100
661 41 7 99
661 24 27 148
661 33 27 100
661 18 27 100
661 48 7 150
661 49 7 99
661 49 27 100
661 14 7 100
661 14 27 148
661 46 27 102868
663 13 7 150
663 29 7 99
663 6 7 100
663 46 27 -102868
663 48 7 150
664 13 7 150
664 7 27 148
664 45 27 148
664 6 7 100
664 24 27 148
664 33 27 100
664 29 7 99
665 13 7 150
665 29 7 99
665 39 7 100
665 31 27 100
666 48 7 150
666 49 7 99
666 49 27 100
666 13 7 150
667 14 7 100
667 14 27 148
667 7 27 148
667 6 7 100
667 48 7 150
667 33 27 100
668 7 27 148
668 18 27 100
668 39 7 100
668 45 27 148
668 14 7 100
668 14 27 148
669 8 27 150
669 29 7 99
669 13 7 150
669 46 27 101032
669 18 27 2
670 33 27 100
670 8 27 150
670 4 7 150
670 4 27 150
670 7 27 148
670 48 7 150
671 14 7 100
671 14 27 148
671 4 7 150
671 4 27 150
671 13 7 150
671 6 7 100
672 39 7 100
672 31 27 100
672 48 7 150
673 14 7 100
673 14 27 148
673 41 7 99
673 6 7 98
674 4 27 150
674 39 7 1
675 18 27 100
675 24 27 148
675 46 27 99440
677 49 27 100
677 24 27 148
677 45 27 148
677 4 27 150
677 8 27 150
678 33 27 100
678 14 27 148
678 24 27 148
679 31 27 100
679 4 27 150
679 14 27 148
680 45 27 148
680 14 27 148
680 24 27 148
680 7 27 148
681 4 27 150
681 45 27 148
681 14 27 148
682 45 27 148
682 46 27 96764
684 4 27 150
685 7 27 148
685 18 27 100
686 31 27 100
686 18 27 100
686 14 27 148
687 49 27 100
687 4 27 150
687 33 27 100
687 31 27 100
688 4 27 150
688 14 27 148
688 24 27 148
689 33 27 100
689 49 27 100
689 46 27 94920
692 24 27 148
693 33 27 100
693 45 27 148
693 46 27 94524
698 33 27 100
698 8 27 150
698 31 27 100
698 49 27 100
699 24 27 148
699 14 27 148
699 18 27 100
699 45 27 148
699 31 27 100
700 49 27 100
700 18 27 100
700 7 27 148
701 24 27 148
701 33 27 100
702 8 27 150
702 33 27 100
702 49 27 100
702 18 27 100
703 33 27 100
703 18 27 100
703 46 27 92184
707 33 27 100
707 45 27 148
707 14 27 148
708 33 27 100
708 4 27 150
708 7 27 148
708 45 27 148
708 18 27 100
708 49 27 100
708 46 27 91040
709 31 27 100
709 24 27 148
710 46 27 90792
716 49 27 100
716 4 27 150
717 18 27 100
717 7 27 148
718 24 27 148
719 46 27 90144
