293 44 5 100
293 44 15 150
293 44 20 100
293 44 34 148
293 44 35 99
293 44 42 148
293 44 45 100
293 44 47 150
296 30 5 100
296 30 8 150
296 30 17 100
296 30 19 150
296 30 23 99
296 30 29 56
296 30 36 150
296 30 45 99
296 30 46 150
299 44 5 100
299 44 15 150
299 44 20 100
299 44 34 148
299 44 35 99
299 44 42 148
299 44 45 100
299 44 47 150
300 2 6 99
300 2 8 148
300 2 11 100
300 2 13 150
300 2 14 100
300 2 18 148
300 2 24 100
300 2 28 150
300 2 31 100
300 2 33 72
300 2 41 148
300 2 43 100
300 2 47 150
300 44 5 100
300 44 15 150
300 44 20 100
300 44 34 148
300 44 35 99
300 44 42 148
300 44 45 100
300 44 47 150
302 44 5 100
302 44 15 150
302 44 20 100
302 44 34 148
302 44 35 99
302 44 42 148
302 44 45 100
302 44 47 150
304 44 5 100
304 44 15 150
304 44 20 100
304 44 34 148
304 44 35 99
304 44 42 128
304 44 47 150
308 44 5 100
308 44 15 150
308 44 20 100
308 44 34 148
308 44 35 99
308 44 42 148
308 44 45 100
308 44 47 150
322 33 0 100
322 33 5 150
322 33 6 100
322 33 28 150
322 33 31 100
322 33 32 150
322 33 33 100
322 33 40 150
322 33 42 100
322 33 49 150
324 44 5 100
324 44 15 150
324 44 20 100
324 44 34 148
324 44 35 99
324 44 42 148
324 44 45 100
324 44 47 150
325 44 5 100
325 44 15 150
325 44 20 100
325 44 34 148
325 44 35 99
325 44 42 148
325 44 45 100
325 44 47 150
327 44 5 100
327 44 15 150
327 44 20 100
327 44 34 148
327 44 35 99
327 44 42 148
327 44 45 100
327 44 47 150
328 14 1 100
328 14 11 148
328 14 13 99
328 14 16 150
328 14 24 100
328 14 30 150
328 14 31 100
328 14 36 148
328 14 42 100
328 14 43 150
331 1 0 99
331 1 5 150
331 1 6 100
331 1 13 150
331 1 19 100
331 1 21 150
331 1 24 100
331 1 28 150
331 1 29 54
331 1 43 100
331 1 45 150
331 1 46 100
332 44 5 100
332 44 15 150
332 44 20 100
332 44 34 148
332 44 35 99
332 44 42 148
332 44 45 100
332 44 47 150
336 44 5 100
336 44 15 150
336 44 20 100
336 44 34 148
336 44 35 99
336 44 42 148
336 44 45 100
336 44 47 150
337 44 5 100
337 44 15 150
337 44 20 100
337 44 34 148
337 44 35 99
337 44 42 148
337 44 45 100
337 44 47 150
338 44 5 100
338 44 15 150
338 44 20 100
338 44 34 148
338 44 35 99
338 44 42 120
338 44 47 150
340 44 5 100
340 44 15 150
340 44 20 100
340 44 34 148
340 44 35 99
340 44 42 148
340 44 45 100
340 44 47 150
342 44 5 100
342 44 15 150
342 44 20 100
342 44 34 148
342 44 35 99
342 44 42 148
342 44 45 100
342 44 47 150
348 44 5 100
348 44 15 150
348 44 20 100
348 44 34 148
348 44 35 99
348 44 42 148
348 44 45 100
348 44 47 150
354 44 5 100
354 44 15 150
354 44 20 100
354 44 34 148
354 44 35 99
354 44 42 148
354 44 45 100
354 44 47 150
357 44 5 100
357 44 15 150
357 44 20 100
357 44 34 148
357 44 35 99
357 44 42 148
357 44 45 100
357 44 47 150
360 44 5 100
360 44 15 150
360 44 20 100
360 44 34 148
360 44 35 99
360 44 42 148
360 44 45 100
360 44 47 150
361 44 5 100
361 44 15 150
361 44 20 100
361 44 34 148
361 44 35 99
361 44 42 148
361 44 45 100
361 44 47 150
363 44 5 100
363 44 15 150
363 44 20 100
363 44 34 148
363 44 35 99
363 44 42 148
363 44 45 100
363 44 47 150
364 33 0 100
364 33 5 150
364 33 6 100
364 33 28 150
364 33 31 100
364 33 32 150
364 33 33 100
364 33 40 150
364 33 42 100
364 33 49 150
365 44 5 100
365 44 15 150
365 44 20 100
365 44 34 148
365 44 35 99
365 44 42 148
365 44 45 100
365 44 47 150
366 44 5 100
366 44 15 150
366 44 20 100
366 44 34 148
366 44 35 99
366 44 42 148
366 44 45 100
366 44 47 150
367 44 5 100
367 44 15 150
367 44 20 100
367 44 34 148
367 44 35 99
367 44 42 148
367 44 45 100
367 44 47 150
372 44 5 100
372 44 15 150
372 44 20 100
372 44 34 148
372 44 35 99
372 44 42 148
372 44 45 100
372 44 47 150
374 44 5 100
374 44 15 150
374 44 20 100
374 44 34 148
374 44 35 99
374 44 42 148
374 44 45 100
374 44 47 150
376 44 5 100
376 44 15 150
376 44 20 100
376 44 34 148
376 44 35 99
376 44 42 148
376 44 45 100
376 44 47 150
378 44 5 100
378 44 15 150
378 44 20 100
378 44 34 148
378 44 35 99
378 44 42 148
378 44 45 100
378 44 47 150
380 44 5 100
380 44 15 150
380 44 20 100
380 44 34 148
380 44 35 99
380 44 42 148
380 44 45 100
380 44 47 150
381 14 1 100
381 14 11 148
381 14 13 99
381 14 16 150
381 14 24 100
381 14 30 150
381 14 31 100
381 14 36 148
381 14 42 100
381 14 43 150
384 44 5 100
384 44 15 150
384 44 20 100
384 44 34 148
384 44 35 99
384 44 42 148
384 44 45 100
384 44 47 150
397 14 1 100
397 14 11 148
397 14 13 99
397 14 16 150
397 14 24 100
397 14 30 150
397 14 31 100
397 14 36 148
397 14 42 100
397 14 43 150
397 44 5 100
397 44 15 150
397 44 20 100
397 44 34 148
397 44 35 99
397 44 42 148
397 44 45 100
397 44 47 150
400 33 0 100
400 33 5 150
400 33 6 100
400 33 28 150
400 33 31 100
400 33 32 150
400 33 33 100
400 33 40 150
400 33 42 100
400 33 49 150
401 14 1 100
401 14 11 148
401 14 13 99
401 14 16 150
401 14 24 100
401 14 30 150
401 14 31 100
401 14 36 148
401 14 42 100
401 14 43 150
415 14 1 100
415 14 11 148
415 14 13 99
415 14 16 150
415 14 24 100
415 14 30 150
415 14 31 100
415 14 36 148
415 14 42 100
415 14 43 150
416 44 5 100
416 44 15 150
416 44 20 100
416 44 34 148
416 44 35 99
416 44 42 148
416 44 45 100
416 44 47 150
417 14 1 100
417 14 11 148
417 14 13 99
417 14 16 150
417 14 24 100
417 14 30 150
417 14 31 100
417 14 36 148
417 14 42 100
417 14 43 150
427 44 5 100
427 44 15 150
427 44 20 100
427 44 34 148
427 44 35 99
427 44 42 148
427 44 45 100
427 44 47 150
436 14 1 100
436 14 11 148
436 14 13 99
436 14 16 150
436 14 24 100
436 14 30 150
436 14 31 100
436 14 36 148
436 14 42 100
436 14 43 150
437 44 5 100
437 44 15 150
437 44 20 100
437 44 34 148
437 44 35 99
437 44 42 148
437 44 45 100
437 44 47 150
439 33 0 100
439 33 5 150
439 33 6 100
439 33 28 150
439 33 31 100
439 33 32 150
439 33 33 100
439 33 40 150
439 33 42 100
439 33 49 150
452 44 5 100
452 44 15 150
452 44 20 100
452 44 34 148
452 44 35 99
452 44 42 148
452 44 45 100
452 44 47 150
461 33 0 100
461 33 5 150
461 33 6 100
461 33 28 150
461 33 31 100
461 33 32 150
461 33 33 100
461 33 40 150
461 33 42 100
461 33 49 150
467 44 5 100
467 44 15 150
467 44 20 100
467 44 34 148
467 44 35 99
467 44 42 148
467 44 45 100
467 44 47 150
474 14 1 100
474 14 11 148
474 14 13 99
474 14 16 150
474 14 24 100
474 14 30 150
474 14 31 100
474 14 36 148
474 14 42 100
474 14 43 150
480 44 5 100
480 44 15 150
480 44 20 100
480 44 34 148
480 44 35 99
480 44 42 148
480 44 45 100
480 44 47 150
497 44 5 100
497 44 15 150
497 44 20 100
497 44 34 148
497 44 35 99
497 44 42 148
497 44 45 100
497 44 47 150
500 38 3 100
500 38 17 148
500 38 18 100
500 38 29 150
500 38 32 100
500 38 33 148
500 38 39 100
500 38 41 148
500 38 46 100
501 14 1 100
501 14 11 148
501 14 13 99
501 14 16 150
501 14 24 100
501 14 30 150
501 14 31 100
501 14 36 148
501 14 42 100
501 14 43 150
517 44 5 100
517 44 15 150
517 44 20 100
517 44 34 148
517 44 35 99
517 44 42 148
517 44 45 100
517 44 47 150
524 44 5 100
524 44 15 150
524 44 20 100
524 44 34 148
524 44 35 99
524 44 42 148
524 44 45 100
524 44 47 150
532 33 0 100
532 33 5 150
532 33 6 100
532 33 28 150
532 33 31 100
532 33 32 150
532 33 33 100
532 33 40 150
532 33 42 100
532 33 49 150
544 14 1 100
544 14 11 148
544 14 13 99
544 14 16 150
544 14 24 100
544 14 30 150
544 14 31 100
544 14 36 148
544 14 42 100
544 14 43 150
545 44 5 100
545 44 15 150
545 44 20 100
545 44 34 148
545 44 35 99
545 44 42 148
545 44 45 100
545 44 47 150
549 14 1 100
549 14 11 148
549 14 13 99
549 14 16 150
549 14 24 100
549 14 30 150
549 14 31 100
549 14 36 148
549 14 42 100
549 14 43 150
556 30 5 100
556 30 8 150
556 30 17 100
556 30 19 90
556 30 29 148
556 30 32 100
556 30 36 150
556 30 45 99
556 30 46 150
564 44 5 100
564 44 15 150
564 44 20 100
564 44 34 148
564 44 35 99
564 44 42 148
564 44 45 100
564 44 47 150
571 14 1 100
571 14 11 148
571 14 13 99
571 14 16 150
571 14 24 100
571 14 30 150
571 14 31 100
571 14 36 148
571 14 42 100
571 14 43 150
572 38 3 100
572 38 17 148
572 38 18 100
572 38 29 150
572 38 32 100
572 38 33 148
572 38 39 100
572 38 41 148
572 38 46 100
593 33 0 100
593 33 5 150
593 33 6 100
593 33 28 150
593 33 31 100
593 33 32 150
593 33 33 100
593 33 40 150
593 33 42 100
593 33 49 150
636 33 0 100
636 33 5 150
636 33 6 100
636 33 28 150
636 33 31 100
636 33 32 150
636 33 33 100
636 33 40 150
636 33 42 100
636 33 49 150
692 38 3 16
692 38 18 100
692 38 29 30
692 38 33 148
692 38 39 96
692 38 46 100
692 17 14 32
692 17 24 150
692 17 28 100
692 17 34 100
692 17 35 150
692 17 40 150
692 17 42 99
692 26 5 148
692 26 8 6
692 26 16 148
692 26 26 30
692 26 33 100
692 26 43 148
692 26 46 100
692 36 1 15
692 36 22 36
692 36 34 150
692 36 35 100
692 36 36 148
692 36 46 99
692 46 0 100
692 46 11 99
692 46 17 150
692 46 21 100
692 46 30 120
692 46 33 150
692 46 35 100
692 46 41 150
692 46 46 148
692 46 47 99
692 20 6 100
692 20 8 2
692 20 17 150
692 20 21 150
692 20 41 150
692 20 45 100
692 20 46 148
692 23 9 12
692 23 15 2
692 23 21 150
692 23 35 100
692 23 40 150
692 23 45 100
692 1 0 99
692 1 5 150
692 1 6 100
692 1 13 150
692 1 21 150
692 1 24 100
692 1 33 148
692 1 42 148
692 1 43 100
692 1 45 150
692 1 46 100
692 13 17 150
692 13 40 150
692 13 45 100
692 13 46 150
692 34 6 100
692 34 11 99
692 34 13 99
692 34 32 100
692 34 34 150
692 34 35 99
692 34 43 148
692 35 6 150
692 35 18 99
692 35 21 100
692 35 24 148
692 35 32 99
692 35 34 150
692 35 35 99
692 35 36 150
692 35 40 148
692 6 0 100
692 6 17 150
692 6 21 99
692 6 35 150
692 6 40 100
692 6 43 150
692 2 6 99
692 2 11 100
692 2 13 150
692 2 18 148
692 2 24 100
692 2 31 100
692 2 33 105
692 2 41 148
692 2 43 100
692 2 47 150
692 27 6 100
692 27 16 100
692 27 20 150
692 27 41 150
692 27 45 99
692 27 46 150
692 27 47 100
692 27 49 78
692 21 16 150
692 21 18 99
692 21 24 150
692 21 32 99
692 21 40 82
692 8 11 150
692 8 16 100
692 8 21 148
692 8 32 100
692 8 45 99
693 27 6 100
693 27 16 100
693 27 20 150
693 27 41 150
693 27 45 99
693 27 46 150
693 27 47 100
693 1 0 99
693 1 5 150
693 1 6 100
693 1 13 150
693 1 21 150
693 1 24 100
693 1 42 148
693 1 43 100
693 1 45 150
693 1 46 100
693 36 31 99
693 36 34 150
693 36 35 100
693 36 36 148
693 36 46 99
693 25 16 150
693 25 21 100
693 25 35 150
693 25 36 100
693 25 41 100
693 25 42 148
693 25 46 100
693 25 49 2
693 12 18 100
693 12 31 148
693 12 35 99
693 12 42 150
693 12 45 150
693 12 47 99
693 49 5 100
693 49 6 150
693 49 11 99
693 49 17 100
693 49 23 100
693 49 34 150
693 49 36 100
693 18 0 100
693 18 5 148
693 18 20 100
693 18 32 148
693 18 34 150
693 18 35 99
693 18 36 150
693 18 47 100
693 23 11 100
693 23 18 100
693 23 21 102
693 23 45 100
693 33 0 100
693 33 5 150
693 33 6 100
693 33 31 100
693 33 32 150
693 33 33 1
693 31 0 100
693 31 6 54
693 31 23 42
693 31 35 100
693 31 42 99
693 31 46 148
693 48 6 2
693 48 31 150
693 48 41 150
693 48 46 100
693 48 47 150
693 30 5 100
693 30 17 100
693 30 32 100
693 30 36 150
693 30 45 99
693 30 46 150
693 3 16 99
693 3 17 150
693 3 36 150
693 3 41 100
693 3 47 148
693 2 11 100
693 2 13 150
693 2 18 148
693 2 24 100
693 2 31 100
693 2 36 100
693 2 41 148
693 2 43 100
693 2 47 150
693 43 5 100
693 43 36 150
693 43 41 150
693 43 45 100
693 43 47 150
693 14 11 148
693 14 13 99
693 14 16 150
693 14 24 100
693 14 31 100
693 14 36 148
693 14 42 100
693 14 43 150
694 4 5 100
694 4 17 99
694 4 18 150
694 4 31 100
694 4 35 100
694 4 43 150
694 3 16 99
694 3 17 150
694 3 36 150
694 3 41 100
694 3 47 148
694 38 17 148
694 38 18 100
694 38 32 100
694 38 41 148
694 38 46 100
694 19 16 150
694 19 17 99
694 19 18 150
694 19 21 1
694 19 41 150
694 19 42 100
694 19 46 150
694 13 17 150
694 13 45 100
694 13 46 150
694 30 5 100
694 30 17 100
694 30 32 100
694 30 36 150
694 30 45 99
694 30 46 150
694 2 11 100
694 2 13 150
694 2 18 148
694 2 24 100
694 2 31 100
694 2 36 100
694 2 41 148
694 2 43 100
694 2 47 150
694 37 0 100
694 37 31 100
694 37 35 148
694 37 42 150
694 47 11 148
694 47 13 100
694 47 20 150
694 47 24 100
694 47 43 150
694 43 5 100
694 43 36 150
694 43 41 150
694 43 45 100
694 43 47 150
694 31 0 100
694 31 20 150
694 31 34 150
694 31 35 100
694 31 42 99
694 31 46 76
694 40 42 150
694 40 47 150
694 10 11 150
694 10 13 100
694 10 20 99
694 10 34 100
694 48 24 150
694 48 31 150
694 48 41 150
694 48 47 150
694 14 11 148
694 14 13 99
694 14 16 150
694 14 24 100
694 14 31 100
694 14 36 148
694 14 42 100
694 14 43 150
694 41 0 100
694 41 24 148
694 41 31 100
694 41 34 150
694 41 36 100
694 41 41 150
694 41 43 100
695 32 5 148
695 32 17 99
695 32 32 99
695 32 34 150
695 32 35 100
695 39 13 150
695 39 18 100
695 39 34 100
695 39 35 148
695 39 36 100
695 39 41 150
695 39 42 99
695 39 45 148
695 44 5 100
695 44 20 100
695 44 34 148
695 44 35 99
695 44 42 148
695 44 45 100
695 44 47 150
695 35 18 99
695 35 24 148
695 35 32 99
695 35 34 150
695 35 35 99
695 35 36 150
695 1 0 99
695 1 5 150
695 1 13 150
695 1 24 100
695 1 42 148
695 1 43 100
695 1 45 150
695 30 5 100
695 30 17 100
695 30 32 96
695 30 45 99
695 30 46 1
695 22 11 150
695 22 17 100
695 22 18 150
695 22 24 150
695 22 34 150
695 22 47 150
695 29 0 99
695 29 13 148
695 29 16 100
695 29 18 150
695 29 20 100
695 29 41 100
695 29 43 150
695 29 45 150
695 27 16 100
695 27 20 150
695 27 41 150
695 27 45 99
695 27 47 100
695 20 13 100
695 20 17 150
695 20 41 150
695 20 45 100
695 17 18 150
695 17 24 150
695 17 34 100
695 17 35 150
695 17 42 99
695 31 0 100
695 31 20 150
695 31 34 150
695 31 35 100
695 31 42 99
695 12 5 99
695 12 18 100
695 12 31 148
695 12 35 99
695 12 42 150
695 12 45 150
695 12 47 99
695 28 0 100
695 28 13 100
695 28 31 150
695 28 35 100
695 28 43 99
695 9 36 150
695 9 45 150
695 4 5 100
695 4 17 99
695 4 18 150
695 4 31 100
695 4 35 100
695 4 43 150
696 4 5 100
696 4 17 99
696 4 18 150
696 4 31 100
696 4 35 100
696 4 43 150
696 25 16 150
696 25 35 150
696 25 36 100
696 25 41 100
696 25 42 148
696 30 5 100
696 30 17 100
696 30 36 150
696 30 45 99
696 32 5 148
696 32 17 99
696 32 34 150
696 32 35 100
696 7 17 100
696 7 24 148
696 27 16 100
696 27 20 150
696 27 41 150
696 27 45 99
696 27 47 100
696 39 13 150
696 39 18 100
696 39 34 100
696 39 35 148
696 39 36 100
696 39 41 150
696 39 42 99
696 39 45 148
696 0 0 100
696 0 34 100
696 0 41 24
696 20 17 150
696 20 41 2
696 41 0 100
696 41 24 148
696 41 31 100
696 41 34 150
696 41 36 100
696 41 43 100
696 23 11 100
696 23 18 100
696 23 35 100
696 23 45 100
696 38 17 148
696 38 18 100
696 1 0 99
696 1 5 150
696 1 13 150
696 1 24 100
696 1 42 148
696 1 43 100
696 1 45 150
696 47 11 148
696 47 13 100
696 47 20 150
696 47 24 100
696 47 43 150
696 9 36 150
696 9 45 150
696 33 0 100
696 33 5 150
696 33 31 100
696 33 42 100
697 17 18 150
697 17 24 150
697 17 34 100
697 17 35 150
697 17 40 10
697 35 18 99
697 35 24 148
697 35 34 150
697 35 35 99
697 35 36 150
697 2 11 100
697 2 13 150
697 2 18 148
697 2 24 100
697 2 31 100
697 2 36 100
697 2 43 100
697 2 47 150
697 49 5 100
697 49 11 99
697 49 17 4
697 49 36 100
697 37 0 100
697 37 31 100
697 37 35 148
697 37 42 150
697 47 11 148
697 47 13 100
697 47 20 150
697 47 24 100
697 47 43 150
697 14 11 148
697 14 13 99
697 14 16 150
697 14 24 100
697 14 31 100
697 14 36 148
697 14 42 100
697 14 43 150
697 42 0 100
697 42 5 100
697 42 13 148
697 42 36 148
697 25 16 150
697 25 35 150
697 25 36 100
697 25 42 148
697 36 31 99
697 36 34 150
697 36 35 100
697 36 36 148
697 4 5 100
697 4 18 150
697 4 31 100
697 4 35 100
697 4 43 150
697 20 13 100
697 20 45 100
697 10 11 150
697 10 13 100
697 10 20 99
697 10 34 100
697 43 5 100
697 43 36 150
697 43 45 100
697 43 47 150
697 28 0 100
697 28 13 100
697 28 31 150
697 28 35 100
697 28 43 99
697 8 0 2
697 8 16 100
697 8 45 99
698 36 31 99
698 36 34 150
698 36 35 100
698 36 36 148
698 17 18 150
698 17 24 150
698 17 34 100
698 17 35 150
698 17 42 99
698 38 18 100
698 23 11 100
698 23 18 100
698 23 21 28
698 23 45 100
698 12 5 99
698 12 18 100
698 12 31 148
698 12 35 99
698 12 42 150
698 12 45 150
698 12 47 99
698 40 42 150
698 40 47 150
698 1 5 150
698 1 13 150
698 1 24 100
698 1 42 148
698 1 43 100
698 1 45 150
698 43 5 100
698 43 36 150
698 43 45 100
698 43 47 150
698 2 11 100
698 2 13 150
698 2 18 148
698 2 24 100
698 2 31 100
698 2 36 100
698 2 43 100
698 2 47 150
698 41 24 148
698 41 31 100
698 41 34 150
698 41 36 100
698 41 43 100
698 18 5 148
698 18 20 100
698 18 34 150
698 18 35 99
698 18 36 150
698 18 47 100
698 25 16 150
698 25 35 150
698 25 36 100
698 25 42 148
698 8 11 150
698 8 16 100
698 8 45 99
698 47 11 148
698 47 13 100
698 47 20 150
698 47 24 100
698 47 43 150
698 45 13 150
698 45 18 126
698 45 42 148
698 45 47 150
698 13 45 100
699 12 5 99
699 12 31 148
699 12 35 99
699 12 42 150
699 12 45 150
699 12 47 99
699 28 13 100
699 28 31 150
699 28 35 100
699 28 43 99
699 25 16 150
699 25 35 150
699 25 36 100
699 25 42 148
699 5 11 99
699 5 16 150
699 5 42 148
699 7 24 148
699 47 11 148
699 47 13 100
699 47 20 150
699 47 24 100
699 47 43 150
699 27 16 100
699 27 20 150
699 27 45 99
699 27 47 100
699 15 31 148
699 15 43 99
699 2 11 100
699 2 13 150
699 2 24 100
699 2 31 100
699 2 36 100
699 2 43 100
699 2 47 150
699 3 16 99
699 3 36 150
699 3 47 148
699 4 5 100
699 4 31 100
699 4 35 100
699 4 43 150
699 23 11 100
699 23 35 100
699 23 45 100
699 35 24 148
699 35 34 150
699 35 35 99
699 35 36 150
699 41 24 148
699 41 31 100
699 41 34 150
699 41 36 100
699 41 43 100
699 32 5 148
699 32 34 150
699 32 35 100
699 49 5 100
699 49 11 99
699 49 34 150
699 49 36 100
700 49 5 100
700 49 11 99
700 49 34 150
700 49 36 100
700 21 16 150
700 21 24 150
700 30 5 100
700 30 36 150
700 30 45 99
700 27 16 100
700 27 20 150
700 27 45 99
700 27 47 100
700 46 11 99
700 46 35 100
700 46 47 99
700 3 16 99
700 3 36 150
700 3 47 148
700 32 5 148
700 32 34 150
700 32 35 100
700 43 5 100
700 43 36 150
700 43 45 100
700 43 47 150
700 48 24 150
700 48 31 150
700 48 47 150
700 24 24 150
700 24 34 100
700 22 11 150
700 22 24 3
700 22 47 150
700 34 11 99
700 34 13 99
700 34 34 150
700 34 35 99
700 34 43 148
700 5 11 99
700 5 16 150
700 5 42 148
700 41 31 100
700 41 34 150
700 41 36 100
700 41 43 100
701 30 5 100
701 30 36 150
701 30 45 99
701 29 13 148
701 29 16 100
701 29 20 100
701 29 43 150
701 29 45 150
701 49 5 100
701 49 11 99
701 49 34 150
701 49 36 100
701 21 16 150
701 21 24 2
701 20 21 28
701 0 34 100
701 6 35 150
701 6 43 150
701 44 5 100
701 44 20 100
701 44 34 148
701 44 35 99
701 44 42 148
701 44 45 100
701 44 47 150
701 24 34 100
701 8 11 150
701 8 16 100
701 8 45 99
701 5 11 99
701 5 16 150
701 5 42 148
701 34 11 99
701 34 13 99
701 34 34 150
701 34 35 99
701 34 43 148
701 16 20 150
701 11 16 148
701 11 31 100
701 28 13 100
701 28 31 150
701 28 35 100
701 28 43 99
702 36 31 99
702 36 34 150
702 36 35 100
702 36 36 148
702 13 40 10
702 4 5 100
702 4 31 100
702 4 35 100
702 4 43 150
702 33 5 150
702 33 31 100
702 33 42 100
702 3 16 99
702 3 36 150
702 3 47 148
702 11 16 148
702 11 31 100
702 22 11 150
702 22 34 150
702 22 47 150
702 25 16 150
702 25 35 150
702 25 36 100
702 25 42 148
702 16 20 150
702 40 42 150
702 40 47 150
702 15 31 148
702 15 43 99
702 27 16 100
702 27 20 150
702 27 45 99
702 27 47 100
702 14 11 148
702 14 13 99
702 14 16 150
702 14 31 100
702 14 36 148
702 14 42 100
702 14 43 150
702 10 11 122
702 10 20 99
702 10 34 100
702 49 5 100
702 49 34 150
702 49 36 100
703 4 5 100
703 4 31 100
703 4 35 100
703 4 43 150
703 17 28 44
703 17 35 150
703 17 42 99
703 9 36 150
703 9 45 150
703 34 13 99
703 34 34 150
703 34 35 99
703 34 43 148
703 19 16 150
703 19 36 100
703 19 42 100
703 21 16 150
703 45 13 150
703 45 35 99
703 45 42 148
703 45 47 150
703 40 42 150
703 40 47 150
703 1 5 150
703 1 13 150
703 1 42 148
703 1 43 100
703 1 45 150
703 27 16 100
703 27 20 150
703 27 45 99
703 27 47 100
703 41 31 100
703 41 34 150
703 41 36 100
703 41 43 100
703 36 31 99
703 36 34 150
703 36 35 100
703 36 36 148
703 12 5 99
703 12 31 148
703 12 35 99
703 12 42 150
703 12 45 4
703 15 31 148
703 15 43 99
703 3 16 99
703 3 36 150
703 3 47 148
704 24 34 100
704 24 40 9
704 30 36 150
704 34 13 99
704 34 34 150
704 34 35 99
704 34 43 148
704 35 34 150
704 35 35 99
704 35 36 150
704 11 16 148
704 11 31 100
704 31 20 150
704 31 34 150
704 31 35 100
704 31 42 99
704 6 35 150
704 6 43 150
704 46 35 100
704 46 47 99
704 18 5 148
704 18 20 100
704 18 34 150
704 18 35 99
704 18 36 150
704 18 47 100
704 44 5 100
704 44 20 100
704 44 34 148
704 44 35 99
704 44 42 148
704 44 47 150
704 8 11 1
704 3 16 99
704 3 36 150
704 3 47 148
704 1 5 150
704 1 13 150
704 1 42 148
704 1 43 100
704 26 5 68
704 26 43 148
704 36 31 99
704 36 34 150
704 36 35 100
704 36 36 148
705 42 0 32
705 42 36 148
705 29 13 148
705 29 16 100
705 29 20 100
705 29 43 150
705 27 16 100
705 27 20 150
705 27 47 100
705 47 13 100
705 47 20 150
705 47 43 150
705 34 13 99
705 34 34 150
705 34 35 99
705 34 43 148
705 40 42 150
705 40 47 150
705 36 31 99
705 36 34 150
705 36 35 100
705 36 36 148
705 10 13 100
705 10 20 99
705 10 34 100
705 44 5 3
705 44 34 148
705 44 35 99
705 44 42 148
705 44 47 150
705 48 31 150
705 48 47 150
705 8 0 2
705 9 36 150
705 9 40 11
705 1 42 148
705 1 43 100
705 3 16 99
705 3 36 150
705 3 47 148
705 25 16 150
705 25 35 150
705 25 36 100
705 25 42 148
705 20 13 100
706 37 0 34
706 37 35 148
706 37 40 9
706 3 16 99
706 3 36 150
706 3 47 148
706 26 16 148
706 26 43 148
706 35 34 150
706 35 35 99
706 35 36 150
706 23 35 100
706 23 40 1
706 42 36 148
706 2 13 150
706 2 31 100
706 2 36 100
706 2 43 100
706 2 47 150
706 46 35 100
706 46 47 99
706 41 31 100
706 41 34 150
706 41 36 100
706 41 43 100
706 47 13 100
706 47 20 150
706 47 43 150
706 39 13 150
706 39 34 100
706 39 35 148
706 39 36 100
706 39 42 99
706 40 42 150
706 40 47 150
706 14 13 99
706 14 16 150
706 14 31 100
706 14 36 148
706 14 42 100
706 14 43 150
706 8 16 100
706 18 20 100
706 18 34 150
706 18 35 99
706 18 36 150
706 18 47 100
707 4 5 34
707 4 35 100
707 4 43 150
707 19 16 150
707 19 36 100
707 19 42 100
707 41 0 34
707 41 34 150
707 41 36 100
707 41 43 100
707 3 16 99
707 3 36 150
707 3 47 148
707 0 34 100
707 45 13 150
707 45 35 99
707 45 42 148
707 45 47 150
707 36 31 99
707 36 34 150
707 36 35 100
707 36 36 148
707 30 36 150
707 48 31 150
707 48 47 150
707 27 16 100
707 27 20 150
707 27 47 100
707 9 36 150
707 9 40 10
707 39 13 150
707 39 28 44
707 39 35 148
707 39 36 100
707 39 42 99
707 33 31 100
707 33 42 100
707 42 13 148
707 42 36 148
707 23 35 100
708 5 16 150
708 5 42 148
708 35 34 150
708 35 35 99
708 35 36 150
708 23 35 100
708 29 13 148
708 29 16 100
708 29 20 100
708 29 43 150
708 48 31 150
708 48 47 150
708 46 35 100
708 46 47 99
708 17 34 100
708 17 35 150
708 17 42 99
708 12 31 148
708 12 35 99
708 12 42 150
708 12 47 99
708 0 34 100
708 10 13 100
708 10 20 99
708 10 34 100
708 31 20 150
708 31 34 150
708 31 35 100
708 31 42 99
708 3 16 99
708 3 36 150
708 3 47 148
708 14 13 99
708 14 16 150
708 14 31 100
708 14 36 148
708 14 42 100
708 14 43 150
708 26 16 148
708 26 43 148
708 8 16 100
708 43 36 150
708 43 47 150
709 20 13 100
709 49 5 32
709 49 36 100
709 42 13 148
709 42 36 148
709 16 20 150
709 35 24 140
709 35 35 99
709 35 36 150
709 35 40 8
709 11 31 100
709 26 16 148
709 26 43 148
709 28 13 100
709 28 31 150
709 28 35 100
709 28 43 99
709 10 13 100
709 10 20 99
709 10 34 100
709 31 20 150
709 31 34 150
709 31 35 100
709 31 42 99
709 34 13 99
709 34 34 150
709 34 35 99
709 34 43 148
709 33 31 100
709 33 40 2
709 25 16 150
709 25 35 150
709 25 36 100
709 25 42 148
709 47 13 100
709 47 20 150
709 47 24 3
709 40 42 45
710 32 5 36
710 32 35 100
710 25 16 150
710 25 21 28
710 25 36 100
710 20 13 100
710 30 36 150
710 22 34 150
710 22 47 150
710 27 16 100
710 27 20 150
710 27 47 100
710 43 36 150
710 43 47 150
710 12 31 148
710 12 35 99
710 12 47 99
710 19 16 150
710 19 36 100
710 11 16 148
710 11 31 100
710 1 13 150
710 1 43 100
710 34 13 99
710 34 34 150
710 34 35 99
710 34 43 148
710 8 16 100
710 40 47 150
710 23 35 100
710 28 13 100
710 28 31 150
710 28 35 100
710 28 43 99
711 23 35 100
711 20 13 100
711 17 34 100
711 17 35 150
711 41 31 100
711 41 34 150
711 41 36 100
711 41 43 100
711 30 5 34
711 19 16 150
711 19 36 100
711 46 35 100
711 46 47 99
711 45 13 102
711 45 47 150
711 2 31 100
711 2 36 100
711 2 43 100
711 2 47 150
711 40 47 150
711 15 31 148
711 15 43 99
711 34 34 150
711 34 35 99
711 34 43 148
711 27 16 100
711 27 20 150
711 27 47 100
711 9 36 150
711 44 20 100
711 44 34 148
711 44 35 99
711 44 47 150
711 32 34 150
711 32 35 100
712 18 20 100
712 18 34 150
712 18 35 99
712 18 36 150
712 18 40 9
712 9 36 150
712 9 40 1
712 19 16 150
712 19 36 100
712 32 34 150
712 32 35 100
712 43 36 150
712 43 47 150
712 34 34 150
712 34 35 99
712 34 43 148
712 42 36 148
712 12 31 148
712 12 35 99
712 12 47 99
712 3 16 99
712 3 36 150
712 3 47 36
712 25 16 150
712 25 35 150
712 25 36 100
712 36 31 99
712 36 34 150
712 36 35 100
712 36 36 148
712 22 34 150
713 39 34 100
713 39 35 148
713 39 36 100
713 4 5 34
713 4 35 100
713 4 43 150
713 5 16 150
713 31 20 150
713 31 34 150
713 31 35 100
713 22 34 150
713 22 47 100
713 34 34 150
713 34 35 99
713 34 43 56
713 44 34 148
713 44 35 99
713 8 16 100
713 24 34 100
713 25 16 150
713 25 35 150
713 25 36 100
713 32 34 150
713 32 35 100
714 13 40 10
714 3 16 99
714 3 36 150
714 23 9 6
714 48 31 150
714 15 31 148
714 15 43 54
714 45 35 99
714 0 34 100
714 36 31 99
714 36 34 150
714 36 35 100
714 36 36 148
714 32 34 150
714 32 35 100
714 12 31 148
714 12 35 99
714 14 16 150
714 14 31 100
714 14 36 148
714 29 16 100
714 29 20 100
714 2 31 100
714 2 36 100
715 10 13 22
715 10 34 100
715 48 31 150
715 17 34 100
715 17 35 150
715 17 40 10
715 25 16 150
715 25 35 150
715 25 36 100
715 26 16 148
715 26 43 52
715 32 34 150
715 32 35 100
715 49 34 150
715 49 36 100
715 9 36 150
715 44 20 100
715 44 34 148
715 44 35 99
715 46 35 100
715 14 16 150
715 14 31 100
715 14 36 148
716 28 31 150
716 28 35 100
716 28 40 8
716 10 34 100
716 45 35 99
716 5 16 150
716 21 16 150
716 21 40 2
716 32 35 100
716 33 31 100
716 33 42 1
716 3 36 150
716 18 20 100
716 18 34 150
716 18 35 99
716 18 36 150
716 15 31 148
716 46 35 100
716 6 35 150
716 6 43 2
716 34 35 99
716 26 16 148
716 30 5 2
716 4 31 100
716 4 35 100
717 18 5 32
717 18 34 150
717 18 35 99
717 18 36 150
717 18 40 9
717 29 16 100
717 29 20 100
717 24 34 100
717 11 16 148
717 11 31 100
717 27 16 100
717 27 20 150
717 45 35 99
717 15 31 148
717 47 20 150
717 49 34 150
717 49 36 100
717 41 31 100
717 41 34 150
717 41 36 100
717 31 20 150
717 31 34 150
717 31 35 100
717 16 20 150
717 43 36 150
717 17 34 100
717 17 35 150
718 49 5 32
718 49 36 100
718 19 16 150
718 19 36 100
718 37 0 34
718 37 35 148
718 37 40 9
718 27 20 150
718 33 31 100
718 33 40 2
718 2 36 100
718 10 13 1
718 10 34 100
718 45 35 99
718 22 34 150
718 18 20 100
718 18 34 150
718 18 35 99
718 18 36 150
718 25 16 150
718 25 35 150
718 25 36 100
718 5 16 150
718 9 36 150
718 4 5 2
718 4 35 100
718 15 31 148
719 15 31 148
719 48 31 150
719 5 16 150
719 32 5 32
719 32 35 100
719 44 5 2
719 44 34 148
719 44 35 99
719 11 16 148
719 11 31 100
719 0 34 100
719 41 31 100
719 41 34 150
719 41 36 100
719 42 13 20
719 1 13 2
719 33 40 10
719 27 16 100
719 27 20 150
719 12 31 148
719 12 35 99
720 2 13 21
720 2 36 100
720 2 47 100
720 34 34 150
720 34 35 99
720 23 35 100
720 36 31 99
720 36 34 150
720 36 35 100
720 36 36 148
720 19 16 150
720 19 36 100
720 3 16 99
720 3 36 150
720 24 34 100
720 8 16 100
720 37 31 100
720 37 35 148
720 32 34 150
720 32 35 100
720 49 34 150
720 49 36 100
720 16 20 150
721 39 13 22
721 39 35 148
721 39 36 100
721 47 20 150
721 21 16 150
721 12 5 36
721 12 35 99
721 12 47 99
721 22 34 150
721 35 34 150
721 35 35 99
721 35 36 150
721 44 20 100
721 44 34 148
721 44 35 99
721 10 13 1
721 10 34 100
721 9 36 150
721 36 31 99
721 36 34 150
721 36 35 100
721 36 36 148
721 27 16 100
721 27 20 150
721 0 34 100
721 2 31 100
721 2 36 100
722 32 34 150
722 32 35 100
722 10 13 22
722 10 27 90
722 19 16 150
722 19 18 60
722 4 31 100
722 4 35 100
722 18 0 32
722 18 34 150
722 18 35 99
722 18 36 150
722 18 40 9
722 25 16 150
722 25 35 150
722 25 36 100
722 15 31 148
722 12 31 148
722 12 35 99
722 14 16 150
722 14 31 100
722 14 36 148
722 42 36 148
722 44 20 100
722 44 34 148
722 44 35 99
722 21 16 150
722 21 40 1
722 27 16 100
722 27 20 150
723 17 34 100
723 17 35 150
723 17 40 10
723 8 0 2
723 18 20 100
723 18 34 150
723 18 35 99
723 18 36 150
723 43 36 150
723 43 47 1
723 34 35 99
723 34 43 52
723 49 36 20
723 2 36 2
723 47 20 150
723 32 34 150
723 32 35 100
723 3 16 99
723 0 34 100
723 5 16 150
723 45 35 99
723 39 34 100
723 39 35 148
724 4 5 34
724 4 43 2
724 18 34 150
724 18 35 99
724 18 36 40
724 39 35 148
724 11 16 148
724 24 34 100
724 46 35 100
724 3 16 99
724 26 16 96
725 4 5 34
725 6 35 150
725 44 20 100
725 44 34 148
725 44 35 99
725 28 31 2
725 36 34 150
725 36 35 100
725 29 20 100
725 17 34 100
725 17 35 150
725 31 20 150
725 31 34 150
725 31 35 100
725 41 34 150
726 38 17 148
726 12 35 99
726 12 47 99
726 5 17 100
726 47 13 20
726 47 43 54
726 32 35 100
726 31 20 150
726 31 34 150
726 31 35 100
726 46 35 100
726 16 20 150
726 41 34 150
727 16 20 150
727 29 13 24
727 29 43 54
727 28 35 100
727 0 34 100
727 3 36 2
727 39 35 148
727 37 35 148
727 2 31 1
728 46 0 34
728 34 9 4
728 41 9 2
728 35 34 150
728 22 17 1
728 42 5 32
728 18 20 100
728 18 34 150
728 18 36 1
729 39 13 22
729 39 36 36
729 44 20 100
729 44 34 148
729 37 31 18
729 6 43 54
729 10 34 100
729 32 34 150
730 18 20 100
730 18 34 150
730 18 36 42
730 34 43 52
730 41 43 2
730 43 47 1
730 24 34 100
731 13 40 10
731 39 36 36
731 18 34 150
731 18 36 3
731 23 9 6
732 45 47 99
732 43 5 32
732 49 34 150
732 37 31 18
732 21 24 2
732 31 34 150
732 36 34 150
732 44 5 3
732 44 34 148
732 27 20 150
733 18 20 100
733 18 34 150
733 18 36 39
733 26 43 52
733 33 40 1
734 44 20 100
734 44 34 148
734 44 47 100
734 7 24 140
734 10 13 1
734 10 34 100
734 2 24 3
734 18 34 150
734 0 34 100
734 29 20 100
734 41 34 150
734 22 34 18
735 43 47 1
736 17 18 60
736 18 20 100
736 18 36 39
736 44 20 100
736 1 43 52
736 29 43 2
737 10 34 72
737 28 31 18
737 46 0 2
737 25 41 1
738 39 13 2
739 43 5 32
739 18 36 1
739 44 20 100
739 10 13 1
740 24 34 72
740 42 13 20
740 9 40 1
740 28 31 18
741 29 43 54
742 42 5 32
742 18 34 72
743 12 5 36
743 48 31 2
743 44 35 96
743 18 36 39
744 1 5 2
745 16 18 60
745 35 35 99
745 35 40 8
746 16 20 150
746 2 13 21
746 23 40 10
747 10 34 72
747 18 36 39
748 24 24 141
748 14 24 2
749 10 13 22
749 10 34 72
749 18 36 1
749 47 20 150
750 28 31 18
750 48 24 141
751 42 13 20
751 14 31 16
752 33 31 20
752 2 36 40
752 27 20 150
753 2 31 18
754 18 36 1
754 41 0 2
754 10 13 23
755 8 21 28
755 18 36 1
755 4 5 2
756 45 13 3
756 13 40 10
756 19 36 38
756 18 36 1
757 20 13 22
757 6 43 54
757 16 20 150
758 9 36 39
758 2 13 21
759 36 31 18
759 1 0 33
759 39 35 92
759 17 35 1
760 43 36 3
761 18 5 32
761 18 34 72
761 32 9 6
762 6 40 8
762 16 20 150
763 19 36 38
763 46 47 99
763 44 5 34
763 44 35 96
763 43 47 1
764 18 40 9
764 4 5 2
765 20 13 1
765 10 20 99
765 10 34 72
766 30 5 2
767 18 0 32
767 18 34 72
767 1 5 2
767 44 20 100
767 22 0 2
768 20 13 22
768 1 5 34
769 1 5 2
769 31 20 150
769 31 34 72
769 9 36 1
769 33 31 16
770 47 20 150
770 10 20 99
771 45 18 60
771 29 20 100
771 19 16 2
772 44 34 72
773 30 5 34
773 41 0 1
773 16 28 44
774 47 20 150
774 43 47 1
775 8 0 34
775 16 20 150
775 18 20 100
776 41 0 34
776 2 13 21
776 27 20 150
776 31 20 150
777 21 40 11
777 4 43 54
777 44 35 93
777 29 0 33
777 37 31 2
777 8 0 1
778 48 31 18
779 18 34 72
779 31 20 150
779 1 5 2
780 22 0 34
780 25 40 10
781 32 5 32
781 18 36 39
781 47 20 150
782 44 5 34
782 44 34 72
783 37 31 18
783 29 41 44
783 31 20 150
784 3 16 78
784 18 5 32
784 18 35 93
784 34 13 21
784 16 28 44
784 28 35 2
785 33 0 34
786 34 9 4
786 18 20 100
786 18 36 3
786 27 20 150
787 47 13 20
787 44 5 34
787 44 34 72
787 9 36 1
788 29 16 80
788 29 43 2
788 27 20 150
788 47 20 150
789 42 5 32
789 10 34 72
789 33 31 20
789 4 5 2
790 29 20 100
790 39 13 2
791 4 5 34
791 48 31 2
792 44 35 99
792 21 40 10
792 16 20 150
792 2 13 21
793 20 13 1
794 42 5 32
794 44 34 72
794 27 20 150
794 1 13 2
795 48 31 18
795 24 34 72
795 47 20 150
795 29 20 100
795 12 5 33
796 24 34 72
796 18 36 39
797 49 34 72
797 16 28 44
797 29 20 100
797 23 40 2
798 44 34 72
798 20 13 1
799 26 43 52
800 11 31 20
800 29 43 54
800 10 34 72
800 16 20 150
800 47 20 150
800 18 20 100
801 45 0 32
801 27 20 150
801 18 20 100
801 43 47 1
802 35 34 72
803 33 5 33
803 31 20 150
803 22 47 100
804 31 34 72
804 2 28 42
804 16 28 2
805 46 0 2
805 35 35 93
805 14 13 21
806 44 35 93
810 23 40 10
810 49 5 32
810 49 36 36
811 4 43 2
811 25 41 1
812 10 13 23
817 2 13 21
818 18 36 1
821 27 20 150
822 18 0 32
829 4 5 2
830 37 0 34
833 18 20 100
834 23 40 11
837 10 13 1
840 41 0 1
841 34 35 96
844 45 13 21
846 35 36 3
846 44 5 2
847 27 47 100
847 5 28 44
847 30 5 2
852 2 28 42
854 25 36 40
856 22 24 141
857 13 40 10
859 41 31 20
859 30 5 1
862 9 40 2
863 28 40 8
