25 44 0 99
25 44 1 148
25 44 4 100
25 44 19 150
25 44 24 100
25 44 26 150
25 44 27 100
25 44 30 148
25 44 34 99
25 44 35 148
25 44 36 99
25 44 39 150
25 44 41 100
25 44 42 150
26 25 2 100
26 25 8 150
26 25 12 100
26 25 14 148
26 25 17 100
26 25 36 150
26 25 42 100
28 25 2 100
28 25 8 150
28 25 12 100
28 25 14 148
28 25 17 100
28 25 36 150
28 25 42 100
50 25 2 100
50 25 8 120
50 25 14 148
50 25 17 100
50 25 36 150
50 25 42 100
51 25 2 100
51 25 8 104
51 25 14 148
51 25 17 100
51 25 36 150
51 25 42 100
57 44 0 99
57 44 1 148
57 44 4 100
57 44 19 150
57 44 24 100
57 44 26 150
57 44 27 100
57 44 30 148
57 44 34 99
57 44 35 148
57 44 36 99
57 44 39 150
57 44 41 100
57 44 42 150
62 44 0 99
62 44 1 148
62 44 4 100
62 44 19 150
62 44 24 100
62 44 26 150
62 44 27 100
62 44 30 148
62 44 34 99
62 44 35 148
62 44 36 99
62 44 39 150
62 44 41 100
62 44 42 150
64 25 2 100
64 25 8 106
64 25 14 148
64 25 17 100
64 25 36 150
64 25 42 100
66 25 2 100
66 25 8 104
66 25 14 148
66 25 17 100
66 25 36 150
66 25 42 100
73 25 2 100
73 25 8 106
73 25 14 148
73 25 17 100
73 25 36 150
73 25 42 100
76 25 2 100
76 25 8 104
76 25 14 148
76 25 17 100
76 25 36 150
76 25 42 100
79 25 2 100
79 25 8 106
79 25 17 100
79 25 36 150
79 25 42 100
89 25 2 100
89 25 8 104
89 25 14 148
89 25 17 100
89 25 36 150
89 25 42 100
99 44 0 99
99 44 1 148
99 44 4 100
99 44 19 150
99 44 24 100
99 44 26 150
99 44 27 100
99 44 30 148
99 44 34 99
99 44 35 148
99 44 36 99
99 44 39 150
99 44 41 100
99 44 42 150
106 25 2 100
106 25 8 106
106 25 14 148
106 25 17 100
106 25 36 150
106 25 42 100
123 25 2 100
123 25 8 104
123 25 14 148
123 25 17 100
123 25 36 150
123 25 42 100
129 25 2 100
129 25 8 106
129 25 14 148
129 25 17 100
129 25 36 150
129 25 42 100
135 44 0 99
135 44 1 148
135 44 4 100
135 44 19 150
135 44 24 100
135 44 26 150
135 44 27 100
135 44 30 148
135 44 34 99
135 44 35 148
135 44 36 99
135 44 39 150
135 44 41 100
135 44 42 150
136 2 11 100
136 2 14 148
136 2 15 100
136 2 23 148
136 2 24 100
136 2 25 150
136 2 26 100
136 2 29 150
136 2 33 100
136 2 40 150
136 2 44 100
136 2 47 150
140 25 2 100
140 25 8 104
140 25 14 148
140 25 17 100
140 25 36 150
140 25 42 100
141 25 2 100
141 25 8 106
141 25 14 148
141 25 17 100
141 25 36 150
141 25 42 100
147 25 2 100
147 25 8 150
147 25 12 100
147 25 14 148
147 25 17 100
147 25 36 150
147 25 42 100
153 25 2 100
153 25 8 150
153 25 12 100
153 25 14 148
153 25 17 100
153 25 36 150
153 25 42 100
159 25 2 100
159 25 8 120
159 25 14 148
159 25 17 100
159 25 36 150
159 25 42 100
160 44 0 99
160 44 1 148
160 44 4 100
160 44 19 150
160 44 24 100
160 44 26 150
160 44 27 100
160 44 30 148
160 44 34 99
160 44 35 148
160 44 36 99
160 44 39 150
160 44 41 100
160 44 42 150
170 2 11 100
170 2 14 148
170 2 15 100
170 2 23 148
170 2 24 100
170 2 25 150
170 2 26 100
170 2 29 150
170 2 33 100
170 2 40 150
170 2 44 100
170 2 47 150
180 25 2 100
180 25 8 104
180 25 14 148
180 25 17 100
180 25 36 150
180 25 42 100
194 2 11 100
194 2 14 148
194 2 15 100
194 2 23 148
194 2 24 100
194 2 25 150
194 2 26 100
194 2 29 150
194 2 33 100
194 2 40 150
194 2 44 100
194 2 47 150
194 25 2 100
194 25 8 106
194 25 14 148
194 25 17 100
194 25 36 150
194 25 42 100
198 44 0 99
198 44 1 148
198 44 4 100
198 44 19 150
198 44 24 100
198 44 26 150
198 44 27 100
198 44 30 148
198 44 34 99
198 44 35 148
198 44 36 99
198 44 39 150
198 44 41 100
198 44 42 150
201 44 0 99
201 44 1 148
201 44 4 100
201 44 19 150
201 44 24 100
201 44 26 150
201 44 27 100
201 44 30 148
201 44 34 99
201 44 35 148
201 44 36 99
201 44 39 150
201 44 41 100
201 44 42 150
208 25 2 100
208 25 8 104
208 25 14 148
208 25 17 100
208 25 36 150
208 25 42 100
224 25 2 100
224 25 8 106
224 25 14 148
224 25 17 100
224 25 36 150
224 25 42 100
228 24 2 100
228 24 16 150
228 24 20 100
228 24 25 150
228 24 30 99
228 24 39 148
228 24 42 100
228 24 43 148
228 24 49 100
230 44 0 99
230 44 1 148
230 44 4 100
230 44 19 150
230 44 24 100
230 44 26 150
230 44 27 100
230 44 30 148
230 44 34 99
230 44 35 148
230 44 36 99
230 44 39 150
230 44 41 100
230 44 42 150
236 33 1 100
236 33 4 88
236 33 16 148
236 33 17 100
236 33 25 150
236 33 35 100
236 33 41 148
245 33 1 100
245 33 4 68
245 33 16 148
245 33 17 100
245 33 25 150
245 33 35 100
245 33 41 128
250 24 16 150
250 24 20 100
250 24 25 150
250 24 30 99
250 24 39 148
250 24 42 100
250 24 43 148
250 24 49 100
257 33 1 100
257 33 4 64
257 33 16 148
257 33 17 100
257 33 25 150
257 33 35 100
257 33 41 48
274 33 4 68
274 33 16 148
274 33 17 100
274 33 25 150
274 33 35 100
274 33 41 72
280 2 14 148
280 2 15 100
280 2 23 148
280 2 24 100
280 2 25 150
280 2 26 100
280 2 29 150
280 2 33 100
280 2 40 150
280 2 44 100
280 2 47 150
281 25 2 100
281 25 8 150
281 25 12 100
281 25 14 148
281 25 17 100
281 25 36 150
281 25 42 100
285 33 1 100
285 33 4 64
285 33 16 148
285 33 17 100
285 33 25 150
285 33 35 100
285 33 41 48
290 25 8 150
290 25 12 100
290 25 14 148
290 25 17 100
290 25 36 150
290 25 42 100
302 2 11 100
302 2 14 148
302 2 15 100
302 2 23 148
302 2 24 100
302 2 25 150
302 2 26 100
302 2 29 150
302 2 33 100
302 2 40 150
302 2 44 100
302 2 47 150
303 24 2 100
303 24 16 150
303 24 20 100
303 24 25 150
303 24 30 99
303 24 39 148
303 24 42 100
303 24 43 148
303 24 49 100
306 25 2 100
306 25 8 150
306 25 12 100
306 25 14 148
306 25 17 100
306 25 36 150
306 25 42 100
307 24 2 100
307 24 16 150
307 24 20 100
307 24 25 150
307 24 30 99
307 24 39 148
307 24 42 100
307 24 43 148
307 24 49 100
313 2 11 100
313 2 14 148
313 2 15 100
313 2 23 148
313 2 24 100
313 2 25 150
313 2 26 100
313 2 29 150
313 2 33 100
313 2 40 150
313 2 44 100
313 2 47 150
331 24 2 100
331 24 16 150
331 24 20 100
331 24 25 150
331 24 30 99
331 24 39 148
331 24 42 100
331 24 43 148
331 24 49 100
336 25 2 100
336 25 8 150
336 25 12 100
336 25 14 148
336 25 17 100
336 25 36 150
336 25 42 100
339 2 11 100
339 2 14 148
339 2 15 100
339 2 23 148
339 2 24 100
339 2 25 150
339 2 26 100
339 2 29 150
339 2 33 100
339 2 40 150
339 2 44 100
339 2 47 150
357 24 2 100
357 24 16 150
357 24 20 100
357 24 25 150
357 24 30 99
357 24 39 148
357 24 42 100
357 24 43 148
357 24 49 100
369 24 2 100
369 24 16 150
369 24 20 100
369 24 25 150
369 24 30 99
369 24 39 148
369 24 42 100
369 24 43 148
369 24 49 100
376 44 0 99
376 44 1 148
376 44 4 100
376 44 19 150
376 44 24 100
376 44 26 150
376 44 27 100
376 44 30 148
376 44 34 99
376 44 35 148
376 44 36 99
376 44 39 150
376 44 41 100
376 44 42 150
383 33 1 100
383 33 4 100
383 33 16 148
383 33 17 100
383 33 25 150
383 33 35 100
383 33 41 148
387 24 2 100
387 24 16 150
387 24 20 100
387 24 25 150
387 24 30 99
387 24 39 148
387 24 42 100
387 24 43 148
387 24 49 100
387 25 2 100
387 25 8 150
387 25 12 100
387 25 14 148
387 25 17 100
387 25 36 150
387 25 42 100
391 33 1 100
391 33 4 64
391 33 16 148
391 33 17 100
391 33 25 150
391 33 35 100
391 33 41 148
392 33 1 100
392 33 4 68
392 33 16 148
392 33 17 100
392 33 25 150
392 33 35 100
392 33 41 60
410 25 8 150
410 25 12 100
410 25 14 148
410 25 17 100
410 25 36 150
410 25 42 100
414 2 11 100
414 2 14 148
414 2 15 100
414 2 23 148
414 2 24 100
414 2 25 150
414 2 26 100
414 2 29 150
414 2 33 100
414 2 40 150
414 2 44 100
414 2 47 150
422 33 1 100
422 33 4 64
422 33 16 148
422 33 17 100
422 33 25 150
422 33 35 100
422 33 41 120
427 25 8 150
427 25 12 100
427 25 14 148
427 25 17 100
427 25 36 150
427 25 42 100
434 25 2 100
434 25 8 150
434 25 12 100
434 25 14 148
434 25 17 100
434 25 36 150
434 25 42 100
441 33 1 100
441 33 4 132
441 33 16 148
441 33 17 100
441 33 25 150
441 33 35 100
441 33 41 96
451 33 4 132
451 33 16 148
451 33 17 100
451 33 25 150
451 33 35 100
451 33 41 48
453 2 14 148
453 2 15 100
453 2 23 148
453 2 24 100
453 2 25 150
453 2 26 100
453 2 29 150
453 2 33 100
453 2 40 150
453 2 44 100
453 2 47 150
456 2 11 100
456 2 14 148
456 2 15 100
456 2 23 148
456 2 24 100
456 2 25 150
456 2 26 100
456 2 29 150
456 2 33 100
456 2 40 150
456 2 44 100
456 2 47 150
457 25 2 100
457 25 8 150
457 25 12 100
457 25 14 148
457 25 17 100
457 25 36 150
457 25 42 100
468 25 2 100
468 25 8 150
468 25 12 100
468 25 14 148
468 25 17 100
468 25 36 150
468 25 42 100
470 24 2 100
470 24 16 150
470 24 20 100
470 24 25 150
470 24 30 99
470 24 39 148
470 24 42 100
470 24 43 148
470 24 49 100
476 33 1 100
476 33 4 132
476 33 16 148
476 33 17 100
476 33 25 150
476 33 35 100
476 33 41 48
484 25 8 150
484 25 12 100
484 25 14 148
484 25 17 100
484 25 36 150
484 25 42 100
490 33 1 100
490 33 4 68
490 33 16 148
490 33 17 100
490 33 25 150
490 33 35 100
490 33 41 48
496 25 8 150
496 25 12 100
496 25 14 148
496 25 17 100
496 25 36 150
496 25 42 100
497 25 2 100
497 25 8 150
497 25 12 100
497 25 14 148
497 25 17 100
497 25 36 150
497 25 42 100
507 2 11 100
507 2 14 148
507 2 15 100
507 2 23 148
507 2 24 100
507 2 25 150
507 2 26 100
507 2 29 150
507 2 33 100
507 2 40 150
507 2 44 100
507 2 47 150
510 24 2 100
510 24 16 150
510 24 20 100
510 24 25 150
510 24 30 99
510 24 39 148
510 24 42 100
510 24 43 148
510 24 49 100
514 33 1 100
514 33 4 64
514 33 16 148
514 33 17 100
514 33 25 150
514 33 35 100
514 33 41 96
525 25 8 150
525 25 12 100
525 25 14 148
525 25 17 100
525 25 36 150
525 25 42 100
539 25 2 100
539 25 8 150
539 25 12 100
539 25 14 148
539 25 17 100
539 25 36 150
539 25 42 100
543 33 1 100
543 33 4 68
543 33 16 148
543 33 17 100
543 33 25 150
543 33 35 100
543 33 41 96
548 24 16 150
548 24 20 100
548 24 25 150
548 24 30 99
548 24 39 148
548 24 42 100
548 24 43 148
548 24 49 100
557 25 2 100
557 25 8 150
557 25 12 100
557 25 14 148
557 25 17 100
557 25 36 150
557 25 42 100
564 25 2 100
564 25 8 150
564 25 12 100
564 25 14 148
564 25 17 100
564 25 36 150
564 25 42 100
568 25 2 100
568 25 8 150
568 25 12 100
568 25 14 148
568 25 17 100
568 25 36 150
568 25 42 100
576 33 1 100
576 33 4 64
576 33 16 148
576 33 17 100
576 33 25 150
576 33 35 100
576 33 41 148
584 33 1 100
584 33 4 68
584 33 16 148
584 33 17 100
584 33 25 150
584 33 35 100
584 33 41 44
599 24 16 150
599 24 20 100
599 24 25 150
599 24 30 99
599 24 39 148
599 24 42 100
599 24 43 148
599 24 49 100
600 33 1 100
600 33 4 64
600 33 16 148
600 33 17 100
600 33 25 150
600 33 35 100
600 33 41 96
607 33 4 68
607 33 16 148
607 33 17 100
607 33 25 150
607 33 35 100
607 33 41 48
621 33 4 64
621 33 16 148
621 33 17 100
621 33 25 150
621 33 35 100
621 33 41 96
630 25 8 150
630 25 12 100
630 25 14 148
630 25 17 100
630 25 36 150
630 25 42 100
630 33 1 100
630 33 4 68
630 33 16 148
630 33 17 100
630 33 25 150
630 33 35 100
630 33 41 96
649 47 10 148
649 47 11 99
649 47 15 148
649 47 17 99
649 47 20 148
649 47 27 99
649 47 34 150
649 47 39 99
649 47 44 150
652 47 9 100
652 47 10 148
652 47 11 99
652 47 15 148
652 47 17 99
652 47 20 148
652 47 27 99
652 47 34 150
652 47 39 99
652 47 44 150
653 47 9 100
653 47 10 148
653 47 11 99
653 47 15 148
653 47 17 99
653 47 20 148
653 47 27 99
653 47 34 150
653 47 39 99
653 47 44 150
655 47 9 100
655 47 10 148
655 47 11 99
655 47 15 148
655 47 17 99
655 47 20 148
655 47 27 99
655 47 34 150
655 47 39 99
655 47 44 150
657 47 9 100
657 47 10 148
657 47 11 99
657 47 15 148
657 47 17 99
657 47 20 148
657 47 27 99
657 47 34 150
657 47 39 99
657 47 44 150
664 33 1 100
664 33 4 64
664 33 16 148
664 33 17 100
664 33 25 150
664 33 35 100
664 33 41 148
664 47 9 100
664 47 10 148
664 47 11 99
664 47 15 148
664 47 17 99
664 47 20 148
664 47 27 99
664 47 34 150
664 47 39 99
664 47 44 150
665 47 9 100
665 47 10 148
665 47 11 99
665 47 15 148
665 47 17 99
665 47 20 148
665 47 27 99
665 47 34 150
665 47 39 99
665 47 44 150
667 47 9 100
667 47 10 148
667 47 11 99
667 47 15 148
667 47 17 99
667 47 20 148
667 47 27 99
667 47 34 150
667 47 39 99
667 47 44 150
668 47 9 100
668 47 10 148
668 47 11 99
668 47 15 148
668 47 17 99
668 47 20 148
668 47 27 99
668 47 34 150
668 47 39 99
668 47 44 150
669 47 9 100
669 47 10 148
669 47 11 99
669 47 15 148
669 47 17 99
669 47 20 148
669 47 27 99
669 47 34 150
669 47 39 99
669 47 44 150
675 2 11 100
675 2 14 148
675 2 15 100
675 2 23 148
675 2 24 100
675 2 25 150
675 2 26 100
675 2 29 150
675 2 33 100
675 2 40 150
675 2 44 100
675 2 47 150
692 47 9 20
692 47 11 99
692 47 15 148
692 47 17 99
692 47 20 148
692 47 27 99
692 47 34 150
692 47 39 99
692 47 44 150
692 18 8 148
692 18 10 150
692 18 16 100
692 18 17 150
692 18 19 150
692 18 23 100
692 18 31 150
692 18 39 148
692 18 43 100
692 18 48 112
692 8 0 100
692 8 1 150
692 8 2 52
692 8 19 150
692 8 24 99
692 8 25 150
692 8 27 100
692 8 29 48
692 8 36 150
692 8 40 99
692 8 42 148
692 8 43 100
692 6 8 150
692 6 15 99
692 6 30 99
692 6 31 148
692 6 40 100
692 6 43 148
692 6 45 48
692 16 11 150
692 16 14 99
692 16 15 148
692 16 16 100
692 16 19 150
692 16 26 99
692 16 27 150
692 16 30 100
692 1 1 100
692 1 15 150
692 1 16 100
692 1 17 150
692 1 26 99
692 1 33 150
692 1 43 150
692 1 47 150
692 1 49 100
692 27 0 100
692 27 6 100
692 27 10 99
692 27 11 150
692 27 19 100
692 27 24 99
692 27 31 110
692 27 42 150
692 27 43 100
692 27 47 99
692 27 49 100
692 44 0 99
692 44 1 148
692 44 4 2
692 44 24 100
692 44 26 150
692 44 27 100
692 44 30 148
692 44 34 99
692 44 35 148
692 44 36 99
692 44 39 150
692 44 41 100
692 44 42 150
692 46 1 99
692 46 15 150
692 46 27 100
692 46 34 150
692 46 35 100
692 46 39 150
692 46 47 150
692 36 1 100
692 36 2 2
692 36 12 100
692 36 14 148
692 36 16 100
692 36 24 150
692 36 25 99
692 36 40 150
692 10 0 100
692 10 6 99
692 10 10 100
692 10 11 150
692 10 14 100
692 10 15 150
692 10 17 100
692 10 26 150
692 10 27 100
692 10 39 100
692 32 0 100
692 32 6 24
692 32 12 148
692 32 25 150
692 32 27 100
692 32 36 150
692 32 40 100
692 32 47 150
692 25 8 150
692 25 12 100
692 25 14 148
692 25 17 100
692 25 36 150
692 25 42 100
692 43 1 100
692 43 19 100
692 43 35 99
692 43 44 150
692 43 49 100
692 34 25 100
692 34 27 150
692 34 34 150
692 34 42 100
692 34 43 148
692 34 44 100
692 9 0 99
692 9 10 150
692 9 16 100
692 9 20 100
692 9 24 100
692 9 25 148
692 9 26 100
692 9 34 150
692 9 36 100
692 9 42 150
692 9 43 100
693 20 0 99
693 20 1 148
693 20 10 150
693 20 19 99
693 20 20 150
693 20 24 100
693 20 26 148
693 20 34 100
693 20 41 99
693 20 43 150
693 20 44 100
693 20 47 150
693 20 49 99
693 30 0 100
693 30 1 150
693 30 6 2
693 30 25 148
693 30 36 150
693 30 44 100
693 2 11 100
693 2 14 148
693 2 15 100
693 2 23 148
693 2 24 100
693 2 25 150
693 2 26 100
693 2 33 100
693 2 40 150
693 2 44 100
693 2 47 150
693 16 11 150
693 16 14 99
693 16 15 148
693 16 16 100
693 16 19 150
693 16 26 99
693 16 27 150
693 16 30 100
693 26 30 99
693 26 34 100
693 26 35 150
693 26 42 100
693 26 43 150
693 31 1 100
693 31 10 150
693 31 12 100
693 31 16 150
693 31 20 100
693 31 34 100
693 31 35 150
693 31 38 150
693 31 39 100
693 31 49 141
693 19 15 99
693 19 17 148
693 19 23 148
693 19 24 100
693 19 26 150
693 19 33 150
693 19 36 100
693 19 41 12
693 12 1 99
693 12 11 100
693 12 19 150
693 12 20 100
693 12 25 150
693 12 27 100
693 12 47 99
693 5 0 99
693 5 10 150
693 5 11 99
693 5 15 100
693 5 16 150
693 5 27 150
693 5 34 150
693 5 35 100
693 5 39 150
693 5 40 100
693 5 42 150
693 25 8 150
693 25 12 100
693 25 14 148
693 25 17 100
693 25 36 150
693 25 42 100
693 35 0 100
693 35 10 150
693 35 11 99
693 35 12 150
693 35 19 150
693 35 25 100
693 35 26 150
693 35 34 148
693 35 38 100
693 35 43 148
693 45 10 99
693 45 14 100
693 45 16 150
693 45 23 150
693 45 24 100
693 45 25 150
693 45 33 150
693 45 34 100
693 45 38 62
693 36 8 150
693 36 12 100
693 36 14 148
693 36 16 100
693 36 24 150
693 36 25 99
693 36 40 150
693 49 11 150
693 49 19 100
693 49 24 150
693 49 26 99
693 49 42 99
693 49 44 148
693 13 17 150
693 13 25 100
693 13 39 148
693 13 40 100
693 13 43 99
693 39 20 148
693 39 30 99
693 39 33 99
693 39 42 100
693 39 44 150
694 36 1 100
694 36 8 150
694 36 12 100
694 36 14 148
694 36 16 100
694 36 24 150
694 36 25 99
694 36 40 150
694 23 1 100
694 23 10 100
694 23 19 150
694 23 23 100
694 23 27 150
694 23 34 100
694 17 8 150
694 17 10 99
694 17 12 150
694 17 19 100
694 17 20 150
694 17 23 150
694 17 25 100
694 17 26 150
694 17 27 100
694 17 35 99
694 21 15 100
694 21 20 150
694 21 24 100
694 21 30 148
694 21 34 99
694 21 35 148
694 21 36 100
694 21 39 99
694 21 42 150
694 35 0 100
694 35 10 150
694 35 11 99
694 35 12 150
694 35 19 150
694 35 25 100
694 35 26 150
694 35 34 148
694 35 43 148
694 1 1 100
694 1 15 150
694 1 16 100
694 1 17 150
694 1 26 99
694 1 33 150
694 1 43 150
694 1 47 150
694 39 20 148
694 39 30 99
694 39 33 99
694 39 42 100
694 39 44 150
694 40 11 150
694 40 15 100
694 40 16 150
694 40 17 100
694 40 25 100
694 40 26 148
694 40 27 99
694 40 33 100
694 40 39 100
694 45 10 99
694 45 14 100
694 45 16 150
694 45 23 150
694 45 24 100
694 45 25 150
694 45 33 150
694 45 34 100
694 30 0 100
694 30 1 150
694 30 8 100
694 30 25 148
694 30 36 150
694 30 44 100
694 9 0 99
694 9 10 150
694 9 16 100
694 9 20 100
694 9 24 100
694 9 25 148
694 9 26 100
694 9 34 150
694 9 36 100
694 9 42 150
694 9 43 100
694 24 16 150
694 24 20 100
694 24 25 150
694 24 30 99
694 24 39 148
694 24 42 100
694 24 43 148
694 11 16 150
694 11 19 100
694 11 20 148
694 11 25 148
694 11 26 100
694 11 27 148
694 11 36 99
694 11 44 150
694 46 1 99
694 46 15 150
694 46 27 100
694 46 34 150
694 46 35 100
694 46 39 150
694 46 47 150
694 5 0 99
694 5 10 150
694 5 11 99
694 5 15 100
694 5 16 150
694 5 27 150
694 5 34 150
694 5 35 100
694 5 39 150
694 5 40 100
694 5 42 150
694 49 11 150
694 49 19 100
694 49 24 150
694 49 26 99
694 49 42 99
694 49 44 148
695 41 14 100
695 41 20 150
695 41 30 100
695 41 35 150
695 2 11 100
695 2 14 148
695 2 15 100
695 2 23 148
695 2 24 100
695 2 25 150
695 2 26 100
695 2 33 100
695 2 40 150
695 2 44 100
695 2 47 150
695 36 1 100
695 36 8 150
695 36 12 100
695 36 14 148
695 36 16 100
695 36 24 150
695 36 25 99
695 36 40 150
695 1 1 100
695 1 15 150
695 1 16 100
695 1 17 150
695 1 26 99
695 1 33 150
695 1 43 150
695 1 47 150
695 32 0 100
695 32 8 100
695 32 12 148
695 32 25 150
695 32 27 100
695 32 36 150
695 32 40 100
695 32 47 150
695 4 1 100
695 4 8 148
695 4 10 100
695 4 11 148
695 4 12 99
695 4 39 100
695 4 44 148
695 4 47 100
695 28 17 99
695 28 23 99
695 28 26 150
695 28 27 99
695 28 39 100
695 35 0 100
695 35 10 150
695 35 11 99
695 35 12 150
695 35 19 150
695 35 25 46
695 35 34 148
695 35 43 148
695 44 0 99
695 44 1 148
695 44 19 150
695 44 24 100
695 44 26 150
695 44 27 100
695 44 30 148
695 44 34 99
695 44 35 148
695 44 36 99
695 44 39 150
695 44 42 150
695 43 1 100
695 43 19 100
695 43 35 99
695 43 44 150
695 7 1 100
695 7 11 148
695 7 27 100
695 7 43 150
695 3 0 100
695 3 1 150
695 3 16 100
695 3 19 148
695 3 34 100
695 3 36 150
695 3 39 99
695 3 40 148
695 38 1 100
695 38 11 148
695 38 17 150
695 38 36 150
695 38 39 99
695 38 42 150
695 38 43 99
695 13 17 150
695 13 39 148
695 13 40 100
695 13 43 99
695 26 30 99
695 26 34 100
695 26 35 150
695 26 42 100
695 26 43 150
695 20 0 99
695 20 1 148
695 20 10 150
695 20 19 99
695 20 20 150
695 20 24 100
695 20 26 148
695 20 34 100
695 20 43 150
695 20 44 100
695 20 47 150
696 4 1 100
696 4 4 64
696 4 10 100
696 4 11 148
696 4 12 99
696 4 39 100
696 4 44 148
696 4 47 100
696 40 11 150
696 40 15 100
696 40 16 150
696 40 17 100
696 40 26 148
696 40 27 99
696 40 33 100
696 40 39 100
696 10 0 100
696 10 4 2
696 10 11 150
696 10 14 100
696 10 15 150
696 10 17 100
696 10 26 150
696 10 27 100
696 10 39 100
696 47 10 148
696 47 11 99
696 47 15 148
696 47 17 99
696 47 20 148
696 47 27 99
696 47 34 150
696 47 39 99
696 47 44 150
696 27 0 100
696 27 10 99
696 27 11 150
696 27 19 100
696 27 24 99
696 27 40 100
696 27 42 150
696 27 43 100
696 27 47 99
696 5 0 99
696 5 10 150
696 5 11 99
696 5 15 100
696 5 16 150
696 5 27 150
696 5 34 150
696 5 35 100
696 5 39 150
696 5 40 100
696 5 42 150
696 11 16 150
696 11 19 100
696 11 20 148
696 11 26 100
696 11 27 148
696 11 36 99
696 11 44 150
696 39 20 148
696 39 30 99
696 39 33 99
696 39 42 100
696 39 44 150
696 12 1 99
696 12 11 100
696 12 19 150
696 12 20 100
696 12 27 100
696 12 47 99
696 7 1 100
696 7 11 148
696 7 27 100
696 7 43 150
696 19 12 150
696 19 15 99
696 19 17 148
696 19 23 148
696 19 24 100
696 19 26 150
696 19 33 150
696 19 36 100
696 19 43 100
696 49 11 150
696 49 19 100
696 49 24 150
696 49 26 99
696 49 42 99
696 49 44 148
696 21 15 100
696 21 20 150
696 21 24 100
696 21 30 148
696 21 34 99
696 21 35 148
696 21 36 100
696 21 39 99
696 21 42 150
696 38 1 100
696 38 11 148
696 38 17 150
696 38 36 150
696 38 39 99
696 38 42 150
696 38 43 99
696 28 17 99
696 28 23 99
696 28 26 150
696 28 27 99
696 28 39 100
696 15 8 100
696 15 19 150
696 15 24 100
697 20 0 99
697 20 1 148
697 20 10 150
697 20 19 99
697 20 20 150
697 20 24 100
697 20 26 148
697 20 34 100
697 20 43 150
697 20 44 100
697 20 47 150
697 4 1 100
697 4 8 148
697 4 10 100
697 4 11 148
697 4 12 99
697 4 39 100
697 4 44 148
697 4 47 100
697 45 10 99
697 45 14 100
697 45 16 150
697 45 23 150
697 45 24 100
697 45 25 57
697 45 34 100
697 42 8 108
697 42 30 150
697 42 33 148
697 42 34 100
697 42 36 150
697 42 40 100
697 12 1 99
697 12 11 100
697 12 19 150
697 12 20 100
697 12 27 100
697 12 47 99
697 27 0 100
697 27 10 99
697 27 11 150
697 27 19 100
697 27 24 99
697 27 40 100
697 27 42 150
697 27 43 100
697 27 47 99
697 23 1 100
697 23 10 100
697 23 19 150
697 23 23 100
697 23 27 150
697 23 34 100
697 2 11 100
697 2 14 148
697 2 15 100
697 2 23 148
697 2 24 100
697 2 26 100
697 2 33 100
697 2 40 150
697 2 44 100
697 2 47 150
697 6 15 99
697 6 30 99
697 6 40 100
697 6 43 148
697 6 47 100
697 26 30 99
697 26 34 100
697 26 35 150
697 26 42 100
697 26 43 150
697 21 15 100
697 21 20 150
697 21 24 100
697 21 30 148
697 21 34 99
697 21 35 148
697 21 36 100
697 21 39 99
697 21 42 150
697 3 0 100
697 3 1 150
697 3 16 100
697 3 19 148
697 3 34 100
697 3 36 150
697 3 39 99
697 3 40 148
697 13 17 150
697 13 39 148
697 13 40 100
697 13 43 99
697 11 16 150
697 11 19 100
697 11 20 148
697 11 26 100
697 11 27 148
697 11 36 99
697 11 44 150
697 15 19 150
697 15 24 100
697 40 11 150
697 40 15 100
697 40 16 150
697 40 17 100
697 40 26 148
697 40 27 99
697 40 33 100
697 40 39 100
698 14 35 100
698 14 39 99
698 14 44 148
698 18 10 150
698 18 16 100
698 18 17 150
698 18 19 150
698 18 23 100
698 18 31 6
698 18 43 100
698 8 0 100
698 8 1 150
698 8 15 100
698 8 19 150
698 8 24 99
698 8 27 100
698 8 35 100
698 8 36 150
698 8 40 99
698 8 42 148
698 8 43 100
698 13 17 150
698 13 39 148
698 13 40 100
698 13 41 24
698 24 16 150
698 24 20 100
698 24 30 99
698 24 39 148
698 24 42 100
698 24 43 148
698 2 11 100
698 2 14 148
698 2 15 100
698 2 23 148
698 2 24 100
698 2 26 100
698 2 33 100
698 2 40 150
698 2 44 100
698 2 47 150
698 49 11 150
698 49 19 100
698 49 24 150
698 49 26 99
698 49 42 99
698 49 44 148
698 3 0 100
698 3 1 150
698 3 16 100
698 3 19 148
698 3 34 100
698 3 36 150
698 3 39 99
698 3 40 148
698 21 15 100
698 21 20 150
698 21 24 100
698 21 30 148
698 21 34 99
698 21 35 148
698 21 36 100
698 21 39 99
698 21 42 150
698 10 0 100
698 10 10 100
698 10 11 150
698 10 14 100
698 10 15 150
698 10 17 100
698 10 26 150
698 10 27 100
698 10 39 100
698 37 11 100
698 37 14 150
698 37 24 100
698 37 26 150
698 37 34 148
698 37 40 150
698 37 44 100
698 41 14 100
698 41 20 150
698 41 30 100
698 41 35 150
698 1 1 100
698 1 15 150
698 1 16 100
698 1 17 150
698 1 26 99
698 1 33 150
698 1 43 150
698 1 47 150
698 27 0 100
698 27 10 99
698 27 11 150
698 27 19 100
698 27 24 99
698 27 31 2
698 27 42 150
698 27 43 100
698 27 47 99
698 40 11 150
698 40 15 100
698 40 16 150
698 40 17 56
698 40 27 99
698 40 33 100
698 40 39 100
698 16 11 150
698 16 14 99
698 16 15 148
698 16 16 100
698 16 19 150
698 16 26 99
698 16 27 150
698 16 30 100
699 35 0 100
699 35 10 150
699 35 11 99
699 35 12 150
699 35 19 150
699 35 25 57
699 35 34 148
699 35 43 148
699 49 11 150
699 49 19 100
699 49 24 150
699 49 26 99
699 49 29 84
699 49 44 148
699 8 0 100
699 8 1 150
699 8 15 100
699 8 19 150
699 8 24 99
699 8 27 100
699 8 35 100
699 8 36 150
699 8 40 99
699 8 42 148
699 8 43 100
699 13 17 2
699 13 40 100
699 13 43 99
699 22 1 88
699 22 33 148
699 22 34 100
699 22 43 100
699 37 11 100
699 37 14 150
699 37 24 100
699 37 26 150
699 37 34 148
699 37 40 150
699 37 44 100
699 9 0 99
699 9 10 150
699 9 16 100
699 9 20 100
699 9 24 100
699 9 26 100
699 9 34 150
699 9 36 100
699 9 42 150
699 9 43 100
699 47 10 148
699 47 11 99
699 47 15 148
699 47 20 148
699 47 27 99
699 47 34 150
699 47 39 99
699 47 44 150
699 36 12 100
699 36 14 148
699 36 16 100
699 36 24 150
699 36 40 150
699 10 0 100
699 10 10 100
699 10 11 150
699 10 14 100
699 10 15 150
699 10 26 150
699 10 27 100
699 10 39 100
699 48 0 99
699 48 10 150
699 48 26 150
699 48 35 100
699 48 40 100
699 48 43 150
699 48 44 100
699 29 10 100
699 29 14 150
699 29 23 148
699 29 24 99
699 29 30 150
699 29 47 99
699 28 23 99
699 28 26 150
699 28 27 99
699 28 39 100
699 20 0 99
699 20 10 150
699 20 19 99
699 20 20 150
699 20 24 100
699 20 26 148
699 20 34 100
699 20 43 150
699 20 44 100
699 20 47 150
699 39 20 148
699 39 30 99
699 39 33 99
699 39 42 100
699 39 44 150
699 33 11 100
699 33 16 148
699 33 35 100
700 29 10 100
700 29 14 150
700 29 23 148
700 29 24 99
700 29 30 150
700 29 47 99
700 23 1 13
700 23 19 150
700 23 23 100
700 23 27 150
700 23 34 100
700 49 11 150
700 49 19 100
700 49 24 150
700 49 26 99
700 49 42 99
700 49 44 148
700 30 0 100
700 30 36 150
700 30 44 100
700 15 19 150
700 15 24 100
700 14 35 100
700 14 39 99
700 14 44 148
700 45 10 99
700 45 14 100
700 45 16 150
700 45 23 150
700 45 24 100
700 45 33 150
700 45 34 100
700 16 11 150
700 16 14 99
700 16 15 148
700 16 16 100
700 16 19 129
700 16 27 150
700 16 30 100
700 8 0 100
700 8 15 100
700 8 24 99
700 8 27 100
700 8 35 100
700 8 36 150
700 8 40 99
700 8 42 148
700 8 43 100
700 32 0 100
700 32 12 148
700 32 27 100
700 32 36 150
700 32 40 100
700 32 47 150
700 18 10 150
700 18 16 100
700 18 23 100
700 18 39 148
700 18 43 100
700 10 0 100
700 10 10 100
700 10 11 150
700 10 14 100
700 10 15 150
700 10 26 150
700 10 27 100
700 10 39 100
700 24 16 150
700 24 20 100
700 24 30 99
700 24 39 148
700 24 42 100
700 24 43 108
700 37 14 150
700 37 24 100
700 37 26 150
700 37 34 148
700 37 40 150
700 37 44 100
700 38 11 148
700 38 36 150
700 38 39 99
700 38 42 150
700 46 15 150
700 46 27 100
700 46 34 150
700 46 35 100
700 46 39 150
700 46 47 150
701 5 0 99
701 5 10 150
701 5 11 99
701 5 15 100
701 5 16 150
701 5 27 150
701 5 34 150
701 5 35 100
701 5 39 150
701 5 40 100
701 5 42 150
701 39 20 148
701 39 30 99
701 39 33 99
701 39 42 100
701 39 44 150
701 26 30 99
701 26 34 100
701 26 35 150
701 26 42 100
701 1 1 12
701 1 16 100
701 1 26 99
701 1 33 150
701 1 47 150
701 4 8 104
701 4 11 148
701 4 12 99
701 4 39 100
701 4 44 148
701 4 47 100
701 11 16 150
701 11 19 1
701 11 26 100
701 11 27 148
701 11 36 99
701 11 41 24
701 45 10 99
701 45 14 100
701 45 16 150
701 45 23 150
701 45 24 100
701 45 33 150
701 45 34 100
701 38 11 148
701 38 36 150
701 38 39 99
701 38 42 150
701 25 12 100
701 25 14 148
701 25 36 150
701 25 42 100
701 14 35 100
701 14 39 99
701 14 44 148
701 15 24 100
701 19 12 150
701 19 15 99
701 19 23 148
701 19 24 100
701 19 26 150
701 19 33 150
701 19 36 100
701 3 0 100
701 3 16 100
701 3 34 100
701 3 36 150
701 3 39 99
701 3 40 148
701 9 0 99
701 9 10 150
701 9 16 100
701 9 20 100
701 9 24 100
701 9 26 100
701 9 34 150
701 9 36 100
701 9 42 150
701 9 43 1
701 30 8 1
701 30 44 100
701 46 15 150
701 46 27 100
701 46 34 150
701 46 35 100
701 46 39 150
701 46 47 150
702 23 1 14
702 23 23 100
702 23 27 150
702 23 34 100
702 10 0 100
702 10 10 100
702 10 11 150
702 10 14 100
702 10 15 150
702 10 26 150
702 10 27 100
702 10 39 100
702 49 11 150
702 49 24 150
702 49 26 99
702 49 42 99
702 49 44 84
702 39 30 99
702 39 33 99
702 39 42 100
702 46 15 150
702 46 27 100
702 46 34 150
702 46 35 100
702 46 39 150
702 46 47 150
702 9 0 99
702 9 10 150
702 9 16 100
702 9 20 100
702 9 24 100
702 9 26 100
702 9 34 150
702 9 36 100
702 9 42 150
702 47 10 140
702 47 15 148
702 47 20 148
702 47 27 99
702 47 34 150
702 47 39 99
702 47 44 2
702 0 24 100
702 0 27 150
702 3 0 100
702 3 16 100
702 3 34 100
702 3 36 150
702 3 39 99
702 3 40 148
702 33 11 100
702 33 16 148
702 33 35 100
702 6 15 99
702 6 30 99
702 6 40 100
702 6 47 100
702 14 35 100
702 14 39 99
702 31 12 100
702 31 16 150
702 31 20 100
702 31 34 100
702 31 35 150
702 31 39 100
702 43 35 99
702 16 11 150
702 16 14 99
702 16 15 148
702 16 16 100
702 16 26 99
702 16 27 150
702 16 30 100
702 30 0 100
702 30 36 150
703 49 11 150
703 49 19 32
703 49 26 99
703 49 42 99
703 30 0 100
703 30 1 12
703 30 36 150
703 1 15 150
703 1 16 100
703 1 17 80
703 1 33 150
703 1 47 82
703 48 10 12
703 48 35 100
703 48 40 100
703 17 8 3
703 17 20 150
703 17 23 150
703 17 26 150
703 17 27 100
703 17 35 99
703 41 14 100
703 41 20 150
703 41 30 100
703 41 35 150
703 28 23 99
703 28 26 150
703 28 27 99
703 28 39 100
703 7 11 148
703 7 27 100
703 24 16 150
703 24 20 100
703 24 30 99
703 24 39 148
703 24 42 100
703 43 1 1
703 25 8 2
703 25 14 148
703 25 36 150
703 25 42 100
703 34 27 150
703 34 34 150
703 34 42 100
703 4 10 2
703 4 12 99
703 4 39 100
703 4 47 1
703 6 30 99
703 6 40 100
703 31 12 100
703 31 16 150
703 31 20 100
703 31 34 100
703 31 35 150
703 31 39 100
703 27 0 100
703 27 11 150
703 27 24 99
703 27 40 100
703 27 42 150
704 46 1 12
704 46 27 100
704 46 34 150
704 46 35 100
704 46 39 150
704 48 0 99
704 48 10 12
704 48 35 100
704 48 40 100
704 47 11 99
704 47 15 148
704 47 20 148
704 47 27 99
704 47 34 150
704 47 39 99
704 19 12 150
704 19 15 99
704 19 23 148
704 19 24 100
704 19 26 150
704 19 33 150
704 19 36 100
704 19 41 24
704 6 30 99
704 6 40 100
704 32 0 100
704 32 12 148
704 32 27 100
704 32 36 150
704 32 40 100
704 1 15 150
704 1 16 100
704 1 26 99
704 1 33 150
704 8 0 100
704 8 15 100
704 8 24 99
704 8 27 100
704 8 35 100
704 8 36 26
704 8 42 148
704 25 12 100
704 25 14 148
704 25 42 100
704 7 11 148
704 7 27 100
704 31 1 1
704 31 16 150
704 31 20 100
704 31 34 100
704 31 35 150
704 31 39 100
704 29 14 150
704 29 23 148
704 29 24 99
704 29 30 150
704 28 23 99
704 28 26 150
704 28 27 99
704 28 39 100
704 39 20 148
704 39 30 99
704 39 33 99
704 39 42 100
704 26 30 99
704 26 34 100
704 26 35 150
704 26 42 100
704 42 12 100
704 42 30 150
704 42 33 148
704 42 34 100
704 42 40 100
705 37 11 100
705 37 14 150
705 37 24 100
705 37 26 150
705 37 34 148
705 37 40 150
705 29 10 12
705 29 23 148
705 29 24 99
705 29 30 150
705 10 0 100
705 10 11 150
705 10 14 100
705 10 15 150
705 10 26 150
705 10 27 100
705 10 39 100
705 17 12 150
705 17 19 32
705 17 23 150
705 17 25 56
705 17 27 100
705 17 35 99
705 46 1 12
705 46 27 100
705 46 34 150
705 46 35 100
705 46 39 150
705 2 11 100
705 2 14 148
705 2 15 100
705 2 23 148
705 2 24 100
705 2 25 1
705 2 33 100
705 2 40 150
705 42 12 100
705 42 30 150
705 42 33 148
705 42 34 100
705 42 40 100
705 0 20 99
705 0 24 100
705 0 27 150
705 47 11 99
705 47 15 148
705 47 20 148
705 47 27 99
705 47 34 150
705 47 39 99
705 23 1 1
705 23 27 150
705 23 34 100
705 32 0 100
705 32 12 148
705 32 27 100
705 32 40 100
705 22 14 99
705 22 33 148
705 22 34 100
705 5 0 99
705 5 11 99
705 5 15 100
705 5 16 150
705 5 27 150
705 5 34 150
705 5 35 100
705 5 39 150
705 5 40 100
705 5 42 150
705 30 0 100
705 31 12 60
705 31 20 100
705 31 34 100
705 31 35 150
705 31 39 100
705 27 0 100
705 27 11 150
705 27 24 99
705 27 40 100
705 27 42 150
706 3 0 100
706 3 1 12
706 3 34 100
706 3 39 99
706 3 40 148
706 44 0 99
706 44 24 100
706 44 26 150
706 44 27 100
706 44 30 148
706 44 34 99
706 44 35 148
706 44 39 150
706 44 42 150
706 32 0 100
706 32 27 100
706 32 40 100
706 14 35 100
706 14 39 99
706 25 12 2
706 25 17 80
706 1 15 150
706 1 16 100
706 1 26 99
706 1 33 150
706 46 15 150
706 46 27 100
706 46 34 150
706 46 35 100
706 46 39 150
706 18 10 12
706 18 23 100
706 18 39 148
706 22 1 1
706 22 33 148
706 22 34 100
706 21 15 100
706 21 20 150
706 21 24 100
706 21 30 148
706 21 34 99
706 21 35 148
706 21 39 99
706 21 42 150
706 17 12 1
706 17 23 150
706 17 26 150
706 17 27 100
706 17 35 99
706 27 0 100
706 27 11 150
706 27 24 99
706 27 40 100
706 27 42 150
706 35 0 100
706 35 11 99
706 35 26 150
706 35 34 148
706 29 14 150
706 29 23 148
706 29 24 99
706 29 30 150
706 36 14 148
706 36 16 100
706 36 24 150
706 36 40 150
706 31 16 150
706 31 20 100
706 31 34 100
706 31 35 150
706 31 39 100
707 22 1 13
707 22 33 148
707 22 34 100
707 39 20 148
707 39 30 99
707 39 33 99
707 39 42 100
707 43 19 32
707 20 0 99
707 20 10 12
707 20 24 100
707 20 26 148
707 20 34 100
707 7 11 148
707 7 27 100
707 48 0 99
707 48 26 150
707 48 35 100
707 48 40 100
707 1 15 150
707 1 16 100
707 1 26 99
707 1 33 150
707 32 0 100
707 32 27 100
707 32 40 100
707 10 0 100
707 10 11 64
707 10 15 150
707 10 26 150
707 10 27 100
707 10 39 100
707 27 0 18
707 27 40 100
707 27 42 150
707 29 14 150
707 29 23 148
707 29 24 99
707 29 30 150
707 17 20 150
707 17 23 150
707 17 26 150
707 17 27 100
707 17 35 99
707 28 23 99
707 28 26 150
707 28 27 99
707 28 39 100
707 38 39 99
707 38 42 150
707 41 14 100
707 41 20 150
707 41 30 100
707 41 35 150
708 16 11 24
708 16 15 148
708 16 16 100
708 16 26 99
708 16 27 150
708 16 30 100
708 35 10 12
708 35 34 148
708 35 43 60
708 46 27 100
708 46 34 150
708 46 35 100
708 46 39 150
708 14 2 60
708 14 39 99
708 44 24 100
708 44 26 150
708 44 27 100
708 44 30 148
708 44 34 99
708 44 35 148
708 44 39 150
708 44 42 150
708 21 15 100
708 21 20 150
708 21 24 100
708 21 30 148
708 21 34 99
708 21 35 148
708 21 39 99
708 21 42 150
708 26 30 99
708 26 34 100
708 26 35 150
708 26 42 100
708 1 15 150
708 1 16 100
708 1 26 99
708 1 33 150
708 7 27 100
708 20 20 150
708 20 24 100
708 20 26 148
708 20 34 100
708 6 15 99
708 6 30 99
708 6 40 100
708 10 14 100
708 10 15 150
708 10 26 150
708 10 27 100
708 10 39 100
708 24 16 150
708 24 20 100
708 24 30 99
708 24 39 148
708 24 42 100
708 0 20 99
708 0 24 100
708 0 27 150
708 29 14 150
708 29 23 148
708 29 24 99
708 29 30 150
708 34 27 150
708 34 34 150
708 34 42 100
709 37 11 24
709 37 24 100
709 37 26 150
709 37 34 148
709 37 40 150
709 42 30 150
709 42 33 148
709 42 34 100
709 42 40 100
709 13 25 56
709 13 40 100
709 25 2 60
709 25 42 100
709 47 10 12
709 47 20 148
709 47 27 99
709 47 34 150
709 47 39 99
709 14 35 54
709 30 1 14
709 23 27 150
709 23 34 100
709 20 20 150
709 20 24 100
709 20 26 148
709 20 34 100
709 12 20 100
709 12 27 100
709 7 27 100
709 17 20 150
709 17 23 150
709 17 26 150
709 17 27 100
709 22 14 99
709 22 33 148
709 22 34 100
709 18 16 100
709 18 23 100
709 18 39 148
709 32 25 1
709 32 40 100
709 33 16 148
710 24 16 150
710 24 20 100
710 24 30 99
710 24 39 148
710 24 42 100
710 24 43 60
710 1 16 100
710 1 26 99
710 1 33 150
710 35 10 12
710 35 34 148
710 2 14 148
710 2 15 100
710 2 23 148
710 2 24 100
710 2 26 100
710 2 33 100
710 2 40 66
710 46 27 100
710 46 34 150
710 46 39 150
710 11 16 150
710 11 20 148
710 11 26 100
710 11 27 148
710 37 14 150
710 37 24 100
710 37 26 150
710 37 34 148
710 28 23 99
710 28 26 150
710 28 27 99
710 28 39 100
710 20 20 150
710 20 24 100
710 20 26 148
710 20 34 100
710 18 16 100
710 18 23 100
710 18 39 148
710 9 16 100
710 9 20 100
710 9 24 100
710 9 26 100
710 9 34 150
710 9 42 150
710 32 27 100
710 16 14 99
710 16 15 148
710 16 16 100
710 16 26 99
710 16 27 150
710 16 30 100
710 47 15 148
710 47 20 148
710 47 27 99
710 47 34 150
710 47 39 99
710 5 15 100
710 5 16 150
710 5 27 150
710 5 34 150
710 5 39 150
710 5 42 150
710 12 20 100
710 12 27 100
711 37 11 24
711 37 24 100
711 37 26 150
711 37 34 148
711 8 15 100
711 8 19 32
711 8 27 100
711 8 42 148
711 36 12 36
711 36 16 100
711 36 24 150
711 45 10 12
711 45 16 150
711 45 23 150
711 45 24 100
711 45 33 150
711 45 34 100
711 28 17 78
711 28 26 150
711 28 27 99
711 28 39 100
711 44 24 100
711 44 26 150
711 44 27 100
711 44 30 148
711 44 34 99
711 44 39 150
711 44 42 150
711 35 26 150
711 35 34 148
711 26 30 99
711 26 34 100
711 26 42 100
711 23 1 1
711 23 27 150
711 23 34 100
711 0 20 99
711 0 24 100
711 0 27 150
711 39 20 148
711 39 30 99
711 39 33 99
711 39 42 100
711 6 15 99
711 6 30 99
711 5 15 100
711 5 16 150
711 5 27 150
711 5 34 150
711 5 39 150
711 5 42 150
711 34 27 150
711 34 34 150
711 34 42 100
711 32 27 100
711 13 17 2
712 39 20 148
712 39 30 99
712 39 33 99
712 39 42 100
712 3 1 12
712 3 34 100
712 3 39 99
712 3 41 24
712 23 27 150
712 23 34 100
712 6 15 99
712 6 30 99
712 17 12 36
712 17 23 150
712 17 26 150
712 17 27 100
712 38 11 24
712 38 42 150
712 27 24 99
712 27 40 1
712 1 15 150
712 1 16 100
712 1 26 99
712 1 33 150
712 5 15 100
712 5 16 150
712 5 27 150
712 5 34 150
712 5 39 150
712 5 42 150
712 41 14 100
712 41 20 150
712 41 30 100
712 10 14 100
712 10 15 150
712 10 26 150
712 10 27 100
712 10 39 100
712 34 27 150
712 34 34 150
712 34 42 100
712 37 14 150
712 37 24 100
712 37 26 150
712 37 34 148
712 36 14 148
712 36 16 100
712 36 24 150
712 9 16 100
712 9 20 100
712 9 24 100
712 9 26 100
712 9 34 150
712 9 42 150
712 33 16 148
713 22 1 13
713 22 33 148
713 22 34 100
713 22 43 12
713 40 16 150
713 40 26 148
713 40 27 99
713 40 33 100
713 40 39 100
713 46 15 150
713 46 27 100
713 46 34 150
713 46 39 150
713 36 12 36
713 36 16 100
713 36 24 150
713 20 10 12
713 20 24 100
713 20 26 148
713 20 34 100
713 20 43 3
713 10 15 150
713 10 26 150
713 10 27 100
713 10 39 100
713 4 39 100
713 29 14 150
713 29 23 148
713 29 24 99
713 29 30 150
713 21 15 100
713 21 20 150
713 21 24 100
713 21 30 148
713 21 34 63
713 21 42 150
713 33 16 148
713 14 39 99
713 1 15 150
713 1 16 100
713 1 26 99
713 1 33 150
713 28 23 99
713 28 26 150
713 28 27 99
713 28 39 100
713 0 20 99
713 0 24 100
713 0 27 150
713 2 14 148
713 2 15 100
713 2 23 148
713 2 24 100
713 2 26 100
713 2 33 100
713 49 24 150
713 49 26 99
713 49 42 99
714 9 10 12
714 9 20 100
714 9 24 100
714 9 25 56
714 9 42 150
714 22 1 13
714 22 33 148
714 11 16 150
714 11 20 148
714 11 26 100
714 11 27 148
714 11 41 24
714 45 14 100
714 45 16 150
714 45 23 150
714 45 24 100
714 45 33 150
714 16 14 99
714 16 15 148
714 16 16 100
714 16 26 99
714 16 27 150
714 16 30 100
714 38 39 99
714 38 42 150
714 20 20 150
714 20 24 100
714 20 26 148
714 44 24 100
714 44 26 150
714 44 27 100
714 44 30 148
714 44 39 150
714 44 42 150
714 29 14 150
714 29 23 148
714 29 24 99
714 29 30 150
714 12 20 100
714 12 27 100
714 41 14 100
714 41 20 150
714 41 30 100
714 10 14 100
714 10 15 150
714 10 26 150
714 10 27 100
714 10 39 100
714 47 15 148
714 47 20 148
714 47 27 99
714 47 39 99
714 39 20 148
714 39 30 99
714 39 33 99
714 39 42 100
714 0 20 99
714 0 24 100
714 0 27 150
715 18 10 12
715 18 23 100
715 18 39 148
715 9 16 100
715 9 20 100
715 9 24 100
715 9 25 56
715 9 34 66
715 30 1 12
715 37 24 100
715 37 26 150
715 8 15 100
715 8 24 99
715 8 25 1
715 8 42 148
715 39 20 148
715 39 30 99
715 39 33 99
715 39 42 100
715 24 16 150
715 24 20 100
715 24 30 99
715 24 39 148
715 24 42 100
715 0 20 99
715 0 24 80
715 40 15 100
715 40 16 150
715 40 26 60
715 40 33 100
715 40 39 98
715 44 30 148
715 44 42 150
715 10 14 100
715 10 15 150
715 10 27 100
715 49 42 99
715 31 1 1
715 34 27 150
715 34 42 100
715 38 42 150
716 38 1 12
716 11 19 32
716 11 27 148
716 41 14 100
716 41 20 150
716 41 30 100
716 19 12 36
716 19 33 150
716 49 42 99
716 40 27 99
716 40 33 100
716 40 39 2
716 23 27 150
716 0 20 99
716 0 27 150
716 39 20 148
716 39 30 99
716 39 33 99
716 39 42 100
716 29 14 150
716 29 23 148
716 29 30 150
716 29 47 72
716 36 40 26
716 7 27 100
716 17 20 150
716 17 23 150
716 17 27 100
716 21 20 150
716 21 30 72
717 10 10 12
717 10 27 100
717 10 31 8
717 44 34 66
717 44 41 24
717 38 42 150
717 23 1 1
717 23 27 150
717 27 42 150
717 2 14 148
717 2 23 148
717 2 33 100
717 21 20 150
717 21 35 4
717 0 20 99
717 0 27 150
717 20 20 150
717 9 20 100
717 9 42 150
717 12 20 100
717 12 27 100
717 1 33 150
718 35 10 12
718 23 27 150
718 22 14 99
718 22 33 148
718 30 31 8
718 12 27 100
718 27 42 150
718 27 43 3
718 31 20 4
718 29 23 148
718 29 30 2
718 17 27 100
718 18 23 100
718 37 14 150
718 28 23 99
718 28 27 99
718 49 42 99
719 45 10 12
719 45 23 150
719 45 33 150
719 45 34 66
719 46 39 32
719 34 42 100
719 36 14 148
719 40 27 78
719 5 42 150
719 28 23 99
719 30 31 2
719 18 23 100
720 4 1 14
720 12 19 32
720 19 33 150
720 19 43 14
720 39 42 100
720 41 14 100
720 41 30 1
720 10 14 100
720 49 42 99
720 22 14 99
720 22 33 148
720 42 33 148
720 42 40 2
720 38 42 150
721 33 1 13
721 45 23 150
721 45 33 150
721 45 34 66
721 19 33 150
721 41 14 100
721 35 25 1
721 22 33 148
721 8 15 1
721 9 42 150
721 9 43 1
722 32 25 57
722 13 17 80
722 5 42 150
722 41 14 100
722 42 33 148
722 24 42 100
722 27 42 150
722 17 23 150
723 34 25 57
723 5 10 12
723 30 1 12
723 49 42 99
723 25 14 148
723 25 42 100
723 41 14 100
723 9 42 150
723 40 33 100
723 28 23 99
723 24 42 100
724 17 10 12
724 24 39 32
724 27 11 24
724 18 23 100
724 15 41 24
724 36 1 14
724 23 23 100
724 23 34 64
724 21 42 150
724 28 23 99
724 1 33 150
724 40 33 100
724 29 14 150
724 29 23 148
724 39 33 99
724 39 42 100
725 45 10 12
725 45 23 61
725 45 34 68
725 0 8 105
725 10 11 24
725 27 42 150
725 34 42 100
725 8 42 148
725 38 42 150
725 37 14 150
726 21 4 66
726 28 23 99
726 28 39 2
726 25 14 148
726 25 42 100
726 45 10 12
726 45 23 81
726 31 1 2
726 39 42 100
726 26 42 100
726 42 33 148
726 12 11 24
726 40 33 100
726 34 42 100
726 24 42 100
727 37 11 24
727 20 1 12
727 4 39 32
727 38 42 150
727 45 14 100
727 45 33 150
727 26 42 100
727 16 14 99
727 16 27 44
728 35 10 12
728 18 23 100
728 22 1 1
728 22 33 148
728 44 42 150
728 9 42 150
728 21 42 150
728 42 33 148
728 26 42 100
728 8 42 148
728 39 33 99
728 39 42 100
728 17 23 80
729 21 34 66
729 24 30 30
729 42 31 8
729 1 33 150
729 36 14 148
729 8 42 148
729 7 11 24
729 16 30 2
729 10 39 2
729 25 14 148
729 25 42 100
729 38 42 150
729 44 42 150
730 6 31 8
730 39 42 100
730 35 19 32
730 9 42 150
730 49 42 99
730 25 14 148
730 25 42 100
730 10 14 100
730 10 39 2
730 22 33 24
730 40 33 1
730 2 14 148
731 2 11 24
731 3 1 12
731 41 14 100
731 31 1 1
731 13 17 80
731 39 42 100
731 9 42 150
732 38 1 12
732 38 43 15
732 36 40 26
732 17 10 12
732 8 42 148
732 41 14 100
733 26 34 66
733 26 42 100
733 17 8 105
733 10 39 32
733 22 33 32
733 41 14 100
733 39 42 100
733 37 14 150
733 5 42 150
734 38 1 12
734 38 49 80
734 3 34 66
734 45 33 34
734 34 42 100
734 39 42 100
735 34 42 100
735 34 43 60
735 38 42 32
735 31 12 36
735 29 30 150
735 36 14 148
735 22 14 99
735 22 33 32
735 10 14 100
736 28 39 32
736 15 25 56
736 20 34 64
737 39 33 30
737 42 34 2
737 10 39 2
737 41 14 100
738 32 25 57
738 32 40 24
738 45 14 100
738 45 33 1
739 32 12 36
739 43 1 1
740 16 27 144
740 19 17 80
741 20 1 12
741 44 42 56
743 18 10 12
743 10 27 44
744 48 10 12
744 17 19 2
746 31 10 12
747 8 19 32
747 5 42 2
748 46 15 2
748 2 40 24
748 1 26 99
748 17 26 130
749 28 39 32
750 17 25 56
751 42 33 32
754 47 20 44
755 28 27 99
755 4 11 24
756 5 10 12
756 10 26 150
756 1 26 99
756 17 26 132
757 21 42 1
757 7 41 24
758 5 10 12
759 12 1 12
759 41 35 52
760 45 10 12
760 45 33 2
761 28 39 32
761 17 10 12
763 3 1 12
765 24 39 32
766 41 20 150
766 30 25 56
768 39 33 3
769 26 42 54
769 42 33 32
770 12 4 66
771 47 39 30
772 22 33 32
772 5 34 2
774 14 35 100
774 14 39 30
776 20 34 64
777 38 1 14
777 19 33 30
777 5 27 2
777 21 42 1
779 28 39 2
780 35 10 12
780 29 23 32
781 12 1 12
781 16 26 99
781 35 10 12
781 35 34 64
782 38 42 56
783 18 43 60
784 44 1 12
785 2 25 1
785 44 1 12
785 44 35 148
785 44 39 2
785 21 35 4
785 31 1 1
787 26 30 78
789 8 40 24
790 40 11 24
791 25 17 80
792 6 43 12
792 16 15 148
792 21 15 56
793 22 34 68
793 45 33 2
794 14 39 30
794 3 1 12
794 42 33 32
795 16 14 99
795 16 27 44
795 27 10 12
795 21 20 93
798 20 1 12
798 49 11 24
798 28 23 30
800 6 40 2
803 24 25 57
803 29 10 12
804 25 42 52
804 42 30 150
804 42 33 32
806 25 42 52
806 47 39 30
806 10 39 2
807 19 26 150
807 38 42 54
807 49 26 99
807 17 26 80
810 20 19 30
810 32 0 24
811 25 17 80
811 5 10 12
812 10 0 26
814 28 17 78
814 9 0 24
814 44 30 80
815 1 33 30
815 21 15 100
815 13 40 24
816 41 14 4
817 17 8 3
819 20 47 72
821 49 42 54
821 37 26 150
821 37 34 64
821 10 39 32
822 27 10 12
823 35 12 36
824 14 39 30
824 5 10 12
825 47 39 30
825 8 40 24
826 39 33 30
828 45 14 2
829 21 39 30
830 33 11 24
830 40 39 32
830 46 34 66
830 42 40 2
831 33 1 13
834 0 8 5
835 49 4 64
835 49 42 54
835 34 4 2
835 1 26 99
836 34 25 57
836 16 11 24
837 6 47 72
837 5 35 100
837 20 41 24
837 35 19 2
838 47 10 12
838 47 34 66
838 28 26 150
838 28 39 2
840 25 12 36
840 20 34 64
840 6 40 28
843 9 43 15
844 32 47 72
845 31 39 32
846 16 15 148
846 22 1 1
847 34 34 66
847 46 1 12
847 46 39 32
848 36 1 12
848 37 11 24
849 3 39 30
850 1 17 80
851 40 11 24
851 40 39 32
851 43 1 1
851 1 15 3
852 3 1 12
852 3 39 30
852 8 42 52
852 20 10 12
852 11 9 99
852 38 42 2
853 19 9 100
853 19 41 24
853 25 42 52
853 35 9 100
854 16 11 24
854 35 25 1
854 39 33 30
855 28 39 32
856 31 39 32
856 44 42 1
856 1 33 33
858 10 39 2
858 39 33 30
859 17 35 99
859 42 40 26
862 2 33 32
862 46 39 2
863 19 33 33
863 21 42 1
864 6 15 99
864 6 40 26
865 46 39 34
