298 26 2 100
298 26 4 90
298 26 7 150
298 26 18 99
298 26 19 150
304 26 2 100
304 26 4 75
304 26 7 150
304 26 18 36
314 26 2 100
314 26 4 105
314 26 7 150
314 26 18 99
314 26 19 150
320 26 2 100
320 26 4 60
320 26 7 150
320 26 18 72
333 26 2 100
333 26 4 90
333 26 7 150
333 26 18 99
333 26 19 150
340 26 2 100
340 26 4 75
340 26 7 150
340 26 18 99
340 26 19 150
352 26 2 100
352 26 4 120
352 26 7 150
352 26 18 99
352 26 19 150
357 26 2 100
357 26 4 60
357 26 7 150
357 26 18 99
357 26 19 150
375 26 2 100
375 26 4 150
375 26 5 100
375 26 7 150
375 26 18 99
375 26 19 150
378 26 2 100
378 26 4 75
378 26 7 150
378 26 18 99
378 26 19 150
384 26 2 100
384 26 4 60
384 26 7 150
384 26 18 99
384 26 19 150
392 26 2 100
392 26 4 75
392 26 7 150
392 26 18 99
392 26 19 150
400 26 2 100
400 26 4 120
400 26 7 150
400 26 18 57
409 26 2 100
409 26 4 75
409 26 7 150
409 26 18 99
409 26 19 150
419 26 2 100
419 26 4 90
419 26 7 150
419 26 18 99
419 26 19 150
596 26 2 100
596 26 4 150
596 26 5 100
596 26 7 150
596 26 18 99
596 26 19 150
626 26 2 100
626 26 4 150
626 26 5 100
626 26 7 150
626 26 18 99
626 26 19 150
657 39 12 100
657 39 17 148
657 39 22 99
657 39 29 150
657 39 42 100
657 39 46 150
659 39 12 100
659 39 17 148
659 39 22 99
659 39 29 150
659 39 42 80
670 39 12 100
670 39 17 148
670 39 22 99
670 39 29 150
670 39 42 100
670 39 46 150
673 26 2 100
673 26 4 150
673 26 5 100
673 26 7 150
673 26 18 99
673 26 19 150
675 39 12 100
675 39 17 148
675 39 22 99
675 39 29 150
675 39 42 80
679 39 12 100
679 39 17 148
679 39 22 99
679 39 29 150
679 39 42 100
679 39 46 150
682 39 12 100
682 39 17 148
682 39 22 99
682 39 29 150
682 39 42 80
685 39 12 100
685 39 17 148
685 39 22 99
685 39 29 150
685 39 42 100
685 39 46 150
688 39 12 100
688 39 17 148
688 39 22 99
688 39 29 150
688 39 42 80
692 29 2 150
692 29 13 99
692 29 17 150
692 29 36 32
692 29 48 30
692 10 13 100
692 10 21 100
692 10 28 150
692 10 29 100
692 10 43 150
692 18 2 148
692 18 4 100
692 18 12 148
692 18 13 100
692 18 16 150
692 18 23 100
692 18 26 150
692 18 27 100
692 18 29 150
692 18 30 100
692 18 40 99
692 11 7 99
692 11 9 150
692 11 21 150
692 11 22 99
692 11 26 99
692 11 30 150
692 11 45 100
692 0 2 150
692 0 10 16
692 43 47 38
692 2 9 150
692 2 12 100
692 2 19 44
692 2 22 150
692 2 27 150
692 2 31 100
692 12 2 150
692 12 12 32
692 12 28 99
692 12 31 150
692 12 37 150
692 12 40 100
692 47 7 148
692 47 13 99
692 47 16 100
692 47 21 99
692 1 2 99
692 1 7 150
692 1 9 99
692 1 13 99
692 1 23 96
692 38 5 148
692 38 9 99
692 38 16 150
692 38 45 100
692 31 5 148
692 31 7 100
692 31 16 150
692 31 22 100
692 31 23 2
692 31 29 99
692 31 32 150
692 32 2 100
692 32 4 150
692 32 13 100
692 32 17 150
692 32 18 100
692 32 27 99
692 32 28 148
692 32 46 148
692 30 16 150
692 30 17 100
692 30 31 150
692 30 37 150
692 26 2 100
692 26 4 150
692 26 5 100
692 26 7 150
692 26 18 99
692 26 19 1
692 16 32 100
692 16 37 150
692 16 40 100
693 3 17 150
693 3 22 100
693 3 29 150
693 3 31 150
693 27 5 100
693 27 9 72
693 27 32 148
693 7 7 150
693 7 26 150
693 7 28 100
693 7 31 150
693 7 46 150
693 34 5 99
693 34 21 150
693 34 31 148
693 34 37 99
693 34 46 148
693 8 4 100
693 8 16 150
693 8 26 150
693 8 31 150
693 8 40 150
693 29 2 150
693 29 13 99
693 29 17 150
693 29 40 150
693 23 2 99
693 23 16 100
693 23 18 150
693 23 21 100
693 23 27 99
693 23 28 150
693 23 31 100
693 23 32 150
693 23 37 100
693 23 45 148
693 35 2 99
693 35 4 100
693 35 7 150
693 35 28 100
693 35 32 150
693 35 37 100
693 12 2 150
693 12 13 150
693 12 28 99
693 12 31 150
693 12 37 150
693 12 40 100
693 26 2 100
693 26 4 150
693 26 5 100
693 26 7 150
693 26 18 99
693 32 2 100
693 32 4 150
693 32 13 100
693 32 17 150
693 32 18 100
693 32 27 99
693 32 28 148
693 32 46 148
693 39 17 148
693 39 22 99
693 39 29 150
693 39 46 150
693 18 2 148
693 18 4 100
693 18 13 100
693 18 16 150
693 18 26 150
693 18 27 100
693 18 29 150
693 18 40 99
693 30 16 150
693 30 17 100
693 30 31 150
693 30 37 150
693 14 17 99
693 14 27 150
693 14 46 148
693 13 2 100
693 13 4 150
693 13 18 150
693 13 21 150
693 13 32 100
693 13 43 2
694 23 16 100
694 23 18 150
694 23 21 100
694 23 27 99
694 23 28 150
694 23 31 100
694 23 32 150
694 23 37 100
694 23 45 148
694 35 2 99
694 35 4 100
694 35 7 150
694 35 28 100
694 35 32 150
694 35 37 100
694 2 7 100
694 2 21 100
694 2 22 150
694 2 27 150
694 2 31 100
694 29 2 150
694 29 13 99
694 29 17 150
694 29 40 150
694 32 2 100
694 32 4 150
694 32 13 100
694 32 17 150
694 32 18 100
694 32 27 99
694 32 28 148
694 32 46 148
694 1 2 99
694 1 7 150
694 1 13 99
694 46 5 100
694 46 7 150
694 46 16 150
694 46 21 150
694 46 22 99
694 15 22 100
694 15 31 100
694 12 2 150
694 12 13 150
694 12 28 99
694 12 31 150
694 12 37 150
694 12 40 100
694 38 2 100
694 38 5 148
694 38 16 150
694 38 45 100
694 25 40 150
694 19 4 99
694 19 17 150
694 19 18 100
694 19 29 100
694 19 46 112
694 27 28 99
694 27 32 148
694 5 4 150
694 5 22 99
694 5 26 150
694 5 45 150
694 4 5 72
694 4 26 99
694 4 31 148
694 4 40 100
694 18 2 148
694 18 4 100
694 18 13 100
694 18 16 150
694 18 26 150
694 18 27 100
694 18 29 150
694 18 40 99
695 10 13 100
695 10 21 100
695 10 28 150
695 10 29 100
695 48 2 99
695 48 13 150
695 48 21 150
695 48 27 99
695 48 29 150
695 48 40 150
695 25 40 150
695 7 7 150
695 7 26 134
695 7 31 150
695 7 46 21
695 28 45 99
695 39 17 148
695 39 22 99
695 39 29 150
695 44 17 148
695 44 27 150
695 44 31 100
695 44 37 99
695 6 29 150
695 20 7 99
695 20 18 100
695 20 27 99
695 20 29 150
695 20 32 100
695 20 37 150
695 2 7 100
695 2 21 100
695 2 22 150
695 2 27 150
695 2 31 100
695 9 22 150
695 9 27 150
695 9 29 100
695 9 45 150
695 4 7 150
695 4 31 148
695 4 40 100
695 36 4 100
695 36 13 99
695 36 40 100
695 46 5 1
695 46 16 150
695 46 21 150
695 46 22 99
695 49 2 150
695 49 17 150
695 49 18 99
695 49 27 150
695 32 2 100
695 32 4 150
695 32 13 100
695 32 17 150
695 32 18 100
695 32 27 99
695 32 28 148
696 9 22 150
696 9 27 150
696 9 29 100
696 9 45 150
696 19 4 99
696 19 17 123
696 19 29 100
696 19 46 20
696 38 5 80
696 38 45 100
696 37 7 150
696 37 13 99
696 37 16 150
696 37 17 2
696 37 40 150
696 34 21 150
696 34 31 148
696 34 37 99
696 8 4 2
696 8 31 150
696 8 40 150
696 16 27 150
696 16 32 100
696 16 37 6
696 15 22 100
696 15 31 100
696 48 2 99
696 48 13 150
696 48 21 150
696 48 27 99
696 48 29 150
696 48 40 150
696 29 2 150
696 29 13 99
696 29 40 150
696 45 27 148
696 45 45 99
696 23 2 99
696 23 16 100
696 23 18 150
696 23 21 100
696 23 27 99
696 23 28 150
696 23 31 100
696 23 32 150
696 23 37 2
696 17 16 100
696 17 31 99
696 17 32 148
696 17 45 100
696 18 2 148
696 18 13 100
696 18 16 150
696 18 27 100
696 18 29 150
696 18 40 99
696 41 2 150
696 41 27 150
696 41 40 100
696 31 7 100
696 31 16 150
696 31 22 100
696 31 29 99
696 31 32 150
697 4 7 150
697 4 26 9
697 4 40 100
697 32 2 100
697 32 4 15
697 32 17 32
697 32 27 99
697 32 28 148
697 32 46 20
697 48 13 150
697 48 21 150
697 48 27 99
697 48 29 150
697 48 40 150
697 45 27 148
697 45 45 99
697 24 7 100
697 24 16 150
697 24 22 150
697 24 28 150
697 24 29 100
697 24 31 150
697 24 46 2
697 13 18 150
697 13 21 150
697 13 32 100
697 23 2 99
697 23 16 100
697 23 18 150
697 23 21 40
697 23 28 150
697 23 31 100
697 23 32 150
697 23 45 148
697 18 2 148
697 18 13 100
697 18 16 64
697 18 29 150
697 18 40 99
697 26 2 100
697 26 5 1
697 26 18 99
697 35 2 99
697 35 7 150
697 35 28 100
697 35 32 150
697 33 22 100
697 33 27 148
697 49 2 150
697 49 18 99
697 49 27 150
697 29 2 150
697 29 13 99
697 29 40 128
697 5 45 150
697 6 29 150
697 46 7 150
697 46 22 99
698 29 2 150
698 29 13 99
698 29 17 32
698 47 13 99
698 47 16 4
698 44 31 100
698 41 2 150
698 41 4 15
698 46 7 150
698 46 22 99
698 24 7 100
698 24 22 150
698 24 28 150
698 24 29 100
698 24 31 150
698 24 46 20
698 17 32 148
698 17 45 100
698 9 22 86
698 9 29 100
698 9 45 150
698 30 31 150
698 8 26 10
698 3 29 150
698 3 31 150
698 35 2 99
698 35 7 150
698 35 28 100
698 35 32 150
698 43 29 99
698 42 2 99
698 42 29 100
698 42 32 150
698 42 46 1
698 12 13 150
698 12 28 99
698 12 31 150
698 23 2 99
698 23 18 150
698 23 27 99
698 23 28 150
698 23 31 100
698 23 32 150
698 23 45 148
699 30 16 3
699 10 13 100
699 10 28 150
699 10 29 100
699 29 2 150
699 29 13 99
699 2 7 100
699 2 22 61
699 2 31 100
699 12 2 150
699 12 13 150
699 12 28 99
699 12 31 150
699 37 7 150
699 37 13 99
699 37 16 2
699 37 46 20
699 20 18 100
699 20 27 99
699 20 29 150
699 20 32 100
699 20 46 1
699 40 7 150
699 40 28 100
699 40 32 150
699 38 2 100
699 38 45 100
699 32 2 100
699 32 13 100
699 32 18 100
699 32 27 99
699 32 28 148
699 5 45 150
699 6 29 150
699 26 2 100
699 26 7 150
699 26 18 99
699 31 7 100
699 31 29 39
699 18 2 148
699 18 13 100
699 18 27 100
700 33 21 27
700 33 46 21
700 40 28 100
700 40 32 150
700 14 17 30
700 0 2 150
700 29 2 150
700 29 13 99
700 29 17 2
700 13 18 150
700 13 21 2
700 9 27 150
700 9 45 150
700 42 2 99
700 42 16 4
700 44 27 150
700 44 31 100
700 11 7 99
700 11 26 9
700 1 2 99
700 1 7 150
700 1 13 99
700 16 27 150
700 16 32 100
700 17 16 1
700 17 32 148
700 17 45 100
700 19 18 100
700 46 7 150
701 29 2 150
701 29 13 99
701 29 17 32
701 21 21 28
701 22 27 99
701 22 29 7
701 18 2 148
701 18 13 100
701 18 16 4
701 3 31 150
701 40 7 150
701 40 28 100
701 40 32 150
701 46 7 150
701 27 28 99
701 27 32 148
701 8 31 150
701 26 2 100
701 26 7 150
701 26 18 99
701 10 13 100
701 10 28 150
701 5 45 150
701 11 7 99
701 11 45 100
701 9 27 150
701 9 45 150
701 2 7 100
701 2 27 150
701 2 31 100
702 4 7 150
702 4 31 148
702 4 40 8
702 15 22 60
702 30 31 150
702 20 7 99
702 20 18 100
702 20 27 99
702 20 29 1
702 20 46 42
702 31 32 150
702 48 2 99
702 48 13 150
702 48 19 45
702 48 40 1
702 16 27 150
702 16 32 100
702 12 2 150
702 12 13 150
702 12 28 99
702 12 31 150
702 46 7 150
702 22 27 99
702 22 32 100
702 17 31 99
702 17 32 148
702 17 45 100
702 19 18 100
703 38 2 100
703 38 16 3
703 49 2 150
703 49 17 32
703 49 27 150
703 43 29 33
703 44 31 100
703 26 2 100
703 26 4 15
703 26 18 99
703 9 22 60
703 9 45 150
703 35 2 99
703 35 7 150
703 35 28 100
703 35 32 150
703 12 2 150
703 12 13 150
703 12 28 99
703 12 31 150
703 11 7 99
703 11 26 9
703 42 2 99
703 42 32 150
703 42 46 21
703 40 7 150
703 40 28 100
703 40 32 150
703 21 7 148
703 21 28 100
703 2 7 100
703 2 27 150
703 2 31 100
703 3 31 150
703 24 7 100
703 24 28 150
703 24 31 150
704 2 7 100
704 2 21 28
704 2 31 100
704 18 2 148
704 18 13 100
704 18 16 6
704 18 29 6
704 21 17 32
704 17 16 1
704 17 32 148
704 17 45 100
704 46 7 150
704 45 27 148
704 45 45 99
704 11 7 45
704 36 13 99
704 33 27 72
704 28 45 99
704 24 7 2
704 24 29 2
704 12 2 150
704 12 13 150
704 12 28 99
704 12 31 150
704 48 2 99
704 48 13 150
705 21 7 40
705 8 16 4
705 13 2 100
705 13 18 127
705 0 2 150
705 49 2 150
705 49 27 2
705 23 31 100
705 23 32 150
705 23 45 148
705 11 22 60
705 47 13 99
705 31 16 1
705 48 13 150
705 42 32 150
705 42 46 21
705 10 13 100
705 10 28 39
706 1 13 99
706 49 17 32
706 47 16 4
706 48 13 150
706 38 45 100
706 33 46 21
706 27 32 148
706 40 32 150
706 15 31 100
706 5 45 150
707 42 16 4
707 42 46 21
707 9 45 150
707 18 13 100
707 18 16 2
707 17 45 100
707 12 13 150
707 12 31 150
707 48 13 150
708 20 7 39
708 18 4 15
708 18 16 4
708 17 16 1
708 17 45 100
708 39 17 32
708 3 31 150
708 1 13 99
708 40 7 1
709 42 46 21
709 24 31 150
709 45 4 3
709 15 31 100
709 29 13 99
710 12 2 36
710 12 31 150
710 21 4 15
710 36 13 99
710 20 32 30
710 7 26 10
710 24 22 60
710 2 31 100
710 48 13 150
710 1 13 99
710 29 13 99
710 23 16 2
710 23 45 148
711 33 21 27
711 18 2 36
711 18 40 9
711 12 31 150
711 24 31 150
711 1 13 84
711 8 31 150
711 48 13 2
712 18 2 36
712 23 31 100
712 23 45 148
712 38 45 100
712 17 31 99
712 17 45 100
712 45 45 99
712 49 17 2
713 20 29 1
713 17 16 1
713 17 45 100
713 48 19 1
713 12 31 150
714 12 31 150
714 12 40 8
714 18 29 6
714 20 29 1
714 17 45 100
715 32 13 36
715 4 31 148
715 4 40 8
715 37 16 5
715 17 45 100
715 15 31 100
715 30 31 150
715 39 29 3
716 24 46 22
716 42 19 45
716 18 26 3
716 11 45 100
716 5 45 150
716 2 31 100
716 28 45 99
717 32 4 15
717 13 21 28
717 23 45 148
717 17 31 99
717 17 45 100
718 35 32 30
718 37 16 2
718 23 45 148
718 17 31 99
718 17 45 100
718 12 31 150
718 45 45 99
718 16 40 1
719 32 2 36
719 23 31 100
719 23 45 148
719 21 5 1
719 17 45 100
719 5 45 150
719 28 45 99
719 2 31 100
719 44 31 100
720 39 17 32
720 6 26 10
720 7 31 150
720 7 46 1
720 30 31 150
720 9 45 150
720 44 31 100
721 28 40 8
721 33 22 60
721 44 31 100
721 19 18 1
721 30 16 6
721 16 40 1
722 13 4 15
723 36 4 15
723 24 46 20
723 7 46 1
724 6 29 8
724 10 21 28
724 45 45 99
725 26 18 33
725 7 26 10
725 23 18 2
725 22 32 2
727 37 13 36
727 5 45 150
727 45 45 99
727 22 29 1
728 19 18 34
729 5 26 3
729 35 7 40
729 33 46 1
730 38 45 100
731 9 29 4
731 26 7 40
731 11 45 100
731 17 16 1
731 32 17 2
732 16 32 28
732 9 45 150
732 11 45 100
733 29 17 32
733 10 21 28
734 12 2 36
734 14 17 30
736 35 7 40
736 8 40 8
736 16 40 1
737 39 46 2
738 30 17 32
738 20 18 36
739 8 4 15
739 37 17 32
740 32 2 36
741 39 17 32
741 8 16 4
741 13 21 1
742 7 7 1
742 24 22 60
743 24 29 6
743 37 40 8
744 29 17 32
744 45 4 15
744 21 28 48
745 38 45 100
745 45 45 99
745 11 22 60
745 30 31 3
745 33 46 1
746 21 4 15
746 37 16 6
747 2 21 28
748 19 4 15
748 31 7 40
749 16 32 28
749 7 26 2
750 12 13 36
750 16 40 1
751 21 17 32
751 3 22 60
751 11 45 100
752 33 19 45
752 6 29 1
753 28 5 81
753 36 4 15
753 7 7 40
753 38 45 100
754 44 17 32
754 2 7 40
754 45 45 99
755 12 28 48
755 34 46 20
755 15 22 60
755 32 17 2
756 8 16 4
756 45 45 99
756 4 7 39
756 33 46 21
757 47 7 40
757 19 4 15
757 31 16 1
758 5 45 150
758 32 2 36
759 20 7 39
759 36 40 1
760 26 18 33
760 15 22 60
761 17 16 5
762 38 2 36
762 5 4 15
762 12 13 36
762 33 46 1
763 28 45 99
763 42 17 30
763 32 17 2
764 8 16 6
765 1 2 36
765 36 40 1
766 18 4 15
766 11 22 60
766 45 45 99
766 34 46 20
766 23 45 148
767 23 2 36
767 38 45 100
767 6 26 2
770 26 18 33
776 16 40 1
782 11 7 39
786 26 18 33
788 33 46 21
790 28 45 99
790 39 29 1
794 40 32 30
795 31 16 1
796 36 4 15
805 23 16 4
818 16 40 1
820 42 29 6
822 23 18 2
825 31 16 5
828 2 31 42
829 11 45 1
832 44 31 40
835 17 45 100
835 22 29 7
837 42 19 1
837 26 18 33
843 42 17 30
844 11 45 1
846 39 22 60
850 12 2 36
852 18 2 36
853 36 40 1
859 24 46 20
860 37 7 39
862 43 29 6
864 31 16 1
