2 9 20 100
2 9 29 150
2 40 20 100
2 28 20 100
3 39 29 100
3 6 29 100
4 38 20 150
4 38 29 100
4 35 6 148
4 47 20 150
4 12 20 100
5 38 29 100
5 38 37 150
5 9 29 150
6 16 29 100
6 25 38 100
6 24 6 100
7 4 42 150
7 42 20 99
7 42 29 148
7 42 37 100
7 42 42 150
7 10 20 100
7 26 20 100
7 38 29 100
8 28 20 100
8 28 28 100
8 28 37 99
8 39 29 100
9 28 20 100
9 24 6 100
9 43 34 100
9 26 20 100
9 44 29 100
9 10 20 100
9 9 29 150
10 26 20 100
10 6 29 100
10 33 29 150
10 38 20 150
10 28 20 100
11 38 29 100
11 41 6 100
12 30 28 100
12 46 21 100
12 32 42 100
12 47 29 150
12 47 42 100
12 6 29 100
13 41 6 100
13 41 42 99
13 33 29 150
14 37 16 100
14 39 29 100
14 6 29 100
14 0 38 100
14 28 40 100
15 16 29 100
15 6 29 100
15 40 6 100
16 16 29 100
16 1 36 99
17 12 37 99
17 39 29 100
17 49 29 150
17 33 6 100
18 33 29 150
18 28 20 100
18 26 20 100
18 47 20 150
18 47 49 100
19 18 34 99
19 27 37 100
19 26 20 100
19 6 29 100
19 15 42 99
19 42 20 99
19 42 29 148
19 42 42 150
20 14 6 100
20 5 37 100
20 28 20 100
20 6 29 100
20 29 3 100
20 10 20 100
20 10 42 100
20 45 38 100
21 29 15 100
21 29 37 100
21 45 15 150
21 7 29 100
21 40 20 100
21 9 20 100
21 9 29 150
21 38 20 150
21 38 42 100
21 17 42 150
21 28 20 100
22 1 36 99
22 7 29 100
22 38 20 150
22 38 29 100
22 3 37 100
23 16 29 100
23 9 20 100
23 44 29 100
23 38 20 150
23 42 20 99
23 40 6 100
24 1 36 99
24 6 29 100
24 39 29 100
24 19 21 99
25 28 40 100
25 6 29 100
25 44 29 100
26 48 29 150
26 27 37 100
26 24 6 100
26 47 20 150
26 10 20 100
27 43 36 148
27 38 20 150
27 38 29 100
27 39 29 100
28 24 6 100
28 44 29 100
28 38 20 150
28 38 42 100
28 15 42 99
28 17 42 150
28 42 20 99
29 48 29 150
29 7 29 100
29 42 20 99
29 45 38 100
30 34 22 99
30 34 44 100
30 39 29 100
30 6 29 100
31 16 29 100
31 47 20 150
31 9 20 100
31 33 6 100
31 12 20 100
32 47 20 150
32 47 29 150
32 25 37 150
32 10 20 100
32 44 29 100
32 27 34 99
32 12 20 100
32 40 28 100
33 30 37 100
33 30 40 100
33 9 29 150
33 24 6 100
33 38 36 100
34 33 6 100
34 33 29 150
34 42 37 100
34 2 3 100
35 18 7 100
35 3 36 148
35 3 37 100
35 3 49 100
35 47 29 150
35 16 29 100
36 38 20 150
36 38 29 100
36 35 21 100
36 9 20 100
36 9 38 99
36 26 20 100
37 24 6 100
37 38 20 150
37 38 29 100
37 7 29 100
37 12 20 100
38 26 16 100
38 26 20 100
38 39 29 100
38 9 20 100
38 38 20 150
38 38 29 100
38 10 20 100
39 16 29 100
39 40 20 100
39 11 37 100
39 47 20 150
39 6 29 100
40 15 48 100
40 39 29 100
40 28 20 100
40 28 37 99
40 7 29 100
40 7 34 100
41 47 29 150
41 4 6 100
42 6 29 100
42 11 37 100
42 25 38 100
42 28 40 100
42 40 6 100
43 33 29 150
43 5 37 100
43 22 7 100
43 38 29 100
44 33 29 150
45 3 36 148
45 44 29 100
45 49 29 150
45 41 6 100
46 6 29 100
46 25 38 100
46 4 23 100
46 24 43 100
47 3 37 100
47 4 6 100
47 16 29 100
47 6 29 100
48 39 29 100
48 44 29 100
49 6 29 100
49 24 6 100
49 16 29 100
50 1 36 99
50 27 37 100
50 36 40 100
50 24 3 100
50 9 29 150
51 39 29 100
51 44 29 100
51 10 20 100
51 10 24 100
51 7 34 100
51 47 20 150
51 36 37 150
51 28 20 100
52 5 37 100
52 16 29 100
52 43 38 99
53 33 6 100
53 33 29 150
53 16 29 100
53 41 6 100
53 7 49 100
54 48 29 150
54 38 29 100
55 37 36 100
55 42 29 148
55 19 21 99
56 1 16 100
56 48 29 150
56 48 42 150
56 41 42 99
57 6 29 100
57 4 6 100
57 4 38 100
57 17 40 100
57 41 42 99
57 9 20 100
57 44 29 100
58 26 20 100
58 26 36 100
58 49 29 150
58 9 20 100
58 34 22 99
58 12 20 100
58 42 20 99
58 42 42 150
59 40 20 100
59 26 20 100
59 9 20 100
59 9 29 150
59 4 42 150
59 23 42 100
60 4 42 150
60 34 37 99
60 15 42 99
60 23 42 100
60 12 20 100
60 38 20 150
60 38 29 100
60 38 42 100
60 10 20 100
60 10 42 100
61 7 15 100
61 7 29 100
61 26 20 100
61 43 15 148
61 35 21 100
61 9 20 100
61 9 29 150
61 6 29 100
61 23 42 100
62 32 42 100
62 14 6 100
62 28 37 99
62 36 42 148
62 9 29 150
62 9 38 99
63 40 20 100
63 1 36 99
63 28 20 100
63 28 37 99
63 16 29 100
63 26 20 100
63 42 20 99
63 7 29 100
63 7 34 100
64 37 44 100
64 48 29 150
64 12 20 100
64 24 3 100
64 38 7 99
64 38 20 150
64 10 20 100
65 14 6 100
65 39 29 100
65 47 20 150
66 33 29 150
66 7 29 100
66 28 20 100
66 28 37 99
66 26 20 100
66 38 20 150
66 40 20 100
67 39 29 100
67 45 38 100
67 23 40 99
67 23 42 100
67 28 20 100
67 48 42 150
67 16 29 100
68 6 29 100
68 39 29 100
68 9 20 100
68 5 37 100
68 23 42 100
68 26 20 100
68 38 20 150
69 24 6 100
69 26 28 100
69 38 29 100
69 6 29 100
70 39 29 100
71 7 29 100
71 7 49 100
71 48 29 150
71 42 37 100
71 33 6 100
72 0 16 100
72 0 36 100
72 38 20 150
72 38 29 100
72 7 34 100
72 28 20 100
73 41 6 100
73 5 37 100
73 48 29 150
73 4 38 100
73 9 20 100
73 39 29 100
74 16 29 100
74 39 29 100
74 33 6 100
74 35 21 100
75 48 29 150
75 1 36 99
76 26 36 100
76 24 37 150
76 28 40 100
76 6 29 100
76 42 29 148
76 30 48 99
77 47 29 150
77 37 15 148
77 35 6 148
77 3 37 100
77 22 15 150
78 39 29 100
78 44 29 100
78 29 23 100
78 28 20 100
79 12 20 100
79 39 29 100
79 18 7 100
79 42 20 99
80 33 6 100
80 33 29 150
80 0 3 99
80 0 36 100
80 10 22 100
80 7 29 100
81 49 29 150
81 25 38 100
82 16 29 100
82 14 6 100
82 44 29 100
82 43 15 148
82 34 15 150
83 19 21 99
83 30 40 100
83 6 29 100
83 44 29 100
83 27 34 99
84 5 37 100
84 20 7 100
84 38 20 150
84 38 29 100
84 12 20 100
84 26 20 100
85 40 6 100
85 47 29 150
85 16 29 100
86 5 36 150
86 5 37 100
86 26 20 100
86 39 29 100
86 6 29 100
86 38 20 150
87 45 38 100
87 49 29 150
87 23 42 100
87 32 42 100
87 26 20 100
87 38 20 150
87 38 42 100
88 26 20 100
88 40 20 100
88 29 37 100
88 44 29 100
88 47 20 150
88 47 49 100
88 10 20 100
89 27 37 100
89 12 20 100
89 6 29 100
89 42 29 148
89 42 42 150
89 38 42 100
89 23 42 100
90 6 29 100
90 38 29 100
90 24 6 100
91 4 38 100
91 28 20 100
91 12 20 100
91 40 20 100
91 10 10 100
91 10 20 100
91 47 29 150
92 23 40 99
92 46 21 100
92 28 20 100
92 7 29 100
92 44 29 100
92 10 20 100
93 10 20 100
93 44 29 100
93 24 6 100
93 39 29 100
93 41 36 100
94 1 36 99
94 27 37 100
94 49 29 150
94 42 20 99
94 24 6 100
94 9 20 100
94 10 20 100
94 34 44 100
94 26 20 100
95 10 20 100
95 16 3 100
95 16 29 100
95 6 29 100
95 40 20 100
95 12 20 100
96 7 29 100
96 16 29 100
96 33 16 100
96 25 30 100
97 3 37 100
97 47 20 150
97 47 29 150
97 40 6 100
97 40 20 100
98 43 23 100
98 43 38 99
98 29 37 100
98 44 29 100
98 12 20 100
98 28 20 100
98 7 29 100
98 38 20 150
98 18 34 99
98 42 20 99
99 4 6 100
99 10 20 100
99 9 20 100
99 9 29 150
99 47 20 150
100 12 37 99
100 38 29 100
100 42 29 148
100 26 28 100
101 16 29 100
101 35 6 148
101 30 37 100
102 28 40 100
102 6 29 100
102 38 7 99
102 38 29 100
103 19 21 99
103 16 29 100
103 38 29 100
104 12 37 99
104 40 6 100
104 48 29 150
104 0 36 100
105 4 6 100
105 4 38 100
105 28 37 99
105 33 29 150
105 24 43 100
105 39 29 100
105 25 49 100
106 44 29 100
106 25 37 150
107 7 29 100
107 7 34 100
107 48 29 150
107 30 37 100
108 28 20 100
108 48 29 150
108 12 20 100
108 9 20 100
109 40 6 100
109 40 20 100
109 33 29 150
109 28 40 100
110 27 37 100
110 30 28 100
110 16 3 100
110 16 29 100
110 47 20 150
110 47 29 150
110 26 20 100
110 9 20 100
111 9 29 150
111 37 36 100
111 49 37 100
111 19 7 100
112 47 29 150
112 42 37 100
112 4 6 100
112 4 38 100
113 48 29 150
113 47 20 150
113 26 20 100
114 19 6 150
114 12 20 100
114 6 29 100
114 44 29 100
115 10 20 100
115 48 29 150
115 16 29 100
115 47 20 150
115 26 20 100
115 43 34 100
116 34 22 99
116 34 37 99
116 42 29 148
116 15 28 100
117 42 6 150
117 42 29 148
117 9 38 99
117 23 40 99
118 20 37 148
118 44 29 100
118 43 36 148
118 39 29 100
119 30 37 100
119 30 46 100
119 42 20 99
119 42 29 148
119 42 42 150
119 38 20 150
119 38 29 100
119 38 42 100
119 24 46 150
119 26 20 100
119 20 46 150
119 23 46 100
120 0 28 99
120 0 46 100
120 4 6 100
120 40 20 100
120 42 20 99
120 42 29 148
120 9 20 100
121 7 15 100
121 7 29 100
121 37 15 148
122 19 21 99
122 40 6 100
122 33 29 150
122 38 29 100
122 12 37 99
122 14 34 99
123 20 40 99
123 33 6 100
123 33 29 150
124 47 29 150
124 47 49 100
124 37 36 100
124 6 29 100
124 0 3 99
125 37 36 100
125 24 6 100
125 39 29 100
126 34 37 99
126 39 29 100
126 26 20 100
126 48 29 150
126 12 20 100
126 38 20 150
127 47 29 150
128 19 7 100
128 19 21 99
128 33 29 150
128 9 20 100
128 47 20 150
128 42 20 99
129 48 29 150
129 27 37 100
129 28 28 100
129 40 6 100
129 44 29 100
130 41 42 99
130 44 29 100
130 43 38 99
130 16 29 100
130 16 42 150
130 47 42 100
130 28 40 100
131 14 48 99
131 28 20 100
131 16 29 100
131 12 20 100
131 26 20 100
131 39 29 100
132 45 16 99
132 47 20 150
132 47 29 150
132 36 36 100
132 9 20 100
132 38 20 150
133 14 6 100
133 14 34 99
133 42 20 99
133 42 29 148
133 40 20 100
133 12 20 100
133 26 20 100
134 40 20 100
134 6 29 100
134 4 15 99
134 45 15 150
134 39 29 100
134 38 20 150
135 26 20 100
135 4 6 100
135 7 29 100
135 49 29 150
135 49 37 100
136 6 29 100
136 40 28 100
136 28 37 99
137 0 38 100
137 42 29 148
137 42 37 100
137 33 6 100
137 28 40 100
137 38 29 100
138 32 42 100
138 29 37 100
138 7 29 100
138 48 42 150
138 6 29 100
139 42 29 148
139 32 42 100
140 47 20 150
140 47 29 150
140 10 20 100
140 26 20 100
140 8 2 100
141 5 37 100
141 8 23 100
141 40 6 100
141 25 49 100
141 49 29 150
142 37 36 100
142 40 6 100
142 29 3 100
142 42 29 148
142 46 21 100
142 7 29 100
143 36 40 100
143 16 29 100
143 39 29 100
144 3 36 148
144 41 6 100
144 41 24 99
144 49 29 150
145 48 29 150
145 18 7 100
145 18 34 99
145 0 28 99
146 5 37 100
146 4 6 100
146 38 29 100
146 49 29 150
147 10 42 100
147 46 38 99
147 39 29 100
147 20 37 148
147 17 42 150
148 9 29 150
148 7 29 100
148 32 42 100
148 37 16 100
149 6 29 100
149 29 37 100
149 19 6 150
149 44 29 100
150 6 29 100
150 46 38 99
150 38 29 100
151 33 29 150
151 12 20 100
151 40 20 100
151 28 20 100
151 28 40 100
152 33 6 100
152 33 29 150
153 13 36 150
153 36 10 100
153 20 7 100
153 27 34 99
154 17 42 150
154 24 16 100
154 32 42 100
154 7 29 100
154 39 29 100
154 49 29 150
155 6 29 100
155 43 3 100
155 47 29 150
155 4 6 100
155 30 37 100
156 6 29 100
156 11 37 100
156 40 20 100
157 12 20 100
157 12 37 99
157 45 38 100
157 48 29 150
157 48 42 150
157 24 6 100
157 39 29 100
157 36 42 148
157 10 20 100
157 10 42 100
157 9 20 100
158 11 37 100
158 29 36 150
158 33 29 150
158 23 40 99
159 6 29 100
159 6 49 99
159 7 29 100
160 7 15 100
160 7 29 100
160 34 15 150
160 34 37 99
160 28 20 100
160 41 42 99
160 16 29 100
160 16 42 150
160 10 20 100
160 26 20 100
160 48 41 99
161 38 20 150
161 38 29 100
161 28 20 100
161 28 28 100
161 28 37 99
161 40 6 100
161 40 20 100
161 2 15 100
161 6 29 100
162 38 29 100
162 27 34 99
162 35 21 100
163 7 29 100
163 30 37 100
163 33 29 150
164 30 28 100
164 30 40 100
164 40 6 100
164 40 20 100
164 48 29 150
165 44 29 100
165 6 29 100
165 12 20 100
165 28 20 100
166 33 6 100
166 33 29 150
166 42 20 99
167 38 7 99
167 38 20 150
167 38 29 100
167 38 36 100
167 47 20 150
167 39 29 100
168 42 20 99
168 42 29 148
168 42 37 100
168 3 36 148
168 28 20 100
168 38 20 150
169 38 29 100
169 38 37 150
169 33 6 100
169 33 29 150
170 2 38 99
170 42 20 99
170 42 29 148
171 16 3 100
171 16 29 100
171 44 29 100
171 9 20 100
171 10 20 100
171 28 20 100
171 28 40 100
171 4 6 100
172 34 44 100
172 47 29 150
172 13 36 150
173 6 29 100
173 48 29 150
173 18 34 99
173 29 37 100
173 24 6 100
174 20 7 100
174 7 29 100
174 19 21 99
175 4 6 100
175 48 29 150
175 34 22 99
175 36 36 100
175 10 20 100
175 44 29 100
175 47 20 150
176 33 29 150
176 28 20 100
177 26 20 100
177 20 23 100
177 7 29 100
177 42 20 99
177 6 29 100
177 38 20 150
178 7 29 100
178 28 28 100
178 35 21 100
178 33 6 100
179 29 37 100
179 48 29 150
179 14 6 100
179 16 29 100
179 7 49 100
180 27 37 100
180 49 29 150
180 25 38 100
181 42 29 148
181 16 29 100
182 2 30 100
182 43 34 100
182 26 20 100
182 7 29 100
182 6 29 100
182 22 7 100
182 36 40 100
182 42 20 99
183 42 20 99
183 42 29 148
183 42 37 100
183 14 48 99
184 12 43 100
184 37 36 100
184 48 29 150
184 41 6 100
184 41 36 100
185 38 20 150
185 38 29 100
185 7 29 100
185 34 3 100
186 47 20 150
186 47 29 150
186 13 15 148
186 12 20 100
186 28 15 150
186 19 21 99
186 40 6 100
187 32 36 150
187 16 29 100
187 47 29 150
187 4 6 100
187 28 37 99
188 9 10 100
188 9 29 150
188 15 28 100
189 43 16 100
189 10 20 100
189 23 40 99
189 48 29 150
189 12 20 100
189 37 36 100
190 40 6 100
190 40 20 100
190 7 29 100
190 42 20 99
190 42 29 148
190 10 20 100
191 6 29 100
191 26 20 100
191 27 34 99
191 28 20 100
191 10 20 100
192 32 42 100
192 23 42 100
192 44 29 100
192 38 20 150
192 38 29 100
192 38 42 100
192 12 20 100
193 41 6 100
193 41 42 99
193 0 28 99
193 33 29 150
193 35 21 100
194 12 37 99
194 39 29 100
194 20 7 100
194 6 29 100
195 29 37 100
195 44 29 100
195 48 29 150
196 22 38 150
196 49 29 150
196 19 6 150
196 6 49 99
197 28 15 150
197 28 20 100
197 28 40 100
197 14 48 99
197 9 20 100
197 9 29 150
197 42 20 99
198 39 29 100
198 29 15 100
198 49 29 150
199 48 29 150
199 36 36 100
199 36 37 150
199 24 3 100
200 33 6 100
200 33 29 150
200 30 15 148
200 45 15 150
201 48 29 150
201 38 20 150
201 38 29 100
201 10 20 100
202 49 29 150
202 16 42 150
202 36 42 148
202 13 15 148
202 4 15 99
202 18 34 99
202 19 21 99
203 26 20 100
203 35 6 148
203 49 29 150
204 42 20 99
204 42 29 148
204 41 36 100
204 9 20 100
204 40 20 100
204 28 20 100
204 47 20 150
205 47 20 150
205 47 29 150
205 33 29 150
205 25 38 100
205 3 37 100
205 30 40 100
206 28 20 100
206 48 29 150
206 10 20 100
207 39 0 99
207 39 29 100
207 29 0 99
207 25 0 100
207 18 7 100
207 36 0 99
207 23 0 100
207 37 0 100
207 33 6 100
207 33 29 150
207 6 0 99
207 46 0 100
207 46 21 100
207 14 48 99
208 39 0 99
208 39 29 100
208 23 0 100
208 2 38 99
208 36 0 99
208 9 20 100
208 0 16 100
208 8 0 100
208 10 20 100
209 23 0 100
209 37 0 100
209 43 23 100
209 19 0 100
209 15 0 100
209 42 0 100
209 42 20 99
209 42 29 148
210 33 6 100
210 33 29 150
210 49 29 150
210 36 0 99
210 17 0 100
210 25 0 100
210 42 0 100
210 42 20 99
210 37 0 100
210 12 20 100
211 28 37 99
211 19 0 100
211 44 29 100
211 33 6 100
211 36 0 99
211 37 0 100
211 37 44 100
211 16 29 100
212 41 36 100
212 34 37 99
212 48 29 150
212 47 20 150
212 22 0 99
212 29 0 99
212 8 0 100
212 12 20 100
212 23 0 100
212 42 0 100
212 42 20 99
212 37 0 100
213 36 0 99
213 14 6 100
213 14 34 99
213 19 0 100
213 38 29 100
213 17 0 100
213 33 29 150
213 11 37 100
213 46 0 100
213 29 0 99
214 16 29 100
214 49 49 100
214 46 0 100
214 46 38 99
214 40 20 100
214 17 0 100
214 26 20 100
214 22 0 99
214 29 0 99
214 23 0 100
214 12 20 100
214 39 0 99
215 15 0 100
215 41 6 100
215 41 36 100
215 24 46 150
215 29 0 99
215 29 37 100
215 0 46 100
215 38 20 150
215 38 29 100
215 46 0 100
215 23 0 100
215 23 46 100
215 33 29 150
215 35 46 100
215 12 20 100
216 8 0 100
216 8 46 100
216 15 0 100
216 26 20 100
216 12 20 100
216 44 29 100
216 23 0 100
216 22 0 99
216 22 15 150
216 4 15 99
216 36 0 99
217 26 20 100
217 33 6 100
217 33 29 150
217 40 20 100
217 39 29 100
217 38 20 150
217 20 40 99
218 33 29 150
218 0 36 100
218 47 20 150
219 35 21 100
219 7 29 100
219 0 28 99
219 42 20 99
219 40 20 100
220 34 3 100
220 34 22 99
220 33 6 100
220 33 29 150
220 49 29 150
220 47 20 150
220 38 20 150
221 39 29 100
221 7 29 100
221 7 34 100
221 14 6 100
221 29 37 100
222 47 29 150
222 42 37 100
222 7 15 100
222 2 15 100
222 13 15 148
223 9 29 150
223 38 29 100
223 28 15 150
223 28 37 99
223 2 15 100
223 41 6 100
224 47 29 150
224 20 40 99
224 15 28 100
225 18 7 100
225 48 29 150
225 7 29 100
225 33 6 100
226 42 29 148
226 42 37 100
227 44 29 100
227 7 29 100
227 4 6 100
228 18 34 99
228 9 29 150
228 38 36 100
229 7 29 100
229 42 20 99
229 42 37 100
229 39 29 100
229 46 21 100
229 46 38 99
229 12 20 100
229 10 20 100
229 40 6 100
229 40 20 100
230 47 29 150
231 26 20 100
231 16 29 100
231 44 29 100
231 40 20 100
231 30 40 100
231 9 20 100
232 47 20 150
232 47 29 150
232 25 38 100
232 28 20 100
232 12 20 100
233 25 49 100
233 39 29 100
233 22 15 150
233 33 6 100
233 33 29 150
233 28 15 150
233 46 21 100
234 4 15 99
234 4 42 150
234 13 15 148
234 11 37 100
234 39 29 100
234 47 20 150
234 47 42 100
234 16 29 100
234 38 20 150
234 38 42 100
235 16 29 100
235 7 29 100
235 30 28 100
235 30 37 100
235 30 40 100
235 33 6 100
235 28 20 100
236 9 29 150
236 1 36 99
236 36 37 150
236 31 43 100
237 40 20 100
237 33 29 150
237 5 37 100
237 38 20 150
237 42 20 99
238 41 6 100
238 42 29 148
239 10 20 100
239 12 20 100
239 3 36 148
239 49 29 150
239 7 29 100
239 7 34 100
240 44 29 100
240 24 3 100
240 4 15 99
240 37 15 148
240 46 7 100
240 38 20 150
240 38 29 100
241 47 20 150
241 47 29 150
241 45 15 150
241 7 15 100
241 40 6 100
241 40 20 100
241 35 21 100
242 43 15 148
242 26 20 100
242 17 40 100
242 16 29 100
242 44 29 100
242 27 37 100
243 3 37 100
243 28 15 150
243 28 20 100
243 42 20 99
243 42 29 148
244 39 29 100
244 4 6 100
244 9 10 100
244 9 20 100
244 6 29 100
244 3 37 100
245 6 29 100
245 14 6 100
245 16 29 100
246 32 36 150
246 44 29 100
247 18 34 99
247 42 29 148
247 33 6 100
247 16 29 100
248 6 29 100
248 45 38 100
248 30 37 100
249 16 29 100
249 49 29 150
249 40 6 100
250 31 43 100
250 17 40 100
250 13 28 100
250 7 29 100
250 38 7 99
250 38 29 100
251 35 21 100
251 33 6 100
251 33 29 150
251 9 10 100
252 38 20 150
252 38 29 100
252 38 37 150
252 42 20 99
252 2 38 99
252 2 44 99
252 28 20 100
253 6 29 100
253 44 29 100
253 47 20 150
253 5 37 100
253 40 20 100
253 26 20 100
254 23 28 100
254 42 20 99
254 42 29 148
254 33 29 150
254 25 49 100
254 43 34 100
255 9 20 100
255 9 29 150
255 10 20 100
255 40 20 100
256 24 6 100
256 39 29 100
256 37 22 99
256 16 29 100
256 28 20 100
256 12 20 100
257 17 40 100
257 0 36 100
257 26 20 100
257 20 7 100
257 35 21 100
257 48 29 150
258 33 29 150
258 6 29 100
258 3 37 100
258 28 20 100
258 28 28 100
258 42 20 99
258 40 20 100
259 7 29 100
259 20 3 100
259 44 29 100
259 40 6 100
259 40 20 100
259 5 36 150
259 5 37 100
260 5 37 100
260 33 29 150
260 38 7 99
261 16 29 100
261 44 29 100
262 16 29 100
262 41 24 99
262 12 20 100
262 10 20 100
262 17 40 100
262 38 20 150
262 38 29 100
263 39 29 100
263 35 6 148
263 29 37 100
264 43 23 100
264 35 46 100
264 9 29 150
264 30 46 100
264 36 46 100
264 20 46 150
264 48 29 150
264 48 46 100
264 0 46 100
265 33 6 100
265 33 29 150
265 45 38 100
265 5 37 100
265 43 34 100
266 46 21 100
266 6 29 100
266 39 29 100
267 33 6 100
267 33 29 150
267 42 20 99
267 28 20 100
267 40 20 100
268 28 20 100
268 0 16 100
268 0 38 100
268 6 29 100
268 9 20 100
268 38 20 150
268 38 29 100
269 13 36 150
269 27 37 100
269 39 29 100
270 9 29 150
270 33 6 100
271 16 29 100
271 28 40 100
271 7 29 100
272 6 29 100
272 16 29 100
272 42 6 150
272 42 37 100
272 39 12 99
272 39 29 100
273 40 20 100
273 40 28 100
273 42 20 99
273 42 29 148
273 47 20 150
273 47 49 100
273 7 34 100
274 0 36 100
274 44 29 100
274 14 6 100
274 6 29 100
275 47 29 150
275 0 3 99
275 0 36 100
276 40 20 100
276 19 7 100
276 22 15 150
276 16 29 100
276 2 15 100
276 24 37 150
276 7 15 100
276 7 29 100
276 47 20 150
277 46 21 100
277 41 6 100
277 41 36 100
277 17 40 100
277 7 29 100
277 39 29 100
277 10 20 100
278 16 29 100
278 6 29 100
279 0 36 100
279 39 29 100
280 47 29 150
280 41 6 100
280 16 29 100
280 13 28 100
281 19 21 99
281 48 29 150
282 42 20 99
282 42 29 148
282 46 7 100
283 3 36 148
283 49 29 150
283 33 6 100
283 36 10 100
283 47 20 150
283 40 20 100
283 44 29 100
284 38 20 150
284 38 29 100
284 43 34 100
285 10 20 100
285 23 40 99
285 39 29 100
285 48 29 150
285 26 20 100
285 42 37 100
285 24 6 100
286 9 29 150
286 9 38 99
286 34 37 99
287 6 29 100
287 46 21 100
287 7 29 100
288 16 29 100
288 14 6 100
288 44 29 100
288 28 20 100
288 38 20 150
288 9 20 100
289 9 29 150
290 24 6 100
290 49 29 150
290 15 28 100
290 2 44 99
291 40 20 100
291 42 20 99
291 42 29 148
291 42 37 100
291 10 20 100
291 0 38 100
291 21 23 100
291 28 20 100
292 7 29 100
292 29 3 100
292 25 30 100
292 33 29 150
293 38 7 99
293 38 20 150
293 38 29 100
293 28 20 100
293 19 21 99
293 44 29 100
293 24 43 100
293 26 20 100
294 41 6 100
294 38 29 100
294 29 37 100
294 20 49 100
295 33 29 150
295 3 36 148
295 39 29 100
295 27 34 99
296 17 42 150
296 39 29 100
296 6 29 100
296 38 42 100
296 20 40 99
297 26 44 100
297 19 7 100
297 33 29 150
298 41 6 100
298 4 15 99
298 3 37 100
298 29 15 100
299 16 29 100
299 14 6 100
299 42 29 148
299 42 37 100
299 3 36 148
299 44 29 100
300 49 29 150
300 47 20 150
300 7 15 100
300 7 29 100
301 28 20 100
301 30 48 99
301 35 21 100
301 49 29 150
301 10 20 100
302 48 29 150
302 33 6 100
302 28 28 100
303 6 29 100
303 29 37 100
303 38 10 100
303 38 29 100
303 38 36 100
304 5 37 100
304 48 29 150
304 7 34 100
304 41 6 100
305 6 29 100
305 28 20 100
305 38 20 150
305 38 29 100
305 12 20 100
306 45 38 100
306 39 29 100
306 4 6 100
306 0 36 100
306 38 29 100
307 40 6 100
307 44 29 100
307 17 37 148
307 17 40 100
308 47 29 150
308 49 37 100
308 38 29 100
309 42 29 148
309 35 21 100
310 29 37 100
310 1 36 99
310 49 29 150
311 2 3 100
311 16 29 100
311 16 42 150
311 32 42 100
311 47 29 150
311 47 42 100
311 24 6 100
311 7 34 100
311 30 28 100
312 39 29 100
312 41 24 99
312 28 20 100
312 28 37 99
312 26 20 100
312 16 29 100
312 9 20 100
313 47 20 150
313 47 29 150
313 47 49 100
313 19 7 100
313 0 38 100
313 42 20 99
313 40 20 100
314 10 20 100
314 42 20 99
314 42 29 148
314 47 20 150
314 23 40 99
315 44 29 100
315 16 29 100
316 3 37 100
316 30 15 148
316 44 29 100
316 6 29 100
316 38 7 99
316 41 6 100
316 19 21 99
316 7 15 100
317 29 37 100
317 48 29 150
317 45 38 100
318 16 29 100
318 9 29 150
318 39 43 100
319 41 6 100
319 41 36 100
319 16 29 100
319 14 34 99
320 15 16 100
320 47 20 150
320 47 29 150
320 26 20 100
320 9 20 100
320 38 29 100
321 7 29 100
321 15 28 100
321 42 20 99
321 12 20 100
321 17 40 100
321 28 20 100
322 14 6 100
322 48 29 150
322 48 42 150
322 36 42 148
322 26 20 100
322 39 29 100
323 11 37 100
323 48 29 150
324 20 7 100
324 28 20 100
324 12 20 100
324 48 29 150
324 26 20 100
325 48 29 150
325 44 29 100
325 0 38 100
326 49 29 150
326 20 3 100
326 14 6 100
326 35 21 100
326 30 28 100
326 42 42 150
326 15 42 99
327 7 29 100
327 16 29 100
327 16 42 150
327 10 42 100
327 5 37 100
327 32 42 100
328 43 34 100
328 6 29 100
328 34 37 99
328 44 29 100
328 15 42 99
329 9 20 100
329 9 29 150
329 12 20 100
329 12 37 99
329 14 6 100
329 0 28 99
329 42 20 99
329 10 20 100
330 25 49 100
330 38 29 100
330 44 29 100
331 35 6 148
331 28 15 150
331 39 29 100
331 7 15 100
332 16 29 100
332 7 29 100
333 20 40 99
333 38 20 150
333 38 29 100
333 39 29 100
333 2 38 99
333 41 6 100
333 42 20 99
334 42 20 99
334 42 29 148
334 4 23 100
335 20 37 148
335 44 29 100
335 6 29 100
335 19 21 99
335 14 6 100
336 19 0 100
336 19 7 100
336 17 0 100
336 33 29 150
336 39 0 99
337 23 0 100
337 49 29 150
337 49 37 100
337 22 0 99
337 29 0 99
337 17 0 100
337 46 0 100
337 38 20 150
337 38 29 100
337 39 0 99
337 18 30 99
337 8 0 100
337 37 0 100
337 24 6 100
338 13 36 150
338 22 0 99
338 46 0 100
338 49 29 150
338 40 20 100
338 25 0 100
338 29 0 99
338 15 0 100
339 46 0 100
339 46 38 99
339 36 0 99
339 33 6 100
339 33 29 150
339 22 0 99
339 23 0 100
339 26 20 100
339 38 29 100
340 12 37 99
340 7 29 100
340 36 0 99
340 36 40 100
340 28 28 100
340 0 3 99
340 29 0 99
340 30 48 99
340 37 0 100
340 6 0 99
340 42 0 100
341 47 20 150
341 47 29 150
341 44 29 100
341 28 20 100
341 15 0 100
341 42 0 100
341 42 20 99
341 39 0 99
342 49 29 150
342 49 37 100
342 46 0 100
342 8 0 100
342 42 0 100
342 42 20 99
342 40 20 100
342 38 20 150
342 37 0 100
342 25 0 100
342 19 0 100
342 6 0 99
342 17 0 100
342 36 0 99
342 15 0 100
343 18 34 99
343 49 29 150
343 13 15 148
343 7 15 100
343 40 6 100
343 15 0 100
343 42 0 100
343 29 0 99
343 29 15 100
344 16 29 100
344 37 0 100
344 43 38 99
344 38 29 100
344 28 37 99
344 23 0 100
344 40 6 100
344 35 21 100
345 44 29 100
345 42 0 100
345 42 20 99
345 42 37 100
345 46 0 100
345 19 0 100
345 8 0 100
345 16 29 100
345 29 0 99
345 40 20 100
345 9 20 100
346 3 37 100
346 46 0 100
346 0 28 99
346 36 0 99
346 17 0 100
346 42 29 148
346 24 6 100
347 10 20 100
347 10 42 100
347 17 42 150
347 38 20 150
347 38 29 100
347 38 42 100
347 47 20 150
347 47 29 150
348 37 22 99
348 17 40 100
348 39 29 100
348 7 49 100
348 26 20 100
348 42 20 99
348 42 37 100
349 48 29 150
349 7 29 100
349 5 37 100
349 33 6 100
349 47 20 150
350 16 29 100
350 43 34 100
351 38 29 100
351 29 37 100
351 47 29 150
351 13 28 100
351 4 6 100
352 38 29 100
352 7 29 100
353 1 36 99
353 2 38 99
353 24 6 100
353 24 37 150
353 38 20 150
353 38 29 100
354 33 29 150
354 7 29 100
354 12 20 100
354 12 37 99
354 40 20 100
354 43 3 100
355 9 20 100
355 9 29 150
355 10 20 100
355 14 6 100
355 17 40 100
356 6 29 100
356 38 20 150
356 38 29 100
356 35 21 100
357 6 29 100
357 39 29 100
357 22 7 100
358 3 36 148
358 4 42 150
358 12 20 100
358 7 29 100
358 40 20 100
358 17 42 150
358 26 20 100
359 39 29 100
359 39 43 100
359 9 29 150
359 9 38 99
359 40 6 100
359 3 37 100
360 11 37 100
360 38 29 100
360 43 34 100
361 42 29 148
361 42 42 150
361 4 6 100
361 4 42 150
361 33 29 150
362 45 16 99
362 7 29 100
362 10 42 100
362 17 40 100
362 17 42 150
363 16 29 100
363 48 29 150
363 0 38 100
363 15 42 99
363 30 37 100
364 12 20 100
364 47 20 150
364 47 29 150
364 47 49 100
364 38 20 150
365 14 44 100
365 39 12 99
365 39 29 100
365 7 29 100
365 38 36 100
365 38 42 100
365 16 42 150
365 10 42 100
366 44 29 100
366 10 21 150
366 10 24 100
366 33 6 100
366 16 29 100
367 10 20 100
367 38 20 150
367 38 29 100
367 26 20 100
367 26 28 100
368 33 6 100
368 33 29 150
368 12 20 100
368 12 37 99
368 27 34 99
368 38 20 150
368 38 29 100
369 4 3 100
369 6 29 100
369 37 36 100
369 7 29 100
370 44 29 100
370 19 7 100
370 40 20 100
370 40 28 100
370 29 37 100
370 42 20 99
370 26 20 100
371 34 37 99
371 47 20 150
371 47 29 150
371 39 29 100
371 42 6 150
372 48 29 150
372 43 15 148
373 42 20 99
373 42 29 148
373 38 20 150
373 38 29 100
373 10 20 100
374 49 29 150
374 49 37 100
374 7 15 100
374 9 20 100
374 28 20 100
374 28 40 100
374 40 20 100
375 49 29 150
375 12 20 100
375 12 37 99
375 10 20 100
375 46 38 99
375 43 34 100
375 28 20 100
376 6 29 100
376 26 20 100
376 19 21 99
376 39 29 100
377 30 28 100
377 30 37 100
377 4 6 100
377 48 29 150
377 38 29 100
378 48 29 150
378 12 37 99
379 1 36 99
379 36 37 150
379 36 40 100
379 24 6 100
379 16 29 100
379 44 29 100
380 42 29 148
380 4 6 100
381 39 29 100
381 18 34 99
381 43 38 99
381 38 29 100
381 25 49 100
382 28 28 100
382 28 37 99
382 42 6 150
382 42 29 148
383 44 29 100
383 7 29 100
384 18 7 100
384 30 37 100
384 33 29 150
385 7 29 100
385 12 20 100
385 10 20 100
385 4 6 100
385 28 20 100
385 44 29 100
386 47 29 150
386 42 20 99
386 1 36 99
387 14 6 100
387 14 34 99
387 38 29 100
387 7 29 100
387 24 3 100
387 12 37 99
387 4 38 100
388 40 20 100
388 32 42 100
388 44 29 100
388 10 20 100
388 10 42 100
388 20 40 99
388 42 20 99
388 7 29 100
389 19 21 99
389 23 42 100
389 7 29 100
389 30 37 100
389 6 29 100
389 38 20 150
389 42 20 99
390 24 6 100
390 28 20 100
390 6 29 100
391 17 0 100
391 17 42 150
391 32 42 100
391 8 0 100
391 19 0 100
391 16 29 100
391 49 29 150
392 24 6 100
392 38 29 100
392 38 42 100
392 8 0 100
392 16 29 100
392 30 37 100
392 37 0 100
392 2 38 99
393 17 0 100
393 17 42 150
393 4 15 99
393 4 23 100
393 4 42 150
393 15 0 100
393 8 0 100
393 30 15 148
393 25 0 100
393 36 0 99
393 6 0 99
393 6 29 100
393 38 20 150
393 19 0 100
393 10 20 100
394 6 0 99
394 6 29 100
394 27 37 100
394 39 0 99
394 39 29 100
394 26 20 100
394 36 0 99
394 36 40 100
394 36 42 148
394 37 0 100
394 42 0 100
394 42 42 150
394 22 0 99
395 35 21 100
395 38 29 100
395 17 0 100
395 19 0 100
395 33 29 150
395 36 0 99
395 23 0 100
395 29 0 99
396 15 0 100
396 9 29 150
396 18 7 100
396 36 0 99
396 17 0 100
397 9 20 100
397 9 29 150
397 9 38 99
397 31 43 100
397 14 6 100
397 14 44 100
397 17 0 100
397 39 0 99
397 12 20 100
397 8 0 100
398 38 20 150
398 38 29 100
398 38 36 100
398 38 37 150
398 8 0 100
398 29 0 99
398 37 0 100
398 9 49 100
398 7 29 100
399 39 0 99
399 39 29 100
399 16 29 100
399 37 0 100
399 19 0 100
399 42 0 100
399 42 37 100
399 15 0 100
399 29 0 99
399 6 0 99
399 23 0 100
399 4 6 100
400 6 0 99
400 6 29 100
400 19 0 100
400 17 0 100
400 18 34 99
400 7 29 100
400 42 0 100
400 36 0 99
400 36 36 100
401 4 6 100
401 47 29 150
401 12 37 99
401 42 0 100
402 19 0 100
402 8 0 100
402 15 0 100
402 46 0 100
402 26 20 100
402 39 0 99
402 39 29 100
402 6 29 100
403 20 3 100
403 20 40 99
403 19 21 99
403 44 29 100
403 12 20 100
403 38 20 150
403 40 20 100
403 40 28 100
403 47 20 150
404 48 29 150
404 41 6 100
404 47 20 150
404 47 29 150
404 43 38 99
405 16 29 100
406 16 29 100
406 28 28 100
406 49 29 150
406 27 34 99
406 24 6 100
407 46 7 100
407 16 29 100
407 38 20 150
407 38 36 100
407 28 20 100
408 9 20 100
408 9 29 150
408 40 6 100
408 6 29 100
409 43 16 100
409 30 28 100
409 49 29 150
410 42 29 148
410 35 21 100
411 26 6 150
411 38 29 100
411 47 29 150
412 38 20 150
412 38 29 100
412 47 20 150
413 39 29 100
413 34 37 99
413 9 29 150
413 10 42 100
413 18 34 99
413 16 42 150
414 4 6 100
414 29 36 150
414 42 29 148
414 46 21 100
414 17 40 100
414 41 42 99
415 25 49 100
415 47 29 150
415 34 15 150
415 14 6 100
415 22 15 150
416 9 29 150
416 15 42 99
416 10 42 100
416 4 15 99
416 4 42 150
416 44 29 100
417 13 15 148
417 3 37 100
417 38 20 150
417 38 29 100
418 7 29 100
418 43 3 100
418 43 38 99
418 44 29 100
418 40 6 100
418 40 20 100
418 38 20 150
419 15 42 99
419 2 30 100
419 46 21 100
419 48 29 150
419 48 42 150
419 6 29 100
420 20 40 99
420 23 28 100
420 38 10 100
420 38 29 100
420 5 37 100
421 43 34 100
421 40 6 100
421 42 29 148
422 9 29 150
422 9 38 99
422 27 37 100
422 16 29 100
422 19 7 100
423 9 20 100
423 9 29 150
423 2 44 99
423 47 20 150
423 40 20 100
424 5 37 100
424 7 29 100
424 9 29 150
425 42 29 148
425 42 37 100
425 4 6 100
426 16 29 100
426 30 37 100
427 15 28 100
427 35 6 148
427 36 40 100
427 44 29 100
427 39 29 100
428 42 29 148
428 46 38 99
428 44 29 100
429 34 15 150
429 38 20 150
429 38 29 100
429 6 29 100
429 10 20 100
429 40 20 100
429 22 15 150
430 40 6 100
430 41 24 99
430 9 29 150
430 46 21 100
431 0 3 99
431 33 29 150
432 9 29 150
432 44 29 100
432 18 34 99
433 49 29 150
433 23 42 100
433 33 6 100
433 4 38 100
433 4 42 150
433 10 42 100
434 48 29 150
434 18 7 100
434 24 37 150
434 20 40 99
434 20 49 100
435 44 29 100
435 35 21 100
435 47 20 150
435 39 29 100
436 39 29 100
436 9 20 100
436 47 20 150
436 7 29 100
436 40 6 100
436 40 20 100
437 26 20 100
437 33 29 150
437 27 37 100
437 47 20 150
437 9 20 100
437 10 20 100
437 42 20 99
438 5 36 150
438 41 6 100
438 38 29 100
439 45 38 100
439 34 37 99
439 7 29 100
439 38 29 100
439 43 43 100
439 20 40 99
440 39 29 100
440 48 29 150
440 4 15 99
440 13 15 148
440 43 34 100
441 20 7 100
441 0 36 100
441 39 29 100
441 6 29 100
442 48 29 150
442 14 6 100
442 30 28 100
442 30 37 100
443 43 16 100
443 33 29 150
444 42 6 150
444 42 29 148
444 7 29 100
445 41 42 99
445 38 20 150
445 38 22 100
445 38 29 100
445 38 42 100
445 12 20 100
445 42 20 99
445 42 42 150
446 28 28 100
446 6 29 100
446 38 29 100
447 4 3 100
447 42 20 99
447 42 29 148
447 42 37 100
447 16 29 100
447 26 20 100
447 47 20 150
448 33 29 150
448 27 34 99
448 27 37 100
448 23 40 99
449 27 36 150
449 16 29 100
449 46 6 150
449 46 21 100
449 44 29 100
450 16 29 100
450 11 37 100
451 39 29 100
451 47 23 99
451 47 29 150
451 47 49 100
451 46 38 99
451 4 6 100
452 47 29 150
452 30 48 99
453 48 29 150
453 7 29 100
453 9 20 100
453 28 20 100
453 20 7 100
453 38 20 150
454 45 38 100
454 7 29 100
454 6 29 100
454 35 21 100
455 41 6 100
455 2 15 100
455 49 29 150
455 49 37 100
455 17 40 100
455 43 15 148
456 26 20 100
456 44 29 100
456 9 20 100
456 29 15 100
456 39 29 100
457 38 20 150
457 38 29 100
457 38 42 100
457 15 42 99
457 23 42 100
457 33 6 100
457 28 15 150
457 28 37 99
457 4 15 99
458 15 28 100
458 9 29 150
458 40 6 100
459 47 29 150
459 39 29 100
459 43 34 100
460 2 3 100
460 41 6 100
460 6 29 100
460 39 29 100
461 8 16 100
461 16 29 100
461 10 10 100
462 45 38 100
462 18 7 100
462 37 44 100
462 10 20 100
462 47 20 150
462 47 29 150
462 40 20 100
463 16 29 100
463 7 29 100
463 4 6 100
463 6 29 100
464 25 37 150
464 42 29 148
465 1 36 99
465 42 20 99
465 42 29 148
465 42 37 100
465 9 20 100
465 12 20 100
466 49 29 150
466 43 38 99
466 2 15 100
466 40 6 100
466 40 20 100
466 12 20 100
466 35 21 100
466 39 29 100
466 9 20 100
466 26 20 100
467 4 6 100
467 9 29 150
468 48 29 150
468 9 20 100
468 34 37 99
468 20 40 99
469 38 20 150
469 38 29 100
469 38 36 100
469 49 29 150
469 28 20 100
469 47 20 150
469 43 34 100
470 47 20 150
470 47 29 150
470 47 49 100
470 0 28 99
470 28 20 100
471 37 36 100
471 34 37 99
471 38 20 150
471 38 29 100
471 41 6 100
471 41 24 99
471 40 20 100
471 39 29 100
472 48 29 150
472 9 20 100
472 12 20 100
472 40 20 100
473 44 29 100
473 11 37 100
473 6 29 100
473 12 20 100
474 39 29 100
474 13 28 100
474 40 6 100
474 4 3 100
474 6 29 100
474 46 21 100
475 27 37 100
475 16 29 100
475 40 6 100
476 7 29 100
476 7 34 100
476 40 20 100
476 20 7 100
476 39 29 100
476 28 20 100
476 10 20 100
477 10 20 100
477 7 29 100
477 1 36 99
477 28 20 100
477 42 20 99
477 6 29 100
477 12 20 100
478 36 40 100
478 4 6 100
478 4 38 100
478 39 29 100
478 44 29 100
478 34 37 99
479 33 29 150
480 23 28 100
480 38 7 99
480 38 29 100
481 47 29 150
481 42 29 148
481 42 37 100
481 14 6 100
482 33 29 150
482 3 37 100
483 4 6 100
483 44 29 100
483 43 34 100
483 43 36 148
483 26 44 100
484 25 38 100
484 6 29 100
484 34 37 99
484 9 29 150
485 4 6 100
485 48 29 150
485 45 16 99
486 35 21 100
486 30 15 148
486 33 29 150
486 9 20 100
486 16 29 100
487 29 15 100
487 29 43 100
487 40 20 100
487 48 29 150
487 12 20 100
487 26 20 100
487 42 20 99
487 36 40 100
487 47 20 150
488 42 29 148
488 4 6 100
488 25 49 100
489 16 29 100
489 39 29 100
489 38 7 99
489 26 28 100
490 6 29 100
490 14 6 100
490 11 37 100
490 32 36 150
490 20 3 100
490 7 29 100
491 43 34 100
491 48 29 150
491 38 29 100
492 40 6 100
492 7 29 100
492 36 37 150
493 49 29 150
493 10 20 100
493 19 30 100
493 38 20 150
493 38 29 100
493 26 20 100
494 26 20 100
494 44 29 100
494 30 40 100
494 38 20 150
494 45 38 100
494 42 20 99
495 48 29 150
495 20 23 100
495 33 6 100
495 0 28 99
495 16 29 100
495 47 20 150
495 40 20 100
496 19 7 100
496 19 21 99
496 38 20 150
496 38 29 100
496 16 29 100
496 29 15 100
496 29 37 100
496 34 15 150
497 40 6 100
497 6 29 100
498 38 29 100
498 42 29 148
498 42 37 100
499 30 37 100
499 37 22 99
499 33 29 150
500 42 6 150
500 42 29 148
500 42 37 100
500 28 40 100
501 25 38 100
501 16 29 100
501 27 37 100
501 49 29 150
502 29 37 100
502 27 34 99
502 47 29 150
503 34 37 99
503 49 29 150
504 48 29 150
504 33 6 100
504 34 3 100
504 42 20 99
504 40 20 100
504 47 20 150
505 30 37 100
505 39 29 100
505 33 29 150
505 10 20 100
505 49 49 100
505 42 20 99
505 12 20 100
505 20 7 100
506 26 20 100
506 26 36 100
506 17 37 148
506 17 40 100
506 40 20 100
506 49 29 150
506 10 20 100
507 6 29 100
507 43 38 99
507 9 20 100
507 38 29 100
507 5 37 100
508 16 29 100
508 16 42 150
508 1 36 99
508 36 42 148
508 39 29 100
508 40 6 100
509 8 16 100
509 44 29 100
509 14 48 99
510 33 6 100
510 33 29 150
510 48 29 150
511 27 37 100
511 33 29 150
511 37 36 100
511 14 1 100
511 23 1 150
511 18 7 100
511 26 20 100
512 39 29 100
512 16 29 100
512 1 1 99
512 26 20 100
512 26 28 100
512 42 20 99
512 18 34 99
513 14 6 100
513 36 40 100
513 6 29 100
513 28 37 99
514 5 37 100
514 44 29 100
515 12 20 100
515 33 6 100
515 33 29 150
515 40 20 100
515 38 20 150
515 38 29 100
515 4 38 100
515 19 21 99
515 6 29 100
516 32 42 100
516 39 29 100
516 36 42 148
516 29 37 100
517 15 42 99
517 29 37 100
517 6 29 100
517 9 29 150
517 24 6 100
518 4 38 100
518 3 37 100
518 6 29 100
519 16 29 100
519 12 37 99
519 24 6 100
519 39 29 100
520 23 42 100
520 7 29 100
520 9 29 150
520 38 36 100
520 38 42 100
520 16 42 150
521 49 29 150
521 4 3 100
521 4 6 100
522 30 28 100
522 48 29 150
523 38 29 100
523 38 37 150
523 9 49 100
523 20 40 99
523 16 29 100
524 30 28 100
524 33 6 100
524 33 29 150
525 6 29 100
525 43 34 100
525 19 7 100
525 33 29 150
526 10 42 100
526 9 29 150
526 41 42 99
526 42 42 150
527 9 20 100
527 9 29 150
527 15 28 100
527 15 42 99
527 34 37 99
527 38 20 150
527 38 42 100
527 19 21 99
528 35 6 148
528 47 20 150
528 47 29 150
528 47 42 100
528 23 0 100
528 39 0 99
528 39 43 100
528 19 0 100
529 49 29 150
529 42 0 100
529 44 29 100
529 6 0 99
530 5 37 100
530 15 0 100
530 38 29 100
530 8 0 100
530 37 0 100
530 41 6 100
531 49 29 150
531 7 29 100
531 8 0 100
531 45 38 100
531 15 0 100
531 29 0 99
531 46 0 100
531 22 0 99
531 6 0 99
532 14 6 100
532 29 0 99
532 28 40 100
532 9 29 150
532 39 0 99
532 6 0 99
532 22 0 99
532 43 16 100
532 42 0 100
532 19 0 100
533 36 0 99
533 23 0 100
533 8 0 100
533 37 0 100
533 22 0 99
533 16 29 100
533 12 20 100
533 46 0 100
534 15 0 100
534 15 28 100
534 15 42 99
534 33 29 150
534 44 29 100
534 12 20 100
534 12 37 99
534 17 0 100
534 17 42 150
534 29 0 99
534 36 0 99
534 46 0 100
534 42 0 100
534 42 20 99
534 14 34 99
534 25 0 100
535 48 29 150
535 12 37 99
535 33 6 100
535 9 38 99
535 8 0 100
535 17 0 100
535 37 0 100
536 25 0 100
536 16 29 100
536 7 29 100
536 44 29 100
536 40 20 100
536 12 20 100
536 35 21 100
536 10 20 100
536 10 42 100
536 26 20 100
537 43 36 148
537 10 42 100
537 36 0 99
537 36 42 148
537 29 0 99
537 33 29 150
537 22 0 99
537 37 0 100
537 8 0 100
538 6 0 99
538 6 29 100
538 16 3 100
538 16 29 100
538 14 6 100
538 17 0 100
538 37 0 100
538 25 0 100
538 8 0 100
539 0 36 100
539 41 42 99
539 7 29 100
539 6 0 99
539 6 29 100
539 37 0 100
539 36 0 99
539 36 42 148
539 19 0 100
540 32 42 100
540 46 7 100
540 46 21 100
540 20 49 100
540 6 29 100
541 41 6 100
541 13 15 148
541 49 29 150
541 4 15 99
541 37 0 100
541 25 0 100
541 47 29 150
541 19 0 100
541 17 0 100
542 23 0 100
542 49 29 150
542 25 0 100
542 36 0 99
542 36 36 100
542 17 0 100
542 22 0 99
542 8 0 100
542 7 15 100
542 42 0 100
542 42 20 99
543 35 6 148
543 49 29 150
543 15 0 100
543 29 0 99
543 19 0 100
543 34 44 100
544 45 38 100
544 28 20 100
544 23 0 100
544 46 0 100
544 46 21 100
544 27 34 99
544 25 0 100
544 29 0 99
544 29 23 100
544 7 29 100
544 19 0 100
544 22 0 99
545 37 0 100
545 37 36 100
545 48 29 150
545 41 6 100
545 47 20 150
545 47 29 150
545 6 0 99
545 20 40 99
545 28 37 99
545 39 0 99
545 25 0 100
546 41 36 100
546 23 0 100
546 46 0 100
546 36 0 99
546 19 0 100
546 12 37 99
546 47 29 150
546 22 0 99
547 22 0 99
547 25 0 100
547 26 6 150
547 49 29 150
547 19 0 100
548 33 29 150
548 17 0 100
548 17 42 150
548 15 0 100
548 15 42 99
548 8 0 100
548 32 42 100
548 28 37 99
548 6 0 99
548 6 29 100
549 48 29 150
549 29 0 99
549 22 0 99
549 23 0 100
550 22 0 99
550 5 37 100
550 15 0 100
550 15 28 100
550 9 10 100
550 9 20 100
550 9 29 150
550 42 0 100
550 42 20 99
550 28 20 100
550 4 6 100
551 23 0 100
551 20 30 100
551 38 20 150
551 38 29 100
551 7 29 100
551 42 0 100
551 42 20 99
551 37 0 100
551 6 0 99
551 39 0 99
551 26 20 100
552 43 38 99
552 8 0 100
552 37 0 100
552 33 29 150
552 15 0 100
552 19 0 100
552 6 0 99
552 36 0 99
553 3 36 148
553 3 37 100
553 48 29 150
553 22 0 99
553 24 3 100
553 24 6 100
553 6 0 99
553 6 29 100
553 39 0 99
553 7 34 100
553 25 0 100
554 46 0 100
554 46 7 100
554 46 21 100
554 38 29 100
554 20 40 99
554 22 0 99
555 37 0 100
555 15 0 100
555 49 29 150
555 39 0 99
555 39 29 100
555 8 0 100
556 37 0 100
556 9 29 150
556 29 0 99
556 17 0 100
556 8 0 100
556 19 0 100
556 40 6 100
556 6 0 99
557 19 0 100
557 49 29 150
557 49 37 100
557 6 0 99
557 42 0 100
557 46 0 100
557 14 6 100
558 7 29 100
558 7 49 100
558 25 0 100
558 25 38 100
558 20 7 100
558 48 29 150
558 10 22 100
558 23 0 100
559 22 0 99
559 8 0 100
559 7 29 100
559 12 20 100
559 12 37 99
559 25 0 100
559 17 0 100
559 29 0 99
559 15 0 100
560 12 20 100
560 12 37 99
560 29 0 99
560 33 29 150
560 37 0 100
560 46 0 100
560 22 0 99
560 39 0 99
560 39 29 100
560 28 20 100
560 40 20 100
560 42 0 100
560 42 20 99
561 49 29 150
561 49 37 100
561 15 0 100
561 27 36 150
561 41 6 100
561 41 24 99
561 10 20 100
561 26 20 100
562 25 0 100
562 46 0 100
562 47 20 150
562 47 29 150
562 47 42 100
562 16 42 150
562 23 0 100
562 23 42 100
562 19 0 100
562 40 20 100
562 38 20 150
563 44 29 100
563 3 37 100
563 36 0 99
563 6 0 99
563 6 29 100
563 15 0 100
563 22 0 99
564 26 20 100
564 8 0 100
564 36 0 99
564 36 40 100
564 43 38 99
564 4 6 100
564 19 0 100
564 19 21 99
564 12 20 100
564 16 29 100
564 44 29 100
564 29 0 99
565 9 20 100
565 9 29 150
565 36 0 99
565 27 34 99
565 19 0 100
565 28 20 100
565 46 0 100
566 43 15 148
566 43 43 100
566 6 29 100
566 41 6 100
566 44 29 100
566 28 20 100
566 7 15 100
566 38 20 150
567 44 29 100
567 23 28 100
568 12 20 100
568 16 29 100
568 42 20 99
568 42 29 148
569 29 3 100
569 29 36 150
569 38 7 99
569 38 20 150
569 38 29 100
569 39 29 100
570 48 29 150
570 4 6 100
570 47 20 150
570 38 20 150
570 28 20 100
570 19 21 99
571 42 29 148
571 42 37 100
571 38 29 100
571 17 40 100
572 7 23 100
572 7 29 100
572 24 6 100
572 36 36 100
573 11 37 100
573 28 20 100
573 10 10 100
573 10 20 100
573 49 29 150
573 6 29 100
573 42 20 99
574 16 29 100
574 35 6 148
574 0 28 99
575 26 36 100
575 49 29 150
575 35 21 100
575 16 29 100
576 16 29 100
576 38 20 150
576 38 29 100
576 38 36 100
576 26 20 100
576 28 20 100
577 37 36 100
577 46 6 150
577 20 49 100
578 12 20 100
578 39 29 100
578 6 29 100
578 23 42 100
579 26 20 100
579 10 20 100
579 10 42 100
579 40 20 100
579 39 29 100
579 18 7 100
579 38 20 150
579 38 29 100
579 38 42 100
579 12 20 100
580 17 42 150
580 0 46 100
580 10 20 100
580 10 42 100
580 38 20 150
580 38 29 100
580 38 42 100
580 35 21 100
580 35 46 100
580 23 46 100
580 6 29 100
580 20 46 150
580 40 20 100
581 9 20 100
581 9 29 150
581 42 37 100
581 30 40 100
581 30 46 100
581 30 48 99
581 16 29 100
582 8 2 100
582 40 20 100
582 14 34 99
582 4 42 150
582 23 42 100
582 42 20 99
582 42 29 148
582 38 20 150
583 25 1 148
583 25 37 150
583 26 20 100
583 8 1 148
583 12 20 100
583 49 29 150
583 1 1 99
583 9 20 100
584 7 29 100
584 1 36 99
584 40 20 100
584 38 10 100
584 38 20 150
584 38 29 100
584 44 29 100
584 42 20 99
585 9 20 100
585 9 29 150
585 32 42 100
585 43 36 148
585 42 20 99
585 42 42 150
585 40 20 100
585 34 37 99
586 6 29 100
586 10 20 100
586 10 42 100
586 42 29 148
586 24 3 100
587 1 36 99
587 49 29 150
587 15 42 99
587 28 40 100
588 9 29 150
588 30 37 100
588 6 29 100
588 23 42 100
588 16 42 150
588 36 36 100
588 36 42 148
588 37 22 99
589 39 29 100
589 44 29 100
589 45 16 99
589 7 23 100
589 4 42 150
589 15 42 99
590 14 48 99
590 20 7 100
590 42 29 148
590 42 42 150
590 1 36 99
590 41 42 99
591 33 29 150
591 16 29 100
591 16 42 150
591 47 42 100
591 34 37 99
592 12 37 99
592 28 40 100
592 9 29 150
592 13 36 150
592 39 29 100
592 32 42 100
593 44 29 100
593 42 20 99
593 42 37 100
593 12 20 100
593 47 20 150
593 13 28 100
593 16 29 100
593 10 24 100
594 29 37 100
594 16 29 100
594 16 42 150
594 47 20 150
594 47 29 150
594 47 42 100
594 9 20 100
594 12 20 100
595 49 29 150
595 40 20 100
595 12 20 100
596 26 20 100
596 47 29 150
596 10 10 100
596 27 34 99
596 25 0 100
596 36 0 99
596 19 0 100
596 19 21 99
596 37 0 100
596 17 0 100
597 25 0 100
597 25 37 150
597 39 0 99
597 39 29 100
597 23 0 100
597 23 40 99
597 28 20 100
597 9 20 100
597 37 0 100
597 37 36 100
597 26 20 100
597 17 0 100
597 8 0 100
597 40 20 100
597 19 0 100
597 19 7 100
598 26 16 100
598 26 36 100
598 43 43 100
598 8 0 100
598 38 29 100
598 15 0 100
598 6 0 99
598 6 29 100
599 6 0 99
599 4 3 100
599 4 42 150
599 19 0 100
599 39 0 99
599 41 36 100
599 41 42 99
599 25 0 100
600 25 0 100
600 10 20 100
600 10 42 100
600 27 37 100
600 16 29 100
600 39 0 99
600 39 29 100
600 28 20 100
600 42 0 100
600 42 20 99
600 38 36 100
601 43 34 100
601 43 38 99
601 46 0 100
601 19 0 100
601 15 0 100
601 9 29 150
601 25 0 100
601 7 29 100
601 5 37 100
601 36 0 99
601 39 0 99
602 38 29 100
602 38 42 100
602 16 29 100
602 16 42 150
602 41 42 99
602 30 37 100
602 23 0 100
602 6 0 99
602 42 0 100
602 36 0 99
602 15 0 100
603 39 0 99
603 39 29 100
603 46 0 100
603 19 0 100
603 44 29 100
603 23 0 100
603 23 40 99
604 33 29 150
604 38 36 100
604 10 24 100
604 20 49 100
604 37 0 100
604 46 0 100
604 39 0 99
604 29 0 99
605 15 0 100
605 19 0 100
605 19 7 100
605 10 10 100
605 10 20 100
605 6 0 99
605 6 29 100
605 12 20 100
605 12 37 99
605 40 20 100
605 46 0 100
605 26 20 100
605 8 0 100
606 23 0 100
606 36 0 99
606 6 0 99
606 29 0 99
607 6 0 99
607 6 29 100
607 39 29 100
608 17 40 100
608 42 20 99
608 42 29 148
608 44 29 100
608 19 21 99
608 28 20 100
609 0 36 100
609 0 37 150
609 9 20 100
609 9 29 150
609 8 23 100
609 38 42 100
609 47 42 100
610 42 20 99
610 42 29 148
610 42 42 150
610 22 7 100
610 10 10 100
610 10 20 100
610 16 29 100
610 26 20 100
610 17 27 100
611 47 16 99
611 47 29 150
611 26 20 100
611 43 3 100
611 16 29 100
612 9 29 150
613 43 34 100
613 9 20 100
613 9 24 100
613 28 20 100
613 0 36 100
613 10 20 100
614 33 29 150
614 10 22 100
614 7 15 100
614 7 29 100
614 0 38 100
614 36 40 100
615 10 20 100
615 26 20 100
615 26 36 100
615 42 20 99
615 42 29 148
615 12 20 100
616 28 20 100
616 33 29 150
616 18 7 100
616 6 29 100
616 38 20 150
616 38 42 100
616 32 42 100
616 41 2 99
616 41 42 99
617 44 29 100
617 38 29 100
617 16 3 100
617 28 20 100
618 39 29 100
618 49 29 150
618 19 7 100
618 19 21 99
619 8 46 100
619 13 46 100
619 16 29 100
619 7 29 100
619 9 20 100
619 40 20 100
619 28 20 100
619 28 40 100
620 0 3 99
620 0 38 100
620 0 46 100
620 33 29 150
620 49 27 100
620 23 46 100
621 35 46 100
621 29 23 100
621 47 20 150
621 47 29 150
621 20 46 150
621 12 20 100
621 38 20 150
621 38 29 100
622 7 29 100
622 15 48 100
622 44 29 100
623 15 42 99
623 16 29 100
623 16 42 150
623 34 37 99
623 34 44 100
623 26 36 100
623 23 42 100
623 7 29 100
624 49 29 150
624 49 37 100
624 37 36 100
624 6 29 100
624 38 10 100
625 5 37 100
625 39 29 100
625 36 36 100
625 46 7 100
626 28 37 99
626 28 40 100
626 15 48 100
626 16 29 100
626 48 29 150
627 26 20 100
627 47 20 150
627 47 29 150
627 18 7 100
627 10 20 100
627 16 29 100
628 28 20 100
628 47 16 99
628 47 20 150
628 47 29 150
628 40 20 100
629 26 20 100
629 7 29 100
629 9 20 100
629 9 24 100
629 9 29 150
629 12 20 100
630 19 21 99
630 37 9 99
630 27 9 99
630 27 34 99
630 33 29 150
631 43 38 99
631 17 42 150
631 29 37 100
631 23 42 100
631 9 20 100
631 9 29 150
632 6 29 100
632 30 37 100
632 28 20 100
632 10 20 100
632 19 7 100
632 37 36 100
633 15 42 99
633 4 42 150
633 17 40 100
633 17 42 150
633 38 10 100
633 38 20 150
633 38 29 100
633 39 29 100
633 11 37 100
633 28 20 100
633 10 20 100
634 39 29 100
634 11 37 100
634 28 20 100
634 16 29 100
634 40 20 100
634 49 29 150
634 42 20 99
634 47 20 150
635 16 29 100
635 16 42 150
635 7 29 100
635 7 49 100
635 42 20 99
635 42 29 148
635 42 42 150
635 0 28 99
635 10 20 100
636 30 37 100
636 26 20 100
636 47 20 150
636 47 29 150
636 38 20 150
637 22 7 100
637 41 36 100
637 39 29 100
637 16 29 100
637 9 20 100
637 37 22 99
638 41 36 100
638 38 20 150
638 38 29 100
638 40 20 100
638 44 29 100
638 20 40 99
639 10 20 100
639 5 37 100
639 48 29 150
639 39 29 100
640 10 10 100
640 10 20 100
640 10 42 100
640 18 34 99
640 44 29 100
640 39 29 100
640 36 36 100
640 36 42 148
640 47 20 150
640 47 42 100
640 28 20 100
641 10 42 100
641 44 29 100
641 1 27 100
641 48 42 150
641 43 3 100
641 43 38 99
641 43 43 100
641 0 37 150
641 39 29 100
642 15 16 100
642 15 48 100
642 42 29 148
643 38 7 99
643 38 29 100
643 38 36 100
643 5 37 100
643 39 29 100
644 38 29 100
644 38 36 100
644 16 29 100
644 39 29 100
644 23 40 99
645 17 0 100
645 11 37 100
645 16 29 100
645 42 0 100
645 37 0 100
645 22 0 99
645 15 0 100
646 46 0 100
646 30 48 99
646 9 24 100
646 9 29 150
646 36 0 99
646 36 36 100
646 7 29 100
646 29 0 99
646 6 0 99
646 22 0 99
647 6 0 99
647 6 29 100
647 5 9 100
647 5 37 100
647 36 0 99
647 36 42 148
647 47 29 150
647 47 42 100
647 32 42 100
647 8 0 100
647 29 0 99
648 47 20 150
648 47 29 150
648 23 0 100
648 9 10 100
648 9 20 100
648 39 0 99
648 6 0 99
648 46 0 100
649 33 29 150
649 44 29 100
649 8 0 100
649 10 20 100
649 20 7 100
649 37 0 100
649 46 0 100
650 10 20 100
650 40 20 100
650 40 28 100
650 9 20 100
650 9 29 150
650 19 0 100
650 20 40 99
650 42 0 100
650 38 36 100
650 25 0 100
650 17 0 100
650 23 0 100
651 27 34 99
651 6 0 99
651 6 29 100
651 25 0 100
651 15 0 100
651 3 36 148
651 19 0 100
651 37 0 100
651 39 0 99
651 39 29 100
652 4 23 100
652 39 0 99
652 39 29 100
652 17 0 100
652 22 0 99
652 22 7 100
652 48 29 150
652 30 37 100
652 42 0 100
652 37 0 100
653 4 15 99
653 4 42 150
653 30 15 148
653 30 37 100
653 9 29 150
653 25 0 100
653 44 29 100
653 41 42 99
653 10 42 100
653 17 0 100
653 35 21 100
653 29 0 99
653 46 0 100
654 8 0 100
654 36 0 99
654 19 0 100
654 5 37 100
654 42 0 100
654 42 29 148
654 37 0 100
655 17 0 100
655 17 42 150
655 25 0 100
655 33 29 150
655 14 48 99
655 4 42 150
655 47 29 150
655 8 0 100
656 20 40 99
656 36 0 99
656 39 0 99
656 39 29 100
656 44 29 100
656 27 34 99
657 48 29 150
657 30 48 99
658 9 24 100
658 9 29 150
658 24 37 150
658 39 29 100
659 3 37 100
659 3 49 100
659 25 38 100
659 39 29 100
659 9 29 150
660 10 20 100
660 47 20 150
660 47 29 150
660 13 36 150
660 12 20 100
660 12 37 99
661 0 16 100
661 23 40 99
661 16 29 100
661 26 20 100
661 28 20 100
661 47 20 150
662 33 29 150
662 38 29 100
662 38 42 100
662 49 37 100
662 10 42 100
662 7 29 100
662 36 42 148
663 15 42 99
663 41 42 99
663 23 42 100
664 45 15 150
664 44 29 100
664 6 29 100
664 30 15 148
664 22 7 100
665 5 37 100
665 38 22 100
665 16 3 100
666 23 42 100
666 9 29 150
666 6 29 100
666 42 37 100
666 42 42 150
666 47 42 100
667 27 37 100
667 16 29 100
667 16 42 150
667 0 38 100
667 20 40 99
667 19 21 99
667 48 29 150
667 48 42 150
667 36 10 100
667 26 20 100
667 47 20 150
668 34 37 99
668 28 20 100
668 47 29 150
668 14 48 99
669 44 29 100
669 20 23 100
669 17 42 150
669 26 20 100
669 23 1 150
669 23 42 100
669 14 1 100
669 10 1 99
669 10 20 100
669 10 42 100
669 9 2 99
669 9 20 100
669 9 29 150
670 10 1 99
670 10 10 100
670 10 20 100
670 10 42 100
670 49 29 150
670 17 42 150
671 18 34 99
671 44 29 100
671 15 42 99
671 36 42 148
671 6 29 100
671 38 29 100
671 38 42 100
672 47 20 150
672 47 29 150
672 29 37 100
672 17 40 100
672 46 7 100
673 15 48 100
673 39 29 100
673 7 29 100
674 22 7 100
674 26 20 100
674 7 29 100
674 44 29 100
674 38 10 100
674 38 20 150
674 30 2 100
675 49 29 150
675 25 38 100
675 12 20 100
675 32 42 100
675 26 20 100
675 16 29 100
675 16 42 150
675 17 42 150
675 42 20 99
676 48 29 150
676 24 37 150
676 9 20 100
676 9 24 100
676 32 36 150
676 42 20 99
676 26 20 100
677 49 29 150
677 49 37 100
677 0 28 99
677 39 29 100
677 26 20 100
677 40 20 100
677 18 30 99
678 24 46 150
678 40 20 100
678 30 37 100
678 30 46 100
678 33 29 150
678 6 29 100
678 13 46 100
678 10 20 100
679 36 40 100
679 36 46 100
679 49 27 100
679 49 29 150
679 35 46 100
679 46 7 100
680 42 29 148
680 1 36 99
680 38 9 150
680 38 29 100
681 45 16 99
681 6 29 100
681 16 29 100
681 4 23 100
682 26 20 100
682 26 36 100
682 28 20 100
682 16 29 100
682 39 29 100
682 12 20 100
683 17 42 150
683 47 42 100
683 5 9 100
684 49 29 150
684 49 37 100
684 6 29 100
684 38 20 150
684 38 36 100
684 30 40 100
684 47 20 150
684 35 21 100
685 36 36 100
685 33 29 150
685 40 20 100
685 42 20 99
685 42 37 100
685 44 29 100
685 38 7 99
685 38 20 150
685 10 20 100
686 47 20 150
686 47 29 150
686 27 37 100
686 10 20 100
687 38 10 100
687 38 20 150
687 38 36 100
687 9 20 100
687 49 37 100
687 47 20 150
688 14 48 99
688 37 36 100
688 15 42 99
688 9 29 150
688 10 42 100
688 32 42 100
689 47 20 150
689 47 29 150
689 47 42 100
689 16 29 100
689 30 15 148
689 30 37 100
689 28 15 150
689 28 20 100
689 9 20 100
689 39 29 100
689 20 7 100
690 13 15 148
690 4 15 99
690 20 40 99
690 20 49 100
690 11 37 100
690 6 29 100
691 44 29 100
691 29 43 100
691 47 29 150
691 47 42 100
691 41 42 99
691 15 42 99
691 15 48 100
692 39 29 100
692 20 7 100
692 26 20 100
692 28 20 100
692 9 20 100
692 9 29 150
692 42 20 99
692 27 34 99
693 33 29 150
693 38 37 150
693 47 23 99
694 12 20 100
694 36 42 148
694 26 20 100
694 38 20 150
694 38 29 100
694 38 42 100
694 46 21 100
694 15 42 99
694 42 29 148
695 10 20 100
695 10 24 100
695 12 20 100
695 6 29 100
695 20 40 99
695 38 20 150
695 38 29 100
695 0 28 99
696 7 29 100
696 11 37 100
696 36 42 148
696 32 42 100
696 26 20 100
696 6 29 100
696 12 20 100
696 38 20 150
697 43 16 100
697 33 29 150
697 47 20 150
697 47 42 100
697 37 36 100
697 23 42 100
697 41 42 99
697 15 42 99
698 49 29 150
698 44 29 100
698 28 20 100
698 38 10 100
698 38 42 100
698 15 42 99
698 15 48 100
698 47 42 100
698 40 20 100
699 6 29 100
699 33 29 150
699 29 37 100
699 27 2 100
699 28 20 100
699 32 42 100
699 47 20 150
699 47 42 100
699 4 42 150
700 34 37 99
700 26 20 100
700 39 29 100
700 28 20 100
700 9 20 100
700 48 42 150
700 41 42 99
701 27 36 150
701 27 39 99
701 48 29 150
701 42 20 99
701 42 29 148
701 30 40 100
702 49 29 150
702 49 37 100
702 38 7 99
702 38 20 150
702 38 22 100
702 28 20 100
703 32 36 150
703 44 29 100
703 29 37 100
703 28 20 100
703 33 29 150
703 47 20 150
703 12 20 100
704 4 3 100
704 26 20 100
704 26 36 100
704 16 29 100
704 18 7 100
704 39 29 100
705 49 29 150
705 49 37 100
705 40 20 100
705 10 20 100
705 10 42 100
705 42 20 99
705 42 42 150
705 28 20 100
705 39 29 100
705 15 42 99
706 16 29 100
706 42 37 100
706 20 40 99
706 1 36 99
706 44 29 100
707 47 20 150
707 47 29 150
707 27 37 100
707 43 38 99
707 40 20 100
707 42 20 99
708 38 20 150
708 38 29 100
708 38 36 100
708 38 42 100
708 7 29 100
708 36 42 148
708 10 20 100
708 10 42 100
708 26 20 100
709 47 20 150
709 47 23 99
709 47 29 150
709 10 20 100
709 38 29 100
709 38 36 100
709 42 20 99
710 42 29 148
710 42 37 100
710 49 27 100
710 22 7 100
710 15 48 100
710 27 34 99
710 10 10 100
711 24 37 150
711 42 20 99
711 42 29 148
711 6 29 100
711 10 20 100
712 5 37 100
712 44 29 100
712 12 20 100
712 49 29 150
712 32 42 100
712 47 42 100
712 4 42 150
713 9 20 100
713 9 29 150
713 40 20 100
713 40 28 100
713 7 29 100
714 47 20 150
714 47 29 150
714 41 36 100
714 17 40 100
714 18 7 100
714 42 37 100
715 42 37 100
715 6 29 100
716 12 20 100
716 47 20 150
716 47 29 150
716 47 42 100
716 41 42 99
716 10 20 100
716 10 42 100
716 48 46 100
716 30 46 100
717 30 46 100
717 43 38 99
717 12 20 100
717 6 29 100
717 6 49 99
717 23 46 100
717 24 46 150
717 47 20 150
717 47 29 150
717 38 20 150
718 33 16 100
718 33 29 150
718 28 40 100
718 4 3 100
718 39 29 100
718 8 46 100
718 9 10 100
718 9 24 100
718 14 34 99
719 39 29 100
719 41 36 100
719 41 42 99
719 30 37 100
719 44 29 100
719 16 42 150
719 23 42 100
720 3 37 100
720 47 29 150
721 17 42 150
721 47 29 150
721 47 42 100
721 46 21 100
721 44 29 100
721 30 37 100
722 12 20 100
722 16 29 100
722 7 29 100
722 10 20 100
722 38 20 150
723 33 29 150
723 3 37 100
723 41 36 100
723 14 48 99
724 19 7 100
724 28 20 100
724 28 40 100
724 0 36 100
724 26 20 100
724 9 20 100
724 9 29 150
724 7 29 100
725 23 28 100
725 23 42 100
725 6 29 100
725 16 29 100
725 16 42 150
725 42 20 99
725 42 42 150
725 2 44 99
725 40 20 100
725 38 20 150
726 3 37 100
726 7 29 100
726 39 29 100
726 4 3 100
727 47 29 150
727 18 34 99
727 0 37 150
727 16 29 100
728 10 20 100
728 10 24 100
728 44 29 100
728 33 29 150
728 42 20 99
728 28 20 100
729 44 29 100
729 7 29 100
729 32 36 150
729 38 7 99
729 40 20 100
730 44 29 100
730 27 37 100
730 16 29 100
731 5 37 100
731 16 29 100
731 23 40 99
731 38 29 100
732 26 20 100
732 42 20 99
732 42 29 148
732 2 38 99
732 38 20 150
733 33 16 100
733 16 29 100
734 44 29 100
734 22 7 100
734 9 29 150
734 7 23 100
734 43 36 148
734 14 48 99
735 34 3 100
735 44 29 100
736 6 29 100
736 9 10 100
736 9 29 150
736 8 16 100
737 33 29 150
737 16 29 100
737 28 20 100
737 28 40 100
737 10 20 100
737 10 24 100
738 11 37 100
738 14 34 99
738 25 49 100
738 42 20 99
738 42 29 148
738 1 36 99
738 40 20 100
739 10 20 100
739 16 29 100
739 19 7 100
739 42 20 99
739 42 29 148
739 42 37 100
739 2 15 100
739 26 20 100
740 45 15 150
740 45 38 100
740 47 29 150
740 29 15 100
741 48 29 150
741 48 46 100
741 38 29 100
741 3 37 100
741 15 48 100
742 35 46 100
742 8 46 100
742 47 29 150
742 47 42 100
742 32 36 150
742 32 42 100
742 44 29 100
743 13 46 100
743 48 29 150
743 48 46 100
743 10 42 100
743 23 40 99
743 23 46 100
743 28 37 99
743 20 7 100
744 11 37 100
744 48 29 150
744 48 42 150
744 6 29 100
744 23 42 100
744 41 42 99
745 10 10 100
745 10 42 100
745 6 29 100
745 38 29 100
745 38 36 100
745 38 42 100
745 24 43 100
745 47 42 100
746 1 27 100
746 8 23 100
746 34 37 99
746 12 20 100
746 38 20 150
747 5 2 100
747 40 20 100
747 28 20 100
747 38 20 150
747 12 20 100
748 24 3 100
748 6 29 100
748 16 29 100
749 16 29 100
749 16 42 150
749 23 40 99
749 23 42 100
749 41 36 100
749 41 42 99
749 46 38 99
749 48 29 150
750 18 34 99
750 42 29 148
750 6 29 100
751 25 0 100
751 48 29 150
751 48 42 150
751 48 46 100
751 46 0 100
751 46 21 100
751 20 46 150
751 9 24 100
751 13 46 100
751 16 42 150
751 24 46 150
751 30 46 100
751 30 48 99
752 19 0 100
752 19 7 100
752 22 0 99
752 48 29 150
752 47 20 150
752 7 29 100
752 36 0 99
752 36 36 100
752 42 0 100
752 42 20 99
752 46 0 100
752 26 20 100
752 8 0 100
753 42 0 100
753 42 20 99
753 42 29 148
753 42 37 100
753 12 20 100
753 29 0 99
753 28 20 100
754 7 29 100
754 38 10 100
754 38 22 100
754 38 29 100
754 38 36 100
754 38 37 150
754 42 0 100
754 29 0 99
754 36 0 99
754 36 40 100
754 8 0 100
754 25 0 100
755 29 0 99
755 29 36 150
755 29 37 100
755 46 0 100
755 46 9 100
755 22 0 99
755 42 0 100
755 42 29 148
755 8 0 100
755 47 29 150
755 19 0 100
756 2 3 100
756 15 0 100
756 15 42 99
756 17 0 100
756 17 42 150
756 32 42 100
756 9 29 150
757 43 36 148
757 40 20 100
757 44 29 100
757 47 20 150
757 47 29 150
757 10 20 100
757 23 0 100
757 17 0 100
757 19 0 100
757 19 7 100
757 36 0 99
757 22 0 99
758 16 29 100
758 12 37 99
758 46 0 100
758 17 0 100
758 36 0 99
758 36 10 100
758 13 15 148
758 43 15 148
758 37 0 100
758 8 0 100
758 44 29 100
759 15 0 100
759 15 16 100
759 15 28 100
759 40 20 100
759 12 20 100
759 46 0 100
759 22 0 99
759 17 0 100
759 17 40 100
759 6 0 99
759 6 29 100
759 33 29 150
759 42 0 100
759 42 20 99
760 17 0 100
760 25 0 100
760 12 20 100
760 15 0 100
760 33 29 150
760 26 20 100
760 22 0 99
760 46 0 100
760 29 0 99
760 19 0 100
761 42 0 100
761 42 20 99
761 42 29 148
761 42 37 100
761 29 0 99
761 47 20 150
761 37 0 100
761 25 0 100
761 18 7 100
761 18 34 99
762 12 20 100
762 12 37 99
762 17 0 100
762 7 29 100
762 6 29 100
762 39 29 100
762 42 20 99
762 45 38 100
763 48 29 150
763 16 29 100
763 40 20 100
763 12 20 100
763 42 20 99
763 26 20 100
763 9 20 100
764 46 7 100
764 3 36 148
764 3 37 100
764 47 23 99
764 47 29 150
765 49 29 150
765 49 37 100
765 36 40 100
765 26 20 100
765 28 20 100
765 39 29 100
765 40 20 100
765 9 24 100
766 39 29 100
766 44 29 100
766 34 37 99
767 0 36 100
767 14 34 99
767 4 42 150
767 33 29 150
767 42 20 99
767 42 42 150
768 49 29 150
768 10 10 100
768 10 20 100
768 6 29 100
768 38 20 150
768 38 36 100
768 9 20 100
769 5 37 100
769 18 7 100
769 7 29 100
769 47 20 150
769 42 20 99
769 10 20 100
769 38 29 100
770 38 29 100
770 20 40 99
770 33 29 150
770 35 21 100
771 6 29 100
771 40 20 100
771 26 20 100
771 32 42 100
771 48 27 100
771 48 42 150
772 16 29 100
772 6 29 100
772 38 20 150
772 38 29 100
772 38 36 100
772 38 42 100
772 15 48 100
773 3 37 100
773 3 49 100
773 48 42 150
773 15 42 99
773 36 36 100
773 26 20 100
774 5 37 100
774 20 7 100
774 26 20 100
775 47 20 150
775 47 29 150
775 3 37 100
775 45 15 150
775 29 15 100
775 38 29 100
776 22 0 99
776 24 37 150
776 8 0 100
776 46 0 100
776 0 28 99
776 47 20 150
776 47 29 150
776 47 42 100
776 32 42 100
776 9 20 100
776 15 0 100
776 15 42 99
776 40 20 100
776 36 0 99
776 36 40 100
777 0 3 99
777 9 29 150
777 41 42 99
777 46 0 100
777 16 29 100
777 6 0 99
778 48 29 150
778 48 42 150
778 41 42 99
778 15 0 100
778 46 0 100
778 42 0 100
778 17 0 100
778 37 0 100
778 8 0 100
778 19 0 100
778 16 29 100
779 18 7 100
779 18 34 99
779 29 0 99
779 29 36 150
779 29 37 100
779 8 0 100
779 46 0 100
779 17 0 100
780 30 37 100
780 22 0 99
780 9 10 100
780 9 29 150
780 19 0 100
780 25 0 100
780 42 0 100
780 29 0 99
781 17 0 100
781 29 0 99
781 29 37 100
781 39 0 99
781 39 29 100
781 42 0 100
781 42 29 148
781 19 0 100
781 6 0 99
781 22 0 99
781 23 0 100
782 17 0 100
782 17 40 100
782 27 37 100
782 6 0 99
782 6 29 100
782 29 0 99
782 46 0 100
782 22 0 99
782 16 29 100
782 37 0 100
782 8 0 100
783 26 20 100
783 29 0 99
783 29 1 150
783 15 0 100
783 15 48 100
783 40 1 100
783 40 20 100
783 5 2 100
783 7 1 100
783 7 29 100
783 48 29 150
783 46 0 100
783 6 0 99
783 42 0 100
783 42 20 99
783 10 24 100
784 44 29 100
784 6 0 99
784 6 29 100
784 22 0 99
784 38 20 150
784 38 22 100
784 10 20 100
784 12 20 100
784 46 0 100
785 0 3 99
785 0 36 100
785 48 29 150
785 48 42 150
785 10 10 100
785 10 42 100
785 23 0 100
785 23 42 100
785 16 29 100
785 8 0 100
785 15 0 100
785 36 0 99
785 29 0 99
786 14 34 99
786 44 29 100
786 41 36 100
786 7 29 100
786 18 7 100
787 44 29 100
787 49 37 100
787 39 29 100
787 1 36 99
787 12 20 100
787 38 20 150
787 26 20 100
788 28 20 100
788 28 40 100
788 37 36 100
788 45 16 99
788 42 20 99
788 42 29 148
788 12 20 100
788 40 20 100
789 36 0 99
789 36 37 150
789 48 29 150
789 46 0 100
789 46 38 99
789 6 0 99
789 6 29 100
789 25 0 100
789 15 0 100
789 17 0 100
790 29 0 99
790 29 37 100
790 38 7 99
790 38 10 100
790 38 20 150
790 39 0 99
790 35 21 100
790 40 20 100
790 37 0 100
790 28 20 100
790 22 0 99
791 17 0 100
791 28 37 99
791 44 29 100
791 7 29 100
791 46 0 100
791 42 0 100
792 10 24 100
792 10 42 100
792 48 42 150
792 48 48 150
792 41 42 99
792 25 0 100
792 29 0 99
793 42 0 100
793 42 29 148
793 29 0 99
793 36 0 99
793 36 40 100
793 22 0 99
793 47 29 150
793 25 0 100
793 8 0 100
794 22 0 99
794 17 0 100
794 16 29 100
794 8 0 100
794 39 0 99
794 39 29 100
794 15 0 100
794 15 48 100
794 6 0 99
795 15 0 100
795 15 42 99
795 34 15 150
795 34 37 99
795 13 15 148
795 41 42 99
795 8 0 100
795 33 29 150
795 25 0 100
796 36 0 99
796 36 10 100
796 36 36 100
796 36 42 148
796 48 29 150
796 30 37 100
796 8 0 100
796 39 0 99
796 39 29 100
796 26 20 100
796 23 0 100
796 37 0 100
797 44 7 150
797 44 29 100
797 45 16 99
797 46 0 100
797 46 21 100
797 25 0 100
797 36 0 99
797 38 20 150
797 38 29 100
797 29 0 99
797 29 23 100
797 15 0 100
798 38 20 150
798 38 29 100
798 38 36 100
798 23 0 100
798 36 0 99
798 47 20 150
798 47 29 150
798 29 0 99
798 42 0 100
798 42 20 99
798 19 0 100
798 37 0 100
798 6 0 99
799 48 29 150
799 48 42 150
799 42 0 100
799 42 20 99
799 42 42 150
799 1 36 99
799 15 0 100
799 37 0 100
799 8 0 100
800 18 7 100
800 13 39 99
800 11 37 100
800 9 20 100
800 9 29 150
800 16 29 100
800 10 20 100
801 42 20 99
801 23 40 99
802 5 36 150
802 5 37 100
802 33 29 150
802 20 46 150
802 0 46 100
802 26 20 100
802 6 29 100
802 42 20 99
802 35 46 100
802 13 46 100
803 44 29 100
803 30 37 100
803 30 46 100
803 30 48 99
803 18 7 100
803 18 34 99
803 6 29 100
803 6 49 99
803 47 20 150
803 4 38 100
804 28 37 99
804 6 29 100
804 10 22 100
804 36 36 100
804 48 29 150
805 10 10 100
805 42 29 148
805 29 43 100
806 40 20 100
806 46 7 100
806 1 36 99
806 44 29 100
806 33 29 150
806 36 40 100
806 42 20 99
806 47 20 150
807 41 36 100
807 41 42 99
807 4 42 150
807 38 37 150
807 38 42 100
807 19 0 100
807 14 48 99
807 29 0 99
807 39 0 99
807 15 0 100
808 38 29 100
808 33 29 150
808 46 0 100
808 6 0 99
808 15 0 100
808 15 28 100
808 42 0 100
809 38 20 150
809 38 29 100
809 38 42 100
809 49 37 100
809 25 0 100
809 40 20 100
809 48 42 150
809 17 0 100
809 46 0 100
809 8 0 100
809 26 20 100
810 7 29 100
810 49 37 100
810 38 42 100
810 4 42 150
810 6 0 99
810 25 0 100
811 9 29 150
811 41 42 99
811 46 0 100
811 39 0 99
811 42 0 100
811 42 37 100
811 22 0 99
812 7 29 100
812 20 30 100
812 20 40 99
812 3 37 100
812 22 0 99
812 6 0 99
812 6 29 100
812 42 0 100
812 46 0 100
812 36 0 99
812 8 0 100
812 29 0 99
812 23 0 100
813 12 20 100
813 19 0 100
813 19 21 99
813 40 20 100
813 28 20 100
813 9 29 150
813 42 0 100
813 42 29 148
813 42 42 150
813 4 42 150
813 6 0 99
814 7 29 100
814 10 20 100
814 10 24 100
814 0 36 100
814 12 20 100
814 29 0 99
814 1 27 100
814 23 0 100
814 44 29 100
815 26 20 100
815 32 42 100
815 23 0 100
815 23 42 100
815 8 0 100
815 8 23 100
815 9 20 100
815 9 29 150
815 38 20 150
815 38 42 100
815 47 20 150
815 47 42 100
815 17 0 100
815 28 37 99
815 19 0 100
816 10 42 100
816 18 34 99
816 17 0 100
816 17 42 150
816 46 0 100
816 3 37 100
816 7 29 100
816 44 29 100
816 19 0 100
816 25 0 100
816 38 29 100
817 8 0 100
817 23 0 100
817 23 40 99
817 44 29 100
817 39 0 99
817 39 29 100
817 32 36 150
817 49 37 100
817 38 20 150
817 42 0 100
817 42 20 99
818 6 0 99
818 6 29 100
818 38 7 99
818 38 20 150
818 38 29 100
818 39 0 99
818 46 0 100
818 16 3 100
819 26 16 100
819 26 20 100
819 10 10 100
819 10 20 100
819 10 42 100
819 4 42 150
819 25 0 100
819 28 20 100
819 8 0 100
819 36 0 99
819 36 42 148
819 38 29 100
820 29 0 99
820 44 29 100
820 39 0 99
820 39 29 100
820 16 29 100
820 28 20 100
820 15 0 100
821 16 29 100
821 16 42 150
821 39 29 100
821 45 38 100
821 30 28 100
821 23 42 100
821 47 20 150
822 16 29 100
822 28 20 100
822 0 16 100
822 47 20 150
822 47 29 150
822 40 20 100
822 10 20 100
822 10 22 100
823 36 40 100
823 36 42 148
823 48 29 150
823 48 42 150
823 32 42 100
824 4 42 150
824 48 29 150
824 48 42 150
824 39 29 100
824 28 20 100
824 28 37 99
824 47 20 150
824 14 48 99
825 40 20 100
825 9 29 150
825 0 36 100
825 35 21 100
826 39 29 100
826 49 29 150
826 49 37 100
826 40 20 100
826 9 20 100
826 28 20 100
827 40 20 100
827 47 20 150
827 47 29 150
827 24 37 150
827 18 7 100
828 13 36 150
828 42 20 99
828 42 29 148
828 42 37 100
828 48 29 150
828 10 20 100
829 7 29 100
829 7 34 100
829 7 49 100
829 38 20 150
829 38 29 100
829 47 20 150
829 49 37 100
829 14 48 99
829 20 40 99
830 48 29 150
830 48 42 150
830 27 37 100
830 42 42 150
830 46 38 99
831 0 10 150
831 9 24 100
831 9 29 150
831 5 9 100
831 5 37 100
832 7 23 100
832 7 29 100
832 9 29 150
832 3 36 148
833 34 37 99
833 15 48 100
833 18 7 100
833 7 29 100
833 38 29 100
834 30 40 100
834 42 29 148
834 7 29 100
835 29 37 100
835 44 29 100
835 14 48 99
835 42 29 148
836 47 29 150
836 19 7 100
836 16 29 100
837 8 2 100
838 19 21 99
838 10 20 100
838 10 24 100
838 28 20 100
838 47 20 150
839 40 20 100
839 12 20 100
839 47 20 150
840 27 37 100
840 12 20 100
840 40 20 100
840 10 20 100
840 38 29 100
840 28 20 100
841 37 16 100
841 37 36 100
841 9 20 100
841 40 20 100
841 12 20 100
842 22 7 100
842 49 27 100
842 3 36 148
842 36 10 100
842 40 20 100
843 16 29 100
843 9 20 100
843 40 20 100
843 23 40 99
843 42 20 99
844 5 37 100
844 40 28 100
845 34 15 150
845 13 15 148
845 13 48 150
846 3 36 148
846 3 37 100
846 16 29 100
846 46 7 100
847 12 37 99
847 46 38 99
847 15 42 99
848 0 37 150
848 30 40 100
848 12 20 100
848 15 42 99
848 26 20 100
848 16 42 150
848 47 20 150
849 3 37 100
849 40 20 100
849 27 34 99
849 47 20 150
849 47 42 100
849 10 20 100
849 10 42 100
849 38 29 100
849 38 42 100
850 3 36 148
850 29 3 100
851 35 39 100
851 42 37 100
851 37 44 100
851 7 23 100
851 18 7 100
852 12 20 100
852 28 20 100
852 46 0 100
852 6 0 99
852 6 29 100
852 47 20 150
853 4 42 150
853 48 42 150
853 10 10 100
853 22 0 99
853 46 0 100
853 6 0 99
854 47 16 99
854 47 20 150
854 19 0 100
854 19 7 100
854 8 0 100
854 41 36 100
854 37 0 100
855 8 0 100
855 6 0 99
855 33 6 100
855 17 0 100
855 17 40 100
855 47 20 150
855 27 37 100
855 40 6 100
855 40 20 100
855 25 0 100
855 12 20 100
855 36 0 99
856 9 20 100
856 40 6 100
856 40 20 100
856 35 6 148
856 35 21 100
856 39 0 99
856 39 29 100
856 19 0 100
857 42 0 100
857 42 37 100
857 49 49 100
857 6 0 99
857 7 34 100
857 40 6 100
857 39 0 99
857 25 0 100
857 41 24 99
857 17 0 100
858 0 3 99
858 19 0 100
858 19 6 150
858 37 0 100
858 4 6 100
858 20 6 150
858 26 6 150
859 37 0 100
859 44 29 100
859 36 0 99
859 20 7 100
859 42 0 100
859 42 37 100
859 26 28 100
859 6 0 99
859 39 0 99
860 39 0 99
860 45 38 100
860 37 0 100
861 27 37 100
861 28 20 100
861 23 0 100
861 39 0 99
861 29 0 99
861 46 0 100
861 46 7 100
861 12 20 100
861 42 0 100
861 42 20 99
862 24 6 100
862 20 6 150
862 20 23 100
862 20 40 99
862 4 6 100
862 41 6 100
862 42 0 100
862 8 0 100
862 25 0 100
862 14 6 100
862 39 0 99
862 39 29 100
862 15 0 100
863 23 0 100
863 26 20 100
863 26 36 100
863 28 20 100
863 17 0 100
863 36 0 99
863 36 10 100
863 19 0 100
864 36 0 99
864 37 0 100
864 38 20 150
864 42 0 100
864 15 0 100
864 15 48 100
864 22 0 99
864 25 0 100
864 25 38 100
865 48 42 150
865 29 0 99
865 29 37 100
865 16 42 150
865 46 0 100
