16 25 2 100
16 25 8 104
16 25 14 148
16 25 17 100
16 25 36 150
16 25 42 100
23 44 0 99
23 44 1 148
23 44 4 100
23 44 19 150
23 44 24 100
23 44 26 150
23 44 27 100
23 44 30 148
23 44 34 99
23 44 35 148
23 44 36 99
23 44 39 150
23 44 41 100
23 44 42 150
25 25 2 100
25 25 8 106
25 25 14 148
25 25 17 100
25 25 36 150
25 25 42 100
39 25 2 100
39 25 8 104
39 25 14 148
39 25 17 100
39 25 36 150
39 25 42 100
50 25 2 100
50 25 8 106
50 25 14 148
50 25 17 100
50 25 36 150
50 25 42 100
54 44 0 99
54 44 1 148
54 44 4 100
54 44 19 150
54 44 24 100
54 44 26 150
54 44 27 100
54 44 30 148
54 44 34 99
54 44 35 148
54 44 36 99
54 44 39 150
54 44 41 100
54 44 42 150
62 44 0 99
62 44 1 148
62 44 4 100
62 44 19 150
62 44 24 100
62 44 26 150
62 44 27 100
62 44 30 148
62 44 34 99
62 44 35 148
62 44 36 99
62 44 39 150
62 44 41 100
62 44 42 150
62 25 2 100
62 25 8 150
62 25 12 100
62 25 14 148
62 25 17 100
62 25 36 150
62 25 42 100
68 25 2 100
68 25 8 150
68 25 12 100
68 25 14 148
68 25 17 100
68 25 36 150
68 25 42 100
73 25 2 100
73 25 8 120
73 25 14 148
73 25 17 100
73 25 36 150
73 25 42 100
75 25 2 100
75 25 8 104
75 25 14 148
75 25 17 100
75 25 36 150
75 25 42 100
80 25 2 100
80 25 8 106
80 25 14 148
80 25 17 100
80 25 36 150
80 25 42 100
91 25 2 100
91 25 8 104
91 25 14 148
91 25 17 100
91 25 36 150
91 25 42 100
99 44 0 99
99 44 1 148
99 44 4 100
99 44 19 150
99 44 24 100
99 44 26 150
99 44 27 100
99 44 30 148
99 44 34 99
99 44 35 148
99 44 36 99
99 44 39 150
99 44 41 100
99 44 42 150
109 25 2 100
109 25 8 106
109 25 14 148
109 25 17 100
109 25 36 150
109 25 42 100
124 25 2 100
124 25 8 104
124 25 14 148
124 25 17 100
124 25 36 150
124 25 42 100
131 2 11 100
131 2 14 148
131 2 15 100
131 2 23 148
131 2 24 100
131 2 25 150
131 2 26 100
131 2 29 150
131 2 33 100
131 2 40 150
131 2 44 100
131 2 47 150
132 44 0 99
132 44 1 148
132 44 4 100
132 44 19 150
132 44 24 100
132 44 26 150
132 44 27 100
132 44 30 148
132 44 34 99
132 44 35 148
132 44 36 99
132 44 39 150
132 44 41 100
132 44 42 150
132 25 2 100
132 25 8 106
132 25 14 148
132 25 17 100
132 25 36 150
132 25 42 100
139 25 2 100
139 25 8 104
139 25 14 148
139 25 17 100
139 25 36 150
139 25 42 100
141 25 2 100
141 25 8 106
141 25 14 148
141 25 17 100
141 25 36 150
141 25 42 100
143 25 2 100
143 25 8 104
143 25 14 148
143 25 17 100
143 25 36 150
143 25 42 100
145 25 2 100
145 25 8 106
145 25 17 100
145 25 36 150
145 25 42 100
153 25 2 100
153 25 8 104
153 25 14 148
153 25 17 100
153 25 36 150
153 25 42 100
160 44 0 99
160 44 1 148
160 44 4 100
160 44 19 150
160 44 24 100
160 44 26 150
160 44 27 100
160 44 30 148
160 44 34 99
160 44 35 148
160 44 36 99
160 44 39 150
160 44 41 100
160 44 42 150
168 25 2 100
168 25 8 106
168 25 14 148
168 25 17 100
168 25 36 150
168 25 42 100
168 2 11 100
168 2 14 148
168 2 15 100
168 2 23 148
168 2 24 100
168 2 25 150
168 2 26 100
168 2 29 150
168 2 33 100
168 2 40 150
168 2 44 100
168 2 47 150
179 25 2 100
179 25 8 104
179 25 14 148
179 25 17 100
179 25 36 150
179 25 42 100
192 2 11 100
192 2 14 148
192 2 15 100
192 2 23 148
192 2 24 100
192 2 25 150
192 2 26 100
192 2 29 150
192 2 33 100
192 2 40 150
192 2 44 100
192 2 47 150
194 44 0 99
194 44 1 148
194 44 4 100
194 44 19 150
194 44 24 100
194 44 26 150
194 44 27 100
194 44 30 148
194 44 34 99
194 44 35 148
194 44 36 99
194 44 39 150
194 44 41 100
194 44 42 150
195 25 2 100
195 25 8 106
195 25 14 148
195 25 17 100
195 25 36 150
195 25 42 100
201 44 0 99
201 44 1 148
201 44 4 100
201 44 19 150
201 44 24 100
201 44 26 150
201 44 27 100
201 44 30 148
201 44 34 99
201 44 35 148
201 44 36 99
201 44 39 150
201 44 41 100
201 44 42 150
220 25 2 100
220 25 8 104
220 25 14 148
220 25 17 100
220 25 36 150
220 25 42 100
228 33 1 100
228 33 4 56
228 33 16 148
228 33 17 100
228 33 25 150
228 33 35 100
228 33 41 148
228 25 2 100
228 25 8 106
228 25 14 148
228 25 17 100
228 25 36 150
228 25 42 100
231 33 1 100
231 33 4 68
231 33 16 148
231 33 17 100
231 33 25 150
231 33 35 100
231 33 41 148
238 33 1 100
238 33 4 64
238 33 16 148
238 33 17 100
238 33 25 150
238 33 35 100
238 33 41 56
250 33 4 132
250 33 16 148
250 33 17 100
250 33 25 150
250 33 35 100
250 33 41 48
250 25 8 150
250 25 12 100
250 25 14 148
250 25 17 100
250 25 36 150
250 25 42 100
272 2 11 100
272 2 14 148
272 2 15 100
272 2 23 148
272 2 24 100
272 2 25 150
272 2 26 100
272 2 29 150
272 2 33 100
272 2 40 150
272 2 44 100
272 2 47 150
273 33 1 100
273 33 4 68
273 33 16 148
273 33 17 100
273 33 25 150
273 33 35 100
273 33 41 96
279 25 8 150
279 25 12 100
279 25 14 148
279 25 17 100
279 25 36 150
279 25 42 100
284 33 1 100
284 33 4 64
284 33 16 148
284 33 17 100
284 33 25 150
284 33 35 100
284 33 41 48
290 24 16 150
290 24 20 100
290 24 25 150
290 24 30 99
290 24 39 148
290 24 42 100
290 24 43 148
290 24 49 100
295 2 11 100
295 2 14 148
295 2 15 100
295 2 23 148
295 2 24 100
295 2 25 150
295 2 26 100
295 2 29 150
295 2 33 100
295 2 40 150
295 2 44 100
295 2 47 150
305 24 2 100
305 24 16 150
305 24 20 100
305 24 25 150
305 24 30 99
305 24 39 148
305 24 42 100
305 24 43 148
305 24 49 100
308 2 11 100
308 2 14 148
308 2 15 100
308 2 23 148
308 2 24 100
308 2 25 150
308 2 26 100
308 2 29 150
308 2 33 100
308 2 40 150
308 2 44 100
308 2 47 150
309 24 2 100
309 24 16 150
309 24 20 100
309 24 25 150
309 24 30 99
309 24 39 148
309 24 42 100
309 24 43 148
309 24 49 100
309 25 2 100
309 25 8 150
309 25 12 100
309 25 14 148
309 25 17 100
309 25 36 150
309 25 42 100
335 25 2 100
335 25 8 150
335 25 12 100
335 25 14 148
335 25 17 100
335 25 36 150
335 25 42 100
335 24 2 100
335 24 16 150
335 24 20 100
335 24 25 150
335 24 30 99
335 24 39 148
335 24 42 100
335 24 43 148
335 24 49 100
339 2 11 100
339 2 14 148
339 2 15 100
339 2 23 148
339 2 24 100
339 2 25 150
339 2 26 100
339 2 29 150
339 2 33 100
339 2 40 150
339 2 44 100
339 2 47 150
358 24 2 100
358 24 16 150
358 24 20 100
358 24 25 150
358 24 30 99
358 24 39 148
358 24 42 100
358 24 43 148
358 24 49 100
371 25 2 100
371 25 8 150
371 25 12 100
371 25 14 148
371 25 17 100
371 25 36 150
371 25 42 100
376 33 1 100
376 33 4 132
376 33 16 148
376 33 17 100
376 33 25 150
376 33 35 100
376 33 41 148
382 33 1 100
382 33 4 68
382 33 16 148
382 33 17 100
382 33 25 150
382 33 35 100
382 33 41 148
387 24 2 100
387 24 16 150
387 24 20 100
387 24 25 150
387 24 30 99
387 24 39 148
387 24 42 100
387 24 43 148
387 24 49 100
388 24 2 100
388 24 16 150
388 24 20 100
388 24 25 150
388 24 30 99
388 24 39 148
388 24 42 100
388 24 43 148
388 24 49 100
392 44 0 99
392 44 1 148
392 44 4 100
392 44 19 150
392 44 24 100
392 44 26 150
392 44 27 100
392 44 30 148
392 44 34 99
392 44 35 148
392 44 36 99
392 44 39 150
392 44 41 100
392 44 42 150
408 24 2 100
408 24 16 150
408 24 20 100
408 24 25 150
408 24 30 99
408 24 39 148
408 24 42 100
408 24 43 148
408 24 49 100
414 2 11 100
414 2 14 148
414 2 15 100
414 2 23 148
414 2 24 100
414 2 25 150
414 2 26 100
414 2 29 150
414 2 33 100
414 2 40 150
414 2 44 100
414 2 47 150
421 33 1 100
421 33 4 96
421 33 16 148
421 33 17 100
421 33 25 150
421 33 35 100
421 33 41 148
427 25 2 100
427 25 8 150
427 25 12 100
427 25 14 148
427 25 17 100
427 25 36 150
427 25 42 100
433 33 1 100
433 33 4 68
433 33 16 148
433 33 17 100
433 33 25 150
433 33 35 100
433 33 41 56
436 25 8 150
436 25 12 100
436 25 14 148
436 25 17 100
436 25 36 150
436 25 42 100
439 33 1 100
439 33 4 64
439 33 16 148
439 33 17 100
439 33 25 150
439 33 35 100
439 33 41 48
449 33 4 132
449 33 16 148
449 33 17 100
449 33 25 150
449 33 35 100
449 33 41 72
457 2 14 148
457 2 15 100
457 2 23 148
457 2 24 100
457 2 25 150
457 2 26 100
457 2 29 150
457 2 33 100
457 2 40 150
457 2 44 100
457 2 47 150
458 24 2 100
458 24 16 150
458 24 20 100
458 24 25 150
458 24 30 99
458 24 39 148
458 24 42 100
458 24 43 148
458 24 49 100
459 2 11 100
459 2 14 148
459 2 15 100
459 2 23 148
459 2 24 100
459 2 25 150
459 2 26 100
459 2 29 150
459 2 33 100
459 2 40 150
459 2 44 100
459 2 47 150
467 24 2 100
467 24 16 150
467 24 20 100
467 24 25 150
467 24 30 99
467 24 39 148
467 24 42 100
467 24 43 148
467 24 49 100
469 25 2 100
469 25 8 150
469 25 12 100
469 25 14 148
469 25 17 100
469 25 36 150
469 25 42 100
478 33 1 100
478 33 4 132
478 33 16 148
478 33 17 100
478 33 25 150
478 33 35 100
478 33 41 48
485 25 8 150
485 25 12 100
485 25 14 148
485 25 17 100
485 25 36 150
485 25 42 100
490 33 1 100
490 33 4 68
490 33 16 148
490 33 17 100
490 33 25 150
490 33 35 100
490 33 41 48
498 25 8 150
498 25 12 100
498 25 14 148
498 25 17 100
498 25 36 150
498 25 42 100
501 24 2 100
501 24 16 150
501 24 20 100
501 24 25 150
501 24 30 99
501 24 39 148
501 24 42 100
501 24 43 148
501 24 49 100
510 24 2 100
510 24 16 150
510 24 20 100
510 24 25 150
510 24 30 99
510 24 39 148
510 24 42 100
510 24 43 148
510 24 49 100
513 33 1 100
513 33 4 64
513 33 16 148
513 33 17 100
513 33 25 150
513 33 35 100
513 33 41 96
514 2 14 148
514 2 15 100
514 2 23 148
514 2 24 100
514 2 25 150
514 2 26 100
514 2 29 150
514 2 33 100
514 2 40 150
514 2 44 100
514 2 47 150
525 24 2 100
525 24 16 150
525 24 20 100
525 24 25 150
525 24 30 99
525 24 39 148
525 24 42 100
525 24 43 148
525 24 49 100
539 25 2 100
539 25 8 150
539 25 12 100
539 25 14 148
539 25 17 100
539 25 36 150
539 25 42 100
539 33 1 100
539 33 4 68
539 33 16 148
539 33 17 100
539 33 25 150
539 33 35 100
539 33 41 96
552 24 16 150
552 24 20 100
552 24 25 150
552 24 30 99
552 24 39 148
552 24 42 100
552 24 43 148
552 24 49 100
557 25 2 100
557 25 8 150
557 25 12 100
557 25 14 148
557 25 17 100
557 25 36 150
557 25 42 100
565 24 2 100
565 24 16 150
565 24 20 100
565 24 25 150
565 24 30 99
565 24 39 148
565 24 42 100
565 24 43 148
565 24 49 100
567 25 2 100
567 25 8 150
567 25 12 100
567 25 14 148
567 25 17 100
567 25 36 150
567 25 42 100
575 33 1 100
575 33 4 64
575 33 16 148
575 33 17 100
575 33 25 150
575 33 35 100
575 33 41 148
585 33 1 100
585 33 4 68
585 33 16 148
585 33 17 100
585 33 25 150
585 33 35 100
585 33 41 44
598 25 8 150
598 25 12 100
598 25 14 148
598 25 17 100
598 25 36 150
598 25 42 100
601 33 1 100
601 33 4 64
601 33 16 148
601 33 17 100
601 33 25 150
601 33 35 100
601 33 41 120
611 33 4 68
611 33 16 148
611 33 17 100
611 33 25 150
611 33 35 100
611 33 41 48
616 33 4 64
616 33 16 148
616 33 17 100
616 33 25 150
616 33 35 100
616 33 41 48
630 33 4 68
630 33 16 148
630 33 17 100
630 33 25 150
630 33 35 100
630 33 41 120
633 24 16 150
633 24 20 100
633 24 25 150
633 24 30 99
633 24 39 148
633 24 42 100
633 24 43 148
633 24 49 100
649 47 9 100
649 47 10 148
649 47 11 99
649 47 15 148
649 47 17 99
649 47 20 148
649 47 27 99
649 47 34 150
649 47 39 99
649 47 44 150
650 47 9 100
650 47 10 148
650 47 11 99
650 47 15 148
650 47 17 99
650 47 20 148
650 47 27 99
650 47 34 150
650 47 39 99
650 47 44 150
652 47 9 100
652 47 10 148
652 47 11 99
652 47 15 148
652 47 17 99
652 47 20 148
652 47 27 99
652 47 34 150
652 47 39 99
652 47 44 150
654 47 9 100
654 47 10 148
654 47 11 99
654 47 15 148
654 47 17 99
654 47 20 148
654 47 27 99
654 47 34 150
654 47 39 99
654 47 44 150
664 33 1 100
664 33 4 64
664 33 16 44
664 33 25 150
664 33 35 100
664 33 41 148
664 47 9 100
664 47 10 148
664 47 11 99
664 47 15 148
664 47 17 99
664 47 20 148
664 47 27 99
664 47 34 150
664 47 39 99
664 47 44 150
670 47 9 100
670 47 10 148
670 47 11 99
670 47 15 148
670 47 17 99
670 47 20 148
670 47 27 99
670 47 34 150
670 47 39 99
670 47 44 150
671 47 9 100
671 47 10 148
671 47 11 99
671 47 15 148
671 47 17 99
671 47 20 148
671 47 27 99
671 47 34 150
671 47 39 99
671 47 44 150
672 47 9 100
672 47 10 148
672 47 11 99
672 47 15 148
672 47 17 99
672 47 20 148
672 47 27 99
672 47 34 150
672 47 39 99
672 47 44 150
677 47 9 100
677 47 10 148
677 47 11 99
677 47 15 148
677 47 17 99
677 47 20 148
677 47 27 99
677 47 34 150
677 47 39 99
677 47 44 150
677 2 11 100
677 2 14 148
677 2 15 100
677 2 23 148
677 2 24 100
677 2 25 150
677 2 26 100
677 2 29 150
677 2 33 100
677 2 40 150
677 2 44 100
677 2 47 150
679 47 9 100
679 47 10 148
679 47 11 99
679 47 15 148
679 47 17 99
679 47 20 148
679 47 27 99
679 47 34 150
679 47 39 99
679 47 44 150
692 11 2 54
692 11 19 100
692 11 20 148
692 11 25 148
692 11 26 100
692 11 27 148
692 11 31 148
692 11 36 99
692 11 38 150
692 11 41 99
692 11 44 150
692 46 1 99
692 46 15 150
692 46 27 100
692 46 29 48
692 46 35 100
692 46 39 150
692 46 47 150
692 6 8 150
692 6 15 99
692 6 30 99
692 6 31 148
692 6 40 100
692 6 43 148
692 6 45 48
692 9 0 99
692 9 10 150
692 9 16 100
692 9 20 100
692 9 24 100
692 9 25 148
692 9 26 100
692 9 34 150
692 9 36 100
692 9 42 150
692 9 43 100
692 9 48 112
692 32 6 150
692 32 8 100
692 32 12 148
692 32 25 150
692 32 27 100
692 32 36 150
692 32 40 100
692 32 47 150
692 35 0 100
692 35 9 2
692 35 11 99
692 35 12 150
692 35 19 150
692 35 25 100
692 35 26 150
692 35 34 148
692 35 38 100
692 35 43 148
692 45 10 99
692 45 14 100
692 45 16 150
692 45 23 150
692 45 24 100
692 45 25 150
692 45 33 150
692 45 34 100
692 45 38 62
692 42 12 100
692 42 30 150
692 42 31 100
692 42 33 148
692 42 34 100
692 42 36 150
692 42 40 100
692 42 49 100
692 36 1 100
692 36 8 150
692 36 12 100
692 36 14 148
692 36 16 100
692 36 24 150
692 36 25 99
692 36 40 150
692 0 6 74
692 0 19 150
692 0 20 99
692 0 24 100
692 0 27 150
692 2 11 100
692 2 14 148
692 2 15 100
692 2 23 148
692 2 24 100
692 2 25 150
692 2 26 100
692 2 33 100
692 2 40 150
692 2 44 100
692 2 47 150
692 24 16 150
692 24 20 100
692 24 25 150
692 24 30 99
692 24 39 148
692 24 42 100
692 24 43 148
692 24 49 100
692 18 8 148
692 18 10 150
692 18 16 100
692 18 17 150
692 18 19 150
692 18 23 100
692 18 31 12
692 18 43 100
692 18 49 40
692 19 15 99
692 19 17 148
692 19 23 148
692 19 24 100
692 19 26 150
692 19 33 150
692 19 36 100
692 19 43 100
692 23 1 100
692 23 4 2
692 23 19 150
692 23 23 100
692 23 27 150
692 23 34 100
692 10 0 100
692 10 10 100
692 10 11 150
692 10 14 100
692 10 15 150
692 10 17 100
692 10 26 150
692 10 27 100
692 10 39 100
693 38 1 100
693 38 11 148
693 38 17 150
693 38 36 150
693 38 39 99
693 38 42 150
693 38 43 99
693 44 0 99
693 44 1 148
693 44 19 150
693 44 24 100
693 44 26 150
693 44 27 100
693 44 30 148
693 44 34 99
693 44 35 148
693 44 36 99
693 44 39 150
693 44 41 24
693 9 0 99
693 9 10 150
693 9 16 100
693 9 20 100
693 9 24 100
693 9 25 148
693 9 26 100
693 9 34 150
693 9 36 100
693 9 42 150
693 9 43 100
693 36 1 100
693 36 8 150
693 36 12 100
693 36 14 148
693 36 16 100
693 36 24 150
693 36 25 99
693 36 40 150
693 48 0 99
693 48 10 150
693 48 25 100
693 48 26 150
693 48 35 100
693 48 40 100
693 48 43 150
693 48 44 100
693 32 0 100
693 32 8 100
693 32 12 148
693 32 25 150
693 32 27 100
693 32 36 150
693 32 40 100
693 32 47 150
693 40 11 150
693 40 15 100
693 40 16 150
693 40 17 100
693 40 25 100
693 40 26 148
693 40 27 99
693 40 33 100
693 40 39 100
693 2 11 100
693 2 14 148
693 2 15 100
693 2 23 148
693 2 24 100
693 2 25 150
693 2 26 100
693 2 33 100
693 2 40 150
693 2 44 100
693 2 47 150
693 29 8 150
693 29 10 100
693 29 14 150
693 29 23 148
693 29 24 99
693 29 30 150
693 29 47 99
693 19 12 150
693 19 15 99
693 19 17 148
693 19 23 148
693 19 24 100
693 19 26 150
693 19 33 150
693 19 36 100
693 19 43 100
693 42 8 150
693 42 12 100
693 42 30 150
693 42 33 148
693 42 34 100
693 42 36 150
693 42 40 100
693 11 16 150
693 11 19 100
693 11 20 148
693 11 25 148
693 11 26 100
693 11 27 148
693 11 36 99
693 11 44 150
693 25 8 150
693 25 12 100
693 25 14 148
693 25 17 100
693 25 36 150
693 25 42 100
693 17 8 150
693 17 10 99
693 17 12 150
693 17 19 100
693 17 20 150
693 17 23 150
693 17 25 100
693 17 26 150
693 17 27 100
693 17 35 99
693 41 14 100
693 41 20 150
693 41 30 100
693 41 35 150
693 20 0 99
693 20 1 148
693 20 10 150
693 20 19 99
693 20 20 150
693 20 24 100
693 20 26 148
693 20 34 100
693 20 43 150
693 20 44 100
693 20 47 150
694 36 1 100
694 36 8 150
694 36 12 100
694 36 14 148
694 36 16 100
694 36 24 150
694 36 25 99
694 36 40 150
694 0 8 150
694 0 19 150
694 0 20 99
694 0 24 100
694 0 27 150
694 17 8 150
694 17 10 99
694 17 12 150
694 17 19 100
694 17 20 150
694 17 23 150
694 17 25 100
694 17 26 150
694 17 27 100
694 17 35 99
694 20 0 99
694 20 1 148
694 20 10 150
694 20 19 99
694 20 20 150
694 20 24 100
694 20 26 148
694 20 34 100
694 20 43 150
694 20 44 100
694 20 47 150
694 19 12 150
694 19 15 99
694 19 17 148
694 19 23 148
694 19 24 100
694 19 26 150
694 19 33 150
694 19 36 100
694 19 43 100
694 9 0 99
694 9 10 150
694 9 16 100
694 9 20 100
694 9 24 100
694 9 25 92
694 9 34 150
694 9 36 100
694 9 42 150
694 9 43 100
694 23 1 100
694 23 10 100
694 23 19 150
694 23 23 100
694 23 27 150
694 23 34 100
694 22 1 100
694 22 14 99
694 22 33 148
694 22 34 100
694 22 43 100
694 27 0 100
694 27 10 99
694 27 11 150
694 27 19 100
694 27 24 99
694 27 40 100
694 27 42 150
694 27 43 100
694 27 47 99
694 45 10 99
694 45 14 100
694 45 16 150
694 45 23 150
694 45 24 100
694 45 33 150
694 45 34 100
694 7 1 100
694 7 11 148
694 7 27 100
694 7 43 150
694 10 0 100
694 10 10 100
694 10 11 150
694 10 14 100
694 10 15 150
694 10 17 100
694 10 26 150
694 10 27 100
694 10 39 100
694 11 16 150
694 11 19 100
694 11 20 148
694 11 26 100
694 11 27 148
694 11 36 99
694 11 44 150
694 26 30 99
694 26 34 100
694 26 35 150
694 26 42 100
694 26 43 150
694 43 1 100
694 43 19 100
694 43 35 99
694 43 44 150
694 46 1 99
694 46 15 150
694 46 27 100
694 46 34 150
694 46 35 100
694 46 39 150
694 46 47 150
695 33 1 100
695 33 11 100
695 33 16 148
695 33 17 100
695 33 35 100
695 12 1 99
695 12 11 100
695 12 19 150
695 12 20 100
695 12 27 100
695 12 47 99
695 31 1 100
695 31 10 150
695 31 12 100
695 31 16 150
695 31 20 100
695 31 34 100
695 31 35 150
695 31 39 100
695 6 8 150
695 6 15 99
695 6 30 99
695 6 40 100
695 6 43 148
695 6 47 100
695 16 11 150
695 16 14 99
695 16 15 148
695 16 16 100
695 16 19 150
695 16 26 99
695 16 27 150
695 16 30 100
695 4 1 100
695 4 8 148
695 4 10 100
695 4 11 148
695 4 12 99
695 4 39 100
695 4 44 148
695 4 47 100
695 10 0 100
695 10 10 100
695 10 11 150
695 10 14 100
695 10 15 150
695 10 17 100
695 10 26 150
695 10 27 100
695 10 39 100
695 40 11 150
695 40 15 100
695 40 16 150
695 40 17 100
695 40 25 1
695 40 27 99
695 40 33 100
695 40 39 100
695 15 8 100
695 15 19 150
695 15 24 100
695 20 0 99
695 20 1 148
695 20 10 150
695 20 19 99
695 20 20 150
695 20 24 100
695 20 26 148
695 20 34 100
695 20 43 150
695 20 44 100
695 20 47 150
695 13 17 150
695 13 39 148
695 13 40 100
695 13 43 99
695 41 14 100
695 41 20 150
695 41 30 100
695 41 35 150
695 43 1 100
695 43 19 100
695 43 35 99
695 43 44 150
695 19 12 150
695 19 15 99
695 19 17 148
695 19 23 148
695 19 24 100
695 19 26 150
695 19 33 150
695 19 36 100
695 19 43 100
695 27 0 100
695 27 10 99
695 27 11 150
695 27 19 100
695 27 24 99
695 27 40 100
695 27 42 150
695 27 43 100
695 27 47 99
695 28 17 99
695 28 23 99
695 28 26 150
695 28 27 99
695 28 39 100
696 25 8 150
696 25 12 100
696 25 14 148
696 25 17 100
696 25 36 150
696 25 42 100
696 2 11 100
696 2 14 148
696 2 15 100
696 2 23 148
696 2 24 100
696 2 26 100
696 2 33 100
696 2 40 150
696 2 44 100
696 2 47 150
696 6 8 150
696 6 15 99
696 6 30 99
696 6 40 100
696 6 43 148
696 6 47 100
696 39 4 66
696 39 30 99
696 39 33 99
696 39 42 100
696 39 44 150
696 0 8 150
696 0 19 150
696 0 20 99
696 0 24 100
696 0 27 150
696 26 30 99
696 26 34 100
696 26 35 150
696 26 42 100
696 26 43 150
696 11 16 150
696 11 19 100
696 11 20 148
696 11 26 100
696 11 27 148
696 11 36 99
696 11 44 150
696 7 1 100
696 7 11 148
696 7 27 100
696 7 43 150
696 22 1 100
696 22 14 99
696 22 33 148
696 22 34 100
696 22 43 100
696 24 16 150
696 24 20 100
696 24 30 99
696 24 39 148
696 24 42 100
696 24 43 148
696 45 10 99
696 45 14 100
696 45 16 150
696 45 23 150
696 45 24 100
696 45 33 150
696 45 34 100
696 30 0 100
696 30 1 150
696 30 8 100
696 30 36 150
696 30 44 100
696 49 11 150
696 49 19 100
696 49 24 150
696 49 26 99
696 49 42 99
696 49 44 148
696 4 1 100
696 4 8 52
696 4 11 148
696 4 12 99
696 4 39 100
696 4 44 148
696 4 47 100
696 20 0 99
696 20 1 148
696 20 10 150
696 20 19 99
696 20 20 150
696 20 24 100
696 20 26 148
696 20 34 100
696 20 43 150
696 20 44 100
696 20 47 150
696 42 12 100
696 42 30 150
696 42 33 148
696 42 34 100
696 42 36 150
696 42 40 100
697 48 0 99
697 48 10 150
697 48 25 56
697 48 35 100
697 48 40 100
697 48 43 150
697 48 44 100
697 14 35 100
697 14 39 99
697 14 44 148
697 35 0 100
697 35 10 150
697 35 11 99
697 35 12 150
697 35 19 150
697 35 25 1
697 35 34 148
697 35 43 148
697 38 1 100
697 38 11 148
697 38 17 150
697 38 36 150
697 38 39 99
697 38 42 150
697 38 43 99
697 36 1 100
697 36 12 100
697 36 14 148
697 36 16 100
697 36 24 150
697 36 40 150
697 28 17 99
697 28 23 99
697 28 26 150
697 28 27 99
697 28 39 100
697 15 8 2
697 15 24 100
697 45 10 99
697 45 14 100
697 45 16 150
697 45 23 150
697 45 24 100
697 45 33 150
697 45 34 100
697 41 14 100
697 41 20 150
697 41 30 100
697 41 35 150
697 0 19 150
697 0 20 99
697 0 24 100
697 0 27 150
697 13 17 150
697 13 39 148
697 13 40 100
697 13 43 99
697 34 27 150
697 34 34 150
697 34 42 100
697 34 43 148
697 34 44 100
697 22 1 100
697 22 14 99
697 22 33 148
697 22 34 100
697 22 43 100
697 12 1 99
697 12 11 100
697 12 19 150
697 12 20 100
697 12 27 100
697 12 47 99
697 26 30 99
697 26 34 100
697 26 35 150
697 26 42 100
697 26 43 150
697 18 10 150
697 18 16 100
697 18 17 150
697 18 19 150
697 18 23 100
697 18 39 148
697 18 43 100
698 9 0 99
698 9 10 150
698 9 16 100
698 9 20 100
698 9 24 100
698 9 26 100
698 9 34 150
698 9 36 100
698 9 42 150
698 9 43 100
698 24 16 150
698 24 20 100
698 24 30 99
698 24 39 148
698 24 42 100
698 24 43 148
698 16 11 150
698 16 14 99
698 16 15 148
698 16 16 100
698 16 19 150
698 16 26 99
698 16 27 150
698 16 30 100
698 34 27 150
698 34 34 150
698 34 42 100
698 34 43 148
698 34 44 100
698 38 1 100
698 38 11 148
698 38 17 150
698 38 36 150
698 38 39 99
698 38 42 150
698 38 43 99
698 32 0 100
698 32 12 148
698 32 27 100
698 32 36 150
698 32 40 100
698 32 47 150
698 37 11 100
698 37 14 150
698 37 24 100
698 37 26 150
698 37 31 6
698 37 40 150
698 37 44 100
698 4 1 100
698 4 10 100
698 4 11 148
698 4 12 99
698 4 39 100
698 4 44 148
698 4 47 100
698 10 0 100
698 10 10 100
698 10 11 150
698 10 14 100
698 10 15 150
698 10 17 100
698 10 26 150
698 10 27 100
698 10 39 100
698 8 0 100
698 8 1 150
698 8 15 100
698 8 19 150
698 8 24 99
698 8 27 100
698 8 35 100
698 8 36 150
698 8 40 99
698 8 42 148
698 8 43 100
698 42 12 100
698 42 30 150
698 42 31 2
698 42 34 100
698 42 36 150
698 42 40 100
698 23 1 100
698 23 10 100
698 23 19 150
698 23 23 100
698 23 27 150
698 23 34 100
698 44 0 99
698 44 1 148
698 44 19 150
698 44 24 100
698 44 26 150
698 44 27 100
698 44 30 148
698 44 34 99
698 44 35 148
698 44 36 99
698 44 39 150
698 44 41 24
698 33 1 100
698 33 11 100
698 33 16 148
698 33 17 100
698 33 35 100
698 20 0 99
698 20 1 148
698 20 10 150
698 20 19 99
698 20 20 150
698 20 24 100
698 20 26 148
698 20 34 100
698 20 43 117
698 20 47 150
698 14 35 100
698 14 39 99
698 14 44 148
699 48 0 99
699 48 10 150
699 48 25 56
699 48 35 100
699 48 40 100
699 48 44 100
699 12 1 99
699 12 11 100
699 12 19 150
699 12 20 100
699 12 27 100
699 12 47 99
699 35 0 100
699 35 10 150
699 35 11 99
699 35 12 150
699 35 19 150
699 35 25 1
699 35 34 148
699 7 1 100
699 7 11 148
699 7 27 100
699 7 41 24
699 3 1 150
699 3 16 100
699 3 19 148
699 3 34 100
699 3 36 150
699 3 39 99
699 3 40 148
699 21 15 100
699 21 20 150
699 21 24 100
699 21 30 148
699 21 34 99
699 21 35 148
699 21 36 100
699 21 39 99
699 21 42 150
699 41 14 100
699 41 20 150
699 41 30 100
699 41 35 150
699 33 1 100
699 33 11 100
699 33 16 148
699 33 17 100
699 33 35 100
699 24 16 150
699 24 20 100
699 24 30 99
699 24 39 148
699 24 42 100
699 2 11 100
699 2 14 148
699 2 15 100
699 2 23 148
699 2 24 100
699 2 26 100
699 2 29 84
699 2 40 150
699 2 44 100
699 2 47 150
699 30 0 100
699 30 1 90
699 30 44 100
699 44 0 99
699 44 19 150
699 44 24 100
699 44 26 150
699 44 27 100
699 44 30 148
699 44 34 99
699 44 35 148
699 44 36 99
699 44 39 150
699 44 42 150
699 46 15 150
699 46 27 100
699 46 34 150
699 46 35 100
699 46 39 150
699 46 47 150
699 1 15 150
699 1 16 100
699 1 17 150
699 1 26 99
699 1 33 150
699 1 47 150
699 10 0 100
699 10 10 100
699 10 11 150
699 10 14 100
699 10 15 150
699 10 17 100
699 10 26 150
699 10 27 100
699 10 39 100
699 45 10 99
699 45 14 100
699 45 16 150
699 45 23 150
699 45 24 100
699 45 33 150
699 45 34 100
700 14 4 66
700 14 39 99
700 14 44 148
700 0 19 150
700 0 20 99
700 0 24 100
700 0 27 150
700 33 1 13
700 33 16 148
700 33 17 100
700 33 35 100
700 7 11 148
700 7 27 100
700 46 15 150
700 46 27 100
700 46 34 150
700 46 35 100
700 46 39 150
700 46 47 150
700 45 10 99
700 45 14 100
700 45 16 150
700 45 23 150
700 45 24 100
700 45 33 150
700 45 34 100
700 9 0 99
700 9 10 150
700 9 16 100
700 9 20 100
700 9 24 100
700 9 26 100
700 9 34 150
700 9 36 100
700 9 42 150
700 41 14 100
700 41 20 150
700 41 30 100
700 41 35 150
700 38 11 148
700 38 17 150
700 38 36 150
700 38 39 99
700 38 42 150
700 36 12 100
700 36 14 148
700 36 16 100
700 36 24 150
700 36 40 150
700 28 17 99
700 28 23 99
700 28 26 150
700 28 27 99
700 28 39 100
700 11 16 150
700 11 19 100
700 11 20 148
700 11 26 100
700 11 27 148
700 11 36 99
700 11 44 150
700 49 11 150
700 49 19 100
700 49 24 150
700 49 26 99
700 49 42 99
700 49 44 148
700 32 0 100
700 32 12 148
700 32 27 100
700 32 36 150
700 32 40 100
700 32 47 150
700 17 10 99
700 17 12 150
700 17 19 100
700 17 20 150
700 17 23 150
700 17 26 150
700 17 27 100
700 17 35 99
700 42 12 100
700 42 30 150
700 42 33 148
700 42 34 100
700 42 36 150
700 42 40 100
701 30 0 100
701 30 1 12
701 30 36 150
701 30 44 100
701 9 0 99
701 9 10 150
701 9 16 100
701 9 20 100
701 9 24 100
701 9 26 100
701 9 34 150
701 9 36 100
701 9 42 150
701 45 10 99
701 45 14 100
701 45 16 150
701 45 23 150
701 45 24 100
701 45 33 150
701 45 34 100
701 45 41 24
701 36 14 148
701 36 16 100
701 36 24 150
701 36 40 150
701 35 0 100
701 35 10 150
701 35 11 99
701 35 12 150
701 35 19 150
701 35 26 150
701 35 34 148
701 41 14 100
701 41 20 150
701 41 30 100
701 41 35 150
701 2 11 100
701 2 14 148
701 2 15 100
701 2 23 148
701 2 24 100
701 2 26 100
701 2 33 100
701 2 40 150
701 2 44 100
701 2 47 150
701 29 8 2
701 29 14 150
701 29 23 148
701 29 24 99
701 29 30 150
701 29 47 99
701 26 30 99
701 26 34 100
701 26 35 150
701 26 42 100
701 14 35 100
701 14 39 99
701 14 44 148
701 6 15 99
701 6 30 99
701 6 40 100
701 6 47 100
701 48 0 99
701 48 10 150
701 48 26 150
701 48 35 100
701 48 40 100
701 48 44 100
701 13 17 111
701 13 40 100
701 0 19 150
701 0 20 99
701 0 24 100
701 0 27 150
701 37 11 100
701 37 14 150
701 37 24 100
701 37 26 150
701 37 34 148
701 37 40 150
701 37 44 100
701 8 0 100
701 8 15 100
701 8 19 150
701 8 24 99
701 8 27 100
701 8 35 100
701 8 36 150
701 8 40 99
701 8 42 148
702 34 27 150
702 34 34 150
702 34 42 100
702 34 44 100
702 35 0 100
702 35 10 150
702 35 11 99
702 35 12 150
702 35 19 77
702 35 34 148
702 37 11 100
702 37 14 150
702 37 24 100
702 37 26 150
702 37 34 148
702 37 40 150
702 37 44 100
702 48 0 99
702 48 10 150
702 48 26 150
702 48 35 100
702 48 40 100
702 48 44 100
702 4 1 14
702 4 11 148
702 4 12 99
702 4 39 100
702 4 44 148
702 4 47 100
702 0 20 99
702 0 24 100
702 0 27 150
702 14 35 100
702 14 39 99
702 14 44 148
702 21 15 100
702 21 20 150
702 21 24 100
702 21 30 148
702 21 34 99
702 21 35 148
702 21 36 100
702 21 39 99
702 21 42 150
702 28 23 99
702 28 26 150
702 28 27 99
702 28 39 100
702 43 35 99
702 43 44 150
702 26 30 99
702 26 34 100
702 26 35 150
702 26 42 100
702 12 11 100
702 12 20 100
702 12 27 100
702 12 47 99
702 7 11 148
702 7 27 100
702 47 10 148
702 47 11 99
702 47 15 148
702 47 20 148
702 47 27 99
702 47 34 150
702 47 39 99
702 47 44 150
702 1 15 150
702 1 16 100
702 1 26 99
702 1 33 150
702 1 47 150
702 30 0 100
702 30 36 150
702 30 44 100
703 38 1 12
703 38 17 80
703 38 39 99
703 38 42 150
703 49 11 150
703 49 19 32
703 49 26 99
703 49 42 99
703 49 44 148
703 44 0 99
703 44 24 100
703 44 26 150
703 44 27 100
703 44 30 148
703 44 34 99
703 44 35 148
703 44 36 99
703 44 39 150
703 44 42 150
703 37 11 100
703 37 14 150
703 37 24 100
703 37 26 150
703 37 34 148
703 37 40 150
703 37 44 32
703 7 27 100
703 30 0 100
703 30 8 100
703 30 36 150
703 30 44 2
703 42 30 150
703 42 33 148
703 42 34 100
703 42 36 150
703 42 40 100
703 13 39 148
703 13 40 100
703 48 0 99
703 48 10 150
703 48 26 150
703 48 35 100
703 48 40 100
703 3 0 100
703 3 16 100
703 3 34 100
703 3 36 150
703 3 39 99
703 3 40 148
703 33 1 1
703 33 16 148
703 33 35 100
703 21 15 100
703 21 20 150
703 21 24 100
703 21 30 148
703 21 34 99
703 21 35 148
703 21 36 100
703 21 39 99
703 21 42 150
703 43 35 99
703 14 35 100
703 14 39 99
703 9 0 99
703 9 10 2
703 9 20 100
703 9 24 100
703 9 26 100
703 9 34 150
703 9 36 100
703 9 42 150
703 46 15 150
703 46 27 100
703 46 34 150
703 46 35 100
703 46 39 150
703 46 47 150
704 34 27 150
704 34 34 150
704 34 42 100
704 22 1 13
704 22 33 148
704 22 34 100
704 47 10 12
704 47 15 148
704 47 20 148
704 47 27 99
704 47 34 150
704 47 39 99
704 28 23 99
704 28 26 150
704 28 27 99
704 28 39 100
704 33 11 100
704 33 16 148
704 33 35 100
704 33 41 24
704 45 16 150
704 45 23 150
704 45 24 100
704 45 33 150
704 45 34 100
704 40 11 150
704 40 15 100
704 40 16 150
704 40 26 148
704 40 27 99
704 40 33 100
704 40 39 100
704 13 39 148
704 13 40 100
704 43 35 99
704 4 11 148
704 4 12 99
704 4 39 100
704 4 47 82
704 36 12 100
704 36 14 148
704 36 16 100
704 36 24 150
704 36 40 150
704 10 0 100
704 10 11 150
704 10 14 100
704 10 15 150
704 10 26 150
704 10 27 100
704 10 39 100
704 11 16 150
704 11 20 148
704 11 26 100
704 11 27 148
704 11 36 99
704 5 0 99
704 5 11 99
704 5 15 100
704 5 16 150
704 5 27 150
704 5 34 150
704 5 35 100
704 5 39 150
704 5 40 100
704 5 42 150
704 48 0 99
704 48 26 150
704 48 35 100
704 48 40 100
705 16 11 150
705 16 14 99
705 16 15 148
705 16 16 100
705 16 19 30
705 16 27 150
705 16 30 100
705 33 1 13
705 33 16 148
705 33 25 56
705 41 14 100
705 41 20 150
705 41 30 100
705 41 35 150
705 6 15 99
705 6 30 99
705 6 40 100
705 12 11 100
705 12 19 2
705 12 27 100
705 35 0 100
705 35 10 12
705 35 12 150
705 35 25 1
705 35 34 148
705 44 0 99
705 44 24 100
705 44 26 150
705 44 27 100
705 44 30 148
705 44 34 99
705 44 35 148
705 44 36 99
705 44 39 150
705 44 42 150
705 27 0 100
705 27 11 150
705 27 24 99
705 27 40 100
705 27 42 150
705 13 39 148
705 13 40 100
705 21 15 100
705 21 20 150
705 21 24 100
705 21 30 148
705 21 34 99
705 21 35 148
705 21 36 100
705 21 39 99
705 21 42 150
705 26 30 99
705 26 34 100
705 26 35 150
705 26 42 100
705 37 11 100
705 37 14 150
705 37 24 100
705 37 26 150
705 37 34 148
705 37 40 150
705 24 16 150
705 24 20 100
705 24 30 99
705 24 39 148
705 24 42 100
705 8 0 100
705 8 15 100
705 8 24 99
705 8 27 100
705 8 35 100
705 8 36 150
705 8 40 99
705 8 42 148
705 11 16 150
705 11 20 148
705 11 26 100
705 11 27 148
705 11 36 99
705 40 11 150
705 40 15 100
705 40 16 150
705 40 26 148
705 40 27 99
705 40 33 100
705 40 39 100
706 45 10 12
706 45 16 150
706 45 23 150
706 45 24 100
706 45 33 150
706 45 34 100
706 49 11 150
706 49 24 150
706 49 26 99
706 49 42 99
706 6 15 99
706 6 30 99
706 6 40 100
706 5 0 99
706 5 11 99
706 5 15 100
706 5 16 150
706 5 27 150
706 5 34 150
706 5 35 100
706 5 39 150
706 5 40 100
706 5 42 150
706 37 11 100
706 37 14 150
706 37 24 100
706 37 26 150
706 37 34 148
706 37 40 150
706 30 0 100
706 30 1 12
706 2 14 148
706 2 15 100
706 2 23 148
706 2 24 100
706 2 26 100
706 2 33 100
706 2 40 150
706 34 27 150
706 34 34 150
706 34 42 100
706 31 1 1
706 31 16 150
706 31 20 100
706 31 34 100
706 31 35 150
706 31 39 100
706 44 0 99
706 44 24 100
706 44 26 150
706 44 27 100
706 44 30 148
706 44 34 99
706 44 35 148
706 44 39 150
706 44 42 150
706 47 11 99
706 47 15 148
706 47 17 78
706 47 27 99
706 47 34 150
706 47 39 99
706 10 0 100
706 10 11 150
706 10 14 100
706 10 15 150
706 10 17 2
706 10 27 100
706 10 39 100
706 26 30 99
706 26 34 100
706 26 35 150
706 26 42 100
706 13 39 148
706 13 40 100
706 17 12 150
706 17 20 150
706 17 23 150
706 17 26 150
706 17 27 100
706 17 35 99
706 11 16 150
706 11 20 148
706 11 26 100
706 11 27 148
707 7 1 12
707 7 27 100
707 46 15 150
707 46 27 100
707 46 34 150
707 46 35 100
707 46 39 150
707 13 39 148
707 13 40 100
707 5 0 99
707 5 10 12
707 5 15 100
707 5 16 150
707 5 27 150
707 5 34 150
707 5 35 100
707 5 39 150
707 5 40 100
707 5 42 150
707 26 30 99
707 26 34 100
707 26 35 99
707 0 19 32
707 0 24 100
707 0 27 150
707 35 0 100
707 35 11 99
707 35 12 150
707 35 26 150
707 35 34 148
707 41 14 100
707 41 20 150
707 41 30 100
707 41 35 2
707 32 0 100
707 32 12 16
707 32 40 100
707 1 15 150
707 1 16 100
707 1 26 99
707 1 33 150
707 38 11 148
707 38 39 99
707 38 42 150
707 37 11 100
707 37 14 150
707 37 24 100
707 37 26 150
707 37 34 148
707 37 40 150
707 28 23 99
707 28 26 150
707 28 27 99
707 28 39 100
707 47 11 69
707 47 20 148
707 47 27 99
707 47 34 150
707 47 39 99
707 27 0 100
707 27 24 99
707 27 40 100
707 27 42 150
708 25 2 60
708 25 42 100
708 8 0 100
708 8 1 12
708 8 24 99
708 8 25 57
708 8 40 99
708 8 42 148
708 8 43 60
708 1 16 100
708 1 26 99
708 1 33 150
708 42 30 150
708 42 33 148
708 42 34 100
708 42 40 100
708 37 11 24
708 37 24 100
708 37 26 150
708 37 34 148
708 37 40 150
708 39 20 148
708 39 30 99
708 39 33 99
708 39 42 100
708 31 1 2
708 31 20 100
708 31 34 100
708 31 39 100
708 20 0 99
708 20 20 150
708 20 24 100
708 20 26 148
708 20 34 100
708 19 15 99
708 19 23 148
708 19 24 100
708 19 26 150
708 19 33 150
708 13 39 148
708 13 40 56
708 6 30 99
708 5 0 99
708 5 15 100
708 5 16 150
708 5 27 150
708 5 34 150
708 5 39 150
708 5 42 150
708 30 0 100
708 48 0 99
708 48 26 150
708 9 0 24
708 9 20 100
708 9 24 100
708 9 26 100
708 9 34 150
708 9 42 150
708 29 14 150
708 29 23 148
708 29 24 99
708 29 30 150
709 5 2 60
709 5 16 150
709 5 27 150
709 5 34 150
709 5 39 150
709 5 40 24
709 40 15 100
709 40 16 150
709 40 25 57
709 40 27 99
709 40 33 100
709 40 39 100
709 35 0 2
709 35 34 148
709 8 1 12
709 8 24 99
709 8 27 100
709 8 42 148
709 11 16 150
709 11 20 148
709 11 26 100
709 11 27 148
709 34 27 150
709 34 34 150
709 34 42 100
709 12 20 100
709 12 27 100
709 22 1 1
709 22 33 148
709 22 34 100
709 49 24 150
709 49 26 99
709 49 42 99
709 1 15 150
709 1 16 100
709 1 26 99
709 1 33 150
709 45 14 100
709 45 16 150
709 45 23 150
709 45 24 100
709 45 33 150
709 45 34 100
709 15 24 100
709 28 23 99
709 28 26 150
709 28 27 99
709 28 39 100
709 7 27 100
709 27 24 99
709 27 40 2
710 26 30 99
710 26 34 100
710 26 42 100
710 26 43 60
710 29 14 150
710 29 23 148
710 29 24 99
710 29 30 150
710 21 15 100
710 21 20 150
710 21 24 100
710 21 30 148
710 21 34 99
710 21 39 99
710 21 42 150
710 22 1 1
710 22 33 148
710 22 34 100
710 40 15 100
710 40 16 150
710 40 26 148
710 40 27 99
710 40 33 100
710 40 39 100
710 10 14 100
710 10 15 150
710 10 26 150
710 10 27 100
710 10 39 100
710 34 27 150
710 34 34 150
710 34 42 100
710 36 14 148
710 36 16 100
710 36 24 150
710 36 40 26
710 8 24 99
710 8 27 100
710 8 42 148
710 18 16 100
710 18 23 100
710 18 39 148
710 11 16 150
710 11 20 148
710 11 26 100
710 11 27 148
710 31 16 150
710 31 20 100
710 31 34 100
710 31 39 100
710 14 39 99
710 49 24 150
710 49 26 99
710 49 42 99
710 5 15 100
710 5 16 150
710 5 27 150
710 5 34 150
710 5 39 150
710 5 42 150
711 44 19 32
711 44 26 150
711 44 27 100
711 44 30 148
711 44 34 99
711 44 39 150
711 44 42 150
711 16 11 24
711 16 15 148
711 16 16 100
711 16 26 99
711 16 27 150
711 16 30 100
711 42 12 36
711 42 33 148
711 42 34 100
711 22 14 99
711 22 33 148
711 22 34 100
711 46 15 150
711 46 27 100
711 46 34 150
711 46 39 150
711 18 10 12
711 18 17 80
711 18 39 148
711 12 20 100
711 12 27 100
711 8 15 100
711 8 24 99
711 8 27 100
711 8 42 148
711 33 16 148
711 37 14 150
711 37 24 100
711 37 26 150
711 37 34 148
711 6 15 99
711 6 30 99
711 38 39 99
711 38 42 150
711 10 14 100
711 10 15 150
711 10 26 150
711 10 27 100
711 10 39 100
711 36 14 148
711 36 16 100
711 36 24 150
711 14 39 99
712 1 1 12
712 1 16 100
712 1 26 99
712 1 33 150
712 6 15 99
712 6 30 99
712 15 24 100
712 15 41 24
712 38 42 150
712 23 1 1
712 23 27 150
712 23 34 100
712 46 15 150
712 46 27 100
712 46 34 150
712 46 39 150
712 14 39 99
712 32 12 36
712 0 20 99
712 0 24 100
712 0 27 150
712 31 16 150
712 31 20 100
712 31 34 100
712 31 39 100
712 37 14 150
712 37 24 100
712 37 26 150
712 37 34 148
712 17 12 1
712 17 23 150
712 17 26 150
712 17 27 100
712 44 24 100
712 44 26 150
712 44 27 100
712 44 30 148
712 44 34 99
712 44 39 150
712 44 42 150
712 3 16 100
712 3 34 100
712 3 39 99
713 32 12 36
713 43 1 13
713 37 24 100
713 37 26 150
713 37 34 148
713 38 39 99
713 38 42 150
713 38 43 15
713 22 33 148
713 22 34 100
713 18 10 12
713 18 23 100
713 18 39 148
713 2 14 148
713 2 15 100
713 2 23 148
713 2 24 100
713 2 26 100
713 2 33 100
713 41 14 100
713 41 20 150
713 41 30 100
713 29 14 150
713 29 23 148
713 29 24 99
713 29 30 150
713 28 23 99
713 28 26 150
713 28 27 99
713 28 39 100
713 8 15 100
713 8 24 99
713 8 27 100
713 8 42 148
713 19 15 99
713 19 23 148
713 19 24 100
713 19 26 150
713 19 33 150
713 5 15 100
713 5 16 150
713 5 27 150
713 5 34 150
713 5 39 150
713 5 42 150
713 6 15 99
713 6 30 99
713 33 16 148
713 23 23 100
713 23 27 150
713 23 34 100
714 1 1 12
714 1 16 100
714 1 26 99
714 1 33 150
714 42 30 150
714 42 33 148
714 42 34 100
714 0 20 99
714 0 24 100
714 0 27 150
714 17 10 12
714 17 23 150
714 17 25 56
714 17 27 100
714 22 1 1
714 22 33 148
714 22 34 68
714 12 27 100
714 34 25 1
714 34 42 100
714 11 16 18
714 11 26 100
714 11 27 148
714 11 41 24
714 29 14 150
714 29 23 148
714 29 24 99
714 29 30 150
714 27 24 99
714 27 42 150
714 20 20 150
714 20 24 100
714 20 26 148
714 23 23 100
714 23 27 150
714 37 14 150
714 37 24 100
714 37 26 150
715 41 14 100
715 41 20 150
715 41 30 100
715 21 15 100
715 21 20 150
715 21 24 100
715 21 30 148
715 21 34 66
715 21 42 150
715 11 20 148
715 11 25 56
715 11 27 148
715 10 10 12
715 10 15 150
715 10 26 150
715 10 27 100
715 10 39 100
715 49 24 125
715 49 42 99
715 36 1 12
715 0 20 99
715 0 27 150
715 25 14 148
715 25 42 100
715 38 39 99
715 38 42 150
715 23 1 1
715 23 27 150
715 31 20 100
715 31 34 2
715 34 25 1
715 34 42 100
715 29 14 150
715 29 23 148
715 29 30 150
715 29 47 72
715 5 27 150
715 5 39 150
715 5 42 150
715 42 30 150
715 42 33 148
716 44 1 12
716 44 27 100
716 44 30 148
716 44 39 150
716 44 42 150
716 35 10 12
716 1 33 150
716 16 14 99
716 16 15 148
716 16 27 150
716 16 30 100
716 13 39 148
716 13 40 24
716 45 23 150
716 45 33 150
716 41 14 100
716 41 20 150
716 41 30 100
716 5 15 100
716 5 27 150
716 5 39 150
716 5 42 150
716 18 23 100
716 18 39 148
716 32 27 100
716 10 14 100
716 10 15 150
716 10 27 100
716 10 39 100
716 42 30 18
716 42 40 2
716 0 27 150
716 43 1 1
717 1 33 150
717 1 47 72
717 14 39 99
717 41 14 100
717 41 20 150
717 41 30 2
717 28 27 99
717 28 39 65
717 17 23 150
717 17 27 100
717 37 14 150
717 8 15 100
717 8 27 100
717 8 42 148
717 6 15 99
717 12 20 100
717 12 27 100
717 20 20 150
718 0 19 32
718 0 27 150
718 45 10 12
718 45 23 150
718 45 33 150
718 45 34 2
718 33 1 13
718 22 14 99
718 22 33 148
718 22 43 12
718 2 15 100
718 2 23 148
718 2 33 100
718 18 23 100
718 18 31 6
718 19 23 148
718 19 33 150
718 19 43 2
718 39 20 148
718 39 33 99
718 39 42 100
718 29 14 150
718 29 23 148
718 43 31 2
718 34 42 100
718 7 27 100
719 46 1 12
719 46 27 100
719 46 34 66
719 0 27 150
719 16 14 99
719 16 15 148
719 16 27 150
719 7 27 81
719 10 15 150
719 10 31 8
719 39 33 99
719 39 42 100
719 20 20 150
719 1 15 150
719 1 33 150
719 49 42 99
719 9 20 100
719 9 42 150
719 42 33 148
719 24 20 100
719 24 42 100
719 6 15 99
720 13 25 56
720 43 1 14
720 28 23 99
720 12 20 100
720 9 10 12
720 9 42 150
720 47 15 148
720 47 20 148
720 19 15 99
720 19 23 148
720 19 33 150
720 6 15 99
720 6 40 2
720 31 35 53
720 45 14 100
720 45 23 150
720 45 33 150
720 42 33 148
720 32 25 1
721 46 34 66
721 9 10 12
721 49 42 99
721 18 23 100
721 17 23 150
721 45 14 100
721 45 23 150
721 45 33 150
721 10 14 100
721 10 15 150
721 21 15 100
721 21 42 150
721 25 14 148
721 25 42 100
721 48 40 26
722 19 15 99
722 19 17 80
722 19 33 150
722 48 10 12
722 25 42 100
722 22 1 14
722 22 33 148
722 22 34 64
722 1 33 150
722 26 34 2
722 27 42 150
722 35 25 1
723 3 1 12
723 38 42 150
723 22 1 1
723 22 33 148
723 34 42 100
723 16 14 99
723 44 42 150
724 37 11 24
724 37 31 6
724 19 33 150
724 19 41 24
724 29 10 12
724 29 23 148
724 49 42 99
724 40 33 100
724 42 33 148
724 42 34 2
724 1 33 150
724 36 14 148
724 27 42 150
725 29 8 105
725 29 23 148
725 40 11 24
725 40 39 32
725 37 34 64
725 24 42 100
725 16 14 99
725 4 1 12
725 39 42 100
725 31 1 1
725 42 33 148
725 27 42 150
725 9 42 150
725 19 23 148
725 19 33 150
726 9 10 12
726 1 1 12
726 13 39 32
726 39 42 100
726 31 1 1
726 40 33 81
726 5 42 150
726 44 42 150
727 40 11 24
727 40 33 32
727 32 12 36
727 17 23 150
727 2 14 148
727 2 23 148
727 25 14 148
727 25 42 100
727 28 23 99
727 23 1 1
727 10 14 100
728 25 12 36
728 25 42 100
728 3 1 12
728 7 43 60
728 37 14 150
728 40 33 2
728 36 14 148
728 22 1 1
728 44 42 150
728 19 23 148
728 21 42 150
729 27 10 12
729 6 30 99
729 22 14 99
729 22 33 32
729 49 42 99
729 18 23 28
729 29 14 150
729 45 14 100
729 45 34 2
729 41 14 100
729 5 42 150
730 45 10 12
730 28 17 78
730 12 1 12
730 22 1 1
730 18 17 2
730 9 42 150
730 36 14 148
731 16 11 24
731 17 8 105
731 25 42 100
731 28 39 32
731 34 42 100
731 2 14 148
731 22 1 1
732 19 12 36
732 36 40 26
732 22 14 99
732 9 42 150
732 9 43 1
732 34 42 100
732 24 42 100
733 6 8 105
733 10 39 32
733 5 42 150
733 9 42 150
733 2 14 148
733 2 33 32
733 44 35 52
733 16 14 99
733 22 14 99
734 33 1 13
734 22 33 32
734 37 14 150
734 37 31 6
734 38 42 150
734 41 14 100
734 45 14 100
734 45 33 2
735 14 35 100
735 18 10 12
735 22 33 32
735 17 12 36
735 25 42 100
735 38 42 150
735 16 14 99
735 16 30 80
736 2 11 24
736 2 25 57
736 23 1 1
736 25 42 100
736 22 14 99
736 8 42 148
736 37 14 150
736 45 14 100
736 1 49 2
737 18 8 104
737 9 20 93
737 21 42 150
737 19 33 30
737 27 42 150
737 33 1 1
737 24 42 100
738 28 27 99
738 9 10 12
738 21 42 150
738 33 1 13
738 25 42 100
738 6 40 26
738 36 14 148
739 25 12 36
739 25 42 100
739 43 1 13
739 45 14 100
739 37 14 150
739 42 40 2
739 16 14 99
740 48 10 12
740 24 42 100
740 35 11 24
740 40 27 45
740 8 42 148
740 1 15 102
740 39 42 100
741 37 14 150
741 37 40 24
741 6 40 2
741 19 43 2
741 27 10 12
741 27 43 1
741 46 39 32
741 9 42 150
741 5 42 150
742 45 10 12
742 32 40 24
742 6 8 5
742 40 17 80
743 10 10 12
743 10 17 80
743 10 39 32
743 2 14 52
743 32 12 36
744 49 42 99
744 33 1 14
744 34 42 100
744 5 42 64
746 16 19 30
747 22 1 1
747 40 33 3
748 44 26 150
748 44 42 1
748 28 26 81
749 28 39 32
750 11 25 56
752 49 11 24
753 32 40 24
754 0 27 144
755 7 1 12
755 7 41 24
756 2 47 72
756 9 20 1
756 49 26 99
756 48 0 27
756 17 26 30
757 40 39 32
757 3 1 12
758 8 1 12
758 8 40 24
759 48 35 100
759 30 1 12
760 46 39 32
761 12 1 12
761 39 33 30
761 13 39 32
763 5 10 12
765 4 8 104
766 31 39 2
766 2 23 32
767 44 39 32
768 41 30 32
769 46 39 32
769 21 42 3
770 31 1 1
771 22 1 1
772 27 10 12
772 45 33 32
774 8 35 52
774 22 33 32
776 24 43 60
777 6 40 26
777 40 27 99
777 40 33 32
778 47 39 30
779 16 14 51
780 7 43 2
780 35 19 32
781 17 26 150
781 29 23 28
781 1 26 99
781 45 23 2
783 19 23 80
784 5 39 2
785 1 26 99
785 31 34 2
785 2 23 148
785 2 25 1
785 19 23 32
787 6 30 78
787 30 0 1
789 31 1 14
790 28 39 2
791 29 14 53
792 9 42 1
793 34 4 66
793 4 10 12
793 23 1 1
794 45 33 32
794 46 29 84
794 21 42 1
794 8 0 24
795 32 27 100
795 18 10 12
795 3 1 14
795 17 20 134
798 5 10 12
798 48 0 27
798 23 23 32
800 29 14 4
803 31 39 32
803 18 43 12
804 26 42 2
804 41 30 81
806 16 15 148
806 2 15 56
807 20 34 64
807 15 8 4
807 28 39 32
807 42 34 2
807 37 11 24
810 22 33 32
810 31 39 32
811 25 17 80
811 3 0 28
812 3 19 32
814 48 10 12
814 22 34 64
814 25 17 80
815 40 27 99
815 40 33 32
815 46 27 44
815 22 1 1
816 23 1 1
821 2 26 100
821 0 8 105
821 1 43 15
821 10 39 32
822 8 1 12
823 20 10 12
824 46 39 32
824 8 35 52
825 5 39 2
826 0 27 144
826 39 33 30
828 1 33 30
828 0 27 2
829 44 39 32
830 21 34 66
830 16 30 32
830 2 26 100
830 46 39 2
830 4 8 104
831 23 23 80
835 2 26 100
835 2 40 24
835 44 27 44
835 48 40 2
836 17 25 56
837 5 15 100
837 5 35 52
837 2 15 100
838 14 39 30
838 2 40 24
838 40 39 2
838 16 26 99
838 44 1 12
840 46 34 66
840 33 1 1
840 48 40 2
841 9 34 66
843 40 33 39
844 12 47 72
845 21 20 90
846 44 39 32
846 10 15 105
847 1 33 30
847 5 39 32
848 25 42 56
848 39 33 33
849 20 20 92
850 33 17 80
851 47 10 12
851 47 34 66
851 10 39 2
852 19 15 6
852 27 0 100
852 27 9 150
852 27 42 3
852 39 9 150
853 33 1 14
853 39 42 52
853 10 14 100
853 10 27 100
853 41 14 52
853 18 9 69
854 45 25 57
856 23 1 1
856 47 20 40
858 42 30 30
859 17 35 99
859 34 27 42
862 44 1 12
862 2 14 52
863 2 15 100
863 2 33 32
864 45 10 12
865 40 39 32
