2 7 40 148
2 37 44 100
3 36 25 100
6 1 42 100
6 1 44 150
8 26 24 100
8 23 0 100
8 49 44 100
8 14 42 99
9 22 16 99
9 15 44 150
10 25 26 150
10 0 25 150
10 0 44 150
11 24 26 100
11 24 34 99
11 28 48 100
11 0 26 100
12 0 6 100
12 0 26 100
12 0 42 100
12 12 11 100
13 0 25 150
13 36 28 100
13 28 14 100
13 6 14 100
14 46 40 150
15 34 42 100
15 32 24 100
16 41 29 100
16 7 25 100
18 42 25 100
18 6 1 100
18 36 25 100
18 22 6 100
19 35 28 100
19 28 48 100
21 2 25 150
21 27 24 100
21 32 49 100
23 0 25 150
23 3 29 99
24 31 42 100
25 44 6 100
25 0 19 99
25 35 28 100
25 4 11 100
26 34 42 100
27 34 34 100
27 30 26 148
27 6 26 100
28 41 16 100
28 31 1 99
28 13 48 100
28 33 19 99
29 35 26 150
29 6 27 150
29 6 44 148
29 7 25 100
30 42 37 100
32 33 16 100
33 8 3 100
33 0 19 99
34 31 42 100
34 43 16 100
34 13 48 100
35 35 34 100
35 45 6 100
35 8 24 99
36 14 11 100
36 35 28 100
37 41 29 100
37 28 3 100
37 42 19 100
37 46 0 100
38 31 42 100
39 36 1 99
39 45 16 100
39 23 17 100
40 7 26 150
40 29 26 100
40 6 34 100
41 13 48 100
43 1 3 99
43 1 28 100
43 1 42 100
43 24 27 150
43 35 16 99
43 10 6 99
44 39 44 150
44 8 30 150
45 32 40 150
45 12 11 100
46 18 19 100
47 48 40 100
47 34 39 100
48 0 42 100
48 19 31 100
48 14 3 100
49 43 16 100
49 32 30 100
49 32 34 100
49 8 3 100
49 8 48 100
49 31 39 148
50 14 26 150
50 22 25 99
50 32 26 99
51 32 25 150
51 40 6 100
51 37 19 100
51 45 16 100
53 1 42 100
53 21 7 100
54 15 28 100
55 33 16 100
55 33 19 99
55 33 44 150
55 7 40 148
56 41 11 99
56 45 42 100
56 36 1 99
57 34 48 100
57 36 26 150
57 22 16 99
57 8 27 100
57 6 26 100
58 40 6 100
58 32 34 100
59 42 17 100
59 1 44 150
59 15 16 100
60 22 16 99
60 32 34 100
62 28 48 100
63 28 14 100
63 15 16 100
63 13 14 100
64 2 11 99
64 2 27 100
64 24 34 99
65 47 6 99
65 30 42 99
65 4 40 100
65 22 16 99
65 35 14 148
65 6 40 100
65 37 19 100
66 26 24 100
67 24 27 150
67 32 40 150
68 8 3 100
68 8 48 100
68 35 16 99
69 31 17 100
69 42 25 100
69 25 16 100
69 48 0 99
70 14 3 100
70 14 34 100
70 42 25 100
71 18 44 100
72 2 27 100
72 43 16 100
73 14 34 100
73 18 19 100
73 13 48 100
73 44 6 100
74 13 11 100
74 45 42 100
74 2 1 100
75 27 16 99
75 2 27 100
76 23 31 148
76 2 27 100
78 25 31 100
79 15 44 150
79 25 31 100
79 24 27 150
80 30 28 100
80 30 42 99
80 47 6 99
80 42 30 100
81 8 27 100
82 31 17 100
82 8 48 100
83 32 34 100
83 15 16 100
83 4 11 100
84 37 19 100
84 37 25 148
84 36 1 99
84 41 29 100
84 34 42 100
85 10 6 99
85 1 25 150
85 15 39 99
87 1 25 150
87 4 46 100
87 48 49 99
87 39 37 100
88 1 42 100
88 33 19 99
89 13 34 100
90 14 3 100
90 34 48 100
90 41 16 100
91 34 3 100
92 7 25 100
92 24 27 150
92 30 42 99
92 12 29 99
92 29 6 99
93 14 3 100
94 21 7 100
94 11 44 150
95 44 45 100
95 34 34 100
95 42 19 100
95 46 11 100
96 15 16 100
96 24 1 100
97 43 28 100
97 34 48 100
98 22 6 100
98 39 44 150
98 9 46 99
99 36 33 100
99 36 46 100
99 0 19 99
99 9 40 100
99 43 16 100
100 16 39 100
101 9 44 150
101 15 16 100
102 41 16 100
102 41 30 148
102 0 42 100
103 6 28 99
104 37 19 100
104 37 25 148
104 8 48 100
104 45 6 100
105 39 0 100
106 45 16 100
106 45 42 100
107 25 11 99
108 25 31 100
108 2 1 100
108 4 46 100
108 33 19 99
109 39 44 150
109 13 48 100
110 28 27 150
110 15 26 150
110 23 26 100
111 23 17 100
111 36 46 100
111 21 7 100
111 17 34 99
111 35 16 99
114 15 28 100
114 30 42 99
114 18 19 100
115 45 16 100
115 32 46 99
115 34 48 100
115 25 11 99
115 47 6 99
116 12 0 100
116 2 27 100
116 15 39 99
118 33 16 100
118 33 45 99
118 15 28 100
118 30 42 99
118 18 29 99
119 31 1 99
120 31 34 100
121 42 19 100
122 45 16 100
122 8 48 100
123 2 3 150
123 2 11 99
123 14 26 150
124 29 6 99
124 29 26 100
124 4 27 148
125 25 16 100
125 18 19 100
126 37 44 100
127 14 34 100
127 14 42 99
127 34 48 100
128 11 37 99
129 42 19 100
131 4 11 100
131 10 6 99
131 33 44 150
131 35 34 100
132 9 44 150
132 28 48 100
132 33 1 100
133 49 23 99
133 4 40 100
133 8 23 150
133 28 23 100
133 28 30 99
133 48 40 100
133 43 31 100
134 48 49 99
134 2 27 100
135 36 28 100
135 37 19 100
136 32 31 150
136 32 34 100
136 40 17 100
137 34 42 100
137 9 7 100
138 43 16 100
138 28 48 100
138 29 6 99
139 19 45 100
139 31 34 100
140 17 31 100
140 28 27 150
141 23 0 100
141 41 11 99
141 42 19 100
141 34 3 100
142 45 16 100
142 48 40 100
143 18 47 100
144 18 19 100
144 13 48 100
144 1 25 150
144 24 46 100
145 0 42 100
145 29 6 99
146 15 3 99
146 15 16 100
146 31 1 99
148 8 27 100
148 33 16 100
149 12 29 99
150 16 3 148
150 8 25 150
150 45 42 100
151 36 11 100
151 25 31 100
151 2 27 100
152 42 19 100
152 42 25 100
152 9 40 100
152 8 48 100
153 31 34 100
153 48 40 100
153 2 27 100
154 29 0 100
155 34 34 100
156 44 6 100
156 43 16 100
156 30 42 99
156 24 46 100
157 15 26 150
157 15 28 100
157 15 33 100
157 42 19 100
158 4 46 100
158 9 39 150
158 22 16 99
158 34 48 100
159 23 26 100
159 17 34 99
159 31 42 100
159 35 26 150
160 13 11 100
160 3 7 100
160 32 1 100
161 37 19 100
161 2 27 100
162 37 0 99
162 32 46 99
163 31 34 100
163 7 25 100
163 34 39 100
163 36 25 100
164 18 29 99
164 18 44 100
164 37 44 100
165 1 3 99
165 18 39 100
165 24 34 99
166 13 48 100
167 11 37 99
167 11 45 100
167 47 6 99
167 18 19 100
168 5 26 100
168 45 26 150
168 45 42 100
168 4 46 100
170 32 46 99
170 12 11 100
170 30 28 100
171 45 26 150
171 38 3 100
171 42 19 100
171 5 26 100
172 33 1 100
172 14 3 100
172 12 29 99
172 28 48 100
173 30 42 99
173 28 30 99
173 45 16 100
174 6 34 100
175 40 39 100
175 45 16 100
176 8 25 150
176 40 6 100
177 37 19 100
178 40 17 100
178 1 42 100
179 18 44 100
179 35 16 99
179 34 48 100
180 12 11 100
180 27 16 99
180 36 46 100
182 33 1 100
182 23 17 100
183 46 40 150
183 20 31 100
183 30 42 99
183 22 6 100
184 37 40 148
184 33 16 100
185 11 44 150
185 30 28 100
185 28 48 100
186 11 0 100
186 18 19 100
187 7 40 148
188 7 25 100
188 0 19 99
188 0 42 100
189 13 11 100
189 40 6 100
190 38 49 100
191 15 16 100
191 13 34 100
191 2 45 100
192 39 13 100
192 34 48 100
193 18 19 100
193 4 27 148
194 45 42 100
195 14 1 100
195 41 16 100
197 16 39 100
197 0 6 100
198 45 16 100
198 28 48 100
198 18 19 100
199 47 17 100
199 46 11 100
199 18 44 100
200 31 42 100
202 49 44 100
202 0 6 100
202 23 37 99
202 24 1 100
203 18 19 100
203 18 44 100
203 34 34 100
203 34 48 100
204 15 3 99
204 9 7 100
204 43 45 100
205 5 9 100
206 46 27 150
206 33 16 100
206 2 25 150
207 19 31 100
207 36 46 100
208 41 11 99
208 11 3 100
208 33 19 99
208 1 42 100
209 17 34 99
209 34 29 99
209 40 6 100
210 29 26 100
210 27 28 100
210 7 26 150
210 34 48 100
211 0 19 99
212 45 16 100
212 35 39 100
213 4 46 100
213 19 31 100
213 6 34 100
213 6 44 148
214 0 42 100
215 39 28 100
215 40 6 100
215 13 48 100
215 18 19 100
216 2 1 100
216 2 11 99
216 45 20 100
217 27 16 99
218 2 27 100
218 27 16 99
219 34 42 100
220 22 25 99
221 14 3 100
221 33 19 99
221 5 47 100
221 34 48 100
222 27 16 99
222 6 44 148
223 44 6 100
223 36 1 99
224 43 16 100
224 41 34 100
224 37 19 100
226 22 25 99
226 6 26 100
226 32 26 99
226 7 25 100
227 41 11 99
227 28 48 100
228 9 44 150
228 15 16 100
228 15 18 100
229 31 34 100
229 31 42 100
229 42 19 100
230 41 30 148
230 30 3 100
231 35 16 99
231 29 6 99
231 15 3 99
231 40 17 100
232 0 0 100
232 19 45 100
233 14 34 100
233 28 48 100
233 46 46 100
234 18 19 100
234 45 42 100
235 2 1 100
235 2 27 100
235 29 26 100
235 19 49 100
235 32 26 99
236 11 44 150
236 7 40 148
237 0 26 100
237 34 34 100
237 36 11 100
237 36 26 150
237 39 37 100
237 30 42 99
238 33 19 99
239 8 27 100
239 23 31 148
239 45 6 100
241 13 48 100
241 43 16 100
241 14 7 100
241 22 40 150
242 41 34 100
242 4 46 100
242 24 46 100
243 31 42 100
244 37 19 100
244 37 44 100
244 25 31 100
245 27 25 150
245 37 40 148
246 41 11 99
247 41 29 100
247 10 6 99
248 34 39 100
248 34 40 148
248 34 42 100
248 34 48 100
248 43 16 100
248 32 46 99
249 41 39 100
249 14 1 100
249 2 27 100
250 16 3 148
251 13 34 100
251 32 30 100
252 47 17 100
252 2 27 100
253 18 39 100
253 0 6 100
253 28 48 100
254 19 45 100
254 33 19 99
255 18 44 100
255 18 47 100
255 27 28 100
255 2 11 99
255 37 44 100
256 26 7 100
256 14 34 100
256 15 39 99
257 32 40 150
258 13 48 100
258 18 44 100
258 22 16 99
258 31 42 100
259 42 34 100
260 43 16 100
260 39 44 150
261 24 26 100
261 24 46 100
261 6 26 100
261 33 19 99
261 32 26 99
262 23 17 100
263 0 25 150
263 2 1 100
264 12 29 99
264 25 11 99
264 30 42 99
264 4 27 148
265 15 3 99
266 35 16 99
266 44 6 100
266 32 30 100
266 32 46 99
266 0 19 99
267 10 13 100
267 16 39 100
267 34 42 100
267 15 44 150
268 6 40 100
268 28 30 99
269 3 7 100
270 16 1 100
270 1 3 99
270 34 48 100
271 18 29 99
272 24 49 99
272 10 6 99
273 0 25 150
273 0 26 100
273 5 26 100
274 36 25 100
274 36 46 100
274 8 23 150
274 8 27 100
274 8 48 100
274 42 23 100
274 33 16 100
274 0 42 100
274 17 23 100
274 14 23 99
275 0 19 99
275 14 34 100
276 42 25 100
277 30 42 99
278 24 1 100
278 11 45 100
279 25 16 100
279 45 6 100
280 4 11 100
280 17 31 100
280 25 28 99
280 31 17 100
281 9 46 99
281 24 13 100
281 45 42 100
281 18 19 100
284 40 6 100
284 34 48 100
285 43 16 100
285 5 30 150
285 30 42 99
285 14 34 100
286 24 27 150
286 24 46 100
286 3 29 99
287 14 1 100
287 34 20 100
288 18 19 100
289 46 46 100
290 24 27 150
290 36 11 100
291 13 48 100
292 16 31 100
293 8 24 99
294 44 6 100
294 4 36 148
295 24 27 150
295 24 34 99
296 30 42 99
296 2 27 100
296 2 45 100
297 16 1 100
298 10 0 100
298 30 42 99
299 33 3 150
299 33 19 99
300 45 16 100
300 46 46 100
301 45 6 100
301 7 25 100
301 0 19 99
301 36 25 100
302 34 48 100
302 33 44 150
302 21 28 100
302 49 44 100
303 9 46 99
303 8 24 99
303 47 17 100
304 12 0 100
304 12 25 150
305 0 19 99
305 44 49 99
306 25 11 99
306 25 26 150
306 24 26 100
307 32 34 100
307 41 39 100
307 36 1 99
307 45 42 100
308 14 3 100
309 39 37 100
309 4 27 148
310 18 29 99
310 32 34 100
311 45 6 100
311 45 42 100
311 42 19 100
311 19 31 100
312 34 48 100
313 14 26 150
313 3 45 99
313 24 26 100
315 36 28 100
316 33 19 99
316 33 24 100
316 34 39 100
316 34 42 100
317 44 6 100
317 25 11 99
318 34 39 100
318 7 25 100
320 14 42 99
320 7 25 100
320 36 25 100
320 36 28 100
321 13 34 100
321 13 48 100
321 35 39 100
323 6 27 150
323 7 0 100
324 27 16 99
324 37 19 100
325 16 1 100
325 11 45 100
325 42 30 100
326 41 40 150
326 44 6 100
326 24 46 100
326 20 5 100
327 28 23 100
327 28 48 100
327 8 23 150
327 8 24 99
327 8 25 150
327 42 23 100
327 3 29 99
327 17 23 100
328 11 3 100
328 11 39 100
330 39 0 100
330 8 27 100
332 25 11 99
333 33 44 150
333 28 27 150
333 11 44 150
333 23 26 100
333 32 26 99
334 38 3 100
334 37 19 100
334 39 46 148
335 44 6 100
335 37 28 99
335 37 44 100
335 33 44 150
336 33 1 100
336 31 42 100
337 4 46 100
337 13 48 100
338 24 27 150
338 31 31 100
338 45 16 100
339 28 30 99
340 6 24 100
340 6 27 150
340 40 6 100
341 14 42 99
341 14 49 100
341 15 39 99
343 12 3 150
343 11 45 100
344 21 7 100
344 32 1 100
344 32 25 150
345 15 39 99
345 13 48 100
346 2 27 100
346 41 29 100
346 23 17 100
347 0 19 99
347 7 25 100
349 46 40 150
349 7 25 100
350 9 0 100
350 13 48 100
351 4 11 100
351 31 31 100
351 10 6 99
352 46 46 100
352 7 26 150
352 20 5 100
352 33 1 100
352 33 19 99
352 24 26 100
352 24 49 99
353 16 39 100
354 32 24 100
354 32 46 99
356 0 19 99
357 37 28 99
357 47 17 100
358 33 7 100
358 28 48 100
359 28 45 100
359 14 1 100
360 40 6 100
360 34 42 100
361 41 34 100
361 8 27 100
362 2 25 150
362 33 16 100
362 48 0 99
362 36 46 100
363 42 19 100
364 8 48 100
364 25 11 99
364 41 29 100
365 6 24 100
367 32 26 99
367 23 26 100
368 4 46 100
368 42 26 150
368 42 30 100
368 45 26 150
368 18 39 100
369 31 1 99
369 8 3 100
370 26 7 100
370 26 28 100
370 42 19 100
371 17 31 100
371 6 44 148
371 49 44 100
371 28 48 100
372 6 27 150
372 37 44 100
372 34 42 100
373 25 5 100
374 6 3 99
375 4 46 100
375 10 6 99
376 37 0 99
376 37 19 100
376 9 46 99
377 41 11 99
378 14 39 150
379 1 44 150
379 0 44 150
379 42 37 100
380 15 3 99
380 31 1 99
380 43 45 100
381 1 42 100
381 40 6 100
381 40 39 100
381 46 24 100
382 33 19 99
382 46 46 100
382 8 48 100
383 13 34 100
383 4 46 100
384 35 39 100
385 4 46 100
385 38 3 100
386 15 3 99
386 34 40 148
387 42 19 100
387 0 42 100
387 38 49 100
388 0 6 100
390 13 11 100
390 26 25 150
390 2 1 100
390 43 9 100
391 45 26 150
391 18 19 100
391 18 29 99
392 24 46 100
392 16 31 100
392 28 48 100
393 6 44 148
393 15 44 150
394 0 3 150
394 0 19 99
395 40 6 100
395 40 17 100
395 34 42 100
396 48 24 100
396 9 46 99
397 0 0 100
397 24 1 100
398 1 28 100
398 1 42 100
399 25 26 150
399 45 26 150
400 14 7 100
400 43 45 100
401 37 19 100
401 37 25 148
401 37 28 99
402 25 11 99
402 8 48 100
403 7 26 150
403 23 26 100
403 23 37 99
403 41 34 100
404 16 39 100
405 24 46 100
405 37 19 100
406 40 6 100
407 2 25 150
407 2 27 100
407 39 0 100
408 28 48 100
408 2 1 100
408 6 24 100
409 33 44 150
409 37 44 100
411 2 27 100
412 47 6 99
412 31 31 100
412 38 49 100
413 45 16 100
413 45 42 100
413 37 25 148
413 2 27 100
414 41 39 100
414 43 45 100
414 13 48 100
414 31 1 99
415 0 19 99
416 8 3 100
416 47 17 100
416 41 29 100
417 41 16 100
418 38 3 100
418 12 25 150
418 35 26 150
419 42 26 150
419 42 34 100
419 6 26 100
419 36 11 100
419 45 42 100
420 8 27 100
421 18 39 100
421 29 6 99
421 25 5 100
421 27 24 100
423 37 19 100
423 37 25 148
423 39 3 150
424 34 42 100
425 14 1 100
425 14 26 150
425 5 26 100
425 42 25 100
425 35 16 99
426 11 0 100
426 11 39 100
427 43 45 100
427 35 49 100
428 17 34 99
429 14 42 99
430 42 19 100
430 34 48 100
430 24 46 100
431 36 1 99
432 45 6 100
432 8 27 100
433 33 16 100
434 2 25 150
434 15 28 100
434 15 39 99
434 3 7 100
435 20 31 100
435 6 24 100
435 28 30 99
435 28 48 100
436 34 42 100
436 18 19 100
437 16 3 148
437 36 46 100
438 2 11 99
438 47 17 100
439 37 25 148
440 2 27 100
440 10 6 99
441 18 39 100
442 36 1 99
443 49 0 100
443 15 28 100
443 8 48 100
443 26 45 100
444 0 19 99
444 0 26 100
444 0 44 150
444 36 26 150
444 36 46 100
444 1 44 150
444 12 29 99
445 24 49 99
446 41 16 100
446 41 39 100
446 30 3 100
446 30 42 99
447 1 42 100
447 24 34 99
447 33 7 100
448 44 30 148
449 1 28 100
449 33 24 100
449 40 17 100
449 29 6 99
450 4 40 100
450 9 40 100
451 31 42 100
451 4 11 100
451 4 46 100
451 11 3 100
452 20 31 100
453 24 46 100
454 18 19 100
455 24 1 100
456 39 0 100
456 41 39 100
456 28 48 100
457 8 27 100
458 28 30 99
458 47 6 99
458 1 42 100
459 31 34 100
459 41 16 100
460 46 46 100
460 1 28 100
461 32 24 100
461 4 27 148
461 18 29 99
462 39 45 100
462 18 19 100
463 35 26 150
464 38 39 148
464 2 11 99
465 32 1 100
465 32 26 99
465 25 5 100
466 34 23 148
466 34 48 100
466 23 0 100
466 35 23 100
466 25 23 100
467 12 3 150
467 29 6 99
467 34 42 100
468 42 17 100
469 25 31 100
469 33 19 99
469 32 46 99
470 46 46 100
472 6 26 100
472 24 26 100
473 14 1 100
473 14 42 99
473 42 19 100
474 5 30 150
474 43 16 100
474 3 7 100
474 24 34 99
474 8 24 99
475 34 48 100
476 32 30 100
476 4 11 100
476 2 27 100
477 5 44 150
477 15 44 150
477 24 46 100
478 15 26 150
478 6 26 100
479 29 26 100
479 33 19 99
479 33 44 150
479 7 26 150
480 1 25 150
480 1 28 100
480 1 44 150
480 39 45 100
480 8 27 100
480 44 6 100
481 14 3 100
481 14 42 99
481 46 27 150
482 38 3 100
482 14 38 99
483 2 1 100
483 2 25 150
483 8 48 100
484 39 0 100
484 33 19 99
485 11 39 100
486 18 39 100
486 0 42 100
486 32 46 99
487 37 25 148
487 15 26 150
487 19 31 100
487 11 24 99
487 6 26 100
488 9 7 100
488 25 28 99
488 3 37 100
489 35 49 100
490 48 40 100
491 4 11 100
491 40 6 100
491 34 19 150
491 34 48 100
492 2 1 100
493 41 29 100
495 2 45 100
496 34 42 100
497 0 0 100
497 40 17 100
498 27 28 100
499 17 23 100
499 0 6 100
499 46 24 100
499 22 23 100
499 14 23 99
499 12 23 100
500 36 1 99
500 42 23 100
500 42 30 100
500 28 48 100
501 37 19 100
502 48 49 99
502 32 46 99
503 14 7 100
504 8 25 150
504 6 28 99
504 9 46 99
505 37 44 100
505 6 27 150
505 6 44 148
505 30 42 99
505 43 31 100
506 40 17 100
507 26 25 150
507 41 34 100
508 2 11 99
508 46 46 100
509 26 24 100
509 8 48 100
509 47 6 99
510 0 19 99
510 24 46 100
510 34 29 99
511 33 1 100
511 2 27 100
512 11 39 100
512 30 42 99
512 32 46 99
513 14 26 150
513 0 26 100
515 10 6 99
515 28 27 150
516 45 26 150
516 3 45 99
517 33 16 100
517 19 5 100
517 43 9 100
517 43 28 100
517 29 26 100
517 32 26 99
517 24 26 100
518 6 1 100
518 1 42 100
519 9 7 100
519 36 11 100
520 6 24 100
520 0 19 99
521 7 26 150
521 29 26 100
521 30 42 99
521 13 48 100
522 10 0 100
522 25 31 100
523 6 34 100
524 42 25 100
525 30 26 148
525 35 39 100
525 49 46 148
526 33 43 100
526 33 44 150
526 23 26 100
526 6 26 100
526 6 44 148
526 11 39 100
526 29 26 100
527 22 23 100
527 17 23 100
527 34 23 148
528 34 42 100
529 12 25 150
529 12 37 99
530 4 46 100
531 11 0 100
531 11 24 99
531 42 19 100
531 6 1 100
531 28 48 100
532 36 26 150
532 2 27 100
532 23 26 100
533 47 6 99
533 5 44 150
533 38 3 100
533 9 44 150
534 1 25 150
534 1 42 100
534 28 45 100
535 4 46 100
535 37 19 100
536 12 25 150
536 12 29 99
536 11 39 100
536 24 34 99
536 18 47 100
537 31 31 100
537 44 49 99
537 13 48 100
538 32 26 99
538 5 26 100
539 41 30 148
539 4 27 148
539 4 46 100
539 7 0 100
539 24 1 100
540 6 44 148
540 39 44 150
541 45 42 100
541 47 17 100
542 28 27 150
543 46 11 100
543 46 46 100
544 6 24 100
545 37 0 99
545 37 25 148
545 6 1 100
546 8 48 100
546 6 26 100
546 36 26 150
547 45 6 100
547 45 42 100
549 9 46 99
549 18 19 100
550 46 27 150
550 46 46 100
551 39 28 100
551 45 26 150
551 47 17 100
552 14 26 150
552 30 26 148
553 30 26 148
553 12 11 100
553 24 26 100
553 24 34 99
554 28 48 100
554 37 19 100
555 35 34 100
555 20 31 100
555 0 42 100
555 33 24 100
555 33 45 99
557 16 39 100
557 30 28 100
557 30 42 99
557 0 6 100
558 4 46 100
558 2 1 100
558 2 27 100
558 27 16 99
559 8 30 150
559 14 7 100
560 46 0 100
560 46 27 150
560 30 3 100
561 6 3 99
561 0 42 100
563 0 19 99
563 45 49 100
563 46 46 100
563 6 1 100
564 3 7 100
565 6 40 100
565 28 48 100
565 48 40 100
566 34 39 100
566 25 11 99
567 34 29 99
567 34 39 100
568 31 42 100
568 44 6 100
569 24 46 100
569 33 24 100
570 28 30 99
571 20 31 100
572 8 25 150
572 31 1 99
572 31 17 100
573 42 19 100
573 28 48 100
574 11 45 100
575 9 46 99
577 0 27 150
578 37 19 100
578 27 16 99
578 22 6 100
579 22 16 99
579 22 43 99
579 12 3 150
579 1 42 100
580 11 0 100
580 21 33 100
581 12 11 100
581 24 46 100
581 0 19 99
582 31 42 100
582 1 25 150
582 22 16 99
583 0 25 150
583 0 42 100
583 8 24 99
583 8 27 100
583 15 43 100
584 9 46 99
585 24 34 99
585 47 6 99
586 24 1 100
586 24 27 150
586 13 48 100
586 20 31 100
588 46 18 100
588 46 40 150
588 43 36 100
589 28 27 150
589 9 46 99
589 38 49 100
590 45 42 100
590 37 19 100
591 2 27 100
592 33 16 100
592 8 25 150
593 46 11 100
593 14 42 99
593 10 6 99
594 27 33 100
594 0 27 150
594 9 40 100
595 45 34 99
595 1 15 99
596 48 24 100
596 28 27 150
596 8 33 100
597 32 1 100
598 42 19 100
598 8 33 100
599 14 42 99
599 15 28 100
599 0 6 100
600 0 19 99
600 43 31 100
600 28 48 100
602 4 11 100
602 43 16 100
602 30 42 99
604 43 16 100
604 42 19 100
605 28 27 150
605 15 43 100
605 22 36 100
606 24 46 100
606 22 16 99
606 49 0 100
607 27 16 99
607 13 48 100
608 44 30 148
608 15 43 100
609 16 3 148
609 42 19 100
609 10 13 100
609 1 15 99
609 8 27 100
610 22 6 100
610 22 36 100
611 43 16 100
612 4 27 148
612 14 1 100
612 14 26 150
612 11 24 99
612 5 26 100
612 28 48 100
613 25 11 99
613 25 28 99
613 14 42 99
614 11 0 100
614 2 25 150
615 47 17 100
615 4 33 100
616 0 27 150
617 15 42 148
617 18 19 100
618 10 13 100
618 2 27 100
619 14 3 100
619 14 34 100
619 8 48 100
619 20 31 100
620 24 27 150
620 22 43 99
621 43 36 100
621 29 6 99
622 4 33 100
623 11 24 99
623 41 40 150
623 8 27 100
624 18 19 100
624 1 25 150
625 4 11 100
625 4 15 100
626 39 43 100
627 10 6 99
627 21 28 100
627 37 25 148
627 14 3 100
628 45 16 100
628 45 34 99
628 32 46 99
628 8 48 100
629 28 3 100
629 28 27 150
629 18 19 100
629 15 16 100
629 34 42 100
630 0 25 150
631 7 26 150
631 14 42 99
631 24 26 100
631 23 37 99
632 0 25 150
632 0 27 150
633 41 29 100
634 39 0 100
634 8 27 100
634 32 1 100
635 42 19 100
635 27 16 99
636 39 43 100
636 45 6 100
636 45 34 99
636 25 11 99
638 25 3 99
638 2 27 100
638 28 48 100
639 15 26 150
640 32 46 99
640 1 42 100
640 37 19 100
641 36 15 99
641 32 24 100
642 29 36 100
642 46 40 150
642 4 33 100
642 2 27 100
643 24 26 100
643 6 26 100
643 39 43 100
644 13 16 148
644 21 33 100
644 15 26 150
644 35 26 150
644 42 30 100
645 37 19 100
645 19 31 100
645 8 27 100
646 33 43 100
646 24 13 100
646 45 6 100
647 4 11 100
647 28 48 100
648 11 44 150
648 9 44 150
649 15 33 100
649 2 27 100
649 37 19 100
650 27 33 100
650 12 0 100
650 22 36 100
651 18 40 148
651 18 44 100
651 37 44 100
651 28 27 150
652 48 24 100
652 48 40 100
652 18 44 100
652 24 26 100
652 42 26 150
653 18 40 148
653 48 40 100
654 8 3 100
654 22 6 100
655 30 42 99
655 6 1 100
655 6 27 150
655 15 16 100
656 22 36 100
656 8 27 100
656 8 48 100
657 29 26 100
657 36 15 99
657 36 26 150
657 36 46 100
658 22 25 99
658 22 43 99
658 37 19 100
660 32 25 150
660 4 27 148
660 25 16 100
660 45 6 100
661 36 13 150
661 36 46 100
662 0 27 150
662 0 42 100
662 13 11 100
662 45 16 100
663 1 3 99
663 4 33 100
663 4 46 100
664 15 33 100
664 20 31 100
664 46 40 150
665 47 43 100
665 1 42 100
665 18 19 100
665 8 27 100
666 2 25 150
666 46 24 100
666 13 48 100
667 0 26 100
667 15 26 150
667 16 1 100
668 43 16 100
668 0 27 150
669 22 6 100
670 12 25 150
670 24 34 99
671 0 19 99
672 30 13 100
673 7 43 100
673 4 11 100
673 37 19 100
674 48 0 99
674 48 49 99
674 28 48 100
674 4 15 100
675 32 30 100
675 32 46 99
676 22 6 100
676 22 43 99
677 18 13 100
677 25 28 99
677 2 27 100
678 46 24 100
678 43 16 100
678 43 45 100
678 9 7 100
679 38 3 100
679 0 27 150
679 0 42 100
680 6 28 99
680 8 48 100
680 25 31 100
680 25 36 100
681 33 19 99
682 30 26 148
682 47 43 100
683 33 19 99
683 7 25 100
684 36 26 150
684 41 16 100
684 32 26 99
684 9 36 99
685 22 6 100
685 21 33 100
685 4 27 148
685 36 1 99
686 32 30 100
686 32 46 99
686 25 11 99
687 14 26 150
687 7 13 100
687 7 26 150
687 13 48 100
688 30 42 99
688 0 19 99
689 34 34 100
689 24 27 150
690 5 44 150
690 15 3 99
690 15 44 150
690 14 42 99
691 4 15 100
691 40 47 100
691 29 36 100
692 9 36 99
692 27 24 100
692 0 19 99
693 32 25 150
693 35 16 99
694 39 13 100
694 20 31 100
694 30 42 99
695 34 40 148
695 34 48 100
695 8 27 100
695 10 6 99
695 10 36 99
697 4 33 100
697 18 19 100
697 41 34 100
698 3 29 99
698 15 43 100
699 2 1 100
699 36 26 150
699 36 46 100
700 42 19 100
700 42 25 100
700 42 26 150
700 29 26 100
700 32 40 150
700 25 16 100
701 7 25 100
701 1 42 100
702 35 16 99
702 2 11 99
702 32 46 99
703 31 42 100
703 33 3 150
703 0 27 150
704 18 19 100
704 22 36 100
705 45 6 100
705 4 33 100
705 4 46 100
706 2 27 100
706 0 26 100
706 0 44 150
706 23 26 100
706 6 26 100
706 32 49 100
707 37 44 100
707 24 13 100
708 2 27 100
708 36 26 150
708 49 44 100
708 8 48 100
709 48 24 100
709 18 44 100
709 49 44 100
709 15 16 100
709 15 43 100
710 22 40 150
710 38 33 150
710 6 27 150
711 16 1 100
711 32 46 99
711 18 13 100
712 45 26 150
712 45 42 100
712 30 26 148
713 45 6 100
713 36 3 100
713 18 19 100
714 22 36 100
715 23 26 100
715 0 26 100
715 0 27 150
715 28 30 99
716 47 43 100
716 3 37 100
716 36 3 100
716 36 11 100
716 36 15 99
717 42 19 100
717 40 13 150
718 10 13 100
718 0 27 150
719 1 42 100
720 24 27 150
720 47 6 99
721 0 42 100
721 6 28 99
722 14 1 100
722 27 33 100
722 16 31 100
724 28 48 100
724 35 16 99
724 42 19 100
724 42 25 100
724 22 43 99
725 0 27 150
725 46 24 100
726 10 6 99
727 20 33 150
727 14 42 99
727 14 46 150
727 10 36 99
727 32 30 100
727 2 27 100
729 43 16 100
729 46 11 100
729 46 40 150
729 14 42 99
729 42 19 100
730 27 33 100
730 36 15 99
731 39 0 100
732 8 33 100
733 7 13 100
733 33 7 100
733 33 19 99
734 0 42 100
734 24 1 100
735 27 16 99
735 24 27 150
735 31 42 100
736 6 40 100
737 36 25 100
737 37 19 100
737 29 36 100
738 27 24 100
738 22 6 100
739 0 25 150
739 25 31 100
740 46 27 150
740 6 28 99
741 7 36 99
742 34 48 100
742 37 44 100
742 18 44 100
742 49 44 100
743 32 26 99
743 14 11 100
743 14 26 150
743 14 42 99
743 16 27 150
743 35 28 100
744 15 43 100
744 42 19 100
744 42 25 100
744 23 0 100
745 42 25 100
745 42 34 100
746 41 16 100
746 33 1 100
747 2 27 100
747 36 15 99
747 36 33 100
748 8 3 100
748 8 48 100
748 42 26 150
748 24 26 100
748 22 16 99
749 41 40 150
749 8 25 150
749 46 0 100
750 20 19 150
751 38 49 100
751 24 46 100
753 46 11 100
753 46 27 150
753 2 33 150
753 7 26 150
753 31 31 100
753 23 26 100
753 36 28 100
754 29 6 99
754 5 30 150
754 26 24 100
754 42 19 100
755 43 16 100
755 45 42 100
755 8 27 100
758 28 3 100
758 28 27 150
758 28 48 100
758 7 36 99
758 1 42 100
758 45 42 100
759 32 1 100
759 0 27 150
759 4 33 100
760 18 29 99
761 15 3 99
761 1 15 99
761 1 42 100
762 42 19 100
763 19 49 100
763 45 6 100
763 25 11 99
764 21 28 100
764 30 42 99
765 8 27 100
765 37 44 100
765 9 44 150
766 7 13 100
766 7 43 100
766 30 42 99
766 27 33 100
766 24 46 100
767 16 1 100
767 16 27 150
768 9 7 100
769 31 42 100
769 0 19 99
770 30 3 100
771 36 33 100
771 36 46 100
771 34 48 100
771 0 27 150
771 48 16 148
772 25 36 100
773 9 36 99
773 8 24 99
773 8 27 100
774 35 49 100
775 43 31 100
775 24 26 100
775 24 27 150
775 40 6 100
775 23 26 100
775 41 11 99
776 1 15 99
776 24 34 99
776 41 16 100
777 13 48 100
777 48 40 100
777 0 27 150
777 9 40 100
778 33 19 99
778 22 40 150
779 16 1 100
779 8 25 150
779 8 33 100
780 1 42 100
780 2 27 100
781 36 25 100
781 36 33 100
781 49 0 100
781 22 16 99
782 30 26 148
782 30 28 100
782 32 26 99
783 0 6 100
783 0 27 150
784 4 33 100
784 4 46 100
784 18 29 99
785 12 11 100
785 27 33 100
785 6 27 150
786 33 16 100
786 33 19 99
787 30 3 100
787 14 1 100
787 43 36 100
788 7 36 99
788 7 40 148
788 28 27 150
788 28 48 100
789 40 6 100
789 11 24 99
790 39 13 100
790 39 43 100
790 45 42 100
791 14 34 100
791 8 27 100
791 9 36 99
791 35 16 99
792 7 26 150
792 29 26 100
792 36 15 99
793 35 16 99
793 9 46 99
794 25 16 100
794 45 42 100
794 42 19 100
795 18 40 148
795 18 44 100
795 5 44 150
795 16 27 150
796 13 48 100
796 8 27 100
796 37 44 100
797 23 26 100
797 6 26 100
798 2 11 99
798 2 27 100
798 13 34 100
798 10 6 99
799 40 17 100
799 34 3 100
799 15 43 100
799 22 36 100
800 27 25 150
801 45 26 150
801 45 42 100
801 37 25 148
801 24 26 100
802 16 31 100
802 32 26 99
802 6 26 100
802 2 27 100
803 37 19 100
803 41 16 100
803 33 24 100
804 2 27 100
804 13 48 100
805 14 1 100
805 14 42 99
805 36 15 99
806 10 0 100
808 35 26 150
808 6 26 100
808 6 27 150
809 12 25 150
810 11 3 100
810 6 26 100
810 14 26 150
811 15 33 100
811 13 48 100
811 43 36 100
811 32 46 99
812 25 36 100
812 29 6 99
812 31 42 100
812 22 43 99
812 37 19 100
813 35 28 100
813 0 19 99
813 12 11 100
814 33 1 100
814 28 3 100
814 2 27 100
815 0 19 99
816 4 33 100
816 35 16 99
816 48 24 100
817 45 6 100
817 45 16 100
818 8 3 100
818 34 40 148
819 48 40 100
819 37 19 100
819 34 48 100
819 46 46 100
820 6 27 150
821 0 26 100
821 0 42 100
821 45 26 150
821 45 49 100
821 4 11 100
821 4 15 100
821 2 27 100
822 1 28 100
823 27 16 99
823 27 33 100
824 2 25 150
824 43 31 100
825 0 19 99
825 18 13 100
826 14 42 99
827 47 6 99
827 47 43 100
827 36 46 100
827 45 42 100
827 43 36 100
828 48 40 100
828 0 27 150
829 46 46 100
829 6 3 99
829 6 28 99
829 6 40 100
830 46 27 150
830 17 34 99
830 25 36 100
831 2 27 100
832 11 24 99
832 31 42 100
832 33 16 100
832 40 6 100
833 13 11 100
833 3 29 99
833 6 1 100
833 6 27 150
833 36 46 100
834 39 0 100
834 22 16 99
834 34 48 100
834 42 19 100
834 42 30 100
837 8 27 100
838 41 16 100
838 1 15 99
839 31 42 100
840 44 45 100
840 36 28 100
840 15 16 100
841 32 40 150
841 42 19 100
841 13 13 150
842 27 16 99
842 27 25 150
842 28 27 150
842 30 42 99
842 22 6 100
843 19 31 100
844 5 44 150
844 27 24 100
844 37 44 100
845 2 25 150
845 2 33 150
846 6 3 99
846 6 28 99
846 37 19 100
846 43 36 100
846 29 6 99
847 2 11 99
847 34 48 100
847 33 43 100
849 37 19 100
849 37 40 148
849 29 36 100
850 46 27 150
850 32 1 100
852 0 42 100
852 28 48 100
853 29 6 99
854 36 15 99
854 36 33 100
854 25 36 100
854 0 27 150
855 27 25 150
855 33 19 99
856 39 44 150
856 32 24 100
856 32 30 100
856 18 44 100
857 15 16 100
857 15 43 100
857 2 27 100
858 6 28 99
859 10 6 99
859 45 49 100
859 26 25 150
860 23 17 100
860 12 11 100
860 6 1 100
860 33 19 99
861 39 13 100
861 36 33 100
862 24 34 99
862 28 48 100
866 9 46 99
