295 26 2 100
295 26 4 60
295 26 7 150
295 26 18 66
301 26 2 100
301 26 4 75
301 26 7 150
301 26 18 36
318 26 2 100
318 26 4 150
318 26 5 100
318 26 7 150
318 26 18 99
318 26 19 150
323 26 2 100
323 26 4 60
323 26 7 150
323 26 18 99
323 26 19 150
341 26 2 100
341 26 4 150
341 26 5 100
341 26 7 150
341 26 18 99
341 26 19 150
346 26 2 100
346 26 4 60
346 26 7 150
346 26 18 99
346 26 19 150
352 26 2 100
352 26 4 60
352 26 7 150
352 26 18 99
352 26 19 150
359 26 2 100
359 26 4 90
359 26 7 150
359 26 18 99
359 26 19 150
371 26 2 100
371 26 4 105
371 26 7 150
371 26 18 99
371 26 19 150
382 26 2 100
382 26 4 120
382 26 7 150
382 26 18 99
382 26 19 150
388 26 2 100
388 26 4 60
388 26 7 150
388 26 18 99
388 26 19 150
398 26 2 100
398 26 4 135
398 26 7 150
398 26 18 99
398 26 19 150
409 26 2 100
409 26 4 105
409 26 7 150
409 26 18 99
409 26 19 150
419 26 2 100
419 26 4 90
419 26 7 150
419 26 18 99
419 26 19 150
423 26 2 100
423 26 4 60
423 26 7 150
423 26 18 99
423 26 19 150
599 26 2 100
599 26 4 150
599 26 5 100
599 26 7 150
599 26 18 99
599 26 19 150
627 26 2 100
627 26 4 150
627 26 5 100
627 26 7 150
627 26 18 99
627 26 19 150
653 39 12 100
653 39 17 148
653 39 22 99
653 39 29 150
653 39 42 100
653 39 46 150
654 39 12 100
654 39 17 148
654 39 22 99
654 39 29 150
654 39 42 80
672 39 12 100
672 39 17 148
672 39 22 99
672 39 29 150
672 39 42 100
672 39 46 150
674 39 12 100
674 39 17 148
674 39 22 99
674 39 29 150
674 39 42 80
675 26 2 100
675 26 4 150
675 26 5 100
675 26 7 150
675 26 18 99
675 26 19 150
681 39 12 100
681 39 17 148
681 39 22 99
681 39 29 150
681 39 42 100
681 39 46 150
682 39 12 100
682 39 17 148
682 39 22 99
682 39 29 150
682 39 42 80
684 39 12 100
684 39 17 148
684 39 22 99
684 39 29 150
684 39 42 100
684 39 46 150
689 39 12 100
689 39 17 148
689 39 22 99
689 39 29 150
689 39 42 80
692 19 4 99
692 19 17 150
692 19 18 100
692 19 19 45
692 19 30 150
692 19 46 148
692 6 10 16
692 6 26 100
692 6 29 150
692 6 43 150
692 20 7 99
692 20 9 150
692 20 12 150
692 20 18 100
692 20 27 99
692 20 29 150
692 20 32 100
692 20 37 150
692 20 46 100
692 20 48 28
692 44 23 50
692 44 31 100
692 44 36 34
692 41 2 150
692 41 4 99
692 41 27 150
692 41 40 100
692 31 5 148
692 31 7 100
692 31 16 150
692 31 22 100
692 31 26 148
692 31 29 99
692 31 32 150
692 31 47 36
692 35 4 100
692 35 7 150
692 35 10 2
692 35 32 150
692 35 37 100
692 48 2 99
692 48 13 150
692 48 21 150
692 48 27 99
692 48 29 150
692 48 30 100
692 48 40 150
692 17 5 148
692 17 12 130
692 17 31 99
692 17 32 148
692 17 45 100
692 13 2 100
692 13 4 150
692 13 18 150
692 13 21 150
692 13 32 100
692 13 43 10
692 28 26 100
692 28 40 150
692 28 45 99
692 28 47 2
692 27 9 148
692 27 28 99
692 27 32 148
692 43 29 99
692 46 5 100
692 46 7 150
692 46 9 150
692 46 16 150
692 46 21 150
692 46 22 99
692 46 30 48
692 18 4 100
692 18 13 100
692 18 16 150
692 18 26 150
692 18 27 100
692 18 29 150
692 18 30 2
692 34 5 99
692 34 21 150
692 34 31 148
692 34 37 99
692 34 46 148
693 21 4 99
693 21 5 150
693 21 7 148
693 21 17 100
693 21 21 150
693 21 28 100
693 42 2 99
693 42 16 148
693 42 17 99
693 42 21 148
693 42 29 100
693 42 32 150
693 42 46 150
693 20 7 99
693 20 9 150
693 20 18 100
693 20 27 99
693 20 29 150
693 20 32 100
693 20 37 150
693 20 46 100
693 45 4 150
693 45 5 100
693 45 9 120
693 45 37 99
693 45 45 99
693 36 4 100
693 36 13 99
693 36 40 100
693 49 2 150
693 49 5 100
693 49 17 150
693 49 18 99
693 49 27 150
693 27 5 20
693 27 32 148
693 47 7 148
693 47 13 99
693 47 16 100
693 47 21 99
693 48 2 99
693 48 13 150
693 48 21 150
693 48 27 99
693 48 29 150
693 48 40 150
693 34 21 150
693 34 31 148
693 34 37 99
693 34 46 148
693 30 16 150
693 30 17 100
693 30 31 150
693 30 37 150
693 28 26 100
693 28 40 150
693 28 45 99
693 6 26 100
693 6 29 150
693 22 17 99
693 22 27 99
693 22 29 150
693 22 32 100
693 41 2 150
693 41 4 99
693 41 27 150
693 41 40 100
693 0 2 150
694 8 4 100
694 8 16 150
694 8 26 150
694 8 31 150
694 8 40 150
694 21 4 99
694 21 5 1
694 21 17 100
694 21 21 150
694 21 28 100
694 18 2 148
694 18 4 100
694 18 13 100
694 18 16 150
694 18 26 150
694 18 27 100
694 18 29 150
694 18 40 99
694 42 2 99
694 42 16 148
694 42 17 99
694 42 21 148
694 42 29 100
694 42 32 150
694 42 46 150
694 48 2 99
694 48 13 150
694 48 21 150
694 48 27 99
694 48 29 150
694 48 40 150
694 46 7 150
694 46 9 2
694 46 21 150
694 46 22 99
694 12 2 150
694 12 13 150
694 12 28 99
694 12 31 150
694 12 37 150
694 12 40 100
694 0 2 150
694 44 17 148
694 44 27 150
694 44 31 100
694 44 37 99
694 20 7 99
694 20 18 100
694 20 27 99
694 20 29 150
694 20 32 100
694 20 37 150
694 20 46 100
694 15 22 100
694 15 31 100
694 5 4 150
694 5 22 99
694 5 26 150
694 5 45 150
694 11 7 99
694 11 21 150
694 11 22 99
694 11 26 99
694 11 45 100
694 9 22 150
694 9 27 150
694 9 29 100
694 9 45 150
694 19 4 99
694 19 17 150
694 19 18 100
694 19 29 100
694 19 46 108
694 4 26 99
694 4 31 148
694 4 40 100
695 1 2 99
695 1 7 150
695 1 13 99
695 4 7 150
695 4 26 33
695 4 40 100
695 49 2 150
695 49 17 150
695 49 18 99
695 49 27 150
695 21 4 99
695 21 7 148
695 21 17 100
695 21 21 150
695 21 28 100
695 6 29 150
695 2 7 100
695 2 21 100
695 2 22 150
695 2 27 150
695 2 31 100
695 31 7 100
695 31 16 150
695 31 22 100
695 31 29 99
695 31 32 150
695 16 27 150
695 16 32 100
695 16 37 150
695 16 40 100
695 19 4 99
695 19 17 150
695 19 18 100
695 19 29 100
695 19 46 20
695 17 31 99
695 17 32 148
695 17 45 100
695 18 2 148
695 18 4 100
695 18 13 100
695 18 16 150
695 18 27 100
695 18 29 150
695 18 40 99
695 27 28 99
695 27 32 148
695 22 17 99
695 22 27 99
695 22 29 150
695 22 32 100
695 48 2 99
695 48 13 150
695 48 21 116
695 48 29 150
695 48 40 150
695 14 17 99
695 14 27 150
695 38 2 100
695 38 16 150
695 38 45 100
696 25 40 150
696 11 7 99
696 11 21 27
696 11 45 100
696 0 2 150
696 16 27 150
696 16 32 100
696 16 37 150
696 16 40 100
696 31 5 80
696 31 16 150
696 31 22 100
696 31 29 99
696 31 32 150
696 49 2 150
696 49 17 150
696 49 18 99
696 49 27 150
696 9 22 150
696 9 27 150
696 9 29 100
696 9 45 150
696 15 22 100
696 15 31 100
696 30 16 150
696 30 17 100
696 30 31 150
696 30 37 110
696 3 22 100
696 3 29 150
696 3 31 150
696 33 22 100
696 33 27 148
696 33 46 22
696 12 2 150
696 12 13 150
696 12 28 99
696 12 31 150
696 12 40 100
696 22 17 27
696 22 29 150
696 22 32 100
696 48 2 99
696 48 13 150
696 48 21 1
696 48 29 150
696 48 40 150
696 37 7 150
696 37 13 99
696 37 16 150
696 37 32 148
696 37 40 150
697 32 2 100
697 32 4 150
697 32 13 100
697 32 17 32
697 32 27 99
697 32 28 148
697 32 46 20
697 41 4 63
697 41 40 100
697 17 16 100
697 17 31 99
697 17 32 148
697 17 45 100
697 24 7 100
697 24 16 150
697 24 22 150
697 24 28 150
697 24 29 100
697 24 31 150
697 40 7 150
697 40 28 100
697 40 32 150
697 2 7 100
697 2 22 150
697 2 27 150
697 2 31 100
697 30 16 150
697 30 31 150
697 26 2 100
697 26 5 1
697 26 18 99
697 27 28 99
697 27 32 148
697 19 18 100
697 19 29 100
697 23 2 99
697 23 16 100
697 23 18 150
697 23 27 99
697 23 28 150
697 23 31 100
697 23 32 150
697 23 45 148
697 0 2 150
697 9 22 150
697 9 27 150
697 9 29 76
697 47 7 148
697 47 13 99
697 47 16 100
697 28 26 8
697 28 45 99
697 29 2 150
697 29 13 99
697 29 40 150
698 20 7 99
698 20 18 100
698 20 27 99
698 20 29 8
698 20 46 22
698 31 16 74
698 31 26 12
698 44 17 32
698 44 31 100
698 48 2 99
698 48 13 150
698 48 21 28
698 48 40 150
698 42 2 99
698 42 32 150
698 22 27 99
698 22 32 100
698 38 2 100
698 38 45 100
698 11 7 99
698 11 22 99
698 11 45 100
698 12 2 150
698 12 13 150
698 12 28 99
698 12 31 150
698 12 40 100
698 24 7 100
698 24 22 150
698 24 28 150
698 24 31 150
698 0 2 150
698 15 22 100
698 15 31 100
698 5 4 15
698 35 2 99
698 35 7 150
698 35 28 100
698 35 32 150
698 10 13 100
698 10 28 150
699 17 16 5
699 17 32 148
699 17 45 100
699 47 7 148
699 47 13 99
699 46 7 150
699 46 22 60
699 37 7 150
699 37 13 99
699 37 17 32
699 37 40 76
699 5 4 15
699 49 2 150
699 49 18 99
699 49 27 150
699 3 29 6
699 8 31 150
699 20 7 99
699 20 18 100
699 20 27 99
699 20 29 1
699 20 46 1
699 23 18 150
699 23 27 99
699 23 28 150
699 23 31 100
699 23 32 150
699 23 45 148
699 21 7 148
699 21 28 100
699 31 7 100
699 31 32 150
699 42 2 99
699 42 32 150
699 35 2 99
699 35 7 150
699 35 28 100
699 35 32 150
700 44 17 32
700 44 31 100
700 7 7 150
700 7 26 10
700 7 31 150
700 7 46 21
700 20 18 100
700 20 27 99
700 20 32 100
700 37 7 150
700 37 13 99
700 37 16 5
700 2 7 100
700 2 21 28
700 2 31 100
700 14 27 150
700 40 7 150
700 40 28 100
700 40 32 150
700 3 31 150
700 4 7 150
700 4 31 148
700 29 2 150
700 29 13 99
700 10 13 100
700 10 28 150
700 45 27 148
700 45 45 99
700 12 2 150
700 12 13 150
700 12 28 99
700 12 31 150
701 33 21 27
701 33 46 21
701 24 16 3
701 24 29 6
701 5 4 15
701 12 2 150
701 12 13 150
701 12 28 99
701 12 31 150
701 9 27 150
701 9 45 150
701 29 2 150
701 29 13 99
701 29 17 32
701 1 2 99
701 1 7 150
701 1 13 99
701 36 13 99
701 39 29 1
701 4 7 150
701 4 31 148
701 20 7 99
701 20 18 100
701 20 27 99
701 20 32 100
701 48 2 99
701 48 13 150
701 48 21 1
701 23 2 99
701 23 16 2
701 23 27 99
701 23 28 150
701 23 31 100
701 23 32 150
701 23 45 148
702 15 22 60
702 39 29 7
702 40 28 100
702 40 32 150
702 9 19 45
702 9 45 150
702 25 40 9
702 38 16 3
702 45 27 148
702 45 45 99
702 16 27 150
702 16 32 100
702 37 7 150
702 37 13 99
702 37 16 2
702 12 2 150
702 12 13 150
702 12 28 99
702 12 31 150
702 47 7 148
702 47 13 99
702 1 2 99
702 1 7 150
702 1 13 99
702 30 31 150
702 19 18 100
702 28 45 99
702 24 7 100
702 24 28 150
702 24 31 150
703 37 7 150
703 37 13 99
703 37 16 5
703 37 46 20
703 1 7 150
703 1 13 99
703 11 7 99
703 11 22 60
703 46 7 150
703 13 2 100
703 13 4 15
703 13 32 100
703 38 2 100
703 38 45 100
703 43 29 33
703 31 7 100
703 31 32 150
703 22 27 99
703 22 29 1
703 39 46 2
703 49 18 99
703 49 27 150
703 26 2 100
703 26 7 150
703 26 18 99
703 8 31 150
703 10 13 100
703 10 28 150
703 2 7 100
703 2 27 150
703 2 31 100
704 17 16 5
704 17 32 148
704 17 45 100
704 9 27 150
704 9 29 4
704 18 2 148
704 18 13 100
704 18 26 9
704 18 29 3
704 48 2 99
704 48 13 150
704 48 21 28
704 49 2 150
704 49 17 32
704 49 27 150
704 32 2 100
704 32 13 100
704 32 18 100
704 32 27 75
704 32 46 20
704 2 31 100
704 40 7 150
704 40 28 100
704 40 32 150
704 33 46 1
704 23 18 150
704 23 28 150
704 23 31 100
704 23 32 150
704 23 45 148
704 10 13 100
704 10 28 150
705 5 22 60
705 17 16 5
705 17 32 8
705 47 7 148
705 47 13 99
705 20 7 48
705 20 29 7
705 32 13 100
705 32 17 32
705 32 28 148
705 42 2 99
705 41 2 150
705 41 27 1
705 10 13 100
705 10 28 150
705 1 2 99
705 1 13 99
705 35 2 99
705 35 7 1
705 15 31 100
705 28 45 99
705 9 45 150
706 9 22 60
706 4 26 12
706 49 2 150
706 49 17 32
706 3 29 2
706 31 16 5
706 26 4 15
706 13 18 1
706 35 28 100
706 47 13 99
706 11 45 100
706 8 31 150
706 2 31 100
706 28 45 99
706 0 2 150
706 24 28 150
706 24 31 150
706 24 46 20
707 42 16 4
707 36 13 99
707 27 28 99
707 2 31 100
707 31 16 1
707 5 45 150
707 23 2 99
707 23 18 34
707 23 31 100
707 23 45 148
707 7 28 100
707 7 31 150
707 30 31 150
708 35 2 99
708 35 4 12
708 42 2 99
708 42 16 4
708 41 4 3
708 37 16 1
708 32 13 100
708 32 28 148
708 8 31 150
708 34 31 148
708 18 2 148
708 18 13 100
708 24 22 60
708 0 2 99
708 19 29 1
708 16 40 1
709 48 2 36
709 48 19 45
709 12 28 48
709 18 13 100
709 18 16 4
709 32 46 20
709 30 31 150
709 42 46 1
709 29 13 99
709 31 16 1
710 42 2 36
710 13 4 15
710 8 26 10
710 12 13 150
710 12 31 150
710 2 31 100
710 30 31 150
710 11 45 100
710 3 17 2
710 34 31 148
710 47 13 99
711 14 17 30
711 10 21 28
711 7 31 150
711 7 46 1
711 29 17 2
711 1 13 99
711 34 31 148
711 11 45 100
711 47 13 99
711 21 28 1
712 29 17 32
712 17 5 80
712 17 32 28
712 12 13 150
712 12 31 150
712 8 4 15
712 14 46 20
712 31 22 60
712 23 31 100
712 23 45 148
712 47 13 99
712 15 31 100
713 23 16 4
713 23 45 148
713 1 7 40
713 15 31 100
713 20 29 7
713 29 13 99
713 9 19 45
713 21 4 15
713 17 16 1
713 17 45 100
713 8 31 150
714 14 17 30
714 11 22 60
714 6 29 1
714 41 40 8
714 34 31 148
714 3 17 2
715 5 45 150
715 5 48 30
715 7 46 21
715 41 40 8
715 39 29 1
715 9 45 150
715 35 32 30
715 10 13 36
716 33 46 1
716 17 32 28
716 7 26 10
716 37 40 2
716 49 18 66
716 45 45 99
716 20 32 2
717 35 4 12
717 5 26 9
717 46 21 27
717 15 31 100
717 42 46 1
717 9 45 150
717 4 31 148
717 18 16 2
718 23 45 148
718 9 29 4
718 24 29 2
718 24 46 20
718 29 13 36
718 31 16 1
719 8 4 15
719 45 5 80
719 35 2 36
719 22 17 30
720 34 21 28
720 11 45 100
720 17 45 100
721 39 17 32
721 42 46 1
721 28 45 99
722 30 16 3
722 29 40 8
722 46 5 1
723 30 16 3
723 14 46 20
723 21 4 15
723 24 29 2
724 26 18 33
724 13 18 1
726 17 16 5
726 32 2 36
726 4 7 39
726 45 45 99
727 20 29 7
727 17 16 5
727 36 13 36
727 3 17 32
728 46 16 3
729 45 45 99
729 37 7 39
730 19 17 30
730 37 16 5
730 24 28 48
731 37 16 2
732 9 45 150
732 23 45 148
733 33 21 27
733 8 16 4
734 39 46 20
735 18 16 4
735 32 17 2
736 46 5 1
736 35 7 1
737 15 31 42
737 26 18 33
737 5 45 150
738 41 40 8
738 28 45 99
738 42 16 4
739 47 7 40
739 13 4 3
740 5 4 15
740 8 16 6
740 12 13 36
740 33 46 1
741 23 16 2
741 36 40 1
741 17 45 100
742 4 7 39
742 29 17 2
743 45 4 15
743 41 40 8
743 47 21 27
744 38 45 100
744 45 45 99
744 9 45 150
745 39 17 32
745 21 4 15
746 5 4 15
746 29 17 32
746 14 46 20
747 42 2 36
747 24 7 40
747 38 45 100
748 38 16 6
748 24 7 40
748 16 32 28
749 23 2 36
750 14 17 30
750 17 16 1
750 26 18 33
751 23 16 4
751 14 17 30
751 31 16 1
752 6 29 1
752 34 31 40
752 17 45 100
753 7 7 40
753 11 45 4016
755 4 31 40
755 27 28 48
756 38 2 36
756 37 7 39
756 39 46 2
758 32 2 36
759 33 46 21
759 9 45 150
759 31 16 1
760 19 18 34
760 32 17 2
764 49 17 32
764 11 22 60
766 23 45 148
767 13 2 36
767 14 17 30
768 44 17 32
768 42 2 36
768 32 18 32
768 35 7 1
770 11 22 60
770 17 16 1
770 29 17 2
771 17 16 5
771 23 18 2
772 3 17 32
776 23 16 2
778 7 46 1
780 48 40 2
783 34 21 2
783 20 29 3
784 18 13 36
784 26 18 33
786 31 16 5
787 31 16 1
788 12 31 42
788 6 26 10
789 47 13 36
789 23 18 34
789 30 17 32
789 36 40 1
794 5 45 150
795 23 2 36
795 9 45 150
795 1 13 36
795 28 45 99
796 42 16 4
796 37 16 1
797 8 16 4
799 20 29 1
801 19 18 34
801 42 32 30
802 48 29 6
802 16 32 28
802 28 45 99
802 33 46 1
803 17 16 5
805 6 29 7
814 20 29 7
815 20 46 21
824 42 29 6
826 31 16 5
834 25 40 9
838 33 22 60
851 40 7 40
852 33 21 27
856 36 4 15
859 24 46 20
862 10 29 6
865 45 45 3
