3 31 22 100
3 31 47 100
3 37 7 100
3 19 31 148
3 23 47 100
4 28 35 100
4 23 47 100
4 31 47 100
5 3 31 99
5 31 22 100
6 37 20 100
6 34 21 100
7 9 31 150
8 18 22 100
8 18 47 148
8 39 47 100
8 9 33 100
8 2 26 99
9 16 31 100
10 39 35 100
10 20 43 100
10 36 22 100
10 49 42 99
11 17 20 100
11 21 13 100
12 31 22 100
12 31 35 100
12 14 7 100
12 41 31 99
13 6 31 100
13 31 22 100
14 41 31 99
14 4 46 100
15 6 31 100
15 18 22 100
16 16 31 100
16 3 21 100
17 28 26 150
17 28 35 100
17 18 22 100
17 44 42 100
18 12 31 100
18 43 13 100
18 39 47 100
18 36 2 150
18 29 2 99
18 42 20 100
18 17 2 100
19 3 31 99
19 21 2 100
19 36 2 150
19 36 22 100
19 44 42 100
19 7 25 99
19 48 43 100
19 23 2 99
19 23 47 100
20 26 31 99
20 6 2 100
20 2 22 100
22 17 20 100
22 17 46 99
22 26 31 99
22 18 22 100
22 37 7 100
22 37 13 100
23 32 36 99
23 26 31 99
24 31 22 100
25 5 20 100
25 9 46 99
25 2 26 99
26 36 22 100
26 46 13 100
26 6 31 100
26 6 48 150
26 8 48 148
27 34 21 100
27 3 31 99
27 9 33 100
27 2 22 100
28 20 43 100
28 23 47 100
29 18 22 100
29 18 47 148
29 2 26 99
29 2 46 99
29 24 4 100
29 7 25 99
30 37 20 100
30 39 18 99
31 19 7 100
31 6 31 100
31 32 41 99
32 36 22 100
32 6 31 100
33 41 31 99
33 16 13 100
33 21 35 100
33 31 42 100
34 26 20 100
34 18 22 100
34 2 26 99
34 44 21 100
35 1 48 150
35 11 48 150
36 2 22 100
36 9 33 100
36 38 3 100
36 38 48 100
36 26 31 99
37 18 22 100
37 3 21 100
38 48 43 100
38 41 20 100
38 30 18 100
38 26 18 100
38 36 18 100
39 9 46 99
39 6 31 100
39 36 22 100
40 31 47 100
40 14 7 100
40 39 47 100
40 18 31 100
41 44 42 100
41 38 7 100
42 42 20 100
42 45 13 100
42 26 31 99
42 44 22 148
43 41 31 99
43 38 47 150
43 2 26 99
44 41 31 99
44 37 35 99
44 38 47 150
44 18 22 100
45 10 4 100
45 32 25 99
45 43 4 100
46 14 43 100
46 2 22 100
46 7 13 100
46 3 31 99
46 35 47 100
46 23 47 100
47 44 21 100
47 26 18 100
47 31 22 100
48 39 47 100
48 41 20 100
48 41 31 99
48 41 33 150
48 31 47 100
49 26 31 99
49 31 22 100
49 27 0 100
50 37 13 100
50 19 26 148
51 2 22 100
51 12 7 99
51 21 35 100
52 20 4 100
52 12 31 100
53 37 20 100
53 37 22 150
53 12 31 100
54 35 33 100
54 12 31 100
54 8 13 100
54 8 43 100
55 14 46 99
55 18 22 100
55 18 31 100
56 48 4 150
56 29 35 100
56 35 47 100
56 31 47 100
57 26 31 99
57 2 22 100
57 2 26 99
57 39 47 100
58 41 20 100
58 20 25 99
59 14 46 99
59 35 47 100
59 2 22 100
59 39 47 100
60 21 35 100
60 41 31 99
61 3 31 99
61 37 22 150
61 5 33 99
62 3 31 99
63 34 21 100
63 6 31 100
63 48 43 100
63 15 36 100
63 3 42 148
64 34 26 150
64 44 22 148
64 8 13 100
65 3 31 99
65 41 20 100
66 39 18 99
66 25 18 100
66 30 18 100
66 2 22 100
66 31 18 99
67 18 31 100
67 18 38 100
67 19 38 150
67 19 46 100
68 21 41 99
68 26 20 100
68 2 22 100
69 43 13 100
69 47 3 100
69 31 22 100
69 7 38 148
69 48 38 99
69 2 26 99
70 14 7 100
70 29 11 99
70 3 21 100
70 3 31 99
71 48 38 99
71 48 43 100
71 3 31 99
71 1 38 150
71 27 38 100
72 2 22 100
72 2 46 99
73 35 47 100
73 13 25 99
73 2 22 100
73 39 47 100
74 3 42 148
74 45 13 100
74 17 20 100
75 5 33 99
75 25 0 100
75 41 31 99
75 18 22 100
75 8 26 99
76 42 18 150
76 18 18 100
76 10 49 100
76 3 18 150
78 45 42 150
78 44 21 100
78 41 31 99
79 14 43 100
79 14 46 99
79 38 38 100
79 21 13 100
79 7 38 148
79 18 22 100
80 2 22 100
80 2 26 99
80 5 20 100
80 6 31 100
81 28 7 99
81 32 41 99
82 39 47 100
82 2 22 100
82 32 25 99
82 31 47 100
83 21 35 100
83 20 20 100
84 18 22 100
84 18 47 148
84 35 33 100
84 35 47 100
85 26 31 99
86 12 31 100
86 8 26 99
86 5 20 100
86 31 22 100
86 31 35 100
87 46 38 150
87 16 38 148
87 4 46 100
88 32 41 99
88 14 43 100
88 8 13 100
88 20 22 150
89 44 21 100
90 2 22 100
90 42 20 100
90 6 31 100
90 6 49 100
90 35 33 100
91 7 25 99
91 2 26 99
92 8 42 150
92 23 47 100
92 31 22 100
92 31 35 100
92 31 47 100
92 26 31 99
93 16 31 100
93 42 11 100
94 19 7 100
94 23 48 150
94 27 48 100
94 16 31 100
94 16 48 99
95 3 21 100
95 11 20 100
95 12 33 99
96 48 38 99
96 5 2 99
96 13 38 100
96 16 2 100
96 16 38 148
96 36 2 150
96 36 22 100
96 17 2 100
97 10 4 100
97 18 22 100
97 18 47 148
97 49 42 99
97 29 2 99
97 37 7 100
97 45 7 148
97 23 2 99
97 23 4 100
97 23 47 100
97 41 2 150
97 2 26 99
97 5 7 148
98 2 22 100
98 31 47 100
98 42 43 99
98 27 38 100
98 12 31 100
98 35 47 100
98 38 38 100
99 18 38 100
99 8 13 100
100 20 20 100
100 14 46 99
100 37 35 99
100 31 22 100
100 5 49 100
101 6 18 100
101 6 31 100
101 3 21 100
101 38 7 100
102 2 22 100
103 19 38 150
103 37 41 99
103 27 38 100
103 13 25 99
103 18 31 100
104 41 31 99
104 7 13 100
104 31 22 100
105 43 4 100
105 8 26 99
105 8 33 100
105 18 31 100
105 18 38 100
105 18 47 148
105 35 47 100
105 27 38 100
105 38 38 100
105 31 4 100
106 37 20 100
106 37 22 150
106 37 35 99
106 39 47 100
106 0 43 100
106 35 47 100
106 44 42 100
107 6 49 100
108 36 22 100
108 31 47 100
108 39 47 100
108 35 47 100
109 2 26 99
110 16 13 100
110 16 31 100
110 14 3 100
110 32 36 99
111 30 20 100
111 11 46 100
111 36 22 100
111 18 31 100
112 18 22 100
112 35 33 100
113 19 7 100
113 32 25 99
113 34 21 100
114 25 18 100
114 30 18 100
114 36 18 100
114 36 22 100
114 16 38 148
114 20 38 150
115 31 18 99
115 31 22 100
115 20 43 100
115 37 41 99
115 17 18 100
115 26 18 100
116 4 18 100
116 30 20 100
116 38 7 100
116 16 13 100
116 16 31 100
117 9 33 100
117 2 22 100
117 2 26 99
118 18 31 100
118 18 47 148
118 23 47 100
118 23 48 150
118 12 48 150
119 36 22 100
119 21 49 100
119 31 42 100
120 38 7 100
120 38 47 150
121 30 20 100
121 30 35 100
121 8 13 100
121 8 33 100
121 18 22 100
121 18 31 100
121 18 47 148
121 31 47 100
122 13 38 100
122 3 31 99
122 20 38 150
122 21 35 100
122 36 22 100
123 18 38 100
123 2 26 99
124 0 43 100
124 44 42 100
124 20 25 99
124 6 49 100
125 6 31 100
125 20 22 150
125 37 7 100
125 37 13 100
126 7 38 148
126 20 38 150
126 23 47 100
126 26 31 99
127 16 31 100
127 32 11 100
127 31 22 100
127 31 42 100
127 31 47 100
128 18 47 148
128 26 20 100
128 13 21 99
128 35 47 100
129 41 31 99
129 6 35 150
129 36 22 100
129 14 46 99
130 12 0 100
130 12 7 99
131 13 18 100
131 17 18 100
131 17 20 100
131 2 22 100
131 2 26 99
131 4 18 100
131 18 18 100
131 9 41 100
132 18 22 100
132 18 31 100
132 8 13 100
132 8 42 150
132 8 43 100
133 14 7 100
133 32 36 99
134 6 31 100
134 36 22 100
135 3 21 100
135 20 38 150
135 36 3 99
135 13 38 100
136 24 48 150
136 11 48 150
136 7 48 100
137 26 31 99
137 16 13 100
137 14 42 150
137 18 22 100
138 17 20 100
138 7 25 99
138 3 41 100
139 34 26 150
139 36 22 100
139 12 33 99
140 16 31 100
140 36 22 100
140 5 49 100
140 31 42 100
140 31 47 100
141 46 13 100
142 37 20 100
142 18 47 148
143 0 43 100
143 2 22 100
143 46 11 100
144 26 31 99
144 27 35 100
145 7 13 100
145 7 25 99
146 26 20 100
146 2 22 100
146 2 26 99
146 44 42 100
147 2 22 100
147 28 7 99
147 35 33 100
148 3 31 99
149 36 22 100
149 5 49 100
150 13 43 100
150 2 22 100
151 9 41 100
151 14 48 150
151 43 13 100
151 7 48 100
152 36 22 100
152 2 26 99
152 6 11 99
152 27 48 100
152 32 25 99
153 11 7 148
153 11 20 100
153 16 31 100
153 8 33 100
153 31 42 100
154 41 31 99
154 2 22 100
154 3 21 100
155 34 18 150
155 18 18 100
155 26 18 100
155 26 20 100
155 31 18 99
156 43 13 100
156 43 49 100
156 12 31 100
157 2 22 100
158 8 33 100
158 19 7 100
158 19 38 150
158 41 31 99
158 29 38 150
158 38 3 100
159 40 22 150
159 42 43 99
159 29 35 100
160 2 27 150
160 13 21 99
160 28 27 100
160 9 27 150
161 42 36 100
161 8 26 99
161 8 33 100
161 6 31 100
162 36 22 100
162 38 7 100
163 16 31 100
163 16 38 148
163 35 47 100
163 46 37 100
163 46 38 150
163 38 47 150
163 20 37 100
163 18 37 150
163 41 37 150
164 41 37 150
164 32 25 99
164 42 3 100
164 5 37 150
164 20 37 100
164 40 37 100
164 36 22 100
164 11 37 99
165 12 37 100
165 41 20 100
165 41 37 150
165 2 46 99
165 5 37 150
165 5 49 100
165 37 13 100
165 23 47 100
165 46 37 100
166 36 22 100
166 45 37 100
166 40 37 100
166 5 37 150
166 14 37 100
166 1 37 100
166 1 38 150
166 34 38 150
166 46 37 100
167 39 47 100
167 10 41 100
167 1 37 100
167 3 21 100
167 8 26 99
168 7 38 148
168 23 47 100
168 44 22 148
168 0 43 100
168 46 38 150
168 6 31 100
168 6 47 100
169 37 7 100
169 37 13 100
169 39 47 100
170 12 7 99
170 12 33 99
170 5 7 148
170 37 7 100
170 27 38 100
170 18 22 100
170 18 38 100
170 18 47 148
171 29 44 148
171 44 44 100
171 21 44 150
171 19 46 100
171 6 44 100
171 22 44 99
172 20 20 100
172 27 38 100
172 18 22 100
172 18 31 100
173 42 18 150
173 37 13 100
173 5 18 150
173 17 18 100
174 26 31 99
174 2 22 100
174 2 26 99
174 21 49 100
175 32 25 99
176 3 31 99
176 37 20 100
176 37 22 150
176 14 46 99
176 7 38 148
176 34 38 150
177 16 31 100
177 16 43 99
177 38 7 100
177 12 33 99
178 49 42 99
178 48 38 99
178 27 35 100
178 27 38 100
178 13 38 100
178 12 31 100
179 42 20 100
179 41 22 150
179 7 13 100
180 41 31 99
180 34 21 100
181 5 49 100
181 2 22 100
181 2 26 99
181 16 31 100
182 16 31 100
182 12 7 99
183 9 33 100
183 2 22 100
183 48 38 99
183 46 38 150
183 30 20 100
183 18 31 100
184 6 31 100
184 34 21 100
184 19 46 100
185 20 43 100
185 36 22 100
185 3 31 99
185 12 7 99
186 24 11 100
186 49 42 99
187 37 20 100
187 3 21 100
188 36 22 100
188 8 26 99
189 8 46 100
189 38 38 100
189 1 38 150
189 6 31 100
189 31 22 100
190 30 20 100
190 7 13 100
190 7 25 99
190 38 38 100
190 37 41 99
191 16 31 100
191 16 38 148
191 2 22 100
191 29 38 150
191 14 3 100
193 42 18 150
193 42 43 99
193 13 18 100
193 25 18 100
193 44 22 148
193 26 31 99
194 8 26 99
194 18 31 100
194 48 16 100
195 6 18 100
195 5 18 150
195 39 18 99
195 44 21 100
195 44 42 100
196 30 20 100
196 3 31 99
196 41 22 150
197 30 48 148
197 16 48 99
197 8 46 100
197 5 49 100
197 12 7 99
197 32 48 99
198 40 37 100
198 1 37 100
198 18 22 100
198 18 37 150
199 9 33 100
199 14 37 100
199 37 13 100
199 1 37 100
199 45 37 100
200 28 35 100
200 1 37 100
200 36 22 100
200 30 20 100
200 30 31 150
201 30 31 150
201 30 48 148
201 23 48 150
201 45 37 100
201 40 37 100
201 11 26 150
201 11 37 99
201 12 37 100
201 18 37 150
201 18 38 100
201 5 37 150
202 6 31 100
202 46 37 100
202 46 38 150
202 36 22 100
202 8 46 100
202 1 37 100
202 1 38 150
202 7 38 148
202 20 37 100
203 3 31 99
203 19 38 150
203 27 38 100
203 2 22 100
203 13 38 100
203 5 37 150
204 47 43 100
204 20 20 100
204 20 37 100
204 11 37 99
204 18 37 150
204 49 42 99
204 12 37 100
205 16 13 100
205 14 7 100
205 14 37 100
205 3 21 100
205 37 35 99
205 2 22 100
206 21 35 100
206 21 49 100
207 14 7 100
207 16 7 150
207 16 38 148
207 7 38 148
207 18 22 100
207 19 7 100
208 29 35 100
208 14 3 100
209 19 7 100
209 19 46 100
209 16 31 100
209 36 22 100
209 7 25 99
210 19 38 150
210 46 38 150
210 8 26 99
210 37 20 100
211 44 22 148
211 44 42 100
211 41 31 99
212 47 43 100
212 34 18 150
212 18 18 100
212 43 13 100
212 38 18 100
213 15 35 148
213 27 38 100
213 44 42 100
213 13 38 100
213 20 4 100
214 2 22 100
214 2 26 99
214 38 38 100
214 37 20 100
214 43 49 100
214 34 21 100
215 12 7 99
215 19 38 150
215 1 38 150
215 36 22 100
216 38 38 100
216 34 38 150
216 19 46 100
217 16 31 100
217 31 22 100
218 30 20 100
218 30 35 100
218 8 46 100
218 2 22 100
219 7 13 100
219 37 7 100
220 14 43 100
220 2 22 100
221 29 38 150
221 20 38 150
222 12 7 99
222 2 22 100
223 46 13 100
223 46 38 150
223 19 38 150
224 41 20 100
224 49 42 99
225 3 21 100
225 36 22 100
225 10 49 100
226 1 38 150
226 38 38 100
227 8 26 99
227 8 33 100
227 8 46 100
227 2 22 100
228 44 42 100
228 11 20 100
228 36 22 100
228 16 13 100
229 16 43 99
229 8 26 99
229 13 11 99
230 2 22 100
231 20 38 150
231 16 38 148
232 1 38 150
232 49 42 99
232 48 38 99
232 27 38 100
233 3 21 100
233 40 22 150
234 32 41 99
234 26 20 100
234 43 13 100
234 2 26 99
235 5 49 100
235 18 22 100
235 42 3 100
236 8 7 148
236 31 22 100
237 42 43 99
237 46 38 150
237 5 33 99
237 1 38 150
238 37 13 100
238 18 22 100
239 2 26 99
240 2 22 100
240 3 21 100
241 33 42 150
242 21 35 100
242 2 22 100
242 2 46 99
242 26 20 100
243 21 49 100
244 8 13 100
244 18 22 100
244 4 4 148
245 21 44 150
245 9 44 100
245 19 7 100
245 3 44 100
245 16 44 150
246 40 22 150
246 3 44 100
246 47 43 100
246 2 26 99
247 14 46 99
247 29 38 150
247 17 20 100
247 38 38 100
248 29 38 150
248 35 33 100
248 1 38 150
249 16 13 100
249 2 22 100
250 36 22 100
251 14 7 100
252 11 20 100
253 39 21 150
253 36 7 150
253 36 22 100
253 6 11 99
253 31 22 100
253 31 42 100
254 31 42 100
255 20 37 100
255 20 38 150
255 20 43 100
255 41 37 150
255 46 37 100
255 46 38 150
255 40 37 100
255 12 33 99
255 12 37 100
255 14 37 100
256 8 26 99
256 45 37 100
256 5 37 150
256 9 41 100
257 46 13 100
257 46 37 100
257 46 38 150
257 34 38 150
257 37 20 100
257 31 22 100
257 11 37 99
257 20 37 100
258 5 37 150
258 40 37 100
258 41 37 150
258 11 37 99
258 18 37 150
258 31 42 100
259 46 37 100
259 44 42 100
259 45 37 100
259 1 37 100
259 36 3 99
259 36 22 100
259 40 37 100
259 18 37 150
260 5 49 100
261 46 13 100
261 2 26 99
261 42 20 100
262 12 7 99
263 47 43 100
263 40 22 150
263 44 42 100
264 41 20 100
265 37 13 100
265 37 22 150
266 8 26 99
266 8 33 100
267 43 49 100
267 21 2 100
267 29 2 99
267 18 22 100
268 30 20 100
268 8 2 99
268 5 2 99
268 36 2 150
268 18 38 100
268 27 38 100
268 28 7 99
268 6 2 100
268 29 2 99
268 29 38 150
269 8 2 99
269 8 13 100
270 14 46 99
270 41 22 150
272 12 33 99
272 38 38 100
272 16 38 148
272 16 43 99
273 40 22 150
273 43 13 100
274 37 41 99
274 19 26 148
274 17 9 99
275 32 11 100
275 2 22 100
275 20 20 100
276 44 21 100
276 34 38 150
276 20 38 150
277 31 22 100
277 12 33 99
278 41 20 100
278 31 42 100
278 7 38 148
278 19 38 150
279 36 22 100
279 37 13 100
280 30 48 148
280 37 7 100
280 37 48 148
280 44 21 100
280 7 38 148
280 7 48 100
280 27 38 100
281 37 22 150
281 37 35 99
281 1 38 150
282 20 38 150
282 20 43 100
282 48 38 99
283 2 22 100
283 2 26 99
283 12 7 99
283 48 38 99
283 20 38 150
284 1 38 150
284 29 38 150
284 11 20 100
285 48 4 150
285 28 7 99
285 16 13 100
285 8 33 100
286 2 22 100
286 6 11 99
287 36 22 100
288 10 49 100
288 47 3 100
288 44 21 100
289 5 33 99
289 31 22 100
290 4 46 100
291 2 26 99
291 41 20 100
291 42 43 99
292 49 42 99
293 12 7 99
296 45 42 150
296 5 20 100
297 11 4 100
297 11 46 100
297 46 4 100
297 8 26 99
298 5 33 99
299 13 43 100
299 14 7 100
300 37 13 100
302 37 7 100
302 37 20 100
303 8 46 100
304 37 7 100
306 20 20 100
306 28 7 99
307 4 4 148
307 0 43 100
307 9 33 100
309 5 33 99
309 8 26 99
310 20 20 100
313 37 7 100
314 8 46 100
315 8 26 99
316 20 43 100
316 4 46 100
317 5 20 100
318 14 7 100
318 14 46 99
321 23 48 150
321 38 48 100
321 17 20 100
321 27 48 100
322 5 33 99
323 8 26 99
324 10 4 100
324 32 48 99
324 11 4 100
324 11 48 150
324 27 48 100
326 13 43 100
326 14 7 100
326 11 20 100
327 8 33 100
327 19 7 100
329 32 36 99
330 9 46 99
331 28 7 99
332 20 20 100
332 44 42 100
333 31 42 100
334 13 43 100
334 21 26 148
335 46 13 100
336 5 2 99
336 29 2 99
336 8 2 99
337 42 20 100
337 38 7 100
337 16 2 100
337 29 2 99
338 38 7 100
338 8 2 99
338 8 33 100
338 5 2 99
338 29 2 99
340 49 42 99
340 19 7 100
340 30 20 100
342 9 46 99
343 12 7 99
344 42 43 99
345 20 20 100
345 12 33 99
345 8 26 99
347 19 46 100
349 12 7 99
350 5 33 99
351 5 20 100
352 16 43 99
352 2 26 99
353 45 42 150
353 28 7 99
354 41 20 100
356 19 4 148
357 9 33 100
358 45 7 148
358 49 42 99
359 46 4 100
360 14 43 100
360 34 14 100
360 44 42 100
361 5 20 100
362 44 26 150
362 16 13 100
363 49 15 100
364 8 46 100
367 44 42 100
369 2 26 99
369 2 46 99
369 37 20 100
369 48 43 100
370 12 7 99
372 37 20 100
373 11 46 100
373 8 26 99
374 49 42 99
375 9 33 100
376 4 39 100
377 20 43 100
377 38 7 100
378 20 4 100
378 19 4 148
378 19 7 100
379 30 20 100
381 9 33 100
384 2 26 99
385 16 43 99
385 30 20 100
385 31 42 100
386 9 33 100
387 19 7 100
388 41 20 100
388 2 26 99
389 42 3 100
391 38 7 100
392 8 33 100
393 16 43 99
394 17 20 100
395 8 26 99
396 8 33 100
397 38 7 100
399 12 7 99
399 12 33 99
399 0 15 100
400 17 20 100
401 9 46 99
402 20 43 100
403 2 26 99
403 30 20 100
404 14 7 100
405 46 13 100
405 28 7 99
406 8 33 100
407 5 20 100
410 2 26 99
411 17 20 100
411 13 43 100
413 2 46 99
413 19 7 100
414 30 20 100
414 12 33 99
417 19 4 148
417 19 7 100
418 44 42 100
418 20 43 100
419 8 26 99
420 5 20 100
420 5 33 99
423 5 20 100
423 12 7 99
423 4 46 100
425 8 26 99
426 42 20 100
426 4 46 100
427 0 43 100
428 23 48 150
428 12 48 150
430 6 2 100
430 16 2 100
430 49 42 99
430 23 2 99
431 20 20 100
431 19 7 100
431 12 33 99
432 16 2 100
432 29 2 99
432 36 2 150
432 23 2 99
433 29 2 99
434 2 26 99
434 19 7 100
435 41 20 100
435 17 46 99
435 46 13 100
437 13 43 100
438 5 20 100
438 33 42 150
441 9 46 99
442 18 26 150
442 42 20 100
443 14 46 99
445 17 20 100
445 0 43 100
445 19 7 100
447 2 46 99
449 31 42 100
450 9 33 100
450 19 7 100
451 31 42 100
451 41 20 100
451 41 36 99
452 19 7 100
453 14 7 100
454 2 26 99
454 47 43 100
455 42 20 100
455 49 42 99
456 11 46 100
458 8 2 99
458 29 2 99
459 29 2 99
460 8 2 99
460 8 26 99
460 8 46 100
460 41 2 150
460 41 20 100
460 5 2 99
460 16 2 100
461 16 2 100
461 8 33 100
462 19 4 148
463 47 43 100
464 14 7 100
465 8 46 100
466 42 20 100
466 8 26 99
467 49 42 99
469 35 33 100
469 37 7 100
470 11 20 100
471 47 43 100
472 2 26 99
472 2 46 99
473 37 20 100
476 37 7 100
476 8 46 100
478 7 13 100
479 17 20 100
479 8 26 99
480 16 43 99
480 38 3 100
481 49 42 99
482 6 2 100
482 23 2 99
483 17 2 100
483 17 46 99
483 14 7 100
483 21 2 100
483 8 2 99
483 41 2 150
484 49 42 99
484 36 2 150
485 17 20 100
486 9 33 100
487 8 26 99
488 5 2 99
488 21 2 100
488 6 2 100
488 19 7 100
488 8 2 99
488 36 2 150
489 23 2 99
489 30 20 100
489 36 2 150
490 8 43 100
492 2 26 99
492 20 20 100
492 49 42 99
493 35 33 100
495 10 42 150
495 19 7 100
496 26 20 100
497 2 46 99
498 0 43 100
499 8 26 99
502 20 20 100
502 35 33 100
504 16 48 99
504 11 48 150
505 6 48 150
505 2 26 99
506 41 20 100
508 47 43 100
508 8 26 99
508 8 46 100
509 38 7 100
511 11 20 100
511 11 46 100
511 8 33 100
512 37 7 100
513 42 15 100
513 19 7 100
515 8 33 100
516 13 43 100
516 37 20 100
518 48 16 100
518 2 26 99
519 5 33 99
520 46 13 100
520 41 20 100
521 19 7 100
522 7 48 100
522 37 48 148
522 27 48 100
524 44 42 100
524 26 20 100
525 14 43 100
526 9 46 99
527 44 26 150
527 6 2 100
527 36 2 150
528 7 39 100
528 20 20 100
528 17 2 100
528 29 2 99
529 29 2 99
529 19 7 100
529 8 2 99
529 5 2 99
530 6 2 100
530 19 46 100
531 12 7 99
531 37 20 100
535 38 7 100
535 47 43 100
536 5 20 100
536 5 33 99
537 38 48 100
537 7 48 100
537 31 42 100
537 8 26 99
537 8 48 148
539 9 46 99
539 11 20 100
541 35 33 100
542 41 20 100
543 2 26 99
544 35 3 100
544 48 43 100
545 43 13 100
546 2 26 99
547 38 7 100
548 31 42 100
548 28 7 99
548 14 46 99
549 42 20 100
550 9 33 100
551 31 42 100
552 14 43 100
552 30 20 100
553 28 7 99
555 49 42 99
556 26 20 100
557 14 7 100
558 9 33 100
559 8 26 99
561 28 7 99
561 2 46 99
561 47 43 100
561 17 20 100
563 12 33 99
564 37 7 100
565 16 48 99
565 1 48 150
565 11 20 100
566 16 48 99
567 8 7 148
568 8 26 99
568 11 20 100
569 5 33 99
570 13 43 100
572 20 20 100
572 8 42 150
575 2 26 99
575 41 36 99
578 13 25 99
578 16 13 100
578 31 22 100
578 19 46 100
579 14 7 100
579 14 43 100
579 6 31 100
580 2 22 100
580 30 48 148
580 37 13 100
580 37 48 148
581 17 20 100
581 42 7 150
581 16 7 150
581 19 7 100
582 3 31 99
582 2 22 100
582 2 26 99
582 12 33 99
583 8 13 100
584 11 20 100
584 18 22 100
585 16 31 100
586 36 22 100
587 26 31 99
588 37 13 100
588 37 20 100
588 37 22 150
588 19 26 148
588 19 46 100
588 5 49 100
589 0 43 100
589 8 33 100
589 38 7 100
589 7 25 99
590 16 13 100
590 42 3 100
591 6 31 100
591 18 22 100
592 20 20 100
592 26 31 99
593 30 18 100
593 13 18 100
593 34 18 150
593 31 22 100
595 18 22 100
595 18 31 100
595 13 21 99
595 39 35 100
596 37 7 100
596 37 20 100
596 31 22 100
596 31 42 100
596 35 33 100
596 8 26 99
596 8 45 148
597 29 45 100
597 1 45 100
597 48 43 100
597 39 45 100
598 13 21 99
598 44 42 100
599 18 22 100
599 13 25 99
600 26 31 99
601 18 31 100
602 49 42 99
603 9 46 99
603 8 13 100
603 8 26 99
603 41 20 100
603 36 22 100
604 12 33 99
605 14 43 100
605 18 22 100
606 46 13 100
607 32 25 99
607 8 26 99
607 18 22 100
608 38 3 100
608 38 7 100
608 6 31 100
608 36 22 100
609 12 31 100
609 43 13 100
609 30 35 100
610 45 31 150
610 31 22 100
610 13 21 99
610 12 33 99
611 31 35 100
611 41 20 100
611 41 31 99
612 39 35 100
612 21 49 100
612 8 26 99
613 35 33 100
613 39 35 100
613 3 31 99
613 36 22 100
614 14 7 100
614 14 43 100
614 18 31 100
615 19 4 148
616 10 49 100
616 18 22 100
617 44 42 100
617 20 7 150
617 12 7 99
617 19 7 100
618 18 22 100
618 18 31 100
618 42 3 100
618 42 20 100
619 3 18 150
619 3 21 100
619 12 7 99
619 9 46 99
619 4 18 100
619 26 18 100
619 36 22 100
620 28 35 100
621 36 22 100
621 13 25 99
622 10 49 100
622 0 43 100
622 21 13 100
622 21 26 148
622 37 20 100
622 26 31 99
623 26 31 99
623 18 22 100
624 26 31 99
624 35 33 100
624 13 21 99
625 31 18 99
625 31 22 100
625 13 18 100
625 17 18 100
626 8 46 100
626 3 31 99
626 17 20 100
626 18 22 100
628 33 44 100
628 31 22 100
628 31 35 100
628 2 26 99
628 2 44 100
628 29 44 148
628 6 31 100
628 6 44 100
628 38 44 100
629 15 35 148
629 10 49 100
630 41 31 99
630 43 13 100
631 20 43 100
631 17 46 99
631 31 22 100
631 36 3 99
632 6 31 100
632 2 26 99
632 3 21 100
633 30 20 100
633 6 31 100
634 44 22 148
634 44 42 100
635 37 13 100
635 36 22 100
636 18 31 100
637 36 22 100
637 7 25 99
637 8 26 99
637 8 33 100
638 14 46 99
638 43 49 100
639 37 20 100
639 44 21 100
639 31 22 100
640 26 31 99
640 31 42 100
640 8 43 100
641 8 13 100
641 8 26 99
642 31 22 100
643 13 25 99
643 42 20 100
643 12 7 99
644 41 22 150
644 21 13 100
645 3 31 99
646 42 20 100
646 36 22 100
647 7 13 100
647 2 26 99
648 27 48 100
648 1 48 150
648 31 42 100
648 11 48 150
649 20 43 100
649 6 31 100
649 9 33 100
650 31 22 100
650 26 20 100
650 26 31 99
651 12 7 99
651 8 13 100
652 6 31 100
652 7 38 148
652 16 38 148
653 40 22 150
653 14 42 150
653 7 25 99
654 37 20 100
654 17 46 99
654 13 21 99
655 8 26 99
656 20 22 150
657 0 43 100
657 7 13 100
658 30 20 100
658 12 31 100
658 31 22 100
658 8 26 99
658 26 11 100
659 12 31 100
659 34 21 100
659 29 11 99
660 2 22 100
660 12 31 100
660 18 38 100
660 48 38 99
661 48 38 99
661 3 31 99
662 9 33 100
662 9 41 100
662 11 20 100
662 20 25 99
663 36 22 100
663 18 22 100
663 18 31 100
663 43 13 100
664 30 35 100
664 2 26 99
665 32 48 99
665 6 48 150
665 18 22 100
665 27 48 100
666 31 42 100
667 19 7 100
667 26 31 99
667 2 22 100
667 42 43 99
667 49 42 99
668 19 46 100
668 16 31 100
668 11 20 100
669 34 38 150
669 1 38 150
669 21 13 100
669 2 22 100
670 5 33 99
670 9 41 100
670 39 35 100
671 44 22 148
671 8 26 99
671 7 25 99
672 18 38 100
672 5 33 99
672 29 38 150
673 36 22 100
673 42 20 100
673 13 38 100
674 29 38 150
674 48 38 99
674 16 13 100
674 31 18 99
674 13 18 100
674 17 18 100
674 4 18 100
675 19 7 100
675 18 18 100
675 18 22 100
675 14 43 100
675 31 18 99
675 42 18 150
675 8 26 99
676 34 18 150
676 36 18 100
676 30 18 100
676 37 13 100
677 48 38 99
677 16 31 100
677 16 38 148
677 16 48 99
677 14 48 150
677 32 48 99
677 2 22 100
677 37 20 100
678 44 42 100
679 21 35 100
679 26 31 99
679 2 22 100
680 11 20 100
680 11 46 100
680 26 31 99
680 36 22 100
680 3 21 100
681 13 38 100
681 2 26 99
681 29 38 150
681 48 38 99
682 38 18 100
682 37 13 100
682 3 18 150
682 39 18 99
682 18 22 100
683 32 25 99
684 11 46 100
684 37 35 99
684 2 22 100
684 12 31 100
685 28 9 100
685 48 43 100
685 6 31 100
686 12 31 100
686 37 20 100
686 37 35 99
686 37 41 99
686 49 42 99
686 8 26 99
687 36 22 100
687 8 46 100
688 37 7 100
688 37 13 100
689 35 3 100
689 6 11 99
689 6 18 100
689 6 31 100
689 39 18 99
689 20 22 150
689 30 18 100
691 30 18 100
691 3 18 150
691 3 21 100
691 42 18 150
691 21 13 100
692 44 22 148
692 12 31 100
693 18 38 100
693 46 4 100
693 46 38 150
693 14 43 100
694 20 4 100
694 20 20 100
694 20 26 150
694 8 33 100
694 36 22 100
695 45 13 100
696 9 41 100
696 3 31 99
696 49 42 99
696 36 22 100
697 14 3 100
697 31 22 100
698 20 38 150
698 7 38 148
698 12 31 100
698 18 31 100
699 32 25 99
699 36 22 100
699 9 46 99
700 20 20 100
700 20 38 150
700 43 13 100
700 48 38 99
700 26 31 99
701 8 26 99
701 8 43 100
701 20 38 150
701 48 38 99
701 27 38 100
702 31 22 100
702 41 31 99
703 3 21 100
703 49 42 99
703 7 38 148
703 16 38 148
703 37 7 100
704 37 20 100
704 19 38 150
704 20 38 150
704 18 22 100
704 35 33 100
706 2 22 100
706 2 26 99
706 16 13 100
706 16 31 100
707 14 7 100
707 41 31 99
707 34 21 100
707 36 22 100
708 16 38 148
708 13 25 99
708 13 38 100
708 35 33 100
708 1 16 100
708 27 38 100
709 3 31 99
709 13 38 100
709 13 43 100
709 1 38 150
710 20 22 150
710 20 38 150
710 29 38 150
711 13 38 100
711 37 13 100
711 37 20 100
711 19 38 150
711 41 31 99
712 18 22 100
712 48 38 99
713 39 35 100
713 18 31 100
713 18 38 100
713 1 38 150
713 2 26 99
714 37 13 100
714 18 22 100
714 14 3 100
715 39 35 100
715 44 42 100
715 16 31 100
715 18 22 100
716 18 31 100
716 19 4 148
716 37 41 99
717 48 38 99
717 37 20 100
717 31 22 100
717 31 42 100
717 29 38 150
718 12 33 99
719 49 26 150
719 36 22 100
719 13 21 99
719 13 38 100
719 13 43 100
719 38 38 100
719 46 38 150
719 12 31 100
719 19 46 100
720 30 20 100
720 3 31 99
721 43 13 100
721 2 22 100
721 13 25 99
722 19 7 100
722 16 31 100
723 29 38 150
723 12 31 100
723 46 38 150
723 4 46 100
724 28 35 100
724 41 22 150
725 7 38 148
725 18 31 100
725 18 38 100
726 30 20 100
726 44 42 100
726 38 38 100
726 36 22 100
726 7 38 148
727 42 43 99
727 2 26 99
727 18 38 100
728 32 48 99
728 17 48 148
728 1 38 150
728 1 48 150
728 34 38 150
728 37 13 100
729 19 38 150
729 6 31 100
729 38 38 100
729 18 22 100
729 3 21 100
730 12 31 100
730 12 33 99
730 36 22 100
731 26 20 100
731 26 31 99
731 2 26 99
732 7 13 100
732 7 38 148
732 40 22 150
732 18 31 100
732 18 38 100
732 27 38 100
733 41 31 99
734 17 20 100
734 17 46 99
734 7 25 99
734 7 38 148
734 2 22 100
734 48 38 99
735 12 31 100
736 3 31 99
736 3 41 100
736 38 7 100
736 18 22 100
737 16 43 99
737 19 7 100
737 2 26 99
737 14 42 150
738 36 22 100
739 30 31 150
739 3 21 100
740 19 4 148
740 29 33 150
740 37 13 100
741 30 31 150
741 18 22 100
742 20 20 100
742 20 38 150
742 19 38 150
743 36 22 100
743 11 46 100
743 37 7 100
743 13 21 99
743 13 38 100
743 20 38 150
744 7 48 100
744 23 48 150
744 2 22 100
744 2 26 99
745 16 48 99
745 30 48 148
745 48 38 99
745 6 48 150
745 32 25 99
746 38 48 100
746 35 33 100
746 32 11 100
746 32 48 99
746 24 48 150
746 5 20 100
746 2 22 100
747 42 31 148
747 42 43 99
747 13 21 99
748 19 38 150
748 7 38 148
749 34 18 150
749 34 38 150
749 39 18 99
749 38 3 100
749 38 18 100
749 38 38 100
750 41 22 150
750 18 22 100
750 2 26 99
751 8 42 150
751 32 41 99
752 19 7 100
752 19 46 100
752 28 7 99
752 12 7 99
752 42 3 100
752 3 21 100
752 2 22 100
753 3 31 99
753 23 2 99
753 12 7 99
753 46 13 100
753 16 2 100
753 17 2 100
754 2 22 100
754 5 2 99
754 21 2 100
754 12 31 100
754 41 2 150
754 36 2 150
755 3 18 150
755 17 18 100
755 36 18 100
756 20 20 100
756 42 31 148
756 7 13 100
756 18 22 100
757 13 43 100
757 16 31 100
757 28 26 150
757 28 35 100
757 35 3 100
757 32 41 99
758 9 33 100
758 31 42 100
758 3 31 99
759 30 18 100
759 36 18 100
759 36 22 100
759 18 18 100
759 18 47 148
759 38 18 100
759 35 47 100
760 36 22 100
760 31 42 100
761 30 20 100
761 45 13 100
761 20 25 99
761 20 38 150
761 1 38 150
762 2 22 100
762 2 26 99
762 44 21 100
763 6 31 100
763 44 42 100
764 41 20 100
764 8 46 100
765 37 7 100
765 37 22 150
765 12 31 100
765 5 2 99
765 16 2 100
765 6 2 100
766 24 48 150
766 21 2 100
766 18 31 100
766 18 47 148
766 31 47 100
766 14 48 150
766 27 48 100
766 8 2 99
766 6 2 100
767 15 35 148
767 41 2 150
767 41 31 99
767 5 2 99
767 3 21 100
767 8 2 99
767 8 26 99
767 2 22 100
767 38 38 100
767 48 38 99
767 7 38 148
768 30 20 100
768 47 43 100
768 5 2 99
768 17 2 100
768 18 22 100
768 18 47 148
768 16 2 100
768 6 2 100
768 6 47 100
768 41 2 150
769 7 13 100
769 7 38 148
769 19 38 150
769 29 2 99
769 5 2 99
770 41 31 99
770 9 33 100
770 2 22 100
770 1 38 150
771 13 38 100
772 2 22 100
772 21 41 99
772 6 31 100
772 49 42 99
773 12 48 150
773 8 13 100
773 8 26 99
773 8 48 148
773 20 25 99
774 5 20 100
774 34 21 100
775 2 22 100
775 39 47 100
776 26 31 99
777 41 20 100
777 41 22 150
777 41 31 99
777 7 38 148
777 19 38 150
777 31 47 100
777 18 47 148
777 48 43 100
778 24 11 100
778 3 31 99
778 2 26 99
778 2 46 99
779 3 31 99
779 22 35 150
779 35 47 100
780 3 21 100
780 3 31 99
780 3 41 100
780 14 3 100
780 36 22 100
780 6 47 100
781 41 31 99
781 41 44 150
781 27 44 99
781 31 47 100
781 37 13 100
781 33 44 100
781 9 33 100
781 9 44 100
781 44 44 100
782 20 38 150
782 41 31 99
782 25 18 100
782 31 22 100
782 31 47 100
782 22 44 99
782 23 47 100
782 23 48 150
782 34 38 150
782 6 48 150
783 38 47 150
783 38 48 100
783 23 47 100
783 11 20 100
783 12 31 100
784 2 22 100
784 2 26 99
784 2 46 99
785 31 42 100
785 28 7 99
785 41 36 99
786 2 22 100
786 38 38 100
786 38 47 150
786 31 47 100
786 46 38 150
786 7 25 99
787 29 38 150
787 19 38 150
787 2 22 100
787 5 20 100
787 5 33 99
787 31 47 100
787 18 47 148
787 45 13 100
788 14 43 100
788 49 42 99
788 2 26 99
788 6 31 100
788 6 47 100
789 20 38 150
789 35 47 100
789 2 22 100
789 46 38 150
789 34 21 100
790 1 38 150
790 27 38 100
790 38 38 100
790 6 31 100
791 37 20 100
791 12 31 100
792 40 22 150
793 9 41 100
793 6 47 100
793 16 13 100
794 17 20 100
794 13 0 100
794 44 22 148
794 5 33 99
794 2 26 99
794 18 47 148
795 7 25 99
796 0 43 100
796 12 31 100
796 31 22 100
796 20 38 150
796 7 38 148
797 18 31 100
797 44 21 100
798 21 13 100
798 7 38 148
798 35 33 100
798 6 31 100
798 18 22 100
798 18 38 100
798 20 20 100
799 31 42 100
799 17 2 100
799 41 2 150
799 41 31 99
799 2 26 99
800 23 2 99
800 36 2 150
800 36 22 100
800 44 42 100
800 41 2 150
800 17 2 100
800 16 2 100
802 44 22 148
803 29 38 150
803 19 38 150
803 5 20 100
803 41 31 99
803 37 13 100
804 2 22 100
804 2 26 99
804 48 38 99
804 27 38 100
804 39 18 99
804 6 31 100
804 1 38 150
805 3 21 100
805 3 31 99
805 3 41 100
805 19 46 100
805 0 43 100
806 30 35 100
806 12 31 100
806 23 47 100
806 35 47 100
807 28 7 99
807 40 22 150
807 37 13 100
807 37 20 100
807 12 31 100
808 27 38 100
808 19 38 150
809 20 25 99
809 32 36 99
809 38 7 100
809 2 22 100
810 48 38 99
810 18 31 100
810 18 38 100
810 27 38 100
810 2 26 99
811 5 33 99
811 37 22 150
812 7 13 100
812 18 47 148
812 42 20 100
812 6 47 100
813 46 11 100
813 18 22 100
814 47 42 150
814 47 43 100
814 3 21 100
814 3 31 99
815 34 38 150
815 35 47 100
815 19 38 150
815 39 47 100
815 31 22 100
816 31 47 100
816 18 31 100
816 18 47 148
816 17 46 99
817 12 31 100
817 20 20 100
817 2 22 100
817 2 26 99
818 24 11 100
818 37 7 100
818 18 47 148
818 31 47 100
819 16 31 100
819 49 42 99
819 23 47 100
819 3 21 100
820 6 47 100
820 7 13 100
820 7 25 99
820 36 22 100
821 6 31 100
821 38 3 100
821 14 46 99
821 31 22 100
822 7 38 148
822 18 38 100
822 42 20 100
822 42 43 99
823 18 22 100
823 18 38 100
823 18 47 148
823 39 47 100
823 20 38 150
823 27 38 100
824 8 26 99
824 28 35 100
825 31 22 100
825 31 42 100
825 3 41 100
825 9 7 148
825 46 13 100
825 16 7 150
825 5 7 148
826 28 35 100
826 9 33 100
827 2 22 100
827 2 26 99
827 11 20 100
827 11 48 150
827 24 11 100
827 24 48 150
827 18 31 100
828 13 18 100
828 13 38 100
828 48 38 99
828 27 38 100
828 6 18 100
828 31 18 99
828 31 22 100
829 1 38 150
829 3 18 150
829 3 46 148
829 7 25 99
829 7 38 148
830 17 20 100
830 36 22 100
831 44 21 100
831 44 42 100
831 48 43 100
831 12 31 100
832 44 42 100
832 18 22 100
833 41 31 99
833 8 26 99
833 38 47 150
834 46 13 100
834 16 31 100
834 2 22 100
834 31 47 100
834 35 47 100
834 6 47 100
835 35 47 100
835 20 20 100
835 13 21 99
836 3 31 99
836 3 42 148
836 41 31 99
836 2 22 100
836 6 47 100
837 2 22 100
837 9 41 100
838 1 48 150
838 32 48 99
838 30 48 148
838 13 21 99
839 8 2 99
839 8 26 99
839 34 38 150
839 16 2 100
839 16 38 148
840 36 2 150
840 36 22 100
840 9 33 100
840 31 47 100
840 5 2 99
840 5 20 100
840 45 13 100
840 13 25 99
840 29 2 99
840 23 2 99
840 23 47 100
841 29 2 99
841 29 35 100
841 4 18 100
841 36 18 100
841 36 22 100
841 25 18 100
841 49 42 99
841 6 2 100
841 6 47 100
841 38 47 150
842 4 18 100
842 37 7 100
842 26 31 99
842 48 43 100
843 26 31 99
843 32 41 99
844 18 22 100
844 17 20 100
844 29 35 100
845 8 26 99
845 8 31 148
846 31 22 100
847 39 47 100
847 18 22 100
847 18 38 100
847 18 47 148
847 16 38 148
848 11 20 100
848 44 21 100
848 44 42 100
849 2 22 100
849 2 26 99
849 16 13 100
849 16 31 100
850 48 43 100
850 20 25 99
850 11 46 100
850 36 3 99
851 29 35 100
851 31 22 100
852 3 31 99
852 27 35 100
852 8 2 99
852 29 2 99
853 27 35 100
853 27 38 100
853 21 2 100
853 32 36 99
853 48 38 99
853 8 2 99
853 8 33 100
853 6 2 100
854 17 2 100
854 17 20 100
854 7 13 100
854 7 38 148
854 37 22 150
854 6 2 100
854 6 31 100
854 5 2 99
855 26 11 100
855 26 31 99
855 38 7 100
855 18 22 100
856 8 26 99
856 34 21 100
857 13 18 100
857 16 48 99
857 17 18 100
857 17 48 148
857 25 18 100
857 7 48 100
857 26 18 100
858 31 22 100
859 36 22 100
859 3 41 100
859 30 20 100
860 7 13 100
860 47 43 100
860 9 46 99
861 40 31 150
861 31 22 100
862 5 20 100
862 38 7 100
862 2 26 99
863 12 0 100
863 40 22 150
863 46 13 100
864 20 25 99
864 20 37 100
864 42 31 148
864 5 33 99
864 5 37 150
864 45 37 100
864 12 37 100
864 18 37 150
865 13 21 99
865 40 37 100
865 1 37 100
865 18 22 100
865 18 31 100
865 18 37 150
866 14 37 100
866 1 37 100
866 11 37 99
866 45 37 100
867 40 37 100
867 14 37 100
867 46 37 100
868 18 37 150
868 45 37 100
868 41 37 150
868 46 37 100
868 20 37 100
869 18 37 150
