3 43 11 100
4 22 11 99
4 22 37 150
5 43 11 100
7 22 37 150
7 28 5 100
8 22 2 100
9 23 43 100
9 16 40 100
9 25 32 100
10 39 40 150
10 20 6 148
10 22 6 148
11 44 20 150
11 32 6 100
11 7 11 100
11 22 6 148
11 22 37 150
11 40 6 150
11 20 6 148
11 1 6 150
11 49 6 150
12 22 6 148
12 22 11 99
12 32 6 100
12 12 6 148
12 1 6 150
12 17 20 100
12 44 21 99
13 0 6 150
13 4 6 99
13 12 40 100
13 2 32 100
14 26 11 100
14 24 37 150
14 35 32 100
15 1 40 148
15 22 2 100
15 8 37 100
16 7 11 100
17 39 14 148
17 21 14 148
17 10 11 150
17 10 14 150
17 48 14 150
17 40 14 148
17 17 14 100
17 46 14 150
17 9 37 150
18 46 14 150
18 4 14 100
18 36 14 148
18 40 11 99
18 40 14 148
18 48 14 150
18 35 14 150
19 18 32 100
19 21 14 148
19 21 40 99
19 24 37 150
19 35 14 150
20 20 32 100
20 45 5 100
20 4 14 100
21 7 11 100
21 22 2 100
21 22 19 100
21 22 37 150
22 48 30 100
22 45 11 100
23 43 11 100
23 28 47 100
23 24 37 150
24 26 11 100
25 28 11 100
25 34 37 150
26 26 11 100
26 7 14 148
26 4 14 100
26 46 14 150
26 22 14 150
26 10 14 150
27 5 2 100
27 10 14 150
27 10 32 150
27 13 43 100
27 17 14 100
27 26 11 100
27 9 37 150
27 22 14 150
27 46 14 150
28 31 14 150
28 31 20 100
28 35 14 150
28 17 14 100
28 4 14 100
28 44 21 99
28 36 14 148
28 8 37 100
29 26 11 100
29 10 14 150
29 30 14 150
29 2 32 100
30 22 37 150
30 11 5 100
30 7 3 100
31 28 11 100
31 7 14 148
31 17 14 100
31 22 14 150
31 10 14 150
31 30 14 150
32 47 37 150
32 46 14 150
32 22 6 148
32 22 11 99
32 22 14 150
32 39 14 148
32 1 6 150
32 20 6 148
33 31 14 150
33 31 40 100
33 3 40 100
33 36 14 148
33 35 14 150
33 7 14 148
33 4 6 99
33 4 14 100
33 46 14 150
33 43 6 150
33 32 6 100
33 32 14 100
33 1 6 150
34 17 14 100
34 1 6 150
34 1 40 148
34 32 6 100
34 32 14 100
34 13 6 150
34 8 37 100
35 29 2 100
35 13 6 150
35 26 6 100
35 26 11 100
35 43 6 150
35 32 6 100
35 9 37 150
36 5 5 99
36 4 6 99
37 45 11 100
38 8 37 100
38 8 43 99
38 43 11 100
38 12 30 100
38 44 21 99
39 35 32 100
39 35 40 100
41 8 37 100
41 0 6 150
41 32 6 100
41 32 32 100
41 45 11 100
41 40 6 150
41 26 6 100
41 25 37 150
41 49 6 150
42 28 11 100
42 2 2 100
42 8 37 100
42 12 6 148
42 26 6 100
42 4 6 99
43 40 6 150
43 40 11 99
43 43 6 150
43 8 37 100
43 4 6 99
44 12 6 148
44 1 6 150
44 26 6 100
44 26 11 100
44 13 6 150
44 40 6 150
45 8 37 100
45 20 6 148
45 0 6 150
45 49 6 150
46 28 47 100
46 3 40 100
46 0 6 150
46 1 6 150
46 49 6 150
47 2 32 100
47 12 6 148
47 7 11 100
47 13 6 150
47 0 6 150
47 22 6 148
47 22 19 100
47 49 6 150
48 40 6 150
48 40 40 150
48 31 37 150
49 10 2 100
49 10 11 150
49 37 30 100
49 25 32 100
50 39 20 100
50 23 43 100
50 25 37 150
50 28 11 100
51 8 37 100
51 3 40 100
52 40 11 99
53 24 20 150
53 24 40 100
53 20 6 148
53 20 40 100
53 13 6 150
53 43 6 150
53 33 21 100
53 26 6 100
53 49 6 150
54 7 11 100
54 25 37 150
54 32 6 100
54 40 6 150
55 20 6 148
55 20 32 100
55 20 40 100
55 1 6 150
55 22 6 148
55 22 19 100
56 40 6 150
56 40 11 99
56 49 6 150
56 0 6 150
56 4 6 99
56 20 6 148
56 26 6 100
57 8 37 100
57 1 6 150
57 5 2 100
57 39 32 150
57 7 11 100
57 20 6 148
58 31 37 150
58 40 6 150
58 40 11 99
59 24 43 100
59 12 6 148
59 13 6 150
59 49 6 150
59 8 37 100
59 26 6 100
59 26 11 100
59 4 6 99
60 26 6 100
60 26 11 100
60 49 6 150
60 0 6 150
60 4 6 99
60 35 32 100
61 35 32 100
61 31 37 150
61 45 11 100
62 40 11 99
62 26 6 100
63 35 40 100
63 25 37 150
64 24 40 100
64 10 2 100
64 35 40 100
64 17 20 100
65 34 37 150
65 32 32 100
66 8 37 100
66 13 11 148
66 10 21 100
67 10 11 150
67 10 32 150
68 34 37 150
68 23 43 100
68 43 11 100
69 30 5 99
69 40 3 99
69 8 37 100
70 27 2 100
71 12 40 100
72 43 11 100
72 25 37 150
73 44 20 150
73 35 40 100
73 21 40 99
73 9 37 150
74 44 20 150
74 7 11 100
74 15 20 150
75 45 11 100
75 8 37 100
75 35 32 100
76 8 37 100
76 40 11 99
77 8 37 100
77 29 2 100
77 7 11 100
78 21 30 100
78 15 20 150
78 44 21 99
78 2 32 100
78 40 11 99
79 34 37 150
79 28 11 100
80 40 11 99
80 22 19 100
81 6 43 100
81 18 32 100
81 28 11 100
81 25 37 150
82 5 2 100
82 7 11 100
83 34 37 150
83 26 11 100
84 7 11 100
84 23 20 100
85 22 11 99
85 22 19 100
85 22 37 150
86 20 32 100
86 8 37 100
87 13 11 148
87 8 37 100
88 20 32 100
89 10 2 100
89 10 11 150
90 47 37 150
90 22 11 99
91 43 11 100
91 8 37 100
91 8 43 99
91 32 14 100
91 29 14 150
91 7 14 148
91 46 14 150
91 22 14 150
92 30 14 150
92 28 11 100
92 21 14 148
92 21 30 100
92 48 14 150
92 46 14 150
93 47 37 150
93 21 14 148
93 39 14 148
93 26 11 100
93 44 21 99
94 5 47 99
94 13 11 148
94 29 14 150
94 40 14 148
94 8 37 100
94 18 32 100
94 4 14 100
94 39 14 148
95 15 2 100
95 25 5 100
95 25 32 100
95 17 14 100
96 8 37 100
96 39 20 100
96 28 11 100
96 31 20 100
96 22 19 100
97 40 11 99
97 20 32 100
97 24 37 150
98 28 11 100
99 31 37 150
99 40 11 99
100 35 32 100
100 7 11 100
101 7 11 100
101 7 19 150
101 34 37 150
101 15 2 100
102 12 40 100
103 7 11 100
103 34 37 150
104 5 47 99
105 17 20 100
105 26 11 100
105 47 37 150
105 45 11 100
106 26 11 100
107 40 11 99
107 47 37 150
107 10 2 100
108 13 20 150
108 8 37 100
108 37 30 100
109 16 40 100
109 24 43 100
109 42 21 100
109 18 32 100
110 22 11 99
110 22 37 150
111 23 32 150
112 26 11 100
112 26 40 148
113 9 37 150
114 36 14 148
114 16 40 100
114 4 14 100
114 29 2 100
114 29 14 150
114 47 37 150
114 21 14 148
114 31 14 150
115 43 11 100
115 30 14 150
115 21 14 148
115 21 40 99
115 32 14 100
115 44 3 100
115 17 14 100
115 17 20 100
115 40 14 148
115 48 14 150
115 31 14 150
115 31 40 100
116 46 14 150
116 36 14 148
116 10 14 150
116 39 14 148
116 39 20 100
116 17 20 100
116 40 6 150
116 40 11 99
116 4 6 99
117 13 6 150
117 31 37 150
117 43 6 150
117 43 11 100
117 20 6 148
118 32 6 100
118 22 6 148
118 22 11 99
118 1 6 150
118 13 6 150
118 4 6 99
118 49 6 150
119 39 20 100
119 47 37 150
119 18 32 100
119 23 20 100
119 1 6 150
119 4 6 99
119 0 6 150
119 32 6 100
120 31 20 100
120 31 37 150
120 26 11 100
120 22 11 99
120 42 21 100
120 23 20 100
121 35 32 100
121 43 11 100
121 15 2 100
122 39 14 148
122 29 14 150
122 10 14 150
122 46 14 150
122 26 11 100
122 31 14 150
122 35 14 150
122 21 14 148
123 48 14 150
123 9 37 150
123 46 14 150
123 40 11 99
123 40 14 148
123 2 32 100
123 35 14 150
123 10 14 150
124 7 11 100
124 7 14 148
124 31 14 150
124 35 14 150
124 6 43 100
125 48 47 100
125 20 32 100
126 16 40 100
126 24 37 150
126 22 19 100
127 2 2 100
127 2 5 100
128 22 11 99
128 22 37 150
128 25 32 100
129 22 11 99
130 9 23 150
130 9 37 150
130 1 40 148
130 18 32 100
131 18 32 100
131 7 11 100
131 39 23 100
132 8 37 100
132 28 11 100
132 28 23 100
133 20 32 100
133 13 11 148
133 29 2 100
133 34 23 100
134 22 11 99
134 2 32 100
135 26 11 100
135 24 43 100
135 34 21 100
135 34 23 100
136 34 23 100
136 26 11 100
137 5 5 99
137 5 47 99
137 33 23 150
138 28 11 100
138 28 23 100
138 40 14 148
138 30 14 150
138 17 14 100
138 8 37 100
138 36 14 148
138 48 14 150
138 48 30 100
138 29 14 150
139 39 14 148
139 4 14 100
139 36 14 148
139 35 14 150
139 21 14 148
140 18 23 150
140 8 37 100
140 22 2 100
140 22 11 99
140 22 14 150
140 28 11 100
140 21 14 148
140 10 14 150
140 7 14 148
140 39 14 148
141 34 23 100
141 34 37 150
141 34 40 99
142 21 23 100
142 26 11 100
142 1 3 99
143 31 37 150
143 31 40 100
143 22 19 100
143 2 23 100
143 3 40 100
144 26 11 100
144 48 30 100
145 38 23 150
145 47 37 150
146 40 11 99
146 17 20 100
146 29 2 100
146 34 23 100
146 24 20 150
146 25 32 100
147 22 11 99
147 22 37 150
147 21 23 100
147 34 21 100
148 7 11 100
148 34 23 100
149 39 32 150
149 28 11 100
149 23 43 100
150 25 37 150
150 2 23 100
151 3 11 150
151 43 23 150
151 8 37 100
152 22 2 100
152 34 23 100
153 3 11 150
153 21 23 100
153 24 37 150
153 32 32 100
154 43 11 100
154 8 37 100
155 25 5 100
155 28 23 100
155 28 47 100
156 20 32 100
156 20 40 100
156 38 23 150
157 21 23 100
157 7 11 100
157 8 37 100
158 7 11 100
158 2 2 100
158 2 23 100
159 7 11 100
159 8 43 99
160 26 6 100
160 26 11 100
160 49 6 150
160 18 23 150
160 47 37 150
160 34 21 100
160 37 30 100
160 32 6 100
161 28 11 100
161 28 23 100
161 1 6 150
161 43 6 150
161 40 6 150
161 2 32 100
161 20 6 148
162 20 6 148
162 20 40 100
162 4 6 99
162 9 37 150
162 13 6 150
162 40 6 150
162 23 20 100
162 39 23 100
163 43 6 150
163 43 11 100
163 22 6 148
163 22 19 100
163 39 23 100
163 20 6 148
163 26 4 100
163 26 6 100
163 12 6 148
163 0 6 150
163 1 6 150
164 1 6 150
164 1 40 148
164 47 37 150
164 49 6 150
165 33 23 150
165 41 9 100
165 41 32 150
165 26 6 100
165 40 6 150
165 20 6 148
165 43 6 150
165 13 6 150
166 26 6 100
166 9 37 150
166 12 6 148
166 21 23 100
166 20 6 148
167 1 6 150
167 26 6 100
167 26 11 100
167 13 6 150
167 32 6 100
167 49 6 150
167 0 6 150
167 0 23 100
168 43 6 150
168 27 2 100
168 47 37 150
168 0 6 150
168 0 23 100
169 35 32 100
169 4 6 99
169 20 6 148
169 49 6 150
169 40 3 99
169 40 6 150
169 40 11 99
170 30 5 99
170 28 23 100
170 2 32 100
170 43 6 150
170 1 6 150
170 31 37 150
171 40 11 99
171 30 47 100
171 9 23 150
172 28 11 100
172 28 23 100
172 22 37 150
172 46 43 100
173 0 23 100
173 28 11 100
173 23 32 150
173 33 21 100
174 43 11 100
174 29 2 100
174 24 20 150
174 24 37 150
175 40 40 150
175 33 23 150
175 35 32 100
176 10 11 150
176 23 20 100
176 24 37 150
176 39 23 100
177 0 23 100
177 40 11 99
178 25 37 150
178 39 23 100
178 28 11 100
179 26 40 148
179 24 20 150
180 0 19 150
180 0 23 100
180 27 2 100
180 7 11 100
181 9 23 150
181 8 37 100
182 28 5 100
182 28 23 100
182 46 43 100
183 2 5 100
183 2 23 100
183 12 30 100
184 46 14 150
184 35 14 150
184 8 37 100
184 39 14 148
184 39 20 100
184 22 11 99
184 22 14 150
184 31 14 150
184 21 14 148
184 17 14 100
184 36 14 148
185 40 11 99
185 40 14 148
185 46 14 150
185 18 23 150
185 18 32 100
185 4 14 100
185 48 14 150
185 24 37 150
185 36 14 148
186 32 14 100
186 22 2 100
186 22 14 150
186 22 19 100
186 21 14 148
186 21 23 100
186 21 40 99
187 28 23 100
187 24 37 150
188 15 20 150
188 45 11 100
188 23 32 150
188 0 23 100
189 40 11 99
189 23 20 100
189 17 20 100
189 31 37 150
190 44 21 99
190 43 11 100
190 43 23 150
190 8 37 100
191 22 11 99
191 21 23 100
192 31 20 100
192 31 37 150
192 29 5 99
192 28 23 100
193 22 2 100
193 22 11 99
193 34 23 100
193 8 37 100
195 7 11 100
195 43 23 150
196 31 37 150
196 43 11 100
196 44 3 100
196 2 23 100
197 40 11 99
197 34 23 100
198 25 37 150
198 13 43 100
198 21 23 100
198 28 11 100
199 28 11 100
199 37 30 100
199 22 2 100
199 22 19 100
200 3 40 100
200 22 37 150
200 31 23 150
200 31 40 100
201 35 32 100
201 39 23 100
201 8 37 100
201 45 11 100
202 18 32 100
202 26 11 100
202 39 23 100
203 36 14 148
203 8 37 100
203 17 14 100
203 4 14 100
203 21 14 148
203 21 23 100
203 34 21 100
203 40 11 99
203 40 14 148
203 48 14 150
203 30 14 150
204 40 14 148
204 40 40 150
204 7 14 148
204 8 37 100
204 35 14 150
205 5 2 100
205 45 11 100
205 21 14 148
205 21 23 100
206 2 23 100
206 31 14 150
206 31 37 150
206 17 14 100
206 43 11 100
206 35 14 150
206 36 14 148
206 19 4 100
207 45 11 100
207 1 6 150
207 31 14 150
207 31 23 150
207 49 6 150
207 8 37 100
207 43 6 150
207 20 6 148
208 21 23 100
208 26 6 100
208 26 11 100
208 1 6 150
208 4 6 99
208 22 6 148
208 22 19 100
208 20 6 148
208 13 6 150
209 40 6 150
209 31 37 150
209 22 6 148
209 12 6 148
209 32 6 100
210 45 11 100
210 34 23 100
211 33 23 150
211 8 37 100
212 45 11 100
212 12 2 99
212 21 23 100
212 24 37 150
213 29 5 99
214 18 23 150
214 25 37 150
215 46 43 100
215 34 23 100
215 13 11 148
216 40 11 99
216 8 37 100
216 2 23 100
217 28 11 100
217 28 23 100
218 47 37 150
218 30 21 100
218 7 11 100
218 21 23 100
219 26 11 100
219 12 2 99
219 9 37 150
220 48 5 100
220 49 6 150
220 4 6 99
220 18 23 150
220 22 6 148
221 31 37 150
221 32 6 100
221 49 6 150
221 28 11 100
221 28 23 100
221 12 6 148
221 22 6 148
221 0 6 150
222 22 6 148
222 22 11 99
222 40 6 150
222 34 23 100
222 1 6 150
222 26 6 100
223 2 23 100
223 8 43 99
223 21 40 99
223 43 6 150
223 20 6 148
224 43 11 100
224 9 37 150
225 18 23 150
225 7 11 100
226 2 2 100
226 2 23 100
226 31 37 150
226 40 11 99
227 2 23 100
227 40 14 148
227 31 14 150
227 4 14 100
227 21 14 148
227 41 9 100
227 7 14 148
227 22 14 150
228 25 37 150
228 45 11 100
228 39 14 148
228 39 23 100
228 10 14 150
228 7 14 148
229 33 21 100
229 29 14 150
229 43 11 100
229 8 37 100
229 1 47 100
230 10 14 150
230 35 14 150
230 35 23 150
230 39 14 148
230 22 11 99
230 22 14 150
230 22 19 100
230 32 14 100
230 21 14 148
231 34 23 100
231 26 11 100
232 12 2 99
232 7 11 100
232 8 37 100
232 0 23 100
233 24 40 100
233 39 23 100
234 24 43 100
234 45 11 100
235 1 5 99
235 33 23 150
236 1 6 150
236 24 37 150
236 13 6 150
236 39 23 100
236 45 11 100
236 12 6 148
236 49 6 150
236 22 6 148
236 43 6 150
237 44 20 150
237 8 37 100
237 2 23 100
237 0 6 150
237 12 6 148
238 31 20 100
238 2 23 100
238 4 6 99
238 0 6 150
238 12 6 148
238 49 6 150
239 3 40 100
239 31 37 150
239 31 40 100
239 20 6 148
239 10 2 100
239 40 11 99
240 18 23 150
240 45 11 100
240 26 6 100
241 39 23 100
241 7 11 100
242 34 21 100
242 34 23 100
242 34 37 150
242 10 5 100
242 1 47 100
243 43 11 100
243 2 23 100
244 20 40 100
244 24 20 150
244 24 37 150
245 34 23 100
245 34 40 99
245 24 43 100
245 42 2 99
246 35 23 150
246 35 40 100
246 9 37 150
246 20 40 100
247 22 11 99
247 2 23 100
248 21 23 100
248 31 37 150
248 45 11 100
249 40 11 99
249 9 37 150
250 7 11 100
250 0 23 100
251 43 6 150
251 43 11 100
251 43 23 150
251 49 6 150
251 40 6 150
251 22 6 148
251 13 6 150
251 12 6 148
252 12 6 148
252 45 11 100
252 4 6 99
252 39 23 100
252 8 3 99
252 8 37 100
252 22 6 148
252 1 6 150
253 2 2 100
253 2 23 100
253 3 40 100
253 49 6 150
253 8 37 100
253 26 6 100
254 49 6 150
254 33 21 100
254 4 6 99
255 31 23 150
255 31 37 150
255 46 43 100
255 40 11 99
256 7 14 148
256 10 14 150
256 36 14 148
256 0 23 100
256 8 37 100
257 3 11 150
257 21 14 148
257 21 23 100
257 8 37 100
257 10 14 150
257 35 14 150
257 32 14 100
257 22 14 150
258 10 14 150
258 45 11 100
258 36 14 148
258 0 23 100
258 22 14 150
258 22 19 100
258 30 14 150
258 48 14 150
259 10 2 100
259 10 14 150
259 19 4 100
259 46 14 150
259 22 11 99
259 22 37 150
260 16 40 100
260 33 23 150
261 1 5 99
261 31 37 150
261 2 23 100
262 28 11 100
262 28 23 100
263 28 11 100
263 28 23 100
263 8 37 100
264 40 11 99
265 8 37 100
265 35 23 150
265 35 40 100
265 20 40 100
265 2 2 100
266 25 37 150
266 45 11 100
267 48 21 100
267 0 23 100
267 46 43 100
267 2 23 100
267 34 40 99
268 8 37 100
268 22 11 99
268 39 23 100
269 7 11 100
270 40 11 99
270 31 23 150
270 8 37 100
271 28 23 100
271 39 40 150
272 21 23 100
272 26 11 100
272 13 3 100
272 25 37 150
273 0 23 100
273 35 40 100
274 28 11 100
274 23 20 100
274 17 20 100
275 22 37 150
275 3 39 150
275 3 40 100
275 35 23 150
275 35 40 100
276 21 23 100
276 40 11 99
277 31 37 150
277 0 23 100
277 45 9 100
278 2 23 100
278 8 37 100
278 40 11 99
279 6 43 100
280 0 23 100
280 1 39 100
280 26 11 100
281 40 11 99
281 22 37 150
282 43 11 100
283 48 5 100
283 25 37 150
283 31 20 100
284 28 11 100
284 18 20 150
285 34 37 150
285 7 11 100
286 26 40 148
287 8 37 100
287 45 11 100
289 22 37 150
290 31 40 100
291 34 37 150
291 26 11 100
291 18 32 100
291 22 2 100
292 45 11 100
292 1 47 100
292 22 19 100
293 31 14 150
293 31 37 150
293 4 14 100
293 45 11 100
294 26 11 100
294 22 14 150
294 18 32 100
294 48 14 150
294 17 14 100
294 39 14 148
295 26 11 100
295 39 14 148
295 36 14 148
295 48 14 150
295 35 14 150
295 30 14 150
295 22 14 150
296 34 21 100
296 34 37 150
296 36 14 148
296 32 14 100
296 32 32 100
296 39 14 148
296 28 11 100
296 40 14 148
297 45 11 100
297 13 43 100
298 10 2 100
298 31 37 150
299 1 5 99
300 41 32 150
300 41 33 100
300 45 11 100
301 3 11 150
301 8 37 100
302 26 11 100
302 47 37 150
303 28 3 100
303 28 11 100
303 21 19 150
304 35 32 100
304 34 37 150
304 26 11 100
304 30 47 100
304 42 2 99
305 25 32 100
305 43 11 100
306 1 40 148
306 34 37 150
307 40 11 99
308 28 11 100
308 24 37 150
309 43 11 100
309 23 20 100
309 23 43 100
309 34 21 100
309 22 19 100
310 2 2 100
310 24 37 150
310 22 19 100
311 22 11 99
312 28 11 100
312 12 30 100
312 36 14 148
312 29 14 150
312 35 14 150
312 35 32 100
312 5 47 99
312 39 14 148
312 4 14 100
312 8 37 100
313 39 14 148
313 39 33 100
313 10 14 150
313 25 37 150
313 45 11 100
313 4 14 100
313 17 14 100
313 46 14 150
314 21 14 148
314 45 11 100
314 23 32 150
314 36 14 148
314 10 14 150
314 32 14 100
314 8 37 100
315 10 14 150
315 48 14 150
315 43 11 100
316 24 37 150
316 4 14 100
316 22 2 100
316 22 11 99
317 25 40 100
318 34 40 99
318 17 33 99
318 35 32 100
319 49 6 150
319 12 6 148
319 34 37 150
319 26 6 100
319 26 11 100
319 48 19 150
319 1 6 150
320 12 6 148
320 12 40 100
320 31 40 100
320 20 6 148
320 49 6 150
321 26 6 100
321 26 40 148
321 22 6 148
321 22 37 150
321 12 6 148
321 49 6 150
321 40 6 150
322 22 6 148
322 32 6 100
323 42 21 100
323 35 32 100
323 47 37 150
323 22 11 99
324 2 2 100
324 2 32 100
324 17 33 99
324 20 40 100
325 31 20 100
325 31 37 150
325 31 40 100
325 22 19 100
326 5 5 99
327 31 37 150
327 31 40 100
327 25 40 100
328 6 47 100
328 17 1 100
328 8 37 100
328 7 11 100
329 45 11 100
330 23 43 100
330 9 37 150
330 10 2 100
330 22 19 100
330 34 40 99
331 2 32 100
331 22 11 99
331 17 33 99
332 45 11 100
332 18 32 100
332 31 37 150
333 28 11 100
334 20 40 100
335 24 20 150
335 24 37 150
335 44 20 150
335 44 21 99
335 28 11 100
336 28 11 100
336 5 2 100
336 22 19 100
337 17 14 100
337 7 11 100
337 7 14 148
337 30 14 150
337 8 37 100
337 21 14 148
337 40 14 148
337 46 14 150
337 22 14 150
338 1 40 148
338 2 32 100
338 46 14 150
338 36 14 148
338 31 14 150
338 29 14 150
338 39 14 148
338 10 14 150
339 10 14 150
339 8 37 100
339 21 14 148
339 21 40 99
339 35 32 100
339 35 40 100
339 4 14 100
340 24 40 100
340 46 33 100
341 25 37 150
341 26 11 100
342 42 2 99
342 31 37 150
342 7 11 100
342 7 19 150
344 34 40 99
344 35 32 100
345 24 37 150
345 8 3 99
345 28 11 100
346 30 47 100
346 7 11 100
347 23 32 150
347 3 40 100
347 12 40 100
348 26 11 100
348 13 43 100
348 8 37 100
348 20 19 150
349 10 2 100
349 10 11 150
349 10 21 100
350 25 32 100
350 25 37 150
350 43 11 100
351 21 40 99
351 24 37 150
352 24 37 150
352 25 32 100
352 26 11 100
353 49 33 100
353 22 19 100
353 26 40 148
354 47 9 99
354 47 37 150
355 7 11 100
355 7 14 148
355 46 14 150
355 46 33 100
355 32 14 100
355 21 14 148
355 31 14 150
355 40 14 148
355 39 14 148
355 5 2 100
355 29 14 150
356 40 11 99
356 40 14 148
356 23 20 100
356 35 14 150
356 17 14 100
356 30 14 150
356 31 14 150
356 4 14 100
357 39 14 148
357 21 14 148
357 2 32 100
357 31 37 150
357 40 11 99
358 31 20 100
358 31 40 100
358 17 20 100
358 17 33 99
359 7 11 100
359 23 20 100
359 17 20 100
360 23 32 150
360 3 40 100
360 20 40 100
360 44 21 99
360 9 37 150
361 15 2 100
361 28 11 100
361 8 37 100
362 48 47 100
362 40 11 99
362 34 37 150
363 43 6 150
363 43 11 100
363 25 32 100
363 22 6 148
364 36 3 100
364 32 6 100
364 32 32 100
364 28 11 100
364 12 6 148
364 20 6 148
365 45 11 100
365 31 37 150
365 12 6 148
365 20 6 148
365 22 6 148
365 22 19 100
366 7 11 100
366 20 6 148
366 37 30 100
366 43 6 150
366 4 6 99
367 40 6 150
367 40 11 99
367 1 6 150
367 20 32 100
367 9 37 150
368 32 6 100
368 5 2 100
369 13 11 148
369 5 33 100
369 5 47 99
369 9 37 150
370 45 11 100
371 6 43 100
371 31 37 150
372 40 11 99
372 46 33 100
372 8 37 100
373 3 11 150
373 35 32 100
374 31 37 150
374 31 40 100
374 33 21 100
374 41 33 100
374 22 19 100
375 22 2 100
375 22 11 99
375 32 32 100
376 22 37 150
376 17 20 100
377 45 11 100
378 47 37 150
378 35 32 100
378 40 11 99
379 1 5 99
379 44 26 99
380 28 11 100
380 31 37 150
381 1 3 99
381 41 33 100
381 8 37 100
381 27 2 100
381 43 11 100
381 18 32 100
382 3 40 100
383 48 19 150
383 28 11 100
383 35 32 100
383 25 37 150
384 35 40 100
384 31 20 100
384 31 40 100
385 5 33 100
385 5 47 99
385 47 37 150
385 16 40 100
385 13 6 150
385 49 6 150
385 26 6 100
385 42 21 100
385 4 6 99
385 12 6 148
385 20 6 148
386 0 6 150
386 12 6 148
387 40 6 150
387 40 11 99
387 49 6 150
387 26 6 100
387 9 37 150
387 22 6 148
387 13 6 150
388 20 6 148
388 8 37 100
388 2 2 100
388 3 11 150
389 23 20 100
389 40 11 99
389 35 32 100
390 9 37 150
390 26 11 100
390 17 20 100
390 17 33 99
391 35 40 100
392 22 11 99
392 22 19 100
392 22 37 150
393 22 11 99
393 19 4 100
394 34 37 150
394 12 2 99
394 18 32 100
394 28 11 100
395 34 9 100
395 8 37 100
396 5 33 100
396 43 11 100
396 17 20 100
397 26 11 100
397 23 43 100
397 48 21 100
397 47 37 150
398 2 32 100
398 28 11 100
399 31 14 150
399 31 37 150
399 40 11 99
399 40 14 148
399 5 33 100
399 22 14 150
399 10 14 150
399 39 14 148
399 29 14 150
399 32 14 100
400 29 14 150
400 29 40 148
400 4 14 100
400 10 14 150
401 27 2 100
401 3 40 100
401 40 14 148
401 39 14 148
401 34 37 150
401 34 40 99
401 48 14 150
401 21 14 148
402 40 11 99
402 40 14 148
403 26 40 148
403 31 37 150
403 41 33 100
403 22 19 100
404 22 11 99
404 8 37 100
405 40 11 99
405 39 32 150
405 4 14 100
406 45 11 100
406 25 37 150
407 20 19 150
407 20 32 100
407 5 2 100
407 45 11 100
408 22 11 99
408 22 37 150
409 46 33 100
409 46 43 100
409 18 32 100
410 7 3 100
410 7 11 100
410 25 37 150
410 34 21 100
410 28 11 100
411 10 32 150
412 35 40 100
412 25 37 150
412 7 11 100
413 17 20 100
413 40 11 99
413 10 2 100
413 22 19 100
414 45 11 100
414 47 37 150
414 35 32 100
415 7 11 100
415 46 33 100
416 34 37 150
417 13 11 148
418 18 32 100
418 13 11 148
418 8 37 100
419 8 37 100
419 29 2 100
419 43 11 100
420 35 32 100
420 34 37 150
420 16 19 150
420 7 11 100
421 12 40 100
421 39 33 100
422 13 43 100
422 22 11 99
423 40 11 99
423 40 14 148
423 48 14 150
423 48 30 100
423 21 14 148
423 32 14 100
423 31 14 150
424 42 21 100
424 28 11 100
424 5 33 100
424 17 14 100
424 39 14 148
424 22 14 150
424 22 37 150
424 35 14 150
424 48 14 150
424 4 14 100
425 45 11 100
425 17 14 100
425 40 14 148
425 36 14 148
425 10 14 150
425 39 14 148
426 29 2 100
426 29 40 148
426 35 32 100
426 24 37 150
427 25 32 100
427 25 40 100
428 24 37 150
428 14 9 100
428 17 20 100
428 22 19 100
429 21 40 99
429 35 40 100
430 25 37 150
430 40 11 99
431 12 40 100
431 22 19 100
432 2 2 100
432 2 32 100
433 8 37 100
433 26 11 100
434 40 11 99
434 8 37 100
434 8 43 99
435 34 40 99
435 8 37 100
435 21 40 99
436 35 32 100
436 42 21 100
436 16 19 150
436 7 11 100
437 22 11 99
437 22 37 150
437 25 32 100
437 30 47 100
438 12 2 99
438 20 32 100
438 49 33 100
439 0 6 150
439 47 37 150
439 13 6 150
439 13 11 148
440 7 11 100
440 7 19 150
440 13 6 150
441 1 6 150
441 13 6 150
441 40 6 150
441 21 40 99
441 20 6 148
441 20 32 100
441 0 6 150
441 4 6 99
441 34 37 150
441 12 6 148
442 41 33 100
442 26 6 100
442 40 6 150
442 1 6 150
443 4 6 99
443 25 37 150
443 40 11 99
443 39 20 100
443 17 20 100
444 14 19 150
444 22 11 99
444 8 37 100
445 2 2 100
445 20 40 100
445 23 20 100
446 24 40 100
446 3 40 100
446 8 37 100
447 7 3 100
447 35 40 100
447 17 33 99
448 35 32 100
448 35 40 100
448 9 37 150
449 43 11 100
450 35 32 100
450 35 40 100
450 12 40 100
450 22 19 100
451 25 1 100
451 25 37 150
451 25 40 100
451 29 2 100
451 8 43 99
452 33 26 99
452 28 11 100
453 34 21 100
453 34 40 99
453 5 33 100
453 5 47 99
454 21 40 99
454 10 32 150
454 9 37 150
454 3 40 100
455 22 11 99
456 34 37 150
456 34 40 99
457 46 33 100
457 7 11 100
458 26 40 148
458 29 2 100
458 34 37 150
458 20 32 100
459 7 11 100
460 47 37 150
460 7 11 100
461 0 5 100
461 22 19 100
462 24 37 150
462 10 32 150
462 17 20 100
463 28 11 100
463 45 11 100
464 35 32 100
464 10 2 100
464 10 21 100
464 24 37 150
464 7 11 100
465 8 33 100
465 8 37 100
465 45 11 100
466 5 5 99
466 35 32 100
467 11 39 150
467 21 40 99
467 25 37 150
468 32 32 100
468 29 40 148
469 26 11 100
469 9 37 150
470 25 32 100
470 25 40 100
470 10 2 100
470 21 40 99
470 24 43 100
471 35 32 100
471 46 33 100
471 26 11 100
472 45 11 100
472 14 19 150
472 24 37 150
473 13 3 100
473 7 11 100
474 20 40 100
474 24 20 150
474 41 33 100
475 12 40 100
475 24 37 150
475 18 32 100
476 20 32 100
476 12 2 99
477 42 21 100
477 17 20 100
477 7 11 100
477 43 11 100
477 8 37 100
478 45 11 100
479 31 37 150
479 48 19 150
479 17 33 99
479 18 32 100
479 26 11 100
480 6 47 100
480 31 40 100
480 8 37 100
480 34 40 99
481 43 11 100
481 12 30 100
481 8 37 100
481 20 32 100
482 40 11 99
482 22 19 100
483 5 2 100
483 17 33 99
483 47 37 150
485 13 11 148
485 24 37 150
486 40 11 99
486 26 4 100
487 9 37 150
487 45 11 100
487 18 32 100
488 8 33 100
488 8 37 100
488 8 43 99
488 7 11 100
489 5 2 100
489 22 11 99
489 38 3 100
490 11 5 100
491 32 14 100
491 32 32 100
491 29 14 150
491 48 14 150
491 21 14 148
491 24 37 150
491 45 11 100
491 4 14 100
491 30 14 150
492 43 11 100
492 48 14 150
492 48 19 150
492 48 21 100
492 39 14 148
492 21 14 148
493 17 14 100
493 17 20 100
493 40 11 99
493 40 14 148
493 36 14 148
493 46 14 150
493 22 14 150
493 7 14 148
493 21 14 148
494 18 32 100
494 35 40 100
494 32 14 100
494 31 37 150
495 30 47 100
495 29 2 100
495 45 11 100
496 9 37 150
496 46 33 100
496 39 40 150
498 2 32 100
498 29 40 148
498 40 11 99
498 24 37 150
499 26 11 100
499 25 32 100
499 45 39 99
500 36 19 148
500 25 37 150
500 40 11 99
501 27 2 100
501 40 11 99
501 46 33 100
502 25 32 100
502 22 11 99
502 22 19 100
503 22 37 150
503 21 40 99
504 28 11 100
505 37 30 100
505 9 37 150
505 45 11 100
505 15 20 150
506 35 32 100
506 35 40 100
506 17 20 100
506 0 19 150
507 28 11 100
507 9 43 100
508 11 9 100
508 24 37 150
508 15 2 100
509 39 33 100
509 22 11 99
509 35 32 100
509 33 21 100
510 43 11 100
511 47 37 150
512 28 11 100
512 25 32 100
512 8 37 100
513 28 11 100
514 12 2 99
514 7 11 100
514 34 37 150
515 22 11 99
515 22 19 100
516 5 33 100
516 13 43 100
516 45 11 100
516 25 37 150
517 36 3 100
517 25 32 100
517 28 11 100
517 8 37 100
518 43 11 100
519 11 5 100
519 17 33 99
520 12 2 99
520 34 37 150
520 43 11 100
521 43 11 100
521 2 32 100
521 33 21 100
521 22 19 100
522 40 11 99
522 34 37 150
523 39 20 100
523 39 40 150
524 47 37 150
524 45 11 100
525 46 43 100
526 7 11 100
526 20 32 100
526 15 2 100
527 9 37 150
527 12 40 100
527 25 40 100
527 8 37 100
528 5 33 100
528 18 20 150
528 35 40 100
528 17 20 100
528 22 19 100
529 32 32 100
529 22 11 99
530 1 40 148
531 9 37 150
531 22 11 99
531 44 3 100
532 22 11 99
532 33 21 100
532 2 32 100
533 45 11 100
533 42 2 99
534 41 33 100
534 48 36 100
534 12 40 100
534 25 37 150
535 10 11 150
535 36 19 148
536 25 37 150
536 22 11 99
537 41 33 100
537 22 11 99
537 5 47 99
538 28 11 100
538 22 37 150
538 23 20 100
539 22 2 100
539 25 32 100
539 25 40 100
540 22 11 99
540 14 1 99
540 8 37 100
540 8 43 99
541 45 11 100
541 18 32 100
542 36 14 148
542 4 14 100
542 21 14 148
543 4 14 100
543 28 11 100
543 16 19 150
543 7 14 148
543 20 32 100
543 31 14 150
543 10 14 150
544 29 14 150
544 36 14 148
544 32 14 100
544 35 14 150
544 4 14 100
544 26 11 100
544 8 37 100
544 10 14 150
545 39 14 148
545 26 11 100
545 36 14 148
545 33 21 100
545 32 14 100
545 24 37 150
545 17 14 100
546 22 2 100
546 22 11 99
546 49 33 100
546 18 26 99
547 35 32 100
547 40 11 99
548 25 32 100
548 25 37 150
548 7 11 100
549 20 40 100
549 8 37 100
549 16 40 100
550 43 11 100
550 9 37 150
550 32 32 100
551 25 32 100
551 40 11 99
551 2 2 100
552 24 37 150
552 45 11 100
552 20 19 150
553 26 11 100
553 8 33 100
554 43 11 100
554 47 37 150
555 43 11 100
555 2 32 100
556 24 40 100
556 24 43 100
556 48 3 100
556 31 20 100
557 11 5 100
557 5 2 100
557 35 32 100
557 34 37 150
558 26 11 100
558 10 21 100
558 16 19 150
559 24 37 150
559 24 40 100
559 35 40 100
560 25 32 100
560 44 20 150
560 40 11 99
560 41 33 100
561 32 32 100
561 43 11 100
561 22 37 150
562 22 11 99
562 8 37 100
563 26 11 100
563 2 32 100
564 31 37 150
564 41 33 100
564 42 2 99
564 22 11 99
564 4 4 100
565 40 11 99
566 23 39 148
566 31 37 150
567 3 40 100
567 40 11 99
568 9 37 150
568 35 32 100
569 0 19 150
569 8 37 100
569 3 11 150
569 25 32 100
570 23 43 100
570 27 2 100
570 46 33 100
570 34 21 100
570 22 11 99
571 40 11 99
571 35 32 100
571 25 37 150
572 17 20 100
572 28 11 100
573 40 11 99
573 34 37 150
574 16 40 100
575 25 32 100
575 25 37 150
575 25 40 100
575 3 40 100
575 41 33 100
575 6 47 100
576 5 2 100
576 5 5 99
576 8 37 100
577 22 19 100
578 37 30 100
