74 31 4 100
74 31 13 148
74 31 18 99
74 31 21 148
74 31 22 100
74 31 33 148
74 31 35 100
74 31 41 150
74 31 42 100
74 31 46 150
74 31 47 100
74 31 49 60
86 31 13 148
86 31 18 99
86 31 21 148
86 31 22 100
86 31 33 148
86 31 35 100
86 31 41 150
86 31 42 100
86 31 46 150
86 31 47 100
86 31 49 78
96 31 13 148
96 31 18 99
96 31 21 148
96 31 22 100
96 31 33 148
96 31 35 100
96 31 41 150
96 31 42 100
96 31 46 150
96 31 47 100
96 31 49 120
121 31 13 148
121 31 18 99
121 31 21 148
121 31 22 100
121 31 33 148
121 31 35 100
121 31 41 150
121 31 42 100
121 31 46 150
121 31 47 100
121 31 49 150
141 31 4 100
141 31 13 148
141 31 18 99
141 31 21 148
141 31 22 100
141 31 33 148
141 31 35 100
141 31 41 150
141 31 42 100
141 31 46 150
141 31 47 100
141 31 49 150
151 31 4 100
151 31 13 148
151 31 18 99
151 31 21 148
151 31 22 100
151 31 33 148
151 31 35 100
151 31 41 150
151 31 42 100
151 31 46 150
151 31 47 100
151 31 49 150
164 18 18 100
164 18 20 150
164 18 22 100
164 18 26 150
164 18 31 100
164 18 37 150
164 18 38 100
164 18 47 148
172 18 18 100
172 18 20 150
172 18 22 100
172 18 26 150
172 18 31 100
172 18 37 150
172 18 38 100
172 18 47 148
175 16 2 100
175 16 7 150
175 16 13 100
175 16 25 150
175 16 31 100
175 16 38 148
175 16 43 99
175 16 44 150
175 16 48 99
176 18 18 100
176 18 20 150
176 18 22 100
176 18 26 150
176 18 31 100
176 18 37 150
176 18 38 100
176 18 47 148
177 18 18 100
177 18 20 150
177 18 22 100
177 18 26 150
177 18 31 100
177 18 37 150
177 18 38 100
177 18 47 148
178 18 18 100
178 18 20 150
178 18 22 100
178 18 26 150
178 18 31 100
178 18 37 150
178 18 38 100
178 18 47 148
179 16 2 100
179 16 7 150
179 16 13 100
179 16 25 150
179 16 31 100
179 16 38 148
179 16 43 99
179 16 44 150
179 16 48 99
179 18 18 100
179 18 20 150
179 18 22 100
179 18 26 150
179 18 31 100
179 18 37 150
179 18 38 100
179 18 47 148
181 16 2 100
181 16 7 150
181 16 13 100
181 16 25 150
181 16 31 100
181 16 38 148
181 16 43 99
181 16 44 150
181 16 48 99
181 18 18 100
181 18 20 150
181 18 22 100
181 18 26 150
181 18 31 100
181 18 37 150
181 18 38 100
181 18 47 148
182 18 18 100
182 18 20 150
182 18 22 100
182 18 26 150
182 18 31 100
182 18 37 150
182 18 38 100
182 18 47 148
183 18 18 100
183 18 20 150
183 18 22 100
183 18 26 150
183 18 31 100
183 18 37 150
183 18 38 100
183 18 47 148
184 18 18 100
184 18 20 150
184 18 22 100
184 18 26 150
184 18 31 100
184 18 37 150
184 18 38 100
184 18 47 148
185 31 4 100
185 31 13 148
185 31 18 99
185 31 21 148
185 31 22 100
185 31 33 148
185 31 35 100
185 31 41 150
185 31 42 100
185 31 46 150
185 31 47 100
185 31 49 150
186 18 18 100
186 18 20 150
186 18 22 100
186 18 26 150
186 18 31 100
186 18 37 150
186 18 38 100
186 18 47 148
189 18 18 100
189 18 20 150
189 18 22 100
189 18 26 150
189 18 31 100
189 18 37 150
189 18 38 100
189 18 47 148
191 18 18 100
191 18 20 150
191 18 22 100
191 18 26 150
191 18 31 100
191 18 37 150
191 18 38 100
191 18 47 148
196 18 18 100
196 18 20 150
196 18 22 100
196 18 26 150
196 18 31 100
196 18 37 150
196 18 38 100
196 18 47 148
197 18 18 100
197 18 20 150
197 18 22 100
197 18 26 150
197 18 31 100
197 18 37 150
197 18 38 100
197 18 47 148
198 18 18 100
198 18 20 150
198 18 22 100
198 18 26 150
198 18 31 100
198 18 37 150
198 18 38 100
198 18 47 148
204 18 18 100
204 18 20 150
204 18 22 100
204 18 26 150
204 18 31 100
204 18 37 150
204 18 38 100
204 18 47 148
205 18 18 100
205 18 20 150
205 18 22 100
205 18 26 150
205 18 31 100
205 18 37 150
205 18 38 100
205 18 47 148
206 18 18 100
206 18 20 150
206 18 22 100
206 18 26 150
206 18 31 100
206 18 37 150
206 18 38 100
206 18 47 148
207 18 18 100
207 18 20 150
207 18 22 100
207 18 26 150
207 18 31 100
207 18 37 150
207 18 38 100
207 18 47 148
209 18 18 100
209 18 20 150
209 18 22 100
209 18 26 150
209 18 31 100
209 18 37 150
209 18 38 100
209 18 47 148
211 18 18 100
211 18 20 150
211 18 22 100
211 18 26 150
211 18 31 100
211 18 37 150
211 18 38 100
211 18 47 148
218 18 18 100
218 18 20 150
218 18 22 100
218 18 26 150
218 18 31 100
218 18 37 150
218 18 38 100
218 18 47 148
232 18 18 100
232 18 20 150
232 18 22 100
232 18 26 150
232 18 31 100
232 18 37 150
232 18 38 100
232 18 47 148
236 18 18 100
236 18 20 150
236 18 22 100
236 18 26 150
236 18 31 100
236 18 37 150
236 18 38 100
236 18 47 148
242 31 4 100
242 31 13 148
242 31 18 99
242 31 21 148
242 31 22 100
242 31 33 148
242 31 35 100
242 31 41 150
242 31 42 100
242 31 46 150
242 31 47 100
242 31 49 150
247 16 2 100
247 16 7 150
247 16 13 100
247 16 25 150
247 16 31 100
247 16 38 148
247 16 43 99
247 16 44 150
247 16 48 99
248 18 18 100
248 18 20 150
248 18 22 100
248 18 26 150
248 18 31 100
248 18 37 150
248 18 38 100
248 18 47 148
253 16 2 100
253 16 7 150
253 16 13 100
253 16 25 150
253 16 31 100
253 16 38 148
253 16 43 99
253 16 44 150
253 16 48 99
255 16 2 100
255 16 7 150
255 16 13 100
255 16 25 150
255 16 31 100
255 16 38 148
255 16 43 99
255 16 44 150
255 16 48 99
256 18 18 100
256 18 20 150
256 18 22 100
256 18 26 150
256 18 31 100
256 18 37 150
256 18 38 100
256 18 47 148
259 16 2 100
259 16 7 150
259 16 13 100
259 16 25 150
259 16 31 100
259 16 38 148
259 16 43 99
259 16 44 150
259 16 48 99
267 18 18 100
267 18 20 150
267 18 22 100
267 18 26 150
267 18 31 100
267 18 37 150
267 18 38 100
267 18 47 148
270 31 4 100
270 31 13 148
270 31 18 99
270 31 21 148
270 31 22 100
270 31 33 148
270 31 35 100
270 31 41 150
270 31 42 100
270 31 46 150
270 31 47 100
270 31 49 150
274 18 18 100
274 18 20 150
274 18 22 100
274 18 26 150
274 18 31 100
274 18 37 150
274 18 38 100
274 18 47 148
287 18 18 100
287 18 20 150
287 18 22 100
287 18 26 150
287 18 31 100
287 18 37 150
287 18 38 100
287 18 47 148
302 18 18 100
302 18 20 150
302 18 22 100
302 18 26 150
302 18 31 100
302 18 37 150
302 18 38 100
302 18 47 148
310 18 18 100
310 18 20 150
310 18 22 100
310 18 26 150
310 18 31 100
310 18 37 150
310 18 38 100
310 18 47 148
331 18 18 100
331 18 20 150
331 18 22 100
331 18 26 150
331 18 31 100
331 18 37 150
331 18 38 100
331 18 47 148
337 18 18 100
337 18 20 150
337 18 22 100
337 18 26 150
337 18 31 100
337 18 37 150
337 18 38 100
337 18 47 148
349 18 18 100
349 18 20 150
349 18 22 100
349 18 26 150
349 18 31 100
349 18 37 150
349 18 38 100
349 18 47 148
598 18 18 100
598 18 20 150
598 18 22 100
598 18 26 150
598 18 31 100
598 18 37 150
598 18 38 100
598 18 47 148
600 18 18 100
600 18 20 150
600 18 22 100
600 18 26 150
600 18 31 100
600 18 37 150
600 18 38 100
600 18 47 148
603 42 3 100
603 42 7 150
603 42 11 100
603 42 14 150
603 42 15 100
603 42 18 150
603 42 20 100
603 42 31 148
603 42 36 100
603 42 42 148
603 42 43 99
603 42 46 150
604 1 9 100
604 1 15 150
604 1 16 100
604 1 20 150
604 1 27 100
604 1 35 150
604 1 37 100
604 1 38 150
604 1 39 100
604 1 41 72
604 1 48 150
620 18 18 100
620 18 20 150
620 18 22 100
620 18 26 150
620 18 31 100
620 18 37 150
620 18 38 100
620 18 47 148
622 18 18 100
622 18 20 150
622 18 22 100
622 18 26 150
622 18 31 100
622 18 37 150
622 18 38 100
622 18 47 148
625 18 18 100
625 18 20 150
625 18 22 100
625 18 26 150
625 18 31 100
625 18 37 150
625 18 38 100
625 18 47 148
630 16 2 100
630 16 7 150
630 16 13 100
630 16 25 150
630 16 31 100
630 16 38 148
630 16 43 99
630 16 44 150
630 16 48 99
631 16 2 100
631 16 7 150
631 16 13 100
631 16 25 150
631 16 31 100
631 16 38 148
631 16 43 99
631 16 44 150
631 16 48 99
633 16 2 100
633 16 7 150
633 16 13 100
633 16 25 150
633 16 31 100
633 16 38 148
633 16 43 99
633 16 44 150
633 16 48 99
634 16 2 100
634 16 7 150
634 16 13 100
634 16 25 150
634 16 31 100
634 16 38 148
634 16 43 99
634 16 44 150
634 16 48 99
692 49 3 150
692 49 15 58
692 49 19 12
692 49 35 148
692 49 42 99
692 49 49 150
692 20 4 100
692 20 7 150
692 20 11 148
692 20 16 42
692 20 22 150
692 20 25 99
692 20 26 150
692 20 37 100
692 20 38 150
692 20 43 100
692 18 18 100
692 18 20 150
692 18 22 100
692 18 26 150
692 18 31 100
692 18 37 150
692 18 38 100
692 18 47 20
692 41 9 100
692 41 22 150
692 41 31 99
692 41 33 150
692 41 36 99
692 41 37 150
692 41 39 99
692 41 44 150
692 35 3 100
692 35 14 45
692 35 43 150
692 35 49 148
692 3 3 150
692 3 18 150
692 3 21 100
692 3 31 99
692 3 41 100
692 3 42 148
692 3 46 148
692 0 20 150
692 0 25 150
692 0 31 150
692 0 33 150
692 0 43 100
692 0 49 148
692 28 0 99
692 28 4 150
692 28 7 99
692 28 11 150
692 28 26 150
692 28 27 100
692 28 35 100
692 28 41 150
692 21 2 100
692 21 4 150
692 21 13 100
692 21 26 148
692 21 33 148
692 21 35 100
692 21 36 150
692 21 41 81
692 1 20 150
692 1 27 100
692 1 35 150
692 1 37 100
692 1 38 150
692 1 39 41
692 1 48 150
692 40 3 148
692 40 22 150
692 40 31 150
692 40 37 100
692 40 43 150
692 29 2 99
692 29 3 150
692 29 11 99
692 29 27 120
692 29 35 100
692 29 38 150
692 29 40 96
692 29 49 148
692 5 2 99
692 5 3 150
692 5 4 99
692 5 7 148
692 5 18 150
692 5 20 100
692 5 33 99
692 5 37 150
692 5 43 150
692 5 49 100
692 26 7 148
692 26 11 100
692 26 18 100
692 26 20 100
692 26 31 99
692 26 43 150
692 12 0 100
692 12 4 150
692 12 7 99
692 12 26 148
692 12 31 100
692 12 33 99
692 12 36 150
692 12 37 100
692 12 48 150
692 6 2 100
692 6 3 150
692 6 11 99
692 6 18 100
692 6 21 150
692 6 31 100
692 6 35 150
692 6 46 150
692 6 48 150
692 6 49 100
693 0 20 150
693 0 25 150
693 0 31 150
693 0 33 150
693 0 43 100
693 0 49 148
693 12 0 100
693 12 4 150
693 12 7 99
693 12 26 148
693 12 31 100
693 12 33 99
693 12 36 150
693 12 37 100
693 12 48 150
693 10 4 100
693 10 20 150
693 10 42 150
693 10 49 100
693 27 0 36
693 27 35 100
693 27 36 150
693 27 38 100
693 27 43 148
693 27 46 150
693 27 48 100
693 46 4 100
693 46 11 100
693 46 13 100
693 46 33 148
693 46 37 100
693 46 38 150
693 30 18 100
693 30 20 100
693 30 31 150
693 30 33 148
693 30 35 100
693 30 48 148
693 18 18 100
693 18 20 150
693 18 22 100
693 18 26 150
693 18 31 100
693 18 37 50
693 29 2 99
693 29 3 150
693 29 11 99
693 29 33 150
693 29 35 100
693 29 38 150
693 29 45 100
693 29 49 148
693 47 3 100
693 47 11 150
693 47 21 150
693 47 36 28
693 47 43 100
693 47 49 150
693 4 0 1
693 4 14 1
693 4 36 2
693 34 18 150
693 34 21 100
693 34 26 150
693 34 38 150
693 34 49 150
693 21 2 100
693 21 4 150
693 21 13 100
693 21 26 148
693 21 33 148
693 21 35 100
693 21 36 1
693 13 18 100
693 13 20 150
693 13 21 99
693 13 25 99
693 13 33 150
693 13 38 100
693 13 43 100
693 17 2 100
693 17 11 148
693 17 13 150
693 17 18 100
693 17 20 100
693 17 46 99
693 17 48 148
693 49 3 150
693 49 26 150
693 49 35 148
693 49 42 99
693 49 49 2
693 32 11 28
693 32 25 99
693 32 26 150
693 32 46 150
693 32 48 99
694 3 3 124
694 3 21 100
694 3 31 99
694 3 41 16
694 3 46 148
694 46 4 100
694 46 13 100
694 46 33 148
694 46 38 150
694 22 20 150
694 22 26 148
694 22 35 150
694 22 46 148
694 5 2 99
694 5 4 99
694 5 7 148
694 5 18 150
694 5 20 100
694 5 33 99
694 5 43 150
694 42 7 150
694 42 18 150
694 42 20 100
694 42 31 148
694 42 42 148
694 42 43 99
694 42 46 150
694 8 2 99
694 8 7 148
694 8 13 100
694 8 21 148
694 8 26 99
694 8 31 148
694 8 33 100
694 8 42 150
694 8 43 100
694 8 45 56
694 8 48 148
694 1 20 150
694 1 35 150
694 1 38 150
694 1 48 150
694 7 13 100
694 7 25 99
694 7 26 148
694 7 38 148
694 7 43 150
694 7 48 100
694 24 4 100
694 24 33 150
694 24 48 150
694 13 18 100
694 13 20 150
694 13 21 99
694 13 25 99
694 13 33 150
694 13 38 100
694 13 43 100
694 19 4 148
694 19 7 100
694 19 26 148
694 19 31 148
694 19 38 150
694 19 46 100
694 15 35 148
694 31 4 100
694 31 13 148
694 31 18 99
694 31 21 148
694 31 22 100
694 31 33 148
694 31 35 100
694 31 42 100
694 31 46 150
694 6 2 100
694 6 18 100
694 6 21 150
694 6 31 100
694 6 35 150
694 6 46 150
694 6 48 150
694 4 4 148
694 4 18 100
694 4 46 100
694 16 2 100
694 16 7 150
694 16 13 100
694 16 25 150
694 16 31 100
694 16 38 148
694 16 43 99
694 16 48 99
695 31 4 100
695 31 13 148
695 31 18 99
695 31 21 148
695 31 22 100
695 31 33 148
695 31 35 100
695 31 41 15
695 31 46 150
695 5 2 99
695 5 3 30
695 5 18 150
695 5 20 100
695 5 33 99
695 5 43 150
695 10 20 150
695 10 42 150
695 39 18 99
695 39 21 150
695 39 25 148
695 39 35 100
695 39 46 150
695 7 13 100
695 7 25 99
695 7 26 148
695 7 38 148
695 7 43 150
695 7 48 100
695 24 33 150
695 24 48 150
695 41 2 150
695 41 20 100
695 41 22 150
695 41 31 99
695 41 33 150
695 36 2 150
695 36 7 150
695 36 13 150
695 36 18 68
695 36 25 18
695 1 35 150
695 1 38 150
695 1 48 150
695 15 35 148
695 27 35 100
695 27 38 100
695 27 43 148
695 27 46 150
695 27 48 100
695 29 2 99
695 29 33 150
695 29 35 100
695 29 38 150
695 13 18 2
695 13 21 99
695 13 33 150
695 13 38 100
695 13 43 100
695 12 7 99
695 12 26 148
695 12 31 100
695 12 33 99
695 12 48 150
695 17 2 100
695 17 13 150
695 17 20 100
695 17 46 99
695 17 48 148
695 33 21 150
695 33 35 150
695 33 42 150
696 3 3 30
696 3 31 99
696 3 41 15
696 3 46 148
696 47 21 150
696 47 42 150
696 47 43 100
696 46 13 100
696 46 33 148
696 46 38 150
696 33 21 150
696 33 35 150
696 33 42 150
696 24 33 150
696 24 48 150
696 41 2 150
696 41 20 100
696 41 22 150
696 41 31 99
696 41 33 150
696 9 7 148
696 9 31 150
696 9 33 100
696 9 43 150
696 9 46 99
696 37 7 100
696 37 13 100
696 37 20 100
696 37 22 150
696 37 35 99
696 37 48 148
696 42 7 150
696 42 20 100
696 42 31 148
696 42 42 148
696 42 43 99
696 42 46 150
696 49 26 150
696 49 35 120
696 26 7 148
696 26 20 100
696 26 31 99
696 26 43 150
696 5 2 99
696 5 7 148
696 5 20 100
696 5 33 99
696 5 43 150
696 48 38 99
696 48 43 100
696 48 46 150
696 12 7 99
696 12 26 148
696 12 31 100
696 12 33 99
696 12 48 150
696 22 20 150
696 22 26 148
696 22 35 2
696 21 2 100
696 21 13 100
696 21 26 148
696 21 33 148
697 9 7 148
697 9 31 150
697 9 33 100
697 9 43 150
697 9 46 99
697 0 20 150
697 0 25 2
697 0 33 150
697 0 43 100
697 41 2 150
697 41 20 100
697 41 22 150
697 41 31 99
697 41 33 150
697 13 20 150
697 13 21 99
697 13 33 150
697 13 38 100
697 13 43 100
697 2 22 100
697 2 26 99
697 2 33 150
697 2 45 2
697 20 7 150
697 20 20 100
697 20 22 150
697 20 26 150
697 20 38 150
697 20 43 100
697 44 20 148
697 44 21 100
697 44 22 148
697 44 26 150
697 44 42 100
697 44 43 148
697 44 46 148
697 11 3 30
697 11 20 100
697 11 26 150
697 11 46 100
697 11 48 150
697 14 7 100
697 14 42 150
697 14 43 100
697 14 46 99
697 14 48 150
697 5 2 99
697 5 7 148
697 5 20 100
697 5 33 99
697 5 43 150
697 43 7 150
697 43 13 100
697 43 26 150
697 43 31 150
697 38 7 100
697 38 21 150
697 38 38 100
697 38 48 100
697 27 38 100
697 27 43 148
697 27 46 150
697 27 48 100
697 45 7 148
697 45 13 100
697 45 31 150
697 45 42 150
697 6 2 100
697 6 21 150
697 6 31 100
697 6 35 1
697 6 48 150
697 23 2 99
697 23 13 150
697 23 48 150
698 33 21 147
698 45 7 148
698 45 13 100
698 45 31 150
698 45 42 150
698 30 20 100
698 30 31 150
698 30 33 148
698 30 48 148
698 41 2 150
698 41 20 100
698 41 22 150
698 41 31 99
698 41 33 150
698 29 2 99
698 29 33 150
698 29 38 150
698 28 7 99
698 28 26 150
698 12 7 99
698 12 26 148
698 12 31 100
698 12 33 99
698 12 48 150
698 9 7 148
698 9 31 150
698 9 33 100
698 9 43 150
698 9 46 99
698 14 7 100
698 14 42 150
698 14 43 100
698 14 46 99
698 14 48 150
698 32 21 1
698 32 46 150
698 32 48 99
698 39 46 150
698 46 13 100
698 46 33 148
698 46 38 150
698 43 7 150
698 43 13 100
698 43 26 150
698 43 31 150
698 21 2 100
698 21 13 100
698 21 26 124
698 6 2 100
698 6 31 100
698 6 46 150
698 6 48 150
698 34 38 150
699 1 20 150
699 1 38 150
699 1 41 12
699 8 2 99
699 8 7 148
699 8 13 100
699 8 26 21
699 8 33 100
699 8 42 150
699 8 43 100
699 8 46 100
699 8 48 148
699 14 7 100
699 14 42 150
699 14 43 100
699 14 46 99
699 14 48 150
699 5 2 99
699 5 7 148
699 5 20 100
699 5 33 99
699 5 43 150
699 27 38 100
699 27 43 148
699 27 46 150
699 27 48 100
699 7 13 100
699 7 25 18
699 7 43 150
699 7 48 100
699 38 7 100
699 38 38 100
699 38 48 100
699 46 13 100
699 46 33 148
699 46 38 150
699 3 31 99
699 3 41 3
699 3 46 148
699 45 7 148
699 45 13 100
699 45 31 150
699 45 42 150
699 20 7 150
699 20 20 100
699 20 22 150
699 20 38 150
699 20 43 100
699 4 46 100
699 42 7 150
699 42 20 100
699 42 31 148
699 42 42 148
699 42 43 99
699 42 46 150
699 32 46 150
699 32 48 99
699 41 2 150
699 41 20 100
699 41 22 150
699 41 31 99
699 41 33 35
700 1 38 150
700 1 48 150
700 19 7 100
700 19 31 148
700 19 38 150
700 19 46 100
700 11 7 148
700 11 20 100
700 11 46 100
700 11 48 148
700 8 7 148
700 8 13 100
700 8 31 148
700 8 42 150
700 8 43 100
700 8 46 100
700 29 2 99
700 29 38 150
700 18 20 150
700 18 22 100
700 18 26 1
700 18 38 100
700 2 22 100
700 2 46 99
700 16 2 100
700 16 7 150
700 16 13 100
700 16 31 100
700 16 38 148
700 16 43 99
700 7 13 100
700 7 38 148
700 7 43 150
700 7 48 1
700 31 22 100
700 31 42 100
700 31 46 111
700 42 20 100
700 42 31 148
700 42 42 148
700 42 43 99
700 22 20 150
700 21 2 100
700 21 13 100
700 38 7 100
700 38 38 100
701 41 2 150
701 41 9 8
701 41 22 150
701 41 31 99
701 41 33 30
701 18 22 100
701 18 26 21
701 18 38 100
701 8 2 99
701 8 7 148
701 8 13 100
701 8 31 148
701 8 42 150
701 8 43 100
701 46 13 100
701 46 38 150
701 47 42 150
701 47 43 100
701 17 2 100
701 17 13 150
701 17 20 100
701 27 38 100
701 27 43 148
701 5 2 99
701 5 7 148
701 5 20 100
701 5 43 150
701 3 31 99
701 3 42 148
701 39 25 16
701 43 13 100
701 43 31 150
701 13 20 150
701 13 38 100
701 13 43 100
701 44 20 148
701 44 22 148
701 44 42 100
701 44 43 148
701 35 43 150
701 2 22 100
701 2 25 2
702 47 43 100
702 22 20 150
702 22 26 20
702 26 20 100
702 26 31 99
702 26 43 36
702 17 13 150
702 17 20 100
702 1 20 150
702 1 38 150
702 0 20 150
702 0 31 150
702 0 33 30
702 21 13 100
702 18 20 150
702 18 22 100
702 18 26 1
702 18 38 100
702 7 13 100
702 7 38 148
702 49 42 99
702 42 7 150
702 42 20 100
702 42 31 148
702 42 42 148
702 31 13 148
702 31 22 100
702 31 42 100
702 2 22 100
702 36 2 150
702 36 7 150
702 36 13 150
702 36 22 100
702 30 20 100
702 30 31 150
703 19 7 100
703 19 31 148
703 19 38 150
703 9 7 148
703 9 31 150
703 9 43 12
703 33 21 30
703 21 2 100
703 21 13 100
703 46 13 100
703 46 38 150
703 31 13 148
703 31 22 100
703 31 42 100
703 48 38 99
703 48 46 1
703 43 13 100
703 43 31 150
703 8 2 99
703 8 7 148
703 8 13 100
703 8 31 148
703 8 42 150
703 42 7 150
703 42 20 100
703 42 31 148
703 42 42 148
703 28 7 99
703 17 2 100
703 17 13 150
703 17 20 100
704 1 20 150
704 1 38 150
704 42 7 150
704 42 20 100
704 42 31 148
704 42 42 148
704 42 43 12
704 8 7 148
704 8 13 100
704 8 21 28
704 8 33 30
704 20 7 150
704 20 20 100
704 20 22 150
704 20 25 36
704 0 20 54
704 16 2 100
704 16 7 150
704 16 13 100
704 16 31 100
704 16 38 148
704 23 2 99
704 23 13 150
704 17 2 100
704 17 13 42
704 44 42 100
704 34 21 2
704 28 7 99
704 7 38 148
704 48 38 99
704 26 7 148
704 26 31 99
705 6 2 100
705 6 21 30
705 6 41 12
705 36 7 150
705 36 13 18
705 36 25 18
705 30 31 150
705 13 38 100
705 13 43 12
705 45 31 150
705 45 42 150
705 40 22 150
705 40 31 150
705 16 2 100
705 16 7 150
705 16 31 100
705 16 38 148
705 46 38 150
705 37 7 100
705 37 22 150
705 37 41 3
705 42 7 150
705 42 31 148
705 42 42 148
705 43 7 150
705 43 26 21
706 30 20 30
706 17 2 100
706 17 13 44
706 6 2 100
706 6 31 100
706 26 7 148
706 26 31 99
706 26 43 12
706 20 22 150
706 20 38 150
706 40 22 150
706 40 31 150
706 0 31 53
706 29 2 99
706 29 38 150
706 7 38 148
706 10 42 150
706 21 2 100
706 3 42 148
707 21 2 100
707 21 33 28
707 8 7 148
707 8 21 28
707 8 43 12
707 18 20 30
707 18 26 1
707 7 38 148
707 17 2 44
707 10 42 150
707 38 7 100
707 38 21 2
707 3 42 116
707 37 7 100
707 37 22 150
707 29 2 3
708 12 7 99
708 12 33 30
708 20 7 150
708 20 22 150
708 20 38 150
708 38 7 100
708 38 38 100
708 1 38 150
708 29 38 150
708 16 7 150
708 16 13 26
708 7 38 148
708 46 38 150
708 26 7 32
709 44 43 12
709 5 33 30
709 37 7 2
709 35 3 2
709 19 38 150
710 35 43 12
710 47 16 4
710 44 22 148
710 40 22 150
711 34 26 22
711 29 38 150
711 44 20 28
711 44 43 12
711 16 38 148
711 26 20 2
711 18 38 100
711 7 38 148
712 28 26 20
712 7 25 18
712 7 43 12
712 16 38 148
712 29 38 150
713 39 35 100
713 23 3 30
713 40 31 100
713 31 35 4
713 13 38 100
713 16 38 148
713 18 22 100
713 18 26 1
713 45 42 1
713 20 22 150
713 20 38 150
714 29 3 30
714 11 26 21
714 20 25 18
714 23 13 2
715 39 35 4
715 43 31 1
716 9 31 100
716 2 26 21
716 10 42 65
716 40 22 150
717 34 21 30
717 48 38 99
717 48 43 12
717 20 38 3
717 18 22 100
718 15 35 56
718 18 22 100
718 18 26 1
719 12 26 20
719 20 20 28
719 20 38 150
719 20 43 12
719 49 26 1
720 9 31 100
720 31 22 100
720 31 41 1
720 44 26 21
721 5 20 28
721 44 22 148
721 23 13 26
721 37 41 15
722 18 31 100
722 47 21 30
722 31 22 100
723 14 43 12
723 10 20 2
723 40 31 1
724 11 26 21
724 24 16 4
724 31 35 4
724 2 22 100
724 37 22 150
724 18 22 100
724 18 26 1
725 16 38 148
725 34 26 20
725 31 22 100
725 0 31 1
726 42 20 30
726 36 25 18
726 19 26 20
726 10 42 1
726 49 26 2
727 42 3 30
727 36 13 26
727 36 25 18
728 31 13 44
728 39 25 16
728 27 48 100
728 41 20 30
728 29 38 150
728 2 22 100
728 2 25 2
728 12 48 150
728 38 38 46
729 14 3 28
729 18 38 100
729 49 3 2
729 36 22 100
729 20 22 150
729 20 38 48
730 41 31 99
730 41 33 30
730 21 13 2
731 28 26 22
731 37 22 150
732 19 26 20
732 23 13 26
732 36 22 100
733 44 20 28
733 44 26 21
733 6 41 12
733 30 20 2
733 20 22 150
734 37 13 28
734 37 41 3
734 27 38 100
734 27 46 48
735 3 21 28
735 3 41 15
735 40 43 12
735 33 16 4
736 41 20 30
736 41 31 99
736 22 46 48
736 31 41 15
736 37 22 150
737 7 13 24
737 31 22 100
737 31 42 64
738 38 7 60
738 40 31 1
739 24 33 30
739 20 43 12
740 31 22 100
740 16 13 2
740 37 22 150
740 48 4 60
740 39 21 2
741 31 41 1
741 2 22 100
741 36 22 100
742 34 26 20
742 9 43 12
742 40 22 150
742 40 31 1
742 26 20 2
743 36 25 18
743 34 38 150
743 49 26 1
743 37 20 2
743 19 38 144
744 22 26 20
744 16 48 51
744 18 26 1
744 10 41 14
744 32 21 2
745 0 25 18
745 37 22 150
745 37 48 100
746 3 21 28
746 12 26 20
746 48 11 60
748 20 43 12
749 0 43 12
749 16 13 26
749 38 18 100
749 49 26 1
749 39 18 48
752 37 7 100
752 37 22 56
753 17 13 26
753 8 26 21
753 37 7 1
754 21 2 100
754 21 13 18
754 33 21 30
754 8 2 99
754 16 2 76
755 10 41 16
755 44 46 48
755 3 18 8
758 26 43 12
759 3 41 3
759 30 33 28
759 5 18 2
759 18 26 1
762 9 43 12
765 2 33 30
766 28 26 20
766 2 22 56
766 30 20 30
766 18 26 1
766 13 21 30
767 21 13 20
767 3 18 8
767 33 35 3
767 16 2 100
767 16 38 148
767 8 2 99
767 46 38 48
768 34 21 30
768 29 2 99
768 6 2 100
768 6 47 100
768 38 47 28
769 36 7 60
769 5 2 99
769 8 2 99
770 27 38 100
770 27 43 12
770 8 21 28
770 36 22 56
770 48 38 99
770 1 38 150
771 27 3 30
771 8 13 24
773 39 18 9
773 34 26 20
775 22 20 30
777 29 38 144
778 39 47 100
778 43 31 1
779 40 22 54
780 26 43 12
780 34 21 2
780 43 31 1
781 1 20 30
781 2 22 56
781 42 31 100
781 21 44 150
781 22 44 99
782 15 15 14
782 39 18 9
782 16 38 148
782 16 44 1
782 48 38 99
782 31 22 56
782 27 38 49
782 22 26 20
783 40 22 54
786 16 43 12
786 6 47 100
787 13 20 30
787 13 43 12
787 39 47 100
787 48 38 99
787 49 26 22
788 20 22 111
789 29 33 30
789 34 18 9
790 20 43 12
791 43 31 1
793 36 22 2
794 1 20 30
796 20 20 28
797 12 33 30
798 36 13 2
798 29 38 96
799 16 31 100
799 38 21 2
799 17 20 28
800 11 20 32
800 17 2 100
800 21 2 100
800 23 2 99
800 16 2 100
801 33 16 4
803 13 18 1
803 49 26 1
804 34 21 30
806 23 13 18
806 37 41 15
807 8 7 60
808 7 43 12
808 37 13 2
810 16 38 148
810 16 43 12
811 46 33 28
812 0 20 30
813 5 3 30
814 14 42 64
814 9 31 100
815 9 43 12
816 22 20 30
816 6 47 100
816 40 43 12
816 34 26 2
818 7 13 24
819 36 22 56
820 31 13 24
820 44 26 21
822 18 20 30
822 16 38 48
823 27 38 100
823 36 13 26
824 32 25 18
824 39 47 100
824 3 42 64
825 20 20 28
825 3 41 15
825 28 7 12
827 20 11 60
827 25 18 1
827 14 48 51
828 36 22 56
828 4 46 48
828 27 43 12
828 38 38 100
828 46 38 96
829 29 38 150
829 34 38 46
831 3 42 64
833 28 41 1
834 28 26 20
834 33 42 64
835 26 20 30
835 26 43 12
835 8 26 21
838 38 48 100
838 40 22 54
838 36 13 18
838 9 41 2
839 6 47 100
839 6 48 1
839 38 38 100
839 38 47 150
839 5 2 99
839 11 20 2
839 36 13 2
839 16 2 100
839 16 38 44
840 32 25 18
840 41 22 56
841 3 18 150
841 3 41 1
842 35 43 12
844 18 22 56
845 0 20 30
847 2 22 56
847 27 43 12
847 35 47 100
847 49 26 1
849 11 3 30
851 22 35 4
852 36 13 18
852 27 36 20
852 28 26 2
853 49 35 104
853 23 25 18
853 5 2 99
853 15 36 20
854 39 18 9
854 36 22 56
857 25 18 100
857 7 48 100
857 9 33 2
857 5 18 108
858 18 26 2
864 18 20 30
864 46 33 28
864 9 33 2
864 45 37 100
865 9 31 100
865 20 37 100
865 31 21 28
865 18 37 150
865 12 37 100
865 46 37 100
866 20 37 100
866 1 37 100
866 5 37 150
867 40 37 100
868 40 37 100
868 20 37 100
868 12 37 100
868 41 37 150
869 46 37 100
869 5 37 150
870 46 37 100
