50 NA NA
50 NA NA
10 NA NA
20 NA NA
3 NA NA
0 0 4
0 1 3
0 6 1
0 9 4
0 10 1
0 14 4
0 21 4
0 22 2
0 23 2
0 26 2
0 34 1
0 38 3
0 41 4
1 0 3
1 5 2
1 6 4
1 13 2
1 19 1
1 21 2
1 24 4
1 28 1
1 29 3
1 33 4
1 39 4
1 42 4
1 43 4
1 45 2
1 46 2
2 6 3
2 8 4
2 11 2
2 13 3
2 14 2
2 18 4
2 24 1
2 28 3
2 31 1
2 33 3
2 36 2
2 41 4
2 43 4
2 47 2
3 4 1
3 14 2
3 16 3
3 17 3
3 21 3
3 26 2
3 33 1
3 36 2
3 37 1
3 39 4
3 41 4
3 47 4
3 48 2
4 5 2
4 6 1
4 9 1
4 15 4
4 17 3
4 18 2
4 22 4
4 25 4
4 31 4
4 33 4
4 35 4
4 43 1
5 4 4
5 7 3
5 11 3
5 16 1
5 17 2
5 19 1
5 26 2
5 28 4
5 29 2
5 42 4
5 44 1
5 48 2
6 0 4
6 1 4
6 7 2
6 12 1
6 14 1
6 17 3
6 21 3
6 35 2
6 40 4
6 43 2
7 3 1
7 10 2
7 17 4
7 24 4
7 33 1
7 46 1
8 0 1
8 3 4
8 10 3
8 11 1
8 16 1
8 21 4
8 22 4
8 25 2
8 26 1
8 29 1
8 32 1
8 44 1
8 45 3
8 49 3
9 2 1
9 7 3
9 12 1
9 19 2
9 21 1
9 22 3
9 26 3
9 36 1
9 40 1
9 45 1
9 46 1
10 1 2
10 3 3
10 10 4
10 11 2
10 13 1
10 19 3
10 20 3
10 21 4
10 27 1
10 30 1
10 34 2
10 39 2
11 1 1
11 16 4
11 19 3
11 27 3
11 31 4
11 32 4
11 44 1
11 48 2
12 5 3
12 8 2
12 9 1
12 12 3
12 18 2
12 31 4
12 35 3
12 42 3
12 44 1
12 45 1
12 47 3
13 7 3
13 17 3
13 19 1
13 40 1
13 45 4
13 46 2
13 48 1
14 1 1
14 11 4
14 13 3
14 16 3
14 24 2
14 30 1
14 31 4
14 36 4
14 42 2
14 43 3
15 2 4
15 6 2
15 19 3
15 21 2
15 25 1
15 26 1
15 27 2
15 31 4
15 33 4
15 37 4
15 43 3
15 44 2
15 46 4
16 6 3
16 7 1
16 18 3
16 20 3
16 21 1
16 28 1
16 29 4
16 30 3
16 37 2
16 38 2
17 7 3
17 10 2
17 14 4
17 18 1
17 19 1
17 24 3
17 28 1
17 29 3
17 34 1
17 35 1
17 37 1
17 40 2
17 42 3
18 0 4
18 2 4
18 3 4
18 5 4
18 8 1
18 14 1
18 20 4
18 27 1
18 29 1
18 32 4
18 33 4
18 34 1
18 35 3
18 36 1
18 38 4
18 40 3
18 47 2
19 6 1
19 16 2
19 17 3
19 18 3
19 21 1
19 26 3
19 36 2
19 38 1
19 39 3
19 41 2
19 42 4
19 46 1
20 6 2
20 8 1
20 13 1
20 17 2
20 19 2
20 21 1
20 22 3
20 25 1
20 26 2
20 27 4
20 29 1
20 37 1
20 38 2
20 41 1
20 45 4
20 46 4
21 1 2
21 3 3
21 6 4
21 16 3
21 18 3
21 24 2
21 29 4
21 30 2
21 32 3
21 37 2
21 40 1
22 0 2
22 1 1
22 8 4
22 11 2
22 17 1
22 18 1
22 23 1
22 24 3
22 33 4
22 34 3
22 37 2
22 47 2
22 49 3
23 2 1
23 4 2
23 9 3
23 10 2
23 11 4
23 15 1
23 18 4
23 21 2
23 35 4
23 37 2
23 38 1
23 40 1
23 45 2
23 48 4
24 1 2
24 2 3
24 12 1
24 18 3
24 22 3
24 24 3
24 34 2
24 37 3
24 39 3
24 40 3
24 48 1
25 9 3
25 10 2
25 12 1
25 16 1
25 21 4
25 25 1
25 27 4
25 35 2
25 36 4
25 40 2
25 41 1
25 42 4
25 46 2
25 48 3
25 49 2
26 3 2
26 5 4
26 7 3
26 8 3
26 11 1
26 16 4
26 19 1
26 26 3
26 28 4
26 32 4
26 33 2
26 43 4
26 46 4
27 2 3
27 3 1
27 6 4
27 7 3
27 16 2
27 20 3
27 22 3
27 25 3
27 27 2
27 29 2
27 38 1
27 41 2
27 45 3
27 46 2
27 47 4
27 49 3
28 0 4
28 1 3
28 7 3
28 9 4
28 13 4
28 15 1
28 22 2
28 25 2
28 27 4
28 31 2
28 32 2
28 33 3
28 35 2
28 40 4
28 43 3
28 44 1
28 46 1
28 49 3
29 0 3
29 3 2
29 12 3
29 13 4
29 16 4
29 18 2
29 20 1
29 32 3
29 33 4
29 37 1
29 41 4
29 43 1
29 44 2
29 45 1
29 48 4
30 5 1
30 8 2
30 17 1
30 19 2
30 23 3
30 29 4
30 32 2
30 36 3
30 45 3
30 46 1
31 0 4
31 6 3
31 19 1
31 20 2
31 23 1
31 34 1
31 35 2
31 38 1
31 42 3
31 46 4
31 48 2
32 3 3
32 5 4
32 9 3
32 15 3
32 17 3
32 19 4
32 25 4
32 29 1
32 32 3
32 34 3
32 35 2
32 48 1
33 0 2
33 5 3
33 6 2
33 28 1
33 31 4
33 32 1
33 33 1
33 40 1
33 42 1
33 49 1
34 3 4
34 4 3
34 6 4
34 8 1
34 9 4
34 10 3
34 11 3
34 12 3
34 13 3
34 14 4
34 25 1
34 30 2
34 32 4
34 34 1
34 35 3
34 43 4
35 4 3
35 6 3
35 12 4
35 15 1
35 18 3
35 19 4
35 21 2
35 24 4
35 26 1
35 27 1
35 29 4
35 30 2
35 32 3
35 34 2
35 35 3
35 36 3
35 38 3
35 40 4
36 1 3
36 10 2
36 15 1
36 22 1
36 27 3
36 29 3
36 31 3
36 34 2
36 35 4
36 36 4
36 46 3
37 0 2
37 6 2
37 9 1
37 19 3
37 21 2
37 27 3
37 31 2
37 35 4
37 40 3
37 42 3
38 3 1
38 17 4
38 18 1
38 29 2
38 32 4
38 33 4
38 39 1
38 41 4
38 46 4
39 7 1
39 13 2
39 18 1
39 23 2
39 26 4
39 28 2
39 34 4
39 35 4
39 36 4
39 38 3
39 39 1
39 41 3
39 42 3
39 45 4
40 1 4
40 21 1
40 25 3
40 32 3
40 37 4
40 42 3
40 44 1
40 47 2
40 48 1
40 49 2
41 0 1
41 4 4
41 6 3
41 7 4
41 8 1
41 9 1
41 12 2
41 24 4
41 26 2
41 29 2
41 31 2
41 34 2
41 36 4
41 41 1
41 43 1
41 46 3
41 48 2
42 0 4
42 4 3
42 5 4
42 13 4
42 23 4
42 25 4
42 33 1
42 36 4
42 37 4
42 46 4
43 5 4
43 15 1
43 19 3
43 21 3
43 23 2
43 30 3
43 33 4
43 36 3
43 37 1
43 41 3
43 45 2
43 47 1
43 49 4
44 5 1
44 15 1
44 20 4
44 34 4
44 35 3
44 42 4
44 45 2
44 47 2
45 0 4
45 6 1
45 8 3
45 13 3
45 15 3
45 18 2
45 19 3
45 23 2
45 27 1
45 33 4
45 35 3
45 42 4
45 44 3
45 47 3
46 0 2
46 1 3
46 7 2
46 8 4
46 11 3
46 17 2
46 21 1
46 30 4
46 32 2
46 33 1
46 35 2
46 41 2
46 44 3
46 46 4
46 47 3
47 6 4
47 11 4
47 13 4
47 20 3
47 24 1
47 25 1
47 29 4
47 30 4
47 33 3
47 43 3
48 3 1
48 6 2
48 9 3
48 15 3
48 19 2
48 22 4
48 23 2
48 24 3
48 25 2
48 31 2
48 38 1
48 41 2
48 46 4
48 47 1
48 49 1
49 5 4
49 6 2
49 11 3
49 15 2
49 17 2
49 19 2
49 23 1
49 34 3
49 36 4
49 44 4
49 48 1
