50 NA NA
50 NA NA
10 NA NA
20 NA NA
3 NA NA
0 6 2
0 12 4
0 25 3
0 26 1
0 28 4
0 40 1
0 42 4
0 48 4
1 4 2
1 8 2
1 11 4
1 15 3
1 18 3
1 29 3
1 31 4
1 34 3
1 41 2
2 0 1
2 6 1
2 9 4
2 11 1
2 12 2
2 13 4
2 15 2
2 28 4
2 36 2
2 37 2
2 41 3
2 42 3
3 2 1
3 6 4
3 8 1
3 9 3
3 11 3
3 12 4
3 24 2
3 29 2
3 30 1
3 32 1
3 36 2
3 37 4
3 42 4
3 43 1
3 45 2
3 46 4
4 0 1
4 1 4
4 2 1
4 4 3
4 13 3
4 17 4
4 19 3
4 29 3
4 32 4
4 36 3
4 41 2
4 42 2
4 44 4
4 48 2
4 49 3
5 3 2
5 9 3
5 16 4
5 18 4
5 35 4
5 44 3
6 1 1
6 6 2
6 7 1
6 13 1
6 14 4
6 27 1
6 30 3
6 31 3
6 45 3
6 49 1
7 3 3
7 6 4
7 10 2
7 16 2
7 31 4
7 32 2
7 36 2
7 37 4
7 46 4
7 48 4
8 3 2
8 6 3
8 17 1
8 23 1
8 25 2
8 27 1
8 29 2
8 32 3
8 36 4
8 38 2
8 44 1
9 1 1
9 11 3
9 18 2
9 21 3
9 32 1
9 36 2
9 43 4
9 47 4
9 48 1
10 1 3
10 4 4
10 8 1
10 12 3
10 14 4
10 16 2
10 26 3
10 31 1
10 40 3
10 47 3
11 1 4
11 18 1
11 22 1
11 25 1
11 33 3
11 34 1
11 35 1
11 37 1
11 41 3
11 46 3
11 48 1
12 1 1
12 5 1
12 6 3
12 8 2
12 9 2
12 11 2
12 13 3
12 21 1
12 24 3
12 32 4
12 44 1
12 46 3
13 2 4
13 3 1
13 4 1
13 5 2
13 17 2
13 19 2
13 23 3
13 30 2
13 31 1
13 40 2
13 43 2
13 46 2
13 47 4
14 6 3
14 13 1
14 14 2
14 19 3
14 21 3
14 23 4
14 34 3
14 35 3
14 38 2
14 41 3
14 42 3
14 44 4
14 45 2
14 48 3
15 1 1
15 4 1
15 5 1
15 9 3
15 23 3
15 26 2
15 30 2
15 31 1
15 34 2
15 37 3
15 39 4
15 43 1
15 44 1
16 0 2
16 3 3
16 7 3
16 10 4
16 14 1
16 17 1
16 18 4
16 23 4
16 32 2
16 34 4
16 39 4
16 49 4
17 3 1
17 9 2
17 10 2
17 11 2
17 14 3
17 18 1
17 22 2
17 24 4
17 25 3
17 30 4
17 43 1
17 48 2
18 1 4
18 4 3
18 8 1
18 12 3
18 18 2
18 20 3
18 21 1
18 25 3
18 26 1
18 28 3
18 32 4
18 34 4
18 39 3
18 40 2
18 41 3
18 47 1
19 13 2
19 17 4
19 18 3
19 22 2
19 23 1
19 36 3
19 46 2
20 3 2
20 4 4
20 7 2
20 10 3
20 20 1
20 22 3
20 23 2
20 24 2
20 28 4
20 46 3
20 49 2
21 0 4
21 1 3
21 2 2
21 10 4
21 24 3
21 33 1
21 37 1
21 38 4
21 46 4
22 2 3
22 14 1
22 21 1
22 22 3
22 26 2
22 34 3
22 39 2
22 40 2
22 43 4
22 45 2
22 49 3
23 0 4
23 1 1
23 2 2
23 5 4
23 7 2
23 18 3
23 22 3
23 29 1
23 40 4
23 44 2
23 45 2
24 8 3
24 11 3
24 12 3
24 13 1
24 14 2
24 20 2
24 22 4
24 25 4
24 33 3
24 35 4
24 36 2
24 40 4
24 44 1
25 2 2
25 3 3
25 4 4
25 10 1
25 12 4
25 21 1
25 24 1
25 29 4
25 37 4
25 38 3
25 43 1
25 46 1
26 3 2
26 9 1
26 21 3
26 25 1
26 26 3
26 27 1
26 39 3
26 41 2
26 45 2
26 48 4
27 2 2
27 4 2
27 9 1
27 10 2
27 14 1
27 20 4
27 22 1
27 30 1
27 35 2
27 37 4
27 43 1
27 44 1
27 46 3
28 5 1
28 10 3
28 29 2
28 30 4
28 39 2
28 40 4
29 9 4
29 11 4
29 12 4
29 13 4
29 21 1
29 25 1
29 33 4
29 39 1
29 43 3
29 45 2
29 46 4
29 47 4
29 49 1
30 5 1
30 9 2
30 17 4
30 26 3
30 29 1
30 34 3
30 36 1
30 37 1
30 38 3
30 39 1
30 42 3
30 44 2
30 48 2
31 7 3
31 11 3
31 12 2
31 18 4
31 20 1
31 21 2
31 28 1
31 32 1
31 39 1
31 40 2
32 2 1
32 4 4
32 6 2
32 7 1
32 13 3
32 14 4
32 16 3
32 17 1
32 25 2
32 27 3
32 28 1
32 36 3
32 42 2
32 46 1
33 0 1
33 3 3
33 8 2
33 10 3
33 13 3
33 17 2
33 19 4
33 20 1
33 22 3
33 24 4
33 27 4
33 28 1
33 32 3
33 33 1
33 37 4
33 40 3
33 42 3
33 46 4
33 47 4
34 0 1
34 3 2
34 10 4
34 14 4
34 21 4
34 27 2
34 28 1
34 37 4
34 41 2
34 42 4
34 47 1
34 48 2
35 2 4
35 9 4
35 11 1
35 14 2
35 21 4
35 23 1
35 25 3
35 36 4
35 38 1
35 40 2
35 46 2
36 4 2
36 5 4
36 9 2
36 10 3
36 15 3
36 17 4
36 19 4
36 22 1
36 26 1
36 31 4
36 34 2
36 37 2
36 40 2
36 42 1
36 46 1
36 48 3
37 1 1
37 4 2
37 6 3
37 11 2
37 12 2
37 13 1
37 16 1
37 20 4
37 21 3
37 22 3
37 23 4
37 25 2
37 26 2
37 30 2
37 31 4
37 32 2
37 34 1
37 35 2
37 38 1
37 39 1
37 40 3
37 46 4
37 47 3
38 3 2
38 4 1
38 6 1
38 15 3
38 17 1
38 19 2
38 21 1
38 22 3
38 24 3
38 25 2
38 28 2
38 30 3
38 31 4
38 34 2
38 37 1
38 38 4
38 42 3
38 44 3
38 47 4
39 4 4
39 6 3
39 7 1
39 12 1
39 13 2
39 14 1
39 22 4
39 23 2
39 26 2
39 28 2
39 32 2
39 36 3
39 37 2
39 38 1
39 39 3
39 43 4
39 44 3
39 46 1
40 4 4
40 10 3
40 18 2
40 19 1
40 20 4
40 25 2
40 26 4
40 28 4
40 30 1
40 31 1
40 34 2
40 41 2
40 42 1
40 43 2
40 44 2
41 4 1
41 5 2
41 10 1
41 14 1
41 19 2
41 21 2
41 23 4
41 29 2
41 33 2
41 41 2
41 43 2
41 46 4
41 48 2
41 49 3
42 1 2
42 2 4
42 4 2
42 6 4
42 8 1
42 14 2
42 18 3
42 19 2
42 24 4
42 25 1
42 36 3
42 37 4
42 44 3
42 49 4
43 4 3
43 6 1
43 8 4
43 10 1
43 15 1
43 17 1
43 28 2
43 31 4
43 34 3
43 35 3
43 38 1
43 46 1
43 49 2
44 7 4
44 9 1
44 11 4
44 12 3
44 13 1
44 16 2
44 18 4
44 22 2
44 23 3
44 24 3
44 25 3
44 33 2
44 39 4
44 47 2
45 4 1
45 7 2
45 10 2
45 16 3
45 18 4
45 24 2
45 30 1
45 35 1
45 39 1
45 43 4
45 44 4
45 45 1
45 46 4
45 49 2
46 5 4
46 9 2
46 10 3
46 12 2
46 13 4
46 17 2
46 18 2
46 43 1
46 48 3
47 1 1
47 5 4
47 6 3
47 11 4
47 15 4
47 19 4
47 22 1
47 28 1
47 33 3
47 34 3
47 36 2
47 39 2
47 45 4
47 48 3
48 5 4
48 8 1
48 10 2
48 12 1
48 15 1
48 24 2
48 26 3
48 32 1
48 34 4
48 37 2
48 42 2
48 45 4
49 2 4
49 13 3
49 16 1
49 18 4
49 22 2
49 27 4
49 31 4
49 35 4
49 37 3
49 38 1
49 40 4
49 43 4
49 45 1
49 47 2
