50 NA NA
50 NA NA
10 NA NA
30 NA NA
2 NA NA
0 1 4
0 3 3
0 4 4
0 10 3
0 17 2
0 20 4
0 24 1
0 25 2
0 28 1
0 29 2
0 35 2
0 37 3
0 39 1
0 41 4
0 44 3
0 48 4
1 4 3
1 8 4
1 9 4
1 11 3
1 18 2
1 22 1
1 24 1
1 25 2
1 26 2
1 29 2
1 40 2
1 43 3
1 47 2
1 48 2
2 1 4
2 3 4
2 4 4
2 7 4
2 8 3
2 12 2
2 13 3
2 17 1
2 18 2
2 21 2
2 23 3
2 27 4
2 29 3
2 32 2
2 42 2
2 47 1
2 49 1
3 3 3
3 9 4
3 11 3
3 14 3
3 16 3
3 18 3
3 21 4
3 23 2
3 32 2
3 34 2
3 35 1
3 39 3
3 40 2
3 47 4
3 48 4
4 5 2
4 8 3
4 19 4
4 21 2
4 27 2
4 28 2
4 31 1
4 42 4
4 43 2
4 44 3
5 0 4
5 3 4
5 9 4
5 10 2
5 12 4
5 13 2
5 16 4
5 19 1
5 22 2
5 26 3
5 30 1
5 33 3
5 45 1
5 46 4
5 49 2
6 4 1
6 5 4
6 7 4
6 11 4
6 14 4
6 25 2
6 26 3
6 31 1
6 33 2
6 34 3
6 35 1
6 40 2
6 47 4
6 48 4
7 1 1
7 3 4
7 8 1
7 9 2
7 12 4
7 14 1
7 18 4
7 20 4
7 25 2
7 31 4
7 38 4
7 43 1
7 44 2
7 49 4
8 2 3
8 8 1
8 19 3
8 24 3
8 37 3
8 38 3
9 6 1
9 12 4
9 13 1
9 14 4
9 19 2
9 23 1
9 28 4
9 31 3
9 32 1
9 44 4
9 46 4
9 49 4
10 2 2
10 10 4
10 17 2
10 20 3
10 23 1
10 25 2
10 27 2
10 29 2
10 35 2
10 39 1
10 42 1
10 48 2
11 1 1
11 4 2
11 6 3
11 12 4
11 14 2
11 17 1
11 18 4
11 20 1
11 21 3
11 25 3
11 26 2
11 40 3
12 0 4
12 4 3
12 9 1
12 11 2
12 14 1
12 15 3
12 17 4
12 20 1
12 30 1
12 38 3
12 40 2
12 42 1
12 47 3
12 48 1
13 0 1
13 1 2
13 6 2
13 13 2
13 14 1
13 27 2
13 31 4
13 32 3
13 36 1
13 38 2
13 40 2
14 0 4
14 5 2
14 10 3
14 16 4
14 29 1
14 38 3
14 41 3
14 46 3
15 1 2
15 2 2
15 11 1
15 14 2
15 36 2
15 41 4
15 43 3
15 44 4
15 45 3
16 1 2
16 5 2
16 6 1
16 10 1
16 20 3
16 24 2
16 25 1
16 26 4
16 27 4
16 33 1
16 34 4
16 48 2
16 49 1
17 3 1
17 4 4
17 5 1
17 6 1
17 9 3
17 19 1
17 22 1
17 24 3
17 29 1
17 30 2
17 31 3
17 34 1
17 43 1
17 45 3
18 3 2
18 7 3
18 10 3
18 17 2
18 18 2
18 19 3
18 28 1
18 30 1
18 31 4
18 34 3
18 38 2
18 40 1
18 42 4
18 45 1
19 1 1
19 6 3
19 7 3
19 8 2
19 9 3
19 19 2
19 20 3
19 22 4
19 27 1
19 30 2
19 33 3
19 37 2
19 38 2
19 43 2
19 49 3
20 7 1
20 12 2
20 15 1
20 21 3
20 24 4
20 29 1
20 30 4
20 32 4
20 34 4
20 38 3
20 42 4
20 43 4
20 44 4
20 45 4
20 48 2
20 49 1
21 2 4
21 16 4
21 20 4
21 21 2
21 22 4
21 25 1
21 27 4
21 29 3
21 30 2
21 35 1
22 0 2
22 7 3
22 11 3
22 19 3
22 25 3
22 35 4
22 38 2
22 44 2
23 1 2
23 3 4
23 6 3
23 9 3
23 11 3
23 14 2
23 17 1
23 18 3
23 19 1
23 25 1
23 31 2
23 32 3
23 37 3
23 38 2
23 41 2
23 42 2
23 43 1
24 0 4
24 15 1
24 20 1
24 28 2
24 31 2
24 36 3
24 39 3
24 41 3
24 42 3
24 46 4
24 47 1
25 7 2
25 11 2
25 12 1
25 13 3
25 20 2
25 22 1
25 25 3
25 26 3
25 27 2
25 30 2
25 31 1
25 32 1
25 41 4
25 43 3
25 47 3
25 49 2
26 2 4
26 3 4
26 4 4
26 6 2
26 8 1
26 13 3
26 15 2
26 18 4
26 20 3
26 26 2
26 28 2
26 32 3
26 37 3
26 39 2
27 6 4
27 10 2
27 13 3
27 16 2
27 20 2
27 21 3
27 23 2
27 30 2
27 33 2
27 37 1
27 42 3
27 43 3
27 45 2
27 47 1
27 49 3
28 1 4
28 4 3
28 6 4
28 14 2
28 18 1
28 19 2
28 22 4
28 29 4
28 33 3
28 38 3
28 41 3
28 42 2
28 43 1
28 45 2
29 6 1
29 7 4
29 9 4
29 11 2
29 14 4
29 16 2
29 18 4
29 20 1
29 22 1
29 25 3
29 41 3
29 42 3
29 45 4
30 4 2
30 7 1
30 8 3
30 9 3
30 14 3
30 17 4
30 31 1
30 32 4
30 39 3
30 41 3
30 47 3
30 49 1
31 1 3
31 4 2
31 9 2
31 10 1
31 13 3
31 14 1
31 18 1
31 20 3
31 25 3
31 41 4
31 46 4
32 2 4
32 3 1
32 8 4
32 10 2
32 12 2
32 15 1
32 19 4
32 22 4
32 28 1
32 32 2
32 42 4
32 45 4
32 49 1
33 2 4
33 5 2
33 6 1
33 12 2
33 16 3
33 17 1
33 18 3
33 24 4
33 27 1
33 33 2
33 34 4
33 36 2
33 37 2
33 40 3
33 44 2
33 46 1
34 12 3
34 22 2
34 26 3
34 28 3
34 30 4
34 34 2
34 42 4
34 43 1
34 45 3
35 1 2
35 2 2
35 3 3
35 7 1
35 8 1
35 9 4
35 11 3
35 15 2
35 17 1
35 18 2
35 19 1
35 32 2
35 34 1
35 35 2
35 40 4
35 43 4
36 2 2
36 4 3
36 7 2
36 8 4
36 14 3
36 17 3
36 28 1
36 34 1
36 40 3
36 47 1
37 4 3
37 8 1
37 13 3
37 17 1
37 18 2
37 19 2
37 24 2
37 28 1
37 31 2
37 33 2
37 41 4
37 43 2
37 44 3
38 5 4
38 13 2
38 18 2
38 20 3
38 22 1
38 24 1
38 30 3
38 34 3
38 35 2
38 40 1
38 46 1
38 47 2
39 0 4
39 6 3
39 17 4
39 18 1
39 19 4
39 20 2
39 22 2
39 23 2
39 24 3
39 26 1
39 28 2
39 35 4
39 37 2
39 38 3
39 39 2
39 40 4
39 49 4
40 2 1
40 7 4
40 8 3
40 9 4
40 11 2
40 13 1
40 17 2
40 23 4
40 28 2
40 31 4
40 32 1
40 48 3
41 1 4
41 3 1
41 9 3
41 24 3
41 27 4
41 28 4
41 36 4
41 41 3
41 42 2
41 46 4
42 0 1
42 1 3
42 3 1
42 5 3
42 7 3
42 14 1
42 24 1
42 25 1
42 31 4
42 32 1
42 35 4
42 36 1
42 37 2
42 44 4
42 47 2
42 48 3
43 9 1
43 10 4
43 16 3
43 17 2
43 20 4
43 23 1
43 25 1
43 33 3
43 34 1
43 36 2
43 42 4
43 46 1
44 5 4
44 11 1
44 15 2
44 22 4
44 25 4
44 36 2
44 41 2
44 45 1
44 48 2
45 0 1
45 2 2
45 18 1
45 41 1
45 43 1
45 49 4
46 5 2
46 7 2
46 10 1
46 12 3
46 14 4
46 16 4
46 31 2
46 35 2
46 36 4
46 40 4
47 0 3
47 3 1
47 6 4
47 9 1
47 11 4
47 14 4
47 16 4
47 20 4
47 21 1
47 23 2
47 26 3
47 31 2
47 43 4
48 2 4
48 20 3
48 21 2
48 22 3
48 23 4
48 35 1
48 37 4
48 39 3
48 43 2
48 44 3
48 48 3
49 1 4
49 4 4
49 18 3
49 21 3
49 23 4
49 24 3
49 27 2
49 30 1
49 37 2
49 38 1
49 39 4
49 43 4
49 49 4
