50 NA NA
50 NA NA
10 NA NA
30 NA NA
2 NA NA
0 0 2
0 1 1
0 8 2
0 10 2
0 28 3
0 31 4
0 33 2
0 40 4
0 43 2
0 46 4
0 47 3
0 48 3
0 49 3
1 10 2
1 13 4
1 21 3
1 24 3
1 25 2
1 34 4
1 37 1
1 45 2
2 0 3
2 8 1
2 14 1
2 16 4
2 23 3
2 24 4
2 26 4
2 29 4
2 34 1
2 37 2
2 43 3
2 48 2
2 49 3
3 0 1
3 2 1
3 6 3
3 11 2
3 12 2
3 13 1
3 23 4
3 24 4
3 29 1
3 30 1
3 31 4
3 35 3
3 36 4
3 41 4
3 43 3
3 44 4
4 2 2
4 3 3
4 6 1
4 7 2
4 12 3
4 14 3
4 26 3
4 27 1
4 29 4
4 32 4
4 33 3
4 34 3
4 35 4
4 37 4
4 39 3
4 42 4
4 43 1
4 49 2
5 4 1
5 9 2
5 10 2
5 11 2
5 13 1
5 14 3
5 19 3
5 21 2
5 29 2
5 31 2
5 37 1
5 39 2
5 49 4
6 7 2
6 12 3
6 13 1
6 17 3
6 18 2
6 22 1
6 35 2
6 41 2
6 43 3
7 2 1
7 9 3
7 12 4
7 15 2
7 19 1
7 27 4
7 28 4
7 32 4
7 42 1
7 46 3
8 12 3
8 15 1
8 20 3
8 22 3
8 23 3
8 27 3
8 30 2
8 33 2
8 34 3
8 39 2
8 41 3
8 42 3
8 44 4
8 45 1
8 47 2
9 3 1
9 4 2
9 9 1
9 15 4
9 20 4
9 24 2
9 25 4
9 26 1
9 30 3
9 32 1
9 37 1
9 43 3
9 48 2
10 0 4
10 14 1
10 16 2
10 24 2
10 30 4
10 34 1
10 37 4
11 0 2
11 6 1
11 24 1
11 32 4
11 37 4
11 39 3
11 44 1
11 49 1
12 2 4
12 6 2
12 10 1
12 13 4
12 14 4
12 15 4
12 24 1
12 26 2
12 28 3
12 40 4
12 42 3
12 48 1
13 3 1
13 4 1
13 5 2
13 7 1
13 15 1
13 16 1
13 23 2
13 25 3
13 30 3
13 32 4
13 33 3
14 7 2
14 15 3
14 19 2
14 27 4
14 40 2
14 41 4
15 4 2
15 6 3
15 8 1
15 15 3
15 19 2
15 20 4
15 22 4
15 24 4
15 26 3
15 37 2
15 39 2
15 41 4
15 46 3
15 49 1
16 0 4
16 4 4
16 6 1
16 9 3
16 10 3
16 20 2
16 21 4
16 28 3
16 30 3
16 33 1
16 48 3
17 8 3
17 9 3
17 12 2
17 13 4
17 15 2
17 17 4
17 33 4
17 36 4
17 37 2
17 40 4
17 42 1
17 44 1
17 46 4
18 2 2
18 11 4
18 13 3
18 14 1
18 21 4
18 23 3
18 27 2
18 32 3
18 39 1
18 42 2
18 49 2
19 0 4
19 3 2
19 4 2
19 10 4
19 11 1
19 16 4
19 20 1
19 22 4
19 33 2
19 34 4
19 39 2
19 44 2
19 48 1
20 0 2
20 1 3
20 2 3
20 3 4
20 11 1
20 16 3
20 17 2
20 20 4
20 33 1
20 39 2
20 40 3
20 42 2
20 47 4
21 3 3
21 5 3
21 12 3
21 17 3
21 18 1
21 19 1
21 25 3
21 28 1
21 32 2
21 33 1
21 35 2
21 39 2
21 40 4
21 45 3
22 1 2
22 2 3
22 4 3
22 12 2
22 26 4
22 30 2
22 31 1
22 33 4
22 36 4
22 38 3
22 39 1
22 40 1
22 42 1
22 44 4
22 45 1
23 4 1
23 6 3
23 11 4
23 12 4
23 16 2
23 18 2
23 19 3
23 20 2
23 21 2
23 23 3
23 29 3
23 31 2
23 33 3
23 35 4
23 37 4
23 41 4
23 42 3
23 44 2
24 4 1
24 12 3
24 16 3
24 20 1
24 22 3
24 27 4
24 28 2
24 31 3
24 32 1
24 37 1
24 38 4
24 41 1
24 42 1
24 44 3
24 48 3
24 49 1
25 1 1
25 9 1
25 10 1
25 12 4
25 20 2
25 25 1
25 32 4
25 34 2
25 37 3
25 44 4
26 2 1
26 4 3
26 23 4
26 29 2
26 31 1
26 34 3
26 41 3
27 0 3
27 1 4
27 15 2
27 18 3
27 39 1
27 41 2
27 43 3
27 44 2
28 5 1
28 12 4
28 13 4
28 28 1
28 48 4
29 1 3
29 3 4
29 7 3
29 11 3
29 18 1
29 19 4
29 23 4
29 32 1
29 34 2
29 45 1
30 4 2
30 5 4
30 12 3
30 25 1
30 28 4
30 36 4
30 38 4
30 40 2
30 45 4
30 46 2
30 47 3
30 48 2
30 49 3
31 18 1
31 20 3
31 22 4
31 23 2
31 27 1
31 28 3
31 41 3
32 0 4
32 5 3
32 20 1
32 22 2
32 23 1
32 25 2
32 29 1
32 32 2
32 40 4
32 41 1
32 43 3
32 45 3
32 47 2
33 0 1
33 3 1
33 12 3
33 15 4
33 27 4
33 29 1
33 32 1
33 33 2
33 34 2
33 37 4
33 40 3
33 42 4
33 43 1
33 48 4
34 0 1
34 1 2
34 11 1
34 14 4
34 16 4
34 17 1
34 29 2
34 30 4
34 37 2
34 38 3
34 44 3
34 45 4
35 15 1
35 18 3
35 21 1
35 25 4
35 26 4
35 41 2
35 43 2
35 48 2
36 0 4
36 15 2
36 16 1
36 20 4
36 23 2
36 26 3
36 30 2
36 35 3
36 39 4
36 40 2
36 41 1
36 42 2
36 43 1
36 48 1
37 1 2
37 10 2
37 13 3
37 14 4
37 18 3
37 19 4
37 21 2
37 23 4
37 24 3
37 28 3
37 29 4
37 39 2
37 40 2
37 48 3
38 10 4
38 11 4
38 13 4
38 14 1
38 15 1
38 18 4
38 19 3
38 21 4
38 25 3
38 30 2
38 34 3
38 36 1
38 37 2
38 39 3
38 43 3
38 44 1
39 4 2
39 6 3
39 7 1
39 10 2
39 22 4
39 26 2
39 31 2
39 34 4
39 38 4
39 43 4
39 48 2
39 49 3
40 4 4
40 11 1
40 15 1
40 17 1
40 23 3
40 28 2
40 29 1
40 30 1
40 35 2
40 39 4
40 41 3
40 46 2
40 48 3
41 2 4
41 4 1
41 5 2
41 6 4
41 7 3
41 13 2
41 15 4
41 20 1
41 28 1
41 29 4
41 30 2
41 33 3
41 45 2
41 48 1
42 0 4
42 2 4
42 3 2
42 10 2
42 11 2
42 16 1
42 26 1
42 30 2
42 31 2
42 36 1
42 37 2
42 46 1
43 0 1
43 9 3
43 10 1
43 11 2
43 14 1
43 22 1
43 23 4
43 32 1
43 33 3
43 39 4
43 40 3
43 47 3
44 4 1
44 6 3
44 12 3
44 14 1
44 18 4
44 36 4
44 38 4
44 40 3
44 41 2
44 43 3
45 0 1
45 3 1
45 5 1
45 11 4
45 14 4
45 20 1
45 26 4
45 27 4
45 30 3
45 32 3
45 38 1
45 42 3
46 1 4
46 6 1
46 11 1
46 12 4
46 17 3
46 19 3
46 24 3
46 26 2
46 27 4
46 28 1
46 33 3
46 34 3
46 35 1
46 37 3
46 42 4
47 9 4
47 13 3
47 20 4
47 22 1
47 37 4
47 41 2
47 45 1
47 48 2
48 1 4
48 7 3
48 15 1
48 17 3
48 23 4
48 24 2
48 32 1
48 49 4
49 1 1
49 3 1
49 7 3
49 13 2
49 14 1
49 24 4
49 27 1
49 29 4
49 45 2
49 47 2
49 48 1
49 49 4
