50 NA NA
50 NA NA
10 NA NA
20 NA NA
3 NA NA
0 3 1
0 6 2
0 10 4
0 27 3
0 28 1
0 31 1
0 32 1
0 38 1
0 46 3
0 48 4
1 3 1
1 4 1
1 6 4
1 7 2
1 9 2
1 12 3
1 17 3
1 18 4
1 20 3
1 21 2
1 30 1
1 32 3
1 37 4
1 38 1
1 43 3
1 45 1
1 48 1
2 4 2
2 7 1
2 9 4
2 11 2
2 15 1
2 16 4
2 21 1
2 25 1
2 32 1
2 37 3
2 41 2
2 45 1
2 46 4
2 49 1
3 0 3
3 1 4
3 3 1
3 4 1
3 6 1
3 18 4
3 26 3
3 29 1
3 30 2
3 44 3
3 45 3
3 46 2
3 47 3
3 49 2
4 0 4
4 10 2
4 11 1
4 12 3
4 13 1
4 15 4
4 22 3
4 24 1
4 33 3
4 35 1
4 48 1
5 3 4
5 7 2
5 10 1
5 11 1
5 12 4
5 15 2
5 18 3
5 20 4
5 37 4
5 38 1
5 42 3
5 45 3
5 48 4
6 0 1
6 4 4
6 9 2
6 10 4
6 12 2
6 20 2
6 26 3
6 30 2
6 42 1
6 44 1
6 45 2
6 47 2
6 48 1
6 49 3
7 1 4
7 2 2
7 4 2
7 6 2
7 7 2
7 8 3
7 12 3
7 14 2
7 15 3
7 16 4
7 17 1
7 21 3
7 25 3
7 31 1
7 32 1
7 33 2
7 35 3
7 38 4
7 47 1
8 2 3
8 3 2
8 8 1
8 10 2
8 16 3
8 21 4
8 22 2
8 24 4
8 31 1
8 34 1
8 35 3
8 38 4
8 39 3
8 44 1
8 46 3
8 47 3
9 6 1
9 19 3
9 21 2
9 22 1
9 24 1
9 30 4
9 35 3
9 36 4
9 42 4
9 45 3
9 46 2
9 49 1
10 7 2
10 10 3
10 11 1
10 14 4
10 20 4
10 21 1
10 22 3
10 24 3
10 25 2
10 26 4
10 27 4
10 28 2
10 33 2
10 39 3
10 43 1
10 46 3
11 3 1
11 5 4
11 6 2
11 15 1
11 17 4
11 19 1
11 20 4
11 23 4
11 43 4
11 45 4
12 2 2
12 9 3
12 13 4
12 17 3
12 18 2
12 43 4
13 1 2
13 2 3
13 5 4
13 6 1
13 7 1
13 8 4
13 9 2
13 10 3
13 13 2
13 23 1
13 27 4
13 39 4
13 40 1
13 42 1
13 46 3
13 47 1
14 3 3
14 4 3
14 5 1
14 6 3
14 11 1
14 16 3
14 19 3
14 29 3
14 32 1
14 33 3
14 38 3
14 41 4
14 45 4
14 46 4
14 47 3
15 2 1
15 13 3
15 20 3
15 23 1
15 25 2
15 26 2
15 32 4
15 34 4
15 36 2
15 37 3
15 41 4
15 42 2
15 44 4
15 45 3
15 47 4
16 8 4
16 14 1
16 25 3
16 26 1
16 29 3
16 31 3
16 35 4
16 41 1
16 42 3
16 44 1
16 46 4
16 47 3
16 48 2
17 0 4
17 1 1
17 4 3
17 9 1
17 10 4
17 14 2
17 23 4
17 27 2
17 31 1
17 37 1
17 46 1
17 48 3
18 0 3
18 3 4
18 6 3
18 23 2
18 34 2
18 35 1
18 38 1
18 39 2
18 45 3
19 0 1
19 16 2
19 21 1
19 22 1
19 27 3
19 29 2
19 31 3
19 33 2
19 34 3
19 36 3
19 37 2
19 41 2
19 42 3
19 43 1
20 4 1
20 6 1
20 7 3
20 17 3
20 23 1
20 27 3
20 30 3
20 34 4
20 38 4
20 41 4
20 43 1
20 45 2
20 48 2
20 49 1
21 8 3
21 12 3
21 16 2
21 17 4
21 19 1
21 24 2
21 25 4
21 31 4
21 36 4
21 37 2
21 40 2
21 42 4
21 45 1
21 47 4
22 0 3
22 1 4
22 3 3
22 4 3
22 8 2
22 9 2
22 17 1
22 18 1
22 21 1
22 23 4
22 25 2
22 26 2
22 28 2
22 40 1
22 43 2
22 47 4
22 48 2
22 49 3
23 9 3
23 17 4
23 21 4
23 22 1
23 29 1
23 31 2
23 34 4
23 38 3
23 40 3
23 43 4
23 44 3
23 45 3
24 5 3
24 7 4
24 11 1
24 16 1
24 23 4
24 24 2
24 25 4
24 28 3
24 29 3
24 35 4
24 36 1
24 44 3
24 49 1
25 1 3
25 5 3
25 6 2
25 10 4
25 15 2
25 16 1
25 19 3
25 25 1
25 26 2
25 28 3
25 29 3
25 34 4
25 35 3
25 36 3
25 39 3
25 44 1
25 45 4
26 12 1
26 19 4
26 26 4
26 32 2
26 38 2
26 40 2
26 45 3
26 47 3
27 0 3
27 1 1
27 5 1
27 10 2
27 11 3
27 15 4
27 16 1
27 23 3
27 37 2
27 41 2
28 4 1
28 5 2
28 11 2
28 12 4
28 13 2
28 20 2
28 29 1
28 34 3
28 36 4
28 38 1
28 43 1
28 45 3
28 48 2
28 49 4
29 3 1
29 4 3
29 7 3
29 8 2
29 12 2
29 13 3
29 21 3
29 22 3
29 29 2
29 31 1
29 33 4
29 37 4
29 39 3
29 41 2
29 48 2
30 0 4
30 2 1
30 10 3
30 15 4
30 19 2
30 24 4
30 31 3
30 32 1
30 36 4
30 38 4
30 48 2
31 15 3
31 17 2
31 31 4
31 43 1
31 44 4
31 47 3
31 48 2
32 1 2
32 3 4
32 7 3
32 16 2
32 21 4
32 24 2
32 27 4
32 33 1
32 35 2
32 37 1
32 38 1
32 39 4
32 43 1
32 47 2
32 48 2
32 49 2
33 13 3
33 16 1
33 21 2
33 23 4
33 27 2
33 28 2
33 29 4
33 32 3
33 34 1
34 5 3
34 9 4
34 12 1
34 14 3
34 15 2
34 20 3
34 24 2
34 36 4
34 46 1
34 47 2
34 48 3
35 10 2
35 11 3
35 27 1
35 33 3
35 36 4
35 42 4
35 45 2
35 48 2
36 1 1
36 18 3
36 23 2
36 24 3
36 26 3
36 29 1
36 32 4
36 37 2
36 41 3
36 42 2
36 43 4
36 49 4
37 0 4
37 3 4
37 4 1
37 9 2
37 15 2
37 21 1
37 22 2
37 26 1
37 29 1
37 31 4
37 40 4
37 45 4
37 49 3
38 1 2
38 5 1
38 10 4
38 13 3
38 16 2
38 20 4
38 23 2
38 24 3
38 25 4
38 33 2
38 34 3
38 41 3
38 43 1
38 47 1
39 3 2
39 5 1
39 7 4
39 8 2
39 18 1
39 28 2
39 31 1
39 32 2
39 37 2
39 40 3
39 42 2
39 43 4
39 45 4
39 49 2
40 3 2
40 4 1
40 6 4
40 13 3
40 19 4
40 23 3
40 28 3
40 31 4
40 37 1
40 45 1
40 46 1
40 49 2
41 1 4
41 5 4
41 8 2
41 9 1
41 14 1
41 19 3
41 34 4
41 36 3
41 37 2
41 40 3
41 48 4
42 0 1
42 3 4
42 4 1
42 8 4
42 9 1
42 14 2
42 20 1
42 25 3
42 26 4
42 30 3
42 36 2
42 37 2
42 40 3
42 46 4
42 49 2
43 5 2
43 9 3
43 12 4
43 13 2
43 17 3
43 20 1
43 21 3
43 28 2
43 31 2
43 32 1
43 40 2
43 46 3
43 47 2
43 48 4
44 6 3
44 7 2
44 8 4
44 13 4
44 15 3
44 23 4
44 26 3
44 30 1
44 31 4
44 33 1
44 34 4
44 37 4
44 39 4
44 42 3
44 46 1
44 47 1
45 0 2
45 2 3
45 9 3
45 24 1
45 26 3
45 28 1
45 32 4
45 33 3
45 35 3
45 39 1
45 44 4
45 45 3
45 49 4
46 2 4
46 8 3
46 9 3
46 14 4
46 17 3
46 18 1
46 21 1
46 23 4
46 30 2
46 35 1
46 39 3
46 44 3
46 47 2
47 14 4
47 24 1
47 26 4
47 28 2
47 32 4
47 35 3
47 36 4
47 40 1
47 45 3
47 49 3
48 6 1
48 7 3
48 8 3
48 19 4
48 27 1
48 29 3
48 39 4
48 40 3
48 44 1
48 45 4
48 48 2
49 1 4
49 2 2
49 6 1
49 11 3
49 12 3
49 19 3
49 20 4
49 23 2
49 24 3
49 26 4
49 29 1
49 32 4
49 33 3
49 39 3
49 43 1
49 44 2
49 47 1
49 48 1
49 49 3
