50 NA NA
50 NA NA
10 NA NA
10 NA NA
3 NA NA
0 3 2
0 11 2
0 15 1
0 26 1
0 36 2
0 37 1
0 39 4
0 40 4
0 44 2
1 0 3
1 4 3
1 10 3
1 11 2
1 13 4
1 14 3
1 18 1
1 22 4
1 24 1
1 38 4
1 46 1
2 1 2
2 5 3
2 7 2
2 8 2
2 10 1
2 14 4
2 18 3
2 19 3
2 20 3
2 22 2
2 25 4
2 26 3
2 29 3
2 33 3
2 39 1
2 40 4
3 3 3
3 5 1
3 8 3
3 9 4
3 13 4
3 18 2
3 19 2
3 20 3
3 24 1
3 31 2
3 35 2
3 37 3
3 39 1
3 45 4
3 46 3
4 2 2
4 11 2
4 13 4
4 24 4
4 25 4
4 27 1
4 28 1
4 35 2
4 36 2
4 39 3
4 41 2
5 0 2
5 3 1
5 6 1
5 9 1
5 16 1
5 18 4
5 29 3
5 33 4
5 40 2
5 45 2
5 47 3
5 48 4
5 49 2
6 6 4
6 14 1
6 16 2
6 23 2
6 29 3
6 30 1
6 31 4
6 32 3
6 40 2
6 42 1
6 45 1
6 46 3
7 4 4
7 9 3
7 26 2
7 30 3
7 31 2
7 37 1
7 38 1
7 45 2
7 48 4
8 8 2
8 10 3
8 19 1
8 22 2
8 23 1
8 27 4
8 29 1
8 34 2
8 37 4
8 44 3
9 2 2
9 3 4
9 4 2
9 10 2
9 11 2
9 21 2
9 26 1
9 40 1
10 8 1
10 9 2
10 10 2
10 11 1
10 14 1
10 24 3
10 25 3
10 26 3
10 27 3
10 40 1
10 42 2
10 45 2
10 49 3
11 0 4
11 3 1
11 5 2
11 10 2
11 18 2
11 22 3
11 39 2
11 43 3
12 0 1
12 1 3
12 4 1
12 6 2
12 13 2
12 17 3
12 23 1
12 24 2
12 29 2
12 32 2
12 38 3
12 40 3
13 0 3
13 1 3
13 8 3
13 16 3
13 19 3
13 24 2
13 28 1
13 29 3
13 35 3
13 38 1
13 41 2
13 42 3
14 1 1
14 8 1
14 11 4
14 15 1
14 17 1
14 20 3
14 21 2
14 22 2
14 27 1
14 29 1
14 36 4
14 39 4
14 48 2
15 5 1
15 6 1
15 8 2
15 12 1
15 14 1
15 32 4
15 40 4
15 42 2
15 49 2
16 8 2
16 9 4
16 12 2
16 22 2
16 24 1
16 25 1
16 34 1
16 35 2
16 38 4
16 39 4
16 41 4
16 45 4
16 47 4
17 3 2
17 4 3
17 7 2
17 15 4
17 18 2
17 19 3
17 20 2
17 21 3
17 27 4
17 28 1
17 29 1
17 32 4
17 33 2
17 35 3
17 42 4
17 43 3
18 4 4
18 12 1
18 13 2
18 14 3
18 15 4
18 18 3
18 20 3
18 22 2
18 28 1
18 31 3
18 32 2
18 33 4
18 37 1
18 43 4
19 8 2
19 11 3
19 14 3
19 18 2
19 24 4
19 29 2
19 34 1
19 39 3
20 0 4
20 19 1
20 21 1
20 29 1
20 30 1
20 32 2
20 39 1
21 3 3
21 11 3
21 17 2
21 30 3
21 32 2
21 34 3
21 37 1
21 43 1
21 44 1
21 46 4
21 49 2
22 3 4
22 4 4
22 5 3
22 6 3
22 11 4
22 12 1
22 15 2
22 16 4
22 22 2
22 23 3
22 30 4
22 37 3
22 38 1
22 41 3
22 42 3
22 44 2
22 49 3
23 1 3
23 10 4
23 11 2
23 14 3
23 18 4
23 22 1
23 29 1
23 31 1
23 39 4
23 45 2
24 5 4
24 19 3
24 20 2
24 23 1
24 25 1
24 30 2
24 32 4
24 37 1
24 45 2
25 5 1
25 7 4
25 8 4
25 14 2
25 17 2
25 24 3
25 27 4
25 32 3
25 34 3
25 45 4
25 46 3
26 0 2
26 5 4
26 7 3
26 15 1
26 17 2
26 24 2
26 26 1
26 34 1
26 37 4
26 43 1
26 44 2
27 1 4
27 2 2
27 3 4
27 6 2
27 12 4
27 13 1
27 16 4
27 23 3
27 25 2
27 26 3
27 34 1
27 36 4
27 37 1
27 39 1
27 41 4
27 47 3
28 1 1
28 8 1
28 10 2
28 13 1
28 20 2
28 21 1
28 24 3
28 30 2
28 31 1
28 35 2
28 39 4
28 41 1
28 47 2
28 48 4
29 22 2
29 26 3
29 33 4
29 35 3
29 40 1
29 47 2
29 49 1
30 1 2
30 8 2
30 11 4
30 12 4
30 16 3
30 21 4
30 23 3
30 24 2
30 26 1
30 30 3
30 32 2
30 33 4
30 34 1
30 35 4
30 39 3
30 40 4
30 41 2
30 44 2
30 48 3
31 2 3
31 5 1
31 14 1
31 21 1
31 22 1
31 31 4
31 35 2
31 37 2
31 39 3
31 42 1
32 0 3
32 3 2
32 5 4
32 9 2
32 11 3
32 17 3
32 19 1
32 26 4
32 27 1
32 29 2
32 39 3
32 42 3
32 49 4
33 1 2
33 4 3
33 5 4
33 11 2
33 20 3
33 22 1
33 29 2
33 32 3
33 46 2
34 0 3
34 1 2
34 2 1
34 11 4
34 13 4
34 15 1
34 33 3
34 37 3
34 38 2
34 39 1
35 1 4
35 2 1
35 7 2
35 9 3
35 14 1
35 18 2
35 19 4
35 28 3
35 30 1
35 32 3
35 34 1
35 42 4
35 46 1
35 48 3
36 2 3
36 5 3
36 10 1
36 18 1
36 20 2
36 29 2
36 32 3
36 33 4
36 37 4
36 38 2
36 46 3
37 0 1
37 4 3
37 10 3
37 15 3
37 16 1
37 18 4
37 19 4
37 22 3
37 29 2
37 30 2
37 31 2
37 33 3
37 35 2
37 42 1
37 47 2
37 48 2
38 5 2
38 6 2
38 7 2
38 8 2
38 9 1
38 17 3
38 19 3
38 25 2
38 33 2
38 48 2
39 3 3
39 8 3
39 15 2
39 24 3
39 27 4
39 45 3
39 46 3
39 47 1
40 1 1
40 5 3
40 7 4
40 14 4
40 17 2
40 19 4
40 21 1
40 22 3
40 36 1
40 40 3
40 44 4
40 48 2
41 12 2
41 15 1
41 18 2
41 19 2
41 24 1
41 33 1
41 39 2
42 0 3
42 1 4
42 4 1
42 8 4
42 12 2
42 16 4
42 19 4
42 20 3
42 27 2
42 28 1
42 29 3
42 31 3
42 37 4
42 43 3
43 1 4
43 4 1
43 7 2
43 8 2
43 9 2
43 13 4
43 17 3
43 24 4
43 27 3
43 28 2
43 30 3
43 31 4
43 32 1
43 35 4
43 36 4
43 39 4
43 43 3
43 49 3
44 7 2
44 10 1
44 16 3
44 23 2
44 27 2
44 29 4
44 34 1
44 44 4
44 46 3
44 49 4
45 0 3
45 1 4
45 2 3
45 5 1
45 8 1
45 9 1
45 10 2
45 11 1
45 13 3
45 16 4
45 17 1
45 23 4
45 24 3
45 27 3
45 39 1
45 45 1
45 48 3
46 3 3
46 5 4
46 7 4
46 11 3
46 16 4
46 19 1
46 20 4
46 26 1
46 29 2
46 33 2
46 42 1
47 2 2
47 3 2
47 10 1
47 12 2
47 13 4
47 22 2
47 23 1
47 28 3
47 32 3
47 47 2
47 49 2
48 0 3
48 9 4
48 16 4
48 18 2
48 22 1
48 30 1
48 37 2
48 38 1
48 40 2
48 44 2
48 45 1
49 0 4
49 1 2
49 7 1
49 8 1
49 18 1
49 20 2
49 31 4
49 32 1
49 33 2
49 35 4
49 46 4
