50 NA NA
50 NA NA
10 NA NA
10 NA NA
3 NA NA
0 0 1
0 3 2
0 6 2
0 16 2
0 19 3
0 25 2
0 26 2
0 27 3
0 42 4
0 44 3
1 3 3
1 11 2
1 15 3
1 21 2
1 22 4
1 25 1
1 28 4
1 36 3
1 38 3
1 39 3
1 42 2
1 44 3
2 1 2
2 3 1
2 4 2
2 9 2
2 11 3
2 20 2
2 22 1
2 25 1
2 27 4
2 33 2
2 45 2
2 49 2
3 7 2
3 17 2
3 29 3
3 30 1
3 37 1
3 39 4
3 45 3
4 11 1
4 13 2
4 15 2
4 16 2
4 22 1
4 27 4
4 33 4
4 36 4
4 40 2
4 43 3
4 46 1
5 4 3
5 7 2
5 9 1
5 17 1
5 26 1
5 30 2
5 38 3
5 39 3
5 41 1
5 44 3
5 47 1
6 1 4
6 2 2
6 3 3
6 6 3
6 9 2
6 10 1
6 14 1
6 15 4
6 24 2
6 25 4
6 26 2
6 27 2
6 28 3
6 33 1
6 34 1
6 39 1
6 40 4
6 44 4
6 47 4
7 0 2
7 2 2
7 4 4
7 5 4
7 8 2
7 11 3
7 13 2
7 17 2
7 25 1
7 26 1
7 36 3
7 40 4
7 43 1
7 45 1
7 47 3
7 49 1
8 3 2
8 12 3
8 22 3
8 23 1
8 24 3
8 25 3
8 27 4
8 30 3
8 33 4
8 34 4
8 48 4
9 0 1
9 5 3
9 7 2
9 29 4
9 36 3
9 39 3
9 40 1
9 44 2
9 46 3
9 48 1
10 0 1
10 2 2
10 6 3
10 7 4
10 8 1
10 9 4
10 13 4
10 17 1
10 18 3
10 33 4
10 36 3
10 47 4
11 0 2
11 2 4
11 3 1
11 17 1
11 24 3
11 36 4
11 37 3
11 38 4
11 39 1
11 44 3
11 45 4
11 48 2
12 0 1
12 3 3
12 4 4
12 7 4
12 11 4
12 12 4
12 23 4
12 25 3
12 29 3
12 34 1
12 37 3
12 41 4
13 11 2
13 13 1
13 14 2
13 16 4
13 34 4
13 42 1
13 48 2
14 1 4
14 2 3
14 3 1
14 5 4
14 7 4
14 10 1
14 11 4
14 18 3
14 23 3
14 26 3
14 34 1
14 36 1
14 38 3
14 39 2
14 42 3
14 46 2
14 49 1
15 3 3
15 7 4
15 16 2
15 17 4
15 18 2
15 21 1
15 22 3
15 26 3
15 28 2
15 29 3
15 33 2
15 35 3
15 39 3
15 42 4
15 43 1
15 44 3
15 47 1
15 49 2
16 1 2
16 3 4
16 4 1
16 6 2
16 20 4
16 27 2
16 31 4
16 32 3
16 39 1
16 43 3
17 4 1
17 5 4
17 23 2
17 29 3
17 31 4
17 32 4
17 34 3
17 48 1
18 2 1
18 5 3
18 13 1
18 15 2
18 19 4
18 24 3
18 29 3
18 36 1
18 39 2
18 40 4
18 44 2
18 45 3
18 47 2
18 48 1
19 5 1
19 14 1
19 21 3
19 22 1
19 31 4
19 38 1
19 45 1
19 47 4
19 49 1
20 5 1
20 8 3
20 14 3
20 19 2
20 21 4
20 24 1
20 31 2
20 33 2
20 35 4
20 38 2
21 7 1
21 9 3
21 10 1
21 15 2
21 18 1
21 22 1
21 28 4
21 32 1
21 33 2
21 43 4
22 6 2
22 15 4
22 16 3
22 17 3
22 23 4
22 24 2
22 25 3
22 29 3
22 32 2
22 35 4
22 36 1
22 40 3
22 41 3
22 42 1
22 43 3
22 49 4
23 0 1
23 6 1
23 17 2
23 18 3
23 26 2
23 31 4
23 32 1
23 36 3
23 37 3
24 1 1
24 2 3
24 4 2
24 12 2
24 13 1
24 14 4
24 26 2
24 27 1
24 34 3
24 35 2
24 38 2
24 43 2
24 46 1
24 47 1
24 49 3
25 3 3
25 4 4
25 5 1
25 9 1
25 11 3
25 14 2
25 16 4
25 18 4
25 21 1
25 22 4
25 23 4
25 26 1
25 28 3
25 30 1
25 31 2
25 35 1
25 36 2
25 39 2
25 41 1
25 48 1
26 2 1
26 3 2
26 7 2
26 17 4
26 24 2
26 25 2
26 28 1
26 31 4
26 38 4
26 42 4
26 45 2
26 46 4
27 4 2
27 10 4
27 16 3
27 20 3
27 24 4
27 25 3
27 28 1
27 32 2
27 33 2
27 35 4
27 37 1
27 41 4
28 3 4
28 4 3
28 14 4
28 18 4
28 21 2
28 22 3
28 23 1
28 27 1
28 30 3
28 34 2
28 45 2
28 46 3
28 48 2
29 0 1
29 1 4
29 6 3
29 13 2
29 26 4
29 28 4
29 36 1
29 38 4
29 41 3
29 46 2
30 3 4
30 5 2
30 9 2
30 12 3
30 13 2
30 16 3
30 22 2
30 26 4
30 28 1
30 34 2
30 35 1
30 36 2
30 42 3
30 43 1
31 1 3
31 13 3
31 14 1
31 16 3
31 17 2
31 20 1
31 31 4
31 32 3
31 34 4
31 36 1
31 38 3
31 39 4
31 42 2
32 1 2
32 11 2
32 24 2
32 25 2
32 26 3
32 28 2
32 30 1
32 31 2
32 34 2
32 40 2
32 46 3
32 48 3
32 49 1
33 1 2
33 3 3
33 7 1
33 10 1
33 12 1
33 15 4
33 16 4
33 17 2
33 19 3
33 21 1
33 24 1
33 28 3
33 32 3
33 39 3
33 43 4
33 44 2
33 45 3
34 3 2
34 5 1
34 9 2
34 17 2
34 18 2
34 19 2
34 20 4
34 23 4
34 29 3
34 33 2
34 34 2
34 37 3
34 39 1
34 40 4
34 42 1
34 47 4
34 48 4
35 5 2
35 8 2
35 10 3
35 14 4
35 16 3
35 22 2
35 23 2
35 26 2
35 28 2
35 31 2
35 34 4
35 37 2
35 39 2
35 48 4
35 49 1
36 1 3
36 2 2
36 3 2
36 7 1
36 11 2
36 13 1
36 15 3
36 17 3
36 25 2
36 26 2
36 28 1
36 29 3
36 33 1
36 43 3
36 46 1
36 47 4
36 49 1
37 0 3
37 10 4
37 12 4
37 17 2
37 19 4
37 25 4
37 28 3
37 40 4
37 44 1
37 46 1
38 3 4
38 11 4
38 20 2
38 33 1
38 35 2
38 39 4
38 49 1
39 0 2
39 3 1
39 9 3
39 12 3
39 13 2
39 18 3
39 28 2
39 34 3
39 37 1
39 38 4
39 43 2
39 44 3
39 45 1
39 46 4
39 47 3
39 49 2
40 6 2
40 13 2
40 17 2
40 31 4
40 32 1
40 36 4
40 39 2
40 45 3
40 47 1
40 49 1
41 11 3
41 15 3
41 16 2
41 22 1
41 29 1
41 30 4
41 34 2
41 36 2
41 39 2
41 40 3
41 41 2
42 8 2
42 14 3
42 17 1
42 18 1
42 19 4
42 20 4
42 23 4
42 24 1
42 25 4
42 26 1
42 30 1
42 31 1
42 34 2
42 36 3
42 37 2
42 47 4
43 5 2
43 8 3
43 9 1
43 14 4
43 16 4
43 17 2
43 28 4
43 29 1
43 31 4
43 34 1
43 36 4
43 43 3
43 45 1
43 49 3
44 2 4
44 5 1
44 6 4
44 9 4
44 12 4
44 30 4
44 38 2
44 39 1
44 45 4
44 46 3
44 49 3
45 2 4
45 4 4
45 6 2
45 7 2
45 10 1
45 15 1
45 16 1
45 17 2
45 20 4
45 26 2
45 34 3
45 36 2
45 42 2
45 43 4
45 49 1
46 0 1
46 1 1
46 2 4
46 10 1
46 11 4
46 15 4
46 18 2
46 22 4
46 24 4
46 27 2
46 38 1
46 40 1
46 46 4
47 2 1
47 5 2
47 6 3
47 7 3
47 17 2
47 18 1
47 22 4
47 36 4
47 43 4
47 49 3
48 0 3
48 16 4
48 24 1
48 38 4
48 40 2
48 45 4
48 49 3
49 0 1
49 1 4
49 5 3
49 17 2
49 23 3
49 37 1
49 38 1
49 43 1
49 44 2
49 46 4
