50 NA NA
50 NA NA
10 NA NA
20 NA NA
3 NA NA
0 0 2
0 2 3
0 10 4
0 11 4
0 20 3
0 30 3
0 34 3
0 36 1
0 43 4
0 44 3
0 48 2
1 0 3
1 1 3
1 2 3
1 7 2
1 9 3
1 12 4
1 13 3
1 15 1
1 23 3
1 30 2
1 34 2
1 36 4
1 47 2
2 7 4
2 9 2
2 12 1
2 15 3
2 19 4
2 20 1
2 21 4
2 22 1
2 25 3
2 27 2
2 31 2
2 33 4
2 35 2
2 39 3
2 42 1
2 49 4
3 0 4
3 6 3
3 15 4
3 17 1
3 22 2
3 24 1
3 25 4
3 29 2
3 30 4
3 31 3
3 33 3
3 36 1
3 39 3
3 44 2
3 49 2
4 0 4
4 3 1
4 5 4
4 7 3
4 9 2
4 25 1
4 26 3
4 31 4
4 40 4
5 1 4
5 4 3
5 6 2
5 12 3
5 22 3
5 26 3
5 35 2
5 41 3
5 42 1
5 45 2
5 47 2
5 48 2
5 49 4
6 3 3
6 6 1
6 10 4
6 23 4
6 26 2
6 29 1
6 33 2
6 34 2
6 38 3
6 43 3
7 6 4
7 7 1
7 8 4
7 9 1
7 10 3
7 12 1
7 15 3
7 20 4
7 24 2
7 26 2
7 28 2
7 31 2
7 35 2
7 42 1
7 44 2
7 46 1
8 4 1
8 8 1
8 9 4
8 16 2
8 24 3
8 26 2
8 30 1
8 31 3
8 38 3
8 40 2
8 49 4
9 0 1
9 1 4
9 19 1
9 22 2
9 25 3
9 27 1
9 29 4
9 33 4
9 34 2
9 35 4
9 39 1
9 45 3
9 47 1
10 6 1
10 9 2
10 13 4
10 15 1
10 21 4
10 28 3
10 29 2
10 35 4
10 41 4
10 43 2
10 44 2
11 1 2
11 6 1
11 7 3
11 9 1
11 11 3
11 21 3
11 22 3
11 25 1
11 26 3
11 30 3
11 33 1
11 34 4
11 36 3
11 41 2
11 45 1
12 1 2
12 2 2
12 12 1
12 13 1
12 28 3
12 31 3
12 33 3
12 37 3
12 40 2
12 48 2
13 2 1
13 4 1
13 8 4
13 12 1
13 15 1
13 18 1
13 20 1
13 21 1
13 32 1
13 41 2
13 43 1
14 0 4
14 3 2
14 6 4
14 8 2
14 9 4
14 10 4
14 11 1
14 12 3
14 17 3
14 27 2
14 42 1
14 46 4
15 0 3
15 10 1
15 22 1
15 30 4
15 31 2
15 33 2
15 36 2
15 38 1
15 39 4
15 42 1
15 43 3
15 47 3
15 48 4
16 0 4
16 1 4
16 6 2
16 10 3
16 12 4
16 14 4
16 25 2
16 27 3
16 32 4
16 37 3
16 40 1
16 43 4
16 44 3
16 47 1
17 0 3
17 5 4
17 8 4
17 12 2
17 16 1
17 19 2
17 31 3
17 32 4
17 36 2
17 39 1
17 45 2
18 1 2
18 2 4
18 4 1
18 8 4
18 11 3
18 12 4
18 13 2
18 16 2
18 23 4
18 26 3
18 27 4
18 29 3
18 30 1
18 33 4
18 40 3
18 41 4
18 42 4
18 48 3
18 49 3
19 0 3
19 1 2
19 4 3
19 17 3
19 18 1
19 19 1
19 29 1
19 30 2
19 42 1
19 46 4
20 7 3
20 9 3
20 10 3
20 12 1
20 14 2
20 15 4
20 18 4
20 20 1
20 27 3
20 29 1
20 32 2
20 37 2
20 38 2
20 44 2
20 46 1
20 48 4
20 49 3
21 4 3
21 5 1
21 6 3
21 7 4
21 12 2
21 14 2
21 17 4
21 21 2
21 28 1
21 33 1
21 38 2
21 42 4
21 44 3
21 47 4
22 8 4
22 10 3
22 17 3
22 20 1
22 27 3
22 29 1
22 32 1
22 36 2
22 38 2
22 39 2
22 42 3
23 2 3
23 3 1
23 16 2
23 18 1
23 21 4
23 23 2
23 27 3
23 28 2
23 31 4
23 32 3
23 37 2
23 45 4
24 7 2
24 9 3
24 10 3
24 16 3
24 20 2
24 22 1
24 25 3
24 28 3
24 29 2
24 31 2
24 33 3
24 35 2
24 46 2
25 0 1
25 10 1
25 12 2
25 23 1
25 34 1
25 35 1
25 38 2
25 40 3
25 44 2
26 2 1
26 4 3
26 5 1
26 7 2
26 18 3
26 19 1
27 0 2
27 3 1
27 5 4
27 9 4
27 15 1
27 19 3
27 28 3
27 32 4
27 33 1
27 39 4
27 47 2
27 48 3
28 0 2
28 5 3
28 8 4
28 10 3
28 19 4
28 20 3
28 23 4
28 25 3
28 26 4
28 40 2
28 42 2
28 44 1
28 45 3
28 47 1
29 1 3
29 2 3
29 13 3
29 17 1
29 33 1
29 36 4
29 39 4
29 40 2
29 44 3
29 48 2
30 6 1
30 12 3
30 15 4
30 16 3
30 17 4
30 31 3
30 33 1
30 37 2
30 44 4
31 0 3
31 5 4
31 7 2
31 16 1
31 22 1
31 23 2
31 25 3
31 26 4
31 29 3
31 32 3
31 34 1
31 36 3
31 38 3
31 41 1
31 47 4
31 48 1
32 2 1
32 4 1
32 13 2
32 17 2
32 18 4
32 19 3
32 27 3
32 28 4
32 34 4
32 39 4
32 42 4
32 46 4
32 47 2
33 3 3
33 6 1
33 14 2
33 15 4
33 19 3
33 21 3
33 22 2
33 23 2
33 25 4
33 27 4
33 33 1
33 35 1
33 39 4
33 42 3
33 43 4
33 46 1
33 49 2
34 0 2
34 1 3
34 5 3
34 21 2
34 23 4
34 31 4
34 37 3
34 38 4
34 43 4
34 46 4
34 48 3
34 49 1
35 2 3
35 3 3
35 4 4
35 7 1
35 8 4
35 10 1
35 24 4
35 25 3
35 28 1
35 32 3
35 35 3
35 36 2
35 37 2
35 39 1
35 47 4
36 0 2
36 3 4
36 4 1
36 9 3
36 13 3
36 30 2
36 36 1
36 39 2
36 40 1
36 41 4
37 1 3
37 7 3
37 13 3
37 14 2
37 15 1
37 16 1
37 17 1
37 19 1
37 26 3
37 32 4
37 36 4
37 40 2
37 44 1
37 46 4
37 48 2
37 49 4
38 2 4
38 5 4
38 9 3
38 16 3
38 30 1
38 41 3
38 45 1
39 12 1
39 17 4
39 22 3
39 29 1
39 42 4
39 46 2
40 5 4
40 7 1
40 11 3
40 12 4
40 28 1
40 32 2
40 35 1
40 38 1
40 39 1
40 41 3
40 42 1
40 48 3
41 1 4
41 2 2
41 4 3
41 15 2
41 20 2
41 27 1
41 36 3
41 39 1
41 40 4
41 49 4
42 2 3
42 6 3
42 14 1
42 16 4
42 17 3
42 19 1
42 20 2
42 21 4
42 29 2
42 32 3
42 44 4
42 46 1
43 0 4
43 6 2
43 10 2
43 20 1
43 24 4
43 25 3
43 29 3
43 39 3
43 47 1
43 49 4
44 0 2
44 8 3
44 14 4
44 17 4
44 20 2
44 23 1
44 24 2
44 27 3
44 31 4
44 36 1
44 37 3
44 49 4
45 3 4
45 4 1
45 5 2
45 9 4
45 11 4
45 14 1
45 15 4
45 20 3
45 25 4
45 27 4
45 37 3
45 38 2
45 41 4
45 43 4
45 45 3
46 5 1
46 7 3
46 8 2
46 9 2
46 10 4
46 16 3
46 19 1
46 21 3
46 22 3
46 24 3
46 30 4
46 34 2
46 39 1
46 42 3
47 6 4
47 7 4
47 13 3
47 15 1
47 16 4
47 20 3
47 21 3
47 33 2
47 34 3
47 36 2
47 38 3
47 41 2
47 47 4
47 49 2
48 2 3
48 13 1
48 19 1
48 21 1
48 27 3
48 29 3
48 30 2
48 33 4
48 34 2
48 40 1
48 49 2
49 1 2
49 2 2
49 5 2
49 6 4
49 8 1
49 17 1
49 18 3
49 23 4
49 25 4
49 27 2
49 33 1
49 36 3
49 38 3
49 42 2
49 44 2
