100
50
50
20
0 5 4 20
0 26 11 15
0 27 2 14
0 34 4 12
0 34 10 14
0 34 16 19
0 37 2 3
0 37 5 5
0 37 10 1
0 37 17 10
0 44 14 5
0 44 19 12
1 3 0 18
1 3 12 16
1 6 7 17
1 6 8 16
1 6 9 18
1 6 13 14
1 6 14 12
1 6 15 11
1 10 3 4
1 10 7 6
1 10 14 9
1 10 18 6
1 10 19 15
1 13 0 10
1 13 9 2
1 13 12 10
1 13 13 19
1 18 6 4
1 18 12 17
1 18 13 11
1 18 16 5
1 18 18 1
1 18 19 20
1 19 0 6
1 19 19 12
1 29 11 4
1 46 3 12
1 46 16 10
1 48 0 4
1 48 4 7
1 48 19 3
2 2 3 12
2 2 16 12
2 27 2 18
2 28 4 9
2 28 17 15
2 28 18 17
2 35 0 19
2 35 4 15
2 35 5 15
2 35 12 10
2 35 14 6
2 36 4 8
2 36 8 7
2 36 15 4
2 36 18 17
2 36 19 10
2 38 4 15
2 38 9 13
2 38 17 12
2 38 18 18
3 1 4 5
3 3 0 9
3 3 12 19
3 10 3 11
3 10 7 6
3 10 14 10
3 10 18 7
3 10 19 17
3 12 12 17
3 12 14 10
3 12 17 4
3 14 9 13
3 14 17 8
3 15 1 3
3 15 12 17
3 26 11 2
3 38 4 16
3 38 9 9
3 38 17 14
3 38 18 19
3 44 14 19
3 44 19 12
4 1 4 1
4 11 12 6
4 11 16 8
4 13 0 10
4 13 9 14
4 13 12 15
4 13 13 11
4 23 8 16
4 23 18 7
4 44 14 4
4 44 19 12
4 47 3 7
4 47 11 10
5 17 6 5
5 17 8 19
5 17 19 13
5 23 8 16
5 23 18 8
6 13 0 3
6 13 9 18
6 13 12 19
6 13 13 14
6 14 9 19
6 14 17 15
6 19 0 14
6 19 19 6
6 29 11 15
6 35 0 4
6 35 4 11
6 35 5 17
6 35 12 9
6 35 14 5
6 36 4 15
6 36 8 5
6 36 15 14
6 36 18 5
6 36 19 10
7 24 1 7
7 24 4 11
7 24 8 18
7 24 19 14
7 28 4 4
7 28 17 3
7 28 18 15
7 34 4 14
7 34 10 7
7 34 16 14
7 35 0 5
7 35 4 14
7 35 5 7
7 35 12 8
7 35 14 17
7 38 4 17
7 38 9 16
7 38 17 10
7 38 18 14
7 41 12 9
7 41 13 20
7 41 18 5
7 47 3 17
7 47 11 5
8 0 5 4
8 0 16 2
8 0 18 8
8 2 3 18
8 2 16 8
8 5 4 9
8 7 4 19
8 7 11 18
8 7 18 6
8 7 19 17
8 12 12 20
8 12 14 14
8 12 17 4
8 13 0 5
8 13 9 8
8 13 12 18
8 13 13 16
8 17 6 8
8 17 8 9
8 17 19 2
8 35 0 8
8 35 4 1
8 35 5 17
8 35 12 9
8 35 14 1
8 40 2 14
8 40 3 12
8 40 7 11
8 43 8 15
8 43 11 2
8 43 12 15
8 43 14 6
8 43 18 4
8 43 19 16
9 0 5 4
9 0 16 17
9 0 18 10
9 8 2 14
9 8 5 6
9 8 8 20
9 8 13 8
9 9 3 10
9 10 3 13
9 10 7 15
9 10 14 1
9 10 18 1
9 10 19 19
9 14 9 16
9 14 17 14
9 27 2 10
9 35 0 10
9 35 4 18
9 35 5 15
9 35 12 13
9 35 14 1
9 36 4 7
9 36 8 17
9 36 15 20
9 36 18 17
9 36 19 12
9 48 0 13
9 48 4 15
9 48 19 8
10 2 3 6
10 2 16 1
10 5 4 6
10 8 2 8
10 8 5 12
10 8 8 19
10 8 13 17
10 20 3 4
10 20 12 11
10 20 16 13
10 20 17 11
10 28 4 8
10 28 17 5
10 28 18 5
10 40 2 10
10 40 3 6
10 40 7 16
10 41 12 12
10 41 13 14
10 41 18 4
11 7 4 3
11 7 11 19
11 7 18 15
11 7 19 8
11 18 6 1
11 18 12 16
11 18 13 15
11 18 16 20
11 18 18 12
11 18 19 3
11 23 8 3
11 23 18 12
11 41 12 12
11 41 13 9
11 41 18 19
11 42 10 6
11 42 11 7
11 42 17 12
11 43 8 6
11 43 11 15
11 43 12 5
11 43 14 2
11 43 18 13
11 43 19 5
11 47 3 12
11 47 11 1
11 49 5 1
12 4 11 15
12 4 14 15
12 4 17 2
12 4 19 3
12 5 4 12
12 18 6 2
12 18 12 2
12 18 13 20
12 18 16 4
12 18 18 20
12 18 19 13
12 28 4 3
12 28 17 10
12 28 18 2
12 37 2 9
12 37 5 3
12 37 10 4
12 37 17 11
12 48 0 20
12 48 4 2
12 48 19 16
13 2 3 20
13 2 16 7
13 10 3 6
13 10 7 1
13 10 14 10
13 10 18 12
13 10 19 19
13 22 4 4
13 22 5 11
13 22 12 17
13 28 4 15
13 28 17 19
13 28 18 6
13 35 0 11
13 35 4 19
13 35 5 11
13 35 12 12
13 35 14 7
13 48 0 16
13 48 4 9
13 48 19 1
14 3 0 7
14 3 12 20
14 8 2 5
14 8 5 15
14 8 8 9
14 8 13 7
14 17 6 18
14 17 8 10
14 17 19 19
14 39 2 18
14 39 6 17
14 39 11 4
14 39 16 11
14 39 19 11
14 46 3 9
14 46 16 5
15 22 4 16
15 22 5 14
15 22 12 5
15 31 5 7
15 31 7 14
15 31 9 7
15 31 15 7
16 3 0 16
16 3 12 19
16 10 3 19
16 10 7 12
16 10 14 9
16 10 18 15
16 10 19 13
16 26 11 8
16 30 0 15
16 30 9 17
16 32 4 19
16 32 15 20
16 36 4 8
16 36 8 20
16 36 15 4
16 36 18 17
16 36 19 14
16 41 12 2
16 41 13 7
16 41 18 12
17 0 5 16
17 0 16 14
17 0 18 7
17 12 12 18
17 12 14 8
17 12 17 3
17 17 6 14
17 17 8 8
17 17 19 3
17 20 3 5
17 20 12 3
17 20 16 10
17 20 17 6
17 21 7 15
17 21 11 1
17 21 13 20
17 21 17 1
17 21 18 10
17 25 3 13
17 25 6 11
17 25 18 3
17 27 2 5
17 30 0 20
17 30 9 11
17 31 5 14
17 31 7 11
17 31 9 18
17 31 15 18
17 46 3 6
17 46 16 17
18 5 4 4
18 47 3 5
18 47 11 13
18 48 0 4
18 48 4 19
18 48 19 11
19 3 0 10
19 3 12 18
19 6 7 2
19 6 8 16
19 6 9 12
19 6 13 20
19 6 14 20
19 6 15 2
19 10 3 17
19 10 7 1
19 10 14 13
19 10 18 2
19 10 19 7
19 14 9 10
19 14 17 3
19 34 4 11
19 34 10 3
19 34 16 17
19 37 2 2
19 37 5 12
19 37 10 7
19 37 17 13
19 39 2 12
19 39 6 2
19 39 11 17
19 39 16 1
19 39 19 5
19 46 3 19
19 46 16 18
19 49 5 13
20 1 4 5
20 3 0 20
20 3 12 5
20 19 0 9
20 19 19 2
20 20 3 16
20 20 12 12
20 20 16 12
20 20 17 18
20 21 7 15
20 21 11 13
20 21 13 3
20 21 17 8
20 21 18 9
20 34 4 13
20 34 10 6
20 34 16 5
20 38 4 6
20 38 9 3
20 38 17 1
20 38 18 15
20 41 12 3
20 41 13 11
20 41 18 2
21 10 3 17
21 10 7 6
21 10 14 14
21 10 18 16
21 10 19 1
21 24 1 10
21 24 4 16
21 24 8 3
21 24 19 15
21 29 11 10
21 46 3 5
21 46 16 1
22 10 3 10
22 10 7 20
22 10 14 9
22 10 18 3
22 10 19 19
22 17 6 4
22 17 8 18
22 17 19 20
22 18 6 11
22 18 12 11
22 18 13 17
22 18 16 20
22 18 18 16
22 18 19 15
22 24 1 11
22 24 4 13
22 24 8 19
22 24 19 5
22 36 4 6
22 36 8 18
22 36 15 3
22 36 18 12
22 36 19 14
22 38 4 12
22 38 9 9
22 38 17 3
22 38 18 15
22 40 2 9
22 40 3 8
22 40 7 13
22 44 14 11
22 44 19 19
23 19 0 10
23 19 19 20
23 21 7 17
23 21 11 18
23 21 13 18
23 21 17 5
23 21 18 7
23 29 11 5
23 45 0 5
23 45 10 14
23 45 12 9
23 45 19 15
24 1 4 17
24 3 0 19
24 3 12 11
24 7 4 19
24 7 11 20
24 7 18 16
24 7 19 8
24 11 12 11
24 11 16 14
24 18 6 6
24 18 12 20
24 18 13 7
24 18 16 11
24 18 18 12
24 18 19 8
24 19 0 1
24 19 19 3
24 24 1 14
24 24 4 10
24 24 8 15
24 24 19 20
24 26 11 6
24 30 0 9
24 30 9 1
24 36 4 12
24 36 8 13
24 36 15 18
24 36 18 15
24 36 19 7
24 41 12 15
24 41 13 17
24 41 18 13
24 44 14 8
24 44 19 14
25 2 3 1
25 2 16 15
25 13 0 17
25 13 9 9
25 13 12 7
25 13 13 14
25 25 3 14
25 25 6 4
25 25 18 16
25 35 0 1
25 35 4 19
25 35 5 5
25 35 12 3
25 35 14 15
25 37 2 1
25 37 5 1
25 37 10 14
25 37 17 9
25 47 3 12
25 47 11 4
25 48 0 2
25 48 4 14
25 48 19 4
26 4 11 8
26 4 14 17
26 4 17 4
26 4 19 17
26 13 0 1
26 13 9 14
26 13 12 15
26 13 13 6
26 20 3 18
26 20 12 13
26 20 16 7
26 20 17 2
26 27 2 15
26 35 0 1
26 35 4 11
26 35 5 19
26 35 12 18
26 35 14 9
26 39 2 20
26 39 6 4
26 39 11 17
26 39 16 4
26 39 19 20
26 49 5 14
27 3 0 13
27 3 12 9
27 8 2 3
27 8 5 7
27 8 8 19
27 8 13 5
27 17 6 7
27 17 8 7
27 17 19 8
27 34 4 7
27 34 10 3
27 34 16 9
27 41 12 15
27 41 13 20
27 41 18 11
28 0 5 10
28 0 16 10
28 0 18 8
28 4 11 8
28 4 14 1
28 4 17 7
28 4 19 3
28 5 4 20
28 7 4 17
28 7 11 8
28 7 18 13
28 7 19 16
28 11 12 14
28 11 16 16
28 22 4 12
28 22 5 17
28 22 12 20
29 5 4 1
29 6 7 14
29 6 8 9
29 6 9 5
29 6 13 12
29 6 14 1
29 6 15 20
29 10 3 9
29 10 7 11
29 10 14 5
29 10 18 13
29 10 19 16
29 12 12 19
29 12 14 2
29 12 17 14
29 24 1 12
29 24 4 12
29 24 8 17
29 24 19 8
29 45 0 10
29 45 10 2
29 45 12 6
29 45 19 16
29 47 3 9
29 47 11 12
30 5 4 10
30 9 3 13
30 10 3 11
30 10 7 6
30 10 14 16
30 10 18 12
30 10 19 17
30 25 3 11
30 25 6 6
30 25 18 18
30 33 0 2
30 37 2 13
30 37 5 9
30 37 10 4
30 37 17 2
30 39 2 8
30 39 6 18
30 39 11 19
30 39 16 20
30 39 19 3
30 40 2 13
30 40 3 16
30 40 7 9
30 48 0 6
30 48 4 7
30 48 19 12
31 3 0 8
31 3 12 9
31 5 4 9
31 10 3 19
31 10 7 14
31 10 14 14
31 10 18 11
31 10 19 6
31 17 6 19
31 17 8 12
31 17 19 9
31 25 3 7
31 25 6 7
31 25 18 11
31 28 4 8
31 28 17 14
31 28 18 14
31 29 11 8
31 46 3 20
31 46 16 10
32 0 5 19
32 0 16 18
32 0 18 3
32 8 2 11
32 8 5 13
32 8 8 6
32 8 13 9
32 9 3 13
32 19 0 13
32 19 19 8
32 27 2 12
32 30 0 14
32 30 9 14
32 32 4 12
32 32 15 11
33 9 3 20
33 27 2 4
33 30 0 16
33 30 9 1
33 31 5 17
33 31 7 15
33 31 9 11
33 31 15 1
33 33 0 17
33 42 10 20
33 42 11 18
33 42 17 2
33 44 14 12
33 44 19 3
34 16 16 17
34 16 18 11
34 25 3 6
34 25 6 13
34 25 18 16
34 27 2 13
34 33 0 4
34 41 12 4
34 41 13 13
34 41 18 12
34 48 0 16
34 48 4 19
34 48 19 4
35 0 5 9
35 0 16 6
35 0 18 7
35 21 7 6
35 21 11 4
35 21 13 18
35 21 17 16
35 21 18 19
35 22 4 15
35 22 5 17
35 22 12 3
35 30 0 4
35 30 9 20
35 44 14 4
35 44 19 20
36 4 11 19
36 4 14 18
36 4 17 10
36 4 19 5
36 7 4 13
36 7 11 5
36 7 18 2
36 7 19 1
36 14 9 7
36 14 17 4
36 15 1 10
36 15 12 5
36 21 7 1
36 21 11 20
36 21 13 7
36 21 17 9
36 21 18 2
36 23 8 10
36 23 18 19
36 26 11 17
37 0 5 19
37 0 16 12
37 0 18 14
37 6 7 7
37 6 8 5
37 6 9 5
37 6 13 6
37 6 14 1
37 6 15 16
37 16 16 10
37 16 18 13
37 20 3 14
37 20 12 13
37 20 16 12
37 20 17 16
37 22 4 16
37 22 5 16
37 22 12 12
37 23 8 13
37 23 18 4
37 25 3 7
37 25 6 8
37 25 18 7
37 26 11 12
37 28 4 3
37 28 17 18
37 28 18 19
37 39 2 7
37 39 6 20
37 39 11 8
37 39 16 18
37 39 19 16
37 40 2 14
37 40 3 15
37 40 7 7
37 46 3 1
37 46 16 9
38 1 4 6
38 2 3 16
38 2 16 9
38 4 11 12
38 4 14 2
38 4 17 12
38 4 19 3
38 8 2 20
38 8 5 4
38 8 8 20
38 8 13 10
38 21 7 11
38 21 11 7
38 21 13 6
38 21 17 19
38 21 18 6
38 23 8 10
38 23 18 4
38 36 4 3
38 36 8 3
38 36 15 3
38 36 18 3
38 36 19 17
38 41 12 13
38 41 13 10
38 41 18 13
39 2 3 15
39 2 16 20
39 8 2 16
39 8 5 20
39 8 8 3
39 8 13 2
39 10 3 19
39 10 7 14
39 10 14 11
39 10 18 15
39 10 19 19
39 29 11 11
39 31 5 6
39 31 7 10
39 31 9 4
39 31 15 16
39 33 0 3
39 40 2 3
39 40 3 19
39 40 7 16
39 49 5 20
40 18 6 15
40 18 12 19
40 18 13 9
40 18 16 1
40 18 18 7
40 18 19 2
40 28 4 2
40 28 17 5
40 28 18 17
40 31 5 1
40 31 7 8
40 31 9 18
40 31 15 2
40 35 0 13
40 35 4 12
40 35 5 14
40 35 12 20
40 35 14 3
41 0 5 11
41 0 16 14
41 0 18 5
41 10 3 13
41 10 7 2
41 10 14 4
41 10 18 3
41 10 19 10
41 12 12 15
41 12 14 2
41 12 17 20
41 15 1 19
41 15 12 8
41 17 6 13
41 17 8 13
41 17 19 1
41 29 11 1
41 32 4 18
41 32 15 19
41 36 4 19
41 36 8 1
41 36 15 5
41 36 18 14
41 36 19 18
41 38 4 4
41 38 9 3
41 38 17 3
41 38 18 18
41 48 0 3
41 48 4 5
41 48 19 15
42 1 4 14
42 7 4 2
42 7 11 1
42 7 18 4
42 7 19 2
42 11 12 18
42 11 16 11
42 38 4 1
42 38 9 3
42 38 17 12
42 38 18 10
42 46 3 6
42 46 16 17
43 1 4 19
43 4 11 2
43 4 14 15
43 4 17 20
43 4 19 15
43 24 1 12
43 24 4 7
43 24 8 18
43 24 19 20
43 26 11 1
43 27 2 11
43 32 4 6
43 32 15 18
43 33 0 14
43 43 8 19
43 43 11 6
43 43 12 11
43 43 14 11
43 43 18 8
43 43 19 17
43 44 14 3
43 44 19 16
44 1 4 20
44 8 2 14
44 8 5 19
44 8 8 3
44 8 13 4
44 10 3 2
44 10 7 3
44 10 14 20
44 10 18 11
44 10 19 13
44 12 12 12
44 12 14 11
44 12 17 13
44 18 6 15
44 18 12 10
44 18 13 19
44 18 16 17
44 18 18 19
44 18 19 20
44 20 3 3
44 20 12 6
44 20 16 6
44 20 17 13
44 23 8 1
44 23 18 2
44 30 0 13
44 30 9 19
44 42 10 15
44 42 11 2
44 42 17 1
45 0 5 5
45 0 16 9
45 0 18 17
45 8 2 20
45 8 5 5
45 8 8 19
45 8 13 10
45 12 12 7
45 12 14 4
45 12 17 14
45 15 1 19
45 15 12 20
45 16 16 14
45 16 18 5
45 19 0 14
45 19 19 13
45 41 12 15
45 41 13 3
45 41 18 12
46 0 5 6
46 0 16 19
46 0 18 4
46 3 0 16
46 3 12 15
46 6 7 8
46 6 8 20
46 6 9 11
46 6 13 20
46 6 14 19
46 6 15 15
46 9 3 10
46 13 0 17
46 13 9 14
46 13 12 16
46 13 13 17
46 35 0 2
46 35 4 10
46 35 5 19
46 35 12 13
46 35 14 17
46 42 10 7
46 42 11 6
46 42 17 2
46 44 14 18
46 44 19 7
47 0 5 2
47 0 16 20
47 0 18 18
47 15 1 11
47 15 12 19
47 19 0 8
47 19 19 9
47 26 11 11
47 33 0 17
47 49 5 20
48 12 12 7
48 12 14 19
48 12 17 7
48 13 0 17
48 13 9 5
48 13 12 17
48 13 13 5
48 16 16 8
48 16 18 9
48 21 7 16
48 21 11 12
48 21 13 11
48 21 17 2
48 21 18 2
48 31 5 5
48 31 7 4
48 31 9 13
48 31 15 8
48 33 0 11
48 39 2 5
48 39 6 19
48 39 11 8
48 39 16 16
48 39 19 14
48 47 3 13
48 47 11 16
49 11 12 7
49 11 16 12
49 12 12 6
49 12 14 20
49 12 17 5
49 13 0 15
49 13 9 2
49 13 12 11
49 13 13 6
49 14 9 5
49 14 17 3
49 16 16 5
49 16 18 9
49 17 6 17
49 17 8 8
49 17 19 7
49 28 4 18
49 28 17 14
49 28 18 16
49 44 14 19
49 44 19 4
-1 
0 5 4 123
0 26 11 130
0 27 2 21
0 34 4 66
0 34 10 143
0 34 16 51
0 37 2 139
0 37 5 2
0 37 10 10
0 37 17 43
0 44 14 51
0 44 19 53
1 3 0 140
1 3 12 40
1 6 7 134
1 6 8 181
1 6 9 40
1 6 13 20
1 6 14 28
1 6 15 141
1 10 3 92
1 10 7 199
1 10 14 85
1 10 18 50
1 10 19 192
1 13 0 101
1 13 9 25
1 13 12 1
1 13 13 98
1 18 6 35
1 18 12 8
1 18 13 54
1 18 16 36
1 18 18 186
1 18 19 150
1 19 0 125
1 19 19 111
1 29 11 129
1 46 3 130
1 46 16 185
1 48 0 57
1 48 4 99
1 48 19 94
2 2 3 197
2 2 16 193
2 27 2 26
2 28 4 168
2 28 17 118
2 28 18 8
2 35 0 32
2 35 4 45
2 35 5 124
2 35 12 112
2 35 14 78
2 36 4 198
2 36 8 14
2 36 15 6
2 36 18 123
2 36 19 106
2 38 4 169
2 38 9 27
2 38 17 179
2 38 18 181
3 1 4 136
3 3 0 91
3 3 12 110
3 10 3 17
3 10 7 89
3 10 14 148
3 10 18 148
3 10 19 14
3 12 12 163
3 12 14 102
3 12 17 196
3 14 9 16
3 14 17 165
3 15 1 93
3 15 12 25
3 26 11 94
3 38 4 94
3 38 9 132
3 38 17 162
3 38 18 197
3 44 14 95
3 44 19 122
4 1 4 41
4 11 12 182
4 11 16 84
4 13 0 32
4 13 9 41
4 13 12 73
4 13 13 85
4 23 8 92
4 23 18 116
4 44 14 16
4 44 19 89
4 47 3 186
4 47 11 50
5 17 6 200
5 17 8 45
5 17 19 190
5 23 8 139
5 23 18 5
6 13 0 67
6 13 9 25
6 13 12 119
6 13 13 126
6 14 9 144
6 14 17 37
6 19 0 29
6 19 19 153
6 29 11 128
6 35 0 97
6 35 4 89
6 35 5 174
6 35 12 34
6 35 14 35
6 36 4 2
6 36 8 59
6 36 15 127
6 36 18 32
6 36 19 35
7 24 1 154
7 24 4 40
7 24 8 145
7 24 19 178
7 28 4 1
7 28 17 110
7 28 18 88
7 34 4 180
7 34 10 48
7 34 16 12
7 35 0 56
7 35 4 182
7 35 5 26
7 35 12 39
7 35 14 63
7 38 4 13
7 38 9 110
7 38 17 12
7 38 18 69
7 41 12 192
7 41 13 28
7 41 18 30
7 47 3 89
7 47 11 98
8 0 5 115
8 0 16 194
8 0 18 37
8 2 3 113
8 2 16 64
8 5 4 75
8 7 4 45
8 7 11 95
8 7 18 173
8 7 19 86
8 12 12 191
8 12 14 62
8 12 17 21
8 13 0 88
8 13 9 44
8 13 12 6
8 13 13 90
8 17 6 115
8 17 8 19
8 17 19 20
8 35 0 161
8 35 4 110
8 35 5 147
8 35 12 199
8 35 14 46
8 40 2 137
8 40 3 22
8 40 7 14
8 43 8 156
8 43 11 14
8 43 12 129
8 43 14 191
8 43 18 119
8 43 19 86
9 0 5 60
9 0 16 174
9 0 18 179
9 8 2 22
9 8 5 8
9 8 8 33
9 8 13 56
9 9 3 148
9 10 3 87
9 10 7 106
9 10 14 17
9 10 18 70
9 10 19 32
9 14 9 147
9 14 17 68
9 27 2 193
9 35 0 46
9 35 4 130
9 35 5 195
9 35 12 182
9 35 14 83
9 36 4 165
9 36 8 49
9 36 15 45
9 36 18 162
9 36 19 50
9 48 0 92
9 48 4 124
9 48 19 79
10 2 3 68
10 2 16 66
10 5 4 160
10 8 2 49
10 8 5 143
10 8 8 102
10 8 13 70
10 20 3 93
10 20 12 3
10 20 16 195
10 20 17 28
10 28 4 99
10 28 17 83
10 28 18 61
10 40 2 102
10 40 3 11
10 40 7 62
10 41 12 82
10 41 13 77
10 41 18 20
11 7 4 11
11 7 11 145
11 7 18 140
11 7 19 127
11 18 6 23
11 18 12 23
11 18 13 66
11 18 16 109
11 18 18 47
11 18 19 82
11 23 8 154
11 23 18 26
11 41 12 71
11 41 13 197
11 41 18 52
11 42 10 123
11 42 11 196
11 42 17 149
11 43 8 171
11 43 11 91
11 43 12 8
11 43 14 198
11 43 18 52
11 43 19 187
11 47 3 59
11 47 11 117
11 49 5 27
12 4 11 80
12 4 14 105
12 4 17 56
12 4 19 198
12 5 4 165
12 18 6 154
12 18 12 146
12 18 13 193
12 18 16 104
12 18 18 65
12 18 19 5
12 28 4 129
12 28 17 35
12 28 18 94
12 37 2 155
12 37 5 135
12 37 10 193
12 37 17 23
12 48 0 67
12 48 4 110
12 48 19 69
13 2 3 163
13 2 16 70
13 10 3 46
13 10 7 114
13 10 14 159
13 10 18 47
13 10 19 152
13 22 4 180
13 22 5 193
13 22 12 79
13 28 4 109
13 28 17 110
13 28 18 177
13 35 0 24
13 35 4 159
13 35 5 181
13 35 12 109
13 35 14 165
13 48 0 142
13 48 4 62
13 48 19 98
14 3 0 103
14 3 12 182
14 8 2 105
14 8 5 32
14 8 8 79
14 8 13 103
14 17 6 165
14 17 8 67
14 17 19 179
14 39 2 132
14 39 6 47
14 39 11 158
14 39 16 115
14 39 19 12
14 46 3 158
14 46 16 132
15 22 4 99
15 22 5 41
15 22 12 5
15 31 5 170
15 31 7 158
15 31 9 36
15 31 15 172
16 3 0 85
16 3 12 125
16 10 3 55
16 10 7 7
16 10 14 134
16 10 18 156
16 10 19 176
16 26 11 96
16 30 0 178
16 30 9 158
16 32 4 183
16 32 15 36
16 36 4 171
16 36 8 121
16 36 15 145
16 36 18 11
16 36 19 156
16 41 12 106
16 41 13 34
16 41 18 163
17 0 5 167
17 0 16 153
17 0 18 161
17 12 12 74
17 12 14 43
17 12 17 39
17 17 6 29
17 17 8 97
17 17 19 129
17 20 3 1
17 20 12 49
17 20 16 140
17 20 17 181
17 21 7 65
17 21 11 18
17 21 13 117
17 21 17 79
17 21 18 25
17 25 3 177
17 25 6 165
17 25 18 85
17 27 2 170
17 30 0 90
17 30 9 22
17 31 5 187
17 31 7 7
17 31 9 193
17 31 15 93
17 46 3 11
17 46 16 88
18 5 4 76
18 47 3 40
18 47 11 80
18 48 0 188
18 48 4 132
18 48 19 67
19 3 0 180
19 3 12 42
19 6 7 99
19 6 8 125
19 6 9 2
19 6 13 17
19 6 14 121
19 6 15 23
19 10 3 68
19 10 7 159
19 10 14 85
19 10 18 8
19 10 19 177
19 14 9 162
19 14 17 189
19 34 4 21
19 34 10 56
19 34 16 25
19 37 2 73
19 37 5 145
19 37 10 75
19 37 17 124
19 39 2 15
19 39 6 190
19 39 11 27
19 39 16 182
19 39 19 68
19 46 3 88
19 46 16 188
19 49 5 126
20 1 4 25
20 3 0 41
20 3 12 188
20 19 0 79
20 19 19 64
20 20 3 16
20 20 12 70
20 20 16 65
20 20 17 163
20 21 7 150
20 21 11 57
20 21 13 32
20 21 17 9
20 21 18 71
20 34 4 148
20 34 10 70
20 34 16 156
20 38 4 89
20 38 9 169
20 38 17 138
20 38 18 40
20 41 12 171
20 41 13 200
20 41 18 71
21 10 3 32
21 10 7 183
21 10 14 137
21 10 18 57
21 10 19 114
21 24 1 55
21 24 4 121
21 24 8 43
21 24 19 59
21 29 11 6
21 46 3 103
21 46 16 186
22 10 3 143
22 10 7 172
22 10 14 76
22 10 18 49
22 10 19 169
22 17 6 120
22 17 8 76
22 17 19 161
22 18 6 22
22 18 12 24
22 18 13 195
22 18 16 141
22 18 18 102
22 18 19 34
22 24 1 184
22 24 4 200
22 24 8 94
22 24 19 17
22 36 4 160
22 36 8 46
22 36 15 154
22 36 18 24
22 36 19 173
22 38 4 106
22 38 9 72
22 38 17 161
22 38 18 191
22 40 2 62
22 40 3 170
22 40 7 55
22 44 14 56
22 44 19 20
23 19 0 127
23 19 19 124
23 21 7 110
23 21 11 68
23 21 13 95
23 21 17 66
23 21 18 133
23 29 11 164
23 45 0 128
23 45 10 160
23 45 12 150
23 45 19 186
24 1 4 148
24 3 0 158
24 3 12 67
24 7 4 49
24 7 11 86
24 7 18 75
24 7 19 164
24 11 12 14
24 11 16 90
24 18 6 68
24 18 12 46
24 18 13 179
24 18 16 112
24 18 18 7
24 18 19 45
24 19 0 196
24 19 19 126
24 24 1 4
24 24 4 12
24 24 8 5
24 24 19 51
24 26 11 140
24 30 0 115
24 30 9 105
24 36 4 20
24 36 8 12
24 36 15 76
24 36 18 173
24 36 19 95
24 41 12 35
24 41 13 190
24 41 18 170
24 44 14 174
24 44 19 25
25 2 3 78
25 2 16 44
25 13 0 112
25 13 9 24
25 13 12 92
25 13 13 61
25 25 3 21
25 25 6 74
25 25 18 63
25 35 0 30
25 35 4 46
25 35 5 143
25 35 12 120
25 35 14 5
25 37 2 178
25 37 5 200
25 37 10 135
25 37 17 116
25 47 3 92
25 47 11 172
25 48 0 29
25 48 4 96
25 48 19 82
26 4 11 95
26 4 14 80
26 4 17 46
26 4 19 57
26 13 0 99
26 13 9 120
26 13 12 111
26 13 13 103
26 20 3 31
26 20 12 188
26 20 16 177
26 20 17 28
26 27 2 92
26 35 0 49
26 35 4 68
26 35 5 197
26 35 12 123
26 35 14 171
26 39 2 146
26 39 6 84
26 39 11 67
26 39 16 4
26 39 19 131
26 49 5 11
27 3 0 79
27 3 12 75
27 8 2 65
27 8 5 22
27 8 8 82
27 8 13 159
27 17 6 150
27 17 8 95
27 17 19 117
27 34 4 159
27 34 10 144
27 34 16 52
27 41 12 32
27 41 13 59
27 41 18 176
28 0 5 92
28 0 16 155
28 0 18 144
28 4 11 124
28 4 14 1
28 4 17 197
28 4 19 196
28 5 4 125
28 7 4 198
28 7 11 198
28 7 18 66
28 7 19 159
28 11 12 14
28 11 16 170
28 22 4 189
28 22 5 90
28 22 12 36
29 5 4 32
29 6 7 136
29 6 8 83
29 6 9 27
29 6 13 36
29 6 14 122
29 6 15 98
29 10 3 44
29 10 7 7
29 10 14 69
29 10 18 141
29 10 19 28
29 12 12 179
29 12 14 125
29 12 17 162
29 24 1 71
29 24 4 90
29 24 8 22
29 24 19 112
29 45 0 146
29 45 10 174
29 45 12 72
29 45 19 52
29 47 3 181
29 47 11 41
30 5 4 25
30 9 3 196
30 10 3 137
30 10 7 101
30 10 14 153
30 10 18 178
30 10 19 36
30 25 3 73
30 25 6 125
30 25 18 144
30 33 0 150
30 37 2 57
30 37 5 149
30 37 10 36
30 37 17 14
30 39 2 65
30 39 6 98
30 39 11 14
30 39 16 52
30 39 19 17
30 40 2 199
30 40 3 189
30 40 7 33
30 48 0 53
30 48 4 24
30 48 19 48
31 3 0 39
31 3 12 48
31 5 4 17
31 10 3 88
31 10 7 20
31 10 14 173
31 10 18 133
31 10 19 136
31 17 6 82
31 17 8 183
31 17 19 187
31 25 3 106
31 25 6 138
31 25 18 196
31 28 4 169
31 28 17 11
31 28 18 164
31 29 11 109
31 46 3 126
31 46 16 115
32 0 5 110
32 0 16 14
32 0 18 82
32 8 2 8
32 8 5 128
32 8 8 152
32 8 13 50
32 9 3 150
32 19 0 199
32 19 19 97
32 27 2 24
32 30 0 50
32 30 9 10
32 32 4 181
32 32 15 77
33 9 3 102
33 27 2 190
33 30 0 37
33 30 9 39
33 31 5 52
33 31 7 35
33 31 9 128
33 31 15 42
33 33 0 43
33 42 10 137
33 42 11 169
33 42 17 36
33 44 14 89
33 44 19 188
34 16 16 114
34 16 18 49
34 25 3 115
34 25 6 70
34 25 18 168
34 27 2 130
34 33 0 37
34 41 12 69
34 41 13 60
34 41 18 138
34 48 0 67
34 48 4 107
34 48 19 5
35 0 5 42
35 0 16 152
35 0 18 142
35 21 7 132
35 21 11 10
35 21 13 3
35 21 17 74
35 21 18 132
35 22 4 109
35 22 5 72
35 22 12 25
35 30 0 89
35 30 9 93
35 44 14 149
35 44 19 89
36 4 11 113
36 4 14 140
36 4 17 64
36 4 19 61
36 7 4 3
36 7 11 152
36 7 18 51
36 7 19 114
36 14 9 50
36 14 17 107
36 15 1 71
36 15 12 48
36 21 7 126
36 21 11 110
36 21 13 78
36 21 17 126
36 21 18 163
36 23 8 123
36 23 18 95
36 26 11 179
37 0 5 96
37 0 16 19
37 0 18 178
37 6 7 179
37 6 8 88
37 6 9 181
37 6 13 137
37 6 14 22
37 6 15 197
37 16 16 170
37 16 18 137
37 20 3 67
37 20 12 199
37 20 16 56
37 20 17 75
37 22 4 185
37 22 5 60
37 22 12 79
37 23 8 41
37 23 18 75
37 25 3 91
37 25 6 24
37 25 18 160
37 26 11 192
37 28 4 43
37 28 17 113
37 28 18 192
37 39 2 43
37 39 6 148
37 39 11 46
37 39 16 96
37 39 19 186
37 40 2 127
37 40 3 173
37 40 7 175
37 46 3 144
37 46 16 169
38 1 4 97
38 2 3 39
38 2 16 175
38 4 11 7
38 4 14 12
38 4 17 25
38 4 19 149
38 8 2 106
38 8 5 148
38 8 8 39
38 8 13 4
38 21 7 78
38 21 11 100
38 21 13 30
38 21 17 145
38 21 18 83
38 23 8 15
38 23 18 153
38 36 4 3
38 36 8 102
38 36 15 114
38 36 18 29
38 36 19 106
38 41 12 82
38 41 13 55
38 41 18 117
39 2 3 91
39 2 16 33
39 8 2 24
39 8 5 108
39 8 8 195
39 8 13 179
39 10 3 197
39 10 7 188
39 10 14 174
39 10 18 94
39 10 19 83
39 29 11 197
39 31 5 76
39 31 7 154
39 31 9 184
39 31 15 139
39 33 0 12
39 40 2 13
39 40 3 122
39 40 7 170
39 49 5 52
40 18 6 30
40 18 12 121
40 18 13 14
40 18 16 196
40 18 18 198
40 18 19 16
40 28 4 3
40 28 17 151
40 28 18 90
40 31 5 50
40 31 7 102
40 31 9 111
40 31 15 52
40 35 0 36
40 35 4 4
40 35 5 1
40 35 12 193
40 35 14 97
41 0 5 53
41 0 16 194
41 0 18 53
41 10 3 187
41 10 7 165
41 10 14 8
41 10 18 95
41 10 19 197
41 12 12 32
41 12 14 129
41 12 17 119
41 15 1 196
41 15 12 83
41 17 6 146
41 17 8 12
41 17 19 87
41 29 11 77
41 32 4 7
41 32 15 194
41 36 4 93
41 36 8 188
41 36 15 185
41 36 18 26
41 36 19 31
41 38 4 14
41 38 9 131
41 38 17 170
41 38 18 33
41 48 0 73
41 48 4 108
41 48 19 39
42 1 4 118
42 7 4 144
42 7 11 42
42 7 18 137
42 7 19 155
42 11 12 184
42 11 16 90
42 38 4 32
42 38 9 141
42 38 17 28
42 38 18 108
42 46 3 29
42 46 16 154
43 1 4 132
43 4 11 119
43 4 14 87
43 4 17 132
43 4 19 3
43 24 1 13
43 24 4 133
43 24 8 135
43 24 19 8
43 26 11 174
43 27 2 138
43 32 4 2
43 32 15 8
43 33 0 159
43 43 8 141
43 43 11 90
43 43 12 40
43 43 14 48
43 43 18 159
43 43 19 145
43 44 14 27
43 44 19 155
44 1 4 97
44 8 2 41
44 8 5 163
44 8 8 104
44 8 13 116
44 10 3 95
44 10 7 191
44 10 14 62
44 10 18 100
44 10 19 109
44 12 12 113
44 12 14 62
44 12 17 157
44 18 6 162
44 18 12 67
44 18 13 158
44 18 16 126
44 18 18 98
44 18 19 68
44 20 3 175
44 20 12 52
44 20 16 142
44 20 17 121
44 23 8 14
44 23 18 22
44 30 0 18
44 30 9 29
44 42 10 60
44 42 11 27
44 42 17 156
45 0 5 44
45 0 16 37
45 0 18 24
45 8 2 185
45 8 5 30
45 8 8 77
45 8 13 18
45 12 12 22
45 12 14 141
45 12 17 164
45 15 1 190
45 15 12 199
45 16 16 187
45 16 18 33
45 19 0 134
45 19 19 159
45 41 12 19
45 41 13 93
45 41 18 184
46 0 5 143
46 0 16 90
46 0 18 188
46 3 0 180
46 3 12 111
46 6 7 197
46 6 8 56
46 6 9 34
46 6 13 15
46 6 14 154
46 6 15 51
46 9 3 13
46 13 0 69
46 13 9 120
46 13 12 28
46 13 13 186
46 35 0 116
46 35 4 103
46 35 5 142
46 35 12 53
46 35 14 129
46 42 10 173
46 42 11 56
46 42 17 144
46 44 14 6
46 44 19 157
47 0 5 171
47 0 16 25
47 0 18 31
47 15 1 74
47 15 12 139
47 19 0 21
47 19 19 83
47 26 11 39
47 33 0 168
47 49 5 7
48 12 12 15
48 12 14 144
48 12 17 52
48 13 0 2
48 13 9 5
48 13 12 49
48 13 13 179
48 16 16 64
48 16 18 136
48 21 7 94
48 21 11 46
48 21 13 154
48 21 17 1
48 21 18 41
48 31 5 132
48 31 7 167
48 31 9 78
48 31 15 138
48 33 0 47
48 39 2 79
48 39 6 87
48 39 11 33
48 39 16 123
48 39 19 48
48 47 3 159
48 47 11 178
49 11 12 40
49 11 16 8
49 12 12 69
49 12 14 55
49 12 17 24
49 13 0 133
49 13 9 21
49 13 12 59
49 13 13 60
49 14 9 187
49 14 17 133
49 16 16 122
49 16 18 158
49 17 6 105
49 17 8 192
49 17 19 117
49 28 4 189
49 28 17 109
49 28 18 73
49 44 14 114
49 44 19 153
-1 
0 4 4
0 7 3
0 9 3
0 10 3
0 17 4
0 20 1
0 24 2
0 25 2
0 33 2
0 35 4
0 39 2
0 41 1
0 46 2
1 3 4
1 6 1
1 10 2
1 14 3
1 16 4
1 24 2
1 27 2
1 30 2
1 36 3
1 37 4
1 39 1
1 49 3
2 0 2
2 5 4
2 7 3
2 11 2
2 18 2
2 20 4
2 28 2
2 30 1
2 34 2
2 39 2
2 41 2
2 44 1
2 46 3
3 3 3
3 11 2
3 13 2
3 16 3
3 18 2
3 21 3
3 27 4
3 28 1
3 32 3
3 33 4
3 42 3
4 0 3
4 1 3
4 6 4
4 10 4
4 15 4
4 18 2
4 21 4
4 25 2
4 27 3
4 29 3
4 31 4
4 32 3
4 40 3
4 48 1
5 0 2
5 6 1
5 17 3
5 18 3
5 19 4
5 24 2
5 28 2
5 39 4
5 42 1
5 46 4
5 47 2
5 49 3
6 0 4
6 2 2
6 3 4
6 5 4
6 10 2
6 11 1
6 15 3
6 16 4
6 17 2
6 25 3
6 32 3
6 33 2
6 41 2
6 42 4
6 44 2
6 49 2
7 2 4
7 3 2
7 4 3
7 6 3
7 8 2
7 10 3
7 14 2
7 15 1
7 17 2
7 18 1
7 21 4
7 24 3
7 31 3
7 32 4
7 34 4
8 3 1
8 5 3
8 9 4
8 10 3
8 11 1
8 13 1
8 17 3
8 21 4
8 23 4
8 25 2
8 34 3
8 36 1
8 39 3
8 41 1
8 42 2
8 43 1
8 44 2
8 46 1
9 0 1
9 2 2
9 4 4
9 8 4
9 11 1
9 13 1
9 14 1
9 16 1
9 21 2
9 24 2
9 27 3
9 31 4
9 32 2
9 33 1
9 35 3
9 44 4
9 45 2
10 2 2
10 7 1
10 8 3
10 10 3
10 13 4
10 15 2
10 16 2
10 20 4
10 22 4
10 25 3
10 29 3
10 45 4
10 46 1
10 48 4
11 1 4
11 11 1
11 12 4
11 15 1
11 18 3
11 20 1
11 28 4
11 29 3
11 36 4
11 38 1
11 41 3
11 44 2
12 9 2
12 12 2
12 17 1
12 22 2
12 23 3
12 28 3
12 31 4
12 37 4
12 41 3
12 47 2
13 5 2
13 7 2
13 9 4
13 10 1
13 16 1
13 20 4
13 24 1
13 26 2
13 30 2
13 33 2
13 35 2
13 37 1
13 38 1
13 39 2
13 42 3
13 47 3
14 0 3
14 3 3
14 7 1
14 9 1
14 10 3
14 15 2
14 19 2
14 22 2
14 31 1
14 34 3
14 37 2
14 38 2
14 41 2
14 42 2
14 43 2
14 45 3
14 47 2
15 1 3
15 8 1
15 10 3
15 11 3
15 13 3
15 15 1
15 18 2
15 21 3
15 26 1
15 29 2
15 32 4
15 33 2
15 36 2
15 37 2
15 38 4
15 47 4
16 0 4
16 9 1
16 10 4
16 14 1
16 15 3
16 17 3
16 19 2
16 23 2
16 29 3
16 30 3
16 33 3
16 35 2
16 40 4
16 44 3
16 48 1
16 49 4
17 2 1
17 4 3
17 14 1
17 15 2
17 22 2
17 23 2
17 24 3
17 26 1
17 27 2
17 31 1
17 35 2
17 36 3
17 37 3
17 46 1
18 8 1
18 15 4
18 23 1
18 25 4
18 26 3
18 27 1
18 32 2
18 38 4
18 39 4
18 42 1
18 46 3
18 49 4
19 1 4
19 8 1
19 10 2
19 16 4
19 19 1
19 24 4
19 25 4
19 32 2
19 34 4
19 38 2
19 41 4
19 44 3
20 5 1
20 7 3
20 12 2
20 18 2
20 20 3
20 24 2
20 27 1
20 32 2
20 39 3
20 40 3
20 46 2
20 48 1
21 2 4
21 5 2
21 12 2
21 13 4
21 14 4
21 15 2
21 20 3
21 23 1
21 25 3
21 28 4
21 29 2
21 34 2
21 40 3
21 41 2
21 45 1
21 46 1
21 47 1
21 49 2
22 1 4
22 2 1
22 9 2
22 11 1
22 14 4
22 15 3
22 19 3
22 20 4
22 24 1
22 30 4
22 39 1
23 3 1
23 5 2
23 7 2
23 9 4
23 15 1
23 16 1
23 17 3
23 18 2
23 24 2
23 43 1
23 45 4
23 47 2
24 1 1
24 4 4
24 7 4
24 12 4
24 13 3
24 21 2
24 24 4
24 30 4
24 31 3
24 32 3
24 33 1
24 34 1
24 38 2
24 41 1
24 46 4
24 47 1
24 48 4
25 0 3
25 2 3
25 3 1
25 4 4
25 10 1
25 11 4
25 22 4
25 28 4
25 33 1
25 43 2
26 4 3
26 13 1
26 14 4
26 18 4
26 23 1
26 29 3
26 33 2
26 42 1
26 43 3
26 44 2
26 46 3
27 6 1
27 7 4
27 12 1
27 15 2
27 17 4
27 19 1
27 21 2
27 23 3
27 24 2
27 31 3
27 32 2
27 38 4
27 46 2
28 4 2
28 8 2
28 14 3
28 15 2
28 16 1
28 19 1
28 22 2
28 23 3
28 29 3
28 31 4
28 37 1
28 38 4
28 48 1
29 2 3
29 6 3
29 9 1
29 11 4
29 12 3
29 16 3
29 19 1
29 20 4
29 26 3
29 36 2
29 39 4
29 45 4
29 48 1
29 49 1
30 0 1
30 5 1
30 8 2
30 11 4
30 13 3
30 14 4
30 20 4
30 23 3
30 24 4
30 33 3
30 37 2
30 41 1
30 46 2
31 13 4
31 17 3
31 24 2
31 27 1
31 28 4
31 31 3
31 34 1
31 38 4
32 3 4
32 6 4
32 11 2
32 12 2
32 13 3
32 27 1
32 31 4
32 32 4
32 35 3
32 36 4
32 42 4
32 44 4
33 1 1
33 2 3
33 4 1
33 5 2
33 9 4
33 12 2
33 19 3
33 20 1
33 24 1
33 29 4
33 30 4
33 34 2
33 46 3
34 2 2
34 7 3
34 10 4
34 21 3
34 22 4
34 23 4
34 29 4
34 32 2
34 44 1
34 46 4
34 49 2
35 1 2
35 2 4
35 3 2
35 5 4
35 14 3
35 18 1
35 20 1
35 21 4
35 22 2
35 29 1
35 30 3
35 31 2
35 39 1
36 1 3
36 2 3
36 3 4
36 6 3
36 11 3
36 19 4
36 27 2
36 29 3
36 44 4
37 2 2
37 4 3
37 12 4
37 14 1
37 22 1
37 23 2
37 26 2
37 28 2
37 33 3
37 34 2
37 40 1
38 7 2
38 24 3
38 25 4
38 27 1
38 28 3
38 29 2
38 31 4
38 32 2
38 37 2
38 39 2
38 41 1
38 44 3
38 46 1
38 47 2
38 49 2
39 5 3
39 6 2
39 13 3
39 18 3
39 21 2
39 25 4
39 28 1
39 29 2
39 30 4
39 33 4
39 34 1
39 35 1
39 39 3
39 45 2
40 0 2
40 2 2
40 5 4
40 8 1
40 9 3
40 10 1
40 15 2
40 32 3
40 36 4
40 40 1
41 1 2
41 7 1
41 8 1
41 13 1
41 14 3
41 17 3
41 22 2
41 29 2
41 34 2
41 37 1
41 47 1
42 1 2
42 4 3
42 10 3
42 12 1
42 14 2
42 22 2
42 24 4
42 30 2
42 34 4
42 35 3
42 41 2
42 42 1
43 1 4
43 4 1
43 6 1
43 10 3
43 11 3
43 17 1
43 18 2
43 23 4
43 25 1
43 33 4
43 34 2
43 40 4
43 48 4
43 49 3
44 1 2
44 4 1
44 6 3
44 15 4
44 20 3
44 25 1
44 37 2
44 45 4
44 48 3
45 2 1
45 3 4
45 9 2
45 14 3
45 15 1
45 17 3
45 18 4
45 26 1
45 28 1
45 35 1
45 39 2
45 40 4
45 42 1
45 43 2
45 44 3
45 45 1
46 0 2
46 3 4
46 6 2
46 7 4
46 8 1
46 13 4
46 15 3
46 18 2
46 20 4
46 21 1
46 26 4
46 40 4
46 43 4
46 49 1
47 3 1
47 15 3
47 18 3
47 20 2
47 21 4
47 25 1
47 30 2
47 34 4
47 37 1
47 43 1
47 45 3
47 47 2
47 49 4
48 0 1
48 1 3
48 2 2
48 5 3
48 6 3
48 7 4
48 8 1
48 11 2
48 12 2
48 13 4
48 14 2
48 16 2
48 29 2
48 38 3
48 42 3
48 43 2
49 21 3
49 31 1
49 32 4
49 34 1
49 35 2
49 40 4
50 2 4
50 3 3
50 9 4
50 11 4
50 20 3
50 21 1
50 22 4
50 28 1
50 37 4
50 43 3
50 48 2
50 49 4
51 0 1
51 10 4
51 11 1
51 17 2
51 21 4
51 25 1
51 26 3
51 31 4
51 36 3
51 38 2
51 41 2
51 43 2
51 44 3
51 47 1
52 1 2
52 7 1
52 16 4
52 17 4
52 26 4
52 31 4
52 41 1
52 43 4
52 47 4
52 48 2
53 1 3
53 6 4
53 8 1
53 18 4
53 24 2
53 25 3
53 26 3
53 28 3
53 31 3
53 34 2
53 35 1
53 39 4
53 42 3
53 45 4
54 0 2
54 7 4
54 8 2
54 20 2
54 21 1
54 24 3
54 36 1
54 39 2
54 43 1
54 47 3
54 48 2
55 7 1
55 8 3
55 12 2
55 14 4
55 16 3
55 17 3
55 21 2
55 26 2
55 27 2
55 28 1
55 31 2
55 36 4
56 10 4
56 12 3
56 18 1
56 24 4
56 28 1
56 29 3
56 46 3
57 1 4
57 7 2
57 12 2
57 17 2
57 24 3
57 25 3
57 27 1
57 28 1
57 32 4
57 40 1
57 46 1
58 0 4
58 1 1
58 2 3
58 3 2
58 4 3
58 5 4
58 6 4
58 9 1
58 11 1
58 23 4
58 25 4
58 27 2
58 32 2
58 34 3
58 38 2
58 45 4
59 2 2
59 3 2
59 7 4
59 12 3
59 15 2
59 16 1
59 23 4
59 24 2
59 25 1
59 27 4
59 30 4
59 36 2
59 45 3
59 49 3
60 2 2
60 3 4
60 6 4
60 11 2
60 13 4
60 14 2
60 17 4
60 21 2
60 23 3
60 25 3
60 28 3
60 30 4
60 31 4
60 36 1
60 37 1
60 40 2
61 0 4
61 5 4
61 6 3
61 9 4
61 11 1
61 12 1
61 15 1
61 16 3
61 17 3
61 19 2
61 21 2
61 25 1
61 40 2
61 45 1
61 47 1
62 4 4
62 11 2
62 13 1
62 15 1
62 19 2
62 21 2
62 23 1
62 38 4
62 40 3
62 41 2
62 42 1
62 43 3
62 47 4
62 48 4
63 6 1
63 7 4
63 17 3
63 19 4
63 20 1
63 21 4
63 27 2
63 37 3
63 38 4
63 39 3
63 41 3
63 42 2
63 43 1
63 44 3
63 45 4
63 47 3
63 48 2
64 4 3
64 5 1
64 9 4
64 13 3
64 14 4
64 17 1
64 18 3
64 23 2
64 24 1
64 26 3
64 28 1
64 34 2
64 35 3
64 38 2
64 40 3
64 42 2
64 43 4
64 44 3
65 0 2
65 2 3
65 3 2
65 4 1
65 5 3
65 7 4
65 8 1
65 15 4
65 17 3
65 20 1
65 21 3
65 22 4
65 24 3
65 25 1
65 26 3
65 34 3
65 45 3
65 46 4
66 2 4
66 3 2
66 8 1
66 13 4
66 14 3
66 22 4
66 24 3
66 28 4
66 30 2
66 35 2
66 38 4
66 41 1
66 42 3
66 44 4
66 45 4
67 3 4
67 5 1
67 6 2
67 10 4
67 11 2
67 19 2
67 22 1
67 27 1
67 30 4
67 32 2
67 36 1
67 38 4
67 42 2
67 45 4
67 47 1
68 14 1
68 18 1
68 20 1
68 38 4
68 44 1
68 46 3
68 47 4
69 22 3
69 27 3
69 35 3
69 39 3
69 42 1
69 43 4
69 45 1
69 46 1
70 3 4
70 9 1
70 10 3
70 14 3
70 20 4
70 28 3
70 29 4
70 33 1
70 39 3
70 43 1
70 44 3
70 45 4
71 1 3
71 3 2
71 7 2
71 12 4
71 14 1
71 15 1
71 22 3
71 26 2
71 34 1
71 35 1
71 40 4
71 41 4
71 43 1
71 46 4
71 48 3
72 2 1
72 3 4
72 4 3
72 9 3
72 18 2
72 19 1
72 20 4
72 23 2
72 30 4
72 43 2
72 45 2
73 5 4
73 9 2
73 10 2
73 13 4
73 14 3
73 15 4
73 17 1
73 18 3
73 21 1
73 27 2
73 29 2
73 37 4
73 38 3
73 39 2
73 43 3
73 45 3
73 47 2
74 9 2
74 15 3
74 20 4
74 22 1
74 23 2
74 32 1
74 49 3
75 12 3
75 20 3
75 21 1
75 22 2
75 23 1
75 26 3
75 30 4
75 33 1
75 34 3
75 40 2
75 43 3
75 44 1
75 48 1
76 4 3
76 8 2
76 17 1
76 18 2
76 30 4
76 35 4
76 36 4
76 40 3
76 42 3
76 43 3
76 46 3
77 1 4
77 4 2
77 9 1
77 28 3
77 32 2
77 39 3
77 43 1
77 45 1
78 2 4
78 3 1
78 4 2
78 6 2
78 9 2
78 11 3
78 12 1
78 14 1
78 16 2
78 18 1
78 23 4
78 27 2
78 32 1
78 33 4
78 44 1
78 47 1
78 48 4
79 1 3
79 3 4
79 4 3
79 6 4
79 9 4
79 14 2
79 16 2
79 26 2
79 28 3
79 37 1
79 39 4
79 41 2
79 46 3
80 10 2
80 13 3
80 16 3
80 22 2
80 24 3
80 25 2
80 26 3
80 27 4
80 29 1
80 32 1
80 35 2
80 36 3
80 37 4
81 1 1
81 2 3
81 4 4
81 9 3
81 10 3
81 21 4
81 24 4
81 36 3
81 37 3
81 39 3
81 40 4
81 44 1
81 46 3
81 47 3
82 4 2
82 17 1
82 19 4
82 26 3
82 31 1
82 32 4
82 33 2
82 41 4
82 44 4
82 49 2
83 1 3
83 10 4
83 12 3
83 14 2
83 19 2
83 25 4
83 28 1
83 32 2
83 34 2
83 37 3
83 39 3
83 44 4
83 47 2
84 4 2
84 5 4
84 10 1
84 11 3
84 23 3
84 33 2
84 35 3
84 38 1
84 42 4
84 45 4
84 47 2
84 48 2
85 3 1
85 4 4
85 7 2
85 11 1
85 18 3
85 26 2
85 27 2
85 29 3
85 36 2
85 37 4
85 45 2
85 47 3
85 49 1
86 3 1
86 4 1
86 5 2
86 9 3
86 15 1
86 16 4
86 22 1
86 26 3
86 34 2
86 39 1
86 40 1
86 41 2
86 43 3
86 45 1
86 46 1
86 47 3
87 9 2
87 12 3
87 18 1
87 19 3
87 26 2
87 27 3
87 30 4
87 32 1
87 33 2
87 37 1
87 38 3
87 39 3
87 41 3
87 43 1
87 44 1
88 7 2
88 9 2
88 11 3
88 16 2
88 19 3
88 26 3
88 27 3
88 40 2
89 5 2
89 7 4
89 11 1
89 12 1
89 13 3
89 16 4
89 20 3
89 33 1
89 39 4
89 41 4
89 43 1
89 49 1
90 6 3
90 9 2
90 11 1
90 22 2
90 25 4
90 28 2
90 30 1
90 33 4
91 0 2
91 6 4
91 15 3
91 23 2
91 25 2
91 26 1
91 29 2
91 35 2
91 38 4
91 44 1
91 45 4
91 47 4
92 0 3
92 2 1
92 3 2
92 11 1
92 12 3
92 13 4
92 22 1
92 23 2
92 24 2
92 31 1
92 41 2
92 44 1
92 46 2
93 3 1
93 5 4
93 11 4
93 13 4
93 17 1
93 19 4
93 28 2
93 31 2
93 43 3
93 44 4
93 49 1
94 6 4
94 8 2
94 9 4
94 12 1
94 16 2
94 17 1
94 20 1
94 23 4
94 25 1
94 27 3
94 31 1
94 33 3
94 42 4
94 46 1
94 47 4
94 49 2
95 9 2
95 12 2
95 25 2
95 27 4
95 29 4
95 31 4
95 41 4
95 45 1
95 47 1
95 48 4
96 2 4
96 10 3
96 12 2
96 14 3
96 17 4
96 19 1
96 22 3
96 23 1
96 27 4
96 34 2
96 35 2
96 42 4
96 43 3
96 46 4
97 9 3
97 10 4
97 15 3
97 22 1
97 24 4
97 25 3
97 29 3
97 30 4
97 31 2
97 35 4
97 42 2
97 43 4
97 47 1
97 49 4
98 1 3
98 2 4
98 5 3
98 7 1
98 17 4
98 18 4
98 19 2
98 28 3
98 29 3
98 31 1
98 36 4
98 42 2
98 43 4
98 45 4
98 47 4
98 48 3
99 2 4
99 12 4
99 17 3
99 20 3
99 21 3
99 23 3
99 24 3
99 27 1
99 31 4
99 32 1
99 39 2
99 42 1
99 44 3
99 48 1
-1 
0 5 205
0 16 2554
0 18 706
1 4 622
2 3 728
2 16 1083
3 0 1786
3 12 547
4 11 2034
4 14 2161
4 17 308
4 19 2877
5 4 2
6 7 753
6 8 2033
6 9 2984
6 13 1669
6 14 3567
6 15 1529
7 4 2428
7 11 2086
7 18 1745
7 19 2456
8 2 556
8 5 3165
8 8 671
8 13 1561
9 3 1314
10 3 1298
10 7 3535
10 14 2817
10 18 2
10 19 1221
11 12 1187
11 16 1098
12 12 2776
12 14 577
12 17 582
13 0 351
13 9 1841
13 12 2292
13 13 2327
14 9 2290
14 17 2913
15 1 439
15 12 1120
16 16 3490
16 18 2507
17 6 1637
17 8 1791
17 19 2930
18 6 362
18 12 587
18 13 3096
18 16 2769
18 18 2979
18 19 3143
19 0 1673
19 19 2467
20 3 3177
20 12 2821
20 16 3448
20 17 461
21 7 3476
21 11 1704
21 13 2666
21 17 3509
21 18 3049
22 4 772
22 5 2628
22 12 1921
23 8 2300
23 18 69
24 1 3455
24 4 807
24 8 2787
24 19 630
25 3 1701
25 6 2328
25 18 2078
26 11 1014
27 2 2383
28 4 432
28 17 3247
28 18 2116
29 11 999
30 0 2008
30 9 210
31 5 629
31 7 959
31 9 2171
31 15 3323
32 4 2222
32 15 2342
33 0 2103
34 4 1293
34 10 2515
34 16 588
35 0 3237
35 4 3023
35 5 318
35 12 3133
35 14 1832
36 4 876
36 8 25
36 15 103
36 18 1482
36 19 1318
37 2 193
37 5 1130
37 10 3456
37 17 986
38 4 1963
38 9 2471
38 17 1119
38 18 3482
39 2 2863
39 6 3591
39 11 224
39 16 2890
39 19 1902
40 2 1629
40 3 3289
40 7 1077
41 12 1725
41 13 453
41 18 2661
42 10 1557
42 11 1450
42 17 116
43 8 2466
43 11 1717
43 12 2528
43 14 1746
43 18 2340
43 19 1766
44 14 2832
44 19 2125
45 0 2367
45 10 457
45 12 785
45 19 541
46 3 2916
46 16 2263
47 3 193
47 11 1559
48 0 1970
48 4 1240
48 19 1255
49 5 3061
-1 
0 395
1 236
2 107
3 108
4 6
5 5
6 311
7 79
8 279
9 190
10 378
11 39
12 240
13 74
14 498
15 332
16 17
17 220
18 312
19 385
20 131
21 288
22 349
23 101
24 205
25 111
26 271
27 81
28 439
29 359
30 203
31 215
32 190
33 394
34 221
35 482
36 161
37 328
38 381
39 247
40 118
41 466
42 383
43 247
44 5
45 181
46 16
47 174
48 122
49 47
50 7
51 271
52 343
53 423
54 42
55 343
56 78
57 41
58 331
59 444
60 264
61 83
62 22
63 372
64 53
65 105
66 34
67 45
68 60
69 484
70 177
71 40
72 438
73 374
74 429
75 43
76 495
77 213
78 398
79 235
80 21
81 217
82 153
83 417
84 76
85 324
86 20
87 437
88 304
89 10
90 336
91 407
92 272
93 313
94 48
95 414
96 65
97 101
98 345
99 184
-1 
0 490
1 871
2 791
3 486
4 485
5 236
6 129
7 529
8 914
9 340
10 938
11 552
12 89
13 560
14 672
15 828
16 137
17 393
18 880
19 667
20 136
21 860
22 973
23 710
24 698
25 87
26 776
27 756
28 867
29 433
30 475
31 783
32 253
33 991
34 626
35 231
36 874
37 287
38 379
39 70
40 650
41 236
42 37
43 443
44 873
45 745
46 382
47 469
48 357
49 660
50 876
51 386
52 264
53 832
54 38
55 609
56 237
57 284
58 25
59 783
60 17
61 373
62 992
63 346
64 713
65 417
66 186
67 478
68 986
69 683
70 75
71 347
72 930
73 191
74 699
75 404
76 781
77 368
78 840
79 294
80 481
81 769
82 882
83 274
84 254
85 816
86 891
87 713
88 39
89 211
90 482
91 268
92 947
93 826
94 915
95 60
96 762
97 384
98 594
99 509
-1 
0 86400
1 86400
2 86400
3 86400
4 86400
5 86400
6 86400
7 86400
8 86400
9 86400
10 86400
11 86400
12 86400
13 86400
14 86400
15 86400
16 86400
17 86400
18 86400
19 86400
-1 
