100
100
50
20
0 1 1 4
0 1 9 2
0 1 15 3
0 6 11 20
0 6 13 19
0 6 14 19
0 8 0 6
0 8 14 15
0 8 15 6
0 17 9 11
0 17 13 14
0 17 16 13
0 17 19 13
0 35 10 20
0 35 13 2
0 35 15 13
0 35 17 6
0 35 19 14
0 39 5 18
0 39 6 13
0 39 9 9
1 4 6 19
1 4 8 5
1 4 15 2
1 8 0 11
1 8 14 12
1 8 15 6
1 24 0 14
1 24 15 8
1 31 5 10
1 31 11 17
1 43 0 1
1 43 9 8
1 43 10 4
2 2 3 11
2 5 0 1
2 5 3 1
2 5 7 2
2 27 7 10
2 37 5 6
2 37 12 13
2 38 7 13
2 38 16 14
2 40 2 15
2 40 4 20
2 40 10 7
2 40 19 4
2 41 1 3
2 41 7 14
2 41 9 8
2 41 11 20
2 42 1 15
2 42 3 1
2 42 12 11
3 4 6 1
3 4 8 13
3 4 15 12
3 5 0 2
3 5 3 13
3 5 7 3
3 15 12 17
3 15 13 12
3 15 16 12
3 15 18 10
3 23 6 20
3 23 18 13
3 26 4 1
3 26 9 17
3 26 13 17
3 26 16 9
3 26 19 8
3 28 3 11
3 28 14 12
3 30 14 9
3 30 17 15
3 31 5 6
3 31 11 11
3 36 7 13
3 36 8 19
3 36 12 14
3 36 13 17
3 36 19 7
3 37 5 12
3 37 12 2
3 46 8 6
3 46 14 7
3 49 5 13
3 49 6 9
3 49 11 11
4 5 0 5
4 5 3 15
4 5 7 17
4 7 0 13
4 7 9 4
4 7 15 11
4 10 6 1
4 14 4 2
4 17 9 3
4 17 13 13
4 17 16 12
4 17 19 6
4 24 0 17
4 24 15 11
4 26 4 16
4 26 9 14
4 26 13 18
4 26 16 19
4 26 19 3
4 28 3 1
4 28 14 19
4 30 14 9
4 30 17 8
4 43 0 9
4 43 9 6
4 43 10 3
4 47 1 15
4 47 2 14
4 47 6 20
5 13 8 10
5 13 16 15
5 17 9 13
5 17 13 2
5 17 16 16
5 17 19 10
5 26 4 6
5 26 9 13
5 26 13 17
5 26 16 1
5 26 19 12
5 27 7 3
5 28 3 19
5 28 14 4
6 1 1 13
6 1 9 20
6 1 15 10
6 3 4 13
6 7 0 17
6 7 9 13
6 7 15 20
6 10 6 7
6 17 9 6
6 17 13 2
6 17 16 18
6 17 19 11
6 23 6 10
6 23 18 6
6 34 9 18
6 34 12 17
6 35 10 3
6 35 13 2
6 35 15 1
6 35 17 15
6 35 19 8
6 45 4 5
6 45 9 4
6 45 17 9
7 1 1 19
7 1 9 18
7 1 15 13
7 3 4 5
7 12 16 4
7 21 0 1
7 21 2 3
7 21 5 11
7 21 16 5
7 21 18 10
7 30 14 13
7 30 17 12
7 33 0 13
7 33 5 10
7 33 7 20
7 33 9 2
7 33 11 20
7 33 14 4
7 42 1 9
7 42 3 2
7 42 12 5
7 45 4 15
7 45 9 12
7 45 17 11
8 1 1 14
8 1 9 17
8 1 15 15
8 12 16 4
8 16 0 19
8 16 3 11
8 16 4 3
8 16 6 8
8 16 17 10
8 26 4 16
8 26 9 20
8 26 13 13
8 26 16 9
8 26 19 5
8 28 3 19
8 28 14 7
8 31 5 10
8 31 11 6
8 37 5 5
8 37 12 18
8 39 5 2
8 39 6 13
8 39 9 12
9 7 0 2
9 7 9 5
9 7 15 15
9 8 0 2
9 8 14 8
9 8 15 5
9 23 6 20
9 23 18 3
9 43 0 5
9 43 9 10
9 43 10 3
10 7 0 18
10 7 9 4
10 7 15 8
10 8 0 13
10 8 14 3
10 8 15 8
10 9 0 3
10 9 10 13
10 9 15 12
10 9 17 16
10 14 4 4
10 15 12 12
10 15 13 9
10 15 16 5
10 15 18 3
10 23 6 13
10 23 18 10
10 27 7 7
10 33 0 2
10 33 5 3
10 33 7 4
10 33 9 7
10 33 11 19
10 33 14 5
10 36 7 19
10 36 8 5
10 36 12 13
10 36 13 7
10 36 19 4
10 37 5 5
10 37 12 6
10 41 1 3
10 41 7 15
10 41 9 15
10 41 11 13
10 47 1 15
10 47 2 7
10 47 6 8
10 48 0 10
10 48 12 13
11 0 10 18
11 0 11 14
11 0 13 15
11 1 1 3
11 1 9 11
11 1 15 8
11 12 16 12
11 15 12 5
11 15 13 11
11 15 16 13
11 15 18 1
11 17 9 5
11 17 13 13
11 17 16 18
11 17 19 17
11 19 19 14
11 28 3 19
11 28 14 12
11 33 0 3
11 33 5 20
11 33 7 7
11 33 9 9
11 33 11 16
11 33 14 8
11 45 4 3
11 45 9 18
11 45 17 7
11 46 8 15
11 46 14 7
12 3 4 14
12 5 0 12
12 5 3 2
12 5 7 2
12 17 9 4
12 17 13 4
12 17 16 8
12 17 19 12
12 19 19 14
12 20 1 20
12 20 9 19
12 20 13 10
12 25 8 18
12 29 10 17
12 29 19 20
12 31 5 13
12 31 11 8
12 32 4 5
12 32 17 8
12 35 10 17
12 35 13 19
12 35 15 17
12 35 17 16
12 35 19 9
12 45 4 17
12 45 9 5
12 45 17 6
12 48 0 11
12 48 12 5
13 18 4 4
13 18 16 15
13 20 1 4
13 20 9 3
13 20 13 19
13 23 6 6
13 23 18 6
13 24 0 19
13 24 15 3
13 34 9 13
13 34 12 15
13 38 7 13
13 38 16 4
13 39 5 13
13 39 6 12
13 39 9 5
13 43 0 2
13 43 9 15
13 43 10 19
13 47 1 17
13 47 2 6
13 47 6 19
14 7 0 9
14 7 9 19
14 7 15 13
14 19 19 6
14 25 8 5
14 39 5 12
14 39 6 9
14 39 9 12
14 42 1 3
14 42 3 19
14 42 12 16
14 45 4 19
14 45 9 14
14 45 17 10
14 46 8 17
14 46 14 5
15 3 4 1
15 13 8 20
15 13 16 8
15 27 7 10
15 39 5 6
15 39 6 5
15 39 9 14
15 44 4 3
15 44 7 4
15 44 8 4
15 44 17 8
15 44 18 4
15 45 4 8
15 45 9 15
15 45 17 7
15 48 0 11
15 48 12 13
16 0 10 19
16 0 11 18
16 0 13 9
16 7 0 7
16 7 9 6
16 7 15 15
16 14 4 17
16 16 0 17
16 16 3 9
16 16 4 16
16 16 6 19
16 16 17 15
16 17 9 6
16 17 13 10
16 17 16 5
16 17 19 8
16 24 0 17
16 24 15 14
16 35 10 14
16 35 13 19
16 35 15 13
16 35 17 2
16 35 19 15
16 41 1 15
16 41 7 1
16 41 9 1
16 41 11 2
16 49 5 8
16 49 6 15
16 49 11 18
17 3 4 5
17 11 3 5
17 11 11 13
17 13 8 5
17 13 16 11
17 16 0 9
17 16 3 12
17 16 4 15
17 16 6 6
17 16 17 6
17 19 19 2
17 24 0 17
17 24 15 3
17 25 8 2
17 27 7 20
17 36 7 4
17 36 8 12
17 36 12 13
17 36 13 13
17 36 19 12
17 46 8 11
17 46 14 12
18 1 1 1
18 1 9 7
18 1 15 7
18 4 6 16
18 4 8 4
18 4 15 7
18 12 16 9
18 20 1 1
18 20 9 13
18 20 13 15
18 21 0 12
18 21 2 20
18 21 5 8
18 21 16 16
18 21 18 13
18 22 0 9
18 22 19 3
18 42 1 1
18 42 3 19
18 42 12 19
18 45 4 6
18 45 9 15
18 45 17 3
19 6 11 6
19 6 13 10
19 6 14 20
19 8 0 18
19 8 14 19
19 8 15 20
19 17 9 8
19 17 13 6
19 17 16 4
19 17 19 19
19 21 0 5
19 21 2 12
19 21 5 20
19 21 16 17
19 21 18 14
19 30 14 9
19 30 17 13
19 38 7 13
19 38 16 2
19 39 5 15
19 39 6 8
19 39 9 1
19 41 1 20
19 41 7 18
19 41 9 13
19 41 11 16
19 43 0 19
19 43 9 8
19 43 10 6
20 18 4 1
20 18 16 2
20 19 19 9
20 20 1 12
20 20 9 2
20 20 13 1
20 22 0 1
20 22 19 18
20 31 5 12
20 31 11 14
20 40 2 15
20 40 4 5
20 40 10 7
20 40 19 6
21 1 1 13
21 1 9 10
21 1 15 7
21 3 4 14
21 15 12 10
21 15 13 9
21 15 16 1
21 15 18 2
21 22 0 7
21 22 19 4
21 30 14 11
21 30 17 16
21 37 5 4
21 37 12 17
21 39 5 18
21 39 6 1
21 39 9 10
21 42 1 16
21 42 3 11
21 42 12 17
21 45 4 9
21 45 9 9
21 45 17 3
21 47 1 5
21 47 2 10
21 47 6 6
21 48 0 13
21 48 12 19
22 4 6 12
22 4 8 20
22 4 15 18
22 16 0 8
22 16 3 10
22 16 4 8
22 16 6 10
22 16 17 8
22 27 7 4
22 31 5 15
22 31 11 5
22 39 5 5
22 39 6 6
22 39 9 15
22 43 0 5
22 43 9 5
22 43 10 18
23 2 3 16
23 16 0 14
23 16 3 20
23 16 4 10
23 16 6 10
23 16 17 8
23 17 9 3
23 17 13 15
23 17 16 3
23 17 19 17
23 22 0 11
23 22 19 15
23 34 9 18
23 34 12 19
23 35 10 8
23 35 13 1
23 35 15 5
23 35 17 16
23 35 19 4
23 38 7 20
23 38 16 11
23 46 8 12
23 46 14 20
23 47 1 19
23 47 2 4
23 47 6 11
23 48 0 16
23 48 12 7
24 7 0 6
24 7 9 5
24 7 15 9
24 13 8 5
24 13 16 17
24 14 4 16
24 26 4 6
24 26 9 1
24 26 13 3
24 26 16 2
24 26 19 7
24 34 9 5
24 34 12 20
24 40 2 1
24 40 4 6
24 40 10 18
24 40 19 8
24 42 1 12
24 42 3 14
24 42 12 6
24 49 5 12
24 49 6 10
24 49 11 5
25 1 1 11
25 1 9 7
25 1 15 16
25 8 0 4
25 8 14 14
25 8 15 6
25 10 6 5
25 38 7 20
25 38 16 17
25 40 2 14
25 40 4 13
25 40 10 6
25 40 19 10
25 48 0 14
25 48 12 14
25 49 5 1
25 49 6 11
25 49 11 8
26 2 3 20
26 20 1 15
26 20 9 15
26 20 13 10
26 26 4 2
26 26 9 14
26 26 13 7
26 26 16 18
26 26 19 6
26 28 3 5
26 28 14 11
26 47 1 4
26 47 2 20
26 47 6 11
27 14 4 15
27 16 0 19
27 16 3 14
27 16 4 18
27 16 6 1
27 16 17 3
27 19 19 9
27 37 5 14
27 37 12 9
27 46 8 6
27 46 14 1
27 48 0 8
27 48 12 9
27 49 5 12
27 49 6 14
27 49 11 18
28 6 11 3
28 6 13 11
28 6 14 20
28 22 0 20
28 22 19 19
28 35 10 18
28 35 13 15
28 35 15 11
28 35 17 11
28 35 19 2
28 37 5 11
28 37 12 5
28 38 7 15
28 38 16 6
28 41 1 19
28 41 7 14
28 41 9 17
28 41 11 10
29 0 10 18
29 0 11 12
29 0 13 4
29 1 1 9
29 1 9 8
29 1 15 17
29 13 8 13
29 13 16 20
29 16 0 20
29 16 3 1
29 16 4 8
29 16 6 4
29 16 17 6
29 25 8 12
29 26 4 15
29 26 9 3
29 26 13 6
29 26 16 12
29 26 19 11
29 33 0 14
29 33 5 1
29 33 7 2
29 33 9 11
29 33 11 17
29 33 14 18
29 34 9 5
29 34 12 3
29 44 4 2
29 44 7 4
29 44 8 1
29 44 17 4
29 44 18 16
29 45 4 8
29 45 9 4
29 45 17 2
30 0 10 7
30 0 11 20
30 0 13 2
30 1 1 8
30 1 9 20
30 1 15 13
30 7 0 6
30 7 9 14
30 7 15 11
30 16 0 13
30 16 3 10
30 16 4 3
30 16 6 12
30 16 17 2
30 20 1 17
30 20 9 17
30 20 13 7
30 21 0 1
30 21 2 6
30 21 5 11
30 21 16 4
30 21 18 12
30 38 7 5
30 38 16 14
31 4 6 19
31 4 8 10
31 4 15 9
31 7 0 1
31 7 9 19
31 7 15 12
31 9 0 18
31 9 10 3
31 9 15 12
31 9 17 13
31 14 4 13
31 18 4 19
31 18 16 13
31 21 0 5
31 21 2 1
31 21 5 14
31 21 16 8
31 21 18 14
31 26 4 7
31 26 9 2
31 26 13 10
31 26 16 19
31 26 19 1
31 27 7 9
31 28 3 19
31 28 14 17
31 40 2 14
31 40 4 18
31 40 10 15
31 40 19 10
31 44 4 15
31 44 7 16
31 44 8 20
31 44 17 16
31 44 18 8
31 48 0 14
31 48 12 7
32 3 4 4
32 12 16 8
32 18 4 4
32 18 16 12
32 40 2 10
32 40 4 1
32 40 10 12
32 40 19 20
33 0 10 5
33 0 11 17
33 0 13 13
33 15 12 19
33 15 13 18
33 15 16 11
33 15 18 16
33 17 9 8
33 17 13 10
33 17 16 4
33 17 19 2
33 18 4 5
33 18 16 5
33 21 0 3
33 21 2 16
33 21 5 19
33 21 16 11
33 21 18 8
33 29 10 4
33 29 19 11
34 5 0 12
34 5 3 4
34 5 7 2
34 6 11 14
34 6 13 20
34 6 14 8
34 9 0 19
34 9 10 15
34 9 15 9
34 9 17 3
34 12 16 2
34 31 5 17
34 31 11 14
34 44 4 11
34 44 7 7
34 44 8 16
34 44 17 7
34 44 18 10
34 45 4 2
34 45 9 7
34 45 17 10
34 49 5 10
34 49 6 8
34 49 11 6
35 0 10 16
35 0 11 16
35 0 13 9
35 7 0 16
35 7 9 9
35 7 15 10
35 8 0 4
35 8 14 15
35 8 15 14
35 15 12 1
35 15 13 18
35 15 16 13
35 15 18 15
35 19 19 20
35 32 4 20
35 32 17 16
35 33 0 3
35 33 5 10
35 33 7 2
35 33 9 8
35 33 11 11
35 33 14 4
35 42 1 7
35 42 3 19
35 42 12 1
35 47 1 14
35 47 2 20
35 47 6 9
35 48 0 2
35 48 12 12
36 5 0 12
36 5 3 6
36 5 7 4
36 20 1 12
36 20 9 8
36 20 13 4
36 28 3 7
36 28 14 4
36 35 10 2
36 35 13 1
36 35 15 18
36 35 17 12
36 35 19 13
36 44 4 18
36 44 7 10
36 44 8 3
36 44 17 9
36 44 18 18
37 11 3 18
37 11 11 20
37 14 4 7
37 35 10 3
37 35 13 14
37 35 15 11
37 35 17 12
37 35 19 18
37 37 5 15
37 37 12 17
37 42 1 1
37 42 3 16
37 42 12 16
37 45 4 12
37 45 9 2
37 45 17 1
38 0 10 17
38 0 11 2
38 0 13 2
38 3 4 15
38 7 0 13
38 7 9 5
38 7 15 18
38 8 0 3
38 8 14 11
38 8 15 10
38 18 4 4
38 18 16 13
38 23 6 14
38 23 18 12
38 25 8 8
38 31 5 6
38 31 11 10
38 46 8 15
38 46 14 3
38 48 0 20
38 48 12 15
39 5 0 8
39 5 3 12
39 5 7 5
39 6 11 15
39 6 13 12
39 6 14 15
39 12 16 19
39 14 4 18
39 15 12 9
39 15 13 20
39 15 16 19
39 15 18 1
39 20 1 16
39 20 9 5
39 20 13 1
39 21 0 15
39 21 2 14
39 21 5 18
39 21 16 5
39 21 18 8
39 24 0 7
39 24 15 14
39 25 8 5
39 34 9 6
39 34 12 11
39 40 2 7
39 40 4 14
39 40 10 16
39 40 19 16
39 47 1 12
39 47 2 16
39 47 6 1
40 2 3 1
40 10 6 16
40 26 4 6
40 26 9 14
40 26 13 1
40 26 16 16
40 26 19 16
40 35 10 20
40 35 13 18
40 35 15 18
40 35 17 14
40 35 19 20
40 40 2 15
40 40 4 8
40 40 10 2
40 40 19 11
40 49 5 9
40 49 6 13
40 49 11 16
41 18 4 11
41 18 16 10
41 24 0 5
41 24 15 5
41 26 4 19
41 26 9 2
41 26 13 2
41 26 16 5
41 26 19 1
41 27 7 15
41 28 3 1
41 28 14 11
41 38 7 20
41 38 16 9
41 45 4 8
41 45 9 15
41 45 17 20
41 48 0 18
41 48 12 14
42 1 1 11
42 1 9 12
42 1 15 16
42 2 3 15
42 19 19 15
42 23 6 7
42 23 18 14
42 25 8 10
42 26 4 20
42 26 9 16
42 26 13 11
42 26 16 20
42 26 19 19
42 44 4 5
42 44 7 10
42 44 8 19
42 44 17 3
42 44 18 17
42 47 1 14
42 47 2 19
42 47 6 10
43 0 10 20
43 0 11 12
43 0 13 10
43 1 1 10
43 1 9 4
43 1 15 16
43 14 4 8
43 31 5 11
43 31 11 14
43 41 1 16
43 41 7 11
43 41 9 4
43 41 11 13
43 42 1 6
43 42 3 17
43 42 12 3
43 48 0 5
43 48 12 9
44 0 10 1
44 0 11 18
44 0 13 8
44 6 11 6
44 6 13 12
44 6 14 7
44 13 8 4
44 13 16 20
44 29 10 5
44 29 19 12
44 33 0 19
44 33 5 1
44 33 7 10
44 33 9 4
44 33 11 10
44 33 14 6
44 37 5 17
44 37 12 20
44 48 0 17
44 48 12 1
45 5 0 2
45 5 3 7
45 5 7 2
45 8 0 6
45 8 14 19
45 8 15 8
45 11 3 7
45 11 11 19
45 13 8 18
45 13 16 17
45 23 6 2
45 23 18 20
45 26 4 3
45 26 9 8
45 26 13 2
45 26 16 1
45 26 19 20
45 28 3 12
45 28 14 16
45 30 14 15
45 30 17 19
45 37 5 7
45 37 12 17
45 42 1 17
45 42 3 16
45 42 12 3
45 44 4 16
45 44 7 4
45 44 8 18
45 44 17 12
45 44 18 1
45 47 1 9
45 47 2 4
45 47 6 14
46 15 12 11
46 15 13 15
46 15 16 12
46 15 18 10
46 16 0 9
46 16 3 6
46 16 4 3
46 16 6 9
46 16 17 20
46 35 10 1
46 35 13 2
46 35 15 2
46 35 17 12
46 35 19 7
46 39 5 15
46 39 6 10
46 39 9 7
46 47 1 3
46 47 2 17
46 47 6 16
46 48 0 6
46 48 12 8
47 0 10 14
47 0 11 2
47 0 13 15
47 2 3 9
47 3 4 2
47 7 0 7
47 7 9 10
47 7 15 2
47 17 9 2
47 17 13 1
47 17 16 4
47 17 19 16
47 24 0 8
47 24 15 17
47 27 7 7
47 37 5 2
47 37 12 11
47 38 7 16
47 38 16 1
47 39 5 17
47 39 6 12
47 39 9 16
48 14 4 17
48 38 7 14
48 38 16 5
49 17 9 20
49 17 13 8
49 17 16 14
49 17 19 5
49 19 19 13
49 35 10 13
49 35 13 15
49 35 15 6
49 35 17 4
49 35 19 1
49 42 1 12
49 42 3 11
49 42 12 14
49 47 1 6
49 47 2 19
49 47 6 5
50 1 1 1
50 1 9 17
50 1 15 3
50 4 6 19
50 4 8 1
50 4 15 20
50 8 0 2
50 8 14 10
50 8 15 14
50 15 12 20
50 15 13 18
50 15 16 12
50 15 18 3
50 17 9 18
50 17 13 13
50 17 16 4
50 17 19 10
50 19 19 18
50 23 6 11
50 23 18 19
50 27 7 6
50 28 3 4
50 28 14 19
50 30 14 5
50 30 17 20
50 33 0 4
50 33 5 3
50 33 7 7
50 33 9 17
50 33 11 17
50 33 14 1
50 41 1 11
50 41 7 2
50 41 9 16
50 41 11 3
50 48 0 2
50 48 12 16
51 0 10 17
51 0 11 9
51 0 13 4
51 2 3 1
51 9 0 6
51 9 10 2
51 9 15 8
51 9 17 2
51 10 6 8
51 16 0 15
51 16 3 6
51 16 4 5
51 16 6 5
51 16 17 16
51 29 10 18
51 29 19 20
52 1 1 3
52 1 9 5
52 1 15 10
52 3 4 17
52 12 16 11
52 22 0 13
52 22 19 8
52 23 6 4
52 23 18 7
52 27 7 19
52 38 7 4
52 38 16 7
52 44 4 18
52 44 7 17
52 44 8 3
52 44 17 13
52 44 18 11
53 1 1 10
53 1 9 13
53 1 15 2
53 5 0 4
53 5 3 20
53 5 7 6
53 11 3 17
53 11 11 4
53 12 16 15
53 23 6 18
53 23 18 6
53 29 10 2
53 29 19 11
53 37 5 11
53 37 12 12
54 8 0 2
54 8 14 19
54 8 15 11
54 13 8 5
54 13 16 8
54 14 4 11
54 27 7 18
54 41 1 8
54 41 7 12
54 41 9 19
54 41 11 11
55 18 4 17
55 18 16 19
55 35 10 5
55 35 13 2
55 35 15 9
55 35 17 17
55 35 19 20
56 1 1 10
56 1 9 4
56 1 15 13
56 8 0 19
56 8 14 19
56 8 15 1
56 24 0 3
56 24 15 2
56 29 10 3
56 29 19 9
56 31 5 9
56 31 11 12
56 36 7 18
56 36 8 20
56 36 12 3
56 36 13 8
56 36 19 18
56 40 2 20
56 40 4 19
56 40 10 14
56 40 19 12
56 45 4 13
56 45 9 15
56 45 17 14
56 47 1 14
56 47 2 11
56 47 6 2
57 5 0 5
57 5 3 4
57 5 7 14
57 9 0 12
57 9 10 18
57 9 15 15
57 9 17 11
57 17 9 2
57 17 13 9
57 17 16 18
57 17 19 15
57 35 10 14
57 35 13 14
57 35 15 5
57 35 17 6
57 35 19 16
57 40 2 15
57 40 4 16
57 40 10 7
57 40 19 14
57 43 0 17
57 43 9 8
57 43 10 1
57 49 5 14
57 49 6 16
57 49 11 14
58 1 1 18
58 1 9 18
58 1 15 6
58 2 3 9
58 9 0 16
58 9 10 14
58 9 15 19
58 9 17 14
58 22 0 12
58 22 19 11
58 25 8 8
58 31 5 19
58 31 11 12
58 33 0 7
58 33 5 1
58 33 7 6
58 33 9 6
58 33 11 15
58 33 14 20
58 42 1 20
58 42 3 5
58 42 12 2
59 9 0 19
59 9 10 8
59 9 15 8
59 9 17 18
59 23 6 15
59 23 18 12
59 26 4 1
59 26 9 13
59 26 13 2
59 26 16 16
59 26 19 2
59 36 7 14
59 36 8 18
59 36 12 6
59 36 13 11
59 36 19 12
60 4 6 4
60 4 8 8
60 4 15 18
60 10 6 3
60 12 16 7
60 18 4 19
60 18 16 17
60 27 7 18
60 29 10 19
60 29 19 15
60 32 4 20
60 32 17 5
60 36 7 15
60 36 8 19
60 36 12 2
60 36 13 1
60 36 19 9
60 37 5 6
60 37 12 20
60 38 7 17
60 38 16 18
60 43 0 16
60 43 9 9
60 43 10 14
61 4 6 16
61 4 8 19
61 4 15 20
61 26 4 6
61 26 9 9
61 26 13 11
61 26 16 11
61 26 19 11
61 32 4 1
61 32 17 14
61 37 5 14
61 37 12 13
61 42 1 10
61 42 3 2
61 42 12 18
61 44 4 10
61 44 7 3
61 44 8 4
61 44 17 15
61 44 18 16
61 49 5 16
61 49 6 17
61 49 11 18
62 13 8 9
62 13 16 7
62 17 9 8
62 17 13 14
62 17 16 13
62 17 19 18
62 25 8 18
62 32 4 15
62 32 17 12
62 33 0 6
62 33 5 15
62 33 7 12
62 33 9 9
62 33 11 7
62 33 14 5
62 36 7 2
62 36 8 16
62 36 12 2
62 36 13 10
62 36 19 14
63 18 4 8
63 18 16 18
63 24 0 14
63 24 15 13
63 26 4 8
63 26 9 1
63 26 13 6
63 26 16 3
63 26 19 13
63 38 7 18
63 38 16 15
63 39 5 11
63 39 6 5
63 39 9 1
63 41 1 14
63 41 7 6
63 41 9 13
63 41 11 1
63 46 8 20
63 46 14 4
64 2 3 10
64 5 0 4
64 5 3 2
64 5 7 15
64 8 0 16
64 8 14 12
64 8 15 20
64 15 12 3
64 15 13 14
64 15 16 17
64 15 18 19
64 22 0 20
64 22 19 7
64 29 10 20
64 29 19 13
64 31 5 3
64 31 11 3
64 32 4 18
64 32 17 4
65 3 4 7
65 7 0 16
65 7 9 16
65 7 15 2
65 18 4 9
65 18 16 3
65 27 7 13
65 37 5 8
65 37 12 17
65 45 4 17
65 45 9 16
65 45 17 9
65 48 0 2
65 48 12 12
66 24 0 4
66 24 15 1
66 39 5 3
66 39 6 17
66 39 9 9
66 45 4 17
66 45 9 15
66 45 17 16
67 11 3 5
67 11 11 17
67 16 0 20
67 16 3 18
67 16 4 10
67 16 6 2
67 16 17 2
67 20 1 6
67 20 9 14
67 20 13 20
67 28 3 6
67 28 14 2
67 31 5 20
67 31 11 16
67 33 0 14
67 33 5 6
67 33 7 16
67 33 9 20
67 33 11 11
67 33 14 7
67 46 8 2
67 46 14 17
67 47 1 12
67 47 2 7
67 47 6 10
67 49 5 16
67 49 6 14
67 49 11 2
68 5 0 13
68 5 3 3
68 5 7 12
68 11 3 7
68 11 11 7
68 13 8 5
68 13 16 1
68 19 19 7
68 23 6 7
68 23 18 11
68 34 9 19
68 34 12 4
68 37 5 8
68 37 12 3
68 38 7 6
68 38 16 18
69 2 3 8
69 18 4 13
69 18 16 10
69 30 14 2
69 30 17 6
69 41 1 19
69 41 7 17
69 41 9 5
69 41 11 17
69 42 1 8
69 42 3 6
69 42 12 5
69 49 5 6
69 49 6 9
69 49 11 3
70 31 5 2
70 31 11 15
70 43 0 5
70 43 9 14
70 43 10 17
70 45 4 14
70 45 9 19
70 45 17 13
71 22 0 19
71 22 19 15
71 27 7 13
71 30 14 5
71 30 17 20
71 32 4 19
71 32 17 19
71 35 10 9
71 35 13 5
71 35 15 15
71 35 17 6
71 35 19 19
71 41 1 6
71 41 7 4
71 41 9 14
71 41 11 1
72 10 6 9
72 15 12 6
72 15 13 14
72 15 16 10
72 15 18 2
72 17 9 10
72 17 13 12
72 17 16 15
72 17 19 1
72 19 19 16
72 40 2 10
72 40 4 6
72 40 10 18
72 40 19 1
72 41 1 6
72 41 7 17
72 41 9 14
72 41 11 8
72 45 4 15
72 45 9 19
72 45 17 17
72 48 0 15
72 48 12 16
72 49 5 10
72 49 6 11
72 49 11 6
73 22 0 14
73 22 19 5
73 23 6 12
73 23 18 14
73 26 4 1
73 26 9 4
73 26 13 1
73 26 16 2
73 26 19 16
73 27 7 17
73 30 14 14
73 30 17 19
73 32 4 16
73 32 17 2
74 0 10 10
74 0 11 6
74 0 13 18
74 3 4 14
74 24 0 17
74 24 15 16
74 25 8 1
74 26 4 10
74 26 9 13
74 26 13 9
74 26 16 10
74 26 19 14
74 39 5 20
74 39 6 9
74 39 9 5
74 43 0 17
74 43 9 9
74 43 10 3
74 45 4 4
74 45 9 10
74 45 17 17
74 49 5 18
74 49 6 15
74 49 11 17
75 7 0 15
75 7 9 6
75 7 15 7
75 8 0 6
75 8 14 12
75 8 15 8
75 11 3 18
75 11 11 19
75 23 6 11
75 23 18 10
75 24 0 12
75 24 15 9
75 32 4 9
75 32 17 6
75 33 0 7
75 33 5 11
75 33 7 8
75 33 9 12
75 33 11 17
75 33 14 5
75 36 7 17
75 36 8 16
75 36 12 15
75 36 13 10
75 36 19 9
75 37 5 12
75 37 12 1
75 38 7 5
75 38 16 11
76 9 0 13
76 9 10 11
76 9 15 16
76 9 17 16
76 11 3 1
76 11 11 17
76 12 16 14
76 29 10 2
76 29 19 16
76 41 1 17
76 41 7 5
76 41 9 14
76 41 11 5
76 49 5 4
76 49 6 4
76 49 11 11
77 6 11 18
77 6 13 3
77 6 14 20
77 15 12 5
77 15 13 11
77 15 16 8
77 15 18 18
77 16 0 20
77 16 3 10
77 16 4 5
77 16 6 5
77 16 17 15
77 22 0 7
77 22 19 8
77 31 5 11
77 31 11 16
77 38 7 9
77 38 16 14
77 40 2 15
77 40 4 15
77 40 10 19
77 40 19 6
77 45 4 12
77 45 9 17
77 45 17 15
78 2 3 20
78 3 4 8
78 16 0 13
78 16 3 7
78 16 4 3
78 16 6 17
78 16 17 4
78 17 9 5
78 17 13 18
78 17 16 4
78 17 19 14
78 19 19 5
78 25 8 8
78 35 10 19
78 35 13 19
78 35 15 6
78 35 17 8
78 35 19 6
78 38 7 19
78 38 16 3
79 3 4 16
79 8 0 12
79 8 14 16
79 8 15 19
79 10 6 3
79 12 16 6
79 15 12 9
79 15 13 5
79 15 16 4
79 15 18 16
79 18 4 14
79 18 16 16
79 24 0 18
79 24 15 16
79 26 4 14
79 26 9 1
79 26 13 14
79 26 16 11
79 26 19 14
79 33 0 13
79 33 5 15
79 33 7 19
79 33 9 16
79 33 11 9
79 33 14 8
79 47 1 20
79 47 2 7
79 47 6 5
80 7 0 2
80 7 9 9
80 7 15 12
80 32 4 4
80 32 17 11
80 35 10 11
80 35 13 3
80 35 15 6
80 35 17 13
80 35 19 3
80 38 7 5
80 38 16 7
80 41 1 9
80 41 7 8
80 41 9 12
80 41 11 10
80 42 1 9
80 42 3 18
80 42 12 16
80 43 0 20
80 43 9 18
80 43 10 20
80 48 0 4
80 48 12 1
80 49 5 3
80 49 6 9
80 49 11 11
81 5 0 7
81 5 3 6
81 5 7 14
81 15 12 10
81 15 13 15
81 15 16 5
81 15 18 8
81 20 1 18
81 20 9 13
81 20 13 6
81 22 0 4
81 22 19 13
81 23 6 14
81 23 18 12
81 38 7 11
81 38 16 8
81 47 1 1
81 47 2 11
81 47 6 17
81 49 5 15
81 49 6 7
81 49 11 7
82 12 16 13
82 20 1 1
82 20 9 7
82 20 13 18
82 23 6 15
82 23 18 6
82 27 7 15
82 37 5 11
82 37 12 15
82 39 5 6
82 39 6 14
82 39 9 19
83 0 10 7
83 0 11 17
83 0 13 12
83 7 0 17
83 7 9 1
83 7 15 14
83 10 6 12
83 12 16 6
83 25 8 11
83 29 10 18
83 29 19 2
83 42 1 3
83 42 3 16
83 42 12 16
83 45 4 20
83 45 9 16
83 45 17 13
84 1 1 14
84 1 9 3
84 1 15 6
84 5 0 1
84 5 3 11
84 5 7 2
84 8 0 6
84 8 14 4
84 8 15 16
84 16 0 10
84 16 3 15
84 16 4 8
84 16 6 1
84 16 17 15
84 23 6 15
84 23 18 16
84 25 8 4
85 4 6 4
85 4 8 4
85 4 15 13
85 31 5 14
85 31 11 17
85 33 0 8
85 33 5 16
85 33 7 19
85 33 9 16
85 33 11 17
85 33 14 10
85 36 7 6
85 36 8 12
85 36 12 9
85 36 13 5
85 36 19 1
86 2 3 17
86 5 0 14
86 5 3 12
86 5 7 12
86 17 9 10
86 17 13 15
86 17 16 14
86 17 19 20
86 25 8 8
86 31 5 8
86 31 11 10
86 45 4 12
86 45 9 4
86 45 17 11
86 48 0 16
86 48 12 9
87 5 0 1
87 5 3 6
87 5 7 7
87 6 11 12
87 6 13 2
87 6 14 18
87 17 9 17
87 17 13 19
87 17 16 6
87 17 19 4
87 19 19 18
87 29 10 18
87 29 19 14
87 42 1 5
87 42 3 15
87 42 12 12
87 43 0 19
87 43 9 2
87 43 10 1
88 22 0 19
88 22 19 9
88 23 6 4
88 23 18 8
88 24 0 3
88 24 15 2
88 25 8 13
88 26 4 14
88 26 9 12
88 26 13 14
88 26 16 1
88 26 19 17
88 28 3 20
88 28 14 15
88 44 4 12
88 44 7 11
88 44 8 18
88 44 17 6
88 44 18 18
88 48 0 15
88 48 12 1
89 1 1 6
89 1 9 1
89 1 15 15
89 8 0 1
89 8 14 2
89 8 15 20
89 17 9 15
89 17 13 20
89 17 16 17
89 17 19 15
89 28 3 8
89 28 14 16
90 6 11 9
90 6 13 20
90 6 14 11
90 8 0 7
90 8 14 6
90 8 15 14
90 11 3 11
90 11 11 13
90 15 12 14
90 15 13 13
90 15 16 6
90 15 18 10
90 21 0 18
90 21 2 15
90 21 5 4
90 21 16 5
90 21 18 20
90 37 5 1
90 37 12 2
90 41 1 9
90 41 7 9
90 41 9 19
90 41 11 3
90 45 4 16
90 45 9 7
90 45 17 3
91 20 1 14
91 20 9 5
91 20 13 16
91 25 8 10
91 46 8 7
91 46 14 12
91 48 0 18
91 48 12 13
92 3 4 4
92 5 0 20
92 5 3 6
92 5 7 1
92 6 11 6
92 6 13 2
92 6 14 5
92 9 0 3
92 9 10 7
92 9 15 16
92 9 17 17
92 18 4 11
92 18 16 20
92 34 9 1
92 34 12 16
92 35 10 18
92 35 13 3
92 35 15 17
92 35 17 9
92 35 19 12
92 49 5 3
92 49 6 8
92 49 11 2
93 1 1 1
93 1 9 1
93 1 15 10
93 10 6 11
93 23 6 8
93 23 18 16
93 24 0 13
93 24 15 10
93 27 7 14
94 11 3 16
94 11 11 6
94 16 0 6
94 16 3 10
94 16 4 20
94 16 6 6
94 16 17 4
94 19 19 11
94 25 8 14
94 38 7 13
94 38 16 12
95 12 16 3
95 14 4 8
95 15 12 7
95 15 13 10
95 15 16 4
95 15 18 20
95 18 4 15
95 18 16 1
95 19 19 4
95 25 8 12
95 27 7 13
95 29 10 17
95 29 19 9
95 39 5 15
95 39 6 15
95 39 9 13
95 40 2 2
95 40 4 4
95 40 10 5
95 40 19 12
96 0 10 8
96 0 11 17
96 0 13 16
96 19 19 15
96 44 4 12
96 44 7 8
96 44 8 18
96 44 17 16
96 44 18 1
96 47 1 9
96 47 2 12
96 47 6 7
97 0 10 20
97 0 11 7
97 0 13 3
97 1 1 19
97 1 9 3
97 1 15 4
97 11 3 13
97 11 11 18
97 26 4 2
97 26 9 1
97 26 13 14
97 26 16 3
97 26 19 4
97 30 14 8
97 30 17 14
97 32 4 18
97 32 17 9
97 43 0 9
97 43 9 8
97 43 10 8
98 18 4 10
98 18 16 5
98 20 1 11
98 20 9 20
98 20 13 15
98 25 8 6
98 26 4 18
98 26 9 9
98 26 13 10
98 26 16 19
98 26 19 18
98 28 3 17
98 28 14 19
98 30 14 2
98 30 17 16
98 32 4 3
98 32 17 2
98 38 7 2
98 38 16 10
98 41 1 9
98 41 7 7
98 41 9 12
98 41 11 9
98 48 0 10
98 48 12 5
99 18 4 10
99 18 16 16
99 21 0 2
99 21 2 10
99 21 5 12
99 21 16 10
99 21 18 1
99 26 4 11
99 26 9 15
99 26 13 10
99 26 16 10
99 26 19 12
99 29 10 9
99 29 19 11
99 39 5 3
99 39 6 15
99 39 9 3
99 49 5 3
99 49 6 9
99 49 11 12
-1 
0 1 1 88
0 1 9 113
0 1 15 145
0 6 11 54
0 6 13 198
0 6 14 119
0 8 0 180
0 8 14 63
0 8 15 69
0 17 9 92
0 17 13 185
0 17 16 26
0 17 19 85
0 35 10 173
0 35 13 135
0 35 15 132
0 35 17 13
0 35 19 119
0 39 5 54
0 39 6 88
0 39 9 36
1 4 6 195
1 4 8 79
1 4 15 159
1 8 0 195
1 8 14 95
1 8 15 101
1 24 0 97
1 24 15 26
1 31 5 177
1 31 11 78
1 43 0 194
1 43 9 153
1 43 10 199
2 2 3 76
2 5 0 118
2 5 3 92
2 5 7 21
2 27 7 143
2 37 5 170
2 37 12 192
2 38 7 83
2 38 16 125
2 40 2 23
2 40 4 134
2 40 10 157
2 40 19 147
2 41 1 155
2 41 7 9
2 41 9 147
2 41 11 126
2 42 1 143
2 42 3 83
2 42 12 112
3 4 6 122
3 4 8 141
3 4 15 76
3 5 0 132
3 5 3 41
3 5 7 34
3 15 12 153
3 15 13 149
3 15 16 56
3 15 18 27
3 23 6 67
3 23 18 18
3 26 4 68
3 26 9 13
3 26 13 123
3 26 16 196
3 26 19 34
3 28 3 96
3 28 14 95
3 30 14 52
3 30 17 41
3 31 5 1
3 31 11 127
3 36 7 66
3 36 8 12
3 36 12 113
3 36 13 144
3 36 19 86
3 37 5 197
3 37 12 138
3 46 8 72
3 46 14 17
3 49 5 105
3 49 6 22
3 49 11 191
4 5 0 108
4 5 3 44
4 5 7 24
4 7 0 1
4 7 9 185
4 7 15 87
4 10 6 47
4 14 4 52
4 17 9 117
4 17 13 60
4 17 16 64
4 17 19 176
4 24 0 116
4 24 15 194
4 26 4 92
4 26 9 39
4 26 13 169
4 26 16 64
4 26 19 6
4 28 3 37
4 28 14 86
4 30 14 188
4 30 17 159
4 43 0 82
4 43 9 5
4 43 10 185
4 47 1 114
4 47 2 22
4 47 6 178
5 13 8 74
5 13 16 166
5 17 9 144
5 17 13 114
5 17 16 158
5 17 19 16
5 26 4 154
5 26 9 155
5 26 13 61
5 26 16 105
5 26 19 141
5 27 7 24
5 28 3 197
5 28 14 19
6 1 1 73
6 1 9 29
6 1 15 17
6 3 4 57
6 7 0 180
6 7 9 168
6 7 15 113
6 10 6 84
6 17 9 48
6 17 13 197
6 17 16 46
6 17 19 51
6 23 6 195
6 23 18 51
6 34 9 81
6 34 12 137
6 35 10 80
6 35 13 109
6 35 15 171
6 35 17 141
6 35 19 59
6 45 4 159
6 45 9 12
6 45 17 195
7 1 1 118
7 1 9 150
7 1 15 187
7 3 4 146
7 12 16 144
7 21 0 96
7 21 2 161
7 21 5 199
7 21 16 63
7 21 18 45
7 30 14 27
7 30 17 34
7 33 0 183
7 33 5 105
7 33 7 117
7 33 9 7
7 33 11 181
7 33 14 119
7 42 1 124
7 42 3 163
7 42 12 8
7 45 4 172
7 45 9 28
7 45 17 152
8 1 1 2
8 1 9 165
8 1 15 183
8 12 16 118
8 16 0 21
8 16 3 167
8 16 4 86
8 16 6 41
8 16 17 163
8 26 4 193
8 26 9 131
8 26 13 178
8 26 16 170
8 26 19 77
8 28 3 197
8 28 14 174
8 31 5 7
8 31 11 94
8 37 5 95
8 37 12 101
8 39 5 77
8 39 6 23
8 39 9 113
9 7 0 117
9 7 9 106
9 7 15 7
9 8 0 165
9 8 14 9
9 8 15 95
9 23 6 116
9 23 18 73
9 43 0 162
9 43 9 48
9 43 10 5
10 7 0 18
10 7 9 130
10 7 15 126
10 8 0 120
10 8 14 105
10 8 15 200
10 9 0 177
10 9 10 44
10 9 15 123
10 9 17 28
10 14 4 188
10 15 12 151
10 15 13 162
10 15 16 7
10 15 18 190
10 23 6 86
10 23 18 57
10 27 7 136
10 33 0 51
10 33 5 135
10 33 7 116
10 33 9 168
10 33 11 90
10 33 14 46
10 36 7 159
10 36 8 100
10 36 12 105
10 36 13 45
10 36 19 159
10 37 5 90
10 37 12 114
10 41 1 81
10 41 7 88
10 41 9 38
10 41 11 31
10 47 1 6
10 47 2 24
10 47 6 53
10 48 0 149
10 48 12 198
11 0 10 176
11 0 11 35
11 0 13 114
11 1 1 163
11 1 9 162
11 1 15 148
11 12 16 95
11 15 12 55
11 15 13 151
11 15 16 108
11 15 18 10
11 17 9 83
11 17 13 129
11 17 16 38
11 17 19 159
11 19 19 70
11 28 3 20
11 28 14 128
11 33 0 191
11 33 5 177
11 33 7 9
11 33 9 42
11 33 11 122
11 33 14 198
11 45 4 62
11 45 9 165
11 45 17 41
11 46 8 191
11 46 14 112
12 3 4 149
12 5 0 123
12 5 3 154
12 5 7 115
12 17 9 80
12 17 13 128
12 17 16 14
12 17 19 53
12 19 19 101
12 20 1 45
12 20 9 192
12 20 13 200
12 25 8 83
12 29 10 74
12 29 19 145
12 31 5 99
12 31 11 61
12 32 4 132
12 32 17 113
12 35 10 149
12 35 13 146
12 35 15 189
12 35 17 82
12 35 19 164
12 45 4 73
12 45 9 83
12 45 17 4
12 48 0 55
12 48 12 4
13 18 4 43
13 18 16 125
13 20 1 144
13 20 9 156
13 20 13 62
13 23 6 85
13 23 18 37
13 24 0 160
13 24 15 62
13 34 9 124
13 34 12 188
13 38 7 131
13 38 16 157
13 39 5 171
13 39 6 98
13 39 9 131
13 43 0 10
13 43 9 61
13 43 10 48
13 47 1 185
13 47 2 46
13 47 6 102
14 7 0 107
14 7 9 42
14 7 15 159
14 19 19 73
14 25 8 168
14 39 5 73
14 39 6 27
14 39 9 63
14 42 1 39
14 42 3 45
14 42 12 83
14 45 4 65
14 45 9 70
14 45 17 146
14 46 8 159
14 46 14 180
15 3 4 31
15 13 8 89
15 13 16 105
15 27 7 45
15 39 5 138
15 39 6 44
15 39 9 73
15 44 4 161
15 44 7 181
15 44 8 52
15 44 17 127
15 44 18 120
15 45 4 3
15 45 9 136
15 45 17 35
15 48 0 131
15 48 12 81
16 0 10 71
16 0 11 110
16 0 13 181
16 7 0 174
16 7 9 150
16 7 15 59
16 14 4 108
16 16 0 145
16 16 3 128
16 16 4 74
16 16 6 3
16 16 17 151
16 17 9 38
16 17 13 157
16 17 16 81
16 17 19 125
16 24 0 176
16 24 15 38
16 35 10 127
16 35 13 100
16 35 15 197
16 35 17 195
16 35 19 63
16 41 1 39
16 41 7 195
16 41 9 54
16 41 11 194
16 49 5 11
16 49 6 5
16 49 11 14
17 3 4 61
17 11 3 86
17 11 11 26
17 13 8 183
17 13 16 49
17 16 0 70
17 16 3 71
17 16 4 86
17 16 6 169
17 16 17 21
17 19 19 5
17 24 0 56
17 24 15 183
17 25 8 75
17 27 7 59
17 36 7 161
17 36 8 142
17 36 12 50
17 36 13 156
17 36 19 140
17 46 8 168
17 46 14 192
18 1 1 74
18 1 9 145
18 1 15 195
18 4 6 84
18 4 8 87
18 4 15 46
18 12 16 104
18 20 1 18
18 20 9 104
18 20 13 43
18 21 0 195
18 21 2 183
18 21 5 148
18 21 16 181
18 21 18 64
18 22 0 138
18 22 19 183
18 42 1 156
18 42 3 16
18 42 12 46
18 45 4 186
18 45 9 182
18 45 17 199
19 6 11 55
19 6 13 114
19 6 14 77
19 8 0 2
19 8 14 145
19 8 15 5
19 17 9 37
19 17 13 46
19 17 16 12
19 17 19 75
19 21 0 188
19 21 2 167
19 21 5 145
19 21 16 113
19 21 18 184
19 30 14 15
19 30 17 157
19 38 7 108
19 38 16 47
19 39 5 159
19 39 6 195
19 39 9 151
19 41 1 51
19 41 7 126
19 41 9 38
19 41 11 183
19 43 0 101
19 43 9 163
19 43 10 57
20 18 4 126
20 18 16 120
20 19 19 54
20 20 1 160
20 20 9 23
20 20 13 100
20 22 0 111
20 22 19 31
20 31 5 144
20 31 11 67
20 40 2 56
20 40 4 21
20 40 10 189
20 40 19 34
21 1 1 131
21 1 9 29
21 1 15 25
21 3 4 160
21 15 12 65
21 15 13 57
21 15 16 200
21 15 18 104
21 22 0 46
21 22 19 7
21 30 14 130
21 30 17 70
21 37 5 83
21 37 12 121
21 39 5 68
21 39 6 22
21 39 9 173
21 42 1 29
21 42 3 191
21 42 12 52
21 45 4 23
21 45 9 102
21 45 17 127
21 47 1 23
21 47 2 74
21 47 6 155
21 48 0 92
21 48 12 42
22 4 6 129
22 4 8 60
22 4 15 56
22 16 0 37
22 16 3 60
22 16 4 91
22 16 6 81
22 16 17 27
22 27 7 127
22 31 5 170
22 31 11 113
22 39 5 147
22 39 6 43
22 39 9 39
22 43 0 23
22 43 9 46
22 43 10 87
23 2 3 136
23 16 0 198
23 16 3 168
23 16 4 90
23 16 6 125
23 16 17 163
23 17 9 89
23 17 13 86
23 17 16 71
23 17 19 127
23 22 0 185
23 22 19 11
23 34 9 80
23 34 12 113
23 35 10 109
23 35 13 88
23 35 15 166
23 35 17 161
23 35 19 57
23 38 7 65
23 38 16 139
23 46 8 180
23 46 14 56
23 47 1 192
23 47 2 101
23 47 6 108
23 48 0 116
23 48 12 183
24 7 0 138
24 7 9 60
24 7 15 121
24 13 8 176
24 13 16 133
24 14 4 111
24 26 4 36
24 26 9 52
24 26 13 111
24 26 16 15
24 26 19 51
24 34 9 4
24 34 12 100
24 40 2 160
24 40 4 26
24 40 10 28
24 40 19 50
24 42 1 172
24 42 3 107
24 42 12 6
24 49 5 67
24 49 6 37
24 49 11 10
25 1 1 40
25 1 9 40
25 1 15 113
25 8 0 184
25 8 14 178
25 8 15 192
25 10 6 37
25 38 7 196
25 38 16 122
25 40 2 157
25 40 4 161
25 40 10 86
25 40 19 107
25 48 0 131
25 48 12 197
25 49 5 89
25 49 6 76
25 49 11 4
26 2 3 155
26 20 1 93
26 20 9 39
26 20 13 183
26 26 4 185
26 26 9 93
26 26 13 101
26 26 16 119
26 26 19 22
26 28 3 19
26 28 14 99
26 47 1 119
26 47 2 163
26 47 6 110
27 14 4 53
27 16 0 17
27 16 3 106
27 16 4 113
27 16 6 101
27 16 17 35
27 19 19 7
27 37 5 140
27 37 12 102
27 46 8 18
27 46 14 156
27 48 0 187
27 48 12 90
27 49 5 6
27 49 6 51
27 49 11 106
28 6 11 148
28 6 13 189
28 6 14 195
28 22 0 24
28 22 19 178
28 35 10 113
28 35 13 100
28 35 15 194
28 35 17 161
28 35 19 9
28 37 5 116
28 37 12 37
28 38 7 173
28 38 16 112
28 41 1 120
28 41 7 183
28 41 9 7
28 41 11 90
29 0 10 63
29 0 11 16
29 0 13 161
29 1 1 195
29 1 9 131
29 1 15 124
29 13 8 153
29 13 16 57
29 16 0 11
29 16 3 121
29 16 4 120
29 16 6 15
29 16 17 23
29 25 8 117
29 26 4 194
29 26 9 29
29 26 13 105
29 26 16 56
29 26 19 180
29 33 0 130
29 33 5 34
29 33 7 29
29 33 9 94
29 33 11 65
29 33 14 52
29 34 9 33
29 34 12 184
29 44 4 199
29 44 7 185
29 44 8 190
29 44 17 184
29 44 18 175
29 45 4 148
29 45 9 135
29 45 17 79
30 0 10 114
30 0 11 132
30 0 13 89
30 1 1 134
30 1 9 16
30 1 15 45
30 7 0 86
30 7 9 116
30 7 15 141
30 16 0 158
30 16 3 78
30 16 4 194
30 16 6 12
30 16 17 156
30 20 1 180
30 20 9 73
30 20 13 61
30 21 0 115
30 21 2 71
30 21 5 100
30 21 16 192
30 21 18 49
30 38 7 119
30 38 16 50
31 4 6 185
31 4 8 44
31 4 15 182
31 7 0 164
31 7 9 44
31 7 15 76
31 9 0 169
31 9 10 135
31 9 15 55
31 9 17 93
31 14 4 192
31 18 4 131
31 18 16 130
31 21 0 141
31 21 2 147
31 21 5 46
31 21 16 178
31 21 18 186
31 26 4 113
31 26 9 184
31 26 13 108
31 26 16 24
31 26 19 20
31 27 7 99
31 28 3 145
31 28 14 69
31 40 2 21
31 40 4 181
31 40 10 57
31 40 19 137
31 44 4 46
31 44 7 172
31 44 8 105
31 44 17 200
31 44 18 72
31 48 0 139
31 48 12 41
32 3 4 63
32 12 16 63
32 18 4 105
32 18 16 103
32 40 2 74
32 40 4 45
32 40 10 67
32 40 19 109
33 0 10 139
33 0 11 69
33 0 13 171
33 15 12 17
33 15 13 131
33 15 16 14
33 15 18 154
33 17 9 143
33 17 13 161
33 17 16 105
33 17 19 93
33 18 4 32
33 18 16 1
33 21 0 66
33 21 2 168
33 21 5 159
33 21 16 49
33 21 18 51
33 29 10 7
33 29 19 116
34 5 0 122
34 5 3 87
34 5 7 61
34 6 11 181
34 6 13 121
34 6 14 102
34 9 0 185
34 9 10 165
34 9 15 149
34 9 17 124
34 12 16 141
34 31 5 194
34 31 11 142
34 44 4 135
34 44 7 160
34 44 8 101
34 44 17 38
34 44 18 59
34 45 4 191
34 45 9 150
34 45 17 55
34 49 5 125
34 49 6 93
34 49 11 55
35 0 10 150
35 0 11 45
35 0 13 5
35 7 0 113
35 7 9 2
35 7 15 143
35 8 0 114
35 8 14 71
35 8 15 64
35 15 12 2
35 15 13 176
35 15 16 132
35 15 18 64
35 19 19 99
35 32 4 1
35 32 17 11
35 33 0 16
35 33 5 31
35 33 7 34
35 33 9 62
35 33 11 36
35 33 14 78
35 42 1 60
35 42 3 154
35 42 12 174
35 47 1 33
35 47 2 155
35 47 6 145
35 48 0 78
35 48 12 146
36 5 0 150
36 5 3 6
36 5 7 196
36 20 1 25
36 20 9 77
36 20 13 133
36 28 3 134
36 28 14 89
36 35 10 116
36 35 13 34
36 35 15 48
36 35 17 107
36 35 19 170
36 44 4 19
36 44 7 115
36 44 8 29
36 44 17 156
36 44 18 100
37 11 3 27
37 11 11 127
37 14 4 164
37 35 10 26
37 35 13 184
37 35 15 169
37 35 17 139
37 35 19 139
37 37 5 106
37 37 12 69
37 42 1 82
37 42 3 43
37 42 12 168
37 45 4 38
37 45 9 23
37 45 17 89
38 0 10 18
38 0 11 6
38 0 13 128
38 3 4 33
38 7 0 96
38 7 9 43
38 7 15 21
38 8 0 172
38 8 14 39
38 8 15 190
38 18 4 42
38 18 16 56
38 23 6 63
38 23 18 5
38 25 8 144
38 31 5 151
38 31 11 118
38 46 8 186
38 46 14 110
38 48 0 37
38 48 12 179
39 5 0 132
39 5 3 50
39 5 7 42
39 6 11 72
39 6 13 48
39 6 14 31
39 12 16 115
39 14 4 152
39 15 12 124
39 15 13 33
39 15 16 128
39 15 18 56
39 20 1 11
39 20 9 55
39 20 13 88
39 21 0 95
39 21 2 161
39 21 5 108
39 21 16 40
39 21 18 97
39 24 0 199
39 24 15 39
39 25 8 84
39 34 9 19
39 34 12 8
39 40 2 66
39 40 4 88
39 40 10 57
39 40 19 140
39 47 1 60
39 47 2 149
39 47 6 4
40 2 3 176
40 10 6 34
40 26 4 179
40 26 9 29
40 26 13 110
40 26 16 190
40 26 19 42
40 35 10 109
40 35 13 67
40 35 15 19
40 35 17 118
40 35 19 49
40 40 2 22
40 40 4 12
40 40 10 41
40 40 19 101
40 49 5 52
40 49 6 35
40 49 11 9
41 18 4 166
41 18 16 30
41 24 0 150
41 24 15 25
41 26 4 75
41 26 9 101
41 26 13 5
41 26 16 125
41 26 19 113
41 27 7 158
41 28 3 148
41 28 14 169
41 38 7 199
41 38 16 150
41 45 4 79
41 45 9 98
41 45 17 69
41 48 0 179
41 48 12 73
42 1 1 32
42 1 9 21
42 1 15 188
42 2 3 88
42 19 19 105
42 23 6 90
42 23 18 145
42 25 8 103
42 26 4 135
42 26 9 63
42 26 13 200
42 26 16 103
42 26 19 146
42 44 4 161
42 44 7 106
42 44 8 58
42 44 17 106
42 44 18 9
42 47 1 89
42 47 2 19
42 47 6 139
43 0 10 78
43 0 11 93
43 0 13 27
43 1 1 136
43 1 9 186
43 1 15 115
43 14 4 30
43 31 5 14
43 31 11 184
43 41 1 30
43 41 7 166
43 41 9 69
43 41 11 166
43 42 1 9
43 42 3 178
43 42 12 78
43 48 0 43
43 48 12 67
44 0 10 22
44 0 11 112
44 0 13 45
44 6 11 139
44 6 13 115
44 6 14 168
44 13 8 116
44 13 16 191
44 29 10 124
44 29 19 183
44 33 0 72
44 33 5 73
44 33 7 1
44 33 9 64
44 33 11 92
44 33 14 179
44 37 5 136
44 37 12 178
44 48 0 81
44 48 12 157
45 5 0 189
45 5 3 93
45 5 7 111
45 8 0 113
45 8 14 100
45 8 15 46
45 11 3 1
45 11 11 121
45 13 8 49
45 13 16 170
45 23 6 93
45 23 18 31
45 26 4 121
45 26 9 195
45 26 13 18
45 26 16 125
45 26 19 33
45 28 3 113
45 28 14 21
45 30 14 35
45 30 17 53
45 37 5 97
45 37 12 73
45 42 1 50
45 42 3 38
45 42 12 117
45 44 4 137
45 44 7 128
45 44 8 181
45 44 17 99
45 44 18 132
45 47 1 37
45 47 2 68
45 47 6 41
46 15 12 36
46 15 13 200
46 15 16 45
46 15 18 108
46 16 0 22
46 16 3 15
46 16 4 94
46 16 6 28
46 16 17 5
46 35 10 79
46 35 13 54
46 35 15 102
46 35 17 110
46 35 19 172
46 39 5 1
46 39 6 87
46 39 9 96
46 47 1 13
46 47 2 44
46 47 6 150
46 48 0 129
46 48 12 187
47 0 10 135
47 0 11 25
47 0 13 144
47 2 3 19
47 3 4 110
47 7 0 85
47 7 9 91
47 7 15 148
47 17 9 165
47 17 13 39
47 17 16 176
47 17 19 98
47 24 0 164
47 24 15 193
47 27 7 177
47 37 5 80
47 37 12 85
47 38 7 132
47 38 16 25
47 39 5 87
47 39 6 69
47 39 9 123
48 14 4 143
48 38 7 111
48 38 16 182
49 17 9 49
49 17 13 184
49 17 16 61
49 17 19 97
49 19 19 17
49 35 10 2
49 35 13 57
49 35 15 1
49 35 17 84
49 35 19 7
49 42 1 17
49 42 3 170
49 42 12 90
49 47 1 100
49 47 2 164
49 47 6 28
50 1 1 16
50 1 9 88
50 1 15 3
50 4 6 180
50 4 8 29
50 4 15 85
50 8 0 75
50 8 14 166
50 8 15 69
50 15 12 96
50 15 13 193
50 15 16 93
50 15 18 39
50 17 9 42
50 17 13 148
50 17 16 68
50 17 19 108
50 19 19 173
50 23 6 70
50 23 18 198
50 27 7 122
50 28 3 186
50 28 14 32
50 30 14 69
50 30 17 52
50 33 0 151
50 33 5 117
50 33 7 153
50 33 9 21
50 33 11 119
50 33 14 140
50 41 1 79
50 41 7 108
50 41 9 47
50 41 11 63
50 48 0 158
50 48 12 43
51 0 10 101
51 0 11 102
51 0 13 5
51 2 3 150
51 9 0 139
51 9 10 193
51 9 15 23
51 9 17 39
51 10 6 14
51 16 0 163
51 16 3 11
51 16 4 126
51 16 6 145
51 16 17 111
51 29 10 30
51 29 19 165
52 1 1 153
52 1 9 125
52 1 15 105
52 3 4 181
52 12 16 104
52 22 0 44
52 22 19 175
52 23 6 109
52 23 18 80
52 27 7 103
52 38 7 43
52 38 16 182
52 44 4 34
52 44 7 162
52 44 8 3
52 44 17 89
52 44 18 130
53 1 1 133
53 1 9 127
53 1 15 13
53 5 0 188
53 5 3 122
53 5 7 199
53 11 3 46
53 11 11 173
53 12 16 127
53 23 6 20
53 23 18 24
53 29 10 98
53 29 19 53
53 37 5 70
53 37 12 63
54 8 0 152
54 8 14 144
54 8 15 45
54 13 8 28
54 13 16 57
54 14 4 49
54 27 7 21
54 41 1 151
54 41 7 12
54 41 9 101
54 41 11 45
55 18 4 165
55 18 16 93
55 35 10 109
55 35 13 140
55 35 15 84
55 35 17 31
55 35 19 97
56 1 1 18
56 1 9 119
56 1 15 196
56 8 0 131
56 8 14 127
56 8 15 84
56 24 0 197
56 24 15 108
56 29 10 111
56 29 19 174
56 31 5 69
56 31 11 198
56 36 7 66
56 36 8 57
56 36 12 183
56 36 13 192
56 36 19 65
56 40 2 40
56 40 4 34
56 40 10 70
56 40 19 5
56 45 4 12
56 45 9 146
56 45 17 68
56 47 1 72
56 47 2 71
56 47 6 9
57 5 0 70
57 5 3 96
57 5 7 169
57 9 0 26
57 9 10 115
57 9 15 116
57 9 17 115
57 17 9 150
57 17 13 68
57 17 16 145
57 17 19 135
57 35 10 199
57 35 13 88
57 35 15 130
57 35 17 101
57 35 19 68
57 40 2 158
57 40 4 41
57 40 10 34
57 40 19 163
57 43 0 25
57 43 9 100
57 43 10 128
57 49 5 142
57 49 6 98
57 49 11 19
58 1 1 194
58 1 9 143
58 1 15 91
58 2 3 93
58 9 0 15
58 9 10 29
58 9 15 143
58 9 17 72
58 22 0 80
58 22 19 155
58 25 8 97
58 31 5 190
58 31 11 171
58 33 0 138
58 33 5 183
58 33 7 140
58 33 9 134
58 33 11 107
58 33 14 108
58 42 1 18
58 42 3 179
58 42 12 120
59 9 0 114
59 9 10 89
59 9 15 133
59 9 17 51
59 23 6 45
59 23 18 89
59 26 4 126
59 26 9 116
59 26 13 152
59 26 16 185
59 26 19 137
59 36 7 142
59 36 8 162
59 36 12 124
59 36 13 31
59 36 19 129
60 4 6 82
60 4 8 27
60 4 15 127
60 10 6 138
60 12 16 54
60 18 4 174
60 18 16 26
60 27 7 39
60 29 10 186
60 29 19 150
60 32 4 175
60 32 17 32
60 36 7 16
60 36 8 56
60 36 12 23
60 36 13 38
60 36 19 26
60 37 5 128
60 37 12 138
60 38 7 195
60 38 16 160
60 43 0 115
60 43 9 40
60 43 10 122
61 4 6 57
61 4 8 146
61 4 15 132
61 26 4 132
61 26 9 156
61 26 13 179
61 26 16 144
61 26 19 126
61 32 4 59
61 32 17 5
61 37 5 176
61 37 12 11
61 42 1 85
61 42 3 148
61 42 12 70
61 44 4 179
61 44 7 49
61 44 8 116
61 44 17 125
61 44 18 121
61 49 5 125
61 49 6 28
61 49 11 59
62 13 8 186
62 13 16 43
62 17 9 116
62 17 13 125
62 17 16 136
62 17 19 119
62 25 8 133
62 32 4 25
62 32 17 147
62 33 0 32
62 33 5 41
62 33 7 37
62 33 9 125
62 33 11 49
62 33 14 122
62 36 7 30
62 36 8 144
62 36 12 86
62 36 13 8
62 36 19 19
63 18 4 120
63 18 16 49
63 24 0 73
63 24 15 158
63 26 4 128
63 26 9 80
63 26 13 51
63 26 16 67
63 26 19 107
63 38 7 5
63 38 16 199
63 39 5 167
63 39 6 116
63 39 9 192
63 41 1 108
63 41 7 105
63 41 9 34
63 41 11 200
63 46 8 72
63 46 14 186
64 2 3 160
64 5 0 71
64 5 3 132
64 5 7 19
64 8 0 66
64 8 14 176
64 8 15 70
64 15 12 48
64 15 13 136
64 15 16 142
64 15 18 134
64 22 0 78
64 22 19 123
64 29 10 152
64 29 19 22
64 31 5 139
64 31 11 81
64 32 4 194
64 32 17 104
65 3 4 71
65 7 0 32
65 7 9 23
65 7 15 127
65 18 4 161
65 18 16 189
65 27 7 79
65 37 5 139
65 37 12 170
65 45 4 107
65 45 9 179
65 45 17 33
65 48 0 160
65 48 12 54
66 24 0 126
66 24 15 139
66 39 5 128
66 39 6 105
66 39 9 96
66 45 4 127
66 45 9 31
66 45 17 20
67 11 3 89
67 11 11 68
67 16 0 82
67 16 3 45
67 16 4 9
67 16 6 77
67 16 17 56
67 20 1 120
67 20 9 183
67 20 13 156
67 28 3 146
67 28 14 192
67 31 5 83
67 31 11 123
67 33 0 37
67 33 5 13
67 33 7 30
67 33 9 35
67 33 11 9
67 33 14 197
67 46 8 123
67 46 14 19
67 47 1 87
67 47 2 112
67 47 6 72
67 49 5 73
67 49 6 138
67 49 11 84
68 5 0 142
68 5 3 46
68 5 7 102
68 11 3 187
68 11 11 127
68 13 8 146
68 13 16 87
68 19 19 59
68 23 6 103
68 23 18 195
68 34 9 95
68 34 12 142
68 37 5 7
68 37 12 70
68 38 7 152
68 38 16 141
69 2 3 57
69 18 4 84
69 18 16 53
69 30 14 26
69 30 17 151
69 41 1 170
69 41 7 50
69 41 9 165
69 41 11 1
69 42 1 186
69 42 3 173
69 42 12 12
69 49 5 108
69 49 6 62
69 49 11 183
70 31 5 129
70 31 11 94
70 43 0 32
70 43 9 55
70 43 10 13
70 45 4 118
70 45 9 61
70 45 17 166
71 22 0 33
71 22 19 103
71 27 7 66
71 30 14 125
71 30 17 63
71 32 4 40
71 32 17 34
71 35 10 138
71 35 13 134
71 35 15 87
71 35 17 106
71 35 19 80
71 41 1 17
71 41 7 160
71 41 9 69
71 41 11 90
72 10 6 78
72 15 12 80
72 15 13 97
72 15 16 141
72 15 18 148
72 17 9 100
72 17 13 10
72 17 16 78
72 17 19 197
72 19 19 141
72 40 2 141
72 40 4 40
72 40 10 40
72 40 19 108
72 41 1 141
72 41 7 66
72 41 9 144
72 41 11 146
72 45 4 96
72 45 9 46
72 45 17 64
72 48 0 188
72 48 12 12
72 49 5 151
72 49 6 44
72 49 11 195
73 22 0 64
73 22 19 198
73 23 6 52
73 23 18 172
73 26 4 45
73 26 9 164
73 26 13 54
73 26 16 160
73 26 19 11
73 27 7 11
73 30 14 119
73 30 17 166
73 32 4 163
73 32 17 125
74 0 10 195
74 0 11 174
74 0 13 128
74 3 4 142
74 24 0 43
74 24 15 21
74 25 8 2
74 26 4 127
74 26 9 72
74 26 13 196
74 26 16 26
74 26 19 22
74 39 5 8
74 39 6 66
74 39 9 98
74 43 0 55
74 43 9 125
74 43 10 29
74 45 4 144
74 45 9 193
74 45 17 198
74 49 5 51
74 49 6 106
74 49 11 136
75 7 0 145
75 7 9 156
75 7 15 20
75 8 0 119
75 8 14 48
75 8 15 167
75 11 3 41
75 11 11 170
75 23 6 6
75 23 18 79
75 24 0 152
75 24 15 157
75 32 4 174
75 32 17 120
75 33 0 61
75 33 5 32
75 33 7 119
75 33 9 125
75 33 11 147
75 33 14 147
75 36 7 47
75 36 8 108
75 36 12 117
75 36 13 116
75 36 19 124
75 37 5 41
75 37 12 61
75 38 7 71
75 38 16 10
76 9 0 150
76 9 10 105
76 9 15 28
76 9 17 27
76 11 3 149
76 11 11 99
76 12 16 73
76 29 10 169
76 29 19 168
76 41 1 123
76 41 7 86
76 41 9 117
76 41 11 192
76 49 5 30
76 49 6 13
76 49 11 167
77 6 11 164
77 6 13 2
77 6 14 188
77 15 12 46
77 15 13 95
77 15 16 129
77 15 18 8
77 16 0 109
77 16 3 123
77 16 4 196
77 16 6 80
77 16 17 61
77 22 0 163
77 22 19 47
77 31 5 49
77 31 11 135
77 38 7 100
77 38 16 61
77 40 2 2
77 40 4 162
77 40 10 48
77 40 19 40
77 45 4 126
77 45 9 10
77 45 17 91
78 2 3 197
78 3 4 75
78 16 0 186
78 16 3 60
78 16 4 99
78 16 6 35
78 16 17 55
78 17 9 132
78 17 13 179
78 17 16 176
78 17 19 144
78 19 19 127
78 25 8 155
78 35 10 164
78 35 13 69
78 35 15 47
78 35 17 45
78 35 19 179
78 38 7 54
78 38 16 119
79 3 4 79
79 8 0 47
79 8 14 24
79 8 15 2
79 10 6 24
79 12 16 199
79 15 12 52
79 15 13 41
79 15 16 163
79 15 18 46
79 18 4 124
79 18 16 119
79 24 0 173
79 24 15 31
79 26 4 58
79 26 9 117
79 26 13 189
79 26 16 140
79 26 19 83
79 33 0 10
79 33 5 144
79 33 7 76
79 33 9 62
79 33 11 59
79 33 14 30
79 47 1 83
79 47 2 151
79 47 6 59
80 7 0 144
80 7 9 133
80 7 15 198
80 32 4 50
80 32 17 77
80 35 10 179
80 35 13 200
80 35 15 15
80 35 17 60
80 35 19 33
80 38 7 166
80 38 16 71
80 41 1 96
80 41 7 183
80 41 9 32
80 41 11 39
80 42 1 31
80 42 3 165
80 42 12 48
80 43 0 194
80 43 9 49
80 43 10 17
80 48 0 194
80 48 12 39
80 49 5 39
80 49 6 48
80 49 11 109
81 5 0 84
81 5 3 117
81 5 7 166
81 15 12 84
81 15 13 99
81 15 16 152
81 15 18 3
81 20 1 40
81 20 9 98
81 20 13 196
81 22 0 116
81 22 19 174
81 23 6 152
81 23 18 98
81 38 7 198
81 38 16 26
81 47 1 110
81 47 2 17
81 47 6 119
81 49 5 196
81 49 6 13
81 49 11 121
82 12 16 111
82 20 1 32
82 20 9 115
82 20 13 71
82 23 6 24
82 23 18 44
82 27 7 107
82 37 5 22
82 37 12 117
82 39 5 47
82 39 6 52
82 39 9 42
83 0 10 116
83 0 11 8
83 0 13 167
83 7 0 79
83 7 9 124
83 7 15 60
83 10 6 25
83 12 16 142
83 25 8 154
83 29 10 35
83 29 19 106
83 42 1 13
83 42 3 159
83 42 12 53
83 45 4 197
83 45 9 69
83 45 17 196
84 1 1 40
84 1 9 163
84 1 15 79
84 5 0 80
84 5 3 136
84 5 7 89
84 8 0 36
84 8 14 109
84 8 15 189
84 16 0 121
84 16 3 29
84 16 4 27
84 16 6 114
84 16 17 37
84 23 6 35
84 23 18 176
84 25 8 160
85 4 6 199
85 4 8 166
85 4 15 45
85 31 5 81
85 31 11 158
85 33 0 110
85 33 5 74
85 33 7 14
85 33 9 162
85 33 11 116
85 33 14 176
85 36 7 132
85 36 8 196
85 36 12 29
85 36 13 128
85 36 19 166
86 2 3 117
86 5 0 149
86 5 3 162
86 5 7 158
86 17 9 120
86 17 13 52
86 17 16 164
86 17 19 123
86 25 8 22
86 31 5 185
86 31 11 121
86 45 4 8
86 45 9 178
86 45 17 119
86 48 0 184
86 48 12 36
87 5 0 72
87 5 3 74
87 5 7 145
87 6 11 111
87 6 13 128
87 6 14 46
87 17 9 133
87 17 13 175
87 17 16 178
87 17 19 39
87 19 19 151
87 29 10 4
87 29 19 171
87 42 1 146
87 42 3 134
87 42 12 119
87 43 0 20
87 43 9 50
87 43 10 71
88 22 0 165
88 22 19 177
88 23 6 124
88 23 18 135
88 24 0 129
88 24 15 18
88 25 8 146
88 26 4 73
88 26 9 105
88 26 13 114
88 26 16 159
88 26 19 123
88 28 3 157
88 28 14 192
88 44 4 32
88 44 7 191
88 44 8 161
88 44 17 23
88 44 18 127
88 48 0 84
88 48 12 57
89 1 1 103
89 1 9 51
89 1 15 104
89 8 0 111
89 8 14 168
89 8 15 65
89 17 9 150
89 17 13 57
89 17 16 71
89 17 19 91
89 28 3 140
89 28 14 10
90 6 11 179
90 6 13 191
90 6 14 39
90 8 0 9
90 8 14 55
90 8 15 170
90 11 3 161
90 11 11 116
90 15 12 141
90 15 13 99
90 15 16 178
90 15 18 28
90 21 0 6
90 21 2 90
90 21 5 196
90 21 16 161
90 21 18 66
90 37 5 139
90 37 12 66
90 41 1 14
90 41 7 159
90 41 9 51
90 41 11 8
90 45 4 149
90 45 9 29
90 45 17 27
91 20 1 128
91 20 9 192
91 20 13 194
91 25 8 87
91 46 8 133
91 46 14 194
91 48 0 33
91 48 12 116
92 3 4 2
92 5 0 131
92 5 3 146
92 5 7 15
92 6 11 96
92 6 13 102
92 6 14 105
92 9 0 50
92 9 10 147
92 9 15 140
92 9 17 70
92 18 4 61
92 18 16 59
92 34 9 132
92 34 12 98
92 35 10 76
92 35 13 39
92 35 15 21
92 35 17 145
92 35 19 39
92 49 5 32
92 49 6 77
92 49 11 130
93 1 1 134
93 1 9 198
93 1 15 132
93 10 6 36
93 23 6 12
93 23 18 8
93 24 0 187
93 24 15 13
93 27 7 123
94 11 3 91
94 11 11 5
94 16 0 96
94 16 3 134
94 16 4 36
94 16 6 82
94 16 17 101
94 19 19 64
94 25 8 99
94 38 7 117
94 38 16 73
95 12 16 8
95 14 4 43
95 15 12 82
95 15 13 152
95 15 16 61
95 15 18 52
95 18 4 94
95 18 16 151
95 19 19 192
95 25 8 121
95 27 7 154
95 29 10 23
95 29 19 131
95 39 5 49
95 39 6 56
95 39 9 35
95 40 2 127
95 40 4 166
95 40 10 16
95 40 19 3
96 0 10 100
96 0 11 92
96 0 13 199
96 19 19 195
96 44 4 124
96 44 7 154
96 44 8 74
96 44 17 44
96 44 18 24
96 47 1 155
96 47 2 151
96 47 6 117
97 0 10 175
97 0 11 131
97 0 13 36
97 1 1 172
97 1 9 112
97 1 15 20
97 11 3 133
97 11 11 67
97 26 4 15
97 26 9 89
97 26 13 89
97 26 16 19
97 26 19 42
97 30 14 131
97 30 17 131
97 32 4 17
97 32 17 126
97 43 0 58
97 43 9 114
97 43 10 82
98 18 4 110
98 18 16 24
98 20 1 102
98 20 9 104
98 20 13 41
98 25 8 56
98 26 4 139
98 26 9 176
98 26 13 108
98 26 16 198
98 26 19 136
98 28 3 158
98 28 14 28
98 30 14 150
98 30 17 118
98 32 4 185
98 32 17 7
98 38 7 58
98 38 16 87
98 41 1 151
98 41 7 188
98 41 9 2
98 41 11 50
98 48 0 174
98 48 12 28
99 18 4 53
99 18 16 159
99 21 0 176
99 21 2 23
99 21 5 51
99 21 16 190
99 21 18 23
99 26 4 20
99 26 9 111
99 26 13 97
99 26 16 149
99 26 19 45
99 29 10 94
99 29 19 8
99 39 5 39
99 39 6 1
99 39 9 110
99 49 5 20
99 49 6 50
99 49 11 137
-1 
0 0 2
0 2 4
0 5 2
0 6 2
0 10 3
0 21 3
0 28 1
0 29 2
0 33 3
0 35 3
0 46 4
0 47 4
0 48 4
0 51 4
0 53 3
0 54 4
0 62 2
0 63 3
0 68 3
0 73 1
0 85 3
0 88 1
0 89 4
0 91 4
0 93 4
0 94 2
0 99 1
1 0 2
1 1 1
1 4 2
1 12 2
1 15 2
1 20 2
1 22 4
1 26 1
1 28 4
1 30 4
1 33 1
1 34 2
1 43 2
1 57 1
1 63 2
1 67 2
1 68 3
1 72 3
1 74 2
1 79 3
1 80 3
1 81 3
1 83 4
1 85 3
1 95 2
1 96 2
1 98 3
1 99 1
2 14 3
2 19 2
2 20 4
2 23 3
2 24 4
2 25 1
2 28 1
2 29 1
2 33 3
2 43 2
2 51 3
2 52 3
2 60 2
2 68 2
2 74 3
2 76 1
2 77 3
2 88 4
2 92 3
2 93 3
2 96 3
3 5 1
3 7 2
3 13 1
3 27 4
3 28 3
3 32 2
3 39 1
3 42 2
3 44 3
3 45 3
3 47 1
3 52 2
3 55 1
3 56 1
3 59 3
3 67 4
3 69 2
3 73 1
3 84 2
3 88 4
3 91 1
3 93 2
3 98 1
3 99 2
4 5 2
4 6 1
4 7 4
4 10 2
4 12 2
4 13 3
4 22 4
4 27 2
4 30 3
4 33 1
4 36 3
4 38 4
4 43 1
4 49 1
4 53 3
4 56 2
4 62 3
4 68 2
4 72 2
4 81 3
4 96 3
4 97 4
5 0 4
5 6 3
5 8 3
5 9 2
5 14 4
5 19 3
5 20 4
5 21 2
5 24 2
5 25 4
5 27 2
5 30 3
5 32 1
5 42 3
5 44 1
5 53 3
5 58 3
5 60 4
5 63 2
5 68 1
5 70 3
5 73 3
5 74 1
5 77 3
5 90 4
5 98 2
5 99 2
6 4 4
6 6 1
6 7 4
6 12 2
6 14 1
6 18 2
6 22 4
6 26 3
6 27 1
6 34 4
6 38 2
6 54 4
6 58 4
6 59 4
6 61 3
6 70 1
6 86 3
6 87 1
6 88 4
6 92 3
6 99 3
7 2 2
7 9 4
7 14 1
7 15 1
7 19 4
7 20 4
7 21 4
7 28 3
7 36 2
7 37 2
7 39 3
7 41 4
7 51 1
7 54 4
7 58 4
7 65 1
7 67 3
7 68 4
7 71 4
7 73 1
7 80 3
7 89 1
7 90 1
7 94 2
7 96 1
7 99 3
8 3 3
8 9 1
8 13 4
8 14 2
8 20 2
8 21 1
8 31 2
8 37 4
8 38 1
8 48 4
8 52 4
8 55 1
8 58 2
8 63 1
8 65 1
8 78 2
8 80 1
8 86 4
8 96 4
8 97 2
9 0 4
9 4 1
9 6 4
9 15 3
9 16 3
9 17 4
9 19 3
9 21 4
9 26 1
9 27 3
9 28 2
9 33 1
9 34 3
9 35 1
9 39 4
9 41 4
9 46 1
9 48 2
9 50 4
9 51 2
9 52 4
9 53 2
9 54 1
9 56 2
9 57 3
9 62 3
9 65 2
9 66 2
9 67 2
9 68 2
9 77 3
9 79 1
9 83 1
9 90 4
9 91 1
9 93 4
10 0 2
10 4 4
10 5 1
10 7 1
10 10 2
10 20 2
10 22 1
10 23 3
10 27 2
10 28 2
10 29 3
10 34 3
10 41 3
10 51 4
10 54 4
10 57 3
10 60 1
10 61 2
10 62 2
10 63 4
10 70 3
10 72 1
10 76 2
10 82 4
10 88 3
10 89 3
10 93 2
11 6 2
11 7 3
11 16 3
11 18 2
11 21 3
11 24 3
11 28 1
11 29 1
11 33 4
11 41 1
11 44 1
11 49 2
11 52 4
11 57 1
11 63 1
11 64 3
11 66 4
11 72 4
11 75 1
11 78 2
11 90 4
11 93 4
11 95 3
11 96 2
11 97 3
11 99 1
12 6 1
12 8 2
12 10 3
12 12 3
12 24 2
12 25 4
12 26 4
12 27 2
12 32 3
12 35 3
12 38 1
12 41 1
12 43 3
12 56 1
12 59 3
12 62 2
12 65 3
12 72 1
12 73 3
12 76 1
12 77 4
12 80 4
12 82 3
12 96 3
12 99 4
13 5 1
13 9 2
13 17 4
13 19 3
13 20 1
13 22 2
13 23 1
13 29 4
13 47 4
13 50 3
13 59 4
13 61 3
13 62 4
13 67 2
13 69 3
13 70 3
13 72 1
13 76 1
13 78 2
13 79 3
13 80 1
13 84 4
13 85 2
13 91 2
13 99 3
14 6 2
14 8 3
14 9 3
14 10 4
14 17 3
14 20 4
14 21 3
14 23 1
14 29 1
14 34 2
14 35 2
14 47 3
14 51 1
14 53 1
14 56 4
14 67 1
14 68 4
14 70 1
14 72 2
14 78 2
14 80 1
14 84 2
14 85 4
14 90 2
14 99 3
15 4 3
15 5 4
15 6 4
15 8 3
15 9 2
15 11 3
15 15 3
15 23 2
15 30 2
15 32 3
15 33 3
15 40 1
15 55 4
15 56 1
15 65 3
15 66 4
15 67 2
15 70 1
15 74 2
15 78 4
15 82 4
15 84 3
16 6 3
16 7 2
16 8 4
16 10 4
16 11 4
16 12 4
16 13 1
16 17 4
16 18 4
16 21 3
16 25 2
16 27 1
16 35 3
16 37 2
16 39 4
16 41 2
16 45 4
16 48 1
16 49 3
16 59 3
16 62 4
16 65 2
16 72 1
16 82 1
16 83 4
16 86 1
16 94 3
17 1 2
17 2 1
17 6 2
17 9 2
17 10 1
17 11 1
17 13 1
17 18 1
17 22 4
17 23 2
17 27 3
17 37 4
17 43 1
17 44 4
17 50 1
17 51 3
17 56 3
17 60 2
17 61 2
17 65 4
17 66 3
17 77 1
17 79 2
17 81 4
17 82 2
17 85 2
17 87 1
17 89 2
17 93 4
17 97 1
18 0 2
18 6 4
18 11 3
18 15 2
18 17 3
18 20 2
18 28 4
18 31 2
18 37 4
18 39 2
18 41 3
18 44 1
18 45 2
18 49 2
18 51 4
18 55 2
18 56 4
18 59 3
18 60 4
18 61 2
18 62 1
18 72 2
18 83 2
18 92 3
18 95 3
18 97 4
19 2 3
19 6 3
19 28 1
19 41 2
19 43 4
19 57 2
19 58 1
19 60 1
19 69 4
19 70 2
19 72 2
19 76 4
19 79 2
19 81 2
19 83 4
19 85 4
19 86 3
19 90 3
19 93 2
19 94 2
19 97 3
19 98 3
20 7 3
20 9 2
20 10 3
20 24 3
20 26 2
20 28 4
20 33 1
20 38 2
20 39 1
20 41 1
20 50 4
20 61 3
20 62 4
20 64 2
20 66 1
20 71 4
20 81 3
20 84 3
20 85 1
20 87 4
21 0 1
21 1 3
21 4 4
21 9 3
21 16 4
21 18 3
21 19 1
21 21 3
21 23 1
21 26 4
21 29 2
21 32 2
21 36 1
21 37 4
21 38 2
21 43 2
21 45 4
21 47 4
21 48 4
21 49 4
21 54 3
21 57 4
21 63 1
21 67 2
21 72 3
21 74 4
21 78 1
21 81 1
21 90 4
22 5 1
22 10 4
22 20 1
22 24 3
22 29 3
22 30 3
22 31 2
22 33 4
22 39 4
22 42 1
22 48 1
22 54 3
22 55 4
22 57 1
22 58 4
22 62 3
22 70 2
22 71 2
22 76 1
22 77 4
22 80 4
22 84 4
22 85 2
22 92 1
22 95 3
23 9 1
23 12 4
23 16 4
23 27 1
23 28 4
23 30 1
23 32 3
23 33 4
23 40 3
23 45 1
23 46 1
23 48 1
23 50 2
23 56 3
23 65 3
23 67 4
23 70 1
23 73 2
23 74 2
23 79 4
23 90 1
23 91 4
23 95 4
23 97 1
24 6 3
24 9 4
24 18 3
24 19 1
24 22 2
24 23 4
24 26 4
24 33 2
24 39 4
24 50 2
24 51 4
24 55 2
24 58 1
24 63 1
24 72 4
24 74 1
24 78 3
24 79 1
24 84 2
24 87 3
24 91 4
24 92 4
24 93 1
25 2 2
25 5 1
25 7 4
25 11 2
25 12 1
25 13 3
25 15 2
25 18 4
25 24 4
25 28 4
25 35 2
25 41 4
25 45 1
25 47 3
25 59 4
25 68 4
25 74 4
25 75 3
25 78 1
25 80 4
25 82 4
25 84 2
25 86 3
25 90 3
25 94 4
25 95 1
25 98 4
26 1 2
26 6 4
26 7 3
26 11 3
26 16 4
26 22 4
26 23 1
26 26 2
26 30 1
26 35 4
26 38 2
26 48 4
26 52 4
26 55 3
26 58 4
26 60 1
26 61 4
26 64 4
26 71 3
26 74 3
26 78 3
26 82 2
26 85 2
26 89 2
26 91 1
26 92 2
26 94 3
26 95 1
27 0 2
27 2 3
27 5 1
27 6 3
27 13 3
27 15 1
27 20 3
27 21 2
27 31 2
27 38 3
27 40 1
27 41 1
27 43 2
27 49 1
27 50 1
27 57 4
27 60 1
27 66 3
27 68 2
27 73 3
27 75 4
27 77 4
27 78 1
27 83 4
27 84 2
27 90 1
27 92 1
27 93 1
27 97 3
27 98 2
27 99 2
28 2 2
28 8 4
28 12 3
28 14 1
28 15 4
28 16 1
28 30 2
28 36 1
28 38 1
28 39 4
28 51 2
28 54 3
28 60 1
28 65 3
28 67 4
28 73 1
28 75 1
28 77 2
28 81 4
28 86 4
28 96 1
29 0 2
29 3 2
29 8 3
29 15 4
29 16 4
29 17 3
29 20 1
29 30 4
29 32 3
29 36 3
29 37 4
29 48 4
29 56 2
29 58 3
29 60 3
29 63 3
29 80 1
29 86 2
29 91 1
29 94 3
30 0 1
30 1 2
30 4 4
30 7 1
30 8 1
30 13 4
30 20 4
30 22 3
30 24 1
30 29 1
30 31 1
30 32 3
30 42 3
30 48 4
30 51 1
30 53 4
30 59 2
30 60 3
30 68 3
30 70 3
30 71 2
30 73 3
30 75 1
30 82 1
30 86 4
30 89 2
30 91 4
30 92 1
30 96 4
31 0 1
31 2 3
31 8 3
31 9 1
31 12 2
31 17 4
31 18 2
31 19 2
31 22 2
31 26 1
31 27 3
31 31 2
31 33 3
31 34 4
31 35 4
31 37 2
31 56 4
31 61 3
31 62 2
31 65 2
31 67 2
31 74 1
31 75 3
31 83 2
31 89 4
31 91 4
31 94 1
31 95 3
32 2 4
32 4 3
32 10 4
32 19 4
32 25 4
32 28 1
32 35 4
32 36 1
32 37 4
32 41 1
32 46 4
32 50 3
32 51 4
32 52 4
32 57 4
32 58 4
32 61 4
32 65 3
32 76 4
32 77 4
32 82 4
32 84 2
32 85 4
32 88 2
32 91 2
32 92 1
32 98 2
33 0 2
33 2 4
33 7 1
33 15 4
33 18 2
33 20 4
33 21 4
33 26 4
33 32 2
33 36 1
33 42 3
33 43 2
33 45 4
33 48 1
33 54 1
33 59 4
33 62 2
33 67 3
33 70 3
33 71 1
33 73 4
33 87 2
33 94 3
33 99 4
34 5 4
34 17 1
34 19 2
34 23 1
34 25 4
34 27 4
34 28 1
34 29 3
34 35 2
34 40 2
34 44 3
34 47 2
34 51 3
34 54 2
34 55 4
34 66 1
34 74 3
34 87 1
34 88 4
34 96 1
34 98 3
35 0 2
35 6 4
35 14 2
35 21 4
35 25 2
35 27 3
35 33 2
35 40 4
35 48 3
35 49 1
35 53 1
35 54 4
35 55 3
35 59 2
35 62 3
35 66 1
35 68 2
35 69 3
35 73 3
35 82 2
35 90 2
36 1 3
36 2 1
36 6 3
36 8 4
36 9 4
36 15 3
36 18 3
36 21 1
36 23 3
36 25 2
36 26 3
36 29 2
36 32 1
36 44 1
36 50 4
36 57 3
36 61 3
36 69 2
36 74 2
36 75 4
36 78 3
36 81 2
36 85 1
36 94 3
36 96 2
36 98 1
37 1 4
37 4 1
37 9 2
37 10 3
37 13 1
37 14 2
37 20 4
37 25 3
37 31 1
37 34 1
37 36 4
37 38 3
37 44 4
37 46 4
37 47 4
37 53 2
37 54 1
37 55 1
37 58 4
37 65 3
37 76 2
37 85 3
37 91 1
37 92 2
37 94 4
37 95 3
38 0 4
38 8 4
38 12 1
38 13 4
38 15 1
38 17 1
38 24 2
38 26 4
38 29 4
38 37 3
38 41 1
38 42 3
38 46 1
38 51 1
38 54 2
38 58 2
38 59 4
38 60 4
38 66 2
38 74 4
38 82 4
38 92 3
39 1 1
39 4 3
39 10 1
39 14 2
39 15 2
39 27 2
39 29 1
39 30 2
39 33 1
39 41 1
39 61 3
39 71 1
39 91 1
39 92 2
40 1 2
40 9 2
40 12 2
40 19 3
40 25 3
40 28 4
40 30 3
40 32 1
40 47 1
40 48 4
40 50 1
40 55 2
40 61 2
40 64 3
40 65 3
40 80 4
40 81 1
40 84 2
40 93 4
40 98 1
41 5 3
41 7 2
41 9 3
41 10 2
41 12 4
41 19 2
41 24 1
41 25 4
41 26 1
41 27 4
41 33 3
41 37 2
41 45 3
41 47 2
41 53 2
41 55 1
41 58 2
41 60 2
41 62 4
41 63 1
41 64 3
41 72 2
41 74 3
41 77 1
41 79 4
41 81 2
41 85 2
41 86 2
41 88 4
41 91 1
42 2 3
42 6 1
42 12 1
42 13 2
42 16 4
42 17 2
42 18 4
42 20 2
42 25 1
42 28 3
42 38 3
42 39 1
42 40 2
42 46 2
42 49 4
42 56 3
42 61 2
42 62 1
42 68 3
42 69 4
42 70 3
42 71 1
42 75 1
42 85 4
42 89 2
43 1 3
43 6 2
43 14 1
43 22 1
43 27 1
43 34 1
43 35 1
43 43 2
43 44 3
43 51 4
43 53 4
43 54 2
43 59 2
43 64 4
43 67 1
43 71 2
43 73 1
43 75 1
43 77 4
43 79 4
43 81 1
43 90 4
43 91 4
43 92 3
43 99 4
44 2 4
44 12 4
44 16 3
44 18 2
44 26 4
44 27 1
44 36 3
44 38 4
44 42 4
44 43 1
44 45 1
44 47 1
44 48 3
44 49 4
44 55 1
44 58 1
44 59 2
44 61 4
44 62 2
44 68 4
44 71 2
44 80 1
44 82 1
44 83 1
44 86 2
44 89 3
44 97 1
44 98 4
45 4 4
45 6 4
45 9 4
45 11 1
45 16 2
45 20 3
45 22 2
45 25 1
45 26 4
45 30 2
45 31 4
45 40 2
45 41 3
45 45 3
45 50 4
45 53 2
45 57 3
45 60 4
45 61 4
45 62 3
45 63 3
45 70 4
45 72 2
45 73 2
45 90 3
46 0 4
46 1 4
46 7 4
46 10 3
46 16 3
46 23 2
46 29 2
46 32 2
46 33 1
46 34 1
46 42 1
46 43 3
46 45 3
46 57 4
46 58 3
46 59 4
46 63 1
46 66 2
46 70 4
46 75 1
46 78 3
46 82 4
46 92 3
46 94 4
46 98 2
47 6 1
47 7 4
47 10 1
47 25 2
47 27 4
47 33 1
47 34 3
47 35 3
47 40 1
47 44 3
47 54 4
47 55 4
47 60 3
47 62 3
47 63 4
47 66 1
47 74 1
47 79 1
47 85 4
47 92 2
47 98 1
48 7 2
48 13 4
48 15 2
48 16 2
48 19 3
48 25 4
48 26 2
48 31 4
48 32 4
48 33 4
48 44 3
48 47 3
48 49 3
48 55 4
48 56 2
48 57 4
48 62 4
48 71 3
48 73 3
48 74 2
48 80 2
48 81 3
48 82 1
48 83 4
48 84 4
48 87 1
48 88 4
48 90 1
48 94 2
49 1 2
49 3 4
49 9 3
49 11 3
49 14 4
49 15 2
49 23 4
49 27 4
49 29 3
49 35 4
49 48 4
49 50 1
49 51 4
49 52 1
49 62 2
49 66 2
49 70 2
49 71 2
49 81 2
49 82 4
49 83 1
49 84 3
49 97 1
49 98 3
50 3 4
50 4 4
50 7 3
50 14 4
50 18 2
50 21 3
50 31 1
50 32 1
50 37 2
50 39 2
50 40 3
50 51 2
50 64 3
50 69 3
50 70 4
50 76 1
50 78 4
50 82 4
50 83 2
50 84 2
50 88 1
50 91 2
50 97 2
50 98 3
51 4 1
51 9 4
51 11 4
51 12 1
51 13 2
51 17 1
51 22 4
51 24 1
51 34 3
51 44 2
51 45 1
51 46 4
51 48 2
51 57 1
51 59 4
51 62 3
51 66 1
51 73 2
51 82 1
51 86 4
51 89 3
51 95 4
51 97 4
52 2 3
52 3 1
52 13 4
52 14 1
52 34 1
52 38 4
52 42 2
52 45 2
52 47 4
52 54 3
52 55 4
52 61 3
52 65 2
52 68 2
52 70 4
52 75 4
52 85 4
52 89 3
53 3 4
53 6 2
53 7 4
53 11 3
53 17 3
53 19 2
53 32 3
53 33 1
53 34 1
53 36 3
53 40 3
53 52 3
53 55 2
53 56 2
53 60 4
53 62 2
53 67 1
53 68 4
53 73 3
53 75 4
53 76 2
53 79 3
53 85 2
53 87 4
54 0 4
54 4 2
54 10 2
54 11 1
54 12 2
54 15 4
54 17 1
54 18 1
54 20 3
54 37 4
54 42 2
54 43 3
54 44 1
54 49 3
54 50 1
54 58 2
54 60 4
54 74 1
54 76 1
54 82 1
54 87 1
54 91 2
54 94 1
54 98 3
55 0 4
55 1 3
55 5 1
55 8 4
55 11 4
55 13 1
55 16 1
55 30 2
55 32 3
55 34 3
55 36 4
55 37 1
55 41 2
55 43 3
55 45 2
55 46 1
55 49 4
55 51 2
55 61 1
55 64 1
55 68 2
55 70 2
55 74 2
55 76 3
55 82 1
55 86 1
55 90 3
55 93 2
56 0 3
56 1 4
56 3 1
56 5 2
56 6 3
56 9 1
56 10 4
56 11 2
56 13 4
56 18 4
56 20 1
56 21 2
56 25 1
56 26 4
56 31 2
56 36 1
56 37 2
56 38 2
56 41 3
56 51 2
56 54 4
56 55 1
56 58 4
56 61 3
56 71 2
56 74 1
56 91 4
56 94 1
56 96 4
56 99 4
57 7 1
57 8 3
57 14 4
57 19 2
57 21 4
57 22 1
57 24 4
57 25 2
57 32 2
57 33 4
57 41 4
57 45 4
57 46 3
57 47 2
57 48 4
57 49 2
57 50 2
57 51 3
57 53 1
57 61 3
57 62 4
57 65 3
57 68 4
57 70 4
57 72 2
57 74 3
57 78 4
57 83 3
57 87 2
57 98 1
57 99 1
58 6 1
58 7 3
58 8 1
58 11 3
58 13 3
58 24 4
58 27 2
58 29 3
58 32 2
58 33 3
58 38 3
58 39 3
58 40 1
58 42 1
58 44 2
58 52 1
58 65 2
58 66 3
58 72 2
58 73 2
58 75 1
58 76 1
58 83 4
58 86 3
58 88 4
58 89 1
58 91 3
58 93 3
58 94 2
59 8 2
59 14 3
59 18 1
59 23 2
59 26 4
59 29 2
59 33 1
59 35 3
59 41 4
59 54 3
59 57 2
59 58 4
59 69 3
59 73 2
59 77 1
59 78 3
59 83 3
59 89 3
59 93 4
59 96 4
59 98 2
60 1 4
60 2 3
60 3 4
60 11 3
60 13 2
60 17 4
60 22 4
60 23 2
60 27 4
60 28 1
60 29 1
60 35 2
60 36 3
60 37 2
60 42 1
60 45 1
60 46 3
60 47 2
60 49 1
60 53 3
60 55 1
60 60 1
60 62 4
60 82 2
60 87 2
60 88 2
60 90 2
60 91 3
60 96 2
60 98 3
61 1 2
61 3 3
61 6 1
61 8 1
61 19 4
61 22 1
61 25 2
61 27 4
61 34 2
61 36 3
61 41 3
61 45 3
61 49 2
61 51 3
61 54 3
61 55 1
61 56 4
61 58 2
61 61 3
61 67 3
61 69 3
61 70 2
61 72 3
61 74 1
61 77 1
61 83 3
61 88 3
61 91 1
61 94 3
61 95 1
62 3 3
62 7 2
62 8 3
62 16 3
62 21 3
62 22 4
62 29 4
62 36 3
62 43 1
62 44 3
62 46 1
62 49 3
62 50 1
62 52 4
62 55 1
62 59 3
62 60 1
62 66 2
62 69 2
62 73 3
62 76 2
62 81 3
62 82 4
62 84 3
62 86 1
62 92 4
63 0 3
63 2 4
63 8 3
63 9 2
63 11 2
63 14 2
63 19 1
63 20 2
63 22 4
63 26 1
63 27 2
63 31 2
63 32 3
63 33 1
63 36 1
63 55 4
63 60 2
63 64 1
63 71 2
63 73 4
63 78 4
63 80 4
63 81 3
63 85 2
63 88 1
63 91 1
63 97 3
64 0 1
64 2 1
64 4 4
64 5 1
64 8 1
64 9 3
64 10 1
64 17 4
64 19 3
64 20 2
64 23 3
64 26 1
64 36 4
64 45 4
64 47 3
64 53 3
64 58 2
64 59 3
64 64 2
64 66 2
64 69 4
64 74 4
64 76 2
64 77 3
64 78 2
64 80 3
64 85 1
64 87 3
64 90 2
64 92 3
64 97 3
65 2 3
65 4 3
65 5 3
65 6 1
65 8 3
65 9 1
65 11 3
65 17 2
65 23 4
65 30 3
65 33 1
65 38 1
65 41 3
65 45 1
65 56 4
65 60 2
65 62 1
65 64 4
65 66 1
65 68 1
65 69 4
65 71 4
65 84 4
65 87 1
65 95 1
65 98 2
66 0 2
66 2 1
66 5 4
66 7 1
66 10 1
66 14 3
66 19 3
66 20 4
66 31 3
66 33 1
66 41 3
66 44 3
66 48 3
66 52 3
66 53 1
66 66 2
66 72 1
66 73 1
66 74 1
66 80 1
66 81 1
66 87 3
66 88 2
66 94 1
67 5 3
67 6 1
67 14 1
67 17 3
67 20 1
67 21 3
67 28 4
67 30 3
67 39 2
67 42 1
67 44 4
67 54 4
67 57 1
67 60 4
67 62 2
67 63 3
67 67 3
67 75 3
67 80 1
67 85 2
67 87 3
67 88 2
67 89 3
67 90 1
67 96 1
67 99 1
68 0 1
68 7 2
68 8 4
68 14 4
68 15 3
68 19 1
68 24 4
68 25 3
68 27 2
68 30 4
68 35 4
68 41 1
68 42 3
68 44 1
68 45 1
68 47 3
68 69 3
68 72 4
68 75 2
68 76 1
68 83 2
68 85 4
68 88 4
68 89 4
68 90 4
68 92 2
69 0 4
69 5 2
69 7 1
69 15 4
69 18 3
69 22 1
69 29 1
69 30 3
69 31 2
69 42 4
69 43 2
69 47 3
69 49 4
69 51 1
69 52 3
69 57 4
69 59 1
69 62 3
69 63 1
69 68 4
69 77 1
69 80 2
69 83 1
69 85 2
69 87 1
69 93 3
69 97 3
70 3 4
70 8 4
70 13 4
70 20 4
70 21 4
70 22 4
70 33 4
70 40 1
70 41 1
70 47 3
70 48 1
70 50 2
70 53 2
70 56 1
70 57 1
70 59 1
70 61 4
70 65 1
70 67 3
70 69 2
70 70 1
70 72 3
70 74 1
70 82 4
70 84 2
70 85 1
70 86 4
70 96 3
71 0 1
71 12 3
71 17 1
71 18 4
71 20 4
71 21 2
71 23 3
71 28 1
71 30 2
71 42 1
71 44 1
71 46 1
71 50 2
71 51 3
71 58 4
71 59 2
71 63 1
71 68 3
71 71 3
71 74 1
71 80 3
71 82 2
71 87 3
71 90 2
71 92 3
71 93 4
72 2 3
72 7 1
72 14 4
72 18 3
72 20 3
72 22 3
72 23 3
72 27 2
72 29 3
72 35 1
72 41 3
72 50 3
72 52 2
72 54 1
72 57 3
72 60 1
72 61 1
72 63 1
72 71 3
72 74 4
72 75 4
72 78 2
72 85 2
72 94 1
72 96 1
72 98 2
73 5 1
73 22 4
73 25 2
73 26 4
73 37 1
73 41 2
73 44 4
73 50 3
73 58 4
73 62 4
73 64 1
73 65 2
73 68 1
73 70 1
73 79 4
73 85 4
73 94 4
73 98 4
73 99 1
74 18 2
74 19 4
74 23 1
74 25 1
74 31 4
74 41 2
74 42 3
74 46 1
74 48 4
74 52 1
74 55 4
74 57 1
74 58 4
74 62 3
74 74 2
74 81 4
74 87 2
74 88 3
74 92 4
74 95 2
74 96 3
74 97 4
75 8 1
75 9 4
75 10 3
75 12 3
75 22 3
75 24 4
75 32 2
75 37 1
75 42 2
75 44 2
75 45 4
75 52 4
75 54 3
75 56 3
75 63 2
75 65 1
75 67 4
75 74 3
75 84 4
75 97 1
76 3 4
76 4 4
76 9 4
76 11 1
76 12 3
76 23 4
76 28 1
76 32 3
76 41 2
76 45 3
76 53 4
76 57 1
76 59 1
76 60 1
76 67 1
76 68 2
76 71 3
76 78 1
76 85 4
76 86 2
76 96 3
76 99 4
77 2 3
77 6 2
77 8 2
77 9 3
77 16 3
77 23 2
77 29 2
77 35 1
77 36 4
77 39 3
77 40 1
77 41 2
77 45 2
77 50 1
77 54 2
77 56 2
77 58 1
77 59 2
77 60 2
77 61 4
77 63 4
77 64 3
77 67 2
77 70 2
77 71 2
77 81 3
77 84 2
77 88 2
77 89 3
77 92 1
77 97 4
77 99 2
78 19 4
78 20 3
78 21 1
78 22 3
78 23 3
78 31 2
78 32 2
78 37 3
78 39 3
78 45 2
78 46 4
78 53 4
78 54 1
78 56 1
78 62 3
78 63 1
78 65 3
78 67 3
78 71 3
78 73 1
78 74 4
78 75 1
78 80 2
78 81 1
78 82 3
78 84 1
78 85 2
78 88 4
78 92 1
79 3 4
79 4 2
79 5 1
79 10 3
79 19 4
79 33 4
79 44 2
79 52 4
79 53 4
79 56 1
79 62 3
79 67 3
79 68 2
79 75 1
79 77 3
79 78 1
79 85 2
79 87 1
79 91 3
79 92 3
79 94 3
79 95 4
79 98 1
80 5 3
80 8 4
80 13 3
80 15 2
80 24 4
80 26 1
80 27 1
80 28 3
80 31 1
80 32 4
80 38 4
80 47 4
80 53 3
80 59 1
80 62 2
80 66 3
80 69 4
80 80 1
80 81 4
80 82 4
80 85 4
80 87 4
80 88 3
80 89 1
80 91 3
80 92 3
80 93 2
80 98 4
81 1 4
81 4 1
81 7 4
81 11 1
81 15 3
81 17 3
81 22 1
81 23 1
81 24 1
81 27 4
81 32 2
81 35 3
81 38 2
81 40 2
81 45 3
81 47 1
81 54 4
81 70 2
81 73 2
81 74 4
81 75 4
81 79 1
81 82 2
81 83 3
81 94 3
81 99 1
82 0 3
82 1 4
82 2 3
82 4 2
82 11 3
82 17 2
82 18 2
82 22 3
82 28 4
82 35 3
82 42 3
82 44 2
82 52 3
82 61 4
82 68 4
82 72 4
82 75 3
82 83 4
82 90 3
82 91 2
82 99 2
83 3 1
83 14 1
83 15 1
83 16 2
83 20 1
83 23 3
83 30 4
83 37 3
83 39 3
83 40 3
83 41 3
83 44 3
83 48 4
83 51 4
83 52 1
83 61 4
83 66 1
83 67 2
83 69 1
83 75 2
83 77 3
83 78 4
83 86 4
83 87 1
83 89 2
83 93 2
83 94 4
83 95 3
83 97 3
84 0 4
84 5 2
84 16 1
84 20 3
84 24 1
84 26 1
84 27 1
84 32 4
84 37 3
84 44 4
84 48 4
84 52 4
84 54 1
84 58 3
84 60 2
84 64 2
84 73 3
84 78 2
84 81 1
84 86 4
84 88 3
84 89 2
84 90 1
84 97 2
84 98 3
84 99 4
85 4 1
85 5 1
85 9 1
85 10 4
85 18 4
85 19 1
85 29 4
85 31 3
85 36 3
85 40 3
85 44 2
85 45 4
85 58 4
85 60 4
85 63 4
85 65 4
85 71 2
85 73 2
85 85 4
85 89 2
85 90 1
85 91 2
85 94 4
86 0 4
86 1 4
86 5 3
86 6 2
86 11 1
86 12 3
86 14 3
86 16 4
86 18 3
86 23 1
86 26 3
86 27 4
86 29 2
86 30 4
86 32 2
86 36 4
86 39 1
86 55 4
86 56 2
86 59 1
86 63 1
86 69 4
86 70 4
86 73 4
86 76 4
86 77 4
86 78 2
86 79 3
86 82 3
86 85 1
86 88 4
87 2 1
87 4 3
87 11 3
87 15 4
87 18 3
87 23 2
87 29 1
87 38 3
87 42 3
87 45 1
87 47 3
87 49 2
87 51 1
87 52 3
87 53 1
87 57 3
87 59 2
87 61 3
87 62 2
87 70 4
87 72 1
87 75 2
87 79 1
87 85 2
87 87 4
87 98 1
88 1 4
88 2 3
88 4 1
88 6 1
88 7 3
88 9 2
88 12 1
88 17 4
88 19 2
88 21 2
88 24 1
88 25 1
88 26 2
88 28 2
88 30 1
88 32 4
88 35 2
88 39 2
88 40 4
88 41 4
88 63 2
88 66 1
88 67 3
88 70 2
88 77 1
88 79 1
88 82 1
88 85 1
88 86 2
88 87 4
88 89 2
88 93 3
88 97 3
89 7 1
89 8 4
89 14 3
89 22 3
89 26 4
89 28 4
89 29 1
89 33 2
89 40 3
89 41 3
89 44 1
89 46 2
89 49 3
89 57 1
89 58 3
89 60 4
89 63 4
89 67 4
89 70 4
89 73 2
89 76 3
89 78 2
89 91 1
89 97 4
89 99 1
90 7 2
90 21 3
90 34 2
90 39 1
90 40 3
90 44 1
90 46 4
90 51 4
90 53 1
90 62 4
90 65 1
90 69 1
90 75 2
90 76 3
90 77 3
90 80 3
90 85 1
90 90 4
90 93 3
90 98 4
90 99 2
91 4 3
91 6 3
91 15 4
91 23 3
91 24 4
91 28 1
91 29 2
91 30 2
91 31 3
91 33 2
91 39 2
91 42 2
91 43 2
91 48 1
91 50 2
91 64 3
91 68 3
91 69 3
91 70 2
91 77 1
91 80 2
91 85 1
91 92 3
91 95 3
91 98 1
92 1 2
92 2 4
92 8 2
92 10 1
92 26 2
92 28 1
92 33 4
92 34 2
92 43 2
92 46 3
92 48 2
92 49 3
92 51 2
92 53 2
92 54 1
92 68 1
92 70 4
92 73 3
92 74 4
92 78 4
92 80 4
92 81 1
92 82 1
92 84 4
92 85 4
92 95 4
92 98 2
92 99 2
93 5 1
93 6 3
93 16 1
93 29 1
93 32 1
93 41 2
93 42 4
93 43 1
93 48 1
93 50 4
93 54 4
93 81 2
93 83 4
93 86 2
93 93 2
93 95 3
93 97 1
93 98 3
94 0 3
94 1 4
94 8 4
94 13 3
94 16 1
94 24 4
94 30 3
94 32 4
94 33 3
94 38 1
94 42 3
94 47 2
94 48 2
94 50 2
94 55 4
94 56 4
94 58 1
94 59 1
94 60 4
94 61 1
94 67 2
94 68 1
94 74 4
94 75 2
94 76 2
94 79 4
94 84 1
94 86 4
94 87 1
94 91 2
94 92 3
95 18 3
95 21 2
95 23 1
95 25 4
95 29 1
95 35 3
95 47 1
95 59 3
95 64 2
95 66 3
95 68 1
95 73 2
95 76 3
95 78 1
95 85 2
95 91 3
95 94 2
95 98 2
96 3 2
96 7 4
96 21 1
96 22 2
96 27 4
96 32 3
96 33 1
96 34 4
96 35 3
96 36 4
96 37 3
96 38 2
96 39 3
96 40 3
96 42 3
96 44 2
96 54 1
96 55 1
96 61 3
96 63 3
96 69 4
96 71 2
96 82 2
96 88 1
96 90 2
96 91 3
96 97 4
96 99 1
97 3 4
97 4 3
97 7 4
97 10 1
97 11 3
97 12 2
97 16 4
97 20 2
97 24 2
97 29 3
97 34 4
97 38 1
97 39 2
97 40 3
97 42 2
97 45 2
97 55 1
97 56 1
97 60 1
97 63 2
97 68 1
97 69 1
97 71 4
97 81 1
97 84 4
97 85 3
97 87 4
97 90 3
97 94 2
97 96 3
98 0 1
98 6 4
98 10 3
98 11 4
98 19 4
98 20 2
98 21 2
98 22 4
98 28 4
98 34 2
98 41 3
98 44 3
98 45 4
98 47 4
98 58 4
98 61 4
98 64 2
98 67 2
98 71 4
98 74 1
98 77 3
98 87 4
98 93 3
98 94 1
98 96 2
99 8 3
99 13 1
99 18 3
99 22 2
99 23 2
99 25 3
99 28 2
99 33 3
99 35 3
99 43 2
99 48 4
99 50 3
99 51 4
99 56 1
99 61 3
99 62 3
99 76 2
99 79 2
99 85 3
99 90 4
99 92 4
99 96 4
-1 
0 10 3460
0 11 2495
0 13 686
1 1 1908
1 9 344
1 15 2626
2 3 74
3 4 1015
4 6 1998
4 8 2672
4 15 3246
5 0 2962
5 3 2173
5 7 798
6 11 1852
6 13 753
6 14 2046
7 0 1176
7 9 2471
7 15 357
8 0 983
8 14 1695
8 15 2980
9 0 1285
9 10 2680
9 15 109
9 17 602
10 6 991
11 3 780
11 11 885
12 16 1651
13 8 2314
13 16 3046
14 4 172
15 12 2547
15 13 2460
15 16 550
15 18 546
16 0 2179
16 3 1288
16 4 1893
16 6 3449
16 17 1276
17 9 2840
17 13 2225
17 16 2790
17 19 584
18 4 3272
18 16 2132
19 19 1208
20 1 391
20 9 3451
20 13 2814
21 0 834
21 2 128
21 5 2699
21 16 1945
21 18 785
22 0 3074
22 19 2214
23 6 410
23 18 3435
24 0 3422
24 15 776
25 8 1632
26 4 1951
26 9 3161
26 13 18
26 16 1209
26 19 3276
27 7 244
28 3 466
28 14 627
29 10 2399
29 19 96
30 14 1948
30 17 888
31 5 3125
31 11 2367
32 4 2822
32 17 2737
33 0 2150
33 5 2684
33 7 1525
33 9 3041
33 11 2128
33 14 253
34 9 181
34 12 1424
35 10 1768
35 13 1174
35 15 2187
35 17 1307
35 19 89
36 7 139
36 8 434
36 12 2704
36 13 1014
36 19 1897
37 5 2004
37 12 1613
38 7 2734
38 16 2438
39 5 950
39 6 776
39 9 3177
40 2 520
40 4 1090
40 10 2932
40 19 294
41 1 1526
41 7 2508
41 9 412
41 11 3459
42 1 2682
42 3 2305
42 12 136
43 0 1889
43 9 2724
43 10 2157
44 4 708
44 7 321
44 8 694
44 17 795
44 18 671
45 4 1346
45 9 1792
45 17 3577
46 8 1197
46 14 1599
47 1 1995
47 2 2073
47 6 992
48 0 1079
48 12 1495
49 5 1670
49 6 1297
49 11 3310
-1 
0 361
1 358
2 155
3 436
4 460
5 57
6 349
7 210
8 435
9 362
10 128
11 496
12 126
13 369
14 254
15 60
16 356
17 453
18 8
19 416
20 201
21 106
22 69
23 21
24 211
25 17
26 262
27 490
28 361
29 447
30 439
31 299
32 123
33 414
34 179
35 439
36 389
37 212
38 162
39 200
40 206
41 226
42 44
43 97
44 74
45 278
46 169
47 384
48 465
49 483
50 444
51 487
52 427
53 335
54 233
55 320
56 336
57 25
58 252
59 209
60 114
61 19
62 157
63 317
64 109
65 2
66 477
67 369
68 125
69 466
70 294
71 313
72 60
73 264
74 232
75 330
76 128
77 270
78 203
79 8
80 465
81 315
82 343
83 105
84 284
85 309
86 64
87 396
88 182
89 357
90 477
91 46
92 386
93 118
94 109
95 416
96 351
97 82
98 251
99 305
-1 
0 952
1 189
2 754
3 400
4 196
5 324
6 163
7 57
8 724
9 734
10 533
11 433
12 911
13 354
14 699
15 807
16 237
17 411
18 685
19 934
20 140
21 184
22 339
23 286
24 830
25 875
26 346
27 588
28 137
29 717
30 791
31 492
32 457
33 399
34 302
35 485
36 104
37 78
38 819
39 434
40 634
41 504
42 322
43 187
44 485
45 560
46 95
47 270
48 681
49 277
50 869
51 351
52 566
53 598
54 598
55 30
56 269
57 258
58 539
59 503
60 287
61 266
62 424
63 472
64 76
65 260
66 421
67 60
68 638
69 614
70 185
71 290
72 758
73 716
74 913
75 145
76 8
77 116
78 254
79 155
80 25
81 936
82 814
83 88
84 944
85 416
86 118
87 366
88 410
89 480
90 678
91 7
92 541
93 830
94 186
95 613
96 759
97 195
98 520
99 92
-1 
0 86400
1 86400
2 86400
3 86400
4 86400
5 86400
6 86400
7 86400
8 86400
9 86400
10 86400
11 86400
12 86400
13 86400
14 86400
15 86400
16 86400
17 86400
18 86400
19 86400
-1 
