100
100
50
20
0 9 4 1
0 9 6 20
0 9 10 2
0 15 11 19
0 15 13 20
0 15 16 15
0 15 18 8
0 16 11 12
0 17 6 18
0 17 18 2
0 22 2 3
0 22 6 10
0 22 8 6
0 22 10 12
0 22 18 12
0 25 15 17
0 25 18 12
0 27 8 8
0 27 15 17
0 33 0 20
0 33 3 17
0 33 9 16
0 47 0 8
0 47 5 7
0 47 12 14
0 47 19 11
1 2 2 4
1 2 7 9
1 2 11 18
1 2 12 16
1 6 6 13
1 6 8 20
1 6 16 3
1 12 2 1
1 12 11 4
1 12 13 12
1 12 18 7
1 23 1 1
1 23 11 14
1 23 13 17
1 32 7 17
1 32 9 3
1 32 19 5
1 36 1 5
1 36 8 9
1 36 11 5
1 36 18 10
1 42 1 19
1 42 7 10
1 46 6 6
1 46 14 18
2 1 0 11
2 1 7 8
2 8 2 5
2 8 3 20
2 8 13 15
2 8 18 3
2 8 19 10
2 17 6 1
2 17 18 6
2 32 7 3
2 32 9 12
2 32 19 16
2 36 1 16
2 36 8 10
2 36 11 9
2 36 18 9
2 37 8 14
2 37 13 7
2 43 2 18
2 43 4 15
2 43 10 8
2 43 14 18
2 43 15 17
2 43 17 18
2 43 18 9
3 2 2 1
3 2 7 7
3 2 11 17
3 2 12 19
3 4 0 18
3 4 9 6
3 4 11 2
3 6 6 12
3 6 8 3
3 6 16 1
3 18 0 20
3 24 2 3
3 24 5 18
3 24 10 6
3 24 12 16
3 24 13 13
3 24 17 17
3 26 4 2
3 26 7 1
3 26 10 14
3 26 13 3
3 27 8 8
3 27 15 1
3 33 0 10
3 33 3 7
3 33 9 16
3 42 1 1
3 42 7 8
3 43 2 8
3 43 4 14
3 43 10 8
3 43 14 10
3 43 15 11
3 43 17 9
3 43 18 16
4 3 6 13
4 4 0 6
4 4 9 19
4 4 11 1
4 7 17 6
4 18 0 11
4 23 1 2
4 23 11 20
4 23 13 10
4 25 15 2
4 25 18 10
4 33 0 3
4 33 3 9
4 33 9 17
4 37 8 13
4 37 13 3
4 38 8 18
4 38 18 16
4 40 11 9
5 1 0 13
5 1 7 15
5 18 0 1
5 25 15 2
5 25 18 6
5 34 0 2
5 34 10 2
5 34 12 8
5 43 2 18
5 43 4 13
5 43 10 2
5 43 14 19
5 43 15 7
5 43 17 20
5 43 18 3
6 3 6 15
6 12 2 14
6 12 11 1
6 12 13 18
6 12 18 18
6 18 0 6
6 28 0 10
6 28 3 5
6 28 16 5
6 30 0 1
6 30 4 18
6 30 8 9
6 30 11 15
6 31 5 7
6 31 8 4
6 31 17 20
6 35 1 16
6 35 3 5
6 35 9 14
6 41 0 3
6 41 7 19
6 41 16 9
6 44 11 20
7 7 17 5
7 10 10 7
7 10 11 15
7 12 2 10
7 12 11 5
7 12 13 10
7 12 18 17
7 16 11 10
7 20 9 14
7 20 11 18
7 20 14 14
7 20 19 3
7 22 2 1
7 22 6 15
7 22 8 1
7 22 10 20
7 22 18 8
7 28 0 14
7 28 3 16
7 28 16 6
7 31 5 13
7 31 8 13
7 31 17 11
7 42 1 20
7 42 7 10
7 46 6 17
7 46 14 17
7 49 4 14
7 49 8 11
7 49 9 12
7 49 13 18
8 1 0 1
8 1 7 18
8 9 4 18
8 9 6 16
8 9 10 19
8 11 17 17
8 21 3 13
8 21 4 14
8 21 14 20
8 21 15 16
8 21 19 5
8 28 0 12
8 28 3 4
8 28 16 7
8 48 8 2
8 48 16 17
8 48 18 2
9 3 6 16
9 8 2 12
9 8 3 7
9 8 13 1
9 8 18 16
9 8 19 3
9 12 2 5
9 12 11 11
9 12 13 19
9 12 18 5
9 17 6 17
9 17 18 2
9 23 1 11
9 23 11 6
9 23 13 15
9 24 2 9
9 24 5 9
9 24 10 7
9 24 12 12
9 24 13 10
9 24 17 4
9 27 8 14
9 27 15 17
9 32 7 10
9 32 9 4
9 32 19 16
9 41 0 4
9 41 7 2
9 41 16 15
9 44 11 16
9 47 0 5
9 47 5 8
9 47 12 19
9 47 19 10
10 4 0 20
10 4 9 15
10 4 11 16
10 14 8 12
10 14 17 20
10 16 11 10
10 19 8 17
10 19 11 19
10 19 13 16
10 19 16 1
10 23 1 15
10 23 11 10
10 23 13 11
10 26 4 13
10 26 7 18
10 26 10 18
10 26 13 12
10 34 0 9
10 34 10 12
10 34 12 20
10 40 11 3
10 49 4 5
10 49 8 12
10 49 9 12
10 49 13 19
11 4 0 18
11 4 9 15
11 4 11 20
11 5 13 8
11 9 4 19
11 9 6 14
11 9 10 10
11 17 6 11
11 17 18 6
11 28 0 9
11 28 3 6
11 28 16 18
11 29 3 1
11 29 4 12
11 29 10 8
11 29 19 6
11 34 0 6
11 34 10 1
11 34 12 12
11 38 8 10
11 38 18 18
11 46 6 3
11 46 14 5
12 3 6 7
12 14 8 4
12 14 17 6
12 17 6 14
12 17 18 9
12 20 9 12
12 20 11 17
12 20 14 9
12 20 19 2
12 24 2 4
12 24 5 3
12 24 10 17
12 24 12 4
12 24 13 19
12 24 17 8
12 29 3 11
12 29 4 17
12 29 10 6
12 29 19 16
12 34 0 16
12 34 10 5
12 34 12 14
12 44 11 18
12 46 6 14
12 46 14 18
13 3 6 4
13 5 13 15
13 6 6 16
13 6 8 3
13 6 16 20
13 21 3 18
13 21 4 10
13 21 14 19
13 21 15 4
13 21 19 7
13 26 4 13
13 26 7 10
13 26 10 19
13 26 13 13
13 44 11 9
13 48 8 19
13 48 16 16
13 48 18 12
14 0 5 20
14 0 7 8
14 0 13 2
14 0 15 2
14 3 6 16
14 6 6 9
14 6 8 14
14 6 16 18
14 7 17 13
14 8 2 17
14 8 3 15
14 8 13 3
14 8 18 7
14 8 19 18
14 10 10 1
14 10 11 20
14 27 8 15
14 27 15 7
14 31 5 15
14 31 8 14
14 31 17 10
14 33 0 18
14 33 3 11
14 33 9 18
14 42 1 14
14 42 7 7
14 45 5 19
14 45 17 5
14 48 8 11
14 48 16 1
14 48 18 6
15 3 6 11
15 17 6 17
15 17 18 3
15 21 3 7
15 21 4 10
15 21 14 20
15 21 15 1
15 21 19 10
15 33 0 17
15 33 3 4
15 33 9 3
15 45 5 14
15 45 17 11
15 48 8 14
15 48 16 17
15 48 18 6
16 0 5 8
16 0 7 14
16 0 13 19
16 0 15 12
16 5 13 13
16 8 2 9
16 8 3 9
16 8 13 20
16 8 18 14
16 8 19 8
16 13 6 9
16 13 19 4
16 20 9 7
16 20 11 12
16 20 14 18
16 20 19 17
16 23 1 18
16 23 11 6
16 23 13 8
16 26 4 15
16 26 7 15
16 26 10 5
16 26 13 20
16 43 2 12
16 43 4 9
16 43 10 19
16 43 14 7
16 43 15 10
16 43 17 5
16 43 18 15
16 49 4 7
16 49 8 17
16 49 9 16
16 49 13 18
17 0 5 4
17 0 7 14
17 0 13 8
17 0 15 4
17 11 17 9
17 15 11 14
17 15 13 7
17 15 16 8
17 15 18 10
17 17 6 20
17 17 18 5
17 18 0 20
17 25 15 14
17 25 18 13
17 26 4 5
17 26 7 20
17 26 10 1
17 26 13 16
17 29 3 20
17 29 4 5
17 29 10 10
17 29 19 17
17 36 1 20
17 36 8 5
17 36 11 4
17 36 18 13
17 41 0 13
17 41 7 8
17 41 16 6
17 43 2 7
17 43 4 6
17 43 10 8
17 43 14 4
17 43 15 18
17 43 17 14
17 43 18 9
17 47 0 16
17 47 5 3
17 47 12 15
17 47 19 15
18 0 5 4
18 0 7 15
18 0 13 10
18 0 15 3
18 9 4 16
18 9 6 14
18 9 10 4
18 26 4 20
18 26 7 4
18 26 10 10
18 26 13 15
18 28 0 20
18 28 3 4
18 28 16 1
18 29 3 5
18 29 4 10
18 29 10 17
18 29 19 18
18 39 7 3
18 39 9 3
18 39 14 12
18 41 0 8
18 41 7 14
18 41 16 18
18 42 1 5
18 42 7 9
18 43 2 14
18 43 4 2
18 43 10 15
18 43 14 7
18 43 15 1
18 43 17 7
18 43 18 3
19 1 0 5
19 1 7 20
19 16 11 8
19 20 9 2
19 20 11 3
19 20 14 16
19 20 19 10
19 26 4 14
19 26 7 11
19 26 10 16
19 26 13 17
20 0 5 14
20 0 7 18
20 0 13 11
20 0 15 19
20 2 2 15
20 2 7 12
20 2 11 3
20 2 12 11
20 5 13 2
20 8 2 3
20 8 3 1
20 8 13 14
20 8 18 13
20 8 19 18
20 12 2 20
20 12 11 14
20 12 13 17
20 12 18 5
20 16 11 19
20 18 0 1
20 31 5 7
20 31 8 20
20 31 17 11
20 38 8 7
20 38 18 20
20 40 11 2
20 42 1 14
20 42 7 1
20 43 2 9
20 43 4 15
20 43 10 2
20 43 14 16
20 43 15 4
20 43 17 18
20 43 18 13
21 0 5 6
21 0 7 6
21 0 13 5
21 0 15 18
21 10 10 20
21 10 11 13
21 11 17 19
21 17 6 9
21 17 18 6
21 19 8 3
21 19 11 1
21 19 13 19
21 19 16 2
21 22 2 12
21 22 6 18
21 22 8 11
21 22 10 1
21 22 18 10
21 24 2 3
21 24 5 9
21 24 10 10
21 24 12 12
21 24 13 1
21 24 17 10
21 28 0 1
21 28 3 17
21 28 16 13
21 29 3 6
21 29 4 10
21 29 10 6
21 29 19 9
21 35 1 13
21 35 3 15
21 35 9 2
21 43 2 13
21 43 4 14
21 43 10 15
21 43 14 19
21 43 15 13
21 43 17 7
21 43 18 13
21 49 4 5
21 49 8 4
21 49 9 18
21 49 13 17
22 5 13 12
22 7 17 10
22 21 3 16
22 21 4 1
22 21 14 10
22 21 15 7
22 21 19 4
22 42 1 3
22 42 7 15
22 45 5 15
22 45 17 20
22 46 6 14
22 46 14 1
22 47 0 9
22 47 5 5
22 47 12 5
22 47 19 15
23 3 6 11
23 9 4 5
23 9 6 12
23 9 10 14
23 10 10 14
23 10 11 1
23 11 17 19
23 17 6 7
23 17 18 19
23 21 3 20
23 21 4 12
23 21 14 8
23 21 15 4
23 21 19 5
23 31 5 4
23 31 8 5
23 31 17 18
23 41 0 13
23 41 7 14
23 41 16 16
24 16 11 11
24 19 8 10
24 19 11 1
24 19 13 19
24 19 16 17
24 25 15 18
24 25 18 8
24 26 4 7
24 26 7 19
24 26 10 2
24 26 13 19
24 28 0 16
24 28 3 7
24 28 16 12
24 37 8 17
24 37 13 6
24 43 2 16
24 43 4 19
24 43 10 17
24 43 14 1
24 43 15 3
24 43 17 2
24 43 18 3
24 46 6 11
24 46 14 6
25 10 10 20
25 10 11 1
25 16 11 8
25 20 9 15
25 20 11 5
25 20 14 17
25 20 19 3
25 22 2 18
25 22 6 16
25 22 8 13
25 22 10 14
25 22 18 5
25 35 1 20
25 35 3 10
25 35 9 12
25 36 1 13
25 36 8 13
25 36 11 19
25 36 18 5
26 12 2 20
26 12 11 10
26 12 13 11
26 12 18 14
26 27 8 18
26 27 15 13
26 43 2 9
26 43 4 19
26 43 10 5
26 43 14 17
26 43 15 20
26 43 17 16
26 43 18 19
26 46 6 15
26 46 14 15
27 4 0 20
27 4 9 13
27 4 11 3
27 7 17 8
27 10 10 14
27 10 11 6
27 12 2 5
27 12 11 11
27 12 13 3
27 12 18 10
27 17 6 3
27 17 18 15
27 23 1 9
27 23 11 7
27 23 13 4
27 32 7 6
27 32 9 17
27 32 19 19
27 38 8 2
27 38 18 15
27 45 5 8
27 45 17 17
28 0 5 20
28 0 7 2
28 0 13 6
28 0 15 3
28 2 2 4
28 2 7 11
28 2 11 8
28 2 12 18
28 4 0 18
28 4 9 11
28 4 11 10
28 11 17 5
28 17 6 15
28 17 18 13
28 27 8 3
28 27 15 16
28 31 5 1
28 31 8 3
28 31 17 7
28 37 8 12
28 37 13 14
28 40 11 3
28 41 0 9
28 41 7 2
28 41 16 17
28 43 2 3
28 43 4 19
28 43 10 19
28 43 14 8
28 43 15 2
28 43 17 17
28 43 18 14
29 2 2 3
29 2 7 18
29 2 11 14
29 2 12 16
29 14 8 8
29 14 17 19
29 15 11 10
29 15 13 9
29 15 16 18
29 15 18 19
29 16 11 13
29 17 6 7
29 17 18 3
29 18 0 14
29 20 9 16
29 20 11 4
29 20 14 10
29 20 19 19
29 33 0 19
29 33 3 7
29 33 9 11
29 34 0 20
29 34 10 18
29 34 12 12
29 44 11 19
29 48 8 1
29 48 16 10
29 48 18 11
30 3 6 13
30 9 4 15
30 9 6 4
30 9 10 17
30 22 2 13
30 22 6 1
30 22 8 16
30 22 10 19
30 22 18 5
30 33 0 1
30 33 3 2
30 33 9 6
30 43 2 18
30 43 4 10
30 43 10 18
30 43 14 14
30 43 15 16
30 43 17 18
30 43 18 16
30 46 6 12
30 46 14 6
31 1 0 15
31 1 7 9
31 7 17 11
31 11 17 5
31 13 6 2
31 13 19 13
31 14 8 17
31 14 17 2
31 21 3 19
31 21 4 15
31 21 14 11
31 21 15 4
31 21 19 4
31 26 4 19
31 26 7 18
31 26 10 11
31 26 13 9
31 31 5 15
31 31 8 16
31 31 17 4
31 36 1 10
31 36 8 2
31 36 11 6
31 36 18 6
31 38 8 13
31 38 18 9
31 44 11 5
31 47 0 11
31 47 5 2
31 47 12 15
31 47 19 4
32 11 17 19
32 12 2 10
32 12 11 13
32 12 13 15
32 12 18 18
32 13 6 13
32 13 19 15
32 16 11 19
32 22 2 19
32 22 6 13
32 22 8 16
32 22 10 8
32 22 18 3
32 26 4 10
32 26 7 15
32 26 10 10
32 26 13 12
32 30 0 3
32 30 4 6
32 30 8 19
32 30 11 15
32 36 1 5
32 36 8 9
32 36 11 14
32 36 18 18
32 42 1 15
32 42 7 8
32 43 2 3
32 43 4 15
32 43 10 10
32 43 14 19
32 43 15 13
32 43 17 9
32 43 18 5
32 44 11 20
32 47 0 7
32 47 5 20
32 47 12 16
32 47 19 10
33 8 2 13
33 8 3 14
33 8 13 19
33 8 18 11
33 8 19 18
33 21 3 5
33 21 4 14
33 21 14 8
33 21 15 10
33 21 19 12
33 23 1 18
33 23 11 5
33 23 13 10
33 25 15 2
33 25 18 11
33 30 0 19
33 30 4 13
33 30 8 17
33 30 11 8
33 35 1 12
33 35 3 12
33 35 9 2
33 46 6 15
33 46 14 18
33 49 4 12
33 49 8 13
33 49 9 7
33 49 13 4
34 0 5 4
34 0 7 17
34 0 13 5
34 0 15 2
34 6 6 4
34 6 8 17
34 6 16 6
34 7 17 5
34 12 2 4
34 12 11 8
34 12 13 13
34 12 18 8
34 40 11 12
34 41 0 8
34 41 7 6
34 41 16 15
35 0 5 9
35 0 7 12
35 0 13 16
35 0 15 18
35 10 10 9
35 10 11 18
35 18 0 11
35 19 8 9
35 19 11 16
35 19 13 7
35 19 16 11
35 20 9 9
35 20 11 19
35 20 14 15
35 20 19 7
35 32 7 7
35 32 9 7
35 32 19 3
35 35 1 20
35 35 3 16
35 35 9 8
35 45 5 7
35 45 17 5
35 48 8 3
35 48 16 16
35 48 18 9
35 49 4 4
35 49 8 1
35 49 9 9
35 49 13 1
36 14 8 11
36 14 17 4
36 15 11 13
36 15 13 9
36 15 16 13
36 15 18 13
36 17 6 17
36 17 18 13
36 30 0 7
36 30 4 17
36 30 8 14
36 30 11 6
36 49 4 6
36 49 8 5
36 49 9 2
36 49 13 14
37 6 6 16
37 6 8 1
37 6 16 13
37 14 8 5
37 14 17 19
37 29 3 5
37 29 4 2
37 29 10 10
37 29 19 14
37 41 0 19
37 41 7 16
37 41 16 15
38 0 5 13
38 0 7 19
38 0 13 9
38 0 15 6
38 9 4 9
38 9 6 7
38 9 10 3
38 22 2 5
38 22 6 4
38 22 8 20
38 22 10 16
38 22 18 10
38 36 1 8
38 36 8 2
38 36 11 4
38 36 18 4
38 40 11 11
38 42 1 9
38 42 7 8
38 48 8 6
38 48 16 14
38 48 18 6
39 1 0 18
39 1 7 1
39 6 6 10
39 6 8 9
39 6 16 16
39 8 2 11
39 8 3 18
39 8 13 3
39 8 18 20
39 8 19 4
39 15 11 11
39 15 13 4
39 15 16 4
39 15 18 18
39 20 9 17
39 20 11 14
39 20 14 17
39 20 19 15
39 21 3 14
39 21 4 4
39 21 14 18
39 21 15 6
39 21 19 19
39 22 2 5
39 22 6 9
39 22 8 15
39 22 10 4
39 22 18 5
39 27 8 9
39 27 15 9
39 36 1 7
39 36 8 8
39 36 11 19
39 36 18 7
39 37 8 2
39 37 13 17
39 39 7 18
39 39 9 3
39 39 14 17
39 42 1 14
39 42 7 19
40 3 6 14
40 4 0 19
40 4 9 17
40 4 11 8
40 10 10 1
40 10 11 10
40 12 2 15
40 12 11 12
40 12 13 8
40 12 18 19
40 16 11 1
40 20 9 6
40 20 11 11
40 20 14 6
40 20 19 11
40 26 4 13
40 26 7 11
40 26 10 15
40 26 13 14
40 28 0 16
40 28 3 10
40 28 16 13
40 30 0 20
40 30 4 8
40 30 8 8
40 30 11 16
40 36 1 18
40 36 8 7
40 36 11 15
40 36 18 11
40 38 8 6
40 38 18 10
40 43 2 13
40 43 4 10
40 43 10 15
40 43 14 6
40 43 15 16
40 43 17 5
40 43 18 14
40 44 11 15
40 45 5 20
40 45 17 3
41 11 17 8
41 15 11 7
41 15 13 14
41 15 16 19
41 15 18 5
41 23 1 18
41 23 11 1
41 23 13 5
41 24 2 15
41 24 5 8
41 24 10 15
41 24 12 8
41 24 13 11
41 24 17 12
41 29 3 8
41 29 4 13
41 29 10 4
41 29 19 9
41 32 7 10
41 32 9 10
41 32 19 19
41 35 1 19
41 35 3 1
41 35 9 15
41 44 11 13
42 2 2 3
42 2 7 8
42 2 11 9
42 2 12 9
42 4 0 12
42 4 9 17
42 4 11 7
42 21 3 5
42 21 4 17
42 21 14 11
42 21 15 18
42 21 19 15
42 31 5 3
42 31 8 15
42 31 17 17
42 42 1 16
42 42 7 8
43 4 0 13
43 4 9 16
43 4 11 11
43 11 17 11
43 21 3 19
43 21 4 3
43 21 14 11
43 21 15 20
43 21 19 17
43 25 15 16
43 25 18 14
43 29 3 12
43 29 4 8
43 29 10 20
43 29 19 4
43 38 8 19
43 38 18 10
43 43 2 9
43 43 4 14
43 43 10 12
43 43 14 2
43 43 15 3
43 43 17 8
43 43 18 17
43 47 0 4
43 47 5 3
43 47 12 4
43 47 19 10
44 1 0 16
44 1 7 6
44 6 6 10
44 6 8 9
44 6 16 8
44 19 8 11
44 19 11 4
44 19 13 4
44 19 16 10
45 10 10 2
45 10 11 10
45 11 17 8
45 12 2 19
45 12 11 2
45 12 13 11
45 12 18 1
45 21 3 4
45 21 4 4
45 21 14 7
45 21 15 15
45 21 19 8
45 24 2 20
45 24 5 12
45 24 10 17
45 24 12 16
45 24 13 18
45 24 17 10
45 27 8 6
45 27 15 17
45 31 5 3
45 31 8 4
45 31 17 18
45 38 8 20
45 38 18 3
46 4 0 3
46 4 9 14
46 4 11 6
46 27 8 20
46 27 15 8
46 32 7 4
46 32 9 7
46 32 19 20
46 43 2 7
46 43 4 12
46 43 10 18
46 43 14 3
46 43 15 19
46 43 17 12
46 43 18 10
46 48 8 5
46 48 16 2
46 48 18 4
47 0 5 12
47 0 7 2
47 0 13 7
47 0 15 18
47 13 6 17
47 13 19 5
47 39 7 4
47 39 9 11
47 39 14 1
47 41 0 1
47 41 7 9
47 41 16 8
48 9 4 20
48 9 6 14
48 9 10 13
48 13 6 20
48 13 19 2
48 43 2 12
48 43 4 11
48 43 10 5
48 43 14 19
48 43 15 3
48 43 17 1
48 43 18 4
49 2 2 4
49 2 7 6
49 2 11 1
49 2 12 20
49 3 6 13
49 14 8 8
49 14 17 7
49 16 11 6
49 20 9 4
49 20 11 13
49 20 14 12
49 20 19 1
49 27 8 8
49 27 15 8
49 35 1 8
49 35 3 4
49 35 9 12
49 37 8 12
49 37 13 2
49 40 11 3
49 42 1 13
49 42 7 17
49 45 5 2
49 45 17 11
49 49 4 16
49 49 8 20
49 49 9 18
49 49 13 15
50 4 0 7
50 4 9 8
50 4 11 20
50 11 17 1
50 18 0 6
50 31 5 3
50 31 8 12
50 31 17 5
50 38 8 2
50 38 18 7
50 42 1 17
50 42 7 6
50 48 8 15
50 48 16 13
50 48 18 17
51 8 2 16
51 8 3 6
51 8 13 11
51 8 18 12
51 8 19 14
51 14 8 10
51 14 17 8
51 31 5 7
51 31 8 9
51 31 17 1
52 4 0 5
52 4 9 6
52 4 11 15
52 12 2 10
52 12 11 11
52 12 13 1
52 12 18 17
52 13 6 14
52 13 19 5
52 17 6 20
52 17 18 7
52 19 8 19
52 19 11 13
52 19 13 10
52 19 16 12
52 20 9 17
52 20 11 9
52 20 14 5
52 20 19 7
52 21 3 3
52 21 4 9
52 21 14 14
52 21 15 5
52 21 19 3
52 23 1 8
52 23 11 13
52 23 13 7
52 31 5 13
52 31 8 9
52 31 17 11
52 48 8 11
52 48 16 5
52 48 18 19
53 1 0 3
53 1 7 4
53 17 6 5
53 17 18 19
53 20 9 13
53 20 11 8
53 20 14 17
53 20 19 1
53 23 1 15
53 23 11 4
53 23 13 5
53 29 3 5
53 29 4 8
53 29 10 5
53 29 19 15
53 39 7 13
53 39 9 10
53 39 14 2
54 18 0 13
54 20 9 10
54 20 11 7
54 20 14 15
54 20 19 17
54 23 1 10
54 23 11 20
54 23 13 19
54 24 2 14
54 24 5 4
54 24 10 13
54 24 12 20
54 24 13 12
54 24 17 4
54 25 15 18
54 25 18 9
54 29 3 12
54 29 4 10
54 29 10 5
54 29 19 16
55 6 6 18
55 6 8 20
55 6 16 5
55 12 2 5
55 12 11 1
55 12 13 4
55 12 18 18
55 26 4 1
55 26 7 15
55 26 10 12
55 26 13 4
55 27 8 13
55 27 15 4
55 33 0 5
55 33 3 7
55 33 9 15
55 36 1 8
55 36 8 7
55 36 11 16
55 36 18 16
55 37 8 9
55 37 13 8
55 39 7 15
55 39 9 7
55 39 14 7
55 40 11 12
55 43 2 19
55 43 4 18
55 43 10 13
55 43 14 5
55 43 15 17
55 43 17 15
55 43 18 8
55 46 6 3
55 46 14 13
55 47 0 1
55 47 5 10
55 47 12 12
55 47 19 2
56 3 6 2
56 23 1 1
56 23 11 8
56 23 13 18
56 25 15 20
56 25 18 15
56 27 8 14
56 27 15 8
56 28 0 3
56 28 3 20
56 28 16 8
56 37 8 7
56 37 13 14
57 8 2 5
57 8 3 2
57 8 13 19
57 8 18 3
57 8 19 20
57 24 2 8
57 24 5 20
57 24 10 16
57 24 12 19
57 24 13 12
57 24 17 14
57 25 15 12
57 25 18 4
57 29 3 6
57 29 4 18
57 29 10 4
57 29 19 18
57 31 5 13
57 31 8 20
57 31 17 2
57 35 1 17
57 35 3 1
57 35 9 4
57 39 7 13
57 39 9 10
57 39 14 7
57 40 11 7
57 42 1 12
57 42 7 11
57 49 4 18
57 49 8 17
57 49 9 14
57 49 13 3
58 5 13 1
58 8 2 3
58 8 3 6
58 8 13 13
58 8 18 19
58 8 19 18
58 13 6 19
58 13 19 7
58 39 7 5
58 39 9 4
58 39 14 19
58 44 11 15
59 23 1 4
59 23 11 6
59 23 13 5
59 28 0 5
59 28 3 16
59 28 16 12
59 46 6 2
59 46 14 6
60 11 17 4
60 12 2 8
60 12 11 3
60 12 13 19
60 12 18 1
60 13 6 11
60 13 19 19
60 17 6 2
60 17 18 10
60 24 2 9
60 24 5 7
60 24 10 20
60 24 12 10
60 24 13 1
60 24 17 7
60 29 3 3
60 29 4 18
60 29 10 20
60 29 19 14
60 30 0 7
60 30 4 9
60 30 8 11
60 30 11 4
60 31 5 5
60 31 8 6
60 31 17 11
60 33 0 16
60 33 3 17
60 33 9 5
60 45 5 19
60 45 17 5
60 47 0 1
60 47 5 12
60 47 12 9
60 47 19 17
61 6 6 12
61 6 8 18
61 6 16 11
61 16 11 13
61 22 2 19
61 22 6 19
61 22 8 12
61 22 10 1
61 22 18 1
61 25 15 3
61 25 18 5
61 29 3 7
61 29 4 5
61 29 10 12
61 29 19 4
61 30 0 18
61 30 4 3
61 30 8 18
61 30 11 19
61 40 11 20
61 49 4 16
61 49 8 7
61 49 9 14
61 49 13 17
62 16 11 6
62 28 0 1
62 28 3 16
62 28 16 5
62 36 1 7
62 36 8 13
62 36 11 13
62 36 18 11
62 38 8 13
62 38 18 3
63 10 10 13
63 10 11 7
63 23 1 9
63 23 11 2
63 23 13 7
63 27 8 14
63 27 15 15
63 28 0 5
63 28 3 4
63 28 16 15
63 32 7 15
63 32 9 13
63 32 19 17
63 36 1 13
63 36 8 8
63 36 11 15
63 36 18 4
63 40 11 7
64 12 2 5
64 12 11 4
64 12 13 7
64 12 18 1
64 16 11 15
64 34 0 1
64 34 10 11
64 34 12 20
64 35 1 5
64 35 3 19
64 35 9 1
64 47 0 6
64 47 5 11
64 47 12 7
64 47 19 17
65 1 0 2
65 1 7 9
65 10 10 15
65 10 11 14
65 21 3 8
65 21 4 18
65 21 14 14
65 21 15 2
65 21 19 18
65 30 0 8
65 30 4 16
65 30 8 12
65 30 11 17
65 31 5 11
65 31 8 16
65 31 17 17
65 33 0 11
65 33 3 9
65 33 9 19
65 43 2 16
65 43 4 17
65 43 10 9
65 43 14 8
65 43 15 14
65 43 17 6
65 43 18 2
65 48 8 6
65 48 16 11
65 48 18 17
66 9 4 3
66 9 6 4
66 9 10 20
66 18 0 5
66 24 2 3
66 24 5 16
66 24 10 12
66 24 12 5
66 24 13 4
66 24 17 16
66 32 7 10
66 32 9 7
66 32 19 11
66 40 11 18
66 44 11 9
67 3 6 9
67 8 2 1
67 8 3 18
67 8 13 2
67 8 18 9
67 8 19 1
67 20 9 12
67 20 11 19
67 20 14 4
67 20 19 16
67 31 5 2
67 31 8 20
67 31 17 11
67 33 0 16
67 33 3 17
67 33 9 10
67 36 1 4
67 36 8 13
67 36 11 16
67 36 18 13
67 37 8 16
67 37 13 11
67 40 11 4
67 44 11 4
67 45 5 17
67 45 17 17
68 8 2 1
68 8 3 4
68 8 13 18
68 8 18 8
68 8 19 19
68 15 11 13
68 15 13 5
68 15 16 15
68 15 18 4
68 17 6 8
68 17 18 18
68 30 0 7
68 30 4 19
68 30 8 11
68 30 11 11
68 42 1 19
68 42 7 18
68 43 2 19
68 43 4 5
68 43 10 13
68 43 14 20
68 43 15 4
68 43 17 4
68 43 18 16
68 46 6 15
68 46 14 5
69 29 3 18
69 29 4 11
69 29 10 3
69 29 19 8
70 15 11 11
70 15 13 20
70 15 16 17
70 15 18 6
70 19 8 6
70 19 11 14
70 19 13 5
70 19 16 18
70 23 1 12
70 23 11 10
70 23 13 6
70 25 15 18
70 25 18 15
70 30 0 18
70 30 4 8
70 30 8 20
70 30 11 5
70 37 8 6
70 37 13 9
70 41 0 15
70 41 7 4
70 41 16 16
71 0 5 2
71 0 7 10
71 0 13 18
71 0 15 8
71 3 6 7
71 4 0 2
71 4 9 19
71 4 11 2
71 21 3 19
71 21 4 1
71 21 14 11
71 21 15 9
71 21 19 18
71 22 2 8
71 22 6 5
71 22 8 3
71 22 10 4
71 22 18 3
71 28 0 3
71 28 3 15
71 28 16 12
71 36 1 12
71 36 8 1
71 36 11 2
71 36 18 12
71 45 5 14
71 45 17 5
71 46 6 15
71 46 14 14
72 3 6 8
72 4 0 9
72 4 9 8
72 4 11 13
72 6 6 16
72 6 8 9
72 6 16 8
72 13 6 16
72 13 19 18
72 15 11 16
72 15 13 9
72 15 16 5
72 15 18 12
72 24 2 20
72 24 5 2
72 24 10 3
72 24 12 11
72 24 13 8
72 24 17 2
72 36 1 9
72 36 8 9
72 36 11 20
72 36 18 7
72 46 6 4
72 46 14 1
73 6 6 1
73 6 8 16
73 6 16 18
73 20 9 20
73 20 11 18
73 20 14 12
73 20 19 14
73 23 1 10
73 23 11 2
73 23 13 10
73 24 2 7
73 24 5 7
73 24 10 8
73 24 12 18
73 24 13 3
73 24 17 11
73 25 15 5
73 25 18 19
73 28 0 13
73 28 3 18
73 28 16 12
73 29 3 8
73 29 4 11
73 29 10 15
73 29 19 15
73 31 5 6
73 31 8 18
73 31 17 14
73 41 0 10
73 41 7 18
73 41 16 3
73 46 6 11
73 46 14 17
74 1 0 4
74 1 7 19
74 7 17 18
74 27 8 2
74 27 15 10
74 29 3 18
74 29 4 3
74 29 10 6
74 29 19 15
74 31 5 10
74 31 8 11
74 31 17 17
74 48 8 2
74 48 16 16
74 48 18 5
75 2 2 13
75 2 7 13
75 2 11 18
75 2 12 4
75 6 6 9
75 6 8 15
75 6 16 7
75 18 0 12
75 25 15 12
75 25 18 10
75 27 8 10
75 27 15 4
75 47 0 11
75 47 5 3
75 47 12 9
75 47 19 7
75 48 8 5
75 48 16 9
75 48 18 4
76 1 0 17
76 1 7 13
76 9 4 4
76 9 6 4
76 9 10 8
76 18 0 20
76 21 3 6
76 21 4 13
76 21 14 19
76 21 15 18
76 21 19 9
76 23 1 10
76 23 11 19
76 23 13 8
76 25 15 3
76 25 18 3
76 29 3 14
76 29 4 1
76 29 10 3
76 29 19 18
76 34 0 11
76 34 10 11
76 34 12 1
76 36 1 3
76 36 8 20
76 36 11 8
76 36 18 4
76 42 1 16
76 42 7 19
77 4 0 1
77 4 9 5
77 4 11 4
77 14 8 15
77 14 17 12
77 15 11 3
77 15 13 7
77 15 16 7
77 15 18 10
77 18 0 3
77 20 9 7
77 20 11 17
77 20 14 15
77 20 19 1
77 29 3 1
77 29 4 10
77 29 10 1
77 29 19 10
77 32 7 4
77 32 9 18
77 32 19 15
77 35 1 15
77 35 3 14
77 35 9 13
77 43 2 5
77 43 4 15
77 43 10 15
77 43 14 15
77 43 15 18
77 43 17 1
77 43 18 11
78 0 5 16
78 0 7 10
78 0 13 3
78 0 15 18
78 2 2 14
78 2 7 2
78 2 11 3
78 2 12 18
78 11 17 8
78 13 6 1
78 13 19 20
78 17 6 12
78 17 18 7
78 20 9 5
78 20 11 8
78 20 14 13
78 20 19 8
78 21 3 3
78 21 4 3
78 21 14 13
78 21 15 17
78 21 19 20
78 44 11 6
78 47 0 5
78 47 5 11
78 47 12 11
78 47 19 16
78 48 8 8
78 48 16 10
78 48 18 10
78 49 4 8
78 49 8 16
78 49 9 15
78 49 13 15
79 20 9 5
79 20 11 16
79 20 14 1
79 20 19 20
79 26 4 18
79 26 7 4
79 26 10 6
79 26 13 7
79 29 3 15
79 29 4 14
79 29 10 4
79 29 19 18
79 38 8 2
79 38 18 14
79 46 6 7
79 46 14 9
80 0 5 19
80 0 7 8
80 0 13 7
80 0 15 12
80 4 0 18
80 4 9 9
80 4 11 8
80 8 2 18
80 8 3 5
80 8 13 12
80 8 18 14
80 8 19 1
80 13 6 6
80 13 19 13
80 21 3 13
80 21 4 5
80 21 14 12
80 21 15 11
80 21 19 16
80 26 4 20
80 26 7 6
80 26 10 18
80 26 13 16
80 48 8 18
80 48 16 15
80 48 18 20
81 19 8 8
81 19 11 17
81 19 13 13
81 19 16 17
81 28 0 18
81 28 3 15
81 28 16 4
81 35 1 15
81 35 3 13
81 35 9 17
81 42 1 7
81 42 7 12
81 46 6 10
81 46 14 6
82 0 5 13
82 0 7 15
82 0 13 13
82 0 15 12
82 6 6 1
82 6 8 1
82 6 16 17
82 25 15 15
82 25 18 18
82 27 8 10
82 27 15 9
82 31 5 9
82 31 8 17
82 31 17 4
82 32 7 2
82 32 9 19
82 32 19 15
82 33 0 4
82 33 3 18
82 33 9 16
82 40 11 15
82 42 1 4
82 42 7 16
82 44 11 13
82 47 0 5
82 47 5 11
82 47 12 12
82 47 19 11
83 0 5 15
83 0 7 17
83 0 13 8
83 0 15 6
83 5 13 11
83 11 17 15
83 17 6 3
83 17 18 9
83 18 0 8
83 23 1 12
83 23 11 18
83 23 13 15
83 25 15 8
83 25 18 20
83 28 0 9
83 28 3 14
83 28 16 20
83 30 0 19
83 30 4 7
83 30 8 12
83 30 11 13
83 36 1 16
83 36 8 7
83 36 11 20
83 36 18 6
83 42 1 17
83 42 7 15
83 47 0 8
83 47 5 7
83 47 12 19
83 47 19 6
84 2 2 5
84 2 7 11
84 2 11 7
84 2 12 15
84 22 2 7
84 22 6 13
84 22 8 19
84 22 10 19
84 22 18 13
84 26 4 17
84 26 7 2
84 26 10 20
84 26 13 1
84 36 1 8
84 36 8 5
84 36 11 8
84 36 18 15
84 40 11 11
84 42 1 2
84 42 7 1
85 6 6 2
85 6 8 19
85 6 16 20
85 10 10 15
85 10 11 14
85 12 2 10
85 12 11 5
85 12 13 9
85 12 18 4
85 26 4 14
85 26 7 15
85 26 10 8
85 26 13 5
85 27 8 12
85 27 15 8
85 30 0 20
85 30 4 2
85 30 8 12
85 30 11 2
85 36 1 12
85 36 8 15
85 36 11 16
85 36 18 2
86 2 2 7
86 2 7 1
86 2 11 13
86 2 12 4
86 5 13 20
86 9 4 20
86 9 6 8
86 9 10 14
86 15 11 14
86 15 13 18
86 15 16 9
86 15 18 20
86 18 0 8
86 21 3 18
86 21 4 11
86 21 14 15
86 21 15 9
86 21 19 8
86 44 11 15
86 45 5 19
86 45 17 6
86 46 6 13
86 46 14 3
86 47 0 9
86 47 5 12
86 47 12 19
86 47 19 16
86 49 4 20
86 49 8 12
86 49 9 17
86 49 13 4
87 1 0 2
87 1 7 7
87 4 0 12
87 4 9 6
87 4 11 2
87 15 11 18
87 15 13 20
87 15 16 9
87 15 18 16
87 19 8 7
87 19 11 2
87 19 13 12
87 19 16 12
87 21 3 12
87 21 4 12
87 21 14 4
87 21 15 2
87 21 19 6
87 23 1 7
87 23 11 5
87 23 13 4
87 32 7 11
87 32 9 17
87 32 19 8
87 33 0 9
87 33 3 8
87 33 9 3
87 37 8 13
87 37 13 20
87 38 8 8
87 38 18 13
87 40 11 8
87 41 0 3
87 41 7 10
87 41 16 16
87 44 11 9
87 46 6 4
87 46 14 8
88 1 0 11
88 1 7 3
88 7 17 11
88 12 2 8
88 12 11 15
88 12 13 6
88 12 18 18
88 13 6 8
88 13 19 11
88 29 3 20
88 29 4 20
88 29 10 19
88 29 19 15
88 32 7 13
88 32 9 5
88 32 19 5
88 34 0 4
88 34 10 4
88 34 12 15
88 39 7 19
88 39 9 14
88 39 14 5
88 45 5 2
88 45 17 19
88 47 0 18
88 47 5 4
88 47 12 10
88 47 19 5
89 6 6 15
89 6 8 1
89 6 16 15
89 12 2 14
89 12 11 4
89 12 13 14
89 12 18 17
89 17 6 2
89 17 18 15
89 20 9 16
89 20 11 8
89 20 14 2
89 20 19 10
89 30 0 15
89 30 4 2
89 30 8 9
89 30 11 15
89 33 0 2
89 33 3 15
89 33 9 18
89 47 0 12
89 47 5 4
89 47 12 10
89 47 19 5
90 2 2 1
90 2 7 16
90 2 11 9
90 2 12 6
90 3 6 7
90 5 13 17
90 31 5 9
90 31 8 13
90 31 17 17
90 33 0 16
90 33 3 20
90 33 9 6
90 35 1 6
90 35 3 4
90 35 9 10
90 43 2 11
90 43 4 6
90 43 10 9
90 43 14 20
90 43 15 7
90 43 17 18
90 43 18 19
91 3 6 5
91 11 17 16
91 13 6 8
91 13 19 15
91 16 11 17
91 22 2 20
91 22 6 20
91 22 8 12
91 22 10 12
91 22 18 15
91 24 2 5
91 24 5 19
91 24 10 6
91 24 12 12
91 24 13 7
91 24 17 10
91 26 4 4
91 26 7 3
91 26 10 3
91 26 13 7
91 27 8 5
91 27 15 17
91 29 3 7
91 29 4 4
91 29 10 13
91 29 19 8
91 33 0 7
91 33 3 6
91 33 9 1
91 38 8 13
91 38 18 19
91 47 0 20
91 47 5 12
91 47 12 8
91 47 19 14
92 6 6 9
92 6 8 6
92 6 16 13
92 9 4 4
92 9 6 17
92 9 10 4
92 14 8 13
92 14 17 14
92 16 11 1
92 21 3 5
92 21 4 13
92 21 14 19
92 21 15 2
92 21 19 1
92 25 15 18
92 25 18 8
92 29 3 5
92 29 4 6
92 29 10 20
92 29 19 20
92 32 7 15
92 32 9 20
92 32 19 6
92 36 1 8
92 36 8 15
92 36 11 17
92 36 18 15
92 38 8 6
92 38 18 15
93 25 15 7
93 25 18 11
93 29 3 20
93 29 4 14
93 29 10 18
93 29 19 15
94 4 0 2
94 4 9 13
94 4 11 15
94 12 2 12
94 12 11 2
94 12 13 15
94 12 18 12
94 16 11 11
94 26 4 16
94 26 7 4
94 26 10 16
94 26 13 12
94 35 1 19
94 35 3 18
94 35 9 10
94 36 1 10
94 36 8 4
94 36 11 20
94 36 18 15
94 37 8 1
94 37 13 9
94 39 7 7
94 39 9 11
94 39 14 16
94 44 11 11
94 45 5 17
94 45 17 3
94 47 0 7
94 47 5 8
94 47 12 3
94 47 19 4
95 2 2 3
95 2 7 8
95 2 11 2
95 2 12 1
95 9 4 1
95 9 6 5
95 9 10 5
95 12 2 12
95 12 11 7
95 12 13 4
95 12 18 13
95 16 11 17
95 19 8 14
95 19 11 18
95 19 13 11
95 19 16 20
95 29 3 9
95 29 4 9
95 29 10 16
95 29 19 15
95 32 7 7
95 32 9 18
95 32 19 7
95 34 0 19
95 34 10 15
95 34 12 10
95 41 0 5
95 41 7 6
95 41 16 9
96 0 5 15
96 0 7 17
96 0 13 20
96 0 15 3
96 32 7 13
96 32 9 17
96 32 19 18
96 34 0 9
96 34 10 17
96 34 12 18
96 36 1 10
96 36 8 5
96 36 11 2
96 36 18 20
96 44 11 16
97 2 2 4
97 2 7 19
97 2 11 10
97 2 12 14
97 29 3 20
97 29 4 3
97 29 10 19
97 29 19 10
97 30 0 12
97 30 4 6
97 30 8 4
97 30 11 10
97 37 8 19
97 37 13 4
97 42 1 2
97 42 7 11
97 45 5 20
97 45 17 1
97 46 6 5
97 46 14 19
98 2 2 9
98 2 7 10
98 2 11 5
98 2 12 2
98 15 11 8
98 15 13 7
98 15 16 13
98 15 18 12
98 21 3 3
98 21 4 11
98 21 14 5
98 21 15 19
98 21 19 15
98 23 1 10
98 23 11 14
98 23 13 13
98 35 1 18
98 35 3 7
98 35 9 18
98 39 7 11
98 39 9 19
98 39 14 19
99 9 4 10
99 9 6 19
99 9 10 19
99 17 6 17
99 17 18 5
99 24 2 13
99 24 5 6
99 24 10 18
99 24 12 9
99 24 13 6
99 24 17 10
99 27 8 14
99 27 15 18
99 32 7 6
99 32 9 11
99 32 19 10
99 49 4 3
99 49 8 14
99 49 9 2
99 49 13 8
-1 
0 9 4 130
0 9 6 182
0 9 10 195
0 15 11 52
0 15 13 64
0 15 16 155
0 15 18 141
0 16 11 142
0 17 6 109
0 17 18 164
0 22 2 56
0 22 6 178
0 22 8 50
0 22 10 66
0 22 18 116
0 25 15 25
0 25 18 122
0 27 8 62
0 27 15 170
0 33 0 191
0 33 3 84
0 33 9 109
0 47 0 46
0 47 5 185
0 47 12 68
0 47 19 182
1 2 2 91
1 2 7 67
1 2 11 137
1 2 12 1
1 6 6 108
1 6 8 39
1 6 16 168
1 12 2 55
1 12 11 5
1 12 13 36
1 12 18 190
1 23 1 36
1 23 11 110
1 23 13 112
1 32 7 77
1 32 9 23
1 32 19 126
1 36 1 56
1 36 8 39
1 36 11 181
1 36 18 143
1 42 1 89
1 42 7 160
1 46 6 124
1 46 14 129
2 1 0 70
2 1 7 182
2 8 2 103
2 8 3 9
2 8 13 63
2 8 18 101
2 8 19 14
2 17 6 97
2 17 18 52
2 32 7 152
2 32 9 153
2 32 19 12
2 36 1 100
2 36 8 80
2 36 11 101
2 36 18 50
2 37 8 62
2 37 13 29
2 43 2 161
2 43 4 134
2 43 10 41
2 43 14 64
2 43 15 88
2 43 17 134
2 43 18 2
3 2 2 13
3 2 7 67
3 2 11 160
3 2 12 3
3 4 0 140
3 4 9 96
3 4 11 195
3 6 6 43
3 6 8 73
3 6 16 46
3 18 0 189
3 24 2 141
3 24 5 61
3 24 10 17
3 24 12 200
3 24 13 146
3 24 17 59
3 26 4 125
3 26 7 164
3 26 10 165
3 26 13 188
3 27 8 83
3 27 15 138
3 33 0 166
3 33 3 59
3 33 9 28
3 42 1 24
3 42 7 136
3 43 2 39
3 43 4 38
3 43 10 47
3 43 14 115
3 43 15 88
3 43 17 134
3 43 18 7
4 3 6 61
4 4 0 125
4 4 9 175
4 4 11 99
4 7 17 158
4 18 0 3
4 23 1 51
4 23 11 90
4 23 13 53
4 25 15 132
4 25 18 50
4 33 0 87
4 33 3 19
4 33 9 88
4 37 8 96
4 37 13 186
4 38 8 130
4 38 18 132
4 40 11 82
5 1 0 141
5 1 7 45
5 18 0 18
5 25 15 56
5 25 18 134
5 34 0 119
5 34 10 41
5 34 12 3
5 43 2 158
5 43 4 61
5 43 10 121
5 43 14 33
5 43 15 168
5 43 17 6
5 43 18 84
6 3 6 95
6 12 2 128
6 12 11 56
6 12 13 10
6 12 18 126
6 18 0 162
6 28 0 31
6 28 3 79
6 28 16 81
6 30 0 86
6 30 4 198
6 30 8 94
6 30 11 170
6 31 5 32
6 31 8 18
6 31 17 141
6 35 1 150
6 35 3 151
6 35 9 65
6 41 0 130
6 41 7 80
6 41 16 129
6 44 11 142
7 7 17 11
7 10 10 81
7 10 11 190
7 12 2 141
7 12 11 185
7 12 13 64
7 12 18 61
7 16 11 75
7 20 9 172
7 20 11 41
7 20 14 1
7 20 19 110
7 22 2 132
7 22 6 120
7 22 8 55
7 22 10 127
7 22 18 96
7 28 0 154
7 28 3 57
7 28 16 129
7 31 5 10
7 31 8 60
7 31 17 9
7 42 1 4
7 42 7 99
7 46 6 27
7 46 14 19
7 49 4 30
7 49 8 170
7 49 9 23
7 49 13 32
8 1 0 94
8 1 7 188
8 9 4 189
8 9 6 60
8 9 10 5
8 11 17 143
8 21 3 43
8 21 4 186
8 21 14 186
8 21 15 185
8 21 19 80
8 28 0 35
8 28 3 21
8 28 16 172
8 48 8 198
8 48 16 99
8 48 18 128
9 3 6 167
9 8 2 153
9 8 3 32
9 8 13 94
9 8 18 51
9 8 19 103
9 12 2 68
9 12 11 181
9 12 13 1
9 12 18 180
9 17 6 63
9 17 18 102
9 23 1 183
9 23 11 146
9 23 13 134
9 24 2 115
9 24 5 142
9 24 10 53
9 24 12 135
9 24 13 26
9 24 17 77
9 27 8 188
9 27 15 58
9 32 7 103
9 32 9 192
9 32 19 146
9 41 0 51
9 41 7 114
9 41 16 186
9 44 11 157
9 47 0 1
9 47 5 75
9 47 12 47
9 47 19 128
10 4 0 45
10 4 9 145
10 4 11 111
10 14 8 154
10 14 17 10
10 16 11 8
10 19 8 133
10 19 11 134
10 19 13 140
10 19 16 19
10 23 1 170
10 23 11 166
10 23 13 70
10 26 4 37
10 26 7 167
10 26 10 129
10 26 13 184
10 34 0 119
10 34 10 80
10 34 12 187
10 40 11 140
10 49 4 178
10 49 8 52
10 49 9 153
10 49 13 142
11 4 0 131
11 4 9 77
11 4 11 110
11 5 13 55
11 9 4 118
11 9 6 70
11 9 10 161
11 17 6 98
11 17 18 84
11 28 0 61
11 28 3 167
11 28 16 160
11 29 3 139
11 29 4 56
11 29 10 112
11 29 19 61
11 34 0 169
11 34 10 130
11 34 12 112
11 38 8 165
11 38 18 58
11 46 6 130
11 46 14 110
12 3 6 63
12 14 8 128
12 14 17 83
12 17 6 55
12 17 18 117
12 20 9 54
12 20 11 34
12 20 14 25
12 20 19 196
12 24 2 163
12 24 5 184
12 24 10 197
12 24 12 107
12 24 13 46
12 24 17 179
12 29 3 136
12 29 4 143
12 29 10 115
12 29 19 21
12 34 0 154
12 34 10 154
12 34 12 169
12 44 11 72
12 46 6 163
12 46 14 92
13 3 6 182
13 5 13 103
13 6 6 158
13 6 8 132
13 6 16 88
13 21 3 51
13 21 4 11
13 21 14 156
13 21 15 162
13 21 19 9
13 26 4 13
13 26 7 90
13 26 10 160
13 26 13 187
13 44 11 12
13 48 8 143
13 48 16 126
13 48 18 157
14 0 5 53
14 0 7 57
14 0 13 60
14 0 15 52
14 3 6 193
14 6 6 192
14 6 8 144
14 6 16 137
14 7 17 139
14 8 2 92
14 8 3 183
14 8 13 165
14 8 18 127
14 8 19 59
14 10 10 127
14 10 11 19
14 27 8 143
14 27 15 181
14 31 5 197
14 31 8 43
14 31 17 170
14 33 0 59
14 33 3 33
14 33 9 11
14 42 1 81
14 42 7 156
14 45 5 14
14 45 17 19
14 48 8 69
14 48 16 21
14 48 18 164
15 3 6 93
15 17 6 124
15 17 18 13
15 21 3 35
15 21 4 65
15 21 14 91
15 21 15 194
15 21 19 74
15 33 0 181
15 33 3 9
15 33 9 134
15 45 5 59
15 45 17 130
15 48 8 186
15 48 16 170
15 48 18 25
16 0 5 137
16 0 7 81
16 0 13 73
16 0 15 118
16 5 13 185
16 8 2 80
16 8 3 56
16 8 13 142
16 8 18 126
16 8 19 142
16 13 6 67
16 13 19 155
16 20 9 77
16 20 11 66
16 20 14 16
16 20 19 21
16 23 1 51
16 23 11 175
16 23 13 81
16 26 4 42
16 26 7 183
16 26 10 182
16 26 13 129
16 43 2 179
16 43 4 160
16 43 10 106
16 43 14 163
16 43 15 120
16 43 17 48
16 43 18 34
16 49 4 145
16 49 8 119
16 49 9 85
16 49 13 98
17 0 5 104
17 0 7 99
17 0 13 17
17 0 15 32
17 11 17 200
17 15 11 67
17 15 13 84
17 15 16 61
17 15 18 197
17 17 6 77
17 17 18 69
17 18 0 103
17 25 15 184
17 25 18 41
17 26 4 45
17 26 7 140
17 26 10 16
17 26 13 83
17 29 3 16
17 29 4 199
17 29 10 106
17 29 19 113
17 36 1 151
17 36 8 121
17 36 11 16
17 36 18 148
17 41 0 99
17 41 7 26
17 41 16 91
17 43 2 20
17 43 4 177
17 43 10 183
17 43 14 155
17 43 15 168
17 43 17 174
17 43 18 46
17 47 0 121
17 47 5 131
17 47 12 90
17 47 19 59
18 0 5 108
18 0 7 111
18 0 13 68
18 0 15 28
18 9 4 34
18 9 6 189
18 9 10 12
18 26 4 54
18 26 7 39
18 26 10 99
18 26 13 76
18 28 0 190
18 28 3 89
18 28 16 161
18 29 3 107
18 29 4 63
18 29 10 138
18 29 19 58
18 39 7 193
18 39 9 83
18 39 14 164
18 41 0 148
18 41 7 117
18 41 16 175
18 42 1 84
18 42 7 91
18 43 2 88
18 43 4 188
18 43 10 117
18 43 14 53
18 43 15 173
18 43 17 105
18 43 18 135
19 1 0 100
19 1 7 165
19 16 11 4
19 20 9 180
19 20 11 129
19 20 14 78
19 20 19 175
19 26 4 151
19 26 7 182
19 26 10 191
19 26 13 186
20 0 5 35
20 0 7 155
20 0 13 195
20 0 15 115
20 2 2 108
20 2 7 119
20 2 11 35
20 2 12 153
20 5 13 89
20 8 2 184
20 8 3 54
20 8 13 143
20 8 18 160
20 8 19 25
20 12 2 107
20 12 11 162
20 12 13 128
20 12 18 16
20 16 11 142
20 18 0 65
20 31 5 124
20 31 8 101
20 31 17 83
20 38 8 170
20 38 18 108
20 40 11 37
20 42 1 55
20 42 7 95
20 43 2 181
20 43 4 91
20 43 10 87
20 43 14 68
20 43 15 120
20 43 17 168
20 43 18 185
21 0 5 4
21 0 7 68
21 0 13 78
21 0 15 147
21 10 10 30
21 10 11 68
21 11 17 103
21 17 6 63
21 17 18 154
21 19 8 60
21 19 11 141
21 19 13 27
21 19 16 134
21 22 2 102
21 22 6 56
21 22 8 89
21 22 10 19
21 22 18 34
21 24 2 25
21 24 5 2
21 24 10 147
21 24 12 148
21 24 13 3
21 24 17 81
21 28 0 31
21 28 3 131
21 28 16 157
21 29 3 107
21 29 4 154
21 29 10 138
21 29 19 107
21 35 1 85
21 35 3 190
21 35 9 167
21 43 2 199
21 43 4 117
21 43 10 17
21 43 14 126
21 43 15 83
21 43 17 53
21 43 18 147
21 49 4 129
21 49 8 26
21 49 9 52
21 49 13 51
22 5 13 119
22 7 17 156
22 21 3 99
22 21 4 192
22 21 14 170
22 21 15 13
22 21 19 47
22 42 1 115
22 42 7 15
22 45 5 194
22 45 17 22
22 46 6 125
22 46 14 133
22 47 0 16
22 47 5 5
22 47 12 137
22 47 19 36
23 3 6 149
23 9 4 164
23 9 6 93
23 9 10 53
23 10 10 75
23 10 11 11
23 11 17 80
23 17 6 181
23 17 18 3
23 21 3 196
23 21 4 41
23 21 14 131
23 21 15 178
23 21 19 125
23 31 5 195
23 31 8 169
23 31 17 74
23 41 0 36
23 41 7 144
23 41 16 35
24 16 11 193
24 19 8 171
24 19 11 144
24 19 13 31
24 19 16 156
24 25 15 126
24 25 18 130
24 26 4 22
24 26 7 72
24 26 10 186
24 26 13 2
24 28 0 51
24 28 3 186
24 28 16 164
24 37 8 115
24 37 13 125
24 43 2 67
24 43 4 108
24 43 10 103
24 43 14 198
24 43 15 138
24 43 17 38
24 43 18 18
24 46 6 62
24 46 14 49
25 10 10 90
25 10 11 47
25 16 11 189
25 20 9 186
25 20 11 64
25 20 14 199
25 20 19 185
25 22 2 131
25 22 6 22
25 22 8 155
25 22 10 199
25 22 18 29
25 35 1 190
25 35 3 179
25 35 9 124
25 36 1 65
25 36 8 131
25 36 11 134
25 36 18 75
26 12 2 157
26 12 11 40
26 12 13 103
26 12 18 196
26 27 8 95
26 27 15 181
26 43 2 168
26 43 4 26
26 43 10 41
26 43 14 83
26 43 15 112
26 43 17 39
26 43 18 40
26 46 6 197
26 46 14 19
27 4 0 65
27 4 9 173
27 4 11 199
27 7 17 70
27 10 10 17
27 10 11 75
27 12 2 41
27 12 11 175
27 12 13 142
27 12 18 106
27 17 6 117
27 17 18 59
27 23 1 46
27 23 11 175
27 23 13 94
27 32 7 122
27 32 9 11
27 32 19 104
27 38 8 112
27 38 18 174
27 45 5 175
27 45 17 120
28 0 5 4
28 0 7 109
28 0 13 162
28 0 15 155
28 2 2 62
28 2 7 162
28 2 11 189
28 2 12 18
28 4 0 137
28 4 9 119
28 4 11 87
28 11 17 26
28 17 6 35
28 17 18 128
28 27 8 152
28 27 15 57
28 31 5 10
28 31 8 9
28 31 17 163
28 37 8 94
28 37 13 90
28 40 11 64
28 41 0 162
28 41 7 155
28 41 16 31
28 43 2 95
28 43 4 26
28 43 10 157
28 43 14 160
28 43 15 147
28 43 17 30
28 43 18 50
29 2 2 118
29 2 7 81
29 2 11 196
29 2 12 105
29 14 8 52
29 14 17 157
29 15 11 50
29 15 13 45
29 15 16 108
29 15 18 167
29 16 11 50
29 17 6 198
29 17 18 19
29 18 0 91
29 20 9 44
29 20 11 55
29 20 14 1
29 20 19 11
29 33 0 96
29 33 3 31
29 33 9 66
29 34 0 107
29 34 10 40
29 34 12 174
29 44 11 166
29 48 8 5
29 48 16 140
29 48 18 78
30 3 6 180
30 9 4 123
30 9 6 123
30 9 10 102
30 22 2 31
30 22 6 85
30 22 8 107
30 22 10 192
30 22 18 194
30 33 0 196
30 33 3 58
30 33 9 20
30 43 2 43
30 43 4 53
30 43 10 160
30 43 14 190
30 43 15 122
30 43 17 187
30 43 18 105
30 46 6 70
30 46 14 1
31 1 0 11
31 1 7 108
31 7 17 88
31 11 17 105
31 13 6 31
31 13 19 185
31 14 8 55
31 14 17 80
31 21 3 134
31 21 4 117
31 21 14 159
31 21 15 22
31 21 19 15
31 26 4 29
31 26 7 80
31 26 10 144
31 26 13 86
31 31 5 178
31 31 8 23
31 31 17 26
31 36 1 85
31 36 8 2
31 36 11 112
31 36 18 104
31 38 8 158
31 38 18 158
31 44 11 119
31 47 0 59
31 47 5 25
31 47 12 193
31 47 19 8
32 11 17 178
32 12 2 161
32 12 11 123
32 12 13 129
32 12 18 86
32 13 6 62
32 13 19 94
32 16 11 63
32 22 2 9
32 22 6 10
32 22 8 127
32 22 10 5
32 22 18 67
32 26 4 152
32 26 7 82
32 26 10 199
32 26 13 23
32 30 0 151
32 30 4 97
32 30 8 60
32 30 11 69
32 36 1 88
32 36 8 173
32 36 11 79
32 36 18 132
32 42 1 111
32 42 7 187
32 43 2 173
32 43 4 54
32 43 10 77
32 43 14 5
32 43 15 85
32 43 17 177
32 43 18 163
32 44 11 104
32 47 0 113
32 47 5 193
32 47 12 189
32 47 19 30
33 8 2 180
33 8 3 185
33 8 13 21
33 8 18 172
33 8 19 41
33 21 3 95
33 21 4 142
33 21 14 64
33 21 15 87
33 21 19 59
33 23 1 94
33 23 11 159
33 23 13 74
33 25 15 68
33 25 18 189
33 30 0 71
33 30 4 73
33 30 8 135
33 30 11 166
33 35 1 63
33 35 3 38
33 35 9 98
33 46 6 130
33 46 14 10
33 49 4 175
33 49 8 96
33 49 9 28
33 49 13 146
34 0 5 189
34 0 7 39
34 0 13 80
34 0 15 102
34 6 6 161
34 6 8 157
34 6 16 12
34 7 17 26
34 12 2 33
34 12 11 91
34 12 13 50
34 12 18 160
34 40 11 24
34 41 0 168
34 41 7 17
34 41 16 149
35 0 5 169
35 0 7 46
35 0 13 167
35 0 15 67
35 10 10 143
35 10 11 74
35 18 0 61
35 19 8 56
35 19 11 109
35 19 13 117
35 19 16 148
35 20 9 104
35 20 11 141
35 20 14 183
35 20 19 48
35 32 7 113
35 32 9 53
35 32 19 93
35 35 1 1
35 35 3 104
35 35 9 134
35 45 5 180
35 45 17 30
35 48 8 61
35 48 16 153
35 48 18 62
35 49 4 82
35 49 8 79
35 49 9 186
35 49 13 80
36 14 8 6
36 14 17 98
36 15 11 137
36 15 13 1
36 15 16 3
36 15 18 23
36 17 6 183
36 17 18 47
36 30 0 179
36 30 4 159
36 30 8 115
36 30 11 82
36 49 4 150
36 49 8 100
36 49 9 35
36 49 13 146
37 6 6 191
37 6 8 114
37 6 16 44
37 14 8 44
37 14 17 185
37 29 3 179
37 29 4 200
37 29 10 56
37 29 19 52
37 41 0 104
37 41 7 61
37 41 16 88
38 0 5 46
38 0 7 28
38 0 13 177
38 0 15 164
38 9 4 126
38 9 6 24
38 9 10 114
38 22 2 126
38 22 6 197
38 22 8 45
38 22 10 11
38 22 18 76
38 36 1 20
38 36 8 180
38 36 11 84
38 36 18 103
38 40 11 11
38 42 1 119
38 42 7 58
38 48 8 119
38 48 16 141
38 48 18 146
39 1 0 174
39 1 7 97
39 6 6 147
39 6 8 101
39 6 16 114
39 8 2 136
39 8 3 125
39 8 13 162
39 8 18 103
39 8 19 97
39 15 11 157
39 15 13 44
39 15 16 9
39 15 18 148
39 20 9 143
39 20 11 30
39 20 14 176
39 20 19 31
39 21 3 112
39 21 4 125
39 21 14 173
39 21 15 133
39 21 19 139
39 22 2 124
39 22 6 147
39 22 8 98
39 22 10 129
39 22 18 28
39 27 8 47
39 27 15 123
39 36 1 24
39 36 8 118
39 36 11 39
39 36 18 94
39 37 8 139
39 37 13 66
39 39 7 196
39 39 9 8
39 39 14 69
39 42 1 130
39 42 7 108
40 3 6 124
40 4 0 176
40 4 9 68
40 4 11 149
40 10 10 168
40 10 11 160
40 12 2 51
40 12 11 21
40 12 13 140
40 12 18 92
40 16 11 126
40 20 9 142
40 20 11 37
40 20 14 51
40 20 19 141
40 26 4 119
40 26 7 23
40 26 10 59
40 26 13 182
40 28 0 168
40 28 3 133
40 28 16 14
40 30 0 31
40 30 4 110
40 30 8 99
40 30 11 25
40 36 1 160
40 36 8 101
40 36 11 101
40 36 18 199
40 38 8 118
40 38 18 185
40 43 2 4
40 43 4 121
40 43 10 35
40 43 14 31
40 43 15 25
40 43 17 28
40 43 18 195
40 44 11 172
40 45 5 35
40 45 17 5
41 11 17 4
41 15 11 137
41 15 13 42
41 15 16 133
41 15 18 22
41 23 1 90
41 23 11 181
41 23 13 71
41 24 2 87
41 24 5 8
41 24 10 105
41 24 12 112
41 24 13 54
41 24 17 137
41 29 3 28
41 29 4 124
41 29 10 16
41 29 19 4
41 32 7 5
41 32 9 130
41 32 19 71
41 35 1 104
41 35 3 5
41 35 9 92
41 44 11 72
42 2 2 132
42 2 7 35
42 2 11 10
42 2 12 57
42 4 0 133
42 4 9 111
42 4 11 30
42 21 3 95
42 21 4 196
42 21 14 150
42 21 15 109
42 21 19 13
42 31 5 54
42 31 8 50
42 31 17 190
42 42 1 186
42 42 7 192
43 4 0 198
43 4 9 199
43 4 11 158
43 11 17 63
43 21 3 83
43 21 4 21
43 21 14 129
43 21 15 77
43 21 19 85
43 25 15 65
43 25 18 181
43 29 3 21
43 29 4 79
43 29 10 18
43 29 19 161
43 38 8 11
43 38 18 17
43 43 2 91
43 43 4 148
43 43 10 38
43 43 14 90
43 43 15 93
43 43 17 79
43 43 18 14
43 47 0 183
43 47 5 193
43 47 12 36
43 47 19 107
44 1 0 139
44 1 7 89
44 6 6 147
44 6 8 29
44 6 16 26
44 19 8 79
44 19 11 146
44 19 13 14
44 19 16 83
45 10 10 44
45 10 11 135
45 11 17 102
45 12 2 82
45 12 11 35
45 12 13 184
45 12 18 146
45 21 3 29
45 21 4 159
45 21 14 122
45 21 15 88
45 21 19 129
45 24 2 121
45 24 5 167
45 24 10 35
45 24 12 159
45 24 13 33
45 24 17 52
45 27 8 194
45 27 15 43
45 31 5 85
45 31 8 83
45 31 17 61
45 38 8 191
45 38 18 64
46 4 0 144
46 4 9 111
46 4 11 98
46 27 8 116
46 27 15 82
46 32 7 166
46 32 9 70
46 32 19 188
46 43 2 21
46 43 4 145
46 43 10 67
46 43 14 62
46 43 15 166
46 43 17 181
46 43 18 129
46 48 8 152
46 48 16 6
46 48 18 179
47 0 5 20
47 0 7 60
47 0 13 191
47 0 15 41
47 13 6 91
47 13 19 132
47 39 7 49
47 39 9 71
47 39 14 185
47 41 0 67
47 41 7 128
47 41 16 169
48 9 4 107
48 9 6 48
48 9 10 166
48 13 6 114
48 13 19 55
48 43 2 58
48 43 4 195
48 43 10 162
48 43 14 54
48 43 15 151
48 43 17 7
48 43 18 118
49 2 2 66
49 2 7 4
49 2 11 100
49 2 12 62
49 3 6 61
49 14 8 55
49 14 17 90
49 16 11 51
49 20 9 100
49 20 11 63
49 20 14 88
49 20 19 59
49 27 8 27
49 27 15 20
49 35 1 88
49 35 3 183
49 35 9 176
49 37 8 132
49 37 13 67
49 40 11 59
49 42 1 59
49 42 7 160
49 45 5 45
49 45 17 80
49 49 4 28
49 49 8 6
49 49 9 51
49 49 13 5
50 4 0 176
50 4 9 195
50 4 11 23
50 11 17 63
50 18 0 19
50 31 5 134
50 31 8 26
50 31 17 169
50 38 8 65
50 38 18 173
50 42 1 58
50 42 7 59
50 48 8 55
50 48 16 95
50 48 18 44
51 8 2 6
51 8 3 199
51 8 13 196
51 8 18 131
51 8 19 33
51 14 8 86
51 14 17 58
51 31 5 169
51 31 8 42
51 31 17 31
52 4 0 3
52 4 9 132
52 4 11 15
52 12 2 169
52 12 11 77
52 12 13 143
52 12 18 168
52 13 6 56
52 13 19 174
52 17 6 179
52 17 18 138
52 19 8 30
52 19 11 155
52 19 13 94
52 19 16 1
52 20 9 171
52 20 11 149
52 20 14 179
52 20 19 25
52 21 3 8
52 21 4 159
52 21 14 122
52 21 15 1
52 21 19 15
52 23 1 83
52 23 11 13
52 23 13 8
52 31 5 80
52 31 8 155
52 31 17 103
52 48 8 90
52 48 16 16
52 48 18 14
53 1 0 193
53 1 7 123
53 17 6 106
53 17 18 7
53 20 9 179
53 20 11 45
53 20 14 24
53 20 19 195
53 23 1 94
53 23 11 163
53 23 13 52
53 29 3 135
53 29 4 11
53 29 10 20
53 29 19 158
53 39 7 66
53 39 9 97
53 39 14 47
54 18 0 130
54 20 9 173
54 20 11 115
54 20 14 29
54 20 19 30
54 23 1 49
54 23 11 3
54 23 13 138
54 24 2 64
54 24 5 16
54 24 10 90
54 24 12 99
54 24 13 31
54 24 17 108
54 25 15 146
54 25 18 172
54 29 3 167
54 29 4 61
54 29 10 89
54 29 19 179
55 6 6 25
55 6 8 14
55 6 16 127
55 12 2 130
55 12 11 26
55 12 13 8
55 12 18 96
55 26 4 119
55 26 7 21
55 26 10 183
55 26 13 71
55 27 8 99
55 27 15 40
55 33 0 135
55 33 3 173
55 33 9 86
55 36 1 135
55 36 8 61
55 36 11 113
55 36 18 61
55 37 8 44
55 37 13 63
55 39 7 7
55 39 9 169
55 39 14 166
55 40 11 18
55 43 2 16
55 43 4 36
55 43 10 163
55 43 14 103
55 43 15 158
55 43 17 140
55 43 18 178
55 46 6 25
55 46 14 197
55 47 0 114
55 47 5 127
55 47 12 109
55 47 19 200
56 3 6 96
56 23 1 167
56 23 11 14
56 23 13 88
56 25 15 139
56 25 18 198
56 27 8 175
56 27 15 75
56 28 0 171
56 28 3 40
56 28 16 156
56 37 8 74
56 37 13 77
57 8 2 85
57 8 3 42
57 8 13 94
57 8 18 184
57 8 19 152
57 24 2 192
57 24 5 37
57 24 10 14
57 24 12 96
57 24 13 84
57 24 17 146
57 25 15 93
57 25 18 200
57 29 3 165
57 29 4 18
57 29 10 182
57 29 19 180
57 31 5 194
57 31 8 165
57 31 17 71
57 35 1 86
57 35 3 17
57 35 9 22
57 39 7 106
57 39 9 64
57 39 14 79
57 40 11 152
57 42 1 24
57 42 7 66
57 49 4 200
57 49 8 147
57 49 9 156
57 49 13 127
58 5 13 5
58 8 2 125
58 8 3 165
58 8 13 146
58 8 18 75
58 8 19 84
58 13 6 155
58 13 19 5
58 39 7 41
58 39 9 185
58 39 14 96
58 44 11 186
59 23 1 129
59 23 11 180
59 23 13 191
59 28 0 28
59 28 3 90
59 28 16 118
59 46 6 95
59 46 14 120
60 11 17 56
60 12 2 105
60 12 11 50
60 12 13 192
60 12 18 2
60 13 6 102
60 13 19 63
60 17 6 27
60 17 18 90
60 24 2 18
60 24 5 38
60 24 10 116
60 24 12 117
60 24 13 193
60 24 17 39
60 29 3 48
60 29 4 87
60 29 10 122
60 29 19 160
60 30 0 165
60 30 4 39
60 30 8 99
60 30 11 117
60 31 5 145
60 31 8 179
60 31 17 23
60 33 0 88
60 33 3 179
60 33 9 54
60 45 5 39
60 45 17 177
60 47 0 112
60 47 5 175
60 47 12 40
60 47 19 13
61 6 6 183
61 6 8 101
61 6 16 160
61 16 11 45
61 22 2 114
61 22 6 23
61 22 8 77
61 22 10 145
61 22 18 162
61 25 15 71
61 25 18 155
61 29 3 126
61 29 4 103
61 29 10 23
61 29 19 4
61 30 0 53
61 30 4 43
61 30 8 81
61 30 11 14
61 40 11 110
61 49 4 27
61 49 8 53
61 49 9 149
61 49 13 50
62 16 11 123
62 28 0 101
62 28 3 194
62 28 16 175
62 36 1 120
62 36 8 103
62 36 11 200
62 36 18 161
62 38 8 54
62 38 18 24
63 10 10 72
63 10 11 14
63 23 1 1
63 23 11 94
63 23 13 66
63 27 8 72
63 27 15 47
63 28 0 117
63 28 3 192
63 28 16 30
63 32 7 137
63 32 9 146
63 32 19 129
63 36 1 193
63 36 8 188
63 36 11 196
63 36 18 53
63 40 11 170
64 12 2 85
64 12 11 99
64 12 13 136
64 12 18 167
64 16 11 142
64 34 0 34
64 34 10 185
64 34 12 68
64 35 1 50
64 35 3 52
64 35 9 58
64 47 0 195
64 47 5 107
64 47 12 17
64 47 19 70
65 1 0 97
65 1 7 85
65 10 10 31
65 10 11 199
65 21 3 42
65 21 4 84
65 21 14 77
65 21 15 131
65 21 19 65
65 30 0 140
65 30 4 183
65 30 8 132
65 30 11 133
65 31 5 14
65 31 8 112
65 31 17 4
65 33 0 93
65 33 3 44
65 33 9 177
65 43 2 63
65 43 4 191
65 43 10 111
65 43 14 55
65 43 15 35
65 43 17 4
65 43 18 38
65 48 8 35
65 48 16 150
65 48 18 39
66 9 4 52
66 9 6 86
66 9 10 17
66 18 0 15
66 24 2 128
66 24 5 126
66 24 10 172
66 24 12 24
66 24 13 104
66 24 17 172
66 32 7 120
66 32 9 154
66 32 19 175
66 40 11 96
66 44 11 40
67 3 6 198
67 8 2 61
67 8 3 110
67 8 13 46
67 8 18 157
67 8 19 154
67 20 9 131
67 20 11 178
67 20 14 102
67 20 19 48
67 31 5 43
67 31 8 167
67 31 17 118
67 33 0 2
67 33 3 130
67 33 9 106
67 36 1 15
67 36 8 108
67 36 11 152
67 36 18 143
67 37 8 119
67 37 13 155
67 40 11 172
67 44 11 46
67 45 5 142
67 45 17 84
68 8 2 147
68 8 3 172
68 8 13 74
68 8 18 192
68 8 19 174
68 15 11 178
68 15 13 146
68 15 16 143
68 15 18 39
68 17 6 168
68 17 18 145
68 30 0 17
68 30 4 198
68 30 8 72
68 30 11 58
68 42 1 67
68 42 7 117
68 43 2 185
68 43 4 19
68 43 10 36
68 43 14 39
68 43 15 1
68 43 17 100
68 43 18 157
68 46 6 6
68 46 14 3
69 29 3 104
69 29 4 43
69 29 10 143
69 29 19 61
70 15 11 165
70 15 13 74
70 15 16 114
70 15 18 60
70 19 8 164
70 19 11 98
70 19 13 190
70 19 16 155
70 23 1 24
70 23 11 101
70 23 13 115
70 25 15 135
70 25 18 138
70 30 0 190
70 30 4 43
70 30 8 23
70 30 11 173
70 37 8 18
70 37 13 89
70 41 0 137
70 41 7 173
70 41 16 36
71 0 5 53
71 0 7 134
71 0 13 92
71 0 15 2
71 3 6 69
71 4 0 146
71 4 9 144
71 4 11 11
71 21 3 131
71 21 4 189
71 21 14 81
71 21 15 169
71 21 19 90
71 22 2 64
71 22 6 142
71 22 8 164
71 22 10 101
71 22 18 163
71 28 0 77
71 28 3 166
71 28 16 53
71 36 1 197
71 36 8 21
71 36 11 25
71 36 18 88
71 45 5 21
71 45 17 56
71 46 6 121
71 46 14 149
72 3 6 190
72 4 0 91
72 4 9 67
72 4 11 135
72 6 6 92
72 6 8 177
72 6 16 127
72 13 6 66
72 13 19 2
72 15 11 43
72 15 13 97
72 15 16 57
72 15 18 170
72 24 2 18
72 24 5 9
72 24 10 78
72 24 12 110
72 24 13 49
72 24 17 50
72 36 1 56
72 36 8 97
72 36 11 17
72 36 18 36
72 46 6 200
72 46 14 116
73 6 6 22
73 6 8 51
73 6 16 132
73 20 9 62
73 20 11 165
73 20 14 156
73 20 19 170
73 23 1 66
73 23 11 74
73 23 13 99
73 24 2 74
73 24 5 28
73 24 10 63
73 24 12 15
73 24 13 108
73 24 17 156
73 25 15 56
73 25 18 108
73 28 0 82
73 28 3 88
73 28 16 150
73 29 3 188
73 29 4 146
73 29 10 117
73 29 19 66
73 31 5 62
73 31 8 82
73 31 17 181
73 41 0 63
73 41 7 200
73 41 16 20
73 46 6 191
73 46 14 79
74 1 0 98
74 1 7 44
74 7 17 142
74 27 8 162
74 27 15 29
74 29 3 19
74 29 4 184
74 29 10 118
74 29 19 157
74 31 5 45
74 31 8 26
74 31 17 133
74 48 8 146
74 48 16 3
74 48 18 39
75 2 2 113
75 2 7 153
75 2 11 96
75 2 12 26
75 6 6 83
75 6 8 22
75 6 16 87
75 18 0 162
75 25 15 109
75 25 18 174
75 27 8 100
75 27 15 12
75 47 0 1
75 47 5 77
75 47 12 168
75 47 19 176
75 48 8 65
75 48 16 84
75 48 18 132
76 1 0 56
76 1 7 181
76 9 4 134
76 9 6 167
76 9 10 169
76 18 0 7
76 21 3 197
76 21 4 117
76 21 14 128
76 21 15 193
76 21 19 14
76 23 1 112
76 23 11 84
76 23 13 56
76 25 15 129
76 25 18 17
76 29 3 112
76 29 4 179
76 29 10 173
76 29 19 34
76 34 0 108
76 34 10 22
76 34 12 181
76 36 1 41
76 36 8 76
76 36 11 22
76 36 18 94
76 42 1 54
76 42 7 125
77 4 0 198
77 4 9 34
77 4 11 129
77 14 8 39
77 14 17 77
77 15 11 140
77 15 13 4
77 15 16 38
77 15 18 188
77 18 0 20
77 20 9 12
77 20 11 3
77 20 14 5
77 20 19 26
77 29 3 16
77 29 4 98
77 29 10 167
77 29 19 5
77 32 7 177
77 32 9 27
77 32 19 103
77 35 1 143
77 35 3 136
77 35 9 79
77 43 2 137
77 43 4 105
77 43 10 165
77 43 14 185
77 43 15 179
77 43 17 112
77 43 18 9
78 0 5 8
78 0 7 84
78 0 13 197
78 0 15 13
78 2 2 89
78 2 7 115
78 2 11 188
78 2 12 183
78 11 17 111
78 13 6 127
78 13 19 153
78 17 6 191
78 17 18 68
78 20 9 130
78 20 11 59
78 20 14 129
78 20 19 141
78 21 3 112
78 21 4 76
78 21 14 105
78 21 15 191
78 21 19 97
78 44 11 54
78 47 0 26
78 47 5 169
78 47 12 96
78 47 19 13
78 48 8 102
78 48 16 5
78 48 18 91
78 49 4 38
78 49 8 112
78 49 9 168
78 49 13 154
79 20 9 103
79 20 11 21
79 20 14 57
79 20 19 114
79 26 4 129
79 26 7 198
79 26 10 41
79 26 13 147
79 29 3 110
79 29 4 12
79 29 10 56
79 29 19 153
79 38 8 164
79 38 18 193
79 46 6 177
79 46 14 15
80 0 5 131
80 0 7 17
80 0 13 144
80 0 15 105
80 4 0 174
80 4 9 62
80 4 11 16
80 8 2 8
80 8 3 99
80 8 13 133
80 8 18 91
80 8 19 189
80 13 6 55
80 13 19 127
80 21 3 184
80 21 4 101
80 21 14 177
80 21 15 77
80 21 19 70
80 26 4 194
80 26 7 33
80 26 10 198
80 26 13 44
80 48 8 53
80 48 16 134
80 48 18 186
81 19 8 155
81 19 11 189
81 19 13 25
81 19 16 132
81 28 0 142
81 28 3 81
81 28 16 26
81 35 1 140
81 35 3 42
81 35 9 4
81 42 1 108
81 42 7 167
81 46 6 164
81 46 14 124
82 0 5 92
82 0 7 19
82 0 13 11
82 0 15 185
82 6 6 114
82 6 8 116
82 6 16 135
82 25 15 60
82 25 18 78
82 27 8 187
82 27 15 174
82 31 5 124
82 31 8 90
82 31 17 21
82 32 7 159
82 32 9 28
82 32 19 187
82 33 0 59
82 33 3 94
82 33 9 116
82 40 11 11
82 42 1 6
82 42 7 85
82 44 11 178
82 47 0 47
82 47 5 168
82 47 12 91
82 47 19 82
83 0 5 24
83 0 7 11
83 0 13 20
83 0 15 184
83 5 13 173
83 11 17 183
83 17 6 44
83 17 18 35
83 18 0 133
83 23 1 147
83 23 11 77
83 23 13 61
83 25 15 197
83 25 18 106
83 28 0 89
83 28 3 9
83 28 16 143
83 30 0 25
83 30 4 28
83 30 8 95
83 30 11 168
83 36 1 73
83 36 8 61
83 36 11 165
83 36 18 34
83 42 1 48
83 42 7 156
83 47 0 61
83 47 5 142
83 47 12 121
83 47 19 26
84 2 2 12
84 2 7 181
84 2 11 8
84 2 12 93
84 22 2 88
84 22 6 85
84 22 8 197
84 22 10 166
84 22 18 89
84 26 4 58
84 26 7 87
84 26 10 124
84 26 13 197
84 36 1 114
84 36 8 142
84 36 11 152
84 36 18 165
84 40 11 136
84 42 1 145
84 42 7 164
85 6 6 89
85 6 8 9
85 6 16 35
85 10 10 90
85 10 11 122
85 12 2 21
85 12 11 166
85 12 13 184
85 12 18 193
85 26 4 15
85 26 7 73
85 26 10 14
85 26 13 195
85 27 8 180
85 27 15 42
85 30 0 195
85 30 4 91
85 30 8 64
85 30 11 26
85 36 1 100
85 36 8 26
85 36 11 71
85 36 18 169
86 2 2 141
86 2 7 132
86 2 11 184
86 2 12 30
86 5 13 160
86 9 4 175
86 9 6 37
86 9 10 130
86 15 11 182
86 15 13 188
86 15 16 15
86 15 18 117
86 18 0 128
86 21 3 168
86 21 4 105
86 21 14 23
86 21 15 158
86 21 19 11
86 44 11 91
86 45 5 164
86 45 17 138
86 46 6 81
86 46 14 2
86 47 0 105
86 47 5 109
86 47 12 41
86 47 19 143
86 49 4 113
86 49 8 25
86 49 9 58
86 49 13 156
87 1 0 45
87 1 7 23
87 4 0 43
87 4 9 128
87 4 11 63
87 15 11 46
87 15 13 90
87 15 16 15
87 15 18 37
87 19 8 170
87 19 11 125
87 19 13 106
87 19 16 54
87 21 3 8
87 21 4 81
87 21 14 102
87 21 15 171
87 21 19 171
87 23 1 113
87 23 11 69
87 23 13 66
87 32 7 171
87 32 9 9
87 32 19 50
87 33 0 84
87 33 3 73
87 33 9 32
87 37 8 116
87 37 13 25
87 38 8 159
87 38 18 83
87 40 11 200
87 41 0 148
87 41 7 71
87 41 16 108
87 44 11 10
87 46 6 44
87 46 14 17
88 1 0 44
88 1 7 110
88 7 17 46
88 12 2 57
88 12 11 104
88 12 13 124
88 12 18 45
88 13 6 11
88 13 19 57
88 29 3 93
88 29 4 5
88 29 10 153
88 29 19 120
88 32 7 147
88 32 9 90
88 32 19 98
88 34 0 169
88 34 10 104
88 34 12 82
88 39 7 54
88 39 9 70
88 39 14 189
88 45 5 117
88 45 17 105
88 47 0 55
88 47 5 51
88 47 12 90
88 47 19 111
89 6 6 150
89 6 8 84
89 6 16 9
89 12 2 196
89 12 11 47
89 12 13 186
89 12 18 109
89 17 6 18
89 17 18 80
89 20 9 23
89 20 11 10
89 20 14 52
89 20 19 22
89 30 0 83
89 30 4 5
89 30 8 176
89 30 11 165
89 33 0 176
89 33 3 69
89 33 9 33
89 47 0 39
89 47 5 158
89 47 12 183
89 47 19 176
90 2 2 142
90 2 7 6
90 2 11 154
90 2 12 127
90 3 6 29
90 5 13 144
90 31 5 72
90 31 8 27
90 31 17 80
90 33 0 166
90 33 3 66
90 33 9 24
90 35 1 101
90 35 3 194
90 35 9 91
90 43 2 6
90 43 4 178
90 43 10 29
90 43 14 41
90 43 15 126
90 43 17 95
90 43 18 174
91 3 6 22
91 11 17 11
91 13 6 96
91 13 19 166
91 16 11 20
91 22 2 196
91 22 6 65
91 22 8 164
91 22 10 194
91 22 18 20
91 24 2 73
91 24 5 55
91 24 10 189
91 24 12 128
91 24 13 46
91 24 17 79
91 26 4 116
91 26 7 70
91 26 10 25
91 26 13 130
91 27 8 23
91 27 15 129
91 29 3 127
91 29 4 83
91 29 10 132
91 29 19 36
91 33 0 29
91 33 3 53
91 33 9 198
91 38 8 44
91 38 18 59
91 47 0 60
91 47 5 127
91 47 12 122
91 47 19 1
92 6 6 104
92 6 8 73
92 6 16 128
92 9 4 127
92 9 6 157
92 9 10 74
92 14 8 80
92 14 17 62
92 16 11 27
92 21 3 133
92 21 4 26
92 21 14 94
92 21 15 2
92 21 19 197
92 25 15 14
92 25 18 93
92 29 3 161
92 29 4 51
92 29 10 144
92 29 19 172
92 32 7 67
92 32 9 143
92 32 19 57
92 36 1 178
92 36 8 27
92 36 11 105
92 36 18 20
92 38 8 56
92 38 18 52
93 25 15 183
93 25 18 101
93 29 3 101
93 29 4 157
93 29 10 101
93 29 19 48
94 4 0 2
94 4 9 199
94 4 11 143
94 12 2 18
94 12 11 141
94 12 13 134
94 12 18 137
94 16 11 89
94 26 4 1
94 26 7 99
94 26 10 139
94 26 13 141
94 35 1 77
94 35 3 78
94 35 9 10
94 36 1 45
94 36 8 147
94 36 11 55
94 36 18 179
94 37 8 47
94 37 13 130
94 39 7 74
94 39 9 146
94 39 14 4
94 44 11 124
94 45 5 154
94 45 17 68
94 47 0 28
94 47 5 89
94 47 12 41
94 47 19 1
95 2 2 98
95 2 7 136
95 2 11 54
95 2 12 90
95 9 4 158
95 9 6 155
95 9 10 135
95 12 2 177
95 12 11 46
95 12 13 42
95 12 18 31
95 16 11 130
95 19 8 73
95 19 11 38
95 19 13 141
95 19 16 36
95 29 3 16
95 29 4 129
95 29 10 134
95 29 19 88
95 32 7 71
95 32 9 155
95 32 19 92
95 34 0 45
95 34 10 131
95 34 12 148
95 41 0 173
95 41 7 58
95 41 16 99
96 0 5 45
96 0 7 3
96 0 13 131
96 0 15 72
96 32 7 48
96 32 9 37
96 32 19 9
96 34 0 146
96 34 10 184
96 34 12 124
96 36 1 183
96 36 8 107
96 36 11 172
96 36 18 61
96 44 11 1
97 2 2 119
97 2 7 148
97 2 11 39
97 2 12 186
97 29 3 187
97 29 4 113
97 29 10 85
97 29 19 43
97 30 0 43
97 30 4 72
97 30 8 59
97 30 11 109
97 37 8 157
97 37 13 74
97 42 1 70
97 42 7 59
97 45 5 56
97 45 17 2
97 46 6 111
97 46 14 147
98 2 2 124
98 2 7 34
98 2 11 67
98 2 12 136
98 15 11 189
98 15 13 187
98 15 16 103
98 15 18 11
98 21 3 123
98 21 4 5
98 21 14 169
98 21 15 103
98 21 19 121
98 23 1 51
98 23 11 82
98 23 13 94
98 35 1 43
98 35 3 126
98 35 9 174
98 39 7 74
98 39 9 76
98 39 14 168
99 9 4 57
99 9 6 184
99 9 10 3
99 17 6 86
99 17 18 90
99 24 2 118
99 24 5 176
99 24 10 157
99 24 12 157
99 24 13 167
99 24 17 46
99 27 8 30
99 27 15 122
99 32 7 183
99 32 9 86
99 32 19 49
99 49 4 75
99 49 8 81
99 49 9 125
99 49 13 52
-1 
0 10 3
0 12 2
0 18 3
0 19 4
0 22 1
0 23 3
0 24 1
0 26 4
0 27 3
0 28 1
0 31 4
0 32 2
0 39 1
0 44 3
0 52 4
0 56 2
0 59 2
0 64 2
0 69 4
0 71 2
0 74 1
0 79 4
0 80 1
0 81 3
0 83 1
0 84 2
0 85 1
0 86 3
0 87 4
0 89 4
0 93 2
0 94 4
1 4 4
1 8 1
1 18 3
1 24 2
1 26 1
1 27 4
1 34 4
1 39 3
1 42 4
1 50 2
1 56 3
1 58 3
1 59 1
1 63 1
1 64 1
1 66 3
1 67 2
1 69 3
1 70 2
1 71 1
1 72 3
1 75 2
1 76 4
1 81 2
1 84 4
1 88 3
1 98 1
2 1 1
2 12 3
2 14 3
2 19 3
2 22 1
2 23 1
2 25 2
2 27 3
2 31 2
2 35 3
2 42 1
2 44 2
2 46 1
2 49 2
2 56 4
2 66 4
2 70 2
2 71 4
2 74 2
2 75 3
2 81 2
2 86 1
2 91 2
2 92 1
2 94 3
2 96 1
2 98 4
3 1 1
3 2 2
3 3 2
3 4 1
3 5 3
3 9 1
3 11 1
3 13 1
3 16 1
3 17 1
3 19 4
3 23 3
3 25 2
3 32 3
3 37 3
3 38 1
3 41 1
3 43 4
3 46 2
3 52 1
3 56 2
3 58 3
3 63 3
3 64 3
3 67 4
3 69 3
3 75 4
3 79 1
3 87 4
3 89 2
3 91 3
3 94 4
4 4 4
4 11 2
4 13 4
4 24 3
4 27 4
4 30 4
4 31 3
4 33 1
4 41 2
4 47 1
4 57 4
4 66 3
4 72 2
4 74 4
4 77 4
4 86 1
4 88 1
4 89 1
4 93 2
4 94 1
4 95 4
5 7 3
5 11 4
5 12 3
5 14 4
5 20 3
5 25 1
5 28 2
5 31 3
5 35 2
5 46 1
5 48 1
5 50 3
5 56 2
5 57 2
5 58 2
5 59 4
5 61 1
5 62 3
5 63 4
5 76 1
5 78 1
5 83 3
5 85 4
5 86 1
5 91 2
5 93 1
5 94 1
5 95 3
6 4 4
6 5 1
6 9 2
6 11 2
6 27 3
6 29 4
6 31 2
6 32 3
6 33 3
6 34 4
6 35 2
6 37 2
6 40 1
6 41 4
6 46 3
6 48 1
6 56 2
6 58 3
6 64 1
6 67 4
6 70 2
6 72 3
6 74 2
6 79 4
6 81 1
6 83 4
6 93 1
6 96 3
6 98 4
7 2 1
7 4 1
7 9 3
7 12 2
7 23 1
7 24 4
7 25 1
7 31 2
7 35 4
7 40 4
7 42 3
7 48 3
7 52 4
7 54 4
7 55 2
7 61 3
7 62 3
7 63 1
7 73 1
7 80 3
7 90 1
7 93 2
7 95 2
7 96 1
7 97 4
8 1 2
8 5 2
8 7 1
8 12 3
8 13 4
8 19 2
8 20 1
8 21 4
8 22 3
8 23 3
8 24 3
8 35 3
8 37 3
8 44 4
8 45 1
8 47 1
8 48 1
8 50 4
8 60 3
8 67 4
8 69 3
8 74 1
8 75 2
8 78 4
8 89 1
8 91 1
8 96 4
9 0 4
9 2 1
9 9 2
9 12 2
9 14 3
9 15 2
9 22 3
9 31 4
9 32 2
9 35 4
9 42 1
9 47 1
9 56 2
9 57 4
9 58 3
9 64 1
9 65 2
9 66 2
9 70 2
9 71 2
9 87 1
9 89 1
9 91 2
9 93 3
9 97 3
9 98 4
10 8 1
10 12 4
10 13 4
10 20 4
10 26 3
10 28 2
10 33 1
10 36 1
10 42 4
10 43 3
10 44 3
10 50 2
10 51 2
10 55 4
10 56 2
10 61 4
10 62 2
10 65 3
10 66 4
10 69 3
10 72 4
10 74 3
10 77 4
10 82 3
10 89 2
10 91 3
10 99 4
11 2 3
11 8 2
11 9 4
11 11 3
11 14 3
11 17 3
11 18 3
11 23 3
11 32 1
11 33 1
11 35 4
11 37 3
11 44 1
11 50 2
11 54 3
11 58 4
11 66 1
11 68 2
11 69 3
11 76 2
11 77 4
11 80 3
11 92 1
11 93 2
11 94 3
11 95 2
12 0 1
12 7 4
12 12 4
12 16 4
12 18 3
12 21 2
12 22 2
12 27 2
12 28 4
12 29 4
12 32 2
12 33 1
12 36 4
12 37 1
12 40 2
12 44 1
12 47 4
12 48 2
12 50 3
12 51 4
12 60 3
12 62 4
12 68 1
12 85 3
12 94 1
12 99 4
13 0 4
13 1 2
13 2 1
13 3 1
13 4 1
13 6 4
13 9 4
13 17 3
13 21 1
13 23 2
13 29 4
13 40 3
13 46 1
13 47 2
13 57 4
13 58 1
13 60 1
13 63 1
13 72 2
13 75 1
13 77 1
13 78 4
13 82 3
13 87 4
13 95 3
13 97 3
13 99 2
14 12 4
14 15 1
14 19 3
14 20 4
14 23 4
14 24 2
14 27 3
14 28 3
14 31 1
14 32 4
14 37 4
14 38 2
14 40 3
14 43 1
14 50 3
14 52 2
14 54 2
14 61 4
14 68 2
14 76 3
14 82 4
14 83 2
14 88 4
14 94 1
15 3 2
15 4 2
15 6 4
15 10 1
15 14 1
15 19 4
15 23 3
15 26 2
15 30 1
15 31 4
15 33 3
15 41 1
15 42 3
15 44 4
15 49 2
15 55 2
15 56 4
15 60 2
15 62 4
15 63 2
15 74 1
15 78 3
15 83 3
15 84 4
15 88 4
15 96 1
16 4 3
16 7 1
16 8 3
16 10 3
16 18 1
16 21 2
16 28 3
16 29 3
16 35 2
16 41 1
16 46 2
16 48 1
16 49 1
16 52 1
16 58 3
16 61 4
16 63 2
16 71 1
16 75 3
16 83 2
16 86 3
16 94 3
16 97 2
17 1 1
17 2 3
17 16 2
17 20 4
17 21 2
17 27 1
17 31 3
17 35 3
17 41 3
17 42 4
17 44 4
17 51 2
17 57 2
17 59 4
17 61 4
17 64 3
17 67 4
17 73 1
17 81 1
17 88 2
17 99 2
18 0 1
18 3 1
18 6 3
18 9 3
18 12 3
18 15 1
18 19 4
18 21 1
18 28 4
18 29 1
18 33 4
18 37 3
18 40 2
18 44 1
18 47 1
18 58 1
18 63 4
18 67 3
18 68 2
18 73 3
18 75 4
18 80 3
18 94 1
18 96 1
18 98 4
19 2 4
19 7 3
19 8 4
19 10 3
19 15 3
19 25 2
19 31 1
19 32 3
19 41 1
19 45 2
19 50 1
19 64 4
19 68 4
19 72 2
19 74 1
19 79 3
19 90 3
19 92 4
19 95 3
19 97 2
19 99 3
20 3 4
20 6 1
20 7 2
20 11 3
20 13 2
20 15 3
20 17 4
20 18 2
20 19 4
20 21 1
20 23 2
20 25 4
20 28 3
20 39 3
20 47 4
20 50 3
20 53 2
20 59 2
20 60 2
20 61 4
20 65 4
20 69 3
20 75 3
20 84 1
20 86 2
20 90 4
20 91 3
20 94 4
20 96 3
20 98 2
21 2 1
21 4 1
21 6 1
21 8 2
21 15 3
21 17 4
21 27 4
21 32 3
21 33 2
21 35 4
21 37 1
21 40 4
21 46 3
21 47 3
21 48 1
21 51 4
21 61 2
21 66 4
21 72 4
21 79 4
21 80 3
21 82 1
21 87 1
21 92 4
21 98 4
22 10 1
22 15 2
22 17 4
22 24 4
22 27 4
22 28 1
22 29 1
22 36 2
22 38 4
22 44 3
22 52 1
22 53 2
22 54 3
22 57 2
22 66 4
22 69 2
22 72 4
22 75 3
22 82 4
22 86 1
22 88 3
22 91 1
23 6 1
23 18 2
23 21 4
23 26 4
23 27 1
23 31 4
23 33 3
23 34 1
23 36 1
23 45 1
23 50 4
23 52 4
23 62 1
23 65 2
23 66 2
23 72 2
23 73 4
23 82 1
23 83 1
23 89 4
23 91 2
23 92 4
23 94 1
23 96 4
23 98 4
23 99 2
24 4 2
24 6 1
24 8 3
24 11 2
24 24 1
24 25 3
24 27 1
24 33 4
24 34 3
24 35 2
24 48 2
24 54 2
24 57 2
24 63 2
24 64 1
24 69 2
24 73 3
24 74 4
24 76 1
24 87 3
24 93 2
24 95 4
24 98 3
25 0 2
25 16 2
25 31 2
25 34 4
25 39 1
25 44 3
25 45 2
25 53 2
25 58 1
25 73 1
25 74 2
25 75 4
25 76 1
25 77 4
25 81 2
25 87 3
25 89 2
25 92 4
25 97 3
25 98 1
26 9 1
26 15 3
26 18 1
26 19 4
26 28 3
26 39 1
26 62 4
26 72 4
26 78 4
26 89 4
26 97 4
27 0 4
27 3 1
27 4 1
27 16 3
27 21 4
27 24 2
27 26 3
27 28 3
27 30 4
27 44 4
27 52 4
27 70 3
27 73 1
27 82 3
27 83 3
27 86 4
27 89 4
27 93 4
27 95 2
27 97 2
28 2 4
28 3 2
28 7 2
28 12 1
28 19 1
28 22 4
28 26 1
28 37 4
28 45 1
28 47 4
28 52 2
28 53 3
28 59 4
28 60 3
28 61 4
28 67 3
28 69 1
28 88 2
28 92 2
28 99 3
29 1 1
29 4 4
29 15 2
29 20 2
29 25 2
29 37 2
29 41 1
29 42 4
29 54 3
29 56 3
29 64 2
29 66 4
29 72 1
29 73 2
29 83 3
29 87 1
29 88 3
30 0 4
30 3 3
30 11 3
30 12 1
30 13 2
30 14 2
30 15 4
30 18 3
30 19 3
30 20 1
30 43 4
30 46 2
30 49 3
30 51 1
30 55 4
30 66 4
30 67 3
30 76 2
30 86 1
30 92 3
30 94 4
31 0 3
31 3 4
31 6 4
31 7 3
31 11 1
31 13 4
31 14 3
31 15 3
31 18 3
31 23 4
31 24 3
31 25 3
31 31 3
31 37 2
31 48 4
31 49 4
31 54 1
31 55 4
31 57 1
31 61 3
31 63 1
31 64 2
31 66 1
31 71 2
31 72 3
31 73 1
31 74 2
31 75 4
31 81 2
31 84 3
31 85 4
31 88 3
31 90 3
31 92 4
31 93 3
31 97 3
32 0 3
32 1 2
32 3 1
32 8 1
32 9 1
32 14 2
32 16 2
32 25 4
32 28 2
32 36 4
32 42 4
32 43 1
32 45 3
32 50 3
32 51 1
32 52 3
32 69 4
32 82 4
32 86 4
32 95 1
32 96 1
32 97 4
33 0 2
33 9 1
33 11 4
33 14 4
33 16 3
33 22 2
33 24 2
33 25 1
33 26 1
33 32 3
33 40 3
33 44 1
33 51 1
33 52 3
33 55 4
33 57 3
33 63 1
33 66 4
33 74 1
33 75 2
33 78 1
33 81 4
33 84 2
33 92 3
34 5 3
34 7 4
34 21 3
34 26 4
34 30 1
34 32 2
34 33 4
34 39 3
34 43 1
34 49 2
34 50 4
34 55 1
34 60 4
34 63 2
34 66 1
34 67 3
34 68 2
34 69 4
34 72 2
34 74 4
34 76 2
34 77 2
34 79 3
34 80 3
34 83 3
34 85 1
34 90 3
34 91 1
35 1 3
35 3 4
35 11 3
35 15 2
35 16 2
35 20 3
35 29 4
35 31 2
35 35 2
35 40 3
35 44 1
35 55 1
35 56 3
35 59 1
35 60 1
35 61 4
35 67 2
35 72 4
35 73 1
35 77 4
35 79 3
35 82 4
35 84 3
35 88 4
35 89 3
35 91 1
35 95 3
35 97 2
36 0 4
36 2 1
36 8 3
36 9 2
36 12 2
36 13 3
36 15 1
36 17 3
36 24 1
36 26 3
36 28 4
36 30 4
36 40 2
36 41 3
36 45 4
36 52 2
36 67 1
36 72 1
36 79 1
36 85 2
36 86 4
36 88 3
36 92 4
36 97 4
37 4 4
37 6 3
37 7 2
37 16 2
37 17 4
37 18 4
37 23 3
37 31 3
37 32 2
37 33 2
37 38 3
37 42 1
37 45 3
37 48 1
37 52 1
37 55 1
37 59 2
37 60 2
37 66 2
37 73 1
37 82 3
37 85 4
37 94 4
38 6 3
38 7 2
38 12 3
38 15 1
38 19 1
38 22 2
38 24 3
38 41 1
38 42 2
38 46 1
38 48 4
38 52 3
38 59 3
38 62 3
38 67 1
38 72 3
38 74 4
38 77 3
38 79 3
38 80 2
38 84 2
38 94 4
38 96 3
38 98 1
39 3 1
39 8 1
39 11 2
39 13 2
39 20 4
39 21 4
39 22 4
39 24 4
39 27 2
39 29 4
39 33 2
39 34 4
39 35 3
39 40 1
39 43 4
39 46 3
39 47 3
39 48 4
39 52 3
39 55 2
39 57 4
39 62 2
39 66 2
39 67 3
39 68 3
39 71 1
39 72 4
39 74 1
39 81 3
39 83 3
39 84 4
39 85 1
39 91 4
39 92 3
39 96 1
39 99 1
40 1 3
40 5 1
40 15 4
40 19 1
40 26 3
40 28 4
40 30 2
40 31 1
40 36 2
40 40 4
40 41 4
40 42 2
40 47 1
40 51 3
40 52 1
40 56 3
40 60 2
40 63 4
40 66 1
40 74 1
40 78 4
40 79 4
40 80 2
40 87 1
40 88 2
40 91 1
40 93 1
40 95 3
41 2 4
41 3 2
41 4 4
41 13 3
41 14 2
41 15 3
41 24 4
41 30 2
41 31 1
41 33 1
41 34 4
41 35 2
41 40 1
41 42 1
41 44 2
41 49 4
41 52 2
41 56 4
41 57 1
41 62 1
41 63 1
41 68 4
41 69 2
41 70 2
41 79 2
41 82 4
41 85 2
41 86 3
41 87 1
41 89 1
41 93 3
41 95 3
41 98 4
42 0 1
42 2 2
42 8 4
42 16 4
42 17 4
42 21 1
42 26 1
42 34 1
42 38 1
42 43 3
42 45 3
42 46 2
42 49 4
42 50 1
42 51 3
42 53 1
42 54 4
42 57 3
42 60 4
42 64 3
42 67 3
42 70 1
42 71 4
42 74 4
42 76 3
42 80 2
42 84 1
42 85 2
43 4 2
43 7 2
43 10 3
43 16 4
43 20 4
43 21 1
43 22 2
43 35 3
43 38 2
43 39 4
43 40 1
43 41 1
43 49 2
43 50 2
43 52 2
43 53 2
43 57 1
43 61 1
43 68 4
43 69 4
43 72 2
43 74 2
43 75 4
43 78 3
43 84 4
43 87 1
43 91 3
44 0 4
44 1 2
44 11 4
44 17 1
44 19 3
44 20 4
44 21 2
44 22 3
44 24 3
44 26 4
44 27 2
44 32 4
44 36 3
44 39 3
44 42 3
44 45 3
44 47 2
44 49 1
44 55 4
44 56 2
44 57 4
44 60 4
44 63 4
44 70 4
44 72 3
44 75 1
44 77 4
44 78 4
44 80 3
44 82 4
44 86 2
45 5 2
45 10 3
45 14 1
45 15 4
45 17 2
45 23 2
45 31 4
45 43 4
45 44 1
45 45 3
45 46 2
45 50 4
45 55 4
45 57 2
45 58 2
45 67 4
45 70 4
45 72 1
45 76 4
45 88 3
45 90 2
45 91 2
45 99 4
46 3 1
46 7 2
46 14 4
46 21 1
46 24 1
46 27 1
46 34 3
46 37 3
46 40 4
46 42 4
46 43 4
46 46 1
46 52 2
46 53 2
46 71 1
46 73 3
46 75 4
46 79 1
46 81 4
46 84 2
46 91 4
46 99 4
47 4 1
47 5 1
47 6 2
47 8 2
47 14 4
47 15 1
47 27 2
47 28 3
47 35 2
47 41 4
47 44 2
47 45 1
47 56 3
47 57 3
47 70 3
47 72 1
47 73 2
47 75 3
47 76 1
47 78 2
47 79 4
47 80 2
47 81 4
47 82 2
48 2 3
48 7 3
48 9 1
48 12 3
48 14 2
48 19 1
48 20 3
48 24 2
48 26 4
48 36 2
48 42 1
48 45 4
48 46 1
48 49 3
48 57 3
48 58 1
48 61 4
48 64 4
48 71 3
48 74 3
48 77 1
48 84 3
48 89 4
48 93 1
49 0 2
49 6 3
49 11 4
49 12 3
49 14 2
49 15 1
49 17 1
49 26 1
49 29 2
49 33 2
49 37 1
49 39 1
49 44 4
49 45 1
49 46 4
49 49 1
49 60 4
49 70 2
49 80 3
49 84 2
49 91 3
49 94 3
50 0 4
50 1 3
50 3 2
50 4 2
50 19 1
50 20 4
50 22 4
50 37 4
50 40 2
50 42 4
50 43 4
50 51 4
50 53 4
50 55 1
50 65 1
50 67 2
50 68 2
50 69 1
50 70 4
50 73 2
50 75 2
50 78 3
50 80 3
50 89 1
50 97 4
51 1 3
51 3 4
51 8 4
51 13 3
51 15 4
51 18 3
51 19 4
51 25 2
51 35 1
51 37 1
51 38 2
51 40 3
51 43 2
51 44 2
51 52 3
51 53 2
51 55 4
51 56 4
51 59 4
51 62 3
51 64 4
51 71 1
51 77 1
51 79 2
51 80 4
51 86 4
51 87 1
51 88 3
51 91 4
51 93 1
51 98 1
52 14 1
52 16 3
52 17 2
52 19 2
52 21 1
52 29 3
52 31 1
52 32 1
52 38 2
52 41 2
52 55 3
52 56 4
52 57 2
52 64 2
52 65 3
52 69 1
52 71 1
52 77 1
52 85 4
52 87 3
52 95 4
52 98 4
53 0 3
53 3 3
53 4 2
53 5 1
53 10 3
53 14 2
53 15 2
53 21 3
53 29 1
53 38 4
53 45 4
53 47 3
53 52 1
53 64 3
53 66 2
53 70 3
53 74 1
53 75 3
53 76 2
53 77 2
53 78 3
53 80 1
53 85 3
53 87 2
53 89 1
53 96 1
54 0 3
54 12 4
54 15 3
54 17 1
54 22 4
54 26 1
54 27 4
54 29 2
54 30 4
54 34 1
54 35 1
54 36 4
54 37 1
54 40 1
54 41 4
54 43 1
54 47 3
54 49 1
54 51 3
54 52 2
54 53 4
54 69 2
54 77 2
54 78 2
54 80 3
54 82 4
54 84 1
54 91 2
54 93 2
54 94 4
54 96 3
54 98 2
54 99 2
55 1 3
55 6 4
55 12 3
55 15 3
55 20 4
55 27 4
55 35 2
55 36 1
55 49 3
55 56 2
55 66 4
55 81 4
55 85 2
55 90 1
55 94 3
56 4 1
56 7 1
56 14 1
56 16 4
56 22 1
56 24 3
56 28 2
56 35 3
56 38 2
56 39 4
56 43 2
56 45 3
56 46 2
56 53 2
56 64 2
56 68 1
56 69 2
56 78 2
56 82 4
56 83 2
56 85 2
56 95 4
56 97 1
57 0 4
57 4 2
57 7 4
57 9 3
57 17 2
57 18 2
57 19 2
57 24 1
57 25 4
57 27 4
57 34 2
57 36 3
57 41 3
57 45 4
57 47 2
57 50 4
57 54 1
57 55 3
57 60 2
57 62 2
57 75 1
57 77 2
57 92 1
57 95 3
58 4 3
58 8 4
58 9 3
58 11 1
58 12 2
58 14 4
58 16 1
58 20 1
58 24 1
58 27 3
58 28 4
58 35 3
58 40 2
58 41 4
58 46 1
58 57 4
58 58 1
58 65 3
58 68 1
58 77 2
58 80 4
58 85 2
58 88 4
58 93 4
58 99 3
59 0 4
59 2 2
59 4 3
59 15 2
59 25 2
59 28 1
59 33 2
59 35 3
59 36 2
59 56 3
59 62 3
59 67 3
59 69 2
59 73 2
59 87 1
60 4 3
60 6 1
60 12 3
60 18 4
60 20 1
60 22 1
60 23 4
60 25 2
60 29 4
60 30 3
60 32 1
60 39 3
60 50 2
60 63 3
60 69 4
60 70 2
60 72 2
60 73 4
60 76 2
60 81 2
60 88 1
60 90 1
60 92 1
60 95 1
60 96 4
61 13 3
61 16 3
61 20 3
61 27 2
61 28 4
61 32 1
61 43 3
61 49 3
61 50 2
61 52 1
61 61 3
61 63 3
61 78 1
61 80 2
61 83 4
61 86 1
61 87 2
61 90 1
61 93 3
62 0 3
62 7 4
62 13 3
62 16 1
62 17 2
62 27 3
62 29 1
62 33 3
62 46 4
62 48 4
62 52 4
62 56 2
62 59 3
62 62 1
62 69 3
62 71 1
62 77 2
62 80 4
62 90 4
62 98 4
63 7 2
63 8 1
63 9 1
63 13 1
63 15 4
63 16 1
63 20 2
63 21 1
63 23 1
63 32 3
63 33 4
63 35 3
63 37 1
63 38 1
63 39 3
63 40 2
63 43 2
63 44 2
63 46 4
63 48 3
63 53 3
63 54 3
63 55 1
63 63 2
63 64 2
63 65 3
63 66 4
63 73 3
63 78 1
63 82 1
63 90 3
63 93 2
63 94 3
63 96 1
63 98 1
64 2 1
64 6 4
64 8 1
64 16 3
64 21 3
64 22 2
64 24 2
64 30 4
64 32 2
64 39 3
64 42 4
64 45 1
64 46 3
64 47 3
64 49 1
64 55 4
64 61 2
64 64 1
64 65 3
64 67 1
64 68 2
64 71 4
64 76 2
64 77 4
64 80 1
64 82 2
64 83 1
64 87 4
64 90 2
64 92 1
65 7 2
65 10 4
65 19 4
65 22 3
65 25 2
65 30 4
65 37 2
65 43 3
65 44 4
65 49 2
65 51 4
65 59 2
65 72 2
65 73 1
65 77 2
65 79 1
65 85 4
65 87 4
65 90 3
65 91 1
65 93 4
65 94 3
65 97 3
66 3 1
66 5 3
66 15 1
66 20 2
66 22 3
66 29 4
66 39 3
66 42 3
66 46 4
66 48 1
66 49 4
66 53 4
66 58 2
66 60 2
66 66 2
66 67 3
66 70 1
66 72 3
66 73 2
66 74 2
66 75 2
66 86 1
66 92 2
66 98 2
67 8 4
67 18 2
67 21 1
67 23 2
67 24 2
67 25 2
67 27 1
67 28 4
67 31 2
67 34 3
67 36 3
67 38 4
67 39 2
67 41 1
67 44 4
67 46 1
67 53 3
67 63 1
67 66 1
67 68 1
67 69 2
67 71 2
67 75 3
67 79 2
67 80 1
67 82 3
67 83 1
67 84 2
67 87 1
67 88 4
67 90 1
67 92 1
67 95 3
67 97 4
67 98 3
67 99 3
68 3 2
68 5 3
68 13 2
68 15 1
68 18 2
68 19 4
68 21 2
68 23 4
68 29 2
68 37 3
68 39 3
68 43 1
68 47 3
68 48 1
68 54 4
68 59 1
68 66 4
68 67 3
68 70 2
68 74 2
68 75 1
68 76 2
68 82 3
68 83 2
68 85 1
68 86 2
68 87 3
68 92 1
68 98 1
69 1 3
69 4 3
69 9 1
69 14 4
69 16 3
69 19 3
69 26 1
69 33 3
69 37 3
69 39 2
69 50 1
69 53 3
69 54 3
69 59 3
69 61 3
69 64 1
69 68 3
69 69 1
69 97 3
69 98 3
70 0 2
70 1 4
70 3 4
70 9 1
70 23 2
70 25 2
70 28 1
70 29 1
70 30 3
70 32 2
70 34 1
70 36 4
70 44 2
70 54 2
70 58 4
70 63 1
70 68 3
70 69 2
70 70 3
70 76 4
70 83 3
70 85 3
70 86 4
70 89 3
70 90 3
70 91 2
70 94 4
71 0 1
71 1 4
71 5 3
71 6 4
71 11 1
71 15 2
71 17 4
71 18 1
71 23 1
71 26 1
71 28 2
71 31 3
71 39 1
71 43 2
71 49 4
71 51 1
71 59 4
71 60 2
71 62 2
71 63 4
71 67 4
71 70 1
71 71 4
71 72 1
71 77 3
71 78 4
71 85 2
71 86 3
71 90 4
71 92 1
71 94 2
71 96 1
71 99 4
72 0 3
72 1 1
72 2 1
72 4 2
72 7 2
72 10 1
72 11 4
72 14 2
72 15 3
72 16 1
72 18 4
72 19 4
72 21 3
72 23 1
72 25 1
72 31 2
72 35 2
72 38 1
72 44 2
72 45 3
72 48 2
72 57 2
72 65 4
72 66 4
72 69 1
72 80 2
72 85 3
72 88 1
72 90 3
72 91 3
72 94 3
72 97 1
72 99 2
73 2 4
73 4 2
73 8 2
73 24 3
73 30 4
73 35 1
73 37 4
73 38 4
73 39 2
73 40 4
73 43 4
73 48 1
73 56 3
73 62 3
73 65 2
73 66 1
73 76 2
73 77 1
73 81 1
73 91 4
73 99 4
74 6 1
74 7 1
74 9 4
74 27 2
74 33 3
74 36 1
74 48 2
74 51 4
74 52 3
74 61 4
74 63 3
74 67 4
74 70 4
74 72 2
74 80 4
74 85 4
74 86 2
74 93 3
74 94 3
74 96 3
74 98 3
75 0 3
75 1 1
75 3 4
75 4 3
75 9 2
75 12 1
75 20 4
75 25 3
75 28 3
75 29 4
75 33 1
75 36 1
75 37 1
75 40 3
75 46 4
75 54 1
75 58 3
75 59 1
75 62 2
75 70 3
75 76 3
75 81 3
75 86 2
75 89 3
75 90 4
75 95 3
75 97 2
76 0 4
76 3 3
76 4 3
76 7 3
76 21 4
76 22 4
76 23 1
76 32 1
76 35 4
76 37 3
76 38 1
76 40 4
76 42 1
76 48 3
76 50 3
76 54 4
76 55 1
76 62 1
76 68 4
76 72 3
76 75 2
76 77 1
76 78 4
76 84 3
76 86 1
76 89 2
76 93 2
77 1 4
77 2 2
77 7 4
77 9 4
77 17 3
77 30 1
77 32 3
77 33 2
77 34 3
77 37 3
77 39 1
77 40 4
77 41 4
77 48 3
77 55 2
77 56 1
77 60 3
77 65 1
77 70 1
77 77 3
77 80 3
77 81 1
77 86 2
77 87 2
77 88 3
77 93 1
77 97 3
78 1 2
78 10 2
78 14 2
78 17 1
78 19 3
78 26 3
78 27 1
78 30 1
78 36 4
78 40 3
78 41 2
78 44 1
78 45 2
78 46 4
78 48 2
78 49 4
78 53 2
78 56 4
78 57 1
78 58 4
78 59 4
78 63 3
78 66 4
78 73 3
78 79 4
78 88 3
78 92 1
78 93 1
78 95 2
78 96 4
78 98 4
79 0 1
79 5 1
79 8 4
79 17 4
79 19 4
79 22 2
79 25 2
79 30 1
79 31 4
79 32 3
79 44 3
79 52 4
79 53 1
79 54 3
79 55 1
79 58 1
79 59 4
79 61 1
79 70 1
79 71 3
79 72 1
79 76 1
79 80 3
79 83 1
79 92 3
79 93 1
79 95 1
79 96 3
79 99 4
80 7 3
80 8 3
80 10 2
80 13 1
80 18 3
80 19 4
80 22 2
80 24 4
80 25 2
80 28 3
80 35 1
80 47 4
80 48 3
80 49 4
80 51 4
80 59 1
80 68 4
80 69 3
80 73 1
80 75 3
80 77 4
80 81 3
80 83 1
80 85 2
80 86 3
80 87 1
80 90 2
80 93 1
80 94 4
80 97 3
81 0 1
81 1 2
81 2 4
81 3 4
81 9 2
81 10 3
81 13 3
81 16 2
81 22 3
81 32 2
81 34 3
81 35 3
81 39 4
81 40 1
81 46 2
81 47 3
81 48 2
81 50 2
81 51 2
81 59 4
81 60 4
81 65 4
81 71 2
81 77 2
81 80 3
81 83 4
81 88 2
81 89 1
81 90 1
81 96 3
82 0 3
82 2 1
82 5 3
82 8 1
82 13 3
82 23 2
82 24 1
82 25 1
82 29 1
82 30 1
82 31 1
82 38 2
82 41 2
82 43 2
82 45 1
82 55 3
82 57 3
82 61 2
82 64 4
82 69 2
82 70 4
82 75 2
82 76 1
82 77 1
82 78 2
82 79 4
82 95 2
83 1 4
83 6 4
83 11 3
83 16 3
83 17 4
83 19 1
83 23 1
83 26 1
83 31 1
83 35 4
83 37 2
83 43 3
83 49 2
83 50 4
83 52 3
83 56 2
83 59 2
83 60 1
83 66 1
83 70 2
83 73 1
83 77 2
83 78 3
83 82 2
83 84 2
83 96 2
84 1 2
84 2 3
84 5 1
84 6 4
84 11 4
84 16 1
84 17 3
84 19 2
84 27 4
84 39 2
84 40 2
84 41 3
84 51 3
84 52 2
84 53 2
84 56 4
84 58 1
84 59 1
84 60 3
84 64 1
84 65 2
84 78 1
84 79 4
84 82 1
84 85 3
84 93 2
84 96 1
84 97 4
85 2 3
85 3 4
85 9 1
85 13 2
85 23 1
85 29 3
85 30 1
85 31 3
85 32 3
85 33 2
85 36 3
85 42 4
85 46 3
85 49 1
85 50 2
85 57 1
85 60 1
85 61 4
85 62 4
85 74 1
85 76 2
85 80 1
85 81 4
85 82 3
85 87 2
85 88 2
85 99 4
86 0 1
86 2 4
86 3 1
86 5 1
86 6 4
86 7 1
86 8 4
86 10 4
86 12 4
86 13 1
86 15 4
86 17 4
86 20 4
86 23 4
86 27 4
86 29 1
86 33 3
86 36 4
86 39 3
86 42 4
86 44 1
86 46 2
86 52 4
86 56 1
86 58 2
86 60 2
86 64 4
86 65 1
86 68 2
86 71 1
86 72 4
86 74 4
86 84 2
86 85 2
86 90 2
86 91 4
86 92 1
86 93 1
86 96 2
87 0 1
87 3 3
87 9 3
87 15 2
87 22 1
87 23 3
87 27 2
87 28 2
87 29 4
87 31 3
87 49 2
87 55 1
87 56 4
87 57 3
87 66 1
87 68 4
87 76 2
87 80 3
87 81 3
87 86 2
87 87 3
87 90 4
87 92 3
87 93 2
87 96 1
88 0 3
88 2 1
88 4 1
88 9 4
88 11 1
88 16 3
88 22 3
88 27 1
88 28 4
88 30 3
88 31 4
88 35 2
88 40 2
88 44 2
88 46 3
88 48 2
88 60 2
88 64 1
88 68 4
88 69 2
88 80 4
88 81 1
88 88 1
88 92 3
88 94 1
89 1 2
89 15 1
89 17 3
89 33 4
89 34 3
89 38 2
89 39 3
89 41 2
89 49 1
89 52 4
89 55 4
89 57 1
89 70 3
89 72 1
89 73 3
89 74 4
89 75 2
89 76 1
89 87 3
89 88 3
89 89 3
89 93 2
89 97 4
89 98 2
89 99 2
90 2 4
90 7 2
90 14 3
90 24 4
90 27 4
90 28 1
90 32 2
90 36 2
90 38 2
90 45 3
90 49 2
90 53 2
90 54 4
90 58 4
90 59 1
90 64 2
90 72 4
90 77 3
90 80 4
90 83 2
90 85 4
90 86 3
90 87 3
90 90 1
90 92 4
90 96 1
91 0 3
91 2 4
91 4 3
91 8 4
91 10 2
91 11 2
91 20 3
91 21 1
91 32 1
91 35 2
91 39 4
91 45 4
91 49 2
91 56 1
91 57 4
91 62 2
91 68 1
91 71 4
91 74 4
91 77 4
91 80 3
91 85 1
91 88 3
91 89 3
91 98 2
92 0 4
92 3 1
92 5 3
92 8 4
92 9 3
92 14 3
92 20 2
92 23 2
92 25 4
92 26 1
92 29 2
92 31 3
92 37 4
92 43 4
92 47 1
92 55 2
92 65 1
92 69 3
92 71 2
92 72 3
92 73 4
92 76 2
92 77 3
92 79 2
92 91 2
92 94 3
93 3 1
93 4 3
93 7 3
93 8 2
93 14 2
93 15 3
93 16 1
93 18 4
93 22 4
93 23 4
93 25 2
93 32 3
93 35 4
93 37 1
93 43 1
93 55 1
93 66 3
93 67 1
93 68 3
93 69 2
93 70 2
93 72 1
93 73 1
93 74 4
93 77 2
93 87 2
93 88 2
93 89 4
94 1 2
94 5 2
94 8 4
94 12 3
94 15 3
94 16 2
94 19 1
94 21 3
94 26 1
94 29 2
94 35 4
94 41 1
94 49 3
94 50 4
94 51 2
94 61 2
94 62 2
94 74 3
94 75 3
94 80 1
94 82 1
94 84 1
94 90 2
94 93 4
94 95 4
95 3 1
95 4 2
95 6 1
95 12 2
95 19 3
95 23 1
95 24 3
95 26 2
95 28 1
95 29 4
95 30 3
95 47 1
95 48 1
95 52 4
95 72 1
95 75 4
95 78 4
95 91 2
95 97 1
95 98 1
96 0 2
96 5 1
96 10 1
96 16 2
96 18 2
96 21 3
96 22 1
96 31 4
96 33 1
96 34 4
96 43 3
96 47 2
96 48 1
96 60 2
96 63 2
96 64 4
96 65 2
96 70 2
96 77 2
96 81 2
96 83 2
96 84 1
96 92 2
96 99 2
97 5 4
97 9 4
97 24 3
97 25 2
97 26 4
97 30 1
97 33 3
97 34 2
97 35 1
97 44 4
97 46 4
97 52 2
97 54 2
97 57 2
97 60 1
97 61 3
97 63 4
97 66 4
97 67 1
97 77 4
97 89 3
98 1 3
98 2 3
98 3 3
98 12 1
98 13 2
98 15 1
98 21 4
98 22 3
98 25 1
98 33 3
98 37 3
98 45 2
98 46 1
98 50 2
98 60 1
98 65 2
98 68 1
98 81 4
98 92 2
98 93 3
98 98 4
98 99 4
99 0 2
99 3 2
99 5 3
99 6 2
99 7 4
99 14 4
99 16 3
99 23 4
99 33 4
99 36 4
99 44 4
99 47 2
99 60 1
99 71 3
99 72 3
99 73 2
99 76 2
99 80 2
99 85 1
99 87 4
99 91 2
99 92 3
99 93 4
99 94 1
99 97 1
-1 
0 5 1020
0 7 653
0 13 3583
0 15 2706
1 0 1751
1 7 3559
2 2 3281
2 7 1120
2 11 2300
2 12 2661
3 6 614
4 0 1145
4 9 2069
4 11 2446
5 13 2221
6 6 3102
6 8 2283
6 16 244
7 17 662
8 2 496
8 3 1191
8 13 2431
8 18 689
8 19 389
9 4 2463
9 6 2443
9 10 3010
10 10 3147
10 11 9
11 17 664
12 2 2108
12 11 892
12 13 763
12 18 1454
13 6 1338
13 19 2757
14 8 2941
14 17 764
15 11 2124
15 13 2131
15 16 1963
15 18 772
16 11 777
17 6 919
17 18 2329
18 0 3579
19 8 106
19 11 3452
19 13 2792
19 16 2460
20 9 2535
20 11 2150
20 14 1405
20 19 2503
21 3 2364
21 4 2541
21 14 2303
21 15 3516
21 19 602
22 2 303
22 6 1472
22 8 138
22 10 2505
22 18 591
23 1 89
23 11 2687
23 13 3476
24 2 3337
24 5 1228
24 10 1136
24 12 1661
24 13 914
24 17 1330
25 15 842
25 18 998
26 4 2876
26 7 3324
26 10 1605
26 13 2374
27 8 2499
27 15 720
28 0 2583
28 3 2916
28 16 89
29 3 2059
29 4 2310
29 10 987
29 19 1799
30 0 2101
30 4 2806
30 8 1814
30 11 1510
31 5 301
31 8 2224
31 17 1759
32 7 3578
32 9 3012
32 19 3289
33 0 767
33 3 1937
33 9 319
34 0 2460
34 10 3568
34 12 939
35 1 1835
35 3 2895
35 9 2723
36 1 1603
36 8 744
36 11 1115
36 18 2984
37 8 974
37 13 969
38 8 1848
38 18 2107
39 7 122
39 9 394
39 14 1573
40 11 1850
41 0 1479
41 7 2898
41 16 754
42 1 1717
42 7 328
43 2 1008
43 4 3345
43 10 2231
43 14 1970
43 15 1318
43 17 3464
43 18 3124
44 11 2264
45 5 1979
45 17 3005
46 6 1258
46 14 2502
47 0 1268
47 5 2897
47 12 1076
47 19 3331
48 8 2814
48 16 732
48 18 1912
49 4 2746
49 8 3202
49 9 1854
49 13 1503
-1 
0 395
1 250
2 302
3 409
4 415
5 247
6 329
7 459
8 484
9 190
10 33
11 185
12 82
13 237
14 373
15 59
16 319
17 144
18 226
19 60
20 352
21 235
22 270
23 108
24 286
25 399
26 158
27 322
28 494
29 416
30 17
31 168
32 7
33 265
34 48
35 37
36 442
37 419
38 142
39 281
40 384
41 307
42 230
43 205
44 10
45 375
46 452
47 334
48 374
49 161
50 446
51 139
52 236
53 489
54 152
55 187
56 232
57 229
58 446
59 142
60 2
61 181
62 10
63 203
64 121
65 41
66 286
67 6
68 442
69 280
70 164
71 456
72 229
73 341
74 205
75 122
76 231
77 192
78 473
79 196
80 70
81 228
82 219
83 351
84 140
85 461
86 102
87 424
88 154
89 342
90 170
91 110
92 122
93 303
94 473
95 403
96 427
97 185
98 151
99 278
-1 
0 149
1 915
2 786
3 773
4 906
5 711
6 744
7 696
8 666
9 226
10 621
11 144
12 624
13 24
14 43
15 416
16 257
17 916
18 468
19 492
20 376
21 704
22 192
23 144
24 186
25 124
26 423
27 770
28 199
29 631
30 976
31 430
32 299
33 986
34 588
35 439
36 146
37 572
38 67
39 387
40 978
41 716
42 25
43 492
44 36
45 115
46 169
47 614
48 787
49 43
50 77
51 818
52 632
53 186
54 569
55 548
56 101
57 355
58 185
59 552
60 982
61 515
62 366
63 634
64 708
65 49
66 592
67 516
68 516
69 950
70 575
71 29
72 678
73 248
74 181
75 58
76 866
77 680
78 210
79 257
80 625
81 87
82 835
83 306
84 222
85 96
86 68
87 967
88 336
89 622
90 672
91 263
92 601
93 445
94 675
95 76
96 285
97 21
98 637
99 986
-1 
0 86400
1 86400
2 86400
3 86400
4 86400
5 86400
6 86400
7 86400
8 86400
9 86400
10 86400
11 86400
12 86400
13 86400
14 86400
15 86400
16 86400
17 86400
18 86400
19 86400
-1 
