50
100
50
20
0 6 11 2
0 6 18 11
0 10 3 10
0 10 6 2
0 10 16 15
0 25 2 10
0 25 13 12
0 28 5 1
0 28 17 17
0 29 5 18
0 29 8 13
0 29 14 10
0 29 15 4
0 29 16 5
0 44 5 15
0 46 2 19
0 46 8 18
0 46 12 18
0 46 16 9
0 47 2 12
0 47 4 4
0 47 8 17
1 31 4 5
1 31 18 3
1 41 14 5
2 7 0 18
2 7 16 19
2 7 19 18
2 9 5 6
2 9 13 4
2 12 8 8
2 12 19 8
2 22 3 6
2 27 3 4
2 27 5 17
2 27 6 3
2 27 7 6
2 27 18 16
2 32 19 6
2 43 14 17
3 0 6 11
3 0 7 11
3 0 10 13
3 0 13 1
3 0 15 13
3 0 18 10
3 5 3 2
3 5 4 20
3 5 8 7
3 5 18 18
3 16 0 16
3 16 7 9
3 16 8 2
3 22 3 9
3 29 5 1
3 29 8 1
3 29 14 19
3 29 15 14
3 29 16 14
3 30 3 8
3 30 5 15
3 30 9 4
3 32 19 9
3 48 0 5
3 48 2 12
3 48 11 16
4 2 7 2
4 2 15 16
4 3 4 18
4 3 19 9
4 5 3 1
4 5 4 4
4 5 8 7
4 5 18 17
4 16 0 3
4 16 7 3
4 16 8 20
4 23 4 12
4 23 7 20
4 23 8 16
4 23 10 11
4 23 15 9
4 27 3 20
4 27 5 6
4 27 6 5
4 27 7 18
4 27 18 1
4 31 4 18
4 31 18 19
4 35 15 2
4 40 9 11
4 40 10 16
4 40 11 4
4 41 14 13
5 6 11 16
5 6 18 6
5 13 4 11
5 19 7 5
5 19 8 6
5 19 17 14
5 19 18 3
5 33 2 10
5 33 8 9
5 33 9 11
5 33 14 14
5 41 14 13
5 43 14 9
6 3 4 17
6 3 19 13
6 5 3 16
6 5 4 17
6 5 8 10
6 5 18 6
6 6 11 8
6 6 18 8
6 23 4 20
6 23 7 13
6 23 8 12
6 23 10 8
6 23 15 17
6 35 15 8
6 37 1 4
6 37 6 3
6 37 10 19
6 37 11 3
6 37 13 16
6 39 1 16
6 39 19 20
6 41 14 15
6 47 2 18
6 47 4 1
6 47 8 5
6 48 0 11
6 48 2 7
6 48 11 3
6 49 11 12
6 49 13 1
6 49 18 18
6 49 19 19
7 7 0 18
7 7 16 16
7 7 19 1
7 12 8 7
7 12 19 10
7 40 9 4
7 40 10 10
7 40 11 12
8 0 6 10
8 0 7 19
8 0 10 12
8 0 13 5
8 0 15 6
8 0 18 3
8 2 7 8
8 2 15 11
8 8 7 6
8 8 10 9
8 27 3 2
8 27 5 13
8 27 6 10
8 27 7 6
8 27 18 4
8 36 1 9
8 36 6 20
8 36 17 4
9 3 4 7
9 3 19 15
9 14 2 3
9 14 8 17
9 14 15 5
9 14 18 16
9 16 0 15
9 16 7 10
9 16 8 13
9 17 8 6
9 17 17 5
9 18 4 4
9 38 3 10
9 38 8 2
9 38 13 4
9 42 2 2
9 42 15 4
9 42 18 15
9 44 5 3
9 49 11 12
9 49 13 3
9 49 18 2
9 49 19 8
10 0 6 15
10 0 7 5
10 0 10 14
10 0 13 4
10 0 15 5
10 0 18 10
10 2 7 15
10 2 15 8
10 23 4 10
10 23 7 5
10 23 8 17
10 23 10 10
10 23 15 2
10 49 11 9
10 49 13 3
10 49 18 2
10 49 19 8
11 6 11 14
11 6 18 2
11 14 2 14
11 14 8 5
11 14 15 15
11 14 18 18
11 20 3 18
11 20 15 12
11 20 17 9
11 34 3 19
11 34 18 15
12 0 6 8
12 0 7 12
12 0 10 5
12 0 13 7
12 0 15 13
12 0 18 17
12 5 3 11
12 5 4 9
12 5 8 14
12 5 18 1
12 6 11 11
12 6 18 8
12 19 7 14
12 19 8 2
12 19 17 5
12 19 18 2
12 20 3 10
12 20 15 10
12 20 17 18
12 23 4 1
12 23 7 13
12 23 8 17
12 23 10 13
12 23 15 11
12 31 4 11
12 31 18 5
12 32 19 1
12 36 1 6
12 36 6 14
12 36 17 5
12 39 1 16
12 39 19 19
12 43 14 16
12 44 5 3
12 48 0 4
12 48 2 12
12 48 11 16
13 7 0 16
13 7 16 7
13 7 19 18
13 17 8 6
13 17 17 17
13 18 4 4
13 22 3 4
13 35 15 7
13 46 2 10
13 46 8 20
13 46 12 17
13 46 16 18
13 47 2 6
13 47 4 11
13 47 8 8
14 8 7 17
14 8 10 8
14 24 0 15
14 26 11 7
14 27 3 19
14 27 5 18
14 27 6 3
14 27 7 12
14 27 18 12
14 30 3 18
14 30 5 17
14 30 9 10
14 32 19 8
14 37 1 4
14 37 6 12
14 37 10 1
14 37 11 17
14 37 13 18
14 47 2 15
14 47 4 4
14 47 8 18
14 48 0 6
14 48 2 4
14 48 11 1
15 0 6 1
15 0 7 3
15 0 10 19
15 0 13 13
15 0 15 9
15 0 18 11
15 5 3 8
15 5 4 16
15 5 8 15
15 5 18 12
15 11 13 15
15 11 16 4
15 15 3 3
15 34 3 9
15 34 18 14
15 41 14 5
16 2 7 6
16 2 15 10
16 4 4 20
16 4 5 18
16 4 18 18
16 8 7 16
16 8 10 16
16 12 8 13
16 12 19 4
16 17 8 3
16 17 17 19
16 18 4 6
16 19 7 19
16 19 8 14
16 19 17 5
16 19 18 12
16 20 3 12
16 20 15 17
16 20 17 3
16 22 3 15
16 23 4 17
16 23 7 12
16 23 8 9
16 23 10 6
16 23 15 19
16 29 5 13
16 29 8 20
16 29 14 10
16 29 15 5
16 29 16 8
16 34 3 17
16 34 18 12
16 43 14 3
16 45 8 5
16 45 17 14
17 1 6 7
17 1 14 3
17 1 16 5
17 2 7 20
17 2 15 18
17 3 4 20
17 3 19 17
17 6 11 1
17 6 18 14
17 21 15 2
17 21 17 5
17 21 18 13
17 38 3 19
17 38 8 16
17 38 13 19
17 45 8 2
17 45 17 7
18 1 6 13
18 1 14 11
18 1 16 11
18 7 0 4
18 7 16 2
18 7 19 6
18 10 3 5
18 10 6 13
18 10 16 17
18 16 0 20
18 16 7 16
18 16 8 14
18 28 5 9
18 28 17 8
18 32 19 20
18 38 3 13
18 38 8 14
18 38 13 3
18 48 0 20
18 48 2 17
18 48 11 8
19 10 3 8
19 10 6 8
19 10 16 10
19 24 0 10
19 28 5 7
19 28 17 8
19 38 3 15
19 38 8 12
19 38 13 17
19 46 2 19
19 46 8 15
19 46 12 8
19 46 16 11
20 3 4 6
20 3 19 18
20 15 3 13
20 18 4 19
20 26 11 6
20 29 5 13
20 29 8 10
20 29 14 13
20 29 15 17
20 29 16 7
20 39 1 18
20 39 19 1
20 45 8 10
20 45 17 19
20 48 0 8
20 48 2 11
20 48 11 18
21 2 7 19
21 2 15 9
21 5 3 4
21 5 4 8
21 5 8 7
21 5 18 2
21 7 0 13
21 7 16 12
21 7 19 10
21 14 2 10
21 14 8 2
21 14 15 11
21 14 18 15
21 18 4 12
21 20 3 20
21 20 15 9
21 20 17 18
21 33 2 7
21 33 8 10
21 33 9 12
21 33 14 15
21 34 3 2
21 34 18 5
21 41 14 4
22 3 4 4
22 3 19 1
22 4 4 20
22 4 5 15
22 4 18 15
22 8 7 18
22 8 10 10
22 14 2 6
22 14 8 3
22 14 15 5
22 14 18 16
22 39 1 9
22 39 19 17
22 40 9 10
22 40 10 20
22 40 11 3
22 46 2 12
22 46 8 9
22 46 12 11
22 46 16 19
23 7 0 7
23 7 16 19
23 7 19 11
23 18 4 7
23 37 1 4
23 37 6 13
23 37 10 9
23 37 11 1
23 37 13 12
23 40 9 1
23 40 10 9
23 40 11 3
24 2 7 11
24 2 15 14
24 3 4 12
24 3 19 1
24 20 3 11
24 20 15 7
24 20 17 18
24 33 2 16
24 33 8 11
24 33 9 6
24 33 14 8
24 35 15 20
24 36 1 10
24 36 6 17
24 36 17 15
24 41 14 10
24 45 8 12
24 45 17 14
24 48 0 11
24 48 2 11
24 48 11 9
25 1 6 15
25 1 14 10
25 1 16 8
25 9 5 7
25 9 13 3
25 24 0 12
25 36 1 7
25 36 6 4
25 36 17 5
25 41 14 9
25 44 5 6
26 0 6 20
26 0 7 12
26 0 10 12
26 0 13 14
26 0 15 12
26 0 18 17
26 6 11 1
26 6 18 13
26 10 3 5
26 10 6 12
26 10 16 11
26 13 4 8
26 29 5 20
26 29 8 10
26 29 14 20
26 29 15 13
26 29 16 17
26 36 1 12
26 36 6 10
26 36 17 1
26 46 2 19
26 46 8 1
26 46 12 14
26 46 16 11
26 48 0 2
26 48 2 5
26 48 11 4
27 14 2 16
27 14 8 2
27 14 15 19
27 14 18 18
27 20 3 15
27 20 15 19
27 20 17 6
27 22 3 15
27 25 2 15
27 25 13 2
27 30 3 10
27 30 5 6
27 30 9 20
27 38 3 12
27 38 8 14
27 38 13 4
27 45 8 16
27 45 17 5
27 49 11 11
27 49 13 1
27 49 18 11
27 49 19 19
28 5 3 10
28 5 4 19
28 5 8 20
28 5 18 16
28 7 0 9
28 7 16 16
28 7 19 7
28 11 13 9
28 11 16 18
28 23 4 20
28 23 7 17
28 23 8 9
28 23 10 4
28 23 15 18
28 44 5 5
29 7 0 5
29 7 16 15
29 7 19 17
29 13 4 7
29 19 7 1
29 19 8 18
29 19 17 5
29 19 18 9
29 24 0 18
29 31 4 11
29 31 18 20
29 34 3 10
29 34 18 18
29 47 2 17
29 47 4 16
29 47 8 12
30 9 5 1
30 9 13 19
30 14 2 10
30 14 8 20
30 14 15 7
30 14 18 14
30 17 8 9
30 17 17 17
30 19 7 14
30 19 8 4
30 19 17 16
30 19 18 16
30 21 15 8
30 21 17 17
30 21 18 7
30 30 3 7
30 30 5 8
30 30 9 20
30 32 19 19
30 35 15 13
30 36 1 3
30 36 6 7
30 36 17 3
31 8 7 4
31 8 10 1
31 16 0 11
31 16 7 20
31 16 8 5
31 22 3 6
31 26 11 2
31 28 5 14
31 28 17 9
31 29 5 14
31 29 8 11
31 29 14 7
31 29 15 19
31 29 16 14
31 39 1 2
31 39 19 14
31 46 2 4
31 46 8 7
31 46 12 11
31 46 16 13
31 49 11 6
31 49 13 13
31 49 18 1
31 49 19 17
32 2 7 16
32 2 15 7
32 4 4 1
32 4 5 3
32 4 18 7
32 8 7 18
32 8 10 7
32 19 7 2
32 19 8 4
32 19 17 4
32 19 18 13
32 20 3 3
32 20 15 8
32 20 17 11
32 23 4 12
32 23 7 18
32 23 8 17
32 23 10 3
32 23 15 10
32 34 3 12
32 34 18 4
32 38 3 6
32 38 8 20
32 38 13 17
32 43 14 17
32 46 2 6
32 46 8 18
32 46 12 13
32 46 16 6
32 49 11 4
32 49 13 11
32 49 18 7
32 49 19 17
33 6 11 17
33 6 18 13
33 10 3 14
33 10 6 5
33 10 16 1
33 18 4 3
33 21 15 18
33 21 17 14
33 21 18 1
33 24 0 4
33 32 19 14
33 36 1 13
33 36 6 15
33 36 17 17
33 39 1 7
33 39 19 10
33 40 9 2
33 40 10 5
33 40 11 13
34 2 7 1
34 2 15 4
34 23 4 4
34 23 7 5
34 23 8 7
34 23 10 7
34 23 15 15
34 24 0 8
34 37 1 20
34 37 6 9
34 37 10 8
34 37 11 7
34 37 13 8
34 41 14 2
34 45 8 1
34 45 17 1
35 5 3 6
35 5 4 14
35 5 8 7
35 5 18 16
35 8 7 15
35 8 10 20
35 19 7 10
35 19 8 10
35 19 17 19
35 19 18 17
35 22 3 11
35 32 19 15
35 35 15 12
35 48 0 20
35 48 2 6
35 48 11 18
36 9 5 4
36 9 13 11
36 23 4 6
36 23 7 16
36 23 8 3
36 23 10 14
36 23 15 8
36 26 11 1
36 40 9 3
36 40 10 9
36 40 11 1
36 43 14 9
36 47 2 1
36 47 4 9
36 47 8 4
36 48 0 19
36 48 2 5
36 48 11 15
37 3 4 7
37 3 19 13
37 9 5 12
37 9 13 20
37 12 8 18
37 12 19 1
37 14 2 5
37 14 8 13
37 14 15 15
37 14 18 20
37 18 4 10
37 28 5 16
37 28 17 4
37 29 5 13
37 29 8 16
37 29 14 3
37 29 15 5
37 29 16 11
37 30 3 16
37 30 5 18
37 30 9 4
37 35 15 13
37 41 14 2
37 42 2 9
37 42 15 6
37 42 18 15
37 43 14 13
37 49 11 1
37 49 13 13
37 49 18 11
37 49 19 18
38 15 3 8
38 16 0 11
38 16 7 5
38 16 8 3
38 17 8 20
38 17 17 17
38 22 3 13
38 24 0 9
38 30 3 5
38 30 5 16
38 30 9 13
38 32 19 18
38 38 3 8
38 38 8 10
38 38 13 11
38 46 2 13
38 46 8 16
38 46 12 4
38 46 16 17
39 4 4 8
39 4 5 14
39 4 18 4
39 8 7 13
39 8 10 8
39 10 3 12
39 10 6 5
39 10 16 14
39 13 4 3
39 16 0 19
39 16 7 4
39 16 8 9
39 34 3 9
39 34 18 6
39 39 1 6
39 39 19 12
39 43 14 13
39 46 2 10
39 46 8 15
39 46 12 2
39 46 16 3
40 4 4 16
40 4 5 11
40 4 18 11
40 6 11 7
40 6 18 9
40 8 7 8
40 8 10 5
40 11 13 16
40 11 16 11
40 13 4 9
40 20 3 11
40 20 15 16
40 20 17 20
40 24 0 16
40 27 3 15
40 27 5 18
40 27 6 9
40 27 7 19
40 27 18 18
41 0 6 3
41 0 7 19
41 0 10 11
41 0 13 15
41 0 15 10
41 0 18 10
41 2 7 12
41 2 15 9
41 12 8 7
41 12 19 10
41 16 0 14
41 16 7 11
41 16 8 5
41 28 5 18
41 28 17 3
41 39 1 19
41 39 19 10
41 48 0 1
41 48 2 6
41 48 11 13
42 3 4 1
42 3 19 7
42 9 5 1
42 9 13 13
42 13 4 19
42 14 2 10
42 14 8 16
42 14 15 2
42 14 18 8
42 23 4 3
42 23 7 20
42 23 8 13
42 23 10 10
42 23 15 19
42 24 0 19
42 31 4 12
42 31 18 1
42 45 8 4
42 45 17 11
42 47 2 1
42 47 4 1
42 47 8 19
43 5 3 9
43 5 4 9
43 5 8 6
43 5 18 9
43 8 7 14
43 8 10 1
43 11 13 19
43 11 16 1
43 29 5 10
43 29 8 6
43 29 14 6
43 29 15 16
43 29 16 6
43 37 1 7
43 37 6 9
43 37 10 4
43 37 11 11
43 37 13 18
43 46 2 2
43 46 8 6
43 46 12 13
43 46 16 20
43 49 11 16
43 49 13 8
43 49 18 14
43 49 19 14
44 1 6 13
44 1 14 17
44 1 16 14
44 3 4 14
44 3 19 3
44 4 4 6
44 4 5 4
44 4 18 13
44 14 2 9
44 14 8 15
44 14 15 12
44 14 18 3
44 23 4 7
44 23 7 11
44 23 8 8
44 23 10 9
44 23 15 20
44 28 5 10
44 28 17 20
44 41 14 1
44 47 2 20
44 47 4 4
44 47 8 17
45 12 8 3
45 12 19 18
45 13 4 16
45 16 0 16
45 16 7 8
45 16 8 12
45 17 8 17
45 17 17 5
45 18 4 1
45 21 15 11
45 21 17 2
45 21 18 20
45 23 4 5
45 23 7 18
45 23 8 14
45 23 10 4
45 23 15 4
45 49 11 18
45 49 13 12
45 49 18 3
45 49 19 6
46 3 4 7
46 3 19 1
46 16 0 15
46 16 7 15
46 16 8 11
46 18 4 6
46 20 3 12
46 20 15 11
46 20 17 10
46 23 4 11
46 23 7 7
46 23 8 7
46 23 10 9
46 23 15 18
46 26 11 7
46 29 5 12
46 29 8 2
46 29 14 12
46 29 15 6
46 29 16 14
46 33 2 7
46 33 8 3
46 33 9 15
46 33 14 13
46 37 1 3
46 37 6 6
46 37 10 1
46 37 11 1
46 37 13 7
46 41 14 8
46 43 14 9
47 2 7 1
47 2 15 7
47 4 4 14
47 4 5 3
47 4 18 3
47 6 11 20
47 6 18 16
47 8 7 20
47 8 10 15
47 16 0 11
47 16 7 1
47 16 8 16
47 17 8 14
47 17 17 2
47 20 3 2
47 20 15 11
47 20 17 5
47 23 4 19
47 23 7 14
47 23 8 13
47 23 10 6
47 23 15 5
47 26 11 16
47 32 19 11
47 33 2 18
47 33 8 9
47 33 9 15
47 33 14 18
48 0 6 7
48 0 7 2
48 0 10 16
48 0 13 12
48 0 15 9
48 0 18 1
48 10 3 10
48 10 6 16
48 10 16 1
48 11 13 2
48 11 16 17
48 18 4 12
48 24 0 6
48 26 11 20
48 41 14 16
48 49 11 11
48 49 13 11
48 49 18 10
48 49 19 6
49 3 4 2
49 3 19 20
49 7 0 15
49 7 16 3
49 7 19 6
49 11 13 14
49 11 16 13
49 28 5 10
49 28 17 15
49 33 2 16
49 33 8 20
49 33 9 10
49 33 14 14
49 37 1 1
49 37 6 16
49 37 10 10
49 37 11 19
49 37 13 8
49 41 14 6
50 6 11 10
50 6 18 2
50 19 7 4
50 19 8 18
50 19 17 9
50 19 18 3
50 21 15 9
50 21 17 10
50 21 18 6
50 23 4 18
50 23 7 17
50 23 8 3
50 23 10 19
50 23 15 3
50 26 11 9
50 28 5 13
50 28 17 16
50 42 2 6
50 42 15 12
50 42 18 11
50 48 0 8
50 48 2 10
50 48 11 1
51 0 6 3
51 0 7 3
51 0 10 17
51 0 13 20
51 0 15 5
51 0 18 1
51 20 3 6
51 20 15 12
51 20 17 17
51 26 11 10
51 29 5 16
51 29 8 5
51 29 14 20
51 29 15 1
51 29 16 10
51 30 3 12
51 30 5 15
51 30 9 8
51 38 3 9
51 38 8 3
51 38 13 19
51 39 1 5
51 39 19 4
51 41 14 2
51 48 0 13
51 48 2 3
51 48 11 10
52 1 6 15
52 1 14 16
52 1 16 20
52 5 3 11
52 5 4 17
52 5 8 6
52 5 18 20
52 11 13 11
52 11 16 20
52 16 0 17
52 16 7 12
52 16 8 7
52 27 3 2
52 27 5 10
52 27 6 13
52 27 7 3
52 27 18 7
52 31 4 9
52 31 18 18
52 39 1 1
52 39 19 8
52 41 14 16
52 42 2 16
52 42 15 14
52 42 18 7
52 47 2 17
52 47 4 17
52 47 8 14
53 7 0 9
53 7 16 7
53 7 19 10
53 19 7 18
53 19 8 17
53 19 17 12
53 19 18 3
53 20 3 20
53 20 15 13
53 20 17 10
53 24 0 15
53 25 2 14
53 25 13 16
53 34 3 2
53 34 18 1
53 43 14 1
54 2 7 3
54 2 15 1
54 4 4 10
54 4 5 18
54 4 18 17
54 6 11 12
54 6 18 8
54 23 4 9
54 23 7 14
54 23 8 2
54 23 10 18
54 23 15 8
54 32 19 12
54 38 3 14
54 38 8 2
54 38 13 3
54 41 14 18
54 43 14 15
54 45 8 14
54 45 17 10
54 46 2 4
54 46 8 16
54 46 12 12
54 46 16 13
54 49 11 12
54 49 13 17
54 49 18 2
54 49 19 12
55 14 2 16
55 14 8 8
55 14 15 19
55 14 18 17
55 17 8 18
55 17 17 9
55 19 7 5
55 19 8 6
55 19 17 20
55 19 18 3
55 22 3 12
55 26 11 7
55 27 3 11
55 27 5 12
55 27 6 16
55 27 7 13
55 27 18 15
55 31 4 20
55 31 18 4
55 33 2 12
55 33 8 9
55 33 9 5
55 33 14 1
55 40 9 9
55 40 10 14
55 40 11 7
56 9 5 10
56 9 13 2
56 10 3 4
56 10 6 7
56 10 16 14
56 16 0 5
56 16 7 5
56 16 8 15
56 19 7 13
56 19 8 3
56 19 17 18
56 19 18 4
56 21 15 18
56 21 17 20
56 21 18 8
56 31 4 11
56 31 18 7
56 39 1 17
56 39 19 10
56 44 5 9
56 46 2 2
56 46 8 19
56 46 12 14
56 46 16 20
57 4 4 5
57 4 5 10
57 4 18 13
57 8 7 2
57 8 10 8
57 11 13 6
57 11 16 17
57 14 2 13
57 14 8 15
57 14 15 7
57 14 18 8
57 23 4 13
57 23 7 12
57 23 8 3
57 23 10 19
57 23 15 4
57 31 4 8
57 31 18 18
57 39 1 6
57 39 19 6
58 1 6 11
58 1 14 20
58 1 16 8
58 12 8 8
58 12 19 20
58 16 0 9
58 16 7 11
58 16 8 20
58 17 8 17
58 17 17 9
58 26 11 10
58 32 19 14
58 36 1 10
58 36 6 4
58 36 17 13
58 40 9 3
58 40 10 7
58 40 11 14
58 41 14 8
58 43 14 15
58 46 2 11
58 46 8 16
58 46 12 15
58 46 16 15
58 49 11 13
58 49 13 11
58 49 18 14
58 49 19 20
59 0 6 7
59 0 7 14
59 0 10 8
59 0 13 12
59 0 15 7
59 0 18 16
59 8 7 9
59 8 10 4
59 16 0 8
59 16 7 14
59 16 8 18
59 20 3 18
59 20 15 18
59 20 17 12
59 26 11 17
59 32 19 7
59 33 2 1
59 33 8 19
59 33 9 12
59 33 14 11
59 41 14 19
59 49 11 5
59 49 13 10
59 49 18 14
59 49 19 16
60 3 4 16
60 3 19 8
60 15 3 4
60 22 3 5
60 32 19 16
60 42 2 6
60 42 15 6
60 42 18 6
60 48 0 13
60 48 2 5
60 48 11 11
60 49 11 10
60 49 13 16
60 49 18 2
60 49 19 18
61 0 6 3
61 0 7 13
61 0 10 9
61 0 13 12
61 0 15 18
61 0 18 16
61 8 7 17
61 8 10 9
61 16 0 7
61 16 7 1
61 16 8 2
61 18 4 15
61 20 3 20
61 20 15 20
61 20 17 20
61 43 14 5
61 49 11 13
61 49 13 14
61 49 18 15
61 49 19 13
62 1 6 6
62 1 14 12
62 1 16 19
62 13 4 10
62 20 3 1
62 20 15 14
62 20 17 7
62 24 0 8
62 25 2 7
62 25 13 17
62 28 5 7
62 28 17 6
62 31 4 8
62 31 18 16
63 14 2 17
63 14 8 4
63 14 15 14
63 14 18 17
63 25 2 20
63 25 13 20
63 30 3 8
63 30 5 10
63 30 9 11
63 36 1 12
63 36 6 7
63 36 17 6
63 42 2 9
63 42 15 17
63 42 18 7
63 44 5 14
63 47 2 12
63 47 4 19
63 47 8 7
64 1 6 11
64 1 14 13
64 1 16 14
64 2 7 8
64 2 15 9
64 4 4 4
64 4 5 8
64 4 18 7
64 5 3 18
64 5 4 9
64 5 8 13
64 5 18 7
64 7 0 12
64 7 16 14
64 7 19 5
64 8 7 2
64 8 10 2
64 9 5 1
64 9 13 18
64 14 2 5
64 14 8 1
64 14 15 9
64 14 18 18
64 22 3 10
64 35 15 17
64 39 1 3
64 39 19 19
64 44 5 6
65 4 4 17
65 4 5 17
65 4 18 7
65 7 0 2
65 7 16 3
65 7 19 5
65 13 4 14
65 18 4 20
65 31 4 3
65 31 18 12
65 40 9 13
65 40 10 12
65 40 11 19
66 3 4 9
66 3 19 15
66 9 5 7
66 9 13 1
66 16 0 4
66 16 7 5
66 16 8 18
66 31 4 3
66 31 18 16
66 41 14 8
66 43 14 9
67 2 7 13
67 2 15 2
67 6 11 6
67 6 18 2
67 15 3 14
67 20 3 13
67 20 15 15
67 20 17 5
67 33 2 15
67 33 8 3
67 33 9 3
67 33 14 8
67 40 9 12
67 40 10 18
67 40 11 16
67 43 14 13
67 46 2 3
67 46 8 13
67 46 12 1
67 46 16 19
67 48 0 12
67 48 2 2
67 48 11 18
68 3 4 1
68 3 19 18
68 6 11 5
68 6 18 5
68 18 4 18
68 19 7 19
68 19 8 19
68 19 17 3
68 19 18 13
68 32 19 13
68 46 2 11
68 46 8 16
68 46 12 18
68 46 16 12
68 47 2 10
68 47 4 4
68 47 8 16
69 18 4 16
69 25 2 13
69 25 13 12
69 44 5 14
69 46 2 3
69 46 8 6
69 46 12 9
69 46 16 1
69 48 0 16
69 48 2 12
69 48 11 15
70 4 4 1
70 4 5 19
70 4 18 9
70 23 4 13
70 23 7 10
70 23 8 4
70 23 10 18
70 23 15 7
70 25 2 7
70 25 13 1
70 26 11 12
70 28 5 17
70 28 17 16
70 29 5 9
70 29 8 4
70 29 14 9
70 29 15 20
70 29 16 14
70 32 19 1
70 45 8 19
70 45 17 20
70 48 0 9
70 48 2 5
70 48 11 16
71 6 11 9
71 6 18 7
71 7 0 14
71 7 16 7
71 7 19 11
71 9 5 4
71 9 13 3
71 10 3 2
71 10 6 17
71 10 16 3
71 15 3 4
71 25 2 1
71 25 13 5
71 41 14 16
71 42 2 5
71 42 15 16
71 42 18 2
72 2 7 6
72 2 15 8
72 21 15 9
72 21 17 19
72 21 18 20
72 23 4 12
72 23 7 3
72 23 8 19
72 23 10 10
72 23 15 1
72 26 11 16
72 28 5 5
72 28 17 5
72 30 3 1
72 30 5 15
72 30 9 2
72 36 1 3
72 36 6 7
72 36 17 13
72 45 8 18
72 45 17 1
72 48 0 6
72 48 2 6
72 48 11 14
73 10 3 20
73 10 6 3
73 10 16 3
73 12 8 4
73 12 19 1
73 14 2 12
73 14 8 12
73 14 15 18
73 14 18 14
73 17 8 10
73 17 17 5
73 21 15 3
73 21 17 3
73 21 18 10
73 28 5 3
73 28 17 6
73 32 19 15
73 40 9 9
73 40 10 20
73 40 11 18
74 1 6 13
74 1 14 4
74 1 16 18
74 2 7 9
74 2 15 5
74 9 5 13
74 9 13 3
74 32 19 18
74 33 2 16
74 33 8 11
74 33 9 3
74 33 14 6
74 36 1 15
74 36 6 9
74 36 17 20
74 42 2 2
74 42 15 11
74 42 18 16
74 46 2 2
74 46 8 10
74 46 12 16
74 46 16 4
75 2 7 1
75 2 15 15
75 34 3 19
75 34 18 4
76 7 0 9
76 7 16 18
76 7 19 9
76 10 3 19
76 10 6 8
76 10 16 14
76 12 8 8
76 12 19 4
76 25 2 12
76 25 13 5
76 27 3 7
76 27 5 15
76 27 6 5
76 27 7 12
76 27 18 5
76 33 2 14
76 33 8 17
76 33 9 1
76 33 14 9
76 37 1 16
76 37 6 16
76 37 10 18
76 37 11 19
76 37 13 15
76 42 2 3
76 42 15 4
76 42 18 17
77 0 6 16
77 0 7 19
77 0 10 17
77 0 13 4
77 0 15 6
77 0 18 14
77 1 6 15
77 1 14 4
77 1 16 20
77 3 4 2
77 3 19 2
77 9 5 8
77 9 13 9
77 10 3 2
77 10 6 11
77 10 16 8
77 35 15 19
77 36 1 3
77 36 6 20
77 36 17 19
77 44 5 18
77 46 2 18
77 46 8 11
77 46 12 7
77 46 16 4
78 3 4 1
78 3 19 16
78 5 3 12
78 5 4 5
78 5 8 10
78 5 18 6
78 17 8 10
78 17 17 1
78 20 3 9
78 20 15 9
78 20 17 3
78 27 3 9
78 27 5 5
78 27 6 11
78 27 7 1
78 27 18 1
78 29 5 20
78 29 8 13
78 29 14 19
78 29 15 8
78 29 16 7
78 30 3 16
78 30 5 12
78 30 9 1
78 32 19 9
78 33 2 9
78 33 8 17
78 33 9 14
78 33 14 6
79 0 6 5
79 0 7 17
79 0 10 17
79 0 13 8
79 0 15 8
79 0 18 7
79 11 13 12
79 11 16 17
79 22 3 14
79 24 0 17
79 38 3 12
79 38 8 17
79 38 13 1
79 42 2 14
79 42 15 9
79 42 18 5
80 13 4 11
80 41 14 12
80 49 11 7
80 49 13 11
80 49 18 15
80 49 19 16
81 2 7 15
81 2 15 18
81 7 0 2
81 7 16 18
81 7 19 7
81 20 3 13
81 20 15 16
81 20 17 4
81 34 3 13
81 34 18 1
81 41 14 8
81 49 11 6
81 49 13 3
81 49 18 15
81 49 19 2
82 4 4 17
82 4 5 17
82 4 18 17
82 6 11 5
82 6 18 14
82 8 7 17
82 8 10 10
82 27 3 19
82 27 5 9
82 27 6 11
82 27 7 6
82 27 18 6
82 35 15 16
82 38 3 18
82 38 8 20
82 38 13 10
82 48 0 20
82 48 2 15
82 48 11 6
83 3 4 2
83 3 19 10
83 14 2 7
83 14 8 5
83 14 15 8
83 14 18 12
83 16 0 5
83 16 7 13
83 16 8 16
83 19 7 15
83 19 8 4
83 19 17 12
83 19 18 9
83 27 3 18
83 27 5 9
83 27 6 11
83 27 7 17
83 27 18 3
83 29 5 2
83 29 8 14
83 29 14 7
83 29 15 14
83 29 16 2
83 49 11 19
83 49 13 12
83 49 18 14
83 49 19 6
84 17 8 5
84 17 17 19
84 18 4 12
84 25 2 2
84 25 13 14
84 26 11 8
84 27 3 6
84 27 5 14
84 27 6 5
84 27 7 12
84 27 18 18
84 30 3 13
84 30 5 20
84 30 9 11
84 36 1 20
84 36 6 7
84 36 17 7
84 45 8 7
84 45 17 11
85 0 6 15
85 0 7 16
85 0 10 3
85 0 13 7
85 0 15 8
85 0 18 14
85 19 7 15
85 19 8 19
85 19 17 10
85 19 18 2
85 32 19 7
85 39 1 20
85 39 19 20
85 43 14 13
85 45 8 1
85 45 17 13
86 1 6 12
86 1 14 20
86 1 16 6
86 15 3 12
86 19 7 7
86 19 8 4
86 19 17 17
86 19 18 12
86 26 11 6
86 45 8 19
86 45 17 11
87 6 11 5
87 6 18 19
87 16 0 14
87 16 7 11
87 16 8 11
87 17 8 9
87 17 17 19
87 28 5 8
87 28 17 20
87 45 8 14
87 45 17 8
87 46 2 17
87 46 8 5
87 46 12 3
87 46 16 10
88 1 6 14
88 1 14 3
88 1 16 15
88 11 13 9
88 11 16 13
88 14 2 3
88 14 8 11
88 14 15 11
88 14 18 15
88 22 3 1
88 32 19 17
88 34 3 9
88 34 18 16
88 37 1 13
88 37 6 11
88 37 10 17
88 37 11 4
88 37 13 16
88 39 1 8
88 39 19 3
88 40 9 5
88 40 10 2
88 40 11 8
89 4 4 14
89 4 5 18
89 4 18 16
89 6 11 15
89 6 18 6
89 8 7 8
89 8 10 7
89 14 2 11
89 14 8 14
89 14 15 19
89 14 18 11
89 22 3 13
89 39 1 8
89 39 19 20
89 40 9 5
89 40 10 10
89 40 11 13
89 45 8 15
89 45 17 2
89 48 0 12
89 48 2 8
89 48 11 2
89 49 11 9
89 49 13 16
89 49 18 18
89 49 19 12
90 3 4 10
90 3 19 18
90 7 0 20
90 7 16 3
90 7 19 18
90 13 4 4
90 21 15 5
90 21 17 10
90 21 18 11
90 28 5 17
90 28 17 16
90 36 1 7
90 36 6 10
90 36 17 19
90 38 3 20
90 38 8 5
90 38 13 14
90 39 1 12
90 39 19 14
90 40 9 3
90 40 10 15
90 40 11 11
90 42 2 10
90 42 15 9
90 42 18 14
90 43 14 9
90 45 8 19
90 45 17 15
91 6 11 2
91 6 18 4
91 13 4 1
91 28 5 1
91 28 17 4
92 7 0 14
92 7 16 7
92 7 19 6
92 14 2 9
92 14 8 17
92 14 15 19
92 14 18 9
92 15 3 20
92 23 4 7
92 23 7 10
92 23 8 2
92 23 10 18
92 23 15 5
92 28 5 5
92 28 17 16
92 30 3 20
92 30 5 3
92 30 9 8
92 32 19 5
92 35 15 3
92 41 14 14
93 7 0 6
93 7 16 12
93 7 19 17
93 12 8 18
93 12 19 10
93 24 0 15
93 33 2 3
93 33 8 3
93 33 9 15
93 33 14 14
93 43 14 12
93 46 2 20
93 46 8 16
93 46 12 15
93 46 16 9
93 48 0 12
93 48 2 8
93 48 11 19
94 15 3 19
94 21 15 3
94 21 17 10
94 21 18 3
94 22 3 16
94 36 1 6
94 36 6 1
94 36 17 17
94 48 0 1
94 48 2 6
94 48 11 10
95 5 3 3
95 5 4 14
95 5 8 3
95 5 18 20
95 6 11 10
95 6 18 17
95 17 8 4
95 17 17 8
95 25 2 4
95 25 13 10
95 28 5 5
95 28 17 15
95 36 1 11
95 36 6 11
95 36 17 3
95 38 3 20
95 38 8 2
95 38 13 3
95 42 2 1
95 42 15 9
95 42 18 5
95 48 0 10
95 48 2 1
95 48 11 6
96 4 4 16
96 4 5 7
96 4 18 4
96 15 3 9
96 22 3 9
96 24 0 1
96 37 1 4
96 37 6 6
96 37 10 13
96 37 11 12
96 37 13 20
96 44 5 3
96 46 2 8
96 46 8 16
96 46 12 12
96 46 16 9
97 6 11 2
97 6 18 11
97 28 5 8
97 28 17 7
97 48 0 12
97 48 2 9
97 48 11 15
97 49 11 16
97 49 13 14
97 49 18 20
97 49 19 15
98 3 4 3
98 3 19 12
98 20 3 4
98 20 15 8
98 20 17 13
98 26 11 1
98 30 3 18
98 30 5 3
98 30 9 16
98 35 15 11
98 45 8 14
98 45 17 15
99 13 4 9
99 34 3 11
99 34 18 12
99 35 15 14
99 38 3 19
99 38 8 11
99 38 13 15
99 40 9 17
99 40 10 13
99 40 11 19
99 42 2 5
99 42 15 20
99 42 18 20
-1 
0 6 11 146
0 6 18 125
0 10 3 118
0 10 6 86
0 10 16 49
0 25 2 188
0 25 13 94
0 28 5 20
0 28 17 26
0 29 5 115
0 29 8 170
0 29 14 173
0 29 15 150
0 29 16 71
0 44 5 171
0 46 2 157
0 46 8 150
0 46 12 92
0 46 16 138
0 47 2 175
0 47 4 175
0 47 8 150
1 31 4 148
1 31 18 113
1 41 14 94
2 7 0 179
2 7 16 74
2 7 19 163
2 9 5 143
2 9 13 14
2 12 8 145
2 12 19 109
2 22 3 154
2 27 3 199
2 27 5 148
2 27 6 197
2 27 7 15
2 27 18 142
2 32 19 32
2 43 14 161
3 0 6 68
3 0 7 190
3 0 10 78
3 0 13 44
3 0 15 126
3 0 18 157
3 5 3 163
3 5 4 64
3 5 8 181
3 5 18 9
3 16 0 77
3 16 7 125
3 16 8 20
3 22 3 183
3 29 5 31
3 29 8 144
3 29 14 102
3 29 15 43
3 29 16 31
3 30 3 7
3 30 5 103
3 30 9 54
3 32 19 124
3 48 0 85
3 48 2 136
3 48 11 17
4 2 7 191
4 2 15 97
4 3 4 45
4 3 19 62
4 5 3 150
4 5 4 24
4 5 8 149
4 5 18 21
4 16 0 160
4 16 7 137
4 16 8 145
4 23 4 130
4 23 7 16
4 23 8 175
4 23 10 18
4 23 15 176
4 27 3 66
4 27 5 113
4 27 6 144
4 27 7 99
4 27 18 17
4 31 4 96
4 31 18 55
4 35 15 181
4 40 9 135
4 40 10 123
4 40 11 146
4 41 14 164
5 6 11 124
5 6 18 163
5 13 4 113
5 19 7 53
5 19 8 50
5 19 17 68
5 19 18 137
5 33 2 39
5 33 8 45
5 33 9 144
5 33 14 188
5 41 14 186
5 43 14 52
6 3 4 181
6 3 19 134
6 5 3 48
6 5 4 48
6 5 8 183
6 5 18 99
6 6 11 32
6 6 18 44
6 23 4 177
6 23 7 10
6 23 8 73
6 23 10 99
6 23 15 6
6 35 15 160
6 37 1 132
6 37 6 164
6 37 10 4
6 37 11 129
6 37 13 129
6 39 1 81
6 39 19 5
6 41 14 111
6 47 2 187
6 47 4 161
6 47 8 77
6 48 0 128
6 48 2 68
6 48 11 38
6 49 11 66
6 49 13 124
6 49 18 108
6 49 19 142
7 7 0 7
7 7 16 66
7 7 19 7
7 12 8 133
7 12 19 4
7 40 9 128
7 40 10 145
7 40 11 81
8 0 6 156
8 0 7 8
8 0 10 177
8 0 13 33
8 0 15 15
8 0 18 63
8 2 7 35
8 2 15 54
8 8 7 167
8 8 10 110
8 27 3 145
8 27 5 84
8 27 6 113
8 27 7 57
8 27 18 51
8 36 1 180
8 36 6 70
8 36 17 63
9 3 4 195
9 3 19 137
9 14 2 91
9 14 8 193
9 14 15 73
9 14 18 50
9 16 0 7
9 16 7 133
9 16 8 92
9 17 8 50
9 17 17 71
9 18 4 55
9 38 3 52
9 38 8 119
9 38 13 50
9 42 2 97
9 42 15 29
9 42 18 122
9 44 5 188
9 49 11 90
9 49 13 122
9 49 18 60
9 49 19 96
10 0 6 27
10 0 7 144
10 0 10 81
10 0 13 161
10 0 15 144
10 0 18 52
10 2 7 93
10 2 15 70
10 23 4 99
10 23 7 142
10 23 8 124
10 23 10 2
10 23 15 175
10 49 11 163
10 49 13 177
10 49 18 185
10 49 19 157
11 6 11 116
11 6 18 63
11 14 2 99
11 14 8 142
11 14 15 160
11 14 18 23
11 20 3 168
11 20 15 148
11 20 17 50
11 34 3 107
11 34 18 103
12 0 6 139
12 0 7 36
12 0 10 171
12 0 13 141
12 0 15 131
12 0 18 154
12 5 3 109
12 5 4 113
12 5 8 193
12 5 18 112
12 6 11 13
12 6 18 40
12 19 7 162
12 19 8 18
12 19 17 68
12 19 18 39
12 20 3 186
12 20 15 4
12 20 17 27
12 23 4 170
12 23 7 13
12 23 8 139
12 23 10 167
12 23 15 78
12 31 4 130
12 31 18 152
12 32 19 121
12 36 1 147
12 36 6 61
12 36 17 14
12 39 1 46
12 39 19 122
12 43 14 89
12 44 5 50
12 48 0 151
12 48 2 2
12 48 11 56
13 7 0 161
13 7 16 63
13 7 19 63
13 17 8 49
13 17 17 101
13 18 4 95
13 22 3 97
13 35 15 61
13 46 2 151
13 46 8 170
13 46 12 157
13 46 16 43
13 47 2 163
13 47 4 56
13 47 8 187
14 8 7 13
14 8 10 79
14 24 0 117
14 26 11 35
14 27 3 144
14 27 5 75
14 27 6 177
14 27 7 84
14 27 18 36
14 30 3 24
14 30 5 144
14 30 9 64
14 32 19 117
14 37 1 116
14 37 6 15
14 37 10 97
14 37 11 163
14 37 13 72
14 47 2 186
14 47 4 101
14 47 8 65
14 48 0 178
14 48 2 53
14 48 11 185
15 0 6 71
15 0 7 61
15 0 10 5
15 0 13 167
15 0 15 177
15 0 18 135
15 5 3 177
15 5 4 142
15 5 8 171
15 5 18 142
15 11 13 89
15 11 16 57
15 15 3 94
15 34 3 128
15 34 18 17
15 41 14 147
16 2 7 16
16 2 15 10
16 4 4 136
16 4 5 78
16 4 18 149
16 8 7 169
16 8 10 172
16 12 8 185
16 12 19 29
16 17 8 36
16 17 17 29
16 18 4 169
16 19 7 199
16 19 8 55
16 19 17 57
16 19 18 39
16 20 3 35
16 20 15 164
16 20 17 118
16 22 3 55
16 23 4 191
16 23 7 187
16 23 8 44
16 23 10 195
16 23 15 68
16 29 5 157
16 29 8 192
16 29 14 188
16 29 15 193
16 29 16 84
16 34 3 22
16 34 18 125
16 43 14 6
16 45 8 15
16 45 17 131
17 1 6 33
17 1 14 196
17 1 16 76
17 2 7 108
17 2 15 162
17 3 4 13
17 3 19 137
17 6 11 50
17 6 18 155
17 21 15 90
17 21 17 48
17 21 18 157
17 38 3 27
17 38 8 45
17 38 13 117
17 45 8 119
17 45 17 135
18 1 6 113
18 1 14 196
18 1 16 134
18 7 0 150
18 7 16 65
18 7 19 115
18 10 3 133
18 10 6 133
18 10 16 33
18 16 0 65
18 16 7 166
18 16 8 58
18 28 5 61
18 28 17 110
18 32 19 68
18 38 3 111
18 38 8 16
18 38 13 109
18 48 0 102
18 48 2 35
18 48 11 9
19 10 3 123
19 10 6 180
19 10 16 98
19 24 0 151
19 28 5 126
19 28 17 41
19 38 3 108
19 38 8 177
19 38 13 150
19 46 2 55
19 46 8 166
19 46 12 37
19 46 16 62
20 3 4 115
20 3 19 33
20 15 3 155
20 18 4 58
20 26 11 78
20 29 5 139
20 29 8 55
20 29 14 103
20 29 15 151
20 29 16 86
20 39 1 200
20 39 19 167
20 45 8 143
20 45 17 94
20 48 0 27
20 48 2 62
20 48 11 75
21 2 7 76
21 2 15 165
21 5 3 105
21 5 4 166
21 5 8 137
21 5 18 131
21 7 0 8
21 7 16 186
21 7 19 142
21 14 2 88
21 14 8 195
21 14 15 123
21 14 18 198
21 18 4 14
21 20 3 67
21 20 15 26
21 20 17 104
21 33 2 94
21 33 8 28
21 33 9 40
21 33 14 148
21 34 3 25
21 34 18 31
21 41 14 113
22 3 4 25
22 3 19 147
22 4 4 165
22 4 5 59
22 4 18 158
22 8 7 91
22 8 10 85
22 14 2 31
22 14 8 143
22 14 15 145
22 14 18 117
22 39 1 71
22 39 19 21
22 40 9 167
22 40 10 129
22 40 11 26
22 46 2 142
22 46 8 133
22 46 12 80
22 46 16 76
23 7 0 163
23 7 16 9
23 7 19 34
23 18 4 13
23 37 1 72
23 37 6 65
23 37 10 103
23 37 11 184
23 37 13 147
23 40 9 160
23 40 10 183
23 40 11 133
24 2 7 31
24 2 15 68
24 3 4 183
24 3 19 182
24 20 3 86
24 20 15 14
24 20 17 5
24 33 2 94
24 33 8 15
24 33 9 137
24 33 14 24
24 35 15 90
24 36 1 67
24 36 6 107
24 36 17 101
24 41 14 181
24 45 8 14
24 45 17 61
24 48 0 156
24 48 2 36
24 48 11 13
25 1 6 13
25 1 14 110
25 1 16 31
25 9 5 5
25 9 13 157
25 24 0 88
25 36 1 145
25 36 6 166
25 36 17 38
25 41 14 45
25 44 5 12
26 0 6 55
26 0 7 64
26 0 10 170
26 0 13 59
26 0 15 135
26 0 18 127
26 6 11 106
26 6 18 194
26 10 3 186
26 10 6 141
26 10 16 92
26 13 4 37
26 29 5 82
26 29 8 71
26 29 14 147
26 29 15 112
26 29 16 122
26 36 1 142
26 36 6 114
26 36 17 1
26 46 2 61
26 46 8 9
26 46 12 40
26 46 16 100
26 48 0 158
26 48 2 190
26 48 11 90
27 14 2 195
27 14 8 122
27 14 15 47
27 14 18 31
27 20 3 175
27 20 15 176
27 20 17 174
27 22 3 127
27 25 2 24
27 25 13 77
27 30 3 4
27 30 5 29
27 30 9 53
27 38 3 183
27 38 8 93
27 38 13 153
27 45 8 89
27 45 17 6
27 49 11 16
27 49 13 83
27 49 18 166
27 49 19 35
28 5 3 36
28 5 4 169
28 5 8 138
28 5 18 158
28 7 0 192
28 7 16 64
28 7 19 116
28 11 13 160
28 11 16 178
28 23 4 21
28 23 7 97
28 23 8 21
28 23 10 158
28 23 15 51
28 44 5 145
29 7 0 131
29 7 16 161
29 7 19 10
29 13 4 150
29 19 7 8
29 19 8 9
29 19 17 66
29 19 18 9
29 24 0 16
29 31 4 115
29 31 18 190
29 34 3 22
29 34 18 107
29 47 2 81
29 47 4 135
29 47 8 178
30 9 5 156
30 9 13 177
30 14 2 4
30 14 8 27
30 14 15 138
30 14 18 37
30 17 8 141
30 17 17 43
30 19 7 3
30 19 8 124
30 19 17 75
30 19 18 18
30 21 15 21
30 21 17 168
30 21 18 104
30 30 3 177
30 30 5 88
30 30 9 113
30 32 19 162
30 35 15 59
30 36 1 161
30 36 6 186
30 36 17 159
31 8 7 104
31 8 10 17
31 16 0 22
31 16 7 120
31 16 8 82
31 22 3 71
31 26 11 96
31 28 5 190
31 28 17 162
31 29 5 38
31 29 8 178
31 29 14 19
31 29 15 45
31 29 16 159
31 39 1 171
31 39 19 45
31 46 2 24
31 46 8 196
31 46 12 132
31 46 16 173
31 49 11 111
31 49 13 22
31 49 18 178
31 49 19 16
32 2 7 22
32 2 15 100
32 4 4 186
32 4 5 186
32 4 18 123
32 8 7 157
32 8 10 72
32 19 7 33
32 19 8 131
32 19 17 64
32 19 18 175
32 20 3 182
32 20 15 34
32 20 17 123
32 23 4 65
32 23 7 162
32 23 8 53
32 23 10 118
32 23 15 171
32 34 3 62
32 34 18 33
32 38 3 94
32 38 8 83
32 38 13 25
32 43 14 105
32 46 2 102
32 46 8 193
32 46 12 39
32 46 16 188
32 49 11 152
32 49 13 31
32 49 18 154
32 49 19 86
33 6 11 102
33 6 18 88
33 10 3 87
33 10 6 60
33 10 16 79
33 18 4 81
33 21 15 38
33 21 17 191
33 21 18 150
33 24 0 187
33 32 19 2
33 36 1 157
33 36 6 107
33 36 17 147
33 39 1 156
33 39 19 109
33 40 9 118
33 40 10 61
33 40 11 163
34 2 7 157
34 2 15 20
34 23 4 46
34 23 7 96
34 23 8 198
34 23 10 13
34 23 15 4
34 24 0 146
34 37 1 31
34 37 6 53
34 37 10 130
34 37 11 10
34 37 13 32
34 41 14 193
34 45 8 21
34 45 17 180
35 5 3 147
35 5 4 168
35 5 8 103
35 5 18 168
35 8 7 147
35 8 10 187
35 19 7 77
35 19 8 193
35 19 17 43
35 19 18 109
35 22 3 16
35 32 19 119
35 35 15 109
35 48 0 45
35 48 2 183
35 48 11 52
36 9 5 157
36 9 13 173
36 23 4 11
36 23 7 41
36 23 8 69
36 23 10 53
36 23 15 15
36 26 11 64
36 40 9 141
36 40 10 140
36 40 11 8
36 43 14 34
36 47 2 199
36 47 4 48
36 47 8 171
36 48 0 22
36 48 2 132
36 48 11 78
37 3 4 24
37 3 19 161
37 9 5 93
37 9 13 171
37 12 8 137
37 12 19 48
37 14 2 186
37 14 8 34
37 14 15 142
37 14 18 96
37 18 4 120
37 28 5 128
37 28 17 64
37 29 5 12
37 29 8 194
37 29 14 194
37 29 15 79
37 29 16 194
37 30 3 37
37 30 5 156
37 30 9 119
37 35 15 57
37 41 14 35
37 42 2 81
37 42 15 162
37 42 18 146
37 43 14 198
37 49 11 21
37 49 13 115
37 49 18 150
37 49 19 40
38 15 3 84
38 16 0 72
38 16 7 50
38 16 8 163
38 17 8 64
38 17 17 122
38 22 3 1
38 24 0 113
38 30 3 78
38 30 5 106
38 30 9 93
38 32 19 7
38 38 3 130
38 38 8 93
38 38 13 28
38 46 2 181
38 46 8 34
38 46 12 163
38 46 16 156
39 4 4 190
39 4 5 194
39 4 18 130
39 8 7 86
39 8 10 30
39 10 3 132
39 10 6 177
39 10 16 37
39 13 4 163
39 16 0 69
39 16 7 96
39 16 8 125
39 34 3 188
39 34 18 78
39 39 1 169
39 39 19 103
39 43 14 110
39 46 2 2
39 46 8 117
39 46 12 21
39 46 16 114
40 4 4 143
40 4 5 146
40 4 18 32
40 6 11 37
40 6 18 165
40 8 7 105
40 8 10 117
40 11 13 4
40 11 16 168
40 13 4 185
40 20 3 47
40 20 15 138
40 20 17 147
40 24 0 158
40 27 3 3
40 27 5 181
40 27 6 30
40 27 7 102
40 27 18 36
41 0 6 198
41 0 7 54
41 0 10 86
41 0 13 127
41 0 15 138
41 0 18 195
41 2 7 38
41 2 15 50
41 12 8 25
41 12 19 126
41 16 0 197
41 16 7 76
41 16 8 42
41 28 5 139
41 28 17 126
41 39 1 185
41 39 19 93
41 48 0 159
41 48 2 34
41 48 11 49
42 3 4 171
42 3 19 57
42 9 5 90
42 9 13 177
42 13 4 181
42 14 2 62
42 14 8 36
42 14 15 112
42 14 18 125
42 23 4 198
42 23 7 66
42 23 8 156
42 23 10 59
42 23 15 106
42 24 0 104
42 31 4 27
42 31 18 34
42 45 8 182
42 45 17 146
42 47 2 30
42 47 4 116
42 47 8 156
43 5 3 43
43 5 4 51
43 5 8 179
43 5 18 102
43 8 7 178
43 8 10 140
43 11 13 138
43 11 16 69
43 29 5 13
43 29 8 22
43 29 14 192
43 29 15 106
43 29 16 60
43 37 1 164
43 37 6 25
43 37 10 160
43 37 11 22
43 37 13 199
43 46 2 111
43 46 8 104
43 46 12 195
43 46 16 126
43 49 11 12
43 49 13 71
43 49 18 5
43 49 19 130
44 1 6 122
44 1 14 73
44 1 16 24
44 3 4 143
44 3 19 188
44 4 4 89
44 4 5 64
44 4 18 178
44 14 2 147
44 14 8 11
44 14 15 193
44 14 18 183
44 23 4 131
44 23 7 125
44 23 8 22
44 23 10 156
44 23 15 100
44 28 5 170
44 28 17 153
44 41 14 47
44 47 2 8
44 47 4 25
44 47 8 88
45 12 8 2
45 12 19 37
45 13 4 146
45 16 0 81
45 16 7 81
45 16 8 92
45 17 8 140
45 17 17 57
45 18 4 173
45 21 15 34
45 21 17 24
45 21 18 48
45 23 4 149
45 23 7 123
45 23 8 124
45 23 10 9
45 23 15 176
45 49 11 99
45 49 13 39
45 49 18 116
45 49 19 155
46 3 4 184
46 3 19 106
46 16 0 167
46 16 7 119
46 16 8 191
46 18 4 126
46 20 3 164
46 20 15 151
46 20 17 11
46 23 4 189
46 23 7 34
46 23 8 132
46 23 10 193
46 23 15 184
46 26 11 164
46 29 5 108
46 29 8 169
46 29 14 183
46 29 15 67
46 29 16 109
46 33 2 79
46 33 8 56
46 33 9 24
46 33 14 31
46 37 1 98
46 37 6 176
46 37 10 187
46 37 11 130
46 37 13 55
46 41 14 194
46 43 14 140
47 2 7 124
47 2 15 175
47 4 4 73
47 4 5 143
47 4 18 14
47 6 11 148
47 6 18 99
47 8 7 127
47 8 10 72
47 16 0 34
47 16 7 24
47 16 8 194
47 17 8 162
47 17 17 30
47 20 3 123
47 20 15 173
47 20 17 126
47 23 4 98
47 23 7 142
47 23 8 133
47 23 10 34
47 23 15 59
47 26 11 171
47 32 19 118
47 33 2 149
47 33 8 42
47 33 9 51
47 33 14 184
48 0 6 53
48 0 7 179
48 0 10 162
48 0 13 152
48 0 15 143
48 0 18 105
48 10 3 13
48 10 6 27
48 10 16 177
48 11 13 108
48 11 16 39
48 18 4 64
48 24 0 105
48 26 11 158
48 41 14 98
48 49 11 182
48 49 13 71
48 49 18 17
48 49 19 154
49 3 4 49
49 3 19 115
49 7 0 158
49 7 16 109
49 7 19 7
49 11 13 104
49 11 16 195
49 28 5 163
49 28 17 140
49 33 2 163
49 33 8 115
49 33 9 172
49 33 14 145
49 37 1 29
49 37 6 198
49 37 10 46
49 37 11 103
49 37 13 7
49 41 14 14
50 6 11 128
50 6 18 171
50 19 7 153
50 19 8 146
50 19 17 79
50 19 18 135
50 21 15 162
50 21 17 11
50 21 18 76
50 23 4 101
50 23 7 57
50 23 8 98
50 23 10 143
50 23 15 151
50 26 11 105
50 28 5 33
50 28 17 34
50 42 2 194
50 42 15 191
50 42 18 158
50 48 0 33
50 48 2 197
50 48 11 10
51 0 6 119
51 0 7 116
51 0 10 155
51 0 13 91
51 0 15 181
51 0 18 157
51 20 3 198
51 20 15 198
51 20 17 70
51 26 11 54
51 29 5 50
51 29 8 79
51 29 14 185
51 29 15 141
51 29 16 100
51 30 3 24
51 30 5 114
51 30 9 137
51 38 3 191
51 38 8 92
51 38 13 47
51 39 1 143
51 39 19 69
51 41 14 148
51 48 0 46
51 48 2 6
51 48 11 30
52 1 6 171
52 1 14 150
52 1 16 56
52 5 3 148
52 5 4 185
52 5 8 83
52 5 18 126
52 11 13 20
52 11 16 10
52 16 0 170
52 16 7 139
52 16 8 32
52 27 3 81
52 27 5 131
52 27 6 40
52 27 7 115
52 27 18 55
52 31 4 136
52 31 18 168
52 39 1 5
52 39 19 194
52 41 14 139
52 42 2 114
52 42 15 93
52 42 18 116
52 47 2 60
52 47 4 95
52 47 8 94
53 7 0 41
53 7 16 87
53 7 19 108
53 19 7 107
53 19 8 181
53 19 17 39
53 19 18 128
53 20 3 122
53 20 15 32
53 20 17 140
53 24 0 5
53 25 2 190
53 25 13 115
53 34 3 150
53 34 18 166
53 43 14 121
54 2 7 103
54 2 15 60
54 4 4 171
54 4 5 128
54 4 18 37
54 6 11 120
54 6 18 169
54 23 4 130
54 23 7 147
54 23 8 35
54 23 10 102
54 23 15 188
54 32 19 84
54 38 3 192
54 38 8 161
54 38 13 70
54 41 14 183
54 43 14 181
54 45 8 185
54 45 17 135
54 46 2 97
54 46 8 80
54 46 12 40
54 46 16 156
54 49 11 145
54 49 13 99
54 49 18 102
54 49 19 90
55 14 2 52
55 14 8 124
55 14 15 173
55 14 18 151
55 17 8 50
55 17 17 163
55 19 7 196
55 19 8 2
55 19 17 163
55 19 18 129
55 22 3 151
55 26 11 127
55 27 3 115
55 27 5 117
55 27 6 84
55 27 7 151
55 27 18 51
55 31 4 49
55 31 18 118
55 33 2 110
55 33 8 19
55 33 9 54
55 33 14 11
55 40 9 152
55 40 10 40
55 40 11 167
56 9 5 182
56 9 13 185
56 10 3 107
56 10 6 181
56 10 16 57
56 16 0 186
56 16 7 14
56 16 8 50
56 19 7 197
56 19 8 77
56 19 17 91
56 19 18 66
56 21 15 48
56 21 17 19
56 21 18 77
56 31 4 156
56 31 18 84
56 39 1 180
56 39 19 19
56 44 5 166
56 46 2 149
56 46 8 126
56 46 12 102
56 46 16 80
57 4 4 198
57 4 5 39
57 4 18 111
57 8 7 17
57 8 10 131
57 11 13 27
57 11 16 92
57 14 2 168
57 14 8 124
57 14 15 88
57 14 18 61
57 23 4 53
57 23 7 194
57 23 8 126
57 23 10 163
57 23 15 169
57 31 4 165
57 31 18 131
57 39 1 99
57 39 19 42
58 1 6 105
58 1 14 25
58 1 16 146
58 12 8 108
58 12 19 1
58 16 0 101
58 16 7 140
58 16 8 82
58 17 8 22
58 17 17 148
58 26 11 1
58 32 19 60
58 36 1 46
58 36 6 8
58 36 17 71
58 40 9 77
58 40 10 4
58 40 11 130
58 41 14 85
58 43 14 19
58 46 2 45
58 46 8 53
58 46 12 66
58 46 16 140
58 49 11 56
58 49 13 104
58 49 18 143
58 49 19 158
59 0 6 123
59 0 7 73
59 0 10 170
59 0 13 193
59 0 15 138
59 0 18 39
59 8 7 124
59 8 10 122
59 16 0 24
59 16 7 175
59 16 8 17
59 20 3 139
59 20 15 47
59 20 17 95
59 26 11 33
59 32 19 154
59 33 2 40
59 33 8 165
59 33 9 114
59 33 14 17
59 41 14 111
59 49 11 170
59 49 13 21
59 49 18 115
59 49 19 159
60 3 4 22
60 3 19 144
60 15 3 142
60 22 3 27
60 32 19 52
60 42 2 70
60 42 15 126
60 42 18 103
60 48 0 147
60 48 2 114
60 48 11 3
60 49 11 42
60 49 13 101
60 49 18 60
60 49 19 90
61 0 6 38
61 0 7 176
61 0 10 183
61 0 13 125
61 0 15 78
61 0 18 99
61 8 7 182
61 8 10 51
61 16 0 28
61 16 7 19
61 16 8 188
61 18 4 184
61 20 3 78
61 20 15 71
61 20 17 149
61 43 14 115
61 49 11 86
61 49 13 98
61 49 18 53
61 49 19 48
62 1 6 133
62 1 14 122
62 1 16 138
62 13 4 66
62 20 3 191
62 20 15 64
62 20 17 34
62 24 0 56
62 25 2 80
62 25 13 198
62 28 5 69
62 28 17 120
62 31 4 156
62 31 18 54
63 14 2 66
63 14 8 140
63 14 15 66
63 14 18 126
63 25 2 30
63 25 13 67
63 30 3 199
63 30 5 74
63 30 9 162
63 36 1 49
63 36 6 62
63 36 17 68
63 42 2 96
63 42 15 160
63 42 18 197
63 44 5 31
63 47 2 35
63 47 4 126
63 47 8 193
64 1 6 115
64 1 14 21
64 1 16 93
64 2 7 129
64 2 15 42
64 4 4 193
64 4 5 83
64 4 18 42
64 5 3 146
64 5 4 16
64 5 8 146
64 5 18 51
64 7 0 95
64 7 16 54
64 7 19 200
64 8 7 124
64 8 10 196
64 9 5 53
64 9 13 151
64 14 2 25
64 14 8 2
64 14 15 111
64 14 18 14
64 22 3 65
64 35 15 191
64 39 1 144
64 39 19 56
64 44 5 2
65 4 4 111
65 4 5 139
65 4 18 87
65 7 0 155
65 7 16 165
65 7 19 68
65 13 4 168
65 18 4 136
65 31 4 188
65 31 18 123
65 40 9 6
65 40 10 188
65 40 11 157
66 3 4 5
66 3 19 11
66 9 5 78
66 9 13 87
66 16 0 118
66 16 7 150
66 16 8 91
66 31 4 58
66 31 18 186
66 41 14 164
66 43 14 3
67 2 7 73
67 2 15 82
67 6 11 56
67 6 18 127
67 15 3 31
67 20 3 46
67 20 15 177
67 20 17 89
67 33 2 174
67 33 8 139
67 33 9 91
67 33 14 51
67 40 9 161
67 40 10 175
67 40 11 185
67 43 14 194
67 46 2 128
67 46 8 135
67 46 12 37
67 46 16 77
67 48 0 69
67 48 2 176
67 48 11 129
68 3 4 104
68 3 19 188
68 6 11 13
68 6 18 144
68 18 4 113
68 19 7 122
68 19 8 181
68 19 17 168
68 19 18 74
68 32 19 37
68 46 2 19
68 46 8 75
68 46 12 168
68 46 16 105
68 47 2 195
68 47 4 159
68 47 8 49
69 18 4 85
69 25 2 79
69 25 13 177
69 44 5 78
69 46 2 101
69 46 8 155
69 46 12 144
69 46 16 109
69 48 0 163
69 48 2 26
69 48 11 20
70 4 4 113
70 4 5 95
70 4 18 94
70 23 4 150
70 23 7 131
70 23 8 115
70 23 10 159
70 23 15 148
70 25 2 166
70 25 13 126
70 26 11 25
70 28 5 143
70 28 17 195
70 29 5 188
70 29 8 140
70 29 14 87
70 29 15 177
70 29 16 43
70 32 19 194
70 45 8 66
70 45 17 173
70 48 0 8
70 48 2 168
70 48 11 59
71 6 11 23
71 6 18 151
71 7 0 155
71 7 16 182
71 7 19 46
71 9 5 115
71 9 13 9
71 10 3 108
71 10 6 18
71 10 16 190
71 15 3 80
71 25 2 160
71 25 13 101
71 41 14 172
71 42 2 34
71 42 15 175
71 42 18 83
72 2 7 127
72 2 15 150
72 21 15 150
72 21 17 2
72 21 18 106
72 23 4 4
72 23 7 195
72 23 8 5
72 23 10 113
72 23 15 152
72 26 11 12
72 28 5 131
72 28 17 195
72 30 3 115
72 30 5 168
72 30 9 18
72 36 1 127
72 36 6 48
72 36 17 87
72 45 8 198
72 45 17 131
72 48 0 105
72 48 2 77
72 48 11 113
73 10 3 186
73 10 6 130
73 10 16 173
73 12 8 12
73 12 19 148
73 14 2 40
73 14 8 137
73 14 15 45
73 14 18 161
73 17 8 147
73 17 17 192
73 21 15 20
73 21 17 168
73 21 18 19
73 28 5 123
73 28 17 42
73 32 19 199
73 40 9 55
73 40 10 198
73 40 11 116
74 1 6 77
74 1 14 98
74 1 16 86
74 2 7 130
74 2 15 49
74 9 5 31
74 9 13 65
74 32 19 112
74 33 2 166
74 33 8 196
74 33 9 189
74 33 14 170
74 36 1 82
74 36 6 120
74 36 17 28
74 42 2 170
74 42 15 38
74 42 18 37
74 46 2 167
74 46 8 65
74 46 12 165
74 46 16 188
75 2 7 10
75 2 15 35
75 34 3 119
75 34 18 162
76 7 0 94
76 7 16 152
76 7 19 157
76 10 3 130
76 10 6 126
76 10 16 2
76 12 8 124
76 12 19 164
76 25 2 186
76 25 13 110
76 27 3 36
76 27 5 136
76 27 6 157
76 27 7 99
76 27 18 188
76 33 2 93
76 33 8 132
76 33 9 2
76 33 14 160
76 37 1 125
76 37 6 65
76 37 10 160
76 37 11 15
76 37 13 39
76 42 2 183
76 42 15 75
76 42 18 113
77 0 6 133
77 0 7 158
77 0 10 140
77 0 13 63
77 0 15 122
77 0 18 97
77 1 6 102
77 1 14 60
77 1 16 8
77 3 4 75
77 3 19 127
77 9 5 67
77 9 13 89
77 10 3 3
77 10 6 97
77 10 16 101
77 35 15 159
77 36 1 81
77 36 6 34
77 36 17 173
77 44 5 25
77 46 2 183
77 46 8 16
77 46 12 121
77 46 16 1
78 3 4 26
78 3 19 4
78 5 3 21
78 5 4 54
78 5 8 4
78 5 18 22
78 17 8 115
78 17 17 24
78 20 3 183
78 20 15 185
78 20 17 197
78 27 3 119
78 27 5 130
78 27 6 174
78 27 7 27
78 27 18 170
78 29 5 111
78 29 8 111
78 29 14 86
78 29 15 54
78 29 16 87
78 30 3 33
78 30 5 22
78 30 9 163
78 32 19 183
78 33 2 150
78 33 8 62
78 33 9 54
78 33 14 87
79 0 6 39
79 0 7 175
79 0 10 86
79 0 13 195
79 0 15 121
79 0 18 71
79 11 13 200
79 11 16 58
79 22 3 156
79 24 0 114
79 38 3 185
79 38 8 142
79 38 13 32
79 42 2 136
79 42 15 47
79 42 18 72
80 13 4 146
80 41 14 165
80 49 11 38
80 49 13 191
80 49 18 72
80 49 19 48
81 2 7 199
81 2 15 107
81 7 0 120
81 7 16 78
81 7 19 41
81 20 3 41
81 20 15 41
81 20 17 98
81 34 3 197
81 34 18 192
81 41 14 173
81 49 11 174
81 49 13 40
81 49 18 42
81 49 19 4
82 4 4 10
82 4 5 171
82 4 18 139
82 6 11 196
82 6 18 106
82 8 7 95
82 8 10 26
82 27 3 53
82 27 5 55
82 27 6 43
82 27 7 43
82 27 18 106
82 35 15 174
82 38 3 121
82 38 8 181
82 38 13 115
82 48 0 200
82 48 2 187
82 48 11 55
83 3 4 174
83 3 19 46
83 14 2 105
83 14 8 148
83 14 15 173
83 14 18 168
83 16 0 113
83 16 7 165
83 16 8 43
83 19 7 58
83 19 8 77
83 19 17 150
83 19 18 187
83 27 3 169
83 27 5 186
83 27 6 145
83 27 7 98
83 27 18 79
83 29 5 27
83 29 8 16
83 29 14 195
83 29 15 93
83 29 16 102
83 49 11 112
83 49 13 68
83 49 18 140
83 49 19 140
84 17 8 70
84 17 17 110
84 18 4 83
84 25 2 85
84 25 13 153
84 26 11 141
84 27 3 50
84 27 5 83
84 27 6 115
84 27 7 72
84 27 18 10
84 30 3 162
84 30 5 114
84 30 9 56
84 36 1 56
84 36 6 91
84 36 17 192
84 45 8 18
84 45 17 24
85 0 6 112
85 0 7 192
85 0 10 58
85 0 13 197
85 0 15 130
85 0 18 90
85 19 7 166
85 19 8 69
85 19 17 145
85 19 18 156
85 32 19 157
85 39 1 31
85 39 19 140
85 43 14 141
85 45 8 74
85 45 17 113
86 1 6 165
86 1 14 79
86 1 16 22
86 15 3 163
86 19 7 56
86 19 8 186
86 19 17 33
86 19 18 53
86 26 11 109
86 45 8 138
86 45 17 122
87 6 11 19
87 6 18 59
87 16 0 197
87 16 7 93
87 16 8 136
87 17 8 100
87 17 17 7
87 28 5 118
87 28 17 174
87 45 8 124
87 45 17 129
87 46 2 11
87 46 8 26
87 46 12 131
87 46 16 144
88 1 6 47
88 1 14 156
88 1 16 128
88 11 13 8
88 11 16 146
88 14 2 39
88 14 8 81
88 14 15 59
88 14 18 69
88 22 3 119
88 32 19 108
88 34 3 162
88 34 18 17
88 37 1 103
88 37 6 139
88 37 10 75
88 37 11 99
88 37 13 103
88 39 1 32
88 39 19 29
88 40 9 161
88 40 10 132
88 40 11 162
89 4 4 74
89 4 5 140
89 4 18 12
89 6 11 178
89 6 18 141
89 8 7 126
89 8 10 198
89 14 2 26
89 14 8 95
89 14 15 193
89 14 18 89
89 22 3 196
89 39 1 90
89 39 19 51
89 40 9 159
89 40 10 46
89 40 11 64
89 45 8 73
89 45 17 87
89 48 0 173
89 48 2 187
89 48 11 173
89 49 11 53
89 49 13 62
89 49 18 105
89 49 19 4
90 3 4 126
90 3 19 54
90 7 0 87
90 7 16 104
90 7 19 131
90 13 4 31
90 21 15 114
90 21 17 146
90 21 18 18
90 28 5 105
90 28 17 43
90 36 1 70
90 36 6 130
90 36 17 94
90 38 3 14
90 38 8 83
90 38 13 18
90 39 1 74
90 39 19 54
90 40 9 83
90 40 10 158
90 40 11 50
90 42 2 84
90 42 15 69
90 42 18 139
90 43 14 69
90 45 8 158
90 45 17 22
91 6 11 109
91 6 18 108
91 13 4 88
91 28 5 90
91 28 17 5
92 7 0 106
92 7 16 188
92 7 19 159
92 14 2 135
92 14 8 197
92 14 15 4
92 14 18 137
92 15 3 128
92 23 4 146
92 23 7 17
92 23 8 152
92 23 10 22
92 23 15 82
92 28 5 198
92 28 17 133
92 30 3 186
92 30 5 152
92 30 9 115
92 32 19 23
92 35 15 31
92 41 14 8
93 7 0 137
93 7 16 141
93 7 19 53
93 12 8 70
93 12 19 102
93 24 0 15
93 33 2 74
93 33 8 161
93 33 9 40
93 33 14 75
93 43 14 36
93 46 2 100
93 46 8 142
93 46 12 57
93 46 16 89
93 48 0 79
93 48 2 118
93 48 11 150
94 15 3 70
94 21 15 192
94 21 17 158
94 21 18 192
94 22 3 35
94 36 1 124
94 36 6 131
94 36 17 64
94 48 0 160
94 48 2 143
94 48 11 155
95 5 3 136
95 5 4 58
95 5 8 147
95 5 18 105
95 6 11 187
95 6 18 100
95 17 8 97
95 17 17 145
95 25 2 71
95 25 13 1
95 28 5 27
95 28 17 96
95 36 1 104
95 36 6 4
95 36 17 80
95 38 3 197
95 38 8 88
95 38 13 20
95 42 2 83
95 42 15 51
95 42 18 175
95 48 0 162
95 48 2 119
95 48 11 123
96 4 4 195
96 4 5 138
96 4 18 171
96 15 3 172
96 22 3 123
96 24 0 127
96 37 1 184
96 37 6 91
96 37 10 112
96 37 11 193
96 37 13 188
96 44 5 198
96 46 2 108
96 46 8 142
96 46 12 30
96 46 16 129
97 6 11 198
97 6 18 180
97 28 5 93
97 28 17 167
97 48 0 54
97 48 2 123
97 48 11 110
97 49 11 58
97 49 13 85
97 49 18 187
97 49 19 195
98 3 4 173
98 3 19 18
98 20 3 73
98 20 15 104
98 20 17 173
98 26 11 168
98 30 3 146
98 30 5 182
98 30 9 176
98 35 15 32
98 45 8 199
98 45 17 74
99 13 4 141
99 34 3 139
99 34 18 130
99 35 15 99
99 38 3 21
99 38 8 118
99 38 13 196
99 40 9 42
99 40 10 173
99 40 11 39
99 42 2 180
99 42 15 174
99 42 18 4
-1 
0 0 2
0 4 3
0 6 3
0 11 1
0 13 3
0 16 2
0 17 1
0 18 2
0 20 4
0 21 2
0 25 1
0 27 2
0 32 2
0 36 1
0 40 1
0 43 1
0 58 2
0 64 3
0 65 3
0 66 3
0 67 4
0 69 4
0 70 1
0 75 3
0 77 4
0 80 1
0 86 2
0 87 4
0 90 1
0 98 4
1 2 4
1 6 3
1 9 4
1 14 3
1 15 1
1 19 4
1 23 2
1 27 2
1 31 2
1 37 4
1 42 2
1 44 1
1 45 2
1 48 4
1 49 2
1 62 2
1 65 4
1 71 1
1 74 1
1 76 3
1 83 4
1 86 4
2 6 4
2 8 1
2 9 1
2 12 2
2 18 4
2 27 3
2 32 3
2 33 2
2 35 1
2 40 2
2 42 3
2 43 4
2 54 4
2 57 3
2 59 1
2 67 3
2 74 1
2 76 4
2 78 2
2 79 3
2 85 2
2 86 1
2 89 4
2 92 3
3 2 4
3 8 3
3 9 1
3 12 4
3 19 3
3 22 4
3 24 3
3 25 1
3 26 4
3 28 3
3 30 2
3 39 1
3 43 2
3 68 2
3 73 1
3 74 2
3 75 3
3 76 4
3 80 3
3 84 3
3 86 1
3 92 2
3 98 2
4 5 1
4 15 3
4 16 2
4 20 1
4 31 2
4 32 3
4 42 3
4 46 2
4 50 3
4 51 4
4 52 4
4 58 4
4 61 2
4 65 2
4 67 4
4 75 1
4 76 3
4 79 1
4 88 4
4 93 4
4 98 3
5 3 1
5 5 3
5 10 1
5 12 3
5 14 2
5 15 2
5 24 2
5 29 4
5 37 4
5 49 1
5 51 4
5 54 4
5 57 4
5 58 4
5 61 2
5 65 3
5 72 3
5 74 3
5 75 1
5 83 3
5 85 1
5 92 1
6 3 2
6 5 3
6 8 2
6 16 4
6 25 4
6 26 1
6 27 2
6 29 2
6 30 2
6 34 1
6 37 3
6 38 2
6 48 2
6 50 3
6 55 3
6 59 2
6 75 4
6 83 2
6 93 1
7 8 4
7 12 2
7 19 3
7 23 3
7 24 3
7 28 1
7 32 3
7 39 3
7 41 3
7 42 4
7 43 2
7 46 4
7 55 4
7 57 1
7 59 2
7 60 1
7 73 3
7 74 2
7 78 3
7 83 4
7 84 1
7 86 3
7 88 2
7 89 3
7 91 2
8 2 4
8 4 1
8 6 3
8 13 2
8 19 2
8 26 4
8 34 3
8 37 4
8 38 1
8 43 2
8 44 2
8 48 2
8 49 2
8 51 1
8 56 2
8 58 3
8 64 2
8 65 3
8 70 4
8 72 4
8 86 4
8 90 3
9 1 4
9 13 2
9 17 4
9 22 2
9 26 1
9 27 3
9 28 2
9 37 1
9 50 1
9 51 3
9 53 2
9 54 1
9 58 3
9 63 1
9 67 4
9 75 3
9 85 4
9 87 2
9 88 4
9 91 1
9 96 4
9 97 1
9 98 2
10 0 2
10 15 3
10 16 2
10 21 4
10 25 4
10 27 2
10 29 3
10 31 2
10 32 3
10 36 3
10 40 3
10 42 3
10 43 4
10 44 3
10 46 4
10 52 2
10 63 4
10 71 3
10 78 2
10 92 3
10 94 1
10 96 4
10 98 1
11 1 1
11 4 2
11 5 4
11 6 4
11 9 2
11 12 4
11 13 3
11 15 2
11 18 1
11 29 4
11 31 4
11 35 4
11 37 1
11 44 1
11 46 3
11 47 1
11 48 2
11 51 3
11 52 4
11 57 3
11 58 1
11 61 3
11 63 4
11 70 3
11 73 1
11 81 1
11 84 2
11 88 4
11 90 1
11 95 4
11 97 3
11 98 4
12 4 1
12 6 1
12 8 1
12 25 4
12 26 1
12 30 2
12 36 1
12 37 1
12 43 2
12 46 2
12 47 4
12 50 2
12 52 1
12 53 3
12 54 2
12 57 1
12 61 2
12 72 3
12 74 4
12 77 2
12 87 1
12 91 2
12 94 4
12 95 1
12 98 2
12 99 2
13 0 3
13 3 3
13 4 1
13 5 4
13 6 1
13 9 4
13 10 4
13 13 2
13 14 3
13 21 1
13 28 2
13 35 3
13 39 1
13 47 4
13 54 2
13 55 1
13 61 1
13 67 2
13 80 3
13 86 2
13 89 4
13 91 2
13 92 4
13 93 4
14 8 1
14 10 4
14 14 3
14 19 2
14 22 2
14 31 1
14 39 4
14 42 4
14 43 1
14 46 2
14 50 1
14 51 3
14 54 3
14 56 2
14 60 2
14 63 1
14 68 2
14 69 2
14 73 3
14 77 1
14 78 1
14 80 3
14 85 4
14 86 4
14 92 2
14 95 2
14 98 2
15 2 3
15 6 4
15 9 4
15 12 1
15 13 3
15 20 1
15 22 2
15 26 4
15 29 2
15 36 3
15 38 2
15 39 3
15 43 3
15 47 3
15 49 1
15 51 3
15 58 2
15 59 4
15 64 1
15 69 2
15 71 3
15 74 4
15 77 1
15 79 2
15 81 3
15 84 1
15 95 3
15 97 2
16 5 4
16 6 1
16 8 4
16 11 4
16 12 2
16 24 4
16 27 2
16 28 4
16 31 2
16 38 1
16 41 1
16 44 3
16 49 3
16 56 4
16 57 2
16 60 1
16 68 3
16 71 4
16 73 3
16 74 2
16 76 4
16 78 2
16 81 2
16 90 1
16 91 2
16 98 3
16 99 2
17 14 3
17 24 4
17 27 3
17 28 3
17 44 4
17 49 4
17 52 1
17 55 2
17 65 1
17 76 3
17 77 3
17 79 3
17 82 3
17 87 1
17 92 3
17 94 3
18 2 1
18 3 3
18 8 3
18 12 2
18 31 1
18 34 3
18 43 2
18 46 4
18 53 1
18 55 3
18 56 2
18 63 3
18 65 2
18 69 3
18 76 3
18 77 4
18 84 1
18 85 4
18 86 1
18 89 3
18 93 4
18 94 3
19 1 4
19 2 3
19 7 3
19 10 1
19 15 2
19 18 1
19 22 2
19 23 2
19 26 1
19 31 1
19 36 3
19 37 2
19 45 2
19 49 3
19 57 1
19 59 1
19 61 2
19 62 2
19 65 2
19 71 2
19 75 1
19 76 4
19 80 1
19 86 3
19 93 1
19 94 1
19 97 4
19 99 1
20 10 4
20 21 4
20 23 2
20 24 3
20 29 2
20 30 3
20 32 1
20 35 1
20 37 3
20 39 2
20 43 4
20 46 1
20 50 3
20 51 4
20 53 2
20 56 3
20 59 3
20 69 2
20 75 2
20 79 1
20 80 2
20 82 2
20 84 1
20 86 3
20 98 3
21 0 4
21 2 3
21 10 3
21 18 4
21 21 2
21 26 2
21 29 3
21 33 2
21 35 2
21 39 1
21 40 4
21 43 3
21 44 1
21 47 1
21 51 1
21 56 4
21 60 3
21 61 1
21 64 1
21 75 4
21 76 1
21 97 4
22 0 4
22 2 1
22 3 2
22 7 3
22 19 1
22 21 2
22 25 2
22 30 3
22 34 1
22 37 2
22 38 1
22 45 3
22 47 3
22 50 2
22 51 1
22 57 1
22 59 1
22 71 2
22 77 2
22 78 2
22 82 3
22 86 1
22 93 2
22 98 1
23 0 2
23 1 1
23 2 2
23 4 2
23 8 3
23 9 3
23 19 4
23 21 4
23 23 3
23 27 3
23 29 4
23 33 3
23 34 3
23 35 4
23 37 3
23 38 1
23 43 1
23 44 1
23 45 3
23 50 4
23 52 2
23 58 3
23 61 4
23 62 1
23 63 2
23 65 1
23 67 1
23 71 3
23 78 2
23 79 3
23 81 1
23 83 1
23 87 3
23 92 2
23 93 3
23 96 3
23 98 1
24 2 4
24 11 1
24 12 4
24 14 1
24 20 4
24 21 1
24 26 3
24 30 4
24 31 4
24 44 2
24 52 2
24 55 4
24 57 3
24 60 3
24 73 3
24 76 4
24 77 1
24 82 2
24 85 1
24 87 1
24 91 1
24 92 4
24 95 1
24 97 1
24 98 2
25 2 3
25 5 2
25 7 3
25 8 3
25 14 2
25 20 2
25 24 4
25 26 1
25 28 4
25 29 3
25 30 2
25 32 2
25 33 1
25 35 4
25 38 3
25 40 4
25 41 2
25 47 2
25 53 2
25 57 4
25 62 1
25 66 1
25 67 3
25 77 3
25 79 2
25 80 2
25 85 1
25 89 2
25 94 2
25 95 2
26 2 2
26 3 4
26 9 4
26 11 4
26 13 3
26 27 3
26 29 2
26 30 3
26 48 1
26 54 3
26 62 3
26 65 2
26 66 3
26 74 3
26 85 4
26 89 3
26 94 1
26 95 4
27 14 1
27 16 2
27 27 2
27 32 3
27 41 1
27 53 1
27 55 2
27 62 2
27 65 3
27 67 1
27 77 3
27 78 4
27 82 4
27 84 1
27 88 3
27 94 2
27 97 4
27 99 4
28 2 4
28 4 1
28 10 1
28 11 3
28 13 3
28 16 4
28 19 3
28 20 3
28 22 2
28 23 4
28 26 3
28 33 2
28 34 3
28 39 1
28 46 3
28 47 2
28 55 2
28 56 4
28 59 2
28 66 4
28 69 2
28 70 1
28 76 2
28 80 2
28 83 3
28 85 4
28 89 3
28 91 3
28 94 3
28 96 4
28 98 2
29 3 4
29 8 2
29 9 4
29 14 4
29 16 3
29 20 1
29 22 4
29 24 1
29 26 1
29 30 2
29 33 4
29 35 4
29 42 2
29 43 2
29 52 4
29 58 2
29 62 2
29 68 3
29 82 2
29 90 4
29 95 2
29 96 1
29 97 3
30 0 2
30 2 1
30 11 2
30 15 2
30 16 3
30 17 2
30 18 4
30 23 3
30 31 3
30 35 1
30 41 2
30 45 4
30 49 2
30 50 2
30 54 4
30 55 3
30 57 3
30 60 4
30 61 1
30 65 2
30 66 4
30 67 4
30 74 3
30 76 3
30 77 1
30 87 3
30 94 2
30 97 2
31 3 3
31 5 1
31 9 2
31 11 1
31 12 4
31 22 1
31 29 1
31 32 1
31 37 1
31 39 4
31 42 4
31 47 1
31 53 3
31 56 1
31 57 2
31 62 1
31 66 4
31 68 3
31 83 4
31 91 2
31 92 2
31 93 3
31 96 2
31 98 4
32 0 1
32 5 2
32 7 2
32 11 1
32 15 4
32 17 1
32 18 2
32 19 1
32 38 2
32 44 1
32 49 1
32 52 3
32 57 3
32 59 2
32 71 1
32 72 2
32 73 2
32 79 2
32 82 1
32 83 4
32 84 3
32 85 2
32 86 2
32 95 2
32 98 3
33 3 4
33 5 4
33 10 4
33 11 3
33 16 1
33 17 1
33 24 1
33 27 2
33 28 4
33 29 2
33 37 1
33 47 4
33 49 3
33 61 1
33 62 2
33 67 1
33 68 4
33 70 4
33 71 3
33 73 2
33 76 2
33 80 3
33 81 3
33 86 2
33 89 1
33 93 4
33 95 1
33 97 4
33 99 1
34 0 2
34 1 1
34 7 3
34 8 2
34 9 2
34 11 2
34 15 2
34 20 1
34 21 1
34 25 1
34 35 3
34 37 3
34 39 2
34 44 3
34 50 1
34 61 2
34 70 4
34 72 2
34 74 3
34 75 2
34 78 4
34 90 3
34 94 4
34 95 4
34 97 3
35 1 2
35 2 3
35 4 1
35 5 4
35 6 4
35 7 3
35 10 1
35 12 4
35 13 3
35 16 1
35 17 4
35 18 4
35 25 1
35 27 1
35 30 4
35 31 2
35 33 3
35 37 1
35 40 1
35 46 1
35 53 4
35 57 2
35 68 3
35 75 2
35 82 1
35 84 4
35 85 3
35 87 3
35 90 4
35 93 4
35 98 4
35 99 1
36 0 3
36 10 3
36 12 3
36 20 2
36 27 4
36 32 1
36 33 4
36 35 1
36 37 3
36 41 1
36 42 4
36 46 3
36 47 4
36 49 4
36 52 3
36 55 3
36 59 4
36 60 2
36 61 2
36 62 2
36 64 2
36 66 1
36 68 3
36 69 2
36 72 4
36 75 1
36 78 2
36 82 2
36 91 3
37 4 3
37 7 1
37 18 3
37 19 3
37 20 2
37 23 2
37 25 2
37 26 3
37 27 3
37 41 1
37 49 1
37 50 2
37 51 3
37 52 2
37 56 2
37 60 1
37 61 2
37 62 3
37 66 3
37 68 2
37 69 4
37 71 1
37 72 3
37 78 4
37 80 2
37 82 1
37 83 3
37 88 4
37 97 4
37 99 2
38 10 2
38 14 3
38 15 3
38 20 1
38 25 1
38 27 4
38 30 4
38 31 1
38 32 4
38 33 3
38 36 3
38 37 1
38 38 3
38 50 3
38 51 1
38 59 2
38 62 2
38 66 4
38 75 1
38 77 4
38 80 2
38 95 1
38 99 3
39 1 3
39 4 2
39 8 1
39 10 2
39 13 1
39 26 4
39 28 2
39 30 3
39 36 4
39 44 4
39 53 4
39 55 1
39 56 4
39 60 2
39 62 3
39 63 1
39 64 1
39 65 1
39 69 4
39 73 3
39 79 4
39 81 2
39 84 3
39 88 2
39 89 2
39 92 4
39 93 1
39 95 1
40 1 3
40 7 1
40 13 1
40 18 2
40 20 4
40 24 2
40 29 1
40 33 3
40 42 4
40 43 4
40 46 2
40 47 1
40 50 4
40 51 1
40 54 2
40 55 2
40 57 2
40 58 3
40 59 1
40 73 3
40 75 1
40 76 1
40 77 4
40 83 1
40 86 2
40 91 1
40 99 3
41 1 1
41 2 3
41 4 1
41 7 4
41 13 4
41 14 4
41 20 2
41 22 2
41 24 4
41 29 1
41 33 4
41 34 3
41 36 1
41 41 4
41 43 3
41 44 2
41 51 2
41 52 4
41 54 2
41 56 4
41 65 1
41 66 2
41 68 4
41 70 2
41 75 3
41 77 3
41 80 1
41 89 3
41 93 4
41 99 1
42 3 2
42 4 4
42 5 1
42 12 1
42 18 3
42 23 4
42 27 4
42 28 4
42 35 2
42 43 4
42 44 1
42 46 1
42 47 1
42 53 2
42 58 3
42 62 4
42 63 4
42 64 4
42 66 4
42 73 2
42 75 1
42 83 2
42 84 2
42 89 4
42 90 1
42 91 1
42 92 1
42 94 3
43 1 4
43 8 1
43 11 4
43 15 2
43 17 3
43 18 4
43 36 2
43 38 1
43 40 2
43 41 2
43 42 3
43 53 3
43 55 3
43 60 3
43 66 1
43 67 2
43 71 3
43 83 1
43 87 1
43 89 1
43 95 2
43 98 3
44 1 2
44 5 4
44 6 2
44 7 1
44 12 1
44 22 3
44 34 2
44 35 3
44 38 1
44 45 4
44 47 1
44 59 1
44 61 2
44 62 4
44 65 3
44 67 1
44 71 4
44 73 3
44 77 2
44 79 4
44 81 3
44 84 1
44 87 1
44 92 2
44 94 3
44 95 3
44 98 3
45 0 3
45 3 3
45 6 3
45 8 1
45 12 4
45 19 1
45 20 1
45 22 3
45 28 3
45 29 1
45 34 3
45 39 4
45 41 2
45 44 1
45 52 3
45 53 4
45 57 3
45 58 3
45 59 2
45 62 4
45 70 4
45 71 4
45 74 1
45 78 1
45 80 2
45 87 1
45 88 1
45 89 4
45 91 4
45 92 4
45 96 1
46 2 4
46 10 1
46 11 1
46 12 3
46 13 2
46 16 3
46 34 3
46 40 3
46 45 4
46 49 2
46 51 2
46 52 2
46 62 4
46 67 3
46 70 3
46 71 3
46 72 2
46 78 2
46 79 4
46 80 4
46 83 1
46 96 3
47 1 1
47 6 1
47 10 3
47 12 4
47 15 4
47 21 4
47 22 4
47 27 4
47 37 1
47 38 1
47 43 3
47 49 2
47 52 1
47 53 2
47 55 4
47 57 1
47 59 2
47 70 1
47 71 1
47 74 1
47 76 1
47 84 3
47 92 2
47 93 2
47 94 2
47 98 2
48 0 4
48 3 4
48 5 1
48 9 4
48 11 2
48 13 2
48 15 4
48 20 4
48 22 2
48 24 3
48 27 4
48 33 3
48 34 1
48 35 1
48 37 1
48 39 2
48 50 2
48 59 2
48 63 1
48 64 3
48 66 2
48 68 2
48 69 3
48 76 3
48 79 4
48 80 3
48 83 1
48 89 4
48 96 3
48 97 3
49 0 3
49 1 4
49 7 3
49 17 2
49 21 1
49 24 3
49 25 4
49 27 3
49 29 1
49 33 2
49 37 2
49 44 4
49 53 1
49 61 3
49 67 2
49 70 1
49 71 3
49 75 3
49 82 2
49 86 1
49 90 1
49 91 4
49 95 2
-1 
0 6 1915
0 7 2570
0 10 2507
0 13 3164
0 15 3400
0 18 2719
1 6 3594
1 14 2751
1 16 1812
2 7 3187
2 15 142
3 4 2311
3 19 2866
4 4 2100
4 5 2443
4 18 2953
5 3 1905
5 4 2764
5 8 406
5 18 354
6 11 3451
6 18 117
7 0 3168
7 16 3376
7 19 1178
8 7 440
8 10 3116
9 5 1061
9 13 485
10 3 1478
10 6 491
10 16 886
11 13 2387
11 16 70
12 8 2753
12 19 374
13 4 1246
14 2 2712
14 8 395
14 15 2983
14 18 3500
15 3 2389
16 0 397
16 7 280
16 8 1943
17 8 308
17 17 3290
18 4 997
19 7 496
19 8 2595
19 17 75
19 18 2230
20 3 2883
20 15 1310
20 17 1975
21 15 2772
21 17 3370
21 18 1273
22 3 2199
23 4 3011
23 7 832
23 8 327
23 10 2299
23 15 2920
24 0 3122
25 2 407
25 13 647
26 11 909
27 3 2661
27 5 213
27 6 2297
27 7 2970
27 18 641
28 5 689
28 17 1984
29 5 3129
29 8 1573
29 14 1964
29 15 3368
29 16 3343
30 3 2249
30 5 3326
30 9 33
31 4 619
31 18 1393
32 19 324
33 2 3089
33 8 1912
33 9 2638
33 14 2633
34 3 1285
34 18 3397
35 15 111
36 1 3086
36 6 1770
36 17 1266
37 1 2228
37 6 1331
37 10 1495
37 11 2811
37 13 1395
38 3 1711
38 8 10
38 13 986
39 1 1101
39 19 1041
40 9 1802
40 10 1325
40 11 2686
41 14 1628
42 2 2280
42 15 1632
42 18 2853
43 14 2207
44 5 385
45 8 3099
45 17 669
46 2 2073
46 8 714
46 12 3038
46 16 3116
47 2 3285
47 4 132
47 8 2300
48 0 3357
48 2 2117
48 11 1371
49 11 2894
49 13 1542
49 18 2487
49 19 2932
-1 
0 100
1 433
2 116
3 459
4 75
5 222
6 232
7 147
8 57
9 426
10 211
11 122
12 192
13 425
14 324
15 348
16 113
17 271
18 329
19 145
20 84
21 29
22 105
23 361
24 174
25 290
26 417
27 60
28 259
29 44
30 1
31 255
32 184
33 262
34 447
35 290
36 400
37 421
38 4
39 290
40 178
41 324
42 339
43 125
44 461
45 237
46 330
47 71
48 58
49 353
-1 
0 800
1 830
2 315
3 450
4 485
5 404
6 394
7 205
8 665
9 781
10 338
11 297
12 508
13 419
14 42
15 208
16 680
17 255
18 369
19 131
20 369
21 612
22 734
23 102
24 804
25 215
26 686
27 735
28 804
29 437
30 766
31 578
32 640
33 343
34 104
35 755
36 905
37 553
38 838
39 47
40 458
41 36
42 130
43 813
44 316
45 485
46 244
47 24
48 714
49 272
-1 
0 86400
1 86400
2 86400
3 86400
4 86400
5 86400
6 86400
7 86400
8 86400
9 86400
10 86400
11 86400
12 86400
13 86400
14 86400
15 86400
16 86400
17 86400
18 86400
19 86400
-1 
