50
50
30
20
0 4 5 4
0 4 13 16
0 4 16 8
0 16 0 7
0 16 4 5
0 16 12 10
0 16 14 10
0 16 18 17
0 26 5 19
0 26 17 7
0 27 5 9
0 27 8 7
0 27 11 5
0 27 13 2
0 27 16 4
0 28 0 18
0 28 1 18
0 28 4 10
0 28 9 17
0 28 13 13
1 21 3 3
1 24 18 9
2 1 12 17
2 13 6 6
2 13 12 14
2 25 14 18
3 18 12 2
3 18 14 6
3 18 19 11
3 20 1 8
3 20 16 15
3 21 3 5
4 8 4 11
4 8 7 17
4 8 18 7
4 9 6 13
4 9 7 18
4 9 18 5
4 18 12 8
4 18 14 13
4 18 19 14
4 24 18 1
5 0 3 19
5 0 14 3
5 0 17 17
5 4 5 8
5 4 13 20
5 4 16 10
5 5 5 12
5 5 11 17
5 5 14 9
5 6 0 17
5 6 3 7
5 6 9 12
5 6 17 18
5 16 0 12
5 16 4 2
5 16 12 6
5 16 14 14
5 16 18 8
6 29 9 17
6 29 12 13
6 29 15 9
6 29 16 9
7 7 1 14
7 7 19 19
7 11 6 5
7 11 9 11
7 11 12 18
7 11 14 11
7 11 17 10
7 17 3 7
7 17 11 11
7 17 17 3
7 20 1 10
7 20 16 4
8 2 4 6
8 2 5 3
8 2 11 5
8 2 14 8
8 2 16 16
8 7 1 5
8 7 19 11
8 11 6 10
8 11 9 13
8 11 12 7
8 11 14 3
8 11 17 19
8 20 1 16
8 20 16 7
8 21 3 13
8 22 0 1
8 22 5 2
8 22 7 6
8 22 8 9
8 22 11 6
8 22 12 2
8 22 16 13
8 22 18 15
8 29 9 13
8 29 12 11
8 29 15 8
8 29 16 13
9 3 13 18
9 4 5 16
9 4 13 9
9 4 16 12
9 14 1 18
9 14 2 1
9 14 13 5
10 17 3 6
10 17 11 14
10 17 17 13
10 21 3 16
10 24 18 16
10 26 5 1
10 26 17 1
10 28 0 19
10 28 1 3
10 28 4 9
10 28 9 9
10 28 13 3
11 2 4 1
11 2 5 20
11 2 11 2
11 2 14 4
11 2 16 5
12 8 4 18
12 8 7 8
12 8 18 19
12 20 1 6
12 20 16 9
12 27 5 8
12 27 8 20
12 27 11 15
12 27 13 8
12 27 16 7
12 29 9 18
12 29 12 14
12 29 15 8
12 29 16 19
13 3 13 19
13 4 5 12
13 4 13 9
13 4 16 11
14 0 3 17
14 0 14 15
14 0 17 1
14 2 4 14
14 2 5 9
14 2 11 18
14 2 14 16
14 2 16 8
14 5 5 6
14 5 11 1
14 5 14 4
14 9 6 8
14 9 7 5
14 9 18 9
14 11 6 19
14 11 9 3
14 11 12 8
14 11 14 5
14 11 17 13
14 13 6 6
14 13 12 13
14 25 14 14
15 5 5 20
15 5 11 10
15 5 14 12
15 6 0 2
15 6 3 2
15 6 9 18
15 6 17 3
15 17 3 7
15 17 11 5
15 17 17 18
15 19 0 9
15 19 9 13
15 19 10 16
15 24 18 14
15 25 14 2
16 4 5 14
16 4 13 2
16 4 16 8
16 23 3 17
16 23 4 1
16 23 8 20
16 23 18 20
17 3 13 8
17 15 9 17
17 15 18 1
17 15 19 18
17 18 12 16
17 18 14 9
17 18 19 10
18 1 12 12
18 14 1 10
18 14 2 2
18 14 13 10
18 19 0 3
18 19 9 6
18 19 10 13
18 22 0 1
18 22 5 4
18 22 7 18
18 22 8 5
18 22 11 3
18 22 12 11
18 22 16 6
18 22 18 19
18 25 14 1
18 29 9 13
18 29 12 18
18 29 15 15
18 29 16 5
19 13 6 5
19 13 12 18
19 23 3 7
19 23 4 20
19 23 8 9
19 23 18 19
19 24 18 3
19 26 5 15
19 26 17 5
20 9 6 2
20 9 7 19
20 9 18 8
20 10 5 5
20 10 17 12
20 10 18 3
20 19 0 3
20 19 9 20
20 19 10 6
20 22 0 8
20 22 5 12
20 22 7 19
20 22 8 2
20 22 11 11
20 22 12 18
20 22 16 19
20 22 18 18
20 29 9 11
20 29 12 3
20 29 15 16
20 29 16 9
21 11 6 14
21 11 9 11
21 11 12 20
21 11 14 16
21 11 17 12
21 12 2 16
21 12 10 16
21 13 6 13
21 13 12 12
21 23 3 7
21 23 4 16
21 23 8 13
21 23 18 19
21 24 18 12
22 2 4 8
22 2 5 16
22 2 11 17
22 2 14 7
22 2 16 12
22 6 0 13
22 6 3 20
22 6 9 9
22 6 17 9
22 12 2 17
22 12 10 9
22 26 5 11
22 26 17 6
23 1 12 2
23 2 4 17
23 2 5 8
23 2 11 6
23 2 14 6
23 2 16 10
23 3 13 9
23 22 0 9
23 22 5 12
23 22 7 13
23 22 8 5
23 22 11 4
23 22 12 3
23 22 16 5
23 22 18 11
24 4 5 15
24 4 13 3
24 4 16 3
24 11 6 20
24 11 9 15
24 11 12 2
24 11 14 9
24 11 17 15
24 12 2 14
24 12 10 10
24 18 12 5
24 18 14 12
24 18 19 9
24 25 14 18
25 13 6 13
25 13 12 14
25 16 0 13
25 16 4 17
25 16 12 9
25 16 14 16
25 16 18 1
25 18 12 1
25 18 14 11
25 18 19 9
26 4 5 14
26 4 13 4
26 4 16 4
26 9 6 13
26 9 7 7
26 9 18 20
26 10 5 15
26 10 17 16
26 10 18 6
26 15 9 8
26 15 18 2
26 15 19 18
26 19 0 3
26 19 9 1
26 19 10 18
26 22 0 13
26 22 5 9
26 22 7 6
26 22 8 1
26 22 11 20
26 22 12 18
26 22 16 6
26 22 18 14
27 7 1 1
27 7 19 15
27 8 4 9
27 8 7 18
27 8 18 15
27 10 5 8
27 10 17 3
27 10 18 13
27 11 6 2
27 11 9 8
27 11 12 18
27 11 14 20
27 11 17 17
27 15 9 12
27 15 18 1
27 15 19 16
27 17 3 17
27 17 11 4
27 17 17 19
27 25 14 13
27 26 5 9
27 26 17 11
27 28 0 16
27 28 1 20
27 28 4 7
27 28 9 12
27 28 13 16
28 0 3 20
28 0 14 16
28 0 17 15
28 9 6 13
28 9 7 1
28 9 18 3
28 15 9 2
28 15 18 11
28 15 19 12
28 17 3 12
28 17 11 20
28 17 17 12
28 20 1 10
28 20 16 4
29 2 4 1
29 2 5 12
29 2 11 4
29 2 14 13
29 2 16 12
29 3 13 19
29 8 4 16
29 8 7 15
29 8 18 14
29 13 6 11
29 13 12 9
29 23 3 19
29 23 4 2
29 23 8 6
29 23 18 3
29 26 5 20
29 26 17 13
30 9 6 16
30 9 7 7
30 9 18 10
30 22 0 16
30 22 5 10
30 22 7 3
30 22 8 15
30 22 11 14
30 22 12 12
30 22 16 1
30 22 18 17
31 0 3 3
31 0 14 16
31 0 17 20
31 15 9 8
31 15 18 18
31 15 19 11
31 26 5 8
31 26 17 4
32 4 5 11
32 4 13 20
32 4 16 20
32 5 5 2
32 5 11 16
32 5 14 14
32 11 6 14
32 11 9 13
32 11 12 19
32 11 14 14
32 11 17 8
32 23 3 2
32 23 4 16
32 23 8 6
32 23 18 10
33 2 4 16
33 2 5 5
33 2 11 7
33 2 14 2
33 2 16 12
33 6 0 19
33 6 3 3
33 6 9 3
33 6 17 6
33 21 3 2
33 22 0 13
33 22 5 2
33 22 7 10
33 22 8 6
33 22 11 14
33 22 12 15
33 22 16 14
33 22 18 9
33 23 3 1
33 23 4 1
33 23 8 14
33 23 18 14
33 27 5 11
33 27 8 11
33 27 11 8
33 27 13 13
33 27 16 5
34 8 4 15
34 8 7 11
34 8 18 14
34 10 5 9
34 10 17 10
34 10 18 6
34 26 5 17
34 26 17 4
34 27 5 13
34 27 8 6
34 27 11 3
34 27 13 2
34 27 16 8
35 15 9 7
35 15 18 13
35 15 19 17
35 17 3 18
35 17 11 4
35 17 17 5
35 25 14 8
36 13 6 14
36 13 12 10
36 29 9 13
36 29 12 17
36 29 15 7
36 29 16 5
37 1 12 6
37 2 4 17
37 2 5 5
37 2 11 13
37 2 14 5
37 2 16 13
37 9 6 16
37 9 7 2
37 9 18 14
37 25 14 16
37 28 0 16
37 28 1 6
37 28 4 13
37 28 9 3
37 28 13 20
38 8 4 19
38 8 7 7
38 8 18 1
38 10 5 10
38 10 17 6
38 10 18 7
38 17 3 5
38 17 11 18
38 17 17 19
38 18 12 1
38 18 14 1
38 18 19 7
39 1 12 14
39 19 0 5
39 19 9 20
39 19 10 1
39 28 0 20
39 28 1 14
39 28 4 16
39 28 9 18
39 28 13 7
40 6 0 20
40 6 3 9
40 6 9 4
40 6 17 15
40 13 6 6
40 13 12 3
41 0 3 16
41 0 14 13
41 0 17 11
41 1 12 16
41 8 4 7
41 8 7 13
41 8 18 3
41 16 0 8
41 16 4 12
41 16 12 2
41 16 14 8
41 16 18 12
41 19 0 4
41 19 9 12
41 19 10 13
41 22 0 7
41 22 5 8
41 22 7 14
41 22 8 11
41 22 11 16
41 22 12 2
41 22 16 5
41 22 18 16
41 25 14 17
41 27 5 7
41 27 8 9
41 27 11 18
41 27 13 14
41 27 16 8
41 28 0 16
41 28 1 2
41 28 4 6
41 28 9 15
41 28 13 5
42 19 0 12
42 19 9 1
42 19 10 15
42 25 14 2
42 29 9 18
42 29 12 11
42 29 15 3
42 29 16 8
43 0 3 7
43 0 14 15
43 0 17 2
43 9 6 18
43 9 7 5
43 9 18 4
43 14 1 3
43 14 2 17
43 14 13 7
43 17 3 20
43 17 11 16
43 17 17 8
43 21 3 2
43 24 18 16
43 29 9 11
43 29 12 20
43 29 15 13
43 29 16 13
44 4 5 6
44 4 13 7
44 4 16 3
44 5 5 20
44 5 11 7
44 5 14 20
44 13 6 5
44 13 12 15
44 22 0 10
44 22 5 11
44 22 7 15
44 22 8 9
44 22 11 3
44 22 12 17
44 22 16 11
44 22 18 17
44 28 0 6
44 28 1 18
44 28 4 16
44 28 9 14
44 28 13 16
45 2 4 15
45 2 5 7
45 2 11 15
45 2 14 2
45 2 16 17
45 7 1 13
45 7 19 17
45 13 6 2
45 13 12 10
45 14 1 12
45 14 2 2
45 14 13 5
45 15 9 2
45 15 18 10
45 15 19 6
45 23 3 1
45 23 4 11
45 23 8 18
45 23 18 17
45 24 18 7
45 26 5 3
45 26 17 2
45 29 9 15
45 29 12 9
45 29 15 6
45 29 16 17
46 6 0 19
46 6 3 17
46 6 9 13
46 6 17 9
46 14 1 12
46 14 2 16
46 14 13 12
46 21 3 13
47 6 0 17
47 6 3 9
47 6 9 17
47 6 17 7
47 7 1 10
47 7 19 13
47 10 5 3
47 10 17 6
47 10 18 2
47 20 1 6
47 20 16 13
47 22 0 15
47 22 5 11
47 22 7 13
47 22 8 12
47 22 11 16
47 22 12 20
47 22 16 15
47 22 18 7
48 2 4 10
48 2 5 9
48 2 11 18
48 2 14 9
48 2 16 1
48 9 6 15
48 9 7 14
48 9 18 6
48 17 3 13
48 17 11 15
48 17 17 2
48 21 3 20
48 23 3 10
48 23 4 15
48 23 8 13
48 23 18 8
48 24 18 3
48 28 0 16
48 28 1 19
48 28 4 17
48 28 9 1
48 28 13 11
49 19 0 13
49 19 9 16
49 19 10 5
-1 
0 4 5 121
0 4 13 64
0 4 16 40
0 16 0 189
0 16 4 152
0 16 12 82
0 16 14 149
0 16 18 106
0 26 5 109
0 26 17 44
0 27 5 153
0 27 8 174
0 27 11 82
0 27 13 98
0 27 16 134
0 28 0 68
0 28 1 135
0 28 4 30
0 28 9 66
0 28 13 161
1 21 3 99
1 24 18 137
2 1 12 120
2 13 6 73
2 13 12 21
2 25 14 179
3 18 12 67
3 18 14 76
3 18 19 99
3 20 1 173
3 20 16 153
3 21 3 55
4 8 4 119
4 8 7 70
4 8 18 93
4 9 6 17
4 9 7 60
4 9 18 11
4 18 12 91
4 18 14 13
4 18 19 128
4 24 18 200
5 0 3 2
5 0 14 195
5 0 17 188
5 4 5 127
5 4 13 79
5 4 16 169
5 5 5 19
5 5 11 187
5 5 14 186
5 6 0 62
5 6 3 94
5 6 9 35
5 6 17 151
5 16 0 54
5 16 4 141
5 16 12 145
5 16 14 140
5 16 18 31
6 29 9 113
6 29 12 26
6 29 15 63
6 29 16 60
7 7 1 133
7 7 19 19
7 11 6 3
7 11 9 121
7 11 12 125
7 11 14 124
7 11 17 110
7 17 3 16
7 17 11 46
7 17 17 121
7 20 1 67
7 20 16 197
8 2 4 147
8 2 5 57
8 2 11 4
8 2 14 155
8 2 16 48
8 7 1 43
8 7 19 72
8 11 6 70
8 11 9 89
8 11 12 4
8 11 14 140
8 11 17 21
8 20 1 147
8 20 16 106
8 21 3 116
8 22 0 169
8 22 5 195
8 22 7 1
8 22 8 197
8 22 11 169
8 22 12 81
8 22 16 24
8 22 18 19
8 29 9 51
8 29 12 126
8 29 15 177
8 29 16 44
9 3 13 3
9 4 5 36
9 4 13 84
9 4 16 149
9 14 1 199
9 14 2 165
9 14 13 33
10 17 3 86
10 17 11 180
10 17 17 3
10 21 3 87
10 24 18 188
10 26 5 175
10 26 17 168
10 28 0 20
10 28 1 68
10 28 4 10
10 28 9 41
10 28 13 34
11 2 4 84
11 2 5 60
11 2 11 37
11 2 14 131
11 2 16 25
12 8 4 12
12 8 7 145
12 8 18 150
12 20 1 61
12 20 16 58
12 27 5 111
12 27 8 159
12 27 11 103
12 27 13 35
12 27 16 18
12 29 9 106
12 29 12 23
12 29 15 118
12 29 16 140
13 3 13 111
13 4 5 30
13 4 13 85
13 4 16 71
14 0 3 1
14 0 14 173
14 0 17 36
14 2 4 101
14 2 5 190
14 2 11 142
14 2 14 164
14 2 16 9
14 5 5 56
14 5 11 106
14 5 14 25
14 9 6 63
14 9 7 96
14 9 18 82
14 11 6 197
14 11 9 113
14 11 12 37
14 11 14 55
14 11 17 119
14 13 6 36
14 13 12 149
14 25 14 192
15 5 5 150
15 5 11 54
15 5 14 50
15 6 0 76
15 6 3 95
15 6 9 58
15 6 17 110
15 17 3 126
15 17 11 88
15 17 17 145
15 19 0 160
15 19 9 8
15 19 10 173
15 24 18 87
15 25 14 164
16 4 5 90
16 4 13 46
16 4 16 82
16 23 3 105
16 23 4 133
16 23 8 14
16 23 18 136
17 3 13 90
17 15 9 43
17 15 18 155
17 15 19 57
17 18 12 157
17 18 14 52
17 18 19 129
18 1 12 86
18 14 1 93
18 14 2 146
18 14 13 20
18 19 0 24
18 19 9 61
18 19 10 123
18 22 0 152
18 22 5 21
18 22 7 109
18 22 8 147
18 22 11 112
18 22 12 73
18 22 16 83
18 22 18 169
18 25 14 2
18 29 9 19
18 29 12 147
18 29 15 68
18 29 16 145
19 13 6 28
19 13 12 191
19 23 3 64
19 23 4 143
19 23 8 31
19 23 18 185
19 24 18 173
19 26 5 170
19 26 17 100
20 9 6 192
20 9 7 200
20 9 18 11
20 10 5 61
20 10 17 73
20 10 18 106
20 19 0 28
20 19 9 39
20 19 10 50
20 22 0 116
20 22 5 189
20 22 7 171
20 22 8 197
20 22 11 113
20 22 12 132
20 22 16 50
20 22 18 160
20 29 9 199
20 29 12 114
20 29 15 158
20 29 16 111
21 11 6 49
21 11 9 61
21 11 12 149
21 11 14 47
21 11 17 120
21 12 2 199
21 12 10 146
21 13 6 6
21 13 12 31
21 23 3 86
21 23 4 14
21 23 8 44
21 23 18 62
21 24 18 55
22 2 4 101
22 2 5 21
22 2 11 152
22 2 14 32
22 2 16 171
22 6 0 123
22 6 3 95
22 6 9 35
22 6 17 36
22 12 2 120
22 12 10 151
22 26 5 187
22 26 17 104
23 1 12 176
23 2 4 104
23 2 5 4
23 2 11 66
23 2 14 51
23 2 16 135
23 3 13 168
23 22 0 60
23 22 5 170
23 22 7 129
23 22 8 32
23 22 11 128
23 22 12 58
23 22 16 192
23 22 18 70
24 4 5 122
24 4 13 82
24 4 16 26
24 11 6 79
24 11 9 197
24 11 12 19
24 11 14 74
24 11 17 69
24 12 2 95
24 12 10 155
24 18 12 27
24 18 14 158
24 18 19 13
24 25 14 166
25 13 6 10
25 13 12 7
25 16 0 121
25 16 4 142
25 16 12 130
25 16 14 44
25 16 18 148
25 18 12 166
25 18 14 97
25 18 19 62
26 4 5 55
26 4 13 116
26 4 16 180
26 9 6 158
26 9 7 73
26 9 18 167
26 10 5 37
26 10 17 133
26 10 18 68
26 15 9 159
26 15 18 32
26 15 19 168
26 19 0 59
26 19 9 127
26 19 10 124
26 22 0 123
26 22 5 9
26 22 7 17
26 22 8 129
26 22 11 123
26 22 12 168
26 22 16 12
26 22 18 100
27 7 1 3
27 7 19 45
27 8 4 142
27 8 7 56
27 8 18 172
27 10 5 165
27 10 17 173
27 10 18 115
27 11 6 13
27 11 9 108
27 11 12 89
27 11 14 141
27 11 17 101
27 15 9 110
27 15 18 23
27 15 19 45
27 17 3 127
27 17 11 131
27 17 17 197
27 25 14 187
27 26 5 65
27 26 17 12
27 28 0 19
27 28 1 188
27 28 4 126
27 28 9 166
27 28 13 2
28 0 3 19
28 0 14 17
28 0 17 85
28 9 6 9
28 9 7 157
28 9 18 51
28 15 9 179
28 15 18 92
28 15 19 182
28 17 3 104
28 17 11 95
28 17 17 162
28 20 1 20
28 20 16 142
29 2 4 38
29 2 5 108
29 2 11 113
29 2 14 31
29 2 16 112
29 3 13 97
29 8 4 15
29 8 7 53
29 8 18 128
29 13 6 60
29 13 12 79
29 23 3 44
29 23 4 88
29 23 8 11
29 23 18 179
29 26 5 132
29 26 17 119
30 9 6 148
30 9 7 4
30 9 18 144
30 22 0 14
30 22 5 66
30 22 7 72
30 22 8 153
30 22 11 42
30 22 12 122
30 22 16 84
30 22 18 146
31 0 3 30
31 0 14 15
31 0 17 80
31 15 9 45
31 15 18 52
31 15 19 106
31 26 5 139
31 26 17 141
32 4 5 129
32 4 13 42
32 4 16 133
32 5 5 126
32 5 11 111
32 5 14 129
32 11 6 38
32 11 9 125
32 11 12 100
32 11 14 127
32 11 17 157
32 23 3 30
32 23 4 163
32 23 8 179
32 23 18 12
33 2 4 135
33 2 5 199
33 2 11 151
33 2 14 195
33 2 16 88
33 6 0 52
33 6 3 162
33 6 9 49
33 6 17 54
33 21 3 61
33 22 0 142
33 22 5 45
33 22 7 91
33 22 8 138
33 22 11 164
33 22 12 38
33 22 16 167
33 22 18 66
33 23 3 199
33 23 4 147
33 23 8 154
33 23 18 80
33 27 5 23
33 27 8 91
33 27 11 65
33 27 13 91
33 27 16 20
34 8 4 9
34 8 7 165
34 8 18 164
34 10 5 39
34 10 17 197
34 10 18 146
34 26 5 89
34 26 17 57
34 27 5 13
34 27 8 28
34 27 11 34
34 27 13 168
34 27 16 152
35 15 9 46
35 15 18 27
35 15 19 23
35 17 3 195
35 17 11 59
35 17 17 127
35 25 14 29
36 13 6 112
36 13 12 182
36 29 9 21
36 29 12 18
36 29 15 56
36 29 16 142
37 1 12 57
37 2 4 100
37 2 5 32
37 2 11 175
37 2 14 22
37 2 16 16
37 9 6 14
37 9 7 115
37 9 18 66
37 25 14 33
37 28 0 45
37 28 1 97
37 28 4 7
37 28 9 70
37 28 13 69
38 8 4 113
38 8 7 61
38 8 18 4
38 10 5 142
38 10 17 1
38 10 18 159
38 17 3 13
38 17 11 163
38 17 17 90
38 18 12 115
38 18 14 16
38 18 19 139
39 1 12 115
39 19 0 96
39 19 9 134
39 19 10 186
39 28 0 165
39 28 1 29
39 28 4 159
39 28 9 121
39 28 13 187
40 6 0 95
40 6 3 181
40 6 9 170
40 6 17 196
40 13 6 132
40 13 12 49
41 0 3 159
41 0 14 19
41 0 17 43
41 1 12 68
41 8 4 23
41 8 7 17
41 8 18 129
41 16 0 178
41 16 4 58
41 16 12 165
41 16 14 126
41 16 18 37
41 19 0 108
41 19 9 147
41 19 10 165
41 22 0 166
41 22 5 26
41 22 7 105
41 22 8 49
41 22 11 84
41 22 12 131
41 22 16 105
41 22 18 133
41 25 14 20
41 27 5 42
41 27 8 34
41 27 11 62
41 27 13 3
41 27 16 62
41 28 0 198
41 28 1 101
41 28 4 58
41 28 9 171
41 28 13 87
42 19 0 188
42 19 9 9
42 19 10 44
42 25 14 157
42 29 9 167
42 29 12 137
42 29 15 167
42 29 16 55
43 0 3 13
43 0 14 8
43 0 17 195
43 9 6 139
43 9 7 198
43 9 18 28
43 14 1 95
43 14 2 109
43 14 13 28
43 17 3 186
43 17 11 169
43 17 17 99
43 21 3 4
43 24 18 188
43 29 9 1
43 29 12 107
43 29 15 166
43 29 16 99
44 4 5 143
44 4 13 196
44 4 16 62
44 5 5 72
44 5 11 18
44 5 14 132
44 13 6 82
44 13 12 165
44 22 0 53
44 22 5 117
44 22 7 110
44 22 8 200
44 22 11 181
44 22 12 101
44 22 16 173
44 22 18 110
44 28 0 33
44 28 1 39
44 28 4 191
44 28 9 138
44 28 13 187
45 2 4 13
45 2 5 11
45 2 11 24
45 2 14 10
45 2 16 61
45 7 1 181
45 7 19 35
45 13 6 59
45 13 12 87
45 14 1 126
45 14 2 31
45 14 13 110
45 15 9 11
45 15 18 111
45 15 19 146
45 23 3 130
45 23 4 152
45 23 8 79
45 23 18 142
45 24 18 61
45 26 5 35
45 26 17 194
45 29 9 46
45 29 12 152
45 29 15 36
45 29 16 1
46 6 0 59
46 6 3 79
46 6 9 187
46 6 17 112
46 14 1 132
46 14 2 121
46 14 13 55
46 21 3 193
47 6 0 33
47 6 3 182
47 6 9 98
47 6 17 156
47 7 1 2
47 7 19 27
47 10 5 190
47 10 17 101
47 10 18 133
47 20 1 21
47 20 16 24
47 22 0 19
47 22 5 183
47 22 7 66
47 22 8 4
47 22 11 161
47 22 12 104
47 22 16 38
47 22 18 157
48 2 4 93
48 2 5 51
48 2 11 117
48 2 14 192
48 2 16 185
48 9 6 175
48 9 7 26
48 9 18 81
48 17 3 159
48 17 11 101
48 17 17 60
48 21 3 69
48 23 3 168
48 23 4 44
48 23 8 144
48 23 18 46
48 24 18 68
48 28 0 61
48 28 1 113
48 28 4 114
48 28 9 26
48 28 13 175
49 19 0 151
49 19 9 1
49 19 10 123
-1 
0 6 1
0 9 2
0 11 1
0 21 2
0 22 3
0 23 3
0 28 3
0 32 1
0 36 4
0 37 4
0 43 2
1 17 1
1 22 3
1 24 2
1 25 4
1 31 4
1 33 4
1 35 4
1 44 1
1 48 2
2 3 1
2 6 2
2 10 4
2 11 3
2 17 2
2 18 3
2 20 2
2 28 4
2 30 3
2 31 2
2 35 4
2 36 4
2 40 4
2 41 1
2 49 3
3 6 2
3 23 3
3 25 4
3 28 2
3 30 2
3 31 2
3 33 2
3 38 3
3 39 2
3 43 1
3 48 3
4 1 1
4 3 4
4 7 4
4 15 3
4 18 4
4 25 3
4 30 1
4 39 2
4 41 4
4 46 1
5 10 1
5 11 3
5 21 1
5 23 4
5 31 2
5 37 2
5 38 3
5 40 4
5 47 4
6 0 1
6 1 3
6 3 2
6 17 4
6 20 4
6 25 4
6 27 4
6 30 4
6 31 4
6 36 3
6 45 1
6 46 2
6 48 2
7 6 2
7 10 3
7 13 4
7 18 1
7 27 2
7 28 2
8 2 4
8 3 2
8 6 1
8 8 2
8 10 1
8 16 3
8 21 3
8 22 2
8 26 3
8 28 2
8 43 4
8 44 2
8 48 1
9 0 1
9 6 1
9 7 2
9 9 2
9 16 4
9 19 3
9 24 3
9 29 2
9 32 4
9 38 1
9 49 4
10 0 3
10 1 3
10 3 2
10 5 4
10 12 3
10 15 2
10 18 2
10 20 1
10 21 2
10 26 3
10 30 4
10 37 4
10 41 2
10 42 2
10 45 2
11 1 1
11 6 3
11 10 1
11 12 1
11 14 3
11 20 3
11 21 4
11 24 4
11 33 2
11 40 4
11 41 1
11 47 2
11 48 3
11 49 2
12 1 4
12 2 4
12 6 2
12 30 3
12 31 2
12 36 3
12 39 4
12 42 4
12 44 1
12 46 3
12 49 1
13 2 1
13 9 2
13 10 1
13 11 4
13 12 1
13 15 4
13 22 1
13 23 3
13 27 2
13 28 3
13 33 3
13 37 3
13 43 2
13 46 4
14 0 1
14 2 4
14 4 2
14 10 4
14 17 2
14 19 3
14 25 2
14 26 1
14 32 4
14 34 4
14 36 4
14 39 4
14 41 2
14 44 1
14 45 3
14 46 4
15 0 4
15 1 1
15 13 2
15 16 3
15 21 2
15 24 1
15 25 3
15 27 2
15 31 3
15 34 4
15 35 4
15 40 3
15 44 3
15 49 3
16 3 2
16 7 2
16 14 3
16 17 2
16 24 1
16 25 2
16 27 3
16 28 1
16 32 2
16 34 3
16 43 4
16 46 2
16 48 4
16 49 1
17 3 2
17 5 3
17 6 1
17 10 3
17 15 4
17 17 1
17 18 2
17 26 4
17 29 3
17 33 3
17 34 3
17 37 2
17 39 3
17 41 3
17 46 4
17 47 3
18 4 1
18 5 4
18 13 2
18 18 3
18 20 1
18 21 1
18 29 4
18 30 1
18 35 4
19 18 3
19 19 4
19 20 1
19 24 2
19 28 4
19 33 3
19 40 1
19 48 1
20 2 3
20 9 4
20 12 3
20 32 3
20 33 1
20 37 4
20 46 2
20 48 1
21 6 2
21 7 2
21 11 2
21 12 2
21 14 3
21 17 2
21 19 2
21 27 4
21 39 1
21 41 3
22 2 3
22 3 2
22 31 2
22 47 4
22 49 1
23 5 2
23 6 3
23 7 2
23 12 4
23 14 3
23 15 1
23 27 1
23 30 1
23 33 1
23 34 2
23 36 2
23 40 3
23 42 4
23 46 1
24 4 4
24 5 3
24 16 2
24 19 2
24 23 2
24 27 3
24 29 3
24 34 3
24 41 3
24 47 2
24 48 1
25 8 2
25 9 2
25 11 4
25 13 3
25 15 1
25 30 4
25 35 4
25 37 4
25 41 4
25 48 1
26 4 3
26 8 1
26 10 3
26 11 3
26 13 1
26 18 1
26 22 3
26 28 3
26 30 3
26 36 2
26 41 1
26 46 2
27 4 4
27 7 4
27 9 4
27 11 1
27 14 2
27 32 1
27 37 4
27 38 3
27 39 2
27 40 3
27 41 2
27 42 4
27 44 2
28 0 2
28 6 1
28 7 1
28 13 3
28 19 3
28 23 3
28 26 3
28 30 4
28 31 1
28 34 1
28 37 2
28 38 2
28 40 1
28 45 2
28 48 1
29 2 1
29 8 1
29 12 1
29 15 2
29 17 2
29 18 1
29 22 4
29 23 2
29 24 1
29 30 2
29 31 4
29 33 1
29 39 3
29 45 2
30 5 4
30 6 4
30 13 3
30 16 4
30 22 2
30 23 1
30 25 4
30 28 4
30 31 2
30 33 3
30 36 4
30 39 4
30 41 4
30 42 2
30 48 3
30 49 3
31 0 2
31 2 2
31 6 4
31 8 3
31 17 3
31 21 1
31 23 4
31 27 3
31 31 3
31 32 3
31 35 1
31 39 4
31 45 4
31 49 3
32 4 1
32 6 1
32 8 3
32 9 3
32 11 1
32 15 2
32 16 3
32 17 2
32 18 1
32 19 4
32 22 2
32 24 1
32 36 2
32 39 3
32 49 2
33 0 3
33 1 4
33 2 2
33 5 3
33 6 1
33 10 2
33 11 4
33 21 2
33 25 3
33 27 4
33 28 4
33 46 4
34 8 2
34 10 1
34 17 1
34 23 4
34 25 2
34 31 4
34 43 1
34 49 1
35 13 2
35 16 2
35 19 4
35 20 4
35 29 1
35 31 1
35 32 4
35 33 2
35 38 1
35 44 2
35 45 2
35 49 2
36 3 4
36 6 2
36 26 4
36 37 1
36 40 1
36 42 3
37 2 1
37 5 1
37 18 3
37 20 1
37 21 2
37 24 4
37 25 3
37 27 4
37 33 4
37 34 3
37 35 1
37 43 2
37 46 3
37 47 1
38 1 3
38 4 4
38 7 4
38 8 4
38 9 4
38 13 3
38 14 4
38 15 1
38 19 3
38 20 1
38 21 3
38 22 3
38 24 4
38 27 4
38 28 1
38 30 3
38 31 1
38 34 1
38 38 4
38 39 4
38 42 4
38 44 3
38 45 2
38 46 1
39 0 3
39 4 1
39 6 3
39 11 3
39 12 3
39 13 4
39 15 2
39 18 2
39 23 3
39 27 2
39 32 1
39 34 4
39 37 2
39 38 3
39 49 4
40 0 4
40 2 3
40 3 3
40 4 2
40 6 4
40 12 1
40 15 1
40 17 1
40 26 2
40 44 3
40 45 3
40 47 2
40 49 1
41 1 2
41 4 3
41 10 3
41 17 3
41 20 2
41 22 1
41 24 1
41 26 4
41 27 3
41 32 4
41 37 1
41 41 4
42 7 2
42 13 4
42 14 2
42 24 2
42 29 2
42 34 2
42 39 3
42 40 1
42 45 2
42 49 4
43 8 2
43 12 4
43 13 3
43 17 4
43 27 4
43 30 4
43 37 4
43 40 1
43 44 2
44 0 3
44 12 1
44 19 3
44 27 2
44 34 1
44 40 3
44 41 2
44 45 3
45 2 2
45 4 4
45 6 2
45 16 1
45 20 2
45 21 1
45 26 1
45 29 1
45 30 2
45 33 4
45 34 1
45 35 3
45 38 4
45 39 2
45 40 1
46 0 2
46 1 4
46 13 1
46 21 3
46 22 4
46 25 4
46 32 3
46 33 2
46 36 3
46 42 4
46 47 3
46 49 2
47 2 4
47 4 4
47 6 4
47 22 1
47 26 4
47 27 1
47 28 1
47 40 2
47 49 1
48 0 1
48 3 4
48 14 3
48 16 2
48 17 2
48 18 1
48 20 2
48 21 4
48 27 4
48 29 2
48 30 3
48 31 3
48 35 4
48 48 1
49 0 3
49 2 4
49 12 2
49 13 4
49 17 2
49 21 3
49 27 3
49 45 2
49 48 2
-1 
0 3 782
0 14 1410
0 17 1293
1 12 2198
2 4 479
2 5 517
2 11 2563
2 14 1236
2 16 1104
3 13 1372
4 5 445
4 13 813
4 16 304
5 5 1489
5 11 2994
5 14 2645
6 0 1317
6 3 3122
6 9 1226
6 17 246
7 1 3100
7 19 161
8 4 889
8 7 2248
8 18 81
9 6 3280
9 7 1466
9 18 3171
10 5 1828
10 17 2456
10 18 24
11 6 2892
11 9 2031
11 12 2216
11 14 720
11 17 3555
12 2 1985
12 10 3071
13 6 759
13 12 360
14 1 36
14 2 3130
14 13 2016
15 9 261
15 18 862
15 19 3192
16 0 1626
16 4 84
16 12 220
16 14 2115
16 18 2266
17 3 2614
17 11 2606
17 17 3519
18 12 757
18 14 1929
18 19 2359
19 0 76
19 9 2153
19 10 877
20 1 1807
20 16 2422
21 3 3186
22 0 1195
22 5 1909
22 7 843
22 8 690
22 11 1811
22 12 2803
22 16 108
22 18 284
23 3 3147
23 4 2252
23 8 3080
23 18 48
24 18 2318
25 14 1761
26 5 349
26 17 2900
27 5 230
27 8 2001
27 11 3246
27 13 2654
27 16 595
28 0 1000
28 1 691
28 4 953
28 9 1260
28 13 698
29 9 2237
29 12 2649
29 15 2869
29 16 3382
-1 
0 257
1 285
2 335
3 356
4 82
5 441
6 201
7 282
8 114
9 308
10 382
11 101
12 76
13 110
14 227
15 17
16 79
17 201
18 323
19 425
20 1
21 194
22 218
23 373
24 462
25 138
26 202
27 138
28 85
29 87
30 414
31 192
32 408
33 474
34 326
35 309
36 499
37 460
38 472
39 362
40 102
41 419
42 206
43 174
44 434
45 239
46 74
47 455
48 77
49 37
-1 
0 224
1 238
2 210
3 882
4 968
5 107
6 149
7 298
8 989
9 30
10 393
11 520
12 95
13 551
14 788
15 555
16 177
17 732
18 375
19 828
20 478
21 393
22 881
23 469
24 831
25 684
26 384
27 95
28 343
29 618
30 49
31 153
32 148
33 324
34 114
35 609
36 31
37 431
38 112
39 523
40 898
41 130
42 135
43 817
44 698
45 746
46 259
47 957
48 542
49 145
-1 
0 86400
1 86400
2 86400
3 86400
4 86400
5 86400
6 86400
7 86400
8 86400
9 86400
10 86400
11 86400
12 86400
13 86400
14 86400
15 86400
16 86400
17 86400
18 86400
19 86400
-1 
