50
50
10
10
0 9 8 10
1 3 6 3
2 1 2 6
2 3 6 11
2 8 5 4
3 4 7 12
3 4 9 7
4 0 1 3
4 0 4 14
4 9 8 15
5 6 2 14
6 2 0 14
6 2 3 13
6 5 2 10
7 7 2 5
7 7 4 2
8 2 0 5
8 2 3 11
8 4 7 10
8 4 9 15
9 3 6 1
9 5 2 11
10 1 2 18
10 8 5 12
11 3 6 4
12 3 6 10
12 6 2 7
12 7 2 2
12 7 4 6
13 5 2 9
13 8 5 9
14 7 2 11
14 7 4 3
14 8 5 12
15 3 6 16
15 6 2 8
15 9 8 12
16 1 2 6
16 2 0 18
16 2 3 18
17 9 8 16
18 7 2 6
18 7 4 20
19 0 1 18
19 0 4 3
19 6 2 17
19 9 8 11
20 2 0 20
20 2 3 1
21 5 2 11
22 2 0 15
22 2 3 6
22 4 7 13
22 4 9 1
22 6 2 8
23 4 7 12
23 4 9 3
23 7 2 20
23 7 4 6
24 4 7 16
24 4 9 2
25 6 2 12
26 1 2 14
26 7 2 12
26 7 4 13
27 8 5 6
28 1 2 12
28 7 2 14
28 7 4 18
28 9 8 10
29 6 2 14
29 8 5 17
30 4 7 19
30 4 9 1
30 8 5 13
31 4 7 13
31 4 9 8
32 0 1 12
32 0 4 6
32 2 0 7
32 2 3 2
32 4 7 20
32 4 9 5
33 2 0 3
33 2 3 14
33 8 5 17
34 7 2 18
34 7 4 9
35 4 7 6
35 4 9 20
36 0 1 5
36 0 4 1
36 3 6 18
36 7 2 6
36 7 4 4
37 5 2 8
38 0 1 14
38 0 4 15
39 6 2 3
40 3 6 11
41 7 2 10
41 7 4 10
42 4 7 4
42 4 9 13
43 0 1 7
43 0 4 19
43 2 0 18
43 2 3 3
43 9 8 1
44 5 2 9
45 7 2 20
45 7 4 2
45 9 8 2
46 8 5 19
47 6 2 8
48 1 2 3
48 3 6 8
48 4 7 9
48 4 9 5
49 0 1 4
49 0 4 10
49 6 2 4
-1 
0 9 8 105
1 3 6 61
2 1 2 131
2 3 6 144
2 8 5 87
3 4 7 33
3 4 9 36
4 0 1 72
4 0 4 8
4 9 8 73
5 6 2 85
6 2 0 151
6 2 3 60
6 5 2 55
7 7 2 143
7 7 4 127
8 2 0 116
8 2 3 77
8 4 7 141
8 4 9 92
9 3 6 58
9 5 2 63
10 1 2 63
10 8 5 12
11 3 6 177
12 3 6 183
12 6 2 93
12 7 2 10
12 7 4 41
13 5 2 101
13 8 5 4
14 7 2 38
14 7 4 128
14 8 5 55
15 3 6 11
15 6 2 29
15 9 8 178
16 1 2 71
16 2 0 200
16 2 3 13
17 9 8 127
18 7 2 148
18 7 4 138
19 0 1 114
19 0 4 160
19 6 2 187
19 9 8 86
20 2 0 103
20 2 3 158
21 5 2 85
22 2 0 15
22 2 3 172
22 4 7 68
22 4 9 189
22 6 2 184
23 4 7 68
23 4 9 22
23 7 2 187
23 7 4 34
24 4 7 101
24 4 9 147
25 6 2 126
26 1 2 52
26 7 2 180
26 7 4 19
27 8 5 167
28 1 2 1
28 7 2 107
28 7 4 112
28 9 8 84
29 6 2 91
29 8 5 129
30 4 7 34
30 4 9 55
30 8 5 113
31 4 7 72
31 4 9 85
32 0 1 161
32 0 4 38
32 2 0 161
32 2 3 20
32 4 7 9
32 4 9 134
33 2 0 132
33 2 3 140
33 8 5 146
34 7 2 65
34 7 4 101
35 4 7 119
35 4 9 177
36 0 1 7
36 0 4 16
36 3 6 140
36 7 2 66
36 7 4 46
37 5 2 12
38 0 1 37
38 0 4 111
39 6 2 23
40 3 6 172
41 7 2 104
41 7 4 51
42 4 7 61
42 4 9 36
43 0 1 155
43 0 4 100
43 2 0 30
43 2 3 43
43 9 8 41
44 5 2 157
45 7 2 127
45 7 4 133
45 9 8 185
46 8 5 146
47 6 2 65
48 1 2 85
48 3 6 107
48 4 7 51
48 4 9 28
49 0 1 39
49 0 4 16
49 6 2 4
-1 
0 0 4
0 6 1
0 7 2
0 9 4
0 10 1
0 11 2
0 13 4
0 19 3
0 21 1
0 24 2
0 26 4
0 27 2
0 34 2
0 37 2
0 44 4
0 45 3
0 47 2
1 0 2
1 13 2
1 14 1
1 18 4
1 34 4
1 37 3
1 39 4
1 42 3
1 45 1
2 2 3
2 3 3
2 6 1
2 9 2
2 17 2
2 34 2
2 36 4
2 42 4
2 45 4
3 9 3
3 19 4
3 25 4
3 27 1
3 37 1
3 38 2
3 46 1
3 49 2
4 0 1
4 6 2
4 13 1
4 19 1
4 26 4
4 31 4
4 39 1
4 42 4
4 43 1
5 0 1
5 6 3
5 24 1
5 30 3
5 38 4
5 47 1
6 0 4
6 5 2
6 6 3
6 8 4
6 13 4
6 26 3
6 28 4
6 29 3
6 30 4
6 34 2
6 37 3
6 40 1
6 41 4
6 46 3
7 1 4
7 2 1
7 10 2
7 19 1
7 22 1
7 23 4
7 25 4
7 32 1
7 41 3
7 43 1
7 47 3
8 0 1
8 2 4
8 10 3
8 21 4
8 23 1
8 29 3
8 32 2
8 35 4
8 36 4
8 39 2
8 43 1
8 46 1
8 49 3
9 3 2
9 4 3
9 6 3
9 8 4
9 23 1
9 24 3
9 25 1
9 32 3
9 39 2
9 44 3
9 47 3
9 49 4
10 1 3
10 3 3
10 4 2
10 6 3
10 7 1
10 18 1
10 23 1
10 26 2
10 29 3
10 30 1
11 1 1
11 9 2
11 19 4
11 22 2
11 26 1
11 28 4
11 30 4
11 34 2
11 36 3
12 0 2
12 1 4
12 2 2
12 4 1
12 10 2
12 12 4
12 24 1
12 25 4
12 26 4
12 27 4
12 28 2
12 29 2
12 32 3
12 34 4
12 36 3
12 37 2
12 40 3
12 43 3
12 44 3
12 45 1
13 3 1
13 8 3
13 17 4
13 19 3
13 21 3
13 37 1
13 38 1
13 39 3
14 4 3
14 6 1
14 7 4
14 16 3
14 18 4
14 23 2
14 24 2
14 26 2
14 27 4
14 29 3
14 32 4
14 36 1
14 38 2
14 45 1
14 46 1
14 47 1
15 11 3
15 15 1
15 17 3
15 19 3
15 23 2
15 26 3
15 34 3
15 37 1
16 2 2
16 3 2
16 5 2
16 9 4
16 10 3
16 17 3
16 21 4
16 26 3
16 30 1
16 31 1
16 39 4
16 41 2
16 49 3
17 4 2
17 12 4
17 15 1
17 17 3
17 22 4
17 23 3
17 28 4
17 31 1
17 34 1
17 40 4
17 42 2
17 47 3
17 49 1
18 2 4
18 8 3
18 10 1
18 12 4
18 13 2
18 15 1
18 19 2
18 20 2
18 26 3
18 34 4
18 35 1
18 38 1
18 40 3
18 44 2
18 47 1
18 49 4
19 13 3
19 20 2
19 21 2
19 41 1
19 43 3
20 0 2
20 3 2
20 4 4
20 9 3
20 13 1
20 14 2
20 19 2
20 26 1
20 32 2
20 38 2
20 40 4
20 44 3
20 45 1
20 46 1
20 49 3
21 0 3
21 6 4
21 7 2
21 14 2
21 16 2
21 24 1
21 25 2
21 31 4
21 34 2
21 46 3
22 5 3
22 7 3
22 8 1
22 9 1
22 13 2
22 14 1
22 15 4
22 16 4
22 22 3
22 24 1
22 25 3
22 29 2
22 32 3
22 38 2
22 46 2
22 49 1
23 0 4
23 1 4
23 2 3
23 4 2
23 6 1
23 8 4
23 9 4
23 11 2
23 20 4
23 29 1
23 35 4
23 40 4
23 44 3
23 45 1
23 48 1
23 49 2
24 5 2
24 9 4
24 14 3
24 18 2
24 29 4
24 30 4
24 31 3
24 35 3
24 42 2
24 44 2
24 49 4
25 6 2
25 8 2
25 11 4
25 12 1
25 16 2
25 18 3
25 24 1
25 29 3
25 31 1
25 32 2
25 37 4
25 41 2
25 43 2
25 47 2
26 1 4
26 5 1
26 13 3
26 15 3
26 20 1
26 32 4
26 36 4
26 37 2
26 38 1
26 39 4
26 41 3
26 42 1
26 48 4
26 49 4
27 0 3
27 1 1
27 2 3
27 11 2
27 21 3
27 23 3
27 34 1
27 35 2
27 38 4
27 41 2
27 45 2
28 2 2
28 3 4
28 7 2
28 13 1
28 14 1
28 20 4
28 26 1
28 27 1
28 35 2
28 36 2
28 37 3
28 38 2
28 39 1
28 41 1
28 42 2
29 1 3
29 3 2
29 6 3
29 7 1
29 10 2
29 11 2
29 14 4
29 18 4
29 25 2
29 33 3
29 41 1
29 47 3
30 5 1
30 12 2
30 13 4
30 14 4
30 17 2
30 18 1
30 23 3
30 24 2
30 26 2
30 30 4
30 31 2
30 36 1
30 37 2
30 40 3
30 43 4
31 0 4
31 7 4
31 9 2
31 11 1
31 13 2
31 16 4
31 21 4
31 23 3
31 24 4
31 29 3
31 32 4
31 36 3
31 47 4
31 48 4
32 12 1
32 13 1
32 15 1
32 26 1
32 28 3
32 32 1
32 36 1
32 38 4
32 44 3
33 1 3
33 5 2
33 6 3
33 11 1
33 22 4
33 23 1
33 24 2
33 30 4
33 34 2
33 41 4
33 42 4
34 7 3
34 16 2
34 23 3
34 25 3
34 31 4
34 32 1
34 33 3
34 39 4
34 42 4
34 49 4
35 2 3
35 15 4
35 16 1
35 18 4
35 19 2
35 21 3
35 25 3
35 28 2
35 37 2
35 38 3
35 41 4
36 1 3
36 23 1
36 24 2
36 26 1
36 27 2
36 33 1
36 34 3
36 38 1
36 39 1
36 40 1
36 42 3
36 44 1
36 49 2
37 14 2
37 16 4
37 20 4
37 21 2
37 27 3
37 29 4
37 30 1
37 36 3
37 45 3
37 46 1
37 48 4
38 1 1
38 5 4
38 20 4
38 32 1
38 35 4
38 36 2
38 37 3
38 41 3
39 4 3
39 5 2
39 7 2
39 8 2
39 11 4
39 13 1
39 14 3
39 19 4
39 23 3
39 31 2
39 32 1
39 33 1
39 35 4
39 40 2
40 0 2
40 25 4
40 28 3
40 38 1
41 10 4
41 23 2
41 25 2
41 26 4
41 30 3
41 37 3
41 39 3
41 44 1
41 46 2
42 5 2
42 7 3
42 8 4
42 10 4
42 11 4
42 16 4
42 19 4
42 20 3
42 21 3
42 22 1
42 32 1
42 34 1
42 40 2
42 43 1
42 45 2
42 48 2
43 0 2
43 4 1
43 12 4
43 18 2
43 21 2
43 22 2
43 24 4
43 29 3
43 31 3
43 35 1
43 39 4
43 40 3
43 44 1
43 46 4
43 47 1
44 5 1
44 10 3
44 12 1
44 16 3
44 17 1
44 20 1
44 21 1
44 23 2
44 25 4
44 26 2
44 27 4
44 30 4
44 31 2
44 33 3
44 34 2
44 35 3
44 38 4
44 39 3
44 46 2
44 48 3
45 8 4
45 9 2
45 14 1
45 19 1
45 22 1
45 24 1
45 26 4
45 27 1
45 31 2
45 32 2
45 36 3
45 40 1
45 46 1
45 47 4
46 3 3
46 4 2
46 5 1
46 11 4
46 12 3
46 18 1
46 29 1
46 31 4
46 35 3
46 37 1
46 40 4
46 43 4
47 3 2
47 8 2
47 9 1
47 12 1
47 15 4
47 17 1
47 19 4
47 20 2
47 23 3
47 25 1
47 26 4
47 27 2
47 31 3
47 34 4
47 36 2
47 38 2
48 2 2
48 4 1
48 7 4
48 8 3
48 13 3
48 16 2
48 17 1
48 24 2
48 25 4
48 26 3
48 28 3
48 33 4
48 35 1
48 40 1
48 41 2
48 44 4
48 47 2
49 0 1
49 3 2
49 10 3
49 12 1
49 13 2
49 19 2
49 29 2
49 31 2
49 32 2
49 36 4
49 40 3
49 42 4
-1 
0 1 461
0 4 2339
1 2 535
2 0 924
2 3 949
3 6 713
4 7 747
4 9 1659
5 2 821
6 2 1648
7 2 809
7 4 552
8 5 2071
9 8 1442
-1 
0 247
1 360
2 19
3 263
4 279
5 157
6 55
7 147
8 246
9 220
10 9
11 220
12 280
13 232
14 349
15 449
16 362
17 493
18 414
19 465
20 184
21 331
22 497
23 44
24 28
25 252
26 65
27 332
28 278
29 66
30 460
31 474
32 57
33 367
34 148
35 315
36 114
37 69
38 247
39 435
40 356
41 448
42 331
43 464
44 145
45 363
46 316
47 168
48 223
49 231
-1 
0 997
1 610
2 519
3 703
4 920
5 642
6 518
7 58
8 366
9 516
10 853
11 829
12 358
13 503
14 907
15 94
16 452
17 620
18 291
19 300
20 448
21 557
22 761
23 222
24 946
25 462
26 617
27 606
28 825
29 311
30 224
31 221
32 549
33 713
34 591
35 519
36 799
37 345
38 451
39 335
40 689
41 180
42 760
43 713
44 797
45 607
46 760
47 406
48 912
49 174
-1 
0 86400
1 86400
2 86400
3 86400
4 86400
5 86400
6 86400
7 86400
8 86400
9 86400
-1 
