50
50
10
10
0 0 0 11
0 0 5 17
0 6 0 12
0 6 2 14
1 7 3 13
2 0 0 10
2 0 5 5
2 6 0 16
2 6 2 9
3 0 0 7
3 0 5 14
4 9 3 4
4 9 6 2
5 4 8 9
6 0 0 7
6 0 5 3
7 7 3 1
8 6 0 14
8 6 2 2
8 9 3 18
8 9 6 8
9 8 7 9
10 7 3 18
11 3 3 8
11 4 8 9
12 0 0 16
12 0 5 16
12 1 1 8
12 1 4 3
12 3 3 8
12 5 2 2
12 5 3 18
13 0 0 10
13 0 5 1
13 4 8 12
13 8 7 13
14 0 0 11
14 0 5 8
14 4 8 9
15 0 0 18
15 0 5 15
15 1 1 13
15 1 4 15
15 2 8 10
15 2 9 9
15 9 3 5
15 9 6 17
16 7 3 5
17 7 3 11
18 3 3 1
19 0 0 17
19 0 5 15
19 3 3 16
20 7 3 13
20 8 7 2
20 9 3 19
20 9 6 20
21 8 7 5
22 2 8 16
22 2 9 16
22 6 0 12
22 6 2 17
23 7 3 2
24 5 2 10
24 5 3 17
25 5 2 11
25 5 3 13
26 2 8 3
26 2 9 20
27 0 0 5
27 0 5 15
27 8 7 14
28 8 7 5
29 2 8 9
29 2 9 12
29 4 8 17
30 5 2 15
30 5 3 5
31 2 8 19
31 2 9 18
32 0 0 8
32 0 5 4
32 3 3 15
32 9 3 9
32 9 6 19
33 5 2 2
33 5 3 3
33 6 0 2
33 6 2 4
34 3 3 13
34 5 2 3
34 5 3 11
34 6 0 2
34 6 2 9
34 9 3 1
34 9 6 19
35 2 8 20
35 2 9 9
35 7 3 6
35 9 3 15
35 9 6 8
36 5 2 20
36 5 3 5
36 8 7 6
37 9 3 1
37 9 6 16
38 7 3 3
38 8 7 20
39 6 0 20
39 6 2 16
40 6 0 4
40 6 2 15
41 5 2 6
41 5 3 20
41 6 0 4
41 6 2 1
42 1 1 8
42 1 4 14
42 6 0 7
42 6 2 16
43 5 2 6
43 5 3 7
44 0 0 19
44 0 5 6
44 8 7 13
45 0 0 7
45 0 5 14
45 3 3 2
45 4 8 16
45 8 7 19
46 2 8 16
46 2 9 17
47 0 0 19
47 0 5 19
47 6 0 12
47 6 2 12
48 8 7 5
49 1 1 4
49 1 4 3
49 7 3 10
49 9 3 1
49 9 6 1
-1 
0 0 0 90
0 0 5 148
0 6 0 87
0 6 2 37
1 7 3 94
2 0 0 64
2 0 5 81
2 6 0 130
2 6 2 83
3 0 0 141
3 0 5 196
4 9 3 185
4 9 6 26
5 4 8 197
6 0 0 192
6 0 5 21
7 7 3 198
8 6 0 102
8 6 2 87
8 9 3 131
8 9 6 176
9 8 7 29
10 7 3 176
11 3 3 166
11 4 8 102
12 0 0 57
12 0 5 75
12 1 1 171
12 1 4 13
12 3 3 188
12 5 2 107
12 5 3 11
13 0 0 179
13 0 5 28
13 4 8 151
13 8 7 72
14 0 0 106
14 0 5 107
14 4 8 150
15 0 0 44
15 0 5 78
15 1 1 193
15 1 4 93
15 2 8 26
15 2 9 152
15 9 3 187
15 9 6 188
16 7 3 107
17 7 3 52
18 3 3 149
19 0 0 121
19 0 5 144
19 3 3 51
20 7 3 49
20 8 7 179
20 9 3 67
20 9 6 136
21 8 7 184
22 2 8 108
22 2 9 172
22 6 0 142
22 6 2 141
23 7 3 162
24 5 2 130
24 5 3 102
25 5 2 56
25 5 3 129
26 2 8 180
26 2 9 159
27 0 0 78
27 0 5 23
27 8 7 14
28 8 7 199
29 2 8 46
29 2 9 105
29 4 8 147
30 5 2 130
30 5 3 197
31 2 8 21
31 2 9 106
32 0 0 95
32 0 5 56
32 3 3 31
32 9 3 182
32 9 6 81
33 5 2 49
33 5 3 63
33 6 0 49
33 6 2 112
34 3 3 77
34 5 2 180
34 5 3 169
34 6 0 161
34 6 2 135
34 9 3 179
34 9 6 136
35 2 8 124
35 2 9 55
35 7 3 124
35 9 3 129
35 9 6 48
36 5 2 45
36 5 3 182
36 8 7 122
37 9 3 80
37 9 6 134
38 7 3 115
38 8 7 39
39 6 0 24
39 6 2 136
40 6 0 199
40 6 2 56
41 5 2 27
41 5 3 166
41 6 0 166
41 6 2 137
42 1 1 54
42 1 4 64
42 6 0 67
42 6 2 133
43 5 2 89
43 5 3 64
44 0 0 61
44 0 5 39
44 8 7 121
45 0 0 90
45 0 5 151
45 3 3 175
45 4 8 63
45 8 7 103
46 2 8 33
46 2 9 158
47 0 0 157
47 0 5 152
47 6 0 141
47 6 2 91
48 8 7 32
49 1 1 178
49 1 4 158
49 7 3 132
49 9 3 33
49 9 6 196
-1 
0 0 2
0 2 4
0 4 2
0 12 2
0 17 1
0 18 4
0 26 2
0 29 3
0 30 4
0 32 2
0 34 1
1 4 1
1 8 1
1 11 1
1 13 3
1 24 3
1 27 1
1 37 2
1 41 2
1 42 2
1 47 4
2 12 3
2 16 3
2 18 3
2 30 4
2 34 2
2 38 3
2 39 4
2 40 4
2 41 1
2 49 4
3 2 4
3 15 2
3 22 4
3 28 1
3 32 1
3 35 1
3 36 3
3 39 1
3 46 1
3 48 1
4 12 4
4 16 4
4 19 4
4 20 1
4 24 4
4 29 2
4 32 4
4 40 3
4 46 3
5 2 4
5 7 1
5 11 2
5 13 2
5 20 4
5 27 2
5 32 1
5 44 4
5 46 4
5 49 4
6 4 2
6 10 1
6 17 3
6 22 1
6 25 2
6 27 4
6 30 3
6 42 2
6 48 3
7 0 2
7 4 1
7 5 2
7 8 1
7 14 3
7 19 4
7 20 4
7 21 3
7 26 3
7 28 4
7 32 2
7 34 4
7 40 3
7 46 2
7 48 1
8 7 2
8 14 3
8 18 2
8 20 4
8 24 4
8 27 1
8 29 2
8 31 3
8 36 3
8 42 4
8 43 3
8 44 4
8 46 4
8 49 1
9 9 4
9 15 2
9 21 3
9 27 3
9 33 1
9 35 3
9 45 1
10 2 2
10 3 1
10 8 1
10 9 3
10 12 3
10 14 2
10 21 2
10 22 1
10 23 4
10 35 4
10 36 4
10 38 3
10 42 1
10 48 4
11 0 3
11 1 4
11 4 4
11 5 4
11 8 1
11 10 3
11 14 2
11 16 1
11 25 2
11 26 3
11 27 1
11 31 3
11 35 4
11 38 3
11 42 3
11 43 2
11 45 2
11 49 1
12 1 2
12 2 4
12 5 1
12 6 4
12 7 3
12 9 1
12 14 2
12 16 4
12 18 2
12 19 3
12 21 3
12 22 2
12 24 4
12 28 1
12 31 3
12 36 2
12 37 4
12 46 4
12 48 3
13 2 4
13 12 3
13 27 3
13 31 3
13 32 3
13 33 3
13 36 2
13 37 4
13 43 4
13 45 2
14 0 2
14 4 4
14 8 1
14 12 2
14 15 3
14 16 3
14 17 1
14 21 4
14 26 1
14 36 2
14 38 1
14 48 2
15 6 3
15 15 1
15 17 3
15 22 4
15 25 3
15 26 3
15 31 4
15 34 2
15 39 2
15 41 1
15 44 4
15 46 1
15 48 2
16 2 4
16 5 1
16 12 2
16 13 1
16 17 1
16 25 1
16 27 2
16 28 2
16 33 3
17 1 4
17 3 2
17 12 1
17 13 4
17 20 2
17 23 2
17 30 2
17 32 1
17 33 2
17 37 3
17 43 4
18 8 1
18 13 3
18 15 1
18 30 4
18 31 3
18 34 1
18 35 2
18 39 2
18 43 2
18 45 2
19 1 1
19 3 3
19 14 2
19 16 2
19 17 1
19 20 2
19 21 1
19 28 4
19 31 3
19 36 2
19 38 2
19 43 4
19 48 2
20 6 4
20 9 2
20 18 4
20 22 1
20 26 4
20 39 2
20 41 2
20 44 4
20 47 4
21 1 3
21 4 4
21 8 1
21 14 4
21 21 4
21 22 4
21 28 4
21 29 4
21 32 2
21 33 1
21 35 2
21 40 2
21 43 4
21 45 3
21 49 2
22 1 3
22 5 3
22 14 2
22 16 3
22 17 4
22 28 3
22 29 1
22 36 2
22 37 4
22 39 4
23 1 3
23 2 4
23 3 2
23 10 4
23 11 4
23 15 1
23 18 1
23 20 3
23 32 3
23 37 4
23 38 1
23 41 1
23 42 3
23 44 2
23 46 4
24 0 3
24 2 2
24 3 4
24 5 3
24 6 4
24 7 3
24 9 3
24 14 1
24 18 3
24 22 3
24 24 1
24 25 1
24 27 4
24 34 1
24 35 4
24 37 1
24 38 4
24 44 1
25 8 4
25 14 3
25 17 2
25 23 2
25 24 1
25 33 1
25 34 1
25 35 4
25 38 3
25 39 2
25 43 1
25 44 3
26 2 3
26 4 1
26 7 1
26 11 3
26 17 2
26 19 4
26 22 1
26 24 2
26 27 1
26 33 1
26 34 2
26 38 1
26 39 4
26 46 2
26 48 1
27 3 2
27 4 2
27 6 2
27 9 1
27 11 1
27 19 4
27 20 1
27 22 3
27 24 4
27 25 4
27 32 4
27 42 1
27 43 4
27 44 1
28 0 2
28 4 3
28 8 4
28 9 1
28 17 3
28 20 3
28 21 1
28 24 4
28 25 3
28 36 2
28 42 4
28 47 1
28 48 1
29 5 4
29 6 4
29 9 3
29 12 1
29 17 3
29 19 2
29 20 4
29 21 1
29 23 3
29 26 4
29 29 1
29 32 4
29 35 2
29 36 1
29 45 3
30 3 3
30 5 2
30 6 3
30 11 4
30 12 2
30 13 2
30 14 4
30 16 2
30 21 1
30 26 4
30 28 4
30 34 3
30 41 4
30 45 4
31 0 2
31 1 2
31 8 2
31 14 4
31 16 1
31 17 3
31 19 1
31 24 2
32 13 1
32 19 3
32 27 2
32 28 3
32 32 3
32 36 4
32 46 3
33 3 1
33 5 3
33 6 2
33 16 4
33 17 4
33 25 4
33 28 3
33 29 1
33 31 4
33 32 4
33 36 4
33 43 2
33 45 3
33 48 4
34 4 1
34 7 1
34 12 2
34 15 1
34 21 2
34 24 1
34 27 1
34 31 2
34 34 3
34 35 3
34 45 1
35 3 3
35 7 1
35 14 3
35 25 3
35 30 3
35 38 1
35 40 2
35 41 3
36 0 4
36 2 4
36 3 4
36 4 3
36 5 1
36 7 1
36 11 2
36 16 3
36 19 1
36 31 3
36 32 4
36 33 1
36 40 1
36 41 1
36 43 4
36 45 4
36 46 1
36 47 3
37 6 2
37 8 2
37 9 3
37 10 3
37 14 1
37 19 2
37 23 1
37 24 3
37 29 1
37 35 4
37 37 3
37 42 4
37 44 4
37 45 1
37 47 4
38 2 3
38 8 4
38 11 1
38 20 4
38 26 2
38 37 2
38 44 3
38 47 3
39 0 1
39 1 4
39 3 4
39 4 4
39 6 4
39 7 2
39 17 3
39 20 2
39 21 2
39 23 3
39 27 1
39 33 4
39 34 3
39 35 4
39 37 2
39 45 4
40 2 2
40 4 2
40 5 2
40 13 4
40 14 2
40 15 2
40 20 1
40 25 2
40 27 3
40 28 3
40 30 1
40 33 3
40 42 4
41 2 1
41 8 4
41 9 2
41 13 2
41 14 1
41 18 4
41 19 4
41 20 4
41 26 3
41 30 2
41 32 4
41 33 4
41 34 3
41 35 4
41 36 2
41 37 3
41 42 4
41 45 2
41 46 4
41 49 2
42 0 3
42 1 1
42 3 2
42 6 4
42 15 1
42 25 4
42 40 2
42 41 1
42 45 4
42 46 2
42 49 1
43 1 4
43 2 4
43 4 1
43 11 1
43 13 4
43 15 4
43 16 2
43 17 2
43 18 4
43 21 4
43 23 2
43 24 4
43 33 3
43 34 1
43 43 4
43 44 3
44 4 4
44 6 2
44 10 3
44 11 1
44 14 4
44 15 1
44 17 1
44 19 2
44 20 3
44 21 2
44 22 1
44 43 4
44 45 3
44 46 4
45 4 1
45 5 4
45 6 4
45 12 3
45 15 4
45 23 3
45 31 2
45 34 3
45 37 2
45 44 4
45 45 1
45 46 2
45 49 2
46 2 2
46 4 1
46 13 3
46 19 2
46 20 1
46 23 4
46 24 1
46 25 3
46 27 1
46 37 2
46 42 1
46 43 1
46 47 1
47 4 3
47 8 3
47 9 3
47 14 2
47 20 2
47 22 3
47 23 2
47 26 2
47 32 3
47 33 4
48 4 4
48 5 4
48 11 4
48 12 1
48 13 1
48 15 1
48 18 4
48 21 1
48 24 4
48 25 3
48 27 2
48 31 1
48 38 2
48 47 3
49 7 2
49 10 2
49 11 2
49 15 3
49 24 1
49 26 1
49 27 1
49 35 2
49 38 2
49 46 3
-1 
0 0 1021
0 5 1524
1 1 1540
1 4 3185
2 8 1663
2 9 3500
3 3 1108
4 8 2770
5 2 2675
5 3 163
6 0 2063
6 2 2734
7 3 1559
8 7 91
9 3 769
9 6 2404
-1 
0 168
1 458
2 364
3 54
4 144
5 226
6 184
7 94
8 311
9 68
10 326
11 263
12 241
13 445
14 463
15 411
16 169
17 285
18 359
19 193
20 183
21 183
22 345
23 176
24 109
25 452
26 150
27 22
28 229
29 58
30 98
31 167
32 460
33 208
34 451
35 362
36 462
37 221
38 94
39 247
40 462
41 151
42 110
43 428
44 238
45 40
46 485
47 245
48 121
49 89
-1 
0 859
1 997
2 103
3 454
4 588
5 998
6 238
7 578
8 838
9 716
10 339
11 293
12 697
13 667
14 704
15 478
16 726
17 1000
18 895
19 149
20 936
21 758
22 134
23 284
24 277
25 866
26 255
27 866
28 243
29 553
30 677
31 379
32 338
33 571
34 55
35 342
36 117
37 558
38 52
39 976
40 411
41 651
42 555
43 828
44 889
45 280
46 130
47 198
48 100
49 795
-1 
0 86400
1 86400
2 86400
3 86400
4 86400
5 86400
6 86400
7 86400
8 86400
9 86400
-1 
