6 86369
-2 NA
-1 2864
1 83536
-2 NA
5 86400
-2 NA
7 75212
3 11012
-2 NA
-2 NA
0 86384
-2 NA
9 86307
-2 NA
8 86374
-2 NA
4 86337
-2 NA
2 86311
-2 NA
-3 NA
6 86360
-2 NA
1 86374
-2 NA
-2 NA
5 86381
-2 NA
-2 NA
0 86368
-2 NA
9 86383
-2 NA
8 86333
-2 NA
4 86331
-2 NA
2 86358
-2 NA
-3 NA
6 86379
-2 NA
-2 NA
-2 NA
5 86386
-2 NA
-1 13378.8
-1 26757.5
-1 3344.69
-1 6689.38
-1 3344.69
1 32885
-2 NA
0 86396
-2 NA
9 86340
-2 NA
8 86389
-2 NA
4 86282
-2 NA
2 22870
-2 NA
-3 NA
6 86384
-2 NA
-2 NA
-2 NA
5 86323
-2 NA
1 39104
-1 2956
-1 11824
-1 23648
-1 2956
-1 5912
-2 NA
0 86388
-2 NA
9 86394
-2 NA
8 86396
-2 NA
4 86274
-2 NA
2 9680
-1 19180
-1 2397.5
-1 38360
-1 2397.5
-1 4795
-1 9590
-2 NA
-3 NA
