[]
2 48 13 100
2 20 47 100
3 6 25 100
5 27 6 100
5 3 46 100
5 6 25 100
6 27 6 100
6 3 22 100
6 7 26 99
6 48 13 100
7 27 6 100
7 27 24 100
8 27 42 150
8 45 34 150
8 3 46 100
8 20 47 100
8 6 25 100
9 3 22 100
9 30 28 100
9 6 25 100
10 27 44 150
10 31 8 100
11 27 24 100
11 3 35 150
11 29 17 99
11 7 26 99
11 38 44 99
11 48 13 100
11 41 42 100
12 27 6 100
12 45 15 100
12 3 22 100
12 7 26 99
13 27 25 148
13 45 4 100
13 38 44 99
13 41 42 100
14 45 31 100
14 38 44 99
14 30 41 100
14 48 13 100
14 31 8 100
15 27 42 150
15 45 31 100
15 3 22 100
15 20 47 100
15 6 25 100
16 45 34 150
16 3 46 100
16 29 17 99
16 30 28 100
16 48 13 100
17 7 26 99
17 20 47 100
17 6 25 100
18 27 6 100
18 27 24 100
18 45 15 100
18 7 14 99
19 27 44 150
19 45 31 100
19 29 17 99
19 7 0 100
20 27 24 100
20 45 15 100
20 45 31 100
20 45 34 150
20 3 22 100
20 48 13 100
20 20 47 100
21 31 8 100
22 45 31 100
22 30 28 100
22 20 47 100
23 27 24 100
23 45 4 100
23 45 15 100
23 3 46 100
23 29 23 99
23 38 44 99
23 48 13 100
24 27 11 100
24 45 37 100
24 3 22 100
24 38 44 99
25 45 15 100
25 3 46 100
25 38 44 99
25 30 41 100
26 3 22 100
26 30 41 100
26 41 42 100
27 27 44 150
27 45 34 150
27 7 26 99
27 41 42 100
27 6 25 100
28 3 46 100
28 38 44 99
28 48 13 100
28 6 25 100
29 27 42 150
29 45 31 100
29 3 22 100
29 30 28 100
29 30 41 100
29 20 41 100
29 20 47 100
30 27 24 100
30 45 34 150
30 29 17 99
30 7 26 99
30 38 44 99
30 41 42 100
30 31 8 100
31 27 6 100
31 45 31 100
31 29 17 99
31 26 17 100
32 3 22 100
32 29 17 99
32 29 35 100
32 48 13 100
32 20 47 100
33 45 37 100
33 3 36 99
33 3 46 100
33 29 36 150
33 9 27 150
33 49 27 100
33 24 27 100
33 41 42 100
34 45 4 100
34 45 15 100
34 38 44 99
34 30 41 100
34 48 13 100
35 27 24 100
35 45 31 100
35 45 37 100
35 7 14 99
35 20 47 100
36 45 15 100
36 3 22 100
36 3 46 100
36 38 44 99
37 27 6 100
37 27 24 100
37 3 22 100
37 30 28 100
38 29 17 99
38 30 41 100
38 20 41 100
39 45 31 100
39 3 22 100
39 48 13 100
39 20 47 100
40 45 15 100
40 45 37 100
40 7 26 99
41 27 24 100
41 27 42 150
41 7 14 99
41 20 47 100
42 27 6 100
42 45 31 100
42 29 35 100
43 27 24 100
43 45 37 100
43 38 47 150
43 30 28 100
43 41 42 100
44 27 44 150
44 31 8 100
45 45 34 150
45 29 17 99
45 7 26 99
45 48 13 100
45 41 42 100
45 20 47 100
46 27 6 100
46 27 24 100
46 45 15 100
46 3 22 100
46 29 17 99
46 7 26 99
47 29 23 99
48 45 34 150
48 7 26 99
48 38 44 99
48 20 47 100
49 27 11 100
49 27 43 100
49 45 15 100
49 45 37 100
49 3 46 100
50 27 24 100
50 45 31 100
50 38 47 150
50 30 28 100
51 27 6 100
51 45 31 100
51 45 37 100
51 3 22 100
51 7 14 99
52 27 11 100
52 27 42 150
52 3 36 99
52 29 17 99
52 29 35 100
52 29 36 150
52 26 17 100
53 45 31 100
53 3 48 150
53 29 17 99
53 48 13 100
53 41 42 100
53 31 8 100
54 27 24 100
54 45 15 100
54 3 22 100
54 20 47 100
55 3 46 100
55 29 35 100
55 38 44 99
55 41 42 100
56 45 37 100
56 29 26 148
56 9 27 150
56 49 27 100
56 30 41 100
56 24 27 100
56 48 13 100
57 27 24 100
57 3 22 100
57 20 47 100
58 27 6 100
58 27 11 100
58 45 15 100
58 45 31 100
58 30 28 100
59 45 31 100
59 38 44 99
59 30 41 100
59 31 8 100
60 45 31 100
60 3 39 150
60 30 41 100
60 26 39 100
60 20 39 150
60 20 41 100
60 2 39 100
61 27 42 150
61 45 31 100
61 3 22 100
61 29 35 100
61 7 48 100
61 20 47 100
62 27 6 100
62 27 25 148
62 45 31 100
62 41 42 100
63 27 6 100
63 27 24 100
63 45 15 100
63 48 13 100
64 7 26 99
64 41 42 100
64 31 8 100
64 20 47 100
64 6 25 100
65 27 6 100
65 45 34 150
65 30 28 100
65 30 41 100
66 27 6 100
66 45 15 100
66 45 37 100
66 3 22 100
66 7 26 99
66 48 13 100
66 6 25 100
67 45 37 100
67 7 26 99
67 30 41 100
67 41 42 100
68 27 11 100
68 20 47 100
69 3 22 100
69 20 47 100
69 6 25 100
70 27 6 100
70 27 11 100
70 45 34 150
70 3 36 99
70 29 23 99
70 29 36 150
70 7 26 99
71 27 24 100
71 45 15 100
71 3 46 100
71 29 35 100
71 9 33 100
72 27 6 100
72 3 22 100
72 29 35 100
72 30 28 100
72 30 41 100
72 20 41 100
73 27 42 150
73 45 31 100
73 45 37 100
73 3 36 99
73 29 17 99
73 29 36 150
73 48 13 100
74 27 11 100
74 27 44 150
74 45 37 100
74 7 26 99
74 14 15 99
75 7 26 99
75 31 8 100
75 20 47 100
75 6 25 100
76 27 6 100
76 27 25 148
76 45 31 100
76 45 45 100
77 45 15 100
77 45 34 150
77 3 36 99
77 29 36 150
77 20 47 100
78 27 6 100
78 3 22 100
78 29 35 100
79 27 11 100
79 27 24 100
79 7 26 99
79 38 44 99
79 30 28 100
80 27 6 100
80 3 22 100
80 29 17 99
80 48 13 100
80 41 42 100
80 31 8 100
81 27 24 100
81 45 15 100
81 45 31 100
81 38 44 99
82 27 6 100
82 45 34 150
82 3 36 99
82 3 46 100
82 29 36 150
82 48 13 100
82 20 47 100
83 3 22 100
83 41 42 100
83 6 25 100
84 45 15 100
84 45 31 100
84 20 47 100
85 45 45 100
85 38 44 99
85 30 28 100
86 27 24 100
86 45 37 100
86 3 22 100
86 3 46 100
86 7 48 100
87 45 15 100
87 45 31 100
87 29 35 100
87 7 14 99
87 6 25 100
88 29 26 148
88 29 35 100
88 48 13 100
88 20 47 100
89 38 47 150
89 6 25 100
90 27 24 100
90 27 42 150
90 27 44 150
90 45 37 100
90 3 39 150
90 26 39 100
90 20 39 150
90 2 39 100
91 45 4 100
91 45 15 100
91 45 31 100
91 3 36 99
91 29 17 99
91 29 36 150
91 7 48 100
91 38 44 99
91 26 17 100
92 3 22 100
92 7 26 99
92 38 44 99
92 41 42 100
93 27 11 100
93 29 17 99
94 27 24 100
94 29 17 99
94 9 33 100
94 7 26 99
94 48 13 100
94 41 42 100
94 31 8 100
94 20 47 100
95 3 46 100
95 29 23 99
95 30 28 100
96 27 6 100
96 27 24 100
96 45 15 100
96 45 37 100
96 9 27 150
96 49 27 100
96 24 27 100
96 48 27 100
96 26 27 100
96 16 27 100
97 45 37 100
97 7 26 99
97 20 47 100
98 27 6 100
98 45 15 100
98 45 34 150
98 3 46 100
98 29 17 99
98 6 25 100
99 27 6 100
99 27 11 100
99 45 31 100
99 3 22 100
99 29 17 99
99 31 8 100
100 30 41 100
100 48 13 100
100 20 47 100
101 29 17 99
101 7 26 99
101 30 41 100
101 26 17 100
102 27 6 100
102 27 25 148
102 45 15 100
102 45 31 100
102 3 22 100
102 29 17 99
103 27 6 100
103 27 42 150
103 30 28 100
103 30 41 100
103 48 13 100
103 20 41 100
104 27 24 100
104 45 31 100
104 45 37 100
104 41 42 100
105 3 39 150
105 3 48 150
105 29 17 99
105 7 26 99
105 26 39 100
105 41 42 100
105 20 39 150
105 20 47 100
105 2 39 100
106 3 22 100
106 7 26 99
106 7 48 100
106 30 41 100
106 48 13 100
107 27 11 100
107 27 42 150
107 7 48 100
107 38 47 150
107 26 34 100
108 3 35 150
108 30 41 100
108 20 47 100
109 27 6 100
109 27 11 100
109 27 24 100
109 45 4 100
109 3 22 100
109 7 26 99
110 9 27 150
110 49 27 100
110 24 27 100
110 41 42 100
110 31 8 100
111 27 6 100
111 41 42 100
111 6 25 100
112 45 37 100
112 29 17 99
112 29 26 148
112 30 28 100
112 20 47 100
113 27 6 100
113 45 15 100
113 45 34 150
113 3 22 100
113 30 13 150
113 30 41 100
113 20 41 100
114 7 26 99
115 27 24 100
115 45 15 100
115 45 37 100
115 3 22 100
115 3 46 100
115 29 17 99
115 38 44 99
115 48 13 100
115 26 17 100
116 29 35 100
116 20 47 100
117 27 24 100
117 45 31 100
117 3 22 100
118 3 46 100
118 29 35 100
118 38 44 99
118 48 13 100
119 27 6 100
119 27 42 150
119 29 17 99
119 7 48 100
119 20 47 100
120 27 6 100
120 27 11 100
120 27 24 100
120 45 37 100
120 3 22 100
120 7 26 99
120 41 42 100
121 45 15 100
121 45 31 100
121 29 35 100
121 9 33 100
121 30 28 100
121 6 25 100
122 45 4 100
122 45 31 100
122 41 42 100
122 31 8 100
123 27 24 100
123 45 31 100
123 45 37 100
123 7 14 99
123 20 47 100
124 27 11 100
124 29 17 99
124 7 26 99
124 20 47 100
125 45 15 100
125 3 22 100
126 27 6 100
126 27 24 100
126 27 42 150
126 29 23 99
126 48 13 100
127 27 6 100
127 27 19 148
127 3 22 100
127 3 46 100
128 27 24 100
128 45 37 100
128 30 28 100
129 27 44 150
129 45 34 150
129 3 22 100
129 3 46 100
129 41 42 100
130 45 31 100
130 48 13 100
130 41 42 100
130 31 8 100
130 20 47 100
130 6 25 100
131 27 19 148
131 45 15 100
131 45 34 150
131 3 36 99
131 29 36 150
131 7 26 99
131 20 47 100
132 27 6 100
132 41 42 100
133 27 6 100
133 27 24 100
133 45 37 100
133 48 13 100
133 31 8 100
134 27 19 148
134 45 31 100
134 30 28 100
134 30 41 100
135 45 15 100
135 3 22 100
135 29 35 100
135 7 26 99
135 30 41 100
135 20 47 100
136 27 11 100
136 27 42 150
136 3 36 99
136 29 36 150
136 7 26 99
136 8 36 99
137 45 37 100
137 9 27 150
137 49 27 100
137 24 27 100
137 48 13 100
137 41 42 100
137 20 47 100
138 27 24 100
138 7 26 99
138 38 44 99
138 41 42 100
138 31 8 100
139 27 25 148
139 9 27 150
139 49 27 100
139 24 27 100
139 48 27 100
139 26 27 100
139 16 27 100
139 20 47 100
140 3 46 100
140 38 44 99
141 27 6 100
141 27 11 100
141 3 22 100
141 7 26 99
142 45 15 100
142 3 36 99
142 29 36 150
142 7 26 99
142 38 44 99
143 27 24 100
143 45 31 100
143 3 22 100
143 30 28 100
144 45 37 100
144 3 22 100
144 38 47 150
144 48 13 100
144 14 15 99
146 27 24 100
146 27 42 150
146 45 4 100
146 29 35 100
147 29 35 100
147 9 27 150
147 49 27 100
147 30 41 100
147 24 27 100
147 48 27 100
147 26 27 100
147 41 42 100
147 20 47 100
148 27 24 100
148 45 37 100
148 30 13 150
148 41 42 100
148 20 47 100
149 27 24 100
149 45 4 100
149 3 35 150
150 27 11 100
150 27 24 100
150 27 42 150
150 29 35 100
150 20 47 100
151 29 35 100
151 48 13 100
151 41 42 100
152 45 4 100
152 29 35 100
152 30 41 100
152 4 19 100
152 41 42 100
153 27 24 100
153 45 37 100
153 20 47 100
154 27 24 100
154 27 42 150
154 45 37 100
154 3 35 150
154 38 47 150
154 48 13 100
155 27 32 100
155 29 35 100
155 30 41 100
155 4 19 100
155 41 42 100
156 27 24 100
156 29 35 100
156 7 8 150
156 30 28 100
156 41 42 100
157 27 24 100
157 45 37 100
157 29 35 100
157 38 47 150
157 48 13 100
158 27 24 100
158 27 42 150
159 45 37 100
159 3 35 150
159 38 47 150
159 30 41 100
159 48 13 100
159 41 42 100
160 29 35 100
160 48 13 100
160 41 42 100
161 45 37 100
161 29 35 100
161 48 13 100
161 20 47 100
162 27 11 100
162 27 24 100
162 27 42 150
162 45 37 100
162 3 36 99
162 29 35 100
162 30 41 100
163 45 4 100
163 38 47 150
163 41 42 100
164 3 35 150
164 30 13 150
164 30 41 100
164 41 42 100
165 45 4 100
165 29 35 100
165 9 27 150
165 49 27 100
165 30 41 100
165 24 27 100
165 48 13 100
165 48 27 100
165 26 27 100
165 41 42 100
165 16 27 100
165 20 47 100
166 29 35 100
166 20 47 100
167 27 42 150
167 29 35 100
167 30 41 100
168 30 13 150
168 30 41 100
168 41 42 100
168 20 47 100
169 27 11 100
169 45 4 100
169 3 35 150
169 3 36 99
169 30 41 100
169 41 42 100
170 27 24 100
170 38 47 150
170 48 13 100
171 27 24 100
171 27 42 150
171 45 4 100
171 29 35 100
171 30 13 150
171 20 47 100
172 29 35 100
173 45 37 100
173 29 35 100
173 30 13 150
173 30 41 100
173 41 42 100
174 27 24 100
174 41 42 100
174 20 47 100
175 45 37 100
175 3 35 150
175 30 41 100
176 27 42 150
176 45 37 100
176 29 35 100
176 7 8 150
176 30 13 150
176 20 47 100
177 27 24 100
177 29 35 100
177 30 41 100
177 48 13 100
177 41 42 100
178 27 11 100
178 27 24 100
178 45 37 100
178 29 35 100
178 41 42 100
178 20 47 100
179 27 32 100
179 20 47 100
180 45 4 100
180 3 35 150
180 3 36 99
180 38 8 148
180 4 19 100
181 27 42 150
181 29 35 100
181 30 28 100
181 30 41 100
182 45 37 100
182 29 35 100
182 30 41 100
182 48 13 100
182 41 42 100
182 20 47 100
183 27 24 100
183 29 35 100
183 30 13 150
183 41 42 100
184 27 11 100
184 27 24 100
184 45 37 100
185 27 24 100
185 45 37 100
185 3 35 150
185 30 13 150
185 20 47 100
186 27 42 150
186 45 4 100
186 29 35 100
186 30 41 100
186 48 13 100
187 27 24 100
187 3 46 100
187 30 13 150
187 41 42 100
187 20 47 100
188 3 48 150
188 29 35 100
188 41 42 100
188 20 47 100
189 27 24 100
189 45 37 100
189 29 35 100
189 30 41 100
190 27 24 100
190 27 42 150
190 45 4 100
190 30 13 150
190 20 47 100
191 3 35 150
191 41 42 100
192 27 24 100
192 29 35 100
192 48 13 100
192 41 42 100
192 20 47 100
193 27 11 100
193 27 24 100
193 45 4 100
193 29 35 100
194 27 24 100
194 45 37 100
194 29 35 100
194 38 47 150
194 41 42 100
195 27 24 100
195 30 13 150
195 20 47 100
196 27 42 150
196 45 37 100
196 3 35 150
196 3 36 99
196 30 41 100
196 4 19 100
197 27 24 100
197 29 35 100
197 48 13 100
197 41 42 100
197 31 8 100
198 29 35 100
198 30 13 150
198 30 41 100
198 41 42 100
198 20 47 100
199 45 37 100
199 29 35 100
200 27 42 150
200 45 37 100
200 30 41 100
200 20 47 100
201 3 35 150
201 48 13 100
201 41 42 100
201 31 8 100
202 27 24 100
202 45 37 100
202 29 35 100
202 30 13 150
202 41 42 100
202 20 47 100
203 45 37 100
203 29 35 100
203 30 13 150
203 30 41 100
203 20 47 100
204 27 42 150
204 45 4 100
204 29 35 100
204 30 28 100
204 20 47 100
205 9 27 150
205 49 27 100
205 7 8 150
205 30 41 100
205 24 27 100
205 48 27 100
205 26 27 100
205 41 42 100
206 27 24 100
206 3 35 150
206 48 13 100
206 41 42 100
206 20 47 100
207 27 24 100
207 27 32 100
207 29 35 100
207 23 32 99
208 27 24 100
208 27 42 150
208 45 37 100
208 29 35 100
208 20 47 100
209 27 24 100
209 45 4 100
209 29 35 100
209 9 27 150
209 49 27 100
209 24 27 100
209 48 27 100
209 26 27 100
209 41 42 100
210 27 24 100
210 45 37 100
210 38 47 150
210 30 13 150
210 41 42 100
211 3 35 150
211 9 27 150
211 49 27 100
211 30 41 100
211 24 27 100
211 48 27 100
211 26 27 100
211 16 27 100
211 20 47 100
212 27 24 100
212 27 42 150
212 29 35 100
212 48 13 100
213 27 24 100
213 45 37 100
213 29 35 100
213 41 42 100
213 20 47 100
214 45 4 100
214 29 35 100
214 41 42 100
214 20 47 100
215 3 36 99
215 30 41 100
215 48 13 100
216 27 11 100
216 27 42 150
216 3 35 150
216 30 41 100
216 20 47 100
217 27 24 100
217 45 37 100
217 29 35 100
217 41 42 100
217 20 47 100
218 27 11 100
218 45 37 100
218 29 35 100
218 30 41 100
218 48 13 100
218 41 42 100
219 29 35 100
219 30 13 150
219 4 19 100
219 41 42 100
220 27 24 100
220 45 4 100
220 38 47 150
221 27 11 100
221 27 24 100
221 27 42 150
221 45 37 100
221 3 35 150
221 30 28 100
222 45 37 100
222 29 35 100
222 30 41 100
222 41 42 100
222 31 8 100
223 29 35 100
223 38 47 150
223 30 41 100
223 41 42 100
224 27 24 100
224 27 32 100
224 29 35 100
225 27 11 100
225 27 42 150
225 30 13 150
225 20 47 100
226 27 24 100
226 45 37 100
226 3 35 150
226 30 13 150
226 41 42 100
226 31 8 100
227 27 24 100
227 45 4 100
227 29 35 100
227 30 13 150
227 41 42 100
227 20 47 100
228 45 37 100
228 29 35 100
228 30 41 100
228 20 47 100
229 27 11 100
229 27 24 100
229 27 42 150
229 29 35 100
230 27 24 100
230 7 8 150
230 41 42 100
230 20 47 100
231 27 24 100
231 45 37 100
231 3 35 150
231 3 36 99
231 41 42 100
232 45 4 100
232 29 35 100
232 48 13 100
232 4 19 100
233 27 42 150
233 29 35 100
233 30 13 150
233 30 41 100
233 20 47 100
234 27 24 100
234 29 35 100
234 30 13 150
234 41 42 100
235 27 24 100
235 30 28 100
235 41 42 100
235 20 47 100
236 45 37 100
236 3 35 150
236 30 41 100
236 20 47 100
237 27 24 100
237 27 42 150
237 45 4 100
237 29 35 100
238 45 37 100
238 29 35 100
238 31 8 100
239 27 24 100
239 29 35 100
239 30 13 150
239 41 42 100
239 31 8 100
239 20 47 100
240 27 24 100
240 45 4 100
240 30 13 150
240 41 42 100
241 27 11 100
241 27 24 100
241 3 35 150
241 3 36 99
241 38 47 150
242 27 42 150
242 29 35 100
242 30 13 150
242 30 41 100
243 45 37 100
243 29 35 100
243 30 41 100
243 41 42 100
243 20 47 100
244 45 37 100
244 29 35 100
244 41 42 100
245 9 27 150
245 49 27 100
245 7 8 150
245 38 47 150
245 30 41 100
245 24 27 100
245 48 13 100
245 48 27 100
245 26 27 100
245 41 42 100
246 45 37 100
246 3 35 150
247 27 42 150
247 45 4 100
247 29 35 100
247 30 41 100
247 20 47 100
248 27 11 100
248 45 37 100
248 29 35 100
248 41 42 100
248 31 8 100
249 29 35 100
249 38 47 150
249 30 41 100
249 48 13 100
249 41 42 100
250 30 41 100
251 27 42 150
251 45 37 100
251 3 35 150
251 48 13 100
251 20 47 100
252 45 37 100
252 29 35 100
252 30 41 100
252 41 42 100
252 20 47 100
253 45 4 100
253 29 35 100
253 30 28 100
253 30 41 100
253 41 42 100
254 3 36 99
254 29 35 100
254 30 41 100
254 48 13 100
254 20 47 100
255 27 24 100
255 27 32 100
255 27 42 150
256 27 24 100
256 27 32 100
256 3 35 150
256 9 27 150
256 49 27 100
256 24 27 100
256 48 27 100
256 4 19 100
256 26 27 100
256 41 42 100
256 16 27 100
256 23 32 99
257 27 24 100
257 29 35 100
257 48 13 100
257 41 42 100
257 20 47 100
258 45 4 100
258 29 35 100
258 31 8 100
259 27 24 100
259 27 42 150
259 45 37 100
259 29 35 100
259 30 41 100
259 20 47 100
260 30 13 150
260 41 42 100
260 20 47 100
261 3 35 150
261 30 41 100
261 41 42 100
262 27 11 100
262 27 24 100
262 45 37 100
262 29 35 100
262 20 47 100
263 27 24 100
263 29 35 100
263 48 13 100
264 27 42 150
264 45 4 100
264 29 35 100
264 20 47 100
265 9 27 150
265 49 27 100
265 30 41 100
265 24 27 100
265 48 27 100
265 26 27 100
265 41 42 100
266 27 11 100
266 27 24 100
266 45 4 100
266 45 31 100
266 41 42 100
266 20 47 100
267 27 24 100
267 45 37 100
267 3 35 150
267 3 36 99
268 27 24 100
268 27 42 150
268 38 47 150
268 30 13 150
269 29 35 100
269 30 28 100
269 30 41 100
269 41 42 100
270 27 11 100
270 27 24 100
270 45 37 100
270 29 35 100
270 38 47 150
270 41 42 100
271 45 4 100
271 3 46 100
271 30 13 150
271 30 41 100
271 41 42 100
271 20 47 100
272 27 24 100
272 45 37 100
272 29 35 100
272 7 8 150
273 27 11 100
273 27 42 150
273 20 47 100
274 45 37 100
274 3 35 150
274 30 13 150
274 41 42 100
275 27 24 100
275 45 37 100
275 29 35 100
275 38 47 150
275 41 42 100
275 31 8 100
276 27 24 100
276 29 35 100
276 30 41 100
277 27 11 100
277 27 24 100
277 27 32 100
277 27 42 150
277 29 35 100
277 30 13 150
277 31 8 100
277 20 47 100
278 41 42 100
279 45 4 100
279 3 35 150
279 30 13 150
279 30 41 100
279 41 42 100
279 20 47 100
280 27 24 100
280 45 37 100
280 29 35 100
280 7 8 150
281 27 24 100
281 29 35 100
281 30 13 150
281 20 47 100
282 27 24 100
282 27 42 150
282 29 35 100
282 20 47 100
283 45 37 100
283 30 41 100
283 48 13 100
283 41 42 100
284 27 11 100
284 45 37 100
284 3 35 150
284 9 27 150
284 49 27 100
284 38 47 150
284 24 27 100
284 48 27 100
284 26 27 100
284 41 42 100
285 3 36 99
285 29 35 100
285 30 41 100
285 20 47 100
286 27 42 150
286 45 4 100
286 29 35 100
286 31 8 100
287 27 24 100
287 45 37 100
287 29 35 100
287 48 13 100
287 41 42 100
287 20 47 100
288 27 24 100
288 41 42 100
288 31 8 100
290 45 4 100
290 30 28 100
290 30 41 100
290 20 47 100
291 45 37 100
291 3 36 99
291 3 46 100
291 4 19 100
292 27 24 100
292 48 13 100
292 20 47 100
293 3 46 100
293 30 41 100
294 27 11 100
294 30 41 100
294 4 46 99
294 20 47 100
295 27 24 100
295 45 37 100
295 30 13 150
296 45 37 100
296 3 46 100
296 30 41 100
296 20 47 100
297 27 24 100
297 45 4 100
297 30 13 150
298 3 46 100
298 7 8 150
298 48 13 100
299 27 24 100
299 30 13 150
299 20 47 100
300 27 11 100
300 45 37 100
300 3 46 100
300 30 41 100
300 20 47 100
301 45 37 100
302 45 4 100
302 3 46 100
302 30 13 150
302 30 41 100
302 20 47 100
303 27 24 100
303 30 13 150
304 27 24 100
304 45 37 100
304 3 46 100
304 4 19 100
304 20 47 100
305 30 28 100
305 30 41 100
306 27 24 100
306 45 4 100
306 3 46 100
306 30 13 150
306 31 8 100
306 20 47 100
307 27 24 100
307 48 13 100
307 31 8 100
308 27 11 100
308 27 24 100
308 45 37 100
308 3 46 100
308 48 13 100
308 20 47 100
309 45 37 100
309 30 13 150
309 20 47 100
310 27 24 100
310 3 46 100
311 45 4 100
311 30 41 100
311 48 13 100
311 20 47 100
312 27 11 100
312 27 24 100
312 3 46 100
313 27 24 100
313 20 47 100
314 27 24 100
314 45 37 100
314 3 36 99
314 3 46 100
314 7 8 150
314 48 13 100
315 27 24 100
315 45 37 100
316 27 24 100
316 3 46 100
316 20 47 100
317 45 37 100
317 38 47 150
318 27 11 100
318 27 24 100
318 45 37 100
318 3 46 100
318 30 13 150
319 27 24 100
319 45 4 100
319 3 36 99
319 38 47 150
320 3 46 100
320 30 41 100
321 45 37 100
321 30 13 150
321 30 41 100
321 20 47 100
322 3 46 100
323 45 37 100
323 30 41 100
323 48 13 100
323 31 8 100
323 20 47 100
324 27 11 100
324 45 37 100
324 3 46 100
324 30 41 100
325 38 47 150
325 48 13 100
326 3 46 100
326 30 41 100
326 20 47 100
327 45 4 100
327 30 13 150
327 30 41 100
328 27 24 100
328 45 37 100
328 30 13 150
328 31 8 100
328 20 47 100
329 45 37 100
329 30 13 150
330 27 24 100
330 30 41 100
330 20 47 100
331 27 24 100
331 45 37 100
332 27 24 100
332 45 37 100
332 38 47 150
332 48 13 100
333 27 11 100
333 48 13 100
334 45 37 100
334 3 36 99
334 30 41 100
334 20 47 100
335 27 24 100
335 30 28 100
335 20 47 100
336 27 24 100
336 48 13 100
337 45 37 100
337 48 13 100
337 4 19 100
338 27 24 100
338 45 4 100
338 20 47 100
339 27 11 100
339 30 13 150
339 30 41 100
340 27 24 100
340 38 47 150
341 27 24 100
341 45 37 100
342 45 4 100
342 7 8 150
342 30 13 150
342 30 41 100
342 20 47 100
343 3 36 99
344 27 11 100
344 27 24 100
344 30 13 150
344 31 8 100
344 20 47 100
345 27 24 100
345 45 4 100
345 30 13 150
346 27 24 100
346 45 37 100
346 4 19 100
347 27 6 100
347 27 24 100
347 45 37 100
347 48 13 100
347 20 47 100
348 27 24 100
349 27 24 100
349 45 37 100
349 20 47 100
350 45 37 100
350 30 13 150
350 30 41 100
350 20 47 100
352 27 24 100
352 45 37 100
352 48 13 100
352 20 47 100
353 27 11 100
353 27 24 100
353 45 37 100
353 30 28 100
353 31 8 100
354 27 24 100
354 30 41 100
354 20 47 100
355 27 43 100
355 45 37 100
356 27 24 100
356 30 13 150
356 20 47 100
357 45 4 100
357 3 36 99
357 38 47 150
357 48 13 100
358 27 24 100
359 30 41 100
359 20 47 100
360 45 4 100
360 30 41 100
360 48 13 100
361 27 24 100
361 45 37 100
361 20 47 100
362 45 37 100
362 7 8 150
363 27 24 100
363 3 36 99
363 48 13 100
363 20 47 100
364 27 24 100
364 20 47 100
365 27 24 100
365 45 37 100
366 27 24 100
366 45 4 100
366 48 13 100
366 20 47 100
367 27 24 100
367 27 32 100
367 30 13 150
368 31 8 100
368 20 47 100
369 27 24 100
369 30 13 150
369 30 41 100
370 27 24 100
370 45 37 100
370 3 36 99
371 20 47 100
372 27 24 100
372 45 4 100
372 48 13 100
372 31 8 100
373 45 37 100
373 38 47 150
373 30 41 100
374 30 13 150
374 30 41 100
375 27 24 100
375 45 4 100
375 30 28 100
375 20 47 100
376 30 13 150
376 30 41 100
377 27 11 100
377 45 4 100
377 20 47 100
378 27 24 100
378 45 37 100
378 30 12 100
378 30 13 150
378 30 41 100
379 4 19 100
379 41 42 100
380 27 24 100
380 27 42 150
380 45 4 100
380 38 47 150
380 30 13 150
381 38 47 150
381 41 42 100
382 27 24 100
382 27 42 150
382 30 13 150
383 27 24 100
383 45 12 150
383 45 37 100
383 30 13 150
384 27 24 100
384 45 4 100
384 30 13 150
384 41 42 100
384 20 47 100
385 27 42 150
385 45 37 100
385 7 8 150
385 30 13 150
385 30 41 100
386 27 11 100
386 30 41 100
386 41 42 100
386 20 47 100
387 27 24 100
387 27 42 150
387 48 13 100
387 20 47 100
388 27 11 100
388 45 37 100
388 41 42 100
388 31 8 100
389 27 24 100
389 27 42 150
389 48 13 100
389 31 8 100
389 20 47 100
390 27 11 100
390 45 4 100
390 3 36 99
390 30 41 100
390 41 42 100
390 20 47 100
391 27 42 150
391 30 41 100
391 20 47 100
392 27 24 100
392 45 37 100
392 41 42 100
392 20 47 100
393 27 42 150
393 45 37 100
393 48 13 100
394 27 24 100
394 7 8 150
394 30 13 150
394 41 42 100
394 20 47 100
395 27 24 100
395 27 42 150
395 48 13 100
396 27 24 100
396 27 42 150
396 45 4 100
396 20 47 100
397 45 37 100
397 41 42 100
397 20 47 100
398 27 24 100
398 27 42 150
398 45 37 100
398 30 13 150
398 30 41 100
399 30 13 150
399 4 19 100
399 41 42 100
400 27 42 150
400 30 41 100
400 31 8 100
400 20 47 100
401 45 4 100
401 45 12 150
401 30 13 150
401 20 47 100
402 27 11 100
402 45 37 100
402 30 28 100
402 30 41 100
402 4 19 100
402 41 42 100
403 27 24 100
403 27 42 150
403 45 37 100
404 48 13 100
404 41 42 100
404 20 47 100
405 27 24 100
405 27 42 150
405 30 41 100
406 45 37 100
406 41 42 100
406 31 8 100
406 20 47 100
407 27 42 150
407 45 4 100
407 38 47 150
407 30 41 100
407 48 13 100
408 30 28 100
408 41 42 100
409 27 24 100
409 27 42 150
409 45 4 100
409 30 13 150
409 30 41 100
409 20 47 100
410 27 11 100
410 48 13 100
410 41 42 100
411 27 24 100
411 27 42 150
411 20 47 100
412 45 37 100
412 30 41 100
412 48 13 100
412 41 42 100
413 27 42 150
413 45 4 100
413 30 41 100
413 48 13 100
413 20 47 100
414 27 24 100
414 45 37 100
414 41 42 100
415 27 11 100
415 27 42 150
415 30 41 100
415 20 47 100
416 27 24 100
416 41 42 100
416 20 47 100
417 27 6 100
417 27 42 150
417 3 36 99
417 48 13 100
418 45 37 100
418 30 13 150
418 30 41 100
418 41 42 100
418 20 47 100
419 27 24 100
419 27 42 150
419 45 37 100
420 45 4 100
420 41 42 100
420 20 47 100
421 27 24 100
421 27 42 150
421 30 28 100
421 48 13 100
422 27 42 150
422 7 8 150
422 30 41 100
422 20 47 100
423 45 37 100
423 41 42 100
423 20 47 100
424 27 42 150
424 45 37 100
424 30 13 150
424 30 41 100
424 20 47 100
425 27 24 100
425 48 13 100
425 41 42 100
426 27 24 100
426 27 42 150
426 45 37 100
426 20 47 100
427 27 24 100
427 45 37 100
427 41 42 100
427 20 47 100
428 27 24 100
428 27 42 150
428 45 4 100
428 30 13 150
428 31 8 100
429 27 24 100
429 48 13 100
429 41 42 100
429 20 47 100
430 27 42 150
430 30 41 100
431 27 11 100
431 45 4 100
431 41 42 100
431 20 47 100
432 27 24 100
432 45 37 100
432 30 28 100
432 20 47 100
434 27 42 150
434 3 46 100
434 30 41 100
435 27 24 100
435 45 37 100
435 48 13 100
435 41 42 100
435 20 47 100
436 27 42 150
436 45 37 100
436 3 46 100
436 30 41 100
436 48 13 100
437 27 11 100
437 27 24 100
437 41 42 100
437 20 47 100
438 27 42 150
438 45 37 100
438 3 46 100
438 30 41 100
438 48 13 100
438 20 47 100
439 30 13 150
439 41 42 100
440 27 24 100
440 27 42 150
440 45 37 100
440 3 46 100
440 38 47 150
440 30 13 150
440 31 8 100
441 27 6 100
441 45 4 100
441 3 36 99
441 30 41 100
441 41 42 100
442 27 42 150
442 3 46 100
442 30 41 100
443 4 19 100
443 41 42 100
444 27 24 100
444 27 42 150
444 45 37 100
444 3 46 100
444 30 13 150
444 30 41 100
444 20 47 100
445 45 37 100
445 48 13 100
445 41 42 100
446 27 42 150
446 3 46 100
446 20 47 100
447 27 11 100
447 27 24 100
447 45 37 100
447 30 41 100
447 41 42 100
448 27 24 100
448 27 42 150
448 3 46 100
448 30 13 150
448 20 47 100
449 27 42 150
449 45 4 100
449 4 46 99
450 3 36 99
450 30 41 100
450 41 42 100
450 20 47 100
451 27 11 100
451 27 24 100
451 27 42 150
451 45 37 100
451 7 8 150
451 30 13 150
451 20 47 100
452 45 4 100
452 30 41 100
452 41 42 100
453 27 24 100
453 27 42 150
453 30 28 100
453 20 47 100
454 30 13 150
454 41 42 100
455 27 24 100
455 27 42 150
455 45 4 100
455 38 47 150
455 48 13 100
456 27 24 100
456 45 37 100
456 30 41 100
456 4 19 100
456 41 42 100
457 27 42 150
457 30 13 150
457 31 8 100
458 27 11 100
458 45 4 100
458 48 13 100
458 41 42 100
458 20 47 100
459 27 24 100
459 27 42 150
459 38 47 150
459 30 13 150
460 30 41 100
460 41 42 100
460 20 47 100
461 27 24 100
461 27 42 150
461 45 37 100
461 20 47 100
462 27 24 100
462 45 37 100
462 41 42 100
463 27 24 100
463 27 42 150
463 48 13 100
463 20 47 100
464 27 24 100
464 45 37 100
464 41 42 100
465 27 11 100
465 27 42 150
465 45 4 100
465 30 41 100
465 48 13 100
465 20 47 100
466 45 37 100
466 30 41 100
466 41 42 100
466 20 47 100
467 27 24 100
467 27 42 150
467 3 36 99
467 48 13 100
467 31 8 100
467 20 47 100
468 30 13 150
468 41 42 100
468 20 47 100
469 27 24 100
469 27 42 150
469 45 37 100
469 30 28 100
470 27 24 100
470 45 4 100
470 38 47 150
470 30 13 150
470 41 42 100
471 27 42 150
472 27 24 100
472 45 4 100
472 30 13 150
472 41 42 100
472 20 47 100
473 27 24 100
473 27 42 150
473 45 37 100
473 7 8 150
474 27 24 100
474 27 42 150
474 4 19 100
475 45 4 100
475 30 41 100
475 48 13 100
475 41 42 100
475 20 47 100
476 27 42 150
476 30 41 100
476 20 47 100
477 30 13 150
477 30 41 100
477 41 42 100
478 27 42 150
478 20 47 100
479 45 37 100
479 30 13 150
479 30 41 100
479 41 42 100
479 20 47 100
480 27 11 100
480 27 42 150
480 20 47 100
481 45 37 100
481 30 13 150
481 30 41 100
481 41 42 100
482 27 42 150
482 45 4 100
482 30 41 100
482 31 8 100
482 20 47 100
483 45 37 100
483 41 42 100
483 31 8 100
484 27 11 100
484 27 42 150
484 38 47 150
484 30 28 100
485 27 24 100
485 30 13 150
485 41 42 100
486 27 24 100
486 27 42 150
486 45 37 100
486 38 47 150
486 48 13 100
487 27 24 100
487 45 37 100
487 30 41 100
487 48 13 100
487 41 42 100
488 27 24 100
488 27 42 150
488 30 13 150
489 45 37 100
489 7 8 150
489 41 42 100
489 20 47 100
490 27 11 100
490 27 42 150
490 45 37 100
490 30 41 100
491 38 47 150
491 30 41 100
491 48 13 100
491 41 42 100
492 27 11 100
492 27 24 100
492 27 42 150
492 45 37 100
492 3 36 99
492 4 19 100
493 27 24 100
493 48 13 100
493 41 42 100
493 20 47 100
494 27 32 100
494 27 42 150
494 23 32 99
495 45 37 100
495 38 47 150
495 48 13 100
495 41 42 100
496 27 42 150
496 45 4 100
496 30 41 100
496 20 47 100
497 27 24 100
497 45 37 100
497 41 42 100
498 27 32 100
498 27 42 150
498 30 13 150
498 30 41 100
498 31 8 100
498 20 47 100
499 27 24 100
499 27 42 150
499 48 13 100
499 20 47 100
500 27 24 100
500 45 37 100
500 30 28 100
501 27 24 100
501 27 32 100
501 38 47 150
501 30 13 150
501 31 8 100
502 27 24 100
502 45 37 100
502 30 13 150
502 20 47 100
503 27 24 100
504 3 36 99
504 30 41 100
504 20 47 100
505 45 37 100
505 48 13 100
506 27 11 100
506 27 24 100
506 45 37 100
506 20 47 100
507 30 13 150
507 30 41 100
507 20 47 100
508 45 37 100
509 45 37 100
509 30 41 100
510 27 24 100
510 7 8 150
510 38 47 150
511 27 24 100
511 45 4 100
511 48 13 100
512 27 24 100
512 31 8 100
512 20 47 100
513 45 4 100
513 30 41 100
513 48 13 100
514 45 37 100
514 38 47 150
514 48 13 100
515 3 36 99
515 30 41 100
515 20 47 100
516 45 37 100
516 30 41 100
517 45 37 100
517 30 13 150
517 4 19 100
517 20 47 100
518 27 24 100
518 30 28 100
518 48 13 100
518 31 8 100
519 45 37 100
519 4 19 100
520 45 37 100
520 38 47 150
520 30 13 150
520 30 41 100
521 27 24 100
522 45 37 100
522 30 41 100
522 48 13 100
522 20 47 100
524 27 24 100
524 45 37 100
524 7 8 150
524 20 47 100
525 27 32 100
525 3 36 99
525 30 41 100
525 48 13 100
525 23 32 99
526 27 24 100
526 30 13 150
526 31 8 100
526 20 47 100
527 45 37 100
527 30 41 100
527 48 13 100
527 20 47 100
528 27 32 100
529 30 41 100
529 48 13 100
529 20 47 100
530 27 24 100
530 45 37 100
531 27 24 100
531 45 37 100
531 20 47 100
532 27 24 100
532 45 4 100
532 48 13 100
532 31 8 100
533 27 11 100
533 48 13 100
533 20 47 100
534 30 28 100
534 30 41 100
534 20 47 100
535 27 24 100
535 45 4 100
535 7 8 150
536 27 11 100
536 27 24 100
536 38 47 150
537 27 24 100
537 45 37 100
537 30 13 150
537 20 47 100
538 27 24 100
538 45 37 100
538 20 47 100
539 27 11 100
539 27 24 100
539 30 13 150
539 20 47 100
540 27 24 100
540 20 47 100
541 45 4 100
541 30 13 150
542 38 47 150
543 45 37 100
543 30 41 100
543 20 47 100
544 45 37 100
544 3 36 99
544 48 13 100
544 20 47 100
545 27 11 100
545 30 41 100
545 48 13 100
545 20 47 100
546 27 24 100
546 45 4 100
547 27 24 100
547 31 8 100
547 20 47 100
548 45 37 100
548 30 41 100
548 48 13 100
548 31 8 100
549 27 11 100
549 27 24 100
549 45 4 100
549 30 13 150
549 20 47 100
550 45 37 100
550 7 8 150
551 38 47 150
551 30 41 100
552 3 36 99
552 30 41 100
553 27 24 100
553 45 37 100
553 48 13 100
553 20 47 100
554 27 24 100
554 45 4 100
555 30 13 150
555 20 47 100
556 27 24 100
557 27 24 100
557 45 4 100
557 30 28 100
557 48 13 100
558 27 11 100
558 3 36 99
558 30 41 100
558 20 47 100
559 27 24 100
559 27 32 100
559 48 13 100
559 31 8 100
559 20 47 100
560 45 37 100
560 30 41 100
560 31 8 100
561 27 32 100
561 23 32 99
561 20 47 100
562 27 11 100
562 30 41 100
562 20 47 100
563 45 4 100
563 30 41 100
563 48 13 100
563 20 47 100
564 27 24 100
564 45 37 100
565 27 11 100
565 48 13 100
565 20 47 100
566 27 24 100
566 20 47 100
567 27 32 100
567 30 41 100
567 4 19 100
568 27 24 100
568 45 4 100
568 30 13 150
568 20 47 100
569 48 13 100
570 27 24 100
570 45 4 100
570 48 13 100
570 20 47 100
571 30 41 100
572 27 24 100
572 45 37 100
572 30 13 150
572 20 47 100
573 27 24 100
573 45 37 100
573 3 36 99
573 20 47 100
574 27 24 100
574 45 4 100
574 48 13 100
575 30 13 150
575 30 41 100
575 20 47 100
576 27 24 100
576 30 13 150
576 20 47 100
0 [0, 0, 0, 0, 0, 0, 0, 0, 0, 0, 0]
1 [0, 0, 0, 0, 0, 0, 0, 0, 0, 0]
2 [0, 0, 0, 0, 0, 0, 75, 0, 0, 0]
3 [0, 0, 1000, 0, 0, 4350, 1353, 450, 4800, 450]
4 [0, 0, 525, 0, 0, 0, 0, 0, 66]
5 [0, 0, 0, 0, 0, 0, 0, 0, 0, 0]
6 [0, 0, 0, 0, 950, 0, 0, 0, 0]
7 [50, 0, 0, 3150, 198, 0, 0, 0, 1089, 0, 0, 0, 0, 0, 600]
8 [0, 0, 0, 0, 0, 0, 0, 0, 33, 0, 0, 0, 0, 0]
9 [0, 0, 0, 750, 300, 0, 0]
10 [0, 0, 0, 0, 0, 0, 0, 0, 0, 0, 0, 0, 0, 0]
11 [0, 0, 0, 0, 0, 0, 0, 0, 0, 0, 0, 0, 0, 0, 0, 0, 0, 0]
12 [0, 0, 0, 0, 0, 0, 0, 0, 0, 0, 0, 0, 0, 0, 0, 0, 0, 0, 0]
13 [0, 0, 0, 0, 0, 0, 0, 0, 0, 0]
14 [0, 0, 0, 0, 66, 0, 0, 0, 0, 0, 0, 0]
15 [0, 0, 0, 0, 0, 0, 0, 0, 0, 0, 0, 0, 0]
16 [0, 0, 0, 0, 0, 0, 250, 0, 0]
17 [0, 0, 0, 0, 0, 0, 0, 0, 0, 0, 0]
18 [0, 0, 0, 0, 0, 0, 0, 0, 0, 0]
19 [0, 0, 0, 0, 0, 0, 0, 0, 0, 0, 0, 0, 0]
20 [0, 0, 0, 0, 0, 225, 300, 0, 5850]
21 [0, 0, 0, 0, 0, 0, 0, 0, 0, 0, 0, 0, 0, 0, 0]
22 [0, 0, 0, 0, 0, 0, 0, 0, 0, 0]
23 [0, 0, 0, 0, 0, 0, 0, 0, 165, 0, 0, 0, 0, 0, 0]
24 [0, 0, 0, 0, 0, 0, 0, 0, 0, 0, 0, 0, 375, 0, 0, 0, 0, 0]
25 [0, 0, 0, 0, 0, 0, 0, 0, 0, 0, 0, 0]
26 [0, 0, 0, 0, 250, 0, 0, 0, 1100, 0, 50, 0, 75, 0, 0]
27 [0, 0, 1950, 0, 7100, 111, 0, 0, 6000, 185, 400, 16050, 50, 1050]
28 [0, 0, 0, 0, 0, 0, 0, 0, 0, 0, 0, 0, 0]
29 [0, 0, 0, 0, 825, 0, 0, 0, 165, 111, 0, 0, 4850, 1500, 0]
30 [0, 0, 0, 0, 50, 7500, 0, 0, 0, 0, 1050, 0, 4025, 0]
31 [0, 0, 2850, 0, 0, 0, 0, 0]
32 [0, 0, 0, 0, 0, 0, 0]
33 [0, 0, 0, 0, 0, 0, 0, 0, 0, 0, 0, 0, 0, 0]
34 [0, 0, 0, 0, 0, 0, 0, 0, 0, 0, 0]
35 [0, 0, 0, 0, 0, 0, 0, 0]
36 [0, 0, 0, 0, 0, 0, 0, 0, 0, 0, 0, 0, 0, 0, 0, 0, 0, 0]
37 [0, 0, 0, 0, 0, 0, 0, 0, 0, 0, 0, 0, 0, 0, 0]
38 [0, 37, 0, 0, 0, 0, 759, 2300]
39 [0, 0, 0, 0, 0, 0, 0, 0, 0, 0, 0, 0, 0, 0, 0, 0]
40 [0, 0, 0, 0, 0, 0, 0, 0, 0, 0, 0, 0, 0]
41 [0, 0, 0, 0, 0, 0, 0, 0, 0, 0, 0, 0, 0, 0, 0, 0, 3875, 0, 0, 0]
42 [0, 0, 0, 0, 0, 0, 0, 0, 0, 0, 0]
43 [0, 0, 0, 0, 0, 0, 0, 0, 0, 0, 0, 0, 0, 0, 0, 0]
44 [0, 0, 0, 0, 0, 0, 0, 0, 0, 0, 0, 0, 0, 0]
45 [8400, 0, 0, 100, 750, 0, 1750, 750, 9050, 0, 200, 0, 0]
46 [0, 0, 0, 0, 0, 0, 0, 0, 0, 0, 0, 0, 0]
47 [0, 0, 0, 0, 0, 0, 0, 0, 0, 0]
48 [0, 0, 0, 0, 12800, 0, 0, 0, 0, 0, 550, 0, 0, 0]
49 [0, 0, 0, 0, 0, 0, 1500, 0, 0, 0]
