[]
730 1 4 100
730 1 8 150
730 1 11 100
730 1 13 150
730 1 24 99
730 1 27 150
730 1 37 100
730 1 42 100
730 1 47 148
800 1 4 100
800 1 8 150
800 1 11 100
800 1 13 150
800 1 24 99
800 1 27 150
800 1 37 100
800 1 41 150
800 1 42 100
800 1 47 148
891 1 4 100
891 1 8 150
891 1 11 100
891 1 13 150
891 1 24 99
891 1 27 150
891 1 37 100
891 1 41 150
891 1 42 100
891 1 47 148
952 1 4 100
952 1 8 150
952 1 11 100
952 1 13 150
952 1 24 99
952 1 27 150
952 1 37 100
952 1 41 150
952 1 42 100
952 1 47 148
1025 1 4 100
1025 1 8 150
1025 1 11 100
1025 1 13 150
1025 1 24 99
1025 1 27 150
1025 1 37 100
1025 1 41 150
1025 1 42 100
1025 1 47 148
1104 1 4 100
1104 1 8 150
1104 1 11 100
1104 1 13 150
1104 1 24 99
1104 1 27 150
1104 1 37 100
1104 1 41 150
1104 1 42 100
1104 1 47 148
1215 1 4 100
1215 1 8 150
1215 1 11 100
1215 1 13 150
1215 1 24 99
1215 1 27 150
1215 1 37 100
1215 1 41 150
1215 1 42 100
1215 1 47 148
1301 1 4 100
1301 1 8 150
1301 1 11 100
1301 1 13 150
1301 1 24 99
1301 1 27 150
1301 1 37 100
1301 1 41 150
1301 1 42 100
1301 1 47 148
1346 32 13 100
1346 32 27 100
1346 32 28 150
1346 32 32 99
1346 32 36 148
1355 32 13 100
1355 32 27 100
1355 32 28 150
1355 32 36 148
1356 32 13 100
1356 32 27 100
1356 32 28 150
1357 32 13 100
1357 32 27 100
1358 32 13 100
1359 32 13 100
1360 32 13 100
1361 32 13 100
1362 32 13 100
1363 32 13 100
1364 32 13 100
1365 32 13 100
1366 32 13 100
1367 32 13 100
1368 32 13 100
1369 32 13 100
1370 32 13 100
1371 32 13 100
1372 32 13 100
1373 32 13 100
1374 32 13 100
1375 32 13 100
1376 32 13 100
1377 32 13 100
1378 32 13 100
1379 32 13 100
1396 32 13 100
1423 1 4 100
1423 1 8 150
1423 1 11 100
1423 1 24 99
1423 1 27 150
1423 1 37 100
1423 1 41 150
1423 1 42 100
1423 1 47 148
1541 27 4 150
1541 27 6 100
1541 27 11 100
1541 27 22 150
1541 27 24 100
1541 27 25 148
1541 27 42 150
1541 27 44 150
1541 45 4 100
1541 45 6 100
1541 45 12 150
1541 45 15 100
1541 45 31 100
1541 45 34 150
1541 45 37 100
1541 45 44 148
1541 3 15 150
1541 3 22 100
1541 3 35 150
1541 3 36 99
1541 3 39 150
1541 3 48 150
1541 29 6 148
1541 29 12 150
1541 29 17 99
1541 29 26 148
1541 9 15 150
1541 9 21 99
1541 49 11 100
1541 49 15 150
1541 49 24 100
1541 49 26 150
1541 7 4 150
1541 7 26 99
1541 7 34 148
1541 7 48 100
1541 38 11 100
1541 38 26 100
1541 38 37 150
1541 38 44 99
1541 38 47 150
1541 30 6 99
1541 30 11 148
1541 30 12 100
1541 30 26 148
1541 30 28 100
1541 30 34 150
1541 30 41 100
1541 24 6 100
1541 24 22 150
1541 24 24 100
1541 24 25 150
1541 24 34 150
1541 24 37 150
1541 24 44 150
1541 42 6 148
1541 42 15 100
1541 42 25 148
1541 42 41 150
1541 48 12 150
1541 48 15 150
1541 48 24 100
1541 48 25 150
1541 48 47 150
1541 4 12 100
1541 4 24 100
1541 26 17 100
1541 26 22 100
1541 26 24 150
1541 26 34 100
1541 26 39 100
1541 26 48 100
1541 41 26 99
1541 41 34 99
1541 41 37 150
1541 41 42 100
1541 31 8 100
1541 31 17 150
1541 31 24 150
1541 0 12 150
1541 0 17 100
1541 0 26 100
1541 0 34 100
1541 16 12 100
1541 16 17 100
1541 16 25 150
1541 23 15 150
1541 23 37 148
1541 23 41 150
1541 23 42 99
1541 23 44 150
1541 20 6 100
1541 20 22 150
1541 20 26 100
1541 20 39 150
1541 20 41 100
1541 20 44 148
1541 20 47 100
1541 21 22 148
1541 6 17 99
1541 6 22 150
1541 6 25 100
1541 6 42 150
1541 6 48 99
1541 19 31 99
1541 19 48 100
1541 33 6 100
1541 33 25 148
1541 33 48 148
1541 37 6 100
1541 37 24 150
1541 37 37 99
1541 37 42 148
1541 37 44 100
1541 37 47 100
1541 5 44 148
1541 28 24 148
1541 28 25 99
1541 28 42 100
1541 28 47 150
1541 28 48 100
1541 44 6 150
1541 44 15 150
1541 44 22 100
1541 12 6 148
1541 12 22 150
1541 12 24 100
1541 12 37 100
1541 12 48 99
1541 47 22 150
1541 47 26 150
1541 39 6 100
1541 39 34 99
1541 39 37 100
1541 11 26 150
1541 11 42 99
1541 17 12 100
1541 17 37 150
1541 8 24 100
1541 8 42 148
1541 8 44 148
1541 10 12 99
1541 10 22 150
1541 10 42 100
1541 10 48 148
1541 22 37 100
1541 22 39 148
1541 18 15 100
1541 18 39 150
1541 35 41 150
1541 2 12 99
1541 2 34 100
1541 2 39 100
1541 2 41 100
1541 15 6 99
1541 15 15 150
1541 15 22 148
1541 15 26 150
1541 15 39 100
1541 15 41 150
1541 15 44 100
1541 15 48 100
1541 43 15 148
1541 43 44 150
1541 13 12 150
1541 13 37 148
1541 34 12 100
1541 34 15 150
1541 25 39 150
1541 25 44 150
1541 1 37 100
1541 1 42 100
1541 1 47 148
1541 36 47 150
1541 40 15 150
1541 40 42 100
1541 14 12 150
1541 14 15 99
1541 14 26 100
1541 46 37 150
1541 46 42 100
1541 46 47 100
1542 27 6 100
1542 27 22 150
1542 27 44 150
1542 45 6 100
1542 45 12 150
1542 45 15 100
1542 45 37 100
1542 45 44 148
1542 3 15 150
1542 3 22 100
1542 3 39 150
1542 29 6 148
1542 29 12 150
1542 29 26 148
1542 9 15 150
1542 49 15 150
1542 49 26 150
1542 7 26 99
1542 38 26 100
1542 38 37 150
1542 38 44 99
1542 38 47 150
1542 30 6 99
1542 30 12 100
1542 30 26 148
1542 24 6 100
1542 24 22 150
1542 24 37 150
1542 24 44 150
1542 42 6 148
1542 42 15 100
1542 48 12 150
1542 48 15 150
1542 48 47 150
1542 4 12 100
1542 26 22 100
1542 26 39 100
1542 41 26 99
1542 41 37 150
1542 0 12 150
1542 0 26 100
1542 16 12 100
1542 23 15 150
1542 23 44 150
1542 20 6 100
1542 20 22 150
1542 20 26 100
1542 20 39 150
1542 20 47 100
1542 21 22 148
1542 6 22 150
1542 33 6 100
1542 37 37 99
1542 37 47 100
1542 28 47 150
1542 44 15 150
1542 44 22 100
1542 12 22 150
1542 47 22 150
1542 17 12 100
1542 10 12 99
1542 22 39 148
1542 2 12 99
1542 13 12 150
1542 34 12 100
1542 1 47 148
1542 36 47 150
1542 14 12 150
1542 46 47 100
1543 45 12 150
1543 29 12 150
1543 38 47 150
1543 30 12 100
1543 48 12 150
1543 48 47 150
1543 20 47 100
1543 37 47 100
1543 28 47 150
1543 1 47 148
1543 36 47 150
1543 46 47 100
0 [0, 0, 0, 150, 100, 0, 100, 0, 0, 0, 100]
1 [900, 1350, 900, 400, 297, 1350, 500, 600, 500, 444]
2 [66, 0, 0, 0, 50, 0, 25, 0, 100, 0]
3 [0, 150, 50, 0, 0, 150, 33, 300, 0, 150]
4 [50, 0, 0, 0, 25, 0, 0, 0, 0]
5 [0, 0, 0, 0, 0, 0, 0, 37, 0, 0]
6 [0, 0, 33, 300, 50, 0, 0, 75, 33]
7 [0, 150, 0, 0, 0, 0, 0, 0, 66, 0, 0, 37, 0, 0, 100]
8 [0, 0, 0, 0, 25, 0, 0, 0, 0, 37, 0, 37, 0, 0]
9 [0, 150, 33, 0, 0, 0, 0]
10 [0, 0, 0, 0, 66, 0, 0, 150, 0, 0, 0, 0, 100, 37]
11 [0, 0, 0, 0, 0, 0, 0, 0, 0, 50, 0, 0, 0, 0, 33, 0, 0, 0]
12 [0, 0, 0, 37, 0, 0, 0, 0, 0, 0, 0, 150, 25, 0, 0, 0, 25, 0, 33]
13 [0, 100, 0, 0, 0, 0, 0, 37, 0, 0]
14 [0, 0, 0, 150, 33, 0, 0, 0, 100, 0, 0, 0]
15 [33, 150, 0, 37, 0, 50, 0, 0, 50, 150, 25, 0, 50]
16 [0, 0, 100, 0, 100, 150, 0, 0, 0]
17 [0, 0, 200, 0, 0, 0, 0, 0, 0, 50, 0]
18 [0, 0, 100, 0, 0, 0, 0, 75, 0, 0]
19 [0, 0, 0, 0, 0, 0, 0, 0, 33, 0, 0, 0, 50]
20 [50, 0, 0, 300, 50, 150, 50, 37, 75]
21 [0, 0, 0, 0, 0, 74, 0, 0, 0, 0, 0, 0, 0, 0, 0]
22 [0, 0, 0, 0, 0, 0, 0, 0, 25, 74]
23 [0, 0, 0, 0, 0, 300, 0, 0, 0, 37, 0, 150, 33, 150, 0]
24 [0, 0, 0, 0, 50, 0, 0, 0, 0, 100, 100, 150, 0, 150, 0, 300, 0, 300]
25 [0, 0, 0, 0, 0, 0, 0, 0, 0, 75, 0, 50]
26 [0, 0, 0, 0, 50, 0, 200, 75, 0, 0, 50, 0, 50, 0, 100]
27 [0, 75, 100, 0, 100, 0, 0, 100, 25, 37, 0, 150, 0, 300]
28 [0, 0, 0, 0, 0, 0, 0, 37, 33, 0, 25, 450, 100]
29 [0, 74, 0, 450, 33, 0, 0, 0, 0, 74, 0, 0, 0, 0, 0]
30 [0, 0, 66, 37, 150, 0, 0, 0, 0, 74, 25, 50, 25, 0]
31 [0, 0, 50, 0, 0, 50, 0, 75]
32 [2700, 0, 200, 150, 33, 74, 0]
33 [0, 0, 100, 0, 0, 37, 0, 0, 0, 0, 0, 0, 0, 37]
34 [0, 0, 100, 150, 0, 0, 0, 0, 0, 0, 0]
35 [0, 0, 0, 0, 0, 0, 0, 50]
36 [0, 0, 0, 0, 0, 0, 0, 0, 0, 0, 0, 0, 0, 0, 0, 0, 0, 150]
37 [50, 0, 0, 0, 0, 0, 0, 50, 0, 0, 66, 37, 25, 0, 75]
38 [0, 0, 100, 0, 100, 150, 66, 150]
39 [0, 0, 0, 0, 25, 0, 0, 0, 0, 0, 0, 0, 33, 0, 50, 0]
40 [0, 0, 0, 0, 0, 75, 0, 0, 0, 0, 0, 0, 25]
41 [0, 0, 0, 0, 0, 0, 0, 0, 66, 0, 0, 0, 33, 0, 0, 100, 25, 0, 0, 0]
42 [0, 0, 0, 74, 200, 37, 0, 150, 0, 0, 0]
43 [0, 0, 0, 0, 0, 37, 0, 0, 0, 0, 0, 0, 0, 0, 0, 50]
44 [0, 75, 0, 0, 0, 300, 0, 0, 0, 0, 200, 0, 0, 0]
45 [100, 0, 50, 150, 50, 0, 50, 50, 100, 74, 0, 0, 0]
46 [0, 0, 0, 0, 0, 0, 0, 0, 0, 75, 100, 0, 300]
47 [0, 0, 0, 0, 0, 100, 0, 75, 0, 0]
48 [0, 0, 0, 450, 0, 300, 0, 0, 25, 50, 0, 0, 0, 150]
49 [0, 0, 50, 100, 100, 300, 0, 0, 0, 0]
