[]
2 20 47 100
2 32 13 100
3 6 25 100
5 3 46 100
5 6 25 100
5 12 6 148
6 0 26 100
6 3 22 100
6 15 6 99
6 32 13 100
7 1 24 99
8 0 34 100
8 1 42 100
8 3 46 100
8 6 25 100
8 20 47 100
9 3 22 100
9 6 25 100
9 21 28 100
10 5 44 148
10 10 8 100
11 0 17 100
11 0 26 100
11 1 24 99
11 1 42 100
11 3 35 150
11 15 44 100
11 32 13 100
12 0 26 100
12 0 34 100
12 3 22 100
12 12 6 148
12 14 15 99
13 0 4 100
13 1 42 100
13 6 25 100
13 15 44 100
14 1 42 100
14 2 41 100
14 8 31 150
14 10 8 100
14 15 44 100
14 32 13 100
15 1 42 100
15 3 22 100
15 6 25 100
15 12 31 99
15 20 47 100
16 0 17 100
16 0 34 100
16 3 46 100
16 21 28 100
16 32 13 100
17 0 26 100
17 6 25 100
17 20 47 100
18 1 24 99
18 7 14 99
18 14 15 99
18 15 6 99
19 0 0 100
19 0 17 100
19 5 44 148
19 12 31 99
20 0 34 100
20 1 24 99
20 3 22 100
20 12 31 99
20 14 15 99
20 20 47 100
20 32 13 100
21 10 8 100
22 0 34 100
22 20 47 100
22 21 28 100
23 0 4 100
23 1 24 99
23 3 46 100
23 10 23 100
23 14 15 99
23 15 44 100
23 32 13 100
24 1 11 100
24 1 37 100
24 3 22 100
24 15 44 100
25 1 41 150
25 3 46 100
25 14 15 99
25 15 44 100
26 1 42 100
26 2 41 100
26 3 22 100
27 0 26 100
27 0 34 100
27 1 42 100
27 5 44 148
27 6 25 100
28 3 46 100
28 6 25 100
28 15 44 100
28 32 13 100
29 1 41 150
29 1 42 100
29 3 22 100
29 8 31 150
29 20 47 100
29 21 28 100
30 0 17 100
30 0 26 100
30 0 34 100
30 1 24 99
30 1 42 100
30 10 8 100
30 15 44 100
31 0 17 100
31 0 34 100
31 6 17 99
31 12 6 148
31 12 31 99
32 0 17 100
32 3 22 100
32 11 35 100
32 20 47 100
32 32 13 100
33 1 27 150
33 1 37 100
33 1 42 100
33 3 36 99
33 3 46 100
33 5 27 150
33 8 36 99
34 0 4 100
34 1 41 150
34 14 15 99
34 15 44 100
34 32 13 100
35 1 24 99
35 1 37 100
35 7 14 99
35 12 31 99
35 20 47 100
36 3 22 100
36 3 46 100
36 14 15 99
37 1 24 99
37 3 22 100
37 15 6 99
37 21 28 100
38 0 17 100
38 1 41 150
38 1 42 100
39 3 22 100
39 12 31 99
39 20 47 100
39 32 13 100
40 0 26 100
40 1 37 100
40 5 44 148
40 14 15 99
41 1 24 99
41 1 42 100
41 7 14 99
41 20 47 100
42 8 31 150
42 11 35 100
42 15 6 99
43 1 24 99
43 1 37 100
43 1 42 100
43 1 47 148
43 21 28 100
44 10 8 100
44 14 15 99
44 15 44 100
45 0 17 100
45 0 26 100
45 0 34 100
45 1 42 100
45 20 47 100
45 32 13 100
46 0 17 100
46 0 26 100
46 1 24 99
46 3 22 100
48 0 26 100
48 0 34 100
48 10 23 100
48 15 44 100
48 20 47 100
49 1 11 100
49 1 37 100
49 3 46 100
49 8 43 99
49 14 15 99
50 1 24 99
50 1 47 148
50 12 31 99
50 21 28 100
51 1 37 100
51 3 22 100
51 7 14 99
51 12 6 148
51 12 31 99
51 14 15 99
52 0 17 100
52 1 11 100
52 1 42 100
52 3 36 99
52 6 17 99
52 8 36 99
52 10 36 100
52 11 35 100
53 0 17 100
53 1 42 100
53 3 48 150
53 10 8 100
53 12 31 99
53 15 6 99
53 32 13 100
54 1 24 99
54 3 22 100
54 20 47 100
55 1 42 100
55 3 46 100
55 11 35 100
55 15 44 100
56 0 26 100
56 1 27 150
56 1 37 100
56 1 42 100
56 2 41 100
56 5 27 150
56 6 27 148
56 32 13 100
57 1 24 99
57 3 22 100
57 20 47 100
58 1 11 100
58 12 31 99
58 14 15 99
58 21 28 100
59 1 41 150
59 10 8 100
60 1 41 150
60 2 39 100
60 3 39 150
60 8 31 150
60 14 15 99
60 15 39 100
60 18 39 150
61 1 42 100
61 3 22 100
61 6 48 99
61 11 35 100
61 12 31 99
61 20 47 100
62 1 42 100
62 6 25 100
62 11 25 100
62 12 6 148
62 12 31 99
63 0 26 100
63 0 34 100
63 1 24 99
63 15 6 99
63 32 13 100
64 1 42 100
64 6 25 100
64 10 8 100
64 20 47 100
65 0 26 100
65 0 34 100
65 2 41 100
65 21 28 100
66 1 37 100
66 3 22 100
66 6 25 100
66 12 6 148
66 14 15 99
66 32 13 100
67 0 26 100
67 1 37 100
67 1 41 150
67 1 42 100
67 15 6 99
68 0 26 100
68 1 11 100
68 1 47 148
69 3 22 100
69 6 25 100
69 12 31 99
70 0 34 100
70 1 11 100
70 3 36 99
70 8 36 99
70 10 23 100
70 15 6 99
71 1 24 99
71 3 46 100
71 5 44 148
71 9 33 100
71 11 35 100
71 14 15 99
72 0 26 100
72 1 41 150
72 3 22 100
72 11 35 100
72 21 28 100
73 0 17 100
73 1 37 100
73 1 42 100
73 3 36 99
73 8 36 99
73 10 36 100
73 20 47 100
73 32 13 100
74 1 11 100
74 1 37 100
74 14 15 99
74 15 44 100
75 0 26 100
75 6 25 100
75 10 8 100
76 0 34 100
76 6 25 100
76 8 31 150
76 9 45 100
76 12 6 148
77 0 26 100
77 0 34 100
77 1 47 148
77 3 36 99
77 8 36 99
77 10 36 100
77 14 15 99
78 3 22 100
78 11 35 100
78 15 6 99
79 1 11 100
79 1 24 99
79 14 15 99
79 15 44 100
79 21 28 100
80 0 17 100
80 1 42 100
80 3 22 100
80 10 8 100
80 32 13 100
81 1 24 99
81 12 31 99
81 15 44 100
82 0 34 100
82 3 36 99
82 3 46 100
82 8 36 99
82 12 6 148
82 20 47 100
82 32 13 100
83 0 26 100
83 1 42 100
83 3 22 100
83 6 25 100
84 12 31 99
84 14 15 99
84 20 47 100
85 9 45 100
85 15 44 100
85 21 28 100
86 1 24 99
86 1 37 100
86 3 22 100
86 3 46 100
86 6 48 99
86 14 15 99
87 6 25 100
87 7 14 99
87 11 35 100
87 12 31 99
88 1 47 148
88 11 35 100
88 32 13 100
89 1 42 100
89 6 25 100
89 20 47 100
90 0 26 100
90 1 24 99
90 1 37 100
90 1 42 100
90 2 39 100
90 3 39 150
90 5 44 148
90 15 39 100
90 18 39 150
91 0 4 100
91 0 17 100
91 3 36 99
91 6 48 99
91 8 36 99
91 10 36 100
91 14 15 99
91 15 44 100
92 0 26 100
92 1 42 100
92 3 22 100
92 15 44 100
93 0 17 100
93 1 11 100
93 1 24 99
93 6 17 99
93 15 6 99
94 0 17 100
94 0 26 100
94 1 42 100
94 9 33 100
94 10 8 100
94 20 47 100
94 32 13 100
95 0 34 100
95 3 46 100
95 14 15 99
95 21 28 100
96 1 24 99
96 1 27 150
96 1 37 100
96 5 27 150
96 6 27 148
96 8 27 150
97 1 37 100
97 10 23 100
97 20 47 100
98 0 17 100
98 0 34 100
98 3 46 100
98 6 25 100
98 12 6 148
98 14 15 99
99 0 17 100
99 1 11 100
99 1 24 99
99 3 22 100
99 8 31 150
99 10 8 100
99 15 6 99
100 0 26 100
100 2 41 100
100 20 47 100
100 32 13 100
101 0 17 100
101 0 26 100
101 1 41 150
101 6 17 99
101 14 15 99
102 0 17 100
102 3 22 100
102 6 25 100
102 11 25 100
102 12 31 99
102 15 6 99
103 1 41 150
103 1 42 100
103 21 28 100
103 32 13 100
104 1 37 100
104 1 42 100
104 12 6 148
104 12 31 99
105 0 17 100
105 0 26 100
105 1 42 100
105 1 47 148
105 2 39 100
105 3 39 150
105 3 48 150
105 15 39 100
105 18 39 150
106 1 42 100
106 2 41 100
106 3 22 100
106 6 48 99
106 32 13 100
107 0 34 100
107 1 11 100
107 1 42 100
107 1 47 148
107 6 48 99
108 0 26 100
108 1 41 150
108 3 35 150
109 0 4 100
109 0 26 100
109 1 11 100
109 1 24 99
109 3 22 100
109 15 6 99
110 1 27 150
110 1 42 100
110 5 27 150
110 10 8 100
110 11 27 100
110 12 31 99
111 1 42 100
111 6 25 100
111 20 47 100
112 0 17 100
112 0 26 100
112 1 37 100
112 14 15 99
112 21 28 100
113 0 34 100
113 1 13 150
113 1 41 150
113 3 22 100
113 12 6 148
114 0 26 100
114 1 24 99
114 14 15 99
114 20 47 100
115 0 17 100
115 1 37 100
115 3 22 100
115 3 46 100
115 15 44 100
115 32 13 100
116 11 35 100
117 1 24 99
117 3 22 100
117 12 31 99
117 20 47 100
118 3 46 100
118 11 35 100
118 14 15 99
118 32 13 100
119 0 17 100
119 0 26 100
119 1 24 99
119 1 42 100
119 6 17 99
119 6 48 99
119 15 6 99
120 1 11 100
120 1 37 100
120 1 42 100
120 3 22 100
121 6 25 100
121 9 33 100
121 11 35 100
121 12 6 148
121 21 28 100
122 0 4 100
122 1 42 100
122 1 47 148
122 8 31 150
122 10 8 100
123 1 24 99
123 1 37 100
123 7 14 99
123 12 31 99
124 0 17 100
124 0 26 100
124 1 11 100
124 1 42 100
124 20 47 100
125 1 24 99
125 3 22 100
125 14 15 99
126 1 42 100
126 15 6 99
126 32 13 100
127 0 34 100
127 3 22 100
127 3 46 100
127 4 19 100
127 15 6 99
128 1 24 99
128 1 37 100
128 5 44 148
128 14 15 99
128 21 28 100
129 0 34 100
129 1 42 100
129 3 22 100
129 3 46 100
129 15 44 100
130 1 42 100
130 6 25 100
130 10 8 100
130 12 31 99
130 20 47 100
130 32 13 100
131 0 26 100
131 0 34 100
131 3 36 99
131 4 19 100
131 7 19 148
131 8 36 99
131 20 47 100
132 1 24 99
132 1 42 100
133 0 26 100
133 1 37 100
133 10 8 100
133 12 6 148
133 32 13 100
134 2 41 100
134 4 19 100
134 12 31 99
134 21 28 100
135 1 41 150
135 1 47 148
135 3 22 100
135 11 35 100
135 14 15 99
136 0 26 100
136 0 34 100
136 1 11 100
136 1 42 100
136 3 36 99
136 8 36 99
136 10 36 100
137 1 27 150
137 1 37 100
137 1 42 100
137 5 27 150
137 11 27 100
137 20 47 100
137 32 13 100
138 0 26 100
138 1 24 99
138 1 42 100
138 10 8 100
138 15 44 100
139 0 26 100
139 1 27 150
139 5 27 150
139 6 25 100
139 6 27 148
139 11 27 100
139 20 47 100
140 3 46 100
140 14 15 99
140 15 44 100
141 1 11 100
141 1 24 99
141 1 42 100
141 3 22 100
141 15 6 99
142 0 26 100
142 3 36 99
142 8 36 99
142 10 36 100
143 3 22 100
143 21 28 100
144 1 37 100
144 3 22 100
144 14 15 99
144 20 47 100
144 32 13 100
146 0 4 100
146 1 24 99
146 1 42 100
146 11 35 100
147 1 27 150
147 1 42 100
147 5 27 150
147 6 27 148
147 8 27 150
147 11 35 100
147 20 47 100
148 1 13 150
148 1 24 99
148 1 37 100
148 1 42 100
148 20 47 100
149 0 4 100
149 1 24 99
149 2 41 100
149 3 35 150
150 1 11 100
150 1 24 99
150 1 42 100
150 1 47 148
150 11 35 100
151 1 24 99
151 1 42 100
151 11 35 100
151 32 13 100
152 0 4 100
152 1 42 100
152 2 41 100
152 4 19 100
152 11 35 100
153 1 24 99
153 1 37 100
153 1 42 100
153 20 47 100
154 1 37 100
154 1 42 100
154 3 35 150
154 20 47 100
154 32 13 100
155 1 42 100
155 3 32 100
155 4 19 100
155 11 35 100
156 1 8 150
156 1 24 99
156 1 42 100
156 11 35 100
156 21 28 100
157 1 24 99
157 1 37 100
157 1 47 148
157 11 35 100
157 32 13 100
158 1 24 99
158 1 42 100
158 2 41 100
159 1 37 100
159 1 42 100
159 1 47 148
159 3 35 150
159 32 13 100
160 1 24 99
160 1 42 100
160 11 35 100
160 20 47 100
160 32 13 100
161 1 37 100
161 1 42 100
161 2 41 100
161 11 35 100
161 17 13 148
162 1 11 100
162 1 24 99
162 1 37 100
162 1 42 100
162 3 36 99
162 11 35 100
162 20 47 100
163 0 4 100
163 1 42 100
163 2 41 100
164 1 13 150
164 1 42 100
164 2 41 100
164 3 35 150
164 20 47 100
165 0 4 100
165 1 27 150
165 1 42 100
165 5 27 150
165 6 27 148
165 8 27 150
165 11 35 100
166 1 47 148
166 2 41 100
166 11 35 100
167 1 42 100
167 2 41 100
167 11 35 100
167 20 47 100
168 1 13 150
168 1 42 100
169 0 4 100
169 1 11 100
169 1 41 150
169 1 42 100
169 3 35 150
169 3 36 99
169 20 47 100
170 1 13 150
170 1 24 99
170 1 42 100
171 0 4 100
171 1 13 150
171 1 42 100
171 1 47 148
171 11 35 100
172 11 35 100
173 1 13 150
173 1 37 100
173 1 42 100
173 2 41 100
173 11 35 100
174 1 24 99
174 1 42 100
174 1 47 148
175 1 37 100
175 2 41 100
175 3 35 150
176 1 8 150
176 1 13 150
176 1 37 100
176 1 42 100
176 11 35 100
176 20 47 100
177 1 24 99
177 1 42 100
177 2 41 100
177 11 35 100
177 32 13 100
178 1 11 100
178 1 24 99
178 1 37 100
178 1 42 100
178 11 35 100
178 20 47 100
179 0 32 150
180 0 4 100
180 1 24 99
180 1 42 100
180 3 35 150
180 3 36 99
180 4 19 100
180 10 8 100
181 1 42 100
181 2 41 100
181 11 35 100
181 20 47 100
181 21 28 100
182 1 37 100
182 1 42 100
182 2 41 100
182 11 35 100
182 32 13 100
183 1 13 150
183 1 24 99
183 1 42 100
183 11 35 100
184 1 11 100
184 1 24 99
184 1 37 100
184 1 47 148
185 1 13 150
185 1 37 100
185 3 35 150
186 0 4 100
186 1 42 100
186 2 41 100
186 10 8 100
186 11 35 100
186 17 13 148
186 20 47 100
187 1 24 99
187 1 42 100
187 3 46 100
187 32 13 100
188 1 42 100
188 3 48 150
188 11 35 100
188 20 47 100
189 1 24 99
189 1 37 100
189 1 42 100
189 2 41 100
189 11 35 100
190 0 4 100
190 1 13 150
190 1 24 99
190 1 42 100
190 1 47 148
191 1 24 99
191 1 42 100
191 3 35 150
191 32 13 100
192 1 24 99
192 1 42 100
192 11 35 100
192 20 47 100
193 0 4 100
193 1 11 100
193 1 24 99
193 3 36 99
193 11 35 100
194 1 37 100
194 1 42 100
194 1 47 148
194 11 35 100
195 1 13 150
195 1 24 99
196 1 37 100
196 1 42 100
196 2 41 100
196 3 35 150
196 4 19 100
196 32 13 100
197 1 24 99
197 1 42 100
197 11 35 100
197 20 47 100
198 1 13 150
198 1 42 100
198 2 41 100
198 11 35 100
198 20 47 100
199 1 37 100
199 1 42 100
199 11 35 100
200 1 37 100
200 1 41 150
200 1 42 100
200 20 47 100
201 1 8 150
201 1 24 99
201 1 42 100
201 3 35 150
201 32 13 100
202 1 13 150
202 1 24 99
202 1 37 100
202 1 42 100
202 11 35 100
202 20 47 100
203 1 13 150
203 1 37 100
203 11 35 100
204 0 4 100
204 1 42 100
204 1 47 148
204 2 41 100
204 11 35 100
204 21 28 100
205 1 27 150
205 1 42 100
205 5 27 150
205 6 27 148
205 8 27 150
205 10 8 100
205 20 47 100
206 1 24 99
206 1 42 100
206 2 41 100
206 3 35 150
206 32 13 100
207 1 24 99
207 1 42 100
207 3 32 100
207 11 35 100
207 20 47 100
208 1 37 100
208 1 42 100
208 3 36 99
208 11 35 100
209 0 4 100
209 1 24 99
209 1 27 150
209 1 42 100
209 5 27 150
209 6 27 148
209 8 27 150
209 11 35 100
209 20 47 100
210 1 13 150
210 1 24 99
210 1 37 100
210 1 42 100
210 20 47 100
211 1 24 99
211 1 27 150
211 3 35 150
211 5 27 150
211 6 27 148
211 11 27 100
212 1 24 99
212 1 42 100
212 11 35 100
212 20 47 100
212 32 13 100
213 1 24 99
213 1 37 100
213 1 42 100
213 11 35 100
213 20 47 100
214 0 4 100
214 1 42 100
214 2 41 100
214 11 35 100
214 20 47 100
215 1 42 100
215 2 41 100
215 32 13 100
216 1 11 100
216 1 42 100
216 3 35 150
216 20 47 100
217 1 24 99
217 1 37 100
217 1 42 100
217 11 35 100
217 20 47 100
218 1 11 100
218 1 37 100
218 1 41 150
218 1 42 100
218 11 35 100
218 32 13 100
219 1 13 150
219 1 42 100
219 4 19 100
219 10 8 100
219 11 35 100
220 0 4 100
220 1 24 99
220 20 47 100
221 1 11 100
221 1 37 100
221 1 42 100
221 3 35 150
221 21 28 100
222 1 37 100
222 1 41 150
222 1 42 100
222 11 35 100
223 1 42 100
223 1 47 148
223 11 35 100
224 0 32 150
224 1 24 99
224 1 42 100
224 3 36 99
224 11 35 100
224 20 47 100
225 1 11 100
225 1 13 150
225 1 24 99
225 1 42 100
226 1 8 150
226 1 13 150
226 1 24 99
226 1 37 100
226 1 42 100
226 3 35 150
226 20 47 100
227 0 4 100
227 1 13 150
227 1 24 99
227 1 42 100
227 11 35 100
228 1 37 100
228 1 41 150
228 11 35 100
228 20 47 100
229 1 11 100
229 1 24 99
229 1 42 100
229 11 35 100
230 1 24 99
230 1 42 100
230 1 47 148
230 10 8 100
231 1 37 100
231 1 42 100
231 3 35 150
231 32 13 100
232 0 4 100
232 1 24 99
232 1 42 100
232 4 19 100
232 11 35 100
233 1 13 150
233 1 42 100
233 2 41 100
233 11 35 100
233 20 47 100
234 1 13 150
234 1 24 99
234 1 42 100
234 10 8 100
234 11 35 100
235 1 24 99
235 1 42 100
235 20 47 100
235 21 28 100
236 1 37 100
236 2 41 100
236 3 35 150
237 0 4 100
237 1 24 99
237 1 42 100
237 1 47 148
237 11 35 100
238 1 37 100
238 11 35 100
239 1 8 150
239 1 13 150
239 1 24 99
239 1 42 100
239 11 35 100
240 0 4 100
240 1 13 150
240 1 24 99
240 1 42 100
240 20 47 100
241 1 11 100
241 1 42 100
241 3 35 150
241 3 36 99
241 20 47 100
242 1 13 150
242 1 41 150
242 1 42 100
242 11 35 100
243 1 37 100
243 1 42 100
243 11 35 100
243 20 47 100
244 1 37 100
244 1 42 100
244 2 41 100
244 11 35 100
245 1 27 150
245 1 42 100
245 1 47 148
245 5 27 150
245 6 27 148
245 8 27 150
245 10 8 100
245 32 13 100
246 1 24 99
246 1 37 100
246 3 35 150
246 10 8 100
247 0 4 100
247 1 41 150
247 1 42 100
247 11 35 100
247 20 47 100
247 32 13 100
248 1 11 100
248 1 37 100
248 1 42 100
248 11 35 100
249 1 42 100
249 1 47 148
249 2 41 100
249 11 35 100
250 1 42 100
250 2 41 100
251 1 37 100
251 1 42 100
251 3 35 150
251 20 47 100
251 32 13 100
252 1 37 100
252 1 41 150
252 1 42 100
252 11 35 100
253 0 4 100
253 1 42 100
253 1 47 148
253 11 35 100
253 21 28 100
254 1 41 150
254 3 36 99
254 11 35 100
254 32 13 100
255 0 32 150
255 1 24 99
255 1 42 100
255 20 47 100
256 1 24 99
256 1 27 150
256 1 42 100
256 3 32 100
256 3 35 150
256 4 19 100
256 5 27 150
256 6 27 148
256 8 27 150
257 1 24 99
257 1 42 100
257 11 35 100
257 32 13 100
258 0 4 100
258 1 8 150
258 1 42 100
258 11 35 100
258 20 47 100
259 1 24 99
259 1 37 100
259 1 42 100
259 2 41 100
259 11 35 100
260 1 13 150
260 1 42 100
260 1 47 148
261 1 41 150
261 1 42 100
261 3 35 150
262 1 11 100
262 1 24 99
262 1 37 100
262 11 35 100
262 20 47 100
263 11 35 100
263 32 13 100
264 0 4 100
264 1 24 99
264 1 42 100
264 11 35 100
264 20 47 100
265 1 27 150
265 1 42 100
265 5 27 150
265 6 27 148
265 8 27 150
266 0 4 100
266 1 11 100
266 1 24 99
266 1 42 100
266 2 41 100
266 8 31 150
266 20 47 100
267 1 24 99
267 1 37 100
267 1 42 100
267 3 35 150
267 3 36 99
267 20 47 100
268 1 13 150
268 1 24 99
268 1 42 100
269 1 42 100
269 2 41 100
269 11 35 100
269 20 47 100
269 21 28 100
270 1 11 100
270 1 24 99
270 1 37 100
270 1 42 100
270 11 35 100
270 20 47 100
271 0 4 100
271 1 13 150
271 1 42 100
271 3 46 100
271 20 47 100
272 1 24 99
272 1 37 100
272 10 8 100
272 11 35 100
273 1 11 100
273 1 42 100
273 2 41 100
273 10 8 100
273 20 47 100
274 1 13 150
274 1 37 100
274 1 42 100
274 3 35 150
275 1 24 99
275 1 37 100
275 1 42 100
275 1 47 148
275 11 35 100
276 1 24 99
276 1 42 100
276 11 35 100
277 0 32 150
277 1 8 150
277 1 11 100
277 1 13 150
277 1 24 99
277 1 42 100
277 11 35 100
277 20 47 100
278 1 42 100
278 2 41 100
279 0 4 100
279 1 13 150
279 1 42 100
279 3 35 150
279 20 47 100
280 1 24 99
280 1 37 100
280 10 8 100
280 11 35 100
281 1 13 150
281 1 24 99
281 11 35 100
281 20 47 100
282 1 24 99
282 1 42 100
282 10 8 100
282 11 35 100
282 20 47 100
283 1 37 100
283 1 41 150
283 1 42 100
283 32 13 100
284 1 11 100
284 1 27 150
284 1 37 100
284 1 42 100
284 1 47 148
284 3 35 150
284 5 27 150
284 6 27 148
284 8 27 150
285 1 42 100
285 2 41 100
285 3 36 99
285 11 35 100
285 20 47 100
286 0 4 100
286 1 42 100
286 11 35 100
287 1 24 99
287 1 37 100
287 1 42 100
287 11 35 100
287 20 47 100
287 32 13 100
288 1 8 150
288 1 24 99
288 1 42 100
290 0 4 100
290 1 47 148
290 2 41 100
290 21 28 100
291 1 37 100
291 3 36 99
291 3 46 100
291 4 19 100
292 1 24 99
292 32 13 100
293 1 41 150
293 3 46 100
293 20 47 100
294 1 11 100
294 4 46 99
295 1 13 150
295 1 24 99
295 1 37 100
295 20 47 100
296 1 37 100
296 1 41 150
296 3 46 100
297 0 4 100
297 1 13 150
297 1 24 99
297 20 47 100
298 3 46 100
298 10 8 100
298 32 13 100
299 1 13 150
299 1 24 99
299 20 47 100
300 1 11 100
300 1 37 100
300 2 41 100
300 3 46 100
301 1 37 100
301 10 8 100
301 20 47 100
302 0 4 100
302 1 13 150
302 2 41 100
302 3 46 100
303 1 13 150
303 1 24 99
303 20 47 100
304 1 24 99
304 1 37 100
304 3 46 100
304 4 19 100
305 2 41 100
305 20 47 100
305 21 28 100
306 0 4 100
306 1 13 150
306 1 24 99
306 3 46 100
307 1 8 150
307 1 24 99
307 1 47 148
307 32 13 100
308 1 11 100
308 1 24 99
308 1 37 100
308 3 46 100
308 32 13 100
309 1 13 150
309 1 24 99
309 1 37 100
309 20 47 100
310 3 46 100
311 0 4 100
311 2 41 100
311 20 47 100
311 32 13 100
312 1 11 100
312 1 24 99
312 3 36 99
312 3 46 100
313 1 24 99
313 20 47 100
314 1 24 99
314 1 37 100
314 3 46 100
314 10 8 100
314 20 47 100
314 32 13 100
315 1 24 99
315 1 37 100
315 10 8 100
316 1 24 99
316 3 46 100
317 1 24 99
317 1 37 100
317 1 47 148
317 3 36 99
318 1 11 100
318 1 13 150
318 1 37 100
318 3 46 100
319 0 4 100
319 1 24 99
319 1 47 148
320 2 41 100
320 3 46 100
321 1 13 150
321 1 37 100
321 2 41 100
321 20 47 100
322 3 46 100
323 1 37 100
323 1 47 148
323 2 41 100
323 32 13 100
324 1 11 100
324 1 37 100
324 2 41 100
324 3 46 100
325 20 47 100
325 32 13 100
326 2 41 100
326 3 36 99
326 3 46 100
326 20 47 100
327 0 4 100
327 1 13 150
327 2 41 100
328 1 8 150
328 1 13 150
328 1 24 99
328 1 37 100
328 20 47 100
329 1 13 150
329 1 37 100
330 1 24 99
330 1 47 148
330 2 41 100
331 1 24 99
331 1 37 100
332 1 24 99
332 1 37 100
332 20 47 100
332 32 13 100
333 1 11 100
333 1 24 99
333 32 13 100
334 1 37 100
334 2 41 100
334 20 47 100
335 20 47 100
335 21 28 100
335 32 13 100
336 1 24 99
337 1 37 100
337 4 19 100
337 32 13 100
338 0 4 100
338 1 24 99
338 1 47 148
339 1 11 100
339 1 13 150
339 1 41 150
340 1 24 99
340 20 47 100
341 1 24 99
341 1 37 100
341 32 13 100
342 0 4 100
342 10 8 100
342 20 47 100
342 32 13 100
343 1 24 99
343 3 36 99
343 10 8 100
344 1 11 100
344 1 24 99
344 1 47 148
344 32 13 100
345 0 4 100
345 1 13 150
345 2 41 100
346 1 24 99
346 1 37 100
346 4 19 100
347 1 24 99
347 1 37 100
347 12 6 148
347 20 47 100
347 32 13 100
348 1 24 99
349 1 24 99
349 1 37 100
349 20 47 100
350 1 13 150
350 1 37 100
350 2 41 100
351 1 24 99
351 20 47 100
352 1 24 99
352 1 37 100
352 32 13 100
353 1 8 150
353 1 11 100
353 1 37 100
353 20 47 100
353 21 28 100
354 1 24 99
354 20 47 100
355 1 37 100
355 8 43 99
356 1 13 150
356 1 24 99
356 20 47 100
357 0 4 100
357 2 41 100
357 3 36 99
357 20 47 100
357 32 13 100
358 1 24 99
359 2 41 100
359 20 47 100
360 0 4 100
360 32 13 100
361 1 24 99
361 1 37 100
361 1 47 148
362 1 24 99
362 1 37 100
362 10 8 100
363 1 24 99
363 2 41 100
363 3 36 99
363 20 47 100
363 32 13 100
365 1 24 99
365 1 37 100
365 20 47 100
366 0 4 100
366 1 24 99
366 32 13 100
367 0 32 150
367 1 13 150
367 1 24 99
367 10 8 100
367 20 47 100
368 1 24 99
368 20 47 100
369 1 13 150
369 1 24 99
370 1 24 99
370 1 37 100
370 3 36 99
371 2 41 100
371 20 47 100
372 0 4 100
372 1 8 150
372 32 13 100
373 1 37 100
373 2 41 100
373 20 47 100
374 1 13 150
375 0 4 100
375 1 24 99
375 20 47 100
375 21 28 100
376 1 13 150
376 1 41 150
376 20 47 100
377 0 4 100
377 1 11 100
378 1 13 150
378 1 24 99
378 1 37 100
378 2 12 99
378 2 41 100
378 20 47 100
379 1 42 100
379 4 19 100
380 0 4 100
380 1 13 150
380 1 24 99
380 1 42 100
380 20 47 100
381 1 24 99
381 1 42 100
381 20 47 100
382 1 13 150
382 1 24 99
382 1 42 100
382 10 42 100
383 0 12 150
383 1 13 150
383 1 24 99
383 1 37 100
384 0 4 100
384 1 13 150
384 1 24 99
384 1 42 100
384 20 47 100
385 1 13 150
385 1 37 100
385 1 41 150
385 1 42 100
385 10 8 100
386 1 11 100
386 1 42 100
386 1 47 148
386 10 8 100
387 1 42 100
387 10 42 100
387 20 47 100
387 32 13 100
388 1 11 100
388 1 37 100
388 1 42 100
388 2 41 100
389 1 8 150
389 1 24 99
389 1 42 100
389 20 47 100
389 32 13 100
390 0 4 100
390 1 11 100
390 1 42 100
390 3 36 99
391 1 41 150
391 1 42 100
391 1 47 148
391 10 42 100
392 1 24 99
392 1 37 100
392 1 42 100
392 20 47 100
393 1 24 99
393 1 37 100
393 1 42 100
393 20 47 100
393 32 13 100
394 1 13 150
394 1 24 99
394 1 42 100
394 10 8 100
395 1 24 99
395 1 42 100
395 10 42 100
395 20 47 100
395 32 13 100
396 0 4 100
396 1 24 99
396 1 42 100
396 10 8 100
397 1 37 100
397 1 42 100
397 20 47 100
398 1 13 150
398 1 37 100
398 1 42 100
398 2 41 100
398 10 42 100
399 1 13 150
399 1 42 100
399 4 19 100
400 1 42 100
400 2 41 100
400 20 47 100
401 0 4 100
401 0 12 150
401 1 13 150
401 20 47 100
402 1 11 100
402 1 37 100
402 1 41 150
402 1 42 100
402 4 19 100
402 21 28 100
403 1 24 99
403 1 37 100
403 1 42 100
403 10 42 100
403 20 47 100
404 1 24 99
404 1 42 100
404 32 13 100
405 1 24 99
405 1 42 100
405 20 47 100
406 1 8 150
406 1 37 100
406 1 42 100
406 2 41 100
407 0 4 100
407 1 42 100
407 1 47 148
407 10 42 100
407 32 13 100
408 1 42 100
408 2 41 100
408 21 28 100
409 0 4 100
409 1 13 150
409 1 24 99
409 1 42 100
409 20 47 100
410 1 11 100
410 1 42 100
410 2 41 100
410 32 13 100
411 1 24 99
411 1 42 100
411 1 47 148
411 10 42 100
412 1 37 100
412 1 42 100
412 2 41 100
412 32 13 100
413 0 4 100
413 1 42 100
413 20 47 100
413 32 13 100
414 1 24 99
414 1 37 100
414 1 42 100
415 1 11 100
415 1 41 150
415 1 42 100
415 3 36 99
415 10 42 100
415 20 47 100
416 1 42 100
417 1 42 100
417 15 6 99
417 20 47 100
417 32 13 100
418 1 13 150
418 1 37 100
418 1 42 100
418 2 41 100
419 1 24 99
419 1 37 100
419 1 42 100
419 1 47 148
419 10 42 100
420 0 4 100
420 1 24 99
420 1 42 100
421 1 24 99
421 1 42 100
421 20 47 100
421 21 28 100
421 32 13 100
422 1 42 100
422 2 41 100
422 10 8 100
422 10 42 100
423 1 37 100
423 1 42 100
423 1 47 148
424 1 13 150
424 1 37 100
424 1 41 150
424 1 42 100
425 1 24 99
425 1 42 100
425 20 47 100
425 32 13 100
426 1 24 99
426 1 37 100
426 1 42 100
426 10 8 100
426 10 42 100
426 20 47 100
427 1 24 99
427 1 37 100
427 1 42 100
427 20 47 100
428 0 4 100
428 1 13 150
428 1 42 100
429 1 24 99
429 1 42 100
429 20 47 100
429 32 13 100
430 1 24 99
430 1 42 100
430 10 42 100
431 0 4 100
431 1 11 100
431 1 42 100
431 2 41 100
431 20 47 100
432 1 24 99
432 1 37 100
432 21 28 100
434 1 42 100
434 1 47 148
434 2 41 100
434 3 46 100
435 1 24 99
435 1 37 100
435 1 42 100
435 3 36 99
435 32 13 100
436 1 37 100
436 1 42 100
436 3 46 100
436 10 42 100
436 20 47 100
436 32 13 100
437 1 11 100
437 1 24 99
437 1 42 100
437 2 41 100
438 1 37 100
438 1 42 100
438 1 47 148
438 3 46 100
438 32 13 100
439 1 13 150
439 1 42 100
439 2 41 100
440 1 8 150
440 1 13 150
440 1 24 99
440 1 37 100
440 1 42 100
440 3 46 100
440 10 42 100
440 20 47 100
441 0 4 100
441 1 42 100
442 1 41 150
442 1 42 100
442 3 46 100
443 1 42 100
443 4 19 100
444 1 13 150
444 1 37 100
444 1 42 100
444 1 47 148
444 2 41 100
444 3 46 100
444 10 42 100
445 1 37 100
445 1 42 100
445 32 13 100
446 1 24 99
446 1 42 100
446 3 46 100
446 20 47 100
447 1 11 100
447 1 24 99
447 1 37 100
447 1 42 100
447 2 41 100
448 1 13 150
448 1 24 99
448 1 42 100
448 3 46 100
448 10 42 100
448 20 47 100
449 0 4 100
449 1 42 100
449 3 36 99
449 4 46 99
450 1 42 100
450 2 41 100
450 20 47 100
451 1 11 100
451 1 13 150
451 1 24 99
451 1 37 100
451 1 42 100
451 10 8 100
451 10 42 100
452 0 4 100
452 1 42 100
452 1 47 148
452 2 41 100
452 10 8 100
453 1 24 99
453 1 42 100
453 21 28 100
454 1 13 150
454 1 42 100
454 20 47 100
455 0 4 100
455 1 24 99
455 1 42 100
455 10 42 100
455 20 47 100
455 32 13 100
456 1 37 100
456 1 42 100
456 2 41 100
456 4 19 100
457 1 13 150
457 1 42 100
458 0 4 100
458 1 11 100
458 1 24 99
458 1 42 100
458 20 47 100
458 32 13 100
459 1 13 150
459 1 24 99
459 1 42 100
459 10 42 100
459 20 47 100
460 1 42 100
460 1 47 148
460 2 41 100
461 1 24 99
461 1 37 100
461 1 42 100
461 20 47 100
462 1 24 99
462 1 37 100
462 1 42 100
463 1 24 99
463 1 42 100
463 10 42 100
463 20 47 100
463 32 13 100
464 1 24 99
464 1 37 100
464 1 42 100
465 0 4 100
465 1 11 100
465 1 13 150
465 1 42 100
465 2 41 100
465 20 47 100
466 1 37 100
466 1 42 100
466 2 41 100
466 20 47 100
467 1 8 150
467 1 42 100
467 3 36 99
467 10 42 100
468 1 13 150
468 1 24 99
468 1 42 100
468 1 47 148
469 1 24 99
469 1 37 100
469 1 42 100
469 20 47 100
469 21 28 100
470 0 4 100
470 1 13 150
470 1 24 99
470 1 42 100
470 20 47 100
471 1 42 100
471 10 42 100
472 0 4 100
472 1 13 150
472 1 24 99
472 1 42 100
472 20 47 100
473 1 24 99
473 1 37 100
473 1 42 100
473 10 8 100
473 32 13 100
474 1 24 99
474 1 42 100
474 4 19 100
474 10 8 100
474 10 42 100
475 0 4 100
475 1 41 150
475 1 42 100
475 20 47 100
476 1 42 100
476 20 47 100
476 32 13 100
477 1 13 150
477 1 41 150
477 1 42 100
478 1 42 100
478 10 42 100
478 20 47 100
479 1 13 150
479 1 37 100
479 1 42 100
479 2 41 100
479 20 47 100
480 1 11 100
480 1 42 100
480 20 47 100
481 1 37 100
481 1 41 150
481 1 42 100
481 32 13 100
482 0 4 100
482 1 42 100
482 10 42 100
482 20 47 100
483 1 8 150
483 1 37 100
483 1 42 100
484 1 11 100
484 1 42 100
484 1 47 148
484 2 41 100
484 21 28 100
485 1 13 150
485 1 24 99
485 1 42 100
486 1 24 99
486 1 37 100
486 1 42 100
486 1 47 148
486 10 42 100
486 32 13 100
487 1 24 99
487 1 37 100
487 1 42 100
487 32 13 100
488 1 13 150
488 1 24 99
488 1 42 100
489 1 37 100
489 1 42 100
489 2 41 100
489 10 8 100
489 20 47 100
490 1 11 100
490 1 37 100
490 1 42 100
490 2 41 100
490 10 42 100
491 1 42 100
491 1 47 148
491 32 13 100
492 1 11 100
492 1 24 99
492 1 37 100
492 1 42 100
492 3 36 99
492 4 19 100
493 1 24 99
493 1 42 100
493 20 47 100
493 32 13 100
494 1 42 100
494 3 32 100
494 10 8 100
494 10 42 100
495 1 37 100
495 1 42 100
495 1 47 148
495 2 41 100
495 32 13 100
496 0 4 100
496 1 42 100
496 2 41 100
496 20 47 100
497 1 24 99
497 1 37 100
497 1 42 100
498 0 32 150
498 1 13 150
498 1 42 100
498 10 42 100
498 20 47 100
499 1 24 99
499 1 42 100
499 20 47 100
499 32 13 100
500 1 24 99
500 1 37 100
500 21 28 100
501 0 32 150
501 1 8 150
501 1 13 150
501 1 24 99
501 1 47 148
502 1 13 150
502 1 24 99
502 1 37 100
502 20 47 100
503 1 24 99
503 2 41 100
504 3 36 99
504 20 47 100
504 32 13 100
505 1 37 100
506 1 11 100
506 1 24 99
506 1 37 100
506 20 47 100
507 1 13 150
507 1 41 150
507 20 47 100
508 1 37 100
509 1 37 100
509 2 41 100
509 20 47 100
510 1 24 99
510 10 8 100
510 32 13 100
511 0 4 100
511 1 24 99
511 10 8 100
511 20 47 100
512 1 24 99
513 0 4 100
513 2 41 100
513 20 47 100
513 32 13 100
514 1 37 100
514 17 13 148
514 20 47 100
515 2 41 100
515 3 36 99
515 20 47 100
516 1 37 100
516 2 41 100
517 1 13 150
517 1 37 100
517 4 19 100
517 20 47 100
518 1 8 150
518 1 24 99
518 20 47 100
518 21 28 100
519 1 24 99
519 1 37 100
519 4 19 100
520 1 13 150
520 1 37 100
520 2 41 100
521 20 47 100
521 32 13 100
522 1 37 100
522 2 41 100
523 20 47 100
524 1 24 99
524 1 37 100
524 10 8 100
524 32 13 100
525 1 41 150
525 3 32 100
525 3 36 99
525 10 8 100
525 20 47 100
526 1 13 150
526 1 24 99
526 20 47 100
527 1 13 150
527 1 37 100
528 0 32 150
528 2 41 100
528 20 47 100
529 32 13 100
530 1 24 99
530 1 37 100
530 20 47 100
531 1 24 99
531 1 37 100
532 0 4 100
532 1 8 150
532 1 24 99
532 20 47 100
532 32 13 100
533 1 11 100
533 1 24 99
533 20 47 100
533 32 13 100
534 1 41 150
534 21 28 100
535 0 4 100
535 10 8 100
535 20 47 100
536 1 11 100
536 1 24 99
536 20 47 100
537 1 13 150
537 1 24 99
537 1 37 100
537 20 47 100
538 1 24 99
538 1 37 100
538 20 47 100
539 1 11 100
539 1 13 150
539 1 24 99
539 20 47 100
540 1 24 99
540 20 47 100
541 0 4 100
541 1 13 150
541 10 8 100
542 1 24 99
542 1 47 148
543 1 37 100
543 1 47 148
543 2 41 100
543 3 36 99
544 1 37 100
544 32 13 100
545 1 11 100
545 1 41 150
545 1 47 148
545 32 13 100
546 0 4 100
547 1 24 99
547 20 47 100
548 1 8 150
548 1 13 150
548 1 37 100
549 0 4 100
549 1 11 100
549 1 24 99
549 1 47 148
549 32 13 100
550 1 37 100
550 2 41 100
550 10 8 100
551 2 41 100
551 3 36 99
551 20 47 100
553 1 24 99
553 1 37 100
553 10 8 100
553 20 47 100
553 32 13 100
554 0 4 100
554 1 24 99
555 1 13 150
555 1 24 99
555 2 41 100
555 20 47 100
556 1 24 99
556 3 36 99
557 0 4 100
557 20 47 100
557 21 28 100
557 32 13 100
558 1 11 100
558 2 41 100
559 0 32 150
559 1 24 99
559 20 47 100
559 32 13 100
560 1 8 150
560 1 37 100
561 2 41 100
561 3 32 100
561 20 47 100
562 1 11 100
562 20 47 100
563 0 4 100
563 1 41 150
563 20 47 100
563 32 13 100
564 1 24 99
564 1 37 100
565 1 11 100
565 1 47 148
565 32 13 100
566 1 24 99
566 20 47 100
567 0 32 150
567 1 41 150
567 4 19 100
567 32 13 100
568 0 4 100
568 1 24 99
568 32 13 100
569 1 24 99
569 20 47 100
570 0 4 100
570 1 13 150
570 1 24 99
571 2 41 100
571 20 47 100
572 1 13 150
572 1 24 99
572 1 37 100
573 1 37 100
573 1 47 148
573 3 36 99
574 0 4 100
574 1 24 99
574 20 47 100
574 32 13 100
575 1 13 150
575 2 41 100
576 1 13 150
576 1 24 99
576 20 47 100
0 [50, 0, 4200, 150, 2500, 0, 1850, 0, 0, 750, 2400]
1 [0, 3300, 7100, 4950, 7986, 2250, 9050, 3225, 14250, 2220]
2 [33, 0, 0, 0, 0, 0, 75, 0, 10300, 0]
3 [0, 0, 1000, 0, 600, 4350, 1353, 450, 4800, 450]
4 [0, 0, 600, 0, 0, 0, 0, 0, 66]
5 [0, 0, 0, 0, 0, 1125, 0, 259, 0, 0]
6 [0, 0, 165, 0, 1200, 444, 0, 0, 198]
7 [0, 0, 0, 0, 198, 37, 0, 0, 0, 0, 0, 0, 0, 0, 0]
8 [0, 0, 0, 0, 0, 1350, 0, 400, 330, 0, 66, 0, 0, 0]
9 [0, 0, 0, 0, 300, 0, 200]
10 [0, 0, 5700, 0, 0, 0, 0, 0, 100, 0, 150, 0, 3000, 0]
11 [0, 0, 0, 0, 0, 0, 0, 0, 100, 0, 400, 0, 2425, 0, 0, 0, 0, 0]
12 [0, 0, 0, 518, 0, 0, 0, 0, 0, 0, 0, 0, 0, 0, 759, 0, 0, 0, 0]
13 [0, 0, 0, 0, 0, 0, 0, 0, 0, 0]
14 [0, 0, 0, 0, 1056, 0, 0, 0, 0, 0, 0, 0]
15 [594, 0, 0, 0, 0, 0, 0, 0, 150, 0, 550, 0, 0]
16 [0, 0, 0, 0, 0, 0, 0, 0, 0]
17 [0, 0, 0, 111, 0, 0, 0, 0, 0, 0, 0]
18 [0, 0, 0, 0, 0, 0, 0, 225, 0, 0]
19 [0, 0, 0, 0, 0, 0, 0, 0, 0, 0, 0, 0, 0]
20 [0, 0, 0, 0, 0, 0, 0, 0, 5350]
21 [0, 0, 0, 0, 0, 0, 1050, 0, 0, 0, 0, 0, 0, 0, 0]
22 [0, 0, 0, 0, 0, 0, 0, 0, 0, 0]
23 [0, 0, 0, 0, 0, 0, 0, 0, 0, 0, 0, 0, 0, 0, 0]
24 [0, 0, 0, 0, 0, 0, 0, 0, 0, 0, 0, 0, 0, 0, 0, 0, 0, 0]
25 [0, 0, 0, 0, 0, 0, 0, 0, 0, 0, 0, 0]
26 [0, 0, 0, 0, 0, 0, 0, 0, 0, 0, 0, 0, 0, 0, 0]
27 [0, 0, 0, 0, 0, 0, 0, 0, 0, 0, 0, 0, 0, 0]
28 [0, 0, 0, 0, 0, 0, 0, 0, 0, 0, 0, 0, 0]
29 [0, 0, 0, 0, 0, 0, 0, 0, 0, 0, 0, 0, 0, 0, 0]
30 [0, 0, 0, 0, 0, 0, 0, 0, 0, 0, 0, 0, 0, 0]
31 [0, 0, 0, 0, 0, 0, 0, 0]
32 [12500, 0, 0, 0, 0, 0, 0]
33 [0, 0, 0, 0, 0, 0, 0, 0, 0, 0, 0, 0, 0, 0]
34 [0, 0, 0, 0, 0, 0, 0, 0, 0, 0, 0]
35 [0, 0, 0, 0, 0, 0, 0, 0]
36 [0, 0, 0, 0, 0, 0, 0, 0, 0, 0, 0, 0, 0, 0, 0, 0, 0, 0]
37 [0, 0, 0, 0, 0, 0, 0, 0, 0, 0, 0, 0, 0, 0, 0]
38 [0, 0, 0, 0, 0, 0, 0, 0]
39 [0, 0, 0, 0, 0, 0, 0, 0, 0, 0, 0, 0, 0, 0, 0, 0]
40 [0, 0, 0, 0, 0, 0, 0, 0, 0, 0, 0, 0, 0]
41 [0, 0, 0, 0, 0, 0, 0, 0, 0, 0, 0, 0, 0, 0, 0, 0, 0, 0, 0, 0]
42 [0, 0, 0, 0, 0, 0, 0, 0, 0, 0, 0]
43 [0, 0, 0, 0, 0, 0, 0, 0, 0, 0, 0, 0, 0, 0, 0, 0]
44 [0, 0, 0, 0, 0, 0, 0, 0, 0, 0, 0, 0, 0, 0]
45 [0, 0, 0, 0, 0, 0, 0, 0, 0, 0, 0, 0, 0]
46 [0, 0, 0, 0, 0, 0, 0, 0, 0, 0, 0, 0, 0]
47 [0, 0, 0, 0, 0, 0, 0, 0, 0, 0]
48 [0, 0, 0, 0, 0, 0, 0, 0, 0, 0, 0, 0, 0, 0]
49 [0, 0, 0, 0, 0, 0, 0, 0, 0, 0]
